20170905;230000;172602N232;My Plant;+0100
[wr_def_start]
172602N232;Inverter Type;Inverter Group;72602N232      
[wr_def_end]
[wr]
INTERVAL;TIMESTAMP;SERIAL;P_AC;E_DAY;T_WR;U_AC;U_AC_1;U_AC_2;U_AC_3;I_AC;F_AC;U_DC_1;I_DC_1;U_DC_2;I_DC_2;U_DC_3;I_DC_3;S;E_WR;M_WR;I_AC_1;I_AC_2;I_AC_3;P_AC_1;P_AC_2;P_AC_3;F_AC_1;F_AC_2;F_AC_3;R_DC;PC;PCS;PCS_LL;COS_PHI;COS_PHI_LL;S_COS_PHI
600;2017-09-05 05:20:00;172602N232;0;0.000;0;0;0;0;0;0.000;0.19;0.8;0.000;0.8;0.000;0.0;0.000;50;0;0;0.000;0.000;0.000;0;0;0;0.19;0.19;0.19;21;1000;0.0;0;1.0000;0;0
600;2017-09-05 05:30:00;172602N232;0;0.000;24;222;223;225;220;0.000;49.99;227.6;0.000;228.6;0.000;0.0;0.000;50;0;0;0.000;0.000;0.000;0;0;0;49.99;49.99;49.99;0;1000;0.0;0;1.0000;0;0
600;2017-09-05 05:40:00;172602N232;0;0.000;26;222;223;224;218;0.000;49.99;231.3;0.000;232.2;0.000;0.0;0.000;50;0;0;0.000;0.000;0.000;0;0;0;49.99;49.99;49.99;0;1000;0.0;0;1.0000;0;0
600;2017-09-05 05:50:00;172602N232;0;0.000;27;222;223;226;217;0.006;49.99;271.2;0.000;270.9;0.000;0.0;0.000;60;0;0;0.006;0.008;0.005;0;0;0;49.99;49.99;49.99;2230;1000;0.0;0;1.0000;0;0
600;2017-09-05 06:00:00;172602N232;5;0.002;27;222;222;225;221;0.254;49.99;257.7;0.000;251.8;0.000;0.0;0.000;60;0;0;0.209;0.379;0.175;6;0;10;49.99;49.99;49.99;7103;1000;0.0;0;1.0000;0;0
600;2017-09-05 06:10:00;172602N232;8;0.006;28;222;220;224;222;0.293;50.04;265.5;0.001;257.1;0.002;0.0;0.000;60;0;0;0.213;0.503;0.165;11;0;9;50.04;50.04;50.04;7103;1000;0.0;0;1.0000;0;0
600;2017-09-05 06:20:00;172602N232;34;0.014;28;220;219;222;221;0.544;50.03;340.7;0.029;335.7;0.028;0.0;0.000;60;0;0;0.490;0.764;0.379;23;0;24;50.03;50.03;50.03;7103;1000;0.0;0;1.0000;0;0
600;2017-09-05 06:30:00;172602N232;63;0.019;29;223;223;222;224;0.687;50.00;371.1;0.066;382.0;0.059;0.0;0.000;60;0;0;0.647;0.628;0.788;21;31;13;50.00;50.00;50.00;7103;1000;0.0;0;1.0000;0;0
600;2017-09-05 06:40:00;172602N232;79;0.031;29;224;224;224;224;0.812;49.99;377.6;0.089;393.3;0.078;0.0;0.000;60;0;0;1.003;0.716;0.717;6;44;29;49.99;49.99;49.99;7103;1000;0.0;0;1.0000;0;0
600;2017-09-05 06:50:00;172602N232;144;0.056;29;224;224;225;224;0.927;49.98;390.3;0.170;406.1;0.153;0.0;0.000;60;0;0;0.939;1.082;0.760;43;44;54;49.98;49.98;49.98;7103;1000;0.0;0;1.0000;0;0
600;2017-09-05 07:00:00;172602N232;267;0.100;30;224;223;224;225;1.089;49.98;409.0;0.319;416.8;0.291;0.0;0.000;60;0;0;1.031;1.154;1.082;90;103;72;49.98;49.98;49.98;7103;1000;0.0;0;1.0000;0;0
600;2017-09-05 07:10:00;172602N232;323;0.154;30;224;223;225;225;1.102;50.00;417.7;0.395;417.0;0.348;0.0;0.000;60;0;0;1.071;1.175;1.060;107;114;101;50.00;50.00;50.00;7103;1000;0.0;0;1.0000;0;0
600;2017-09-05 07:20:00;172602N232;300;0.204;30;223;223;223;224;1.136;50.01;412.8;0.370;414.8;0.321;0.0;0.000;60;0;0;1.167;1.161;1.080;93;116;88;50.01;50.01;50.01;7103;1000;0.0;0;1.0000;0;0
600;2017-09-05 07:30:00;172602N232;339;0.261;31;224;224;224;224;1.169;49.99;402.9;0.429;414.2;0.373;0.0;0.000;60;0;0;1.165;1.184;1.158;97;121;119;49.99;49.99;49.99;7103;1000;0.0;0;1.0000;0;0
600;2017-09-05 07:40:00;172602N232;436;0.334;31;224;224;225;223;1.007;50.00;419.3;0.538;411.8;0.482;0.0;0.000;60;0;0;1.014;1.072;0.936;135;157;142;50.00;50.00;50.00;7103;1000;0.0;0;1.0000;0;0
600;2017-09-05 07:50:00;172602N232;501;0.417;31;225;224;226;224;0.791;49.99;423.9;0.642;414.7;0.530;0.0;0.000;60;0;0;0.732;0.835;0.807;152;177;170;49.99;49.99;49.99;7103;1000;0.0;0;1.0000;0;0
600;2017-09-05 08:00:00;172602N232;453;0.493;32;224;224;225;224;0.846;49.99;420.3;0.616;416.4;0.439;0.0;0.000;60;0;0;0.807;0.890;0.841;138;162;150;49.99;49.99;49.99;7103;1000;0.0;0;1.0000;0;0
600;2017-09-05 08:10:00;172602N232;340;0.550;32;224;224;223;226;1.192;50.02;418.1;0.472;420.6;0.305;0.0;0.000;60;0;0;1.049;1.247;1.281;106;135;96;50.02;50.02;50.02;7103;1000;0.0;0;1.0000;0;0
600;2017-09-05 08:20:00;172602N232;507;0.634;33;224;225;222;227;1.059;50.00;426.2;0.675;424.4;0.491;0.0;0.000;60;0;0;1.033;1.063;1.083;163;180;162;50.00;50.00;50.00;7103;1000;0.0;0;1.0000;0;0
600;2017-09-05 08:30:00;172602N232;855;0.778;33;226;226;225;225;1.347;50.00;450.5;1.139;427.4;0.781;0.0;0.000;60;0;0;1.352;1.344;1.346;277;289;288;50.00;50.00;50.00;7103;1000;0.0;0;1.0000;0;0
600;2017-09-05 08:40:00;172602N232;927;0.932;34;225;225;226;224;1.409;50.01;434.0;1.323;429.9;0.807;0.0;0.000;60;0;0;1.360;1.446;1.423;296;319;310;50.01;50.01;50.01;7103;1000;0.0;0;1.0000;0;0
600;2017-09-05 08:50:00;172602N232;836;1.071;34;225;225;226;224;1.282;50.01;420.7;1.258;386.4;0.782;0.0;0.000;60;0;0;1.231;1.322;1.295;265;289;280;50.01;50.01;50.01;7103;1000;0.0;0;1.0000;0;0
600;2017-09-05 09:00:00;172602N232;956;1.231;34;226;225;228;224;1.461;50.02;411.1;1.670;421.0;0.643;0.0;0.000;60;0;0;1.408;1.506;1.470;304;332;318;50.02;50.02;50.02;7103;1000;0.0;0;1.0000;0;0
600;2017-09-05 09:10:00;172602N232;1522;1.485;35;225;226;228;222;2.280;50.01;412.1;2.945;450.9;0.686;0.0;0.000;60;0;0;2.231;2.346;2.264;494;529;497;50.01;50.01;50.01;7103;1000;0.0;0;1.0000;0;0
600;2017-09-05 09:20:00;172602N232;1955;1.810;35;226;226;228;224;2.897;50.00;406.3;3.632;457.1;1.065;0.0;0.000;60;0;0;2.844;2.962;2.886;638;672;643;50.00;50.00;50.00;7103;1000;0.0;0;1.0000;0;0
600;2017-09-05 09:30:00;172602N232;1812;2.112;36;226;225;229;225;2.686;50.01;398.5;3.382;452.2;1.038;0.0;0.000;60;0;0;2.620;2.750;2.688;586;624;600;50.01;50.01;50.01;7103;1000;0.0;0;1.0000;0;0
600;2017-09-05 09:40:00;172602N232;2078;2.460;36;226;225;228;225;3.079;49.99;395.9;3.971;428.7;1.212;0.0;0.000;60;0;0;3.016;3.149;3.072;675;714;687;49.99;49.99;49.99;7103;1000;0.0;0;1.0000;0;0
600;2017-09-05 09:50:00;172602N232;1810;2.762;36;226;225;227;225;2.688;50.01;393.7;3.502;406.2;1.090;0.0;0.000;60;0;0;2.632;2.735;2.697;588;616;604;50.01;50.01;50.01;7103;1000;0.0;0;1.0000;0;0
600;2017-09-05 10:00:00;172602N232;1964;3.088;37;226;226;227;225;2.912;50.00;392.2;3.865;446.1;1.027;0.0;0.000;60;0;0;2.865;2.959;2.913;643;668;652;50.00;50.00;50.00;7103;1000;0.0;0;1.0000;0;0
600;2017-09-05 10:10:00;172602N232;1652;3.364;37;225;225;226;225;2.461;50.01;392.8;3.096;443.9;0.993;0.0;0.000;60;0;0;2.409;2.497;2.478;538;559;553;50.01;50.01;50.01;7103;1000;0.0;0;1.0000;0;0
600;2017-09-05 10:20:00;172602N232;1921;3.684;38;226;226;227;225;2.849;50.00;395.3;3.415;445.0;1.305;0.0;0.000;60;0;0;2.792;2.901;2.855;626;654;639;50.00;50.00;50.00;7103;1000;0.0;0;1.0000;0;0
600;2017-09-05 10:30:00;172602N232;2214;4.053;38;226;226;228;224;3.280;50.01;394.7;3.971;450.4;1.470;0.0;0.000;60;0;0;3.215;3.354;3.271;721;761;730;50.01;50.01;50.01;7103;1000;0.0;0;1.0000;0;0
600;2017-09-05 10:40:00;172602N232;2170;4.416;38;226;226;228;224;3.220;50.00;390.6;3.515;435.2;1.870;0.0;0.000;60;0;0;3.167;3.292;3.203;710;745;713;50.00;50.00;50.00;7103;1000;0.0;0;1.0000;0;0
600;2017-09-05 10:50:00;172602N232;1853;4.725;38;225;224;226;224;2.762;49.99;395.6;2.714;421.0;1.877;0.0;0.000;60;0;0;2.699;2.823;2.766;601;634;616;49.99;49.99;49.99;7103;1000;0.0;0;1.0000;0;0
600;2017-09-05 11:00:00;172602N232;1823;5.027;39;225;224;227;225;2.713;50.00;397.8;2.585;396.9;2.049;0.0;0.000;60;0;0;2.650;2.767;2.723;590;622;608;50.00;50.00;50.00;7103;1000;0.0;0;1.0000;0;0
600;2017-09-05 11:10:00;172602N232;1793;5.328;39;226;225;227;225;2.660;49.99;401.5;2.466;401.7;2.036;0.0;0.000;60;0;0;2.602;2.718;2.662;582;613;595;49.99;49.99;49.99;7103;1000;0.0;0;1.0000;0;0
600;2017-09-05 11:20:00;172602N232;1566;5.588;39;226;225;228;225;2.326;50.00;403.8;2.132;402.8;1.775;0.0;0.000;60;0;0;2.270;2.383;2.327;507;538;519;50.00;50.00;50.00;7103;1000;0.0;0;1.0000;0;0
600;2017-09-05 11:30:00;172602N232;1347;5.813;39;225;225;225;225;2.011;49.99;408.3;1.756;407.5;1.555;0.0;0.000;60;0;0;1.966;2.040;2.027;438;455;452;49.99;49.99;49.99;7103;1000;0.0;0;1.0000;0;0
600;2017-09-05 11:40:00;172602N232;1250;6.021;39;225;225;224;225;1.930;50.00;410.4;1.599;408.7;1.456;0.0;0.000;60;0;0;1.893;1.943;1.956;405;422;421;50.00;50.00;50.00;7103;1000;0.0;0;1.0000;0;0
600;2017-09-05 11:50:00;172602N232;1179;6.218;39;224;225;223;224;1.852;49.99;411.4;1.496;410.4;1.372;0.0;0.000;60;0;0;1.845;1.845;1.867;387;394;396;49.99;49.99;49.99;7103;1000;0.0;0;1.0000;0;0
600;2017-09-05 12:00:00;172602N232;1204;6.419;39;224;225;225;223;1.897;50.01;413.2;1.516;409.2;1.412;0.0;0.000;60;0;0;1.869;1.921;1.903;387;412;403;50.01;50.01;50.01;7103;1000;0.0;0;1.0000;0;0
600;2017-09-05 12:10:00;172602N232;1398;6.652;39;224;225;225;223;2.119;50.01;413.7;1.746;416.5;1.629;0.0;0.000;60;0;0;2.080;2.158;2.120;455;477;463;50.01;50.01;50.01;7103;1000;0.0;0;1.0000;0;0
600;2017-09-05 12:20:00;172602N232;1372;6.881;39;224;222;226;223;2.079;49.99;410.2;1.752;408.6;1.606;0.0;0.000;60;0;0;2.013;2.141;2.083;439;473;457;49.99;49.99;49.99;7103;1000;0.0;0;1.0000;0;0
600;2017-09-05 12:30:00;172602N232;1193;7.080;39;224;224;226;223;1.845;50.00;413.1;1.511;410.6;1.385;0.0;0.000;60;0;0;1.811;1.879;1.846;385;410;396;50.00;50.00;50.00;7103;1000;0.0;0;1.0000;0;0
600;2017-09-05 12:40:00;172602N232;1235;7.286;39;225;224;227;223;1.942;49.99;414.3;1.543;410.3;1.452;0.0;0.000;60;0;0;1.896;1.995;1.937;393;429;411;49.99;49.99;49.99;7103;1000;0.0;0;1.0000;0;0
600;2017-09-05 12:50:00;172602N232;1278;7.499;39;225;223;228;223;1.955;49.99;416.5;1.579;415.7;1.494;0.0;0.000;60;0;0;1.894;2.028;1.943;409;444;423;49.99;49.99;49.99;7103;1000;0.0;0;1.0000;0;0
600;2017-09-05 13:00:00;172602N232;1456;7.742;39;225;224;227;224;2.172;50.00;415.4;1.797;417.1;1.711;0.0;0.000;60;0;0;2.109;2.228;2.180;469;502;484;50.00;50.00;50.00;7103;1000;0.0;0;1.0000;0;0
600;2017-09-05 13:10:00;172602N232;1738;8.032;39;225;224;228;224;2.586;50.00;412.2;2.169;416.2;2.050;0.0;0.000;60;0;0;2.515;2.662;2.582;560;602;573;50.00;50.00;50.00;7103;1000;0.0;0;1.0000;0;0
600;2017-09-05 13:20:00;172602N232;2667;8.476;39;226;225;230;224;3.943;49.97;401.7;3.407;406.3;3.266;0.0;0.000;60;0;0;3.883;4.033;3.913;870;922;873;49.97;49.97;49.97;7103;1000;0.0;0;1.0000;0;0
600;2017-09-05 13:30:00;172602N232;2609;8.912;39;226;225;230;225;3.853;50.00;397.5;3.383;402.1;3.219;0.0;0.000;60;0;0;3.785;3.944;3.830;848;903;856;50.00;50.00;50.00;7103;1000;0.0;0;1.0000;0;0
600;2017-09-05 13:40:00;172602N232;3425;9.483;40;228;226;231;225;5.028;49.99;390.1;4.510;391.8;4.378;0.0;0.000;60;0;0;4.961;5.145;4.979;1119;1186;1118;49.99;49.99;49.99;7103;1000;0.0;0;1.0000;0;0
600;2017-09-05 13:50:00;172602N232;2330;9.871;40;226;225;230;225;3.442;49.98;394.3;3.046;396.2;2.910;0.0;0.000;60;0;0;3.381;3.521;3.425;757;805;766;49.98;49.98;49.98;7103;1000;0.0;0;1.0000;0;0
600;2017-09-05 14:00:00;172602N232;2186;10.235;41;227;224;230;225;3.230;50.00;400.1;2.802;399.2;2.715;0.0;0.000;60;0;0;3.146;3.312;3.233;702;758;724;50.00;50.00;50.00;7103;1000;0.0;0;1.0000;0;0
600;2017-09-05 14:10:00;172602N232;2203;10.602;41;227;226;230;225;3.253;50.01;401.9;2.811;400.9;2.728;0.0;0.000;60;0;0;3.189;3.334;3.238;716;761;724;50.01;50.01;50.01;7103;1000;0.0;0;1.0000;0;0
600;2017-09-05 14:20:00;172602N232;3386;11.168;41;228;228;232;225;4.952;50.01;390.3;4.442;389.5;4.364;0.0;0.000;60;0;0;4.889;5.083;4.886;1110;1177;1097;50.01;50.01;50.01;7103;1000;0.0;0;1.0000;0;0
600;2017-09-05 14:30:00;172602N232;2219;11.537;41;227;227;230;226;3.267;50.01;396.3;2.871;393.5;2.802;0.0;0.000;60;0;0;3.203;3.339;3.260;722;764;732;50.01;50.01;50.01;7103;1000;0.0;0;1.0000;0;0
600;2017-09-05 14:40:00;172602N232;2513;11.956;41;228;227;231;226;3.688;50.00;398.4;3.216;392.8;3.208;0.0;0.000;60;0;0;3.628;3.762;3.674;820;863;827;50.00;50.00;50.00;7103;1000;0.0;0;1.0000;0;0
600;2017-09-05 14:50:00;172602N232;3062;12.468;41;229;227;232;227;4.478;50.00;387.5;4.033;387.1;3.973;0.0;0.000;60;0;0;4.408;4.581;4.447;998;1059;1003;50.00;50.00;50.00;7103;1000;0.0;0;1.0000;0;0
600;2017-09-05 15:00:00;172602N232;1473;12.713;42;227;227;230;226;2.195;50.00;395.1;1.913;394.2;1.843;0.0;0.000;60;0;0;2.139;2.248;2.200;475;508;489;50.00;50.00;50.00;7103;1000;0.0;0;1.0000;0;0
600;2017-09-05 15:10:00;172602N232;2069;13.058;42;228;228;229;227;3.044;50.01;400.0;2.629;395.7;2.617;0.0;0.000;60;0;0;2.993;3.095;3.046;677;705;685;50.01;50.01;50.01;7103;1000;0.0;0;1.0000;0;0
600;2017-09-05 15:20:00;172602N232;2475;13.470;42;228;228;231;226;3.638;50.00;397.1;3.177;393.7;3.152;0.0;0.000;60;0;0;3.581;3.716;3.619;809;851;813;50.00;50.00;50.00;7103;1000;0.0;0;1.0000;0;0
600;2017-09-05 15:30:00;172602N232;2102;13.821;42;228;228;230;226;3.096;50.00;397.4;2.691;392.6;2.677;0.0;0.000;60;0;0;3.052;3.166;3.072;690;723;688;50.00;50.00;50.00;7103;1000;0.0;0;1.0000;0;0
600;2017-09-05 15:40:00;172602N232;1544;14.078;42;228;227;229;226;2.281;50.00;404.0;1.936;396.9;1.939;0.0;0.000;60;0;0;2.227;2.334;2.282;501;529;511;50.00;50.00;50.00;7103;1000;0.0;0;1.0000;0;0
600;2017-09-05 15:50:00;172602N232;1925;14.400;42;228;226;231;226;2.839;49.99;404.4;2.410;398.5;2.423;0.0;0.000;60;0;0;2.764;2.916;2.838;619;668;636;49.99;49.99;49.99;7103;1000;0.0;0;1.0000;0;0
600;2017-09-05 16:00:00;172602N232;2343;14.790;42;226;228;233;217;3.476;49.99;405.2;2.893;394.0;3.021;0.0;0.000;60;0;0;3.428;3.658;3.343;773;848;720;49.99;49.99;49.99;7103;1000;0.0;0;1.0000;0;0
600;2017-09-05 16:10:00;172602N232;1324;15.011;42;225;228;231;216;2.004;49.99;402.4;1.643;396.1;1.682;0.0;0.000;60;0;0;1.969;2.113;1.930;436;479;407;49.99;49.99;49.99;7103;1000;0.0;0;1.0000;0;0
600;2017-09-05 16:20:00;172602N232;2340;15.401;42;226;230;234;214;3.464;50.00;387.9;3.109;400.8;2.900;0.0;0.000;60;0;0;3.455;3.663;3.276;789;851;698;50.00;50.00;50.00;7103;1000;0.0;0;1.0000;0;0
600;2017-09-05 16:30:00;172602N232;2243;15.775;42;226;231;232;214;3.327;49.99;382.1;3.121;377.1;2.862;0.0;0.000;60;0;0;3.329;3.498;3.155;761;808;672;49.99;49.99;49.99;7103;1000;0.0;0;1.0000;0;0
600;2017-09-05 16:40:00;172602N232;1286;15.990;42;225;229;231;215;1.947;49.99;383.5;1.821;374.1;1.594;0.0;0.000;60;0;0;1.925;2.050;1.867;427;465;392;49.99;49.99;49.99;7103;1000;0.0;0;1.0000;0;0
600;2017-09-05 16:50:00;172602N232;599;16.089;42;224;227;229;217;1.081;49.98;382.8;0.826;397.5;0.701;0.0;0.000;60;0;0;1.059;1.136;1.050;193;216;188;49.98;49.98;49.98;7103;1000;0.0;0;1.0000;0;0
600;2017-09-05 17:00:00;172602N232;450;16.165;41;225;225;226;223;0.778;49.97;389.0;0.568;395.1;0.557;0.0;0.000;60;0;0;0.733;0.821;0.782;137;161;150;49.97;49.97;49.97;7103;1000;0.0;0;1.0000;0;0
600;2017-09-05 17:10:00;172602N232;484;16.246;41;225;226;227;223;0.924;50.00;395.0;0.598;399.3;0.598;0.0;0.000;60;0;0;0.911;0.941;0.920;153;170;158;50.00;50.00;50.00;7103;1000;0.0;0;1.0000;0;0
600;2017-09-05 17:20:00;172602N232;507;16.330;41;226;225;228;223;0.860;50.02;392.8;0.634;403.4;0.618;0.0;0.000;60;0;0;0.808;0.913;0.859;156;181;168;50.02;50.02;50.02;7103;1000;0.0;0;1.0000;0;0
600;2017-09-05 17:30:00;172602N232;538;16.420;41;225;226;228;222;0.871;49.99;396.7;0.665;402.5;0.661;0.0;0.000;60;0;0;0.821;0.924;0.868;167;192;178;49.99;49.99;49.99;7103;1000;0.0;0;1.0000;0;0
600;2017-09-05 17:40:00;172602N232;494;16.502;41;226;227;228;222;0.778;49.98;392.6;0.622;406.2;0.592;0.0;0.000;60;0;0;0.726;0.831;0.777;152;177;163;49.98;49.98;49.98;7103;1000;0.0;0;1.0000;0;0
600;2017-09-05 17:50:00;172602N232;458;16.579;41;226;225;229;223;0.845;49.98;390.0;0.581;403.9;0.550;0.0;0.000;60;0;0;0.797;0.901;0.839;140;165;152;49.98;49.98;49.98;7103;1000;0.0;0;1.0000;0;0
600;2017-09-05 18:00:00;172602N232;361;16.640;40;226;225;227;224;0.959;49.98;388.9;0.450;398.7;0.435;0.0;0.000;60;0;0;0.950;1.049;0.879;106;126;126;49.98;49.98;49.98;7103;1000;0.0;0;1.0000;0;0
600;2017-09-05 18:10:00;172602N232;190;16.671;40;226;225;228;224;1.024;50.01;375.5;0.237;389.1;0.222;0.0;0.000;60;0;0;0.904;1.361;0.808;55;45;88;50.01;50.01;50.01;7103;1000;0.0;0;1.0000;0;0
600;2017-09-05 18:20:00;172602N232;87;16.686;40;226;225;229;225;0.934;50.00;356.2;0.106;373.9;0.097;0.0;0.000;60;0;0;0.725;1.354;0.724;37;0;59;50.00;50.00;50.00;7103;1000;0.0;0;1.0000;0;0
600;2017-09-05 18:30:00;172602N232;62;16.696;39;227;226;228;226;0.794;49.99;345.1;0.072;360.3;0.066;0.0;0.000;60;0;0;0.645;1.147;0.592;28;0;44;49.99;49.99;49.99;7103;1000;0.0;0;1.0000;0;0
600;2017-09-05 18:40:00;172602N232;11;16.699;39;226;225;228;224;0.308;49.98;272.6;0.007;267.3;0.008;0.0;0.000;60;0;0;0.248;0.468;0.208;8;0;13;49.98;49.98;49.98;7103;1000;0.0;0;1.0000;0;0
600;2017-09-05 18:50:00;172602N232;0;16.699;38;226;226;228;224;0.029;49.98;262.4;0.000;262.0;0.000;0.0;0.000;51;0;0;0.022;0.046;0.021;0;0;1;49.98;49.98;49.98;7677;1000;0.0;0;1.0000;0;0
600;2017-09-05 19:00:00;172602N232;0;16.699;37;226;225;227;225;0.000;49.98;278.9;0.000;277.8;0.000;0.0;0.000;50;0;0;0.001;0.000;0.000;0;0;0;49.98;49.98;49.98;11654;1000;0.0;0;1.0000;0;0
600;2017-09-05 19:10:00;172602N232;0;16.699;36;226;224;229;224;0.000;50.00;240.9;0.000;241.8;0.000;0.0;0.000;50;0;0;0.000;0.000;0.000;0;0;0;50.00;50.00;50.00;11654;1000;0.0;0;1.0000;0;0
600;2017-09-05 19:20:00;172602N232;0;16.699;36;226;224;228;225;0.000;50.00;229.2;0.000;230.2;0.000;0.0;0.000;50;0;0;0.000;0.000;0.000;0;0;0;50.00;50.00;50.00;11654;1000;0.0;0;1.0000;0;0
600;2017-09-05 19:30:00;172602N232;0;16.699;35;227;225;229;225;0.000;50.01;234.9;0.000;235.8;0.000;0.0;0.000;50;0;0;0.000;0.000;0.000;0;0;0;50.01;50.01;50.01;11654;1000;0.0;0;1.0000;0;0
[wr_ende]
