20120918;230003;172602N232;My Plant;+0100
[wr_def_start]
172602N232;Inverter Type;Inverter Group;72602N232      
[wr_def_end]
[wr]
INTERVAL;TIMESTAMP;SERIAL;P_AC;E_DAY;T_WR;U_AC;U_AC_1;U_AC_2;U_AC_3;I_AC;F_AC;U_DC_1;I_DC_1;U_DC_2;I_DC_2;U_DC_3;I_DC_3;S;E_WR;M_WR;I_AC_1;I_AC_2;I_AC_3;P_AC_1;P_AC_2;P_AC_3;F_AC_1;F_AC_2;F_AC_3;R_DC;PC;PCS;PCS_LL;COS_PHI;COS_PHI_LL;S_COS_PHI
600;2012-09-18 06:40:00;172602N232;0;0.000;0;2;2;2;2;0.000;0.68;2.9;0.000;2.9;0.000;0.0;0.000;50;0;0;0.000;0.000;0.000;0;0;0;0.68;0.68;0.68;46;1000;0.0;0;1.0000;0;0
600;2012-09-18 06:50:00;172602N232;0;0.000;24;222;224;224;219;0.000;49.99;227.7;0.000;228.6;0.000;0.0;0.000;50;0;0;0.000;0.000;0.000;0;0;0;49.99;49.99;49.99;0;1000;0.0;0;1.0000;0;0
600;2012-09-18 07:00:00;172602N232;0;0.000;26;223;224;225;219;0.000;49.99;231.7;0.000;232.7;0.000;0.0;0.000;50;0;0;0.000;0.000;0.000;0;0;0;49.99;49.99;49.99;0;1000;0.0;0;1.0000;0;0
600;2012-09-18 07:10:00;172602N232;0;0.000;27;222;223;223;219;0.026;49.99;274.5;0.000;274.0;0.000;0.0;0.000;60;0;0;0.033;0.026;0.021;0;0;1;49.99;49.99;49.99;2142;1000;0.0;0;1.0000;0;0
600;2012-09-18 07:20:00;172602N232;11;0.004;27;220;221;221;218;0.287;49.98;272.4;0.004;282.5;0.005;0.0;0.000;60;0;0;0.400;0.238;0.225;0;12;14;49.98;49.98;49.98;4654;1000;0.0;0;1.0000;0;0
600;2012-09-18 07:30:00;172602N232;31;0.012;28;220;221;221;219;0.461;49.98;333.7;0.025;340.6;0.026;0.0;0.000;60;0;0;0.609;0.419;0.356;0;25;23;49.98;49.98;49.98;4654;1000;0.0;0;1.0000;0;0
600;2012-09-18 07:40:00;172602N232;64;0.025;28;220;222;222;218;0.734;49.99;366.8;0.068;371.4;0.067;0.0;0.000;60;0;0;1.016;0.658;0.530;0;34;40;49.99;49.99;49.99;4654;1000;0.0;0;1.0000;0;0
600;2012-09-18 07:50:00;172602N232;203;0.053;29;221;222;221;220;1.067;49.99;401.2;0.240;405.6;0.228;0.0;0.000;60;0;0;1.376;0.972;0.854;40;87;74;49.99;49.99;49.99;4654;1000;0.0;0;1.0000;0;0
600;2012-09-18 08:00:00;172602N232;69;0.063;29;220;221;221;220;0.581;50.01;330.4;0.079;332.8;0.069;0.0;0.000;60;0;0;0.697;0.602;0.444;10;30;33;50.01;50.01;50.01;4654;1000;0.0;0;1.0000;0;0
600;2012-09-18 08:10:00;172602N232;14;0.067;30;221;221;222;220;0.295;50.01;276.9;0.007;285.8;0.009;0.0;0.000;60;0;0;0.359;0.302;0.226;1;9;14;50.01;50.01;50.01;4654;1000;0.0;0;1.0000;0;0
600;2012-09-18 08:20:00;172602N232;102;0.082;31;224;224;225;222;0.837;49.99;380.0;0.115;384.7;0.113;0.0;0.000;60;0;0;0.939;0.911;0.662;11;37;56;49.99;49.99;49.99;4654;1000;0.0;0;1.0000;0;0
600;2012-09-18 08:30:00;172602N232;164;0.110;31;224;224;225;223;0.990;49.98;401.3;0.191;400.2;0.183;0.0;0.000;60;0;0;1.191;1.007;0.772;34;68;59;49.98;49.98;49.98;4654;1000;0.0;0;1.0000;0;0
600;2012-09-18 08:40:00;172602N232;259;0.153;32;223;224;224;222;1.109;49.99;408.9;0.312;408.6;0.290;0.0;0.000;60;0;0;1.258;1.160;0.910;67;96;94;49.99;49.99;49.99;4654;1000;0.0;0;1.0000;0;0
600;2012-09-18 08:50:00;172602N232;314;0.206;32;224;223;225;223;1.092;49.99;426.3;0.379;423.9;0.326;0.0;0.000;60;0;0;1.154;1.165;0.957;94;113;106;49.99;49.99;49.99;4654;1000;0.0;0;1.0000;0;0
600;2012-09-18 09:00:00;172602N232;261;0.249;33;225;224;226;223;1.136;50.00;443.4;0.306;444.3;0.243;0.0;0.000;60;0;0;1.114;1.322;0.974;59;97;103;50.00;50.00;50.00;4654;1000;0.0;0;1.0000;0;0
600;2012-09-18 09:10:00;172602N232;492;0.332;33;226;226;227;224;1.113;49.99;447.6;0.567;454.0;0.489;0.0;0.000;60;0;0;1.156;1.131;1.053;156;168;166;49.99;49.99;49.99;4654;1000;0.0;0;1.0000;0;0
600;2012-09-18 09:20:00;172602N232;363;0.392;34;225;223;227;223;1.183;50.00;453.1;0.399;463.5;0.359;0.0;0.000;60;0;0;1.163;1.353;1.033;119;116;126;50.00;50.00;50.00;4654;1000;0.0;0;1.0000;0;0
600;2012-09-18 09:30:00;172602N232;427;0.464;34;224;224;225;224;0.991;49.98;453.9;0.444;455.4;0.463;0.0;0.000;60;0;0;0.974;1.038;0.962;132;154;138;49.98;49.98;49.98;4654;1000;0.0;0;1.0000;0;0
600;2012-09-18 09:40:00;172602N232;407;0.533;34;225;225;226;225;1.002;49.99;441.8;0.469;431.2;0.436;0.0;0.000;60;0;0;0.979;1.059;0.970;121;146;137;49.99;49.99;49.99;4654;1000;0.0;0;1.0000;0;0
600;2012-09-18 09:50:00;172602N232;486;0.613;35;225;224;227;224;0.869;50.00;439.1;0.541;455.8;0.516;0.0;0.000;60;0;0;0.813;0.920;0.874;145;172;167;50.00;50.00;50.00;4654;1000;0.0;0;1.0000;0;0
600;2012-09-18 10:00:00;172602N232;1040;0.786;35;224;224;226;222;1.589;50.02;433.8;1.177;449.5;1.172;0.0;0.000;60;0;0;1.538;1.633;1.596;333;359;346;50.02;50.02;50.02;4654;1000;0.0;0;1.0000;0;0
600;2012-09-18 10:10:00;172602N232;355;0.846;35;224;224;224;222;0.981;49.99;391.7;0.437;388.1;0.428;0.0;0.000;60;0;0;1.105;0.968;0.872;97;130;127;49.99;49.99;49.99;4654;1000;0.0;0;1.0000;0;0
600;2012-09-18 10:20:00;172602N232;994;1.011;36;224;224;226;223;1.604;49.98;420.4;1.161;438.5;1.125;0.0;0.000;60;0;0;1.563;1.645;1.604;319;341;332;49.98;49.98;49.98;4654;1000;0.0;0;1.0000;0;0
600;2012-09-18 10:30:00;172602N232;925;1.166;36;225;224;227;224;1.423;49.98;426.7;1.071;446.6;1.030;0.0;0.000;60;0;0;1.373;1.464;1.432;294;320;309;49.98;49.98;49.98;4654;1000;0.0;0;1.0000;0;0
600;2012-09-18 10:40:00;172602N232;1330;1.388;36;225;225;226;224;2.018;49.99;425.7;1.618;430.3;1.491;0.0;0.000;60;0;0;1.973;2.054;2.027;431;455;442;49.99;49.99;49.99;4654;1000;0.0;0;1.0000;0;0
600;2012-09-18 10:50:00;172602N232;482;1.468;37;225;225;227;224;1.059;50.00;417.0;0.594;420.5;0.521;0.0;0.000;60;0;0;1.046;1.152;0.981;147;170;164;50.00;50.00;50.00;4654;1000;0.0;0;1.0000;0;0
600;2012-09-18 11:00:00;172602N232;430;1.540;37;225;225;227;224;1.165;50.00;424.5;0.510;421.5;0.469;0.0;0.000;60;0;0;1.175;1.268;1.053;133;155;140;50.00;50.00;50.00;4654;1000;0.0;0;1.0000;0;0
600;2012-09-18 11:10:00;172602N232;1074;1.720;37;225;226;227;223;1.713;49.99;430.5;1.312;426.1;1.181;0.0;0.000;60;0;0;1.726;1.732;1.682;350;368;353;49.99;49.99;49.99;4654;1000;0.0;0;1.0000;0;0
600;2012-09-18 11:20:00;172602N232;1330;1.942;37;225;225;227;224;2.025;49.99;424.3;1.684;425.4;1.453;0.0;0.000;60;0;0;1.988;2.052;2.035;431;454;442;49.99;49.99;49.99;4654;1000;0.0;0;1.0000;0;0
600;2012-09-18 11:30:00;172602N232;693;2.056;38;225;224;227;223;1.078;49.99;449.1;0.861;425.3;0.697;0.0;0.000;60;0;0;1.032;1.115;1.087;218;241;232;49.99;49.99;49.99;4654;1000;0.0;0;1.0000;0;0
600;2012-09-18 11:40:00;172602N232;565;2.151;38;225;224;226;224;1.060;49.99;400.7;0.857;416.8;0.567;0.0;0.000;60;0;0;1.029;1.113;1.040;176;198;190;49.99;49.99;49.99;4654;1000;0.0;0;1.0000;0;0
600;2012-09-18 11:50:00;172602N232;972;2.313;38;226;225;227;225;1.588;49.99;425.5;1.256;423.1;0.988;0.0;0.000;60;0;0;1.543;1.630;1.591;310;336;324;49.99;49.99;49.99;4654;1000;0.0;0;1.0000;0;0
600;2012-09-18 12:00:00;172602N232;907;2.464;38;226;227;228;225;1.407;50.00;390.7;1.605;415.4;0.757;0.0;0.000;60;0;0;1.380;1.437;1.406;292;311;301;50.00;50.00;50.00;4654;1000;0.0;0;1.0000;0;0
600;2012-09-18 12:10:00;172602N232;1074;2.644;38;226;226;227;224;1.643;50.01;412.4;1.562;422.4;1.005;0.0;0.000;60;0;0;1.610;1.674;1.645;347;371;356;50.01;50.01;50.01;4654;1000;0.0;0;1.0000;0;0
600;2012-09-18 12:20:00;172602N232;1583;2.908;38;222;222;224;220;2.411;50.02;410.3;2.401;426.6;1.412;0.0;0.000;60;0;0;2.360;2.467;2.408;515;546;522;50.02;50.02;50.02;4654;1000;0.0;0;1.0000;0;0
600;2012-09-18 12:30:00;172602N232;592;3.008;39;221;220;223;219;1.292;50.01;400.8;0.825;405.1;0.614;0.0;0.000;60;0;0;1.244;1.378;1.255;177;200;212;50.01;50.01;50.01;4654;1000;0.0;0;1.0000;0;0
600;2012-09-18 12:40:00;172602N232;871;3.153;39;223;223;225;222;1.574;50.01;413.5;1.130;419.2;0.941;0.0;0.000;60;0;0;1.515;1.655;1.552;278;305;285;50.01;50.01;50.01;4654;1000;0.0;0;1.0000;0;0
600;2012-09-18 12:50:00;172602N232;745;3.278;39;224;224;226;222;1.420;50.01;410.3;0.931;414.2;0.839;0.0;0.000;60;0;0;1.439;1.416;1.407;237;256;251;50.01;50.01;50.01;4654;1000;0.0;0;1.0000;0;0
600;2012-09-18 13:00:00;172602N232;350;3.336;39;224;223;225;223;1.123;49.99;406.7;0.424;404.8;0.412;0.0;0.000;60;0;0;1.194;1.132;1.044;112;117;119;49.99;49.99;49.99;4654;1000;0.0;0;1.0000;0;0
600;2012-09-18 13:10:00;172602N232;491;3.418;39;223;223;224;221;0.785;49.98;415.3;0.589;412.3;0.579;0.0;0.000;60;0;0;0.733;0.825;0.797;151;173;165;49.98;49.98;49.98;4654;1000;0.0;0;1.0000;0;0
600;2012-09-18 13:20:00;172602N232;636;3.523;39;222;222;223;222;1.020;50.00;407.4;0.778;416.0;0.751;0.0;0.000;60;0;0;0.985;1.055;1.022;198;222;214;50.00;50.00;50.00;4654;1000;0.0;0;1.0000;0;0
600;2012-09-18 13:30:00;172602N232;710;3.642;39;222;223;223;221;1.134;50.00;422.9;0.851;417.4;0.823;0.0;0.000;60;0;0;1.106;1.161;1.136;226;245;237;50.00;50.00;50.00;4654;1000;0.0;0;1.0000;0;0
600;2012-09-18 13:40:00;172602N232;848;3.784;39;223;225;223;220;1.337;50.00;413.5;1.031;417.5;1.003;0.0;0.000;60;0;0;1.327;1.356;1.330;277;290;280;50.00;50.00;50.00;4654;1000;0.0;0;1.0000;0;0
600;2012-09-18 13:50:00;172602N232;998;3.950;39;223;224;225;221;1.525;50.00;412.6;1.215;419.4;1.177;0.0;0.000;60;0;0;1.479;1.566;1.530;321;345;330;50.00;50.00;50.00;4654;1000;0.0;0;1.0000;0;0
600;2012-09-18 14:00:00;172602N232;2842;4.423;39;225;225;227;223;4.222;50.00;421.3;3.019;382.3;4.284;0.0;0.000;60;0;0;4.162;4.292;4.213;932;969;938;50.00;50.00;50.00;4654;1000;0.0;0;1.0000;0;0
600;2012-09-18 14:10:00;172602N232;2278;4.804;39;225;225;227;223;3.392;49.99;373.2;2.938;325.8;3.931;0.0;0.000;60;0;0;3.347;3.447;3.384;748;777;751;49.99;49.99;49.99;4654;1000;0.0;0;1.0000;0;0
600;2012-09-18 14:20:00;172602N232;2032;5.143;40;225;226;227;223;3.036;49.99;345.3;3.421;297.9;3.162;0.0;0.000;60;0;0;3.002;3.088;3.019;669;695;667;49.99;49.99;49.99;4654;1000;0.0;0;1.0000;0;0
600;2012-09-18 14:30:00;172602N232;2360;5.537;40;226;226;227;224;3.510;50.00;321.3;4.922;265.3;3.140;0.0;0.000;60;0;0;3.468;3.563;3.499;778;803;778;50.00;50.00;50.00;4654;1000;0.0;0;1.0000;0;0
600;2012-09-18 14:40:00;172602N232;2296;5.919;41;226;226;229;224;3.403;49.99;352.6;4.944;271.4;2.194;0.0;0.000;60;0;0;3.360;3.466;3.383;755;786;753;49.99;49.99;49.99;4654;1000;0.0;0;1.0000;0;0
600;2012-09-18 14:50:00;172602N232;2312;6.305;41;227;227;229;224;3.423;50.00;384.2;4.852;264.4;1.827;0.0;0.000;60;0;0;3.375;3.487;3.409;760;791;759;50.00;50.00;50.00;4654;1000;0.0;0;1.0000;0;0
600;2012-09-18 15:00:00;172602N232;2370;6.700;41;227;227;229;225;3.501;50.00;386.7;4.921;315.3;1.617;0.0;0.000;60;0;0;3.452;3.562;3.489;779;809;780;50.00;50.00;50.00;4654;1000;0.0;0;1.0000;0;0
600;2012-09-18 15:10:00;172602N232;1745;6.992;42;227;227;229;225;2.601;50.00;382.4;3.130;409.5;1.377;0.0;0.000;60;0;0;2.553;2.651;2.600;569;600;576;50.00;50.00;50.00;4654;1000;0.0;0;1.0000;0;0
600;2012-09-18 15:20:00;172602N232;1038;7.165;42;227;227;228;225;1.569;49.99;399.6;1.496;405.1;1.085;0.0;0.000;60;0;0;1.522;1.611;1.574;334;358;344;49.99;49.99;49.99;4654;1000;0.0;0;1.0000;0;0
600;2012-09-18 15:30:00;172602N232;1890;7.480;42;227;227;229;225;2.789;50.00;407.5;3.023;432.7;1.539;0.0;0.000;60;0;0;2.737;2.846;2.784;616;650;622;50.00;50.00;50.00;4654;1000;0.0;0;1.0000;0;0
600;2012-09-18 15:40:00;172602N232;1365;7.708;43;225;224;227;223;2.055;50.00;407.9;1.841;415.2;1.480;0.0;0.000;60;0;0;2.000;2.104;2.063;440;471;452;50.00;50.00;50.00;4654;1000;0.0;0;1.0000;0;0
600;2012-09-18 15:50:00;172602N232;742;7.831;43;224;224;227;223;1.146;50.00;412.1;0.903;404.7;0.897;0.0;0.000;60;0;0;1.090;1.190;1.158;233;260;247;50.00;50.00;50.00;4654;1000;0.0;0;1.0000;0;0
600;2012-09-18 16:00:00;172602N232;368;7.894;42;225;224;227;223;1.052;50.00;400.9;0.458;400.5;0.435;0.0;0.000;60;0;0;1.011;1.170;0.977;109;122;135;50.00;50.00;50.00;4654;1000;0.0;0;1.0000;0;0
600;2012-09-18 16:10:00;172602N232;610;7.995;42;226;224;228;225;1.051;50.00;413.3;0.746;413.6;0.707;0.0;0.000;60;0;0;1.036;1.076;1.041;192;212;204;50.00;50.00;50.00;4654;1000;0.0;0;1.0000;0;0
600;2012-09-18 16:20:00;172602N232;174;8.025;42;225;223;228;224;0.977;49.99;385.0;0.212;389.2;0.200;0.0;0.000;60;0;0;0.815;1.346;0.771;60;33;80;49.99;49.99;49.99;4654;1000;0.0;0;1.0000;0;0
600;2012-09-18 16:30:00;172602N232;147;8.049;41;224;224;227;222;0.976;49.98;390.8;0.172;390.7;0.169;0.0;0.000;60;0;0;0.842;1.314;0.773;32;32;82;49.98;49.98;49.98;4654;1000;0.0;0;1.0000;0;0
600;2012-09-18 16:40:00;172602N232;224;8.087;41;224;224;228;221;1.043;49.99;389.6;0.269;398.2;0.259;0.0;0.000;60;0;0;0.987;1.319;0.824;68;63;93;49.99;49.99;49.99;4654;1000;0.0;0;1.0000;0;0
600;2012-09-18 16:50:00;172602N232;1152;8.278;41;224;225;227;222;1.822;49.98;428.3;1.324;442.7;1.288;0.0;0.000;60;0;0;1.814;1.859;1.793;373;399;378;49.98;49.98;49.98;4654;1000;0.0;0;1.0000;0;0
600;2012-09-18 17:00:00;172602N232;866;8.423;41;225;226;227;222;1.396;50.00;427.1;0.992;446.5;0.976;0.0;0.000;60;0;0;1.399;1.417;1.372;279;300;285;50.00;50.00;50.00;4654;1000;0.0;0;1.0000;0;0
600;2012-09-18 17:10:00;172602N232;629;8.528;41;224;224;227;223;1.032;50.01;415.8;0.707;445.9;0.731;0.0;0.000;60;0;0;1.046;1.031;1.020;201;216;210;50.01;50.01;50.01;4654;1000;0.0;0;1.0000;0;0
600;2012-09-18 17:20:00;172602N232;743;8.652;41;224;224;226;221;1.201;50.00;421.2;0.834;434.7;0.880;0.0;0.000;60;0;0;1.212;1.212;1.181;238;256;246;50.00;50.00;50.00;4654;1000;0.0;0;1.0000;0;0
600;2012-09-18 17:30:00;172602N232;744;8.777;41;224;225;226;220;1.190;50.00;412.1;0.888;418.7;0.879;0.0;0.000;60;0;0;1.179;1.212;1.180;238;258;246;50.00;50.00;50.00;4654;1000;0.0;0;1.0000;0;0
600;2012-09-18 17:40:00;172602N232;925;8.931;41;223;225;225;219;1.448;49.98;418.2;1.076;433.0;1.079;0.0;0.000;60;0;0;1.433;1.482;1.431;304;320;300;49.98;49.98;49.98;4654;1000;0.0;0;1.0000;0;0
600;2012-09-18 17:50:00;172602N232;568;9.025;41;223;225;224;220;1.139;49.97;407.5;0.674;423.6;0.666;0.0;0.000;60;0;0;1.180;1.188;1.050;181;204;181;49.97;49.97;49.97;4654;1000;0.0;0;1.0000;0;0
600;2012-09-18 18:00:00;172602N232;293;9.075;40;224;225;226;221;1.154;49.99;403.7;0.332;427.8;0.339;0.0;0.000;60;0;0;1.303;1.243;0.918;72;110;109;49.99;49.99;49.99;4654;1000;0.0;0;1.0000;0;0
600;2012-09-18 18:10:00;172602N232;202;9.109;40;224;225;226;222;1.060;50.02;391.5;0.221;424.9;0.235;0.0;0.000;60;0;0;1.317;1.070;0.793;41;70;89;50.02;50.02;50.02;4654;1000;0.0;0;1.0000;0;0
600;2012-09-18 18:20:00;172602N232;165;9.136;40;223;224;225;221;1.114;49.99;385.1;0.188;412.5;0.190;0.0;0.000;60;0;0;1.581;1.002;0.761;12;80;77;49.99;49.99;49.99;4654;1000;0.0;0;1.0000;0;0
600;2012-09-18 18:30:00;172602N232;139;9.159;40;223;224;224;222;1.038;49.98;379.6;0.163;393.8;0.162;0.0;0.000;60;0;0;1.388;0.959;0.769;14;71;59;49.98;49.98;49.98;4654;1000;0.0;0;1.0000;0;0
600;2012-09-18 18:40:00;172602N232;116;9.179;39;223;225;223;222;0.973;49.98;374.4;0.136;385.8;0.136;0.0;0.000;60;0;0;1.457;0.750;0.713;0;65;62;49.98;49.98;49.98;4654;1000;0.0;0;1.0000;0;0
600;2012-09-18 18:50:00;172602N232;81;9.193;39;224;224;225;224;0.868;49.98;362.9;0.093;376.4;0.091;0.0;0.000;60;0;0;1.015;0.905;0.686;12;29;42;49.98;49.98;49.98;4654;1000;0.0;0;1.0000;0;0
600;2012-09-18 19:00:00;172602N232;49;9.202;39;224;223;226;223;0.676;49.99;342.9;0.052;361.2;0.050;0.0;0.000;60;0;0;0.578;0.977;0.473;23;2;35;49.99;49.99;49.99;4654;1000;0.0;0;1.0000;0;0
600;2012-09-18 19:10:00;172602N232;18;9.204;38;220;219;221;219;0.374;50.00;287.8;0.012;290.1;0.015;0.0;0.000;60;0;0;0.464;0.433;0.225;13;4;13;50.00;50.00;50.00;4654;1000;0.0;0;1.0000;0;0
600;2012-09-18 19:20:00;172602N232;2;9.205;38;220;220;221;218;0.136;49.96;250.5;0.000;253.4;0.000;0.0;0.000;60;0;0;0.156;0.154;0.098;1;2;5;49.96;49.96;49.96;4654;1000;0.0;0;1.0000;0;0
600;2012-09-18 19:30:00;172602N232;0;9.205;37;219;219;221;217;0.000;49.95;275.2;0.000;273.7;0.000;0.0;0.000;50;0;0;0.000;0.000;0.000;0;0;0;49.95;49.95;49.95;4654;1000;0.0;0;1.0000;0;0
600;2012-09-18 19:40:00;172602N232;0;9.205;35;219;220;221;217;0.000;49.96;227.9;0.000;228.9;0.000;0.0;0.000;50;0;0;0.000;0.000;0.000;0;0;0;49.96;49.96;49.96;4654;1000;0.0;0;1.0000;0;0
600;2012-09-18 19:50:00;172602N232;0;9.205;34;219;220;221;216;0.000;49.97;227.8;0.000;228.7;0.000;0.0;0.000;50;0;0;0.000;0.000;0.000;0;0;0;49.97;49.97;49.97;4654;1000;0.0;0;1.0000;0;0
[wr_ende]
