20130712;230000;172602N232;My Plant;+0100
[wr_def_start]
172602N232;Inverter Type;Inverter Group;72602N232      
[wr_def_end]
[wr]
INTERVAL;TIMESTAMP;SERIAL;P_AC;E_DAY;T_WR;U_AC;U_AC_1;U_AC_2;U_AC_3;I_AC;F_AC;U_DC_1;I_DC_1;U_DC_2;I_DC_2;U_DC_3;I_DC_3;S;E_WR;M_WR;I_AC_1;I_AC_2;I_AC_3;P_AC_1;P_AC_2;P_AC_3;F_AC_1;F_AC_2;F_AC_3;R_DC;PC;PCS;PCS_LL;COS_PHI;COS_PHI_LL;S_COS_PHI
600;2013-07-12 04:10:00;172602N232;0;0.000;0;4;4;4;4;0.000;0.93;4.2;0.000;4.2;0.000;0.0;0.000;50;0;0;0.000;0.000;0.000;0;0;0;0.93;0.93;0.93;72;1000;0.0;0;1.0000;0;0
600;2013-07-12 04:20:00;172602N232;0;0.000;28;224;225;227;221;0.000;50.01;226.8;0.000;227.7;0.000;0.0;0.000;50;0;0;0.000;0.000;0.000;0;0;0;50.01;50.01;50.01;0;1000;0.0;0;1.0000;0;0
600;2013-07-12 04:30:00;172602N232;0;0.000;31;224;225;227;222;0.000;50.00;229.4;0.000;230.3;0.000;0.0;0.000;50;0;0;0.000;0.000;0.000;0;0;0;50.00;50.00;50.00;0;1000;0.0;0;1.0000;0;0
600;2013-07-12 04:40:00;172602N232;0;0.000;31;225;226;227;222;0.000;50.00;236.4;0.000;237.3;0.000;0.0;0.000;50;0;0;0.000;0.000;0.000;0;0;0;50.00;50.00;50.00;0;1000;0.0;0;1.0000;0;0
600;2013-07-12 04:50:00;172602N232;0;0.000;32;225;226;228;223;0.001;50.00;286.3;0.000;285.1;0.000;0.0;0.000;60;0;0;0.002;0.001;0.001;0;0;0;50.00;50.00;50.00;1856;1000;0.0;0;1.0000;0;0
600;2013-07-12 05:00:00;172602N232;2;0.000;32;225;225;226;224;0.114;50.01;269.1;0.000;269.6;0.000;0.0;0.000;60;0;0;0.157;0.111;0.075;0;0;3;50.01;50.01;50.01;4729;1000;0.0;0;1.0000;0;0
600;2013-07-12 05:10:00;172602N232;22;0.005;32;225;226;227;224;0.443;50.01;327.3;0.012;322.1;0.013;0.0;0.000;60;0;0;0.535;0.485;0.309;0;10;20;50.01;50.01;50.01;4664;1000;0.0;0;1.0000;0;0
600;2013-07-12 05:20:00;172602N232;45;0.013;33;225;226;227;224;0.682;50.00;370.4;0.041;371.6;0.038;0.0;0.000;60;0;0;0.760;0.794;0.492;1;10;35;50.00;50.00;50.00;4664;1000;0.0;0;1.0000;0;0
600;2013-07-12 05:30:00;172602N232;67;0.023;33;225;225;226;224;0.793;50.01;387.5;0.070;388.4;0.064;0.0;0.000;60;0;0;0.871;0.899;0.610;2;19;45;50.01;50.01;50.01;4664;1000;0.0;0;1.0000;0;0
600;2013-07-12 05:40:00;172602N232;90;0.037;34;224;225;226;223;0.891;50.01;395.9;0.098;395.7;0.090;0.0;0.000;60;0;0;0.973;0.976;0.725;6;22;59;50.01;50.01;50.01;4664;1000;0.0;0;1.0000;0;0
600;2013-07-12 05:50:00;172602N232;115;0.057;34;224;224;225;222;0.910;50.03;404.2;0.129;403.0;0.118;0.0;0.000;60;0;0;1.006;0.981;0.744;11;35;66;50.03;50.03;50.03;4664;1000;0.0;0;1.0000;0;0
600;2013-07-12 06:00:00;172602N232;140;0.081;35;228;228;229;226;0.962;50.03;410.4;0.158;410.7;0.144;0.0;0.000;60;0;0;1.025;1.087;0.775;16;48;73;50.03;50.03;50.03;4664;1000;0.0;0;1.0000;0;0
600;2013-07-12 06:10:00;172602N232;165;0.108;35;227;227;228;227;0.943;49.99;412.6;0.191;414.3;0.171;0.0;0.000;60;0;0;0.963;1.080;0.788;19;67;78;49.99;49.99;49.99;4664;1000;0.0;0;1.0000;0;0
600;2013-07-12 06:20:00;172602N232;192;0.140;36;227;228;228;226;1.039;49.99;415.6;0.222;417.7;0.199;0.0;0.000;60;0;0;1.399;0.877;0.842;46;76;68;49.99;49.99;49.99;4664;1000;0.0;0;1.0000;0;0
600;2013-07-12 06:30:00;172602N232;216;0.176;36;227;227;228;226;0.967;49.99;418.7;0.252;420.5;0.225;0.0;0.000;60;0;0;1.121;0.822;0.959;37;72;106;49.99;49.99;49.99;4664;1000;0.0;0;1.0000;0;0
600;2013-07-12 06:40:00;172602N232;234;0.214;37;227;227;227;226;1.078;50.00;419.4;0.276;418.6;0.247;0.0;0.000;60;0;0;1.267;1.207;0.761;56;104;72;50.00;50.00;50.00;4664;1000;0.0;0;1.0000;0;0
600;2013-07-12 06:50:00;172602N232;247;0.257;37;227;227;229;225;1.110;50.02;418.0;0.293;419.4;0.261;0.0;0.000;60;0;0;1.132;1.301;0.897;50;97;98;50.02;50.02;50.02;4664;1000;0.0;0;1.0000;0;0
600;2013-07-12 07:00:00;172602N232;264;0.300;37;227;227;229;225;1.166;50.00;419.6;0.314;421.6;0.277;0.0;0.000;60;0;0;1.224;1.288;0.987;54;102;105;50.00;50.00;50.00;4664;1000;0.0;0;1.0000;0;0
600;2013-07-12 07:10:00;172602N232;281;0.347;37;228;228;229;227;1.167;49.99;418.4;0.340;423.8;0.293;0.0;0.000;60;0;0;1.206;1.236;1.060;65;103;112;49.99;49.99;49.99;4664;1000;0.0;0;1.0000;0;0
600;2013-07-12 07:20:00;172602N232;303;0.399;38;229;229;230;227;1.042;49.99;421.1;0.368;427.3;0.311;0.0;0.000;60;0;0;1.159;1.150;0.818;95;121;84;49.99;49.99;49.99;4664;1000;0.0;0;1.0000;0;0
600;2013-07-12 07:30:00;172602N232;348;0.456;38;228;228;229;227;1.216;50.00;428.8;0.424;428.2;0.355;0.0;0.000;60;0;0;1.297;1.193;1.158;101;123;122;50.00;50.00;50.00;4664;1000;0.0;0;1.0000;0;0
600;2013-07-12 07:40:00;172602N232;392;0.522;38;228;228;229;226;1.318;49.99;433.7;0.480;426.4;0.398;0.0;0.000;60;0;0;1.272;1.433;1.250;90;127;173;49.99;49.99;49.99;4664;1000;0.0;0;1.0000;0;0
600;2013-07-12 07:50:00;172602N232;421;0.592;38;227;227;229;226;1.116;50.00;438.9;0.514;425.7;0.425;0.0;0.000;60;0;0;1.157;1.158;1.034;128;152;140;50.00;50.00;50.00;4664;1000;0.0;0;1.0000;0;0
600;2013-07-12 08:00:00;172602N232;440;0.666;38;228;228;229;226;1.141;50.02;446.0;0.534;425.6;0.441;0.0;0.000;60;0;0;1.163;1.181;1.081;134;162;142;50.02;50.02;50.02;4664;1000;0.0;0;1.0000;0;0
600;2013-07-12 08:10:00;172602N232;463;0.743;38;227;228;229;226;1.023;50.00;456.4;0.558;426.1;0.456;0.0;0.000;60;0;0;1.053;0.990;1.028;150;161;150;50.00;50.00;50.00;4664;1000;0.0;0;1.0000;0;0
600;2013-07-12 08:20:00;172602N232;482;0.824;39;227;228;229;225;0.911;49.99;466.2;0.580;418.1;0.477;0.0;0.000;60;0;0;0.880;0.958;0.895;150;172;157;49.99;49.99;49.99;4664;1000;0.0;0;1.0000;0;0
600;2013-07-12 08:30:00;172602N232;775;0.953;39;227;228;229;225;1.360;50.00;412.3;1.415;413.5;0.499;0.0;0.000;60;0;0;1.389;1.378;1.315;253;269;252;50.00;50.00;50.00;4664;1000;0.0;0;1.0000;0;0
600;2013-07-12 08:40:00;172602N232;1197;1.153;39;227;229;229;225;1.813;49.99;404.9;2.419;419.4;0.523;0.0;0.000;60;0;0;1.781;1.849;1.809;389;413;394;49.99;49.99;49.99;4664;1000;0.0;0;1.0000;0;0
600;2013-07-12 08:50:00;172602N232;1289;1.368;40;228;229;230;226;1.933;50.01;403.5;2.613;428.1;0.554;0.0;0.000;60;0;0;1.897;1.972;1.931;417;444;425;50.01;50.01;50.01;4664;1000;0.0;0;1.0000;0;0
600;2013-07-12 09:00:00;172602N232;1408;1.603;40;228;229;230;226;2.076;50.02;407.1;2.838;436.7;0.586;0.0;0.000;60;0;0;2.025;2.125;2.080;458;484;465;50.02;50.02;50.02;4664;1000;0.0;0;1.0000;0;0
600;2013-07-12 09:10:00;172602N232;1497;1.853;40;228;229;230;226;2.202;49.99;400.8;3.058;422.7;0.652;0.0;0.000;60;0;0;2.148;2.252;2.206;487;513;495;49.99;49.99;49.99;4664;1000;0.0;0;1.0000;0;0
600;2013-07-12 09:20:00;172602N232;1559;2.112;41;228;228;230;226;2.300;50.00;397.0;3.209;412.4;0.707;0.0;0.000;60;0;0;2.237;2.355;2.308;503;537;516;50.00;50.00;50.00;4664;1000;0.0;0;1.0000;0;0
600;2013-07-12 09:30:00;172602N232;1646;2.388;41;228;227;230;225;2.424;50.00;395.2;3.413;413.2;0.738;0.0;0.000;60;0;0;2.352;2.493;2.429;531;570;543;50.00;50.00;50.00;4664;1000;0.0;0;1.0000;0;0
600;2013-07-12 09:40:00;172602N232;1671;2.666;41;227;228;230;225;2.461;50.01;384.6;3.550;397.7;0.798;0.0;0.000;60;0;0;2.393;2.528;2.463;542;577;550;50.01;50.01;50.01;4664;1000;0.0;0;1.0000;0;0
600;2013-07-12 09:50:00;172602N232;1768;2.961;42;227;228;228;226;2.608;50.03;390.5;3.739;402.8;0.793;0.0;0.000;60;0;0;2.554;2.651;2.620;579;600;587;50.03;50.03;50.03;4664;1000;0.0;0;1.0000;0;0
600;2013-07-12 10:00:00;172602N232;1869;3.272;42;227;228;229;224;2.764;50.01;388.3;3.999;430.4;0.760;0.0;0.000;60;0;0;2.710;2.827;2.755;612;642;613;50.01;50.01;50.01;4664;1000;0.0;0;1.0000;0;0
600;2013-07-12 10:10:00;172602N232;1974;3.603;42;227;227;229;223;2.920;50.01;385.0;4.248;442.0;0.792;0.0;0.000;60;0;0;2.858;3.000;2.904;644;684;644;50.01;50.01;50.01;4664;1000;0.0;0;1.0000;0;0
600;2013-07-12 10:20:00;172602N232;2052;3.946;42;227;227;230;224;3.034;49.99;382.9;4.452;444.4;0.819;0.0;0.000;60;0;0;2.968;3.120;3.015;668;712;670;49.99;49.99;49.99;4664;1000;0.0;0;1.0000;0;0
600;2013-07-12 10:30:00;172602N232;2121;4.298;43;227;227;231;222;3.142;49.99;379.3;4.655;445.2;0.831;0.0;0.000;60;0;0;3.082;3.259;3.087;694;746;680;49.99;49.99;49.99;4664;1000;0.0;0;1.0000;0;0
600;2013-07-12 10:40:00;172602N232;2340;4.689;43;227;228;231;222;3.456;50.00;375.8;4.870;272.8;2.077;0.0;0.000;60;0;0;3.401;3.570;3.398;769;819;750;50.00;50.00;50.00;4664;1000;0.0;0;1.0000;0;0
600;2013-07-12 10:50:00;172602N232;2907;5.174;43;227;229;232;222;4.274;50.02;374.4;4.998;253.9;4.301;0.0;0.000;60;0;0;4.237;4.396;4.191;967;1013;925;50.02;50.02;50.02;4664;1000;0.0;0;1.0000;0;0
600;2013-07-12 11:00:00;172602N232;3319;5.727;43;228;229;232;223;4.866;50.02;372.8;5.206;286.0;5.049;0.0;0.000;60;0;0;4.818;4.990;4.792;1100;1151;1066;50.02;50.02;50.02;4664;1000;0.0;0;1.0000;0;0
600;2013-07-12 11:10:00;172602N232;3615;6.331;44;228;227;232;224;5.302;50.01;370.7;5.371;323.3;5.232;0.0;0.000;60;0;0;5.225;5.440;5.243;1184;1256;1174;50.01;50.01;50.01;4664;1000;0.0;0;1.0000;0;0
600;2013-07-12 11:20:00;172602N232;3865;6.975;44;228;227;232;225;5.661;50.01;368.7;5.542;360.0;5.254;0.0;0.000;60;0;0;5.580;5.796;5.609;1265;1339;1259;50.01;50.01;50.01;4664;1000;0.0;0;1.0000;0;0
600;2013-07-12 11:30:00;172602N232;3824;7.611;44;228;227;232;225;5.607;49.99;367.3;5.690;332.9;5.437;0.0;0.000;60;0;0;5.522;5.744;5.556;1250;1325;1247;49.99;49.99;49.99;4664;1000;0.0;0;1.0000;0;0
600;2013-07-12 11:40:00;172602N232;3982;8.274;44;229;229;232;226;5.814;50.00;364.3;5.858;336.6;5.703;0.0;0.000;60;0;0;5.745;5.948;5.749;1309;1377;1294;50.00;50.00;50.00;4664;1000;0.0;0;1.0000;0;0
600;2013-07-12 11:50:00;172602N232;4145;8.967;45;229;230;231;226;6.043;50.01;361.6;6.066;342.9;5.925;0.0;0.000;60;0;0;5.997;6.141;5.991;1378;1415;1351;50.01;50.01;50.01;4664;1000;0.0;0;1.0000;0;0
600;2013-07-12 12:00:00;172602N232;4357;9.692;45;229;230;232;226;6.340;49.99;360.7;6.245;360.0;6.071;0.0;0.000;60;0;0;6.290;6.477;6.253;1443;1502;1410;49.99;49.99;49.99;4664;1000;0.0;0;1.0000;0;0
600;2013-07-12 12:10:00;172602N232;4456;10.434;45;229;229;233;226;6.484;50.01;358.5;6.377;361.5;6.237;0.0;0.000;60;0;0;6.413;6.625;6.414;1470;1539;1445;50.01;50.01;50.01;4664;1000;0.0;0;1.0000;0;0
600;2013-07-12 12:20:00;172602N232;4554;11.193;45;230;229;234;226;6.616;50.01;356.1;6.569;358.1;6.434;0.0;0.000;60;0;0;6.518;6.771;6.561;1492;1579;1481;50.01;50.01;50.01;4664;1000;0.0;0;1.0000;0;0
600;2013-07-12 12:30:00;172602N232;4630;11.966;46;230;230;233;227;6.718;50.00;353.6;6.723;355.4;6.596;0.0;0.000;60;0;0;6.633;6.883;6.639;1522;1605;1501;50.00;50.00;50.00;4664;1000;0.0;0;1.0000;0;0
600;2013-07-12 12:40:00;172602N232;4752;12.758;46;230;230;233;226;6.893;50.01;351.0;6.957;352.0;6.834;0.0;0.000;60;0;0;6.826;7.051;6.804;1571;1645;1534;50.01;50.01;50.01;4664;1000;0.0;0;1.0000;0;0
600;2013-07-12 12:50:00;172602N232;4561;13.518;46;230;231;234;225;6.614;50.00;348.3;6.705;349.9;6.619;0.0;0.000;60;0;0;6.553;6.807;6.483;1512;1593;1454;50.00;50.00;50.00;4664;1000;0.0;0;1.0000;0;0
600;2013-07-12 13:00:00;172602N232;3655;14.128;46;230;230;233;226;5.306;49.97;358.3;5.232;358.5;5.149;0.0;0.000;60;0;0;5.253;5.425;5.240;1205;1262;1185;49.97;49.97;49.97;4664;1000;0.0;0;1.0000;0;0
600;2013-07-12 13:10:00;172602N232;4819;14.930;46;231;230;234;227;6.970;50.00;352.9;7.023;353.1;6.907;0.0;0.000;60;0;0;6.894;7.135;6.882;1584;1671;1562;50.00;50.00;50.00;4664;1000;0.0;0;1.0000;0;0
600;2013-07-12 13:20:00;172602N232;4678;15.711;46;230;229;234;227;6.777;50.01;348.3;6.903;348.7;6.795;0.0;0.000;60;0;0;6.676;6.949;6.706;1530;1627;1520;50.01;50.01;50.01;4664;1000;0.0;0;1.0000;0;0
600;2013-07-12 13:30:00;172602N232;4650;16.485;47;231;230;235;227;6.727;49.99;347.3;6.885;347.4;6.774;0.0;0.000;60;0;0;6.632;6.916;6.633;1523;1622;1504;49.99;49.99;49.99;4664;1000;0.0;0;1.0000;0;0
600;2013-07-12 13:40:00;172602N232;4653;17.262;47;231;231;235;227;6.716;50.00;347.1;6.883;347.7;6.784;0.0;0.000;60;0;0;6.631;6.888;6.630;1528;1617;1505;50.00;50.00;50.00;4664;1000;0.0;0;1.0000;0;0
600;2013-07-12 13:50:00;172602N232;4492;18.010;47;231;231;234;228;6.496;50.01;347.2;6.622;346.8;6.588;0.0;0.000;60;0;0;6.415;6.627;6.447;1476;1549;1466;50.01;50.01;50.01;4664;1000;0.0;0;1.0000;0;0
600;2013-07-12 14:00:00;172602N232;4694;18.793;47;229;229;232;226;6.835;49.99;349.0;6.919;347.2;6.843;0.0;0.000;60;0;0;6.768;6.960;6.778;1547;1612;1532;49.99;49.99;49.99;4664;1000;0.0;0;1.0000;0;0
600;2013-07-12 14:10:00;172602N232;3108;19.310;47;227;228;231;222;4.555;49.99;355.8;4.536;354.7;4.398;0.0;0.000;60;0;0;4.500;4.698;4.467;1026;1089;992;49.99;49.99;49.99;4664;1000;0.0;0;1.0000;0;0
600;2013-07-12 14:20:00;172602N232;4956;20.137;47;228;228;232;225;7.234;50.00;353.6;7.170;354.7;7.106;0.0;0.000;60;0;0;7.160;7.394;7.148;1633;1713;1608;50.00;50.00;50.00;4664;1000;0.0;0;1.0000;0;0
600;2013-07-12 14:30:00;172602N232;4785;20.936;47;229;228;232;226;6.977;49.99;346.5;7.087;345.5;7.025;0.0;0.000;60;0;0;6.892;7.147;6.893;1571;1658;1554;49.99;49.99;49.99;4664;1000;0.0;0;1.0000;0;0
600;2013-07-12 14:40:00;172602N232;4387;21.667;47;228;229;231;224;6.417;50.00;346.3;6.500;345.0;6.455;0.0;0.000;60;0;0;6.379;6.563;6.310;1460;1516;1410;50.00;50.00;50.00;4664;1000;0.0;0;1.0000;0;0
600;2013-07-12 14:50:00;172602N232;1198;21.866;47;225;227;227;222;1.809;50.00;366.3;1.678;360.9;1.642;0.0;0.000;60;0;0;1.770;1.857;1.802;391;415;391;50.00;50.00;50.00;4664;1000;0.0;0;1.0000;0;0
600;2013-07-12 15:00:00;172602N232;3828;22.504;47;229;229;231;226;5.580;50.00;374.7;5.229;374.4;5.226;0.0;0.000;60;0;0;5.514;5.682;5.546;1257;1315;1254;50.00;50.00;50.00;4664;1000;0.0;0;1.0000;0;0
600;2013-07-12 15:10:00;172602N232;4550;23.263;47;229;229;233;227;6.615;50.00;355.0;6.553;355.8;6.502;0.0;0.000;60;0;0;6.532;6.745;6.570;1491;1568;1489;50.00;50.00;50.00;4664;1000;0.0;0;1.0000;0;0
600;2013-07-12 15:20:00;172602N232;4563;24.024;47;229;229;231;226;6.648;50.00;351.9;6.642;351.9;6.584;0.0;0.000;60;0;0;6.603;6.753;6.589;1512;1559;1490;50.00;50.00;50.00;4664;1000;0.0;0;1.0000;0;0
600;2013-07-12 15:30:00;172602N232;3404;24.591;47;228;229;230;226;4.977;49.99;358.3;4.930;356.2;4.787;0.0;0.000;60;0;0;4.938;5.061;4.932;1128;1165;1110;49.99;49.99;49.99;4664;1000;0.0;0;1.0000;0;0
600;2013-07-12 15:40:00;172602N232;4206;25.292;47;229;229;231;226;6.136;49.99;358.7;6.005;358.3;5.957;0.0;0.000;60;0;0;6.091;6.235;6.082;1393;1439;1372;49.99;49.99;49.99;4664;1000;0.0;0;1.0000;0;0
600;2013-07-12 15:50:00;172602N232;3435;25.865;47;229;229;232;226;5.008;50.00;359.6;4.903;357.5;4.860;0.0;0.000;60;0;0;4.932;5.129;4.964;1125;1191;1117;50.00;50.00;50.00;4664;1000;0.0;0;1.0000;0;0
600;2013-07-12 16:00:00;172602N232;4043;26.540;47;229;228;233;225;5.895;49.98;358.8;5.754;359.0;5.714;0.0;0.000;60;0;0;5.802;6.051;5.834;1321;1408;1312;49.98;49.98;49.98;4664;1000;0.0;0;1.0000;0;0
600;2013-07-12 16:10:00;172602N232;3917;27.193;47;229;229;232;225;5.718;49.97;357.1;5.593;357.7;5.564;0.0;0.000;60;0;0;5.657;5.848;5.651;1291;1355;1268;49.97;49.97;49.97;4664;1000;0.0;0;1.0000;0;0
600;2013-07-12 16:20:00;172602N232;3712;27.811;47;228;228;232;225;5.426;49.97;364.4;5.180;359.0;5.264;0.0;0.000;60;0;0;5.356;5.553;5.369;1219;1288;1205;49.97;49.97;49.97;4664;1000;0.0;0;1.0000;0;0
600;2013-07-12 16:30:00;172602N232;3584;28.409;47;228;228;231;225;5.244;49.97;370.4;4.866;361.2;5.106;0.0;0.000;60;0;0;5.189;5.346;5.199;1181;1233;1168;49.98;49.98;49.98;4664;1000;0.0;0;1.0000;0;0
600;2013-07-12 16:40:00;172602N232;3473;28.988;47;228;228;231;225;5.086;49.99;354.6;4.938;362.5;4.915;0.0;0.000;60;0;0;5.030;5.188;5.041;1145;1194;1132;49.99;49.99;49.99;4664;1000;0.0;0;1.0000;0;0
600;2013-07-12 16:50:00;172602N232;3328;29.543;47;227;228;229;225;4.893;50.01;356.8;4.708;363.6;4.688;0.0;0.000;60;0;0;4.840;4.977;4.862;1099;1138;1090;50.01;50.01;50.01;4664;1000;0.0;0;1.0000;0;0
600;2013-07-12 17:00:00;172602N232;3261;30.087;47;226;227;229;223;4.814;50.01;357.9;4.598;364.8;4.574;0.0;0.000;60;0;0;4.768;4.912;4.764;1079;1122;1059;50.01;50.01;50.01;4664;1000;0.0;0;1.0000;0;0
600;2013-07-12 17:10:00;172602N232;3153;30.611;47;226;228;229;223;4.657;49.99;358.1;4.440;365.3;4.418;0.0;0.000;60;0;0;4.643;4.738;4.591;1054;1080;1018;49.99;49.99;49.99;4664;1000;0.0;0;1.0000;0;0
600;2013-07-12 17:20:00;172602N232;3125;31.134;47;226;227;227;223;4.637;49.99;358.2;4.389;366.7;4.373;0.0;0.000;60;0;0;4.613;4.701;4.597;1040;1063;1020;49.99;49.99;49.99;4664;1000;0.0;0;1.0000;0;0
600;2013-07-12 17:30:00;172602N232;2873;31.613;47;225;227;226;223;4.273;49.99;363.8;3.975;370.6;3.965;0.0;0.000;60;0;0;4.264;4.313;4.243;962;969;940;49.99;49.99;49.99;4664;1000;0.0;0;1.0000;0;0
600;2013-07-12 17:40:00;172602N232;2738;32.070;46;225;227;227;222;4.069;49.99;370.5;3.701;372.1;3.780;0.0;0.000;60;0;0;4.044;4.147;4.017;911;938;886;49.99;49.99;49.99;4664;1000;0.0;0;1.0000;0;0
600;2013-07-12 17:50:00;172602N232;2554;32.494;46;223;224;225;220;3.831;50.01;366.9;3.448;373.3;3.547;0.0;0.000;60;0;0;3.790;3.912;3.792;843;877;832;50.01;50.01;50.01;4664;1000;0.0;0;1.0000;0;0
600;2013-07-12 18:00:00;172602N232;2414;32.897;46;224;224;227;222;3.601;50.00;358.0;3.341;375.3;3.331;0.0;0.000;60;0;0;3.543;3.683;3.579;789;832;790;50.00;50.00;50.00;4664;1000;0.0;0;1.0000;0;0
600;2013-07-12 18:10:00;172602N232;2294;33.280;46;225;226;227;222;3.410;50.00;359.5;3.168;381.7;3.107;0.0;0.000;60;0;0;3.371;3.493;3.368;758;791;743;50.00;50.00;50.00;4664;1000;0.0;0;1.0000;0;0
600;2013-07-12 18:20:00;172602N232;2135;33.637;45;225;226;227;223;3.174;50.00;361.4;2.955;392.0;2.788;0.0;0.000;60;0;0;3.121;3.247;3.154;700;735;698;50.00;50.00;50.00;4664;1000;0.0;0;1.0000;0;0
600;2013-07-12 18:30:00;172602N232;1991;33.968;45;225;227;227;222;2.960;49.99;369.1;2.679;379.2;2.706;0.0;0.000;60;0;0;2.920;3.031;2.929;658;685;646;49.99;49.99;49.99;4664;1000;0.0;0;1.0000;0;0
600;2013-07-12 18:40:00;172602N232;1864;34.279;45;225;226;226;223;2.773;49.99;354.9;2.593;372.8;2.592;0.0;0.000;60;0;0;2.729;2.819;2.773;613;634;615;49.99;49.99;49.99;4664;1000;0.0;0;1.0000;0;0
600;2013-07-12 18:50:00;172602N232;1706;34.564;45;226;227;227;224;2.530;50.00;355.7;2.363;374.0;2.365;0.0;0.000;60;0;0;2.474;2.586;2.531;556;584;563;50.00;50.00;50.00;4664;1000;0.0;0;1.0000;0;0
600;2013-07-12 19:00:00;172602N232;1541;34.821;45;226;228;229;223;2.282;50.00;359.1;2.089;375.4;2.150;0.0;0.000;60;0;0;2.235;2.350;2.263;505;534;500;50.00;50.00;50.00;4664;1000;0.0;0;1.0000;0;0
600;2013-07-12 19:10:00;172602N232;1190;35.019;45;226;226;228;223;1.779;50.01;346.5;1.662;375.3;1.661;0.0;0.000;60;0;0;1.719;1.839;1.780;383;414;391;50.01;50.01;50.01;4664;1000;0.0;0;1.0000;0;0
600;2013-07-12 19:20:00;172602N232;1173;35.214;45;226;227;228;223;1.796;50.02;344.8;1.627;379.0;1.643;0.0;0.000;60;0;0;1.762;1.829;1.799;379;405;388;50.02;50.02;50.02;4664;1000;0.0;0;1.0000;0;0
600;2013-07-12 19:30:00;172602N232;900;35.366;45;226;227;227;223;1.357;50.02;341.0;1.231;378.0;1.281;0.0;0.000;60;0;0;1.311;1.399;1.363;290;311;297;50.02;50.02;50.02;4664;1000;0.0;0;1.0000;0;0
600;2013-07-12 19:40:00;172602N232;906;35.517;45;226;228;227;223;1.369;50.01;332.1;1.265;379.9;1.296;0.0;0.000;60;0;0;1.327;1.409;1.371;294;312;298;50.01;50.01;50.01;4664;1000;0.0;0;1.0000;0;0
600;2013-07-12 19:50:00;172602N232;762;35.643;45;225;228;225;224;1.173;50.00;318.9;1.073;379.6;1.116;0.0;0.000;60;0;0;1.150;1.193;1.177;247;259;254;50.00;50.00;50.00;4664;1000;0.0;0;1.0000;0;0
600;2013-07-12 20:00:00;172602N232;650;35.752;45;226;227;224;225;1.084;49.97;307.1;0.904;379.7;0.987;0.0;0.000;60;0;0;1.095;1.087;1.070;207;221;219;49.97;49.97;49.97;4664;1000;0.0;0;1.0000;0;0
600;2013-07-12 20:10:00;172602N232;476;35.831;45;226;227;226;226;0.902;50.01;271.1;0.694;380.3;0.762;0.0;0.000;60;0;0;0.910;0.906;0.892;150;166;157;50.01;50.01;50.01;4664;1000;0.0;0;1.0000;0;0
600;2013-07-12 20:20:00;172602N232;370;35.893;45;226;227;226;225;1.160;50.01;343.8;0.415;370.9;0.609;0.0;0.000;60;0;0;1.224;1.174;1.084;94;143;131;50.01;50.01;50.01;4664;1000;0.0;0;1.0000;0;0
600;2013-07-12 20:30:00;172602N232;317;35.946;44;226;227;227;225;1.157;49.99;383.2;0.332;371.1;0.486;0.0;0.000;60;0;0;1.292;1.150;1.030;88;122;105;49.99;49.99;49.99;4664;1000;0.0;0;1.0000;0;0
600;2013-07-12 20:40:00;172602N232;255;35.989;44;226;227;227;225;1.150;49.99;375.1;0.288;366.2;0.377;0.0;0.000;60;0;0;1.391;1.237;0.824;52;113;89;49.99;49.99;49.99;4664;1000;0.0;0;1.0000;0;0
600;2013-07-12 20:50:00;172602N232;200;36.022;44;226;228;227;225;1.007;49.99;366.6;0.237;389.0;0.260;0.0;0.000;60;0;0;1.224;0.957;0.841;23;85;91;49.99;49.99;49.99;4664;1000;0.0;0;1.0000;0;0
600;2013-07-12 21:00:00;172602N232;146;36.048;43;226;227;227;224;1.048;49.98;367.0;0.171;378.2;0.188;0.0;0.000;60;0;0;1.497;0.898;0.751;6;72;68;49.98;49.98;49.98;4664;1000;0.0;0;1.0000;0;0
600;2013-07-12 21:10:00;172602N232;102;36.065;43;226;227;227;223;0.985;49.99;354.6;0.121;369.9;0.129;0.0;0.000;60;0;0;1.469;0.755;0.733;0;54;59;49.99;49.99;49.99;4664;1000;0.0;0;1.0000;0;0
600;2013-07-12 21:20:00;172602N232;61;36.074;43;226;227;227;224;0.827;50.00;339.6;0.071;359.0;0.073;0.0;0.000;60;0;0;1.136;0.732;0.615;0;33;45;50.00;50.00;50.00;4664;1000;0.0;0;1.0000;0;0
600;2013-07-12 21:30:00;172602N232;32;36.080;42;226;227;227;224;0.477;50.01;312.4;0.029;329.7;0.031;0.0;0.000;60;0;0;0.612;0.454;0.367;0;21;26;50.01;50.01;50.01;4664;1000;0.0;0;1.0000;0;0
600;2013-07-12 21:40:00;172602N232;8;36.083;42;226;227;227;225;0.255;50.01;260.0;0.002;261.5;0.004;0.0;0.000;60;0;0;0.402;0.190;0.175;0;8;10;50.01;50.01;50.01;4664;1000;0.0;0;1.0000;0;0
600;2013-07-12 21:50:00;172602N232;0;36.082;41;226;227;227;223;0.014;50.02;280.4;0.000;279.3;0.000;0.0;0.000;51;0;0;0.017;0.014;0.013;0;0;0;50.02;50.02;50.02;9676;1000;0.0;0;1.0000;0;0
600;2013-07-12 22:00:00;172602N232;0;36.082;40;225;227;226;223;0.000;50.00;239.8;0.000;240.8;0.000;0.0;0.000;51;0;0;0.000;0.000;0.000;0;0;0;50.00;50.00;50.00;15406;1000;0.0;0;1.0000;0;0
600;2013-07-12 22:10:00;172602N232;0;36.082;39;226;227;228;223;0.000;49.99;228.8;0.000;229.8;0.000;0.0;0.000;51;0;0;0.000;0.000;0.000;0;0;0;49.99;49.99;49.99;15406;1000;0.0;0;1.0000;0;0
600;2013-07-12 22:20:00;172602N232;0;36.082;39;226;227;228;223;0.000;50.01;227.9;0.000;228.8;0.000;0.0;0.000;51;0;0;0.000;0.000;0.000;0;0;0;50.01;50.01;50.01;15406;1000;0.0;0;1.0000;0;0
[wr_ende]
