20160910;230000;172602N232;My Plant;+0100
[wr_def_start]
172602N232;Inverter Type;Inverter Group;72602N232      
[wr_def_end]
[wr]
INTERVAL;TIMESTAMP;SERIAL;P_AC;E_DAY;T_WR;U_AC;U_AC_1;U_AC_2;U_AC_3;I_AC;F_AC;U_DC_1;I_DC_1;U_DC_2;I_DC_2;U_DC_3;I_DC_3;S;E_WR;M_WR;I_AC_1;I_AC_2;I_AC_3;P_AC_1;P_AC_2;P_AC_3;F_AC_1;F_AC_2;F_AC_3;R_DC;PC;PCS;PCS_LL;COS_PHI;COS_PHI_LL;S_COS_PHI
600;2016-09-10 05:40:00;172602N232;0;0.000;0;4;4;4;4;0.000;0.98;4.3;0.000;4.3;0.000;0.0;0.000;50;0;0;0.000;0.000;0.000;0;0;0;0.98;0.98;0.98;58;1000;0.0;0;1.0000;0;0
600;2016-09-10 05:50:00;172602N232;0;0.000;27;226;226;228;224;0.000;49.99;229.0;0.000;230.0;0.000;0.0;0.000;50;0;0;0.000;0.000;0.000;0;0;0;49.99;49.99;49.99;0;1000;0.0;0;1.0000;0;0
600;2016-09-10 06:00:00;172602N232;0;0.000;28;226;226;228;223;0.000;49.99;245.0;0.000;245.7;0.000;0.0;0.000;50;0;0;0.000;0.000;0.000;0;0;0;49.99;49.99;49.99;0;1000;0.0;0;1.0000;0;0
600;2016-09-10 06:10:00;172602N232;0;0.000;29;226;226;227;225;0.031;49.99;296.3;0.000;294.6;0.000;0.0;0.000;51;0;0;0.037;0.025;0.032;0;0;1;49.99;49.99;49.99;2668;1000;0.0;0;1.0000;0;0
600;2016-09-10 06:20:00;172602N232;12;0.002;29;226;226;227;225;0.328;50.00;283.2;0.006;265.7;0.007;0.0;0.000;60;0;0;0.424;0.316;0.244;1;4;13;50.00;50.00;50.00;3805;1000;0.0;0;1.0000;0;0
600;2016-09-10 06:30:00;172602N232;33;0.008;30;225;225;225;225;0.517;50.02;340.8;0.031;334.3;0.027;0.0;0.000;60;0;0;0.624;0.516;0.411;2;18;14;50.02;50.02;50.02;3805;1000;0.0;0;1.0000;0;0
600;2016-09-10 06:40:00;172602N232;53;0.017;30;225;225;225;225;0.599;50.00;363.9;0.057;369.6;0.047;0.0;0.000;60;0;0;0.714;0.540;0.545;5;31;17;50.00;50.00;50.00;3805;1000;0.0;0;1.0000;0;0
600;2016-09-10 06:50:00;172602N232;70;0.028;31;225;225;226;224;0.843;50.00;377.3;0.084;378.5;0.069;0.0;0.000;60;0;0;0.962;0.890;0.679;2;26;42;50.00;50.00;50.00;3805;1000;0.0;0;1.0000;0;0
600;2016-09-10 07:00:00;172602N232;89;0.043;31;225;225;225;224;0.943;49.98;385.3;0.108;383.7;0.089;0.0;0.000;60;0;0;1.138;0.898;0.795;0;39;50;49.98;49.98;49.98;3805;1000;0.0;0;1.0000;0;0
600;2016-09-10 07:10:00;172602N232;105;0.060;31;225;225;225;224;0.947;49.99;390.6;0.129;387.7;0.107;0.0;0.000;60;0;0;1.124;0.927;0.790;5;42;57;49.99;49.99;49.99;3805;1000;0.0;0;1.0000;0;0
600;2016-09-10 07:20:00;172602N232;119;0.081;32;224;224;224;224;0.929;50.00;396.0;0.146;390.9;0.123;0.0;0.000;60;0;0;1.032;0.915;0.841;15;49;53;50.00;50.00;50.00;3805;1000;0.0;0;1.0000;0;0
600;2016-09-10 07:30:00;172602N232;131;0.102;32;225;224;227;224;0.957;50.00;396.9;0.163;393.2;0.136;0.0;0.000;60;0;0;1.011;1.086;0.776;38;33;59;50.00;50.00;50.00;3805;1000;0.0;0;1.0000;0;0
600;2016-09-10 07:40:00;172602N232;147;0.128;32;225;226;226;224;1.028;49.99;399.7;0.185;398.2;0.150;0.0;0.000;60;0;0;1.358;0.933;0.793;20;74;52;49.99;49.99;49.99;3805;1000;0.0;0;1.0000;0;0
600;2016-09-10 07:50:00;172602N232;164;0.154;33;225;225;226;225;1.000;49.99;400.6;0.210;400.4;0.165;0.0;0.000;60;0;0;1.237;0.980;0.783;45;72;45;49.99;49.99;49.99;3805;1000;0.0;0;1.0000;0;0
600;2016-09-10 08:00:00;172602N232;180;0.185;33;225;225;227;224;0.966;49.99;403.5;0.231;402.1;0.179;0.0;0.000;60;0;0;1.320;0.929;0.649;59;60;60;49.99;49.99;49.99;3805;1000;0.0;0;1.0000;0;0
600;2016-09-10 08:10:00;172602N232;198;0.218;33;225;225;226;224;0.997;49.99;419.5;0.250;395.7;0.200;0.0;0.000;60;0;0;1.111;1.101;0.779;33;83;80;49.99;49.99;49.99;3805;1000;0.0;0;1.0000;0;0
600;2016-09-10 08:20:00;172602N232;220;0.255;33;225;226;226;224;1.033;49.99;445.4;0.265;401.2;0.214;0.0;0.000;60;0;0;1.276;1.028;0.797;47;90;82;49.99;49.99;49.99;3805;1000;0.0;0;1.0000;0;0
600;2016-09-10 08:30:00;172602N232;274;0.301;33;226;226;226;224;1.122;50.00;405.0;0.472;417.0;0.228;0.0;0.000;60;0;0;1.272;1.185;0.909;59;117;97;50.00;50.00;50.00;3805;1000;0.0;0;1.0000;0;0
600;2016-09-10 08:40:00;172602N232;450;0.376;34;226;226;227;224;0.983;50.00;292.5;1.174;439.8;0.237;0.0;0.000;60;0;0;0.982;1.020;0.949;129;162;158;50.00;50.00;50.00;3805;1000;0.0;0;1.0000;0;0
600;2016-09-10 08:50:00;172602N232;663;0.487;34;226;226;227;225;1.022;50.00;360.9;1.511;449.2;0.253;0.0;0.000;60;0;0;0.970;1.061;1.036;208;231;223;50.00;50.00;50.00;3805;1000;0.0;0;1.0000;0;0
600;2016-09-10 09:00:00;172602N232;893;0.636;34;226;226;227;224;1.352;50.00;405.6;1.889;422.7;0.298;0.0;0.000;60;0;0;1.303;1.392;1.362;286;308;297;50.00;50.00;50.00;3805;1000;0.0;0;1.0000;0;0
600;2016-09-10 09:10:00;172602N232;1083;0.816;35;225;225;228;223;1.641;50.00;384.0;2.470;430.3;0.314;0.0;0.000;60;0;0;1.597;1.686;1.640;349;375;357;50.00;50.00;50.00;3805;1000;0.0;0;1.0000;0;0
600;2016-09-10 09:20:00;172602N232;1229;1.021;35;225;225;227;224;1.914;50.00;403.4;2.694;429.3;0.334;0.0;0.000;60;0;0;1.883;1.930;1.929;396;420;411;50.00;50.00;50.00;3805;1000;0.0;0;1.0000;0;0
600;2016-09-10 09:30:00;172602N232;1461;1.265;36;226;225;228;225;2.198;49.99;400.7;2.911;294.0;1.140;0.0;0.000;60;0;0;2.153;2.244;2.199;472;503;485;49.99;49.99;49.99;3805;1000;0.0;0;1.0000;0;0
600;2016-09-10 09:40:00;172602N232;1677;1.545;36;226;226;228;225;2.483;50.00;398.4;3.126;252.9;1.802;0.0;0.000;60;0;0;2.424;2.539;2.487;543;576;555;50.00;50.00;50.00;3805;1000;0.0;0;1.0000;0;0
600;2016-09-10 09:50:00;172602N232;1841;1.852;37;227;226;229;224;2.723;49.99;396.7;3.330;258.7;2.120;0.0;0.000;60;0;0;2.667;2.791;2.712;599;635;605;49.99;49.99;49.99;3805;1000;0.0;0;1.0000;0;0
600;2016-09-10 10:00:00;172602N232;2100;2.201;38;227;227;229;225;3.102;50.01;393.9;3.523;253.5;2.950;0.0;0.000;60;0;0;3.054;3.171;3.081;688;721;688;50.01;50.01;50.01;3805;1000;0.0;0;1.0000;0;0
600;2016-09-10 10:10:00;172602N232;2306;2.586;39;227;227;227;226;3.414;50.00;391.7;3.706;255.1;3.513;0.0;0.000;60;0;0;3.386;3.445;3.411;764;775;765;50.00;50.00;50.00;3805;1000;0.0;0;1.0000;0;0
600;2016-09-10 10:20:00;172602N232;2480;3.000;39;226;227;226;226;3.671;50.01;390.9;3.875;263.3;3.835;0.0;0.000;60;0;0;3.645;3.709;3.661;823;834;820;50.01;50.01;50.01;3805;1000;0.0;0;1.0000;0;0
600;2016-09-10 10:30:00;172602N232;2633;3.439;39;226;227;228;225;3.888;49.99;387.7;4.058;274.1;4.038;0.0;0.000;60;0;0;3.851;3.956;3.858;870;898;863;49.99;49.99;49.99;3805;1000;0.0;0;1.0000;0;0
600;2016-09-10 10:40:00;172602N232;2784;3.902;40;227;227;229;225;4.094;50.00;385.3;4.217;288.4;4.190;0.0;0.000;60;0;0;4.041;4.176;4.067;915;954;913;50.00;50.00;50.00;3805;1000;0.0;0;1.0000;0;0
600;2016-09-10 10:50:00;172602N232;2967;4.397;40;227;228;229;226;4.359;49.99;385.5;4.397;305.7;4.330;0.0;0.000;60;0;0;4.326;4.422;4.331;982;1008;975;49.99;49.99;49.99;3805;1000;0.0;0;1.0000;0;0
600;2016-09-10 11:00:00;172602N232;3086;4.912;41;228;228;229;226;4.530;49.99;382.9;4.534;312.5;4.490;0.0;0.000;60;0;0;4.509;4.591;4.492;1026;1046;1012;49.99;49.99;49.99;3805;1000;0.0;0;1.0000;0;0
600;2016-09-10 11:10:00;172602N232;3222;5.450;41;228;228;230;226;4.721;50.00;381.5;4.643;326.0;4.616;0.0;0.000;60;0;0;4.693;4.806;4.665;1069;1101;1050;50.00;50.00;50.00;3805;1000;0.0;0;1.0000;0;0
600;2016-09-10 11:20:00;172602N232;3225;5.987;42;228;228;231;225;4.730;49.99;380.9;4.605;334.5;4.563;0.0;0.000;60;0;0;4.689;4.833;4.670;1065;1111;1047;49.99;49.99;49.99;3805;1000;0.0;0;1.0000;0;0
600;2016-09-10 11:30:00;172602N232;3156;6.512;42;228;228;231;225;4.632;50.00;381.8;4.427;347.0;4.373;0.0;0.000;60;0;0;4.583;4.737;4.577;1039;1089;1026;50.00;50.00;50.00;3805;1000;0.0;0;1.0000;0;0
600;2016-09-10 11:40:00;172602N232;3215;7.049;42;228;227;232;226;4.714;50.00;382.8;4.427;360.8;4.354;0.0;0.000;60;0;0;4.629;4.841;4.674;1044;1119;1050;50.00;50.00;50.00;3805;1000;0.0;0;1.0000;0;0
600;2016-09-10 11:50:00;172602N232;3668;7.660;42;229;228;232;225;5.365;49.99;378.5;5.066;362.8;4.997;0.0;0.000;60;0;0;5.311;5.496;5.289;1207;1273;1186;49.99;49.99;49.99;3805;1000;0.0;0;1.0000;0;0
600;2016-09-10 12:00:00;172602N232;3252;8.203;42;228;228;231;226;4.758;49.99;376.8;4.464;373.6;4.351;0.0;0.000;60;0;0;4.714;4.849;4.711;1073;1117;1061;49.99;49.99;49.99;3805;1000;0.0;0;1.0000;0;0
600;2016-09-10 12:10:00;172602N232;3836;8.842;43;229;230;230;227;5.595;50.00;376.7;5.209;378.7;5.123;0.0;0.000;60;0;0;5.569;5.676;5.542;1276;1302;1254;50.00;50.00;50.00;3805;1000;0.0;0;1.0000;0;0
600;2016-09-10 12:20:00;172602N232;4057;9.517;43;229;229;230;228;5.907;49.99;371.6;5.574;371.9;5.530;0.0;0.000;60;0;0;5.871;5.982;5.870;1345;1376;1334;49.99;49.99;49.99;3805;1000;0.0;0;1.0000;0;0
600;2016-09-10 12:30:00;172602N232;3190;10.050;43;228;229;230;227;4.660;50.00;370.6;4.373;371.5;4.349;0.0;0.000;60;0;0;4.622;4.718;4.640;1054;1080;1052;50.00;50.00;50.00;3805;1000;0.0;0;1.0000;0;0
600;2016-09-10 12:40:00;172602N232;3717;10.669;43;228;230;230;226;5.429;49.99;376.2;5.012;376.7;5.044;0.0;0.000;60;0;0;5.422;5.511;5.354;1244;1264;1207;49.99;49.99;49.99;3805;1000;0.0;0;1.0000;0;0
600;2016-09-10 12:50:00;172602N232;4159;11.364;43;229;230;232;225;6.059;50.00;369.1;5.729;369.3;5.754;0.0;0.000;60;0;0;6.034;6.201;5.943;1386;1438;1335;50.00;50.00;50.00;3805;1000;0.0;0;1.0000;0;0
600;2016-09-10 13:00:00;172602N232;2728;11.818;44;228;229;230;225;3.999;50.00;364.6;3.802;367.1;3.765;0.0;0.000;60;0;0;3.973;4.096;3.930;906;945;877;50.00;50.00;50.00;3805;1000;0.0;0;1.0000;0;0
600;2016-09-10 13:10:00;172602N232;1778;12.114;43;227;228;230;225;2.622;50.01;377.3;2.410;382.8;2.283;0.0;0.000;60;0;0;2.580;2.691;2.597;583;617;578;50.01;50.01;50.01;3805;1000;0.0;0;1.0000;0;0
600;2016-09-10 13:20:00;172602N232;1693;12.397;43;227;229;229;224;2.502;50.00;381.3;2.251;389.0;2.140;0.0;0.000;60;0;0;2.475;2.565;2.466;560;585;547;50.00;50.00;50.00;3805;1000;0.0;0;1.0000;0;0
600;2016-09-10 13:30:00;172602N232;3020;12.899;43;228;230;231;224;4.428;50.00;383.2;3.998;387.2;3.950;0.0;0.000;60;0;0;4.418;4.530;4.338;1003;1045;969;50.00;50.00;50.00;3805;1000;0.0;0;1.0000;0;0
600;2016-09-10 13:40:00;172602N232;2570;13.329;43;228;229;230;226;3.762;50.00;374.9;3.467;378.4;3.423;0.0;0.000;60;0;0;3.730;3.839;3.719;851;883;834;50.00;50.00;50.00;3805;1000;0.0;0;1.0000;0;0
600;2016-09-10 13:50:00;172602N232;3274;13.874;44;229;230;232;226;4.773;50.00;378.2;4.412;380.0;4.364;0.0;0.000;60;0;0;4.748;4.879;4.694;1087;1128;1056;50.00;50.00;50.00;3805;1000;0.0;0;1.0000;0;0
600;2016-09-10 14:00:00;172602N232;1613;14.143;44;228;228;230;225;2.427;50.00;374.1;2.168;373.0;2.179;0.0;0.000;60;0;0;2.437;2.457;2.387;532;552;527;50.00;50.00;50.00;3805;1000;0.0;0;1.0000;0;0
600;2016-09-10 14:10:00;172602N232;3530;14.732;44;230;230;232;227;5.132;50.00;378.9;4.733;379.3;4.702;0.0;0.000;60;0;0;5.093;5.254;5.049;1168;1220;1141;50.00;50.00;50.00;3805;1000;0.0;0;1.0000;0;0
600;2016-09-10 14:20:00;172602N232;2635;15.170;44;228;229;230;226;3.888;50.00;378.0;3.523;376.1;3.545;0.0;0.000;60;0;0;3.879;3.947;3.840;873;902;858;50.00;50.00;50.00;3805;1000;0.0;0;1.0000;0;0
600;2016-09-10 14:30:00;172602N232;2861;15.648;44;229;229;231;226;4.207;50.01;379.1;3.821;378.1;3.814;0.0;0.000;60;0;0;4.188;4.278;4.155;945;983;932;50.01;50.01;50.01;3805;1000;0.0;0;1.0000;0;0
600;2016-09-10 14:40:00;172602N232;1975;15.977;44;228;227;230;226;2.904;50.00;376.3;2.635;375.9;2.632;0.0;0.000;60;0;0;2.837;2.995;2.881;640;688;644;50.00;50.00;50.00;3805;1000;0.0;0;1.0000;0;0
600;2016-09-10 14:50:00;172602N232;1674;16.256;44;228;227;230;226;2.475;49.99;386.5;2.158;383.3;2.202;0.0;0.000;60;0;0;2.412;2.546;2.467;540;581;551;49.99;49.99;49.99;3805;1000;0.0;0;1.0000;0;0
600;2016-09-10 15:00:00;172602N232;2752;16.716;43;229;228;231;227;4.014;49.99;388.5;3.631;387.5;3.545;0.0;0.000;60;0;0;3.952;4.109;3.983;899;950;900;49.99;49.99;49.99;3805;1000;0.0;0;1.0000;0;0
600;2016-09-10 15:10:00;172602N232;3443;17.290;44;229;228;233;227;5.020;49.99;377.4;4.649;377.4;4.623;0.0;0.000;60;0;0;4.937;5.144;4.979;1121;1192;1127;49.99;49.99;49.99;3805;1000;0.0;0;1.0000;0;0
600;2016-09-10 15:20:00;172602N232;3341;17.848;44;229;228;233;228;4.872;50.01;371.8;4.578;372.4;4.544;0.0;0.000;60;0;0;4.770;4.982;4.866;1082;1156;1102;50.01;50.01;50.01;3805;1000;0.0;0;1.0000;0;0
600;2016-09-10 15:30:00;172602N232;909;17.998;44;228;227;229;226;1.380;50.00;373.0;1.213;376.3;1.225;0.0;0.000;60;0;0;1.333;1.418;1.390;289;315;304;50.00;50.00;50.00;3805;1000;0.0;0;1.0000;0;0
600;2016-09-10 15:40:00;172602N232;1137;18.188;44;228;228;229;226;1.693;49.99;385.0;1.486;391.1;1.446;0.0;0.000;60;0;0;1.640;1.738;1.701;366;392;378;49.99;49.99;49.99;3805;1000;0.0;0;1.0000;0;0
600;2016-09-10 15:50:00;172602N232;1651;18.463;43;228;227;229;227;2.447;50.00;388.8;2.112;389.4;2.149;0.0;0.000;60;0;0;2.391;2.502;2.449;534;568;547;50.00;50.00;50.00;3805;1000;0.0;0;1.0000;0;0
600;2016-09-10 16:00:00;172602N232;2598;18.896;43;229;228;232;226;3.800;49.99;400.4;3.241;390.4;3.409;0.0;0.000;60;0;0;3.724;3.915;3.763;844;906;846;49.99;49.99;49.99;3805;1000;0.0;0;1.0000;0;0
600;2016-09-10 16:10:00;172602N232;1240;19.104;44;227;227;230;225;1.852;49.98;381.1;1.607;380.5;1.654;0.0;0.000;60;0;0;1.797;1.912;1.849;397;433;408;49.98;49.98;49.98;3805;1000;0.0;0;1.0000;0;0
600;2016-09-10 16:20:00;172602N232;1649;19.378;44;227;226;229;226;2.451;49.99;386.5;2.121;389.5;2.163;0.0;0.000;60;0;0;2.395;2.506;2.454;533;567;547;49.99;49.99;49.99;3805;1000;0.0;0;1.0000;0;0
600;2016-09-10 16:30:00;172602N232;2274;19.757;44;228;227;230;226;3.348;50.01;399.0;2.916;378.5;2.984;0.0;0.000;60;0;0;3.269;3.425;3.350;735;784;752;50.01;50.01;50.01;3805;1000;0.0;0;1.0000;0;0
600;2016-09-10 16:40:00;172602N232;1491;20.005;44;227;226;229;225;2.225;50.00;374.2;2.139;365.7;1.957;0.0;0.000;60;0;0;2.159;2.294;2.222;479;517;493;50.00;50.00;50.00;3805;1000;0.0;0;1.0000;0;0
600;2016-09-10 16:50:00;172602N232;1097;20.189;44;227;227;228;225;1.655;49.99;382.2;1.612;384.8;1.268;0.0;0.000;60;0;0;1.610;1.693;1.662;353;377;365;49.99;49.99;49.99;3805;1000;0.0;0;1.0000;0;0
600;2016-09-10 17:00:00;172602N232;1392;20.421;44;226;225;228;226;2.074;49.99;364.5;2.301;431.7;1.290;0.0;0.000;60;0;0;2.013;2.117;2.094;447;477;467;49.99;49.99;49.99;3805;1000;0.0;0;1.0000;0;0
600;2016-09-10 17:10:00;172602N232;684;20.535;44;225;225;226;225;1.128;49.99;377.4;0.876;400.5;0.900;0.0;0.000;60;0;0;1.122;1.131;1.131;214;235;233;49.99;49.99;49.99;3805;1000;0.0;0;1.0000;0;0
600;2016-09-10 17:20:00;172602N232;523;20.623;44;225;224;226;225;0.869;50.01;404.2;0.581;433.9;0.643;0.0;0.000;60;0;0;0.830;0.899;0.878;160;183;178;50.01;50.01;50.01;3805;1000;0.0;0;1.0000;0;0
600;2016-09-10 17:30:00;172602N232;445;20.696;43;225;225;226;226;0.708;50.02;389.0;0.508;419.4;0.571;0.0;0.000;60;0;0;0.653;0.744;0.729;134;156;153;50.02;50.02;50.02;3805;1000;0.0;0;1.0000;0;0
600;2016-09-10 17:40:00;172602N232;361;20.758;43;226;226;226;225;0.929;49.99;379.8;0.432;399.2;0.467;0.0;0.000;60;0;0;0.941;0.923;0.923;104;133;122;49.99;49.99;49.99;3805;1000;0.0;0;1.0000;0;0
600;2016-09-10 17:50:00;172602N232;264;20.802;43;225;226;225;226;1.097;49.99;372.9;0.327;380.9;0.344;0.0;0.000;60;0;0;1.159;1.115;1.018;78;113;71;49.99;49.99;49.99;3805;1000;0.0;0;1.0000;0;0
600;2016-09-10 18:00:00;172602N232;176;20.831;43;225;226;224;225;0.865;50.00;365.7;0.219;375.1;0.222;0.0;0.000;60;0;0;0.792;1.034;0.769;30;94;49;50.00;50.00;50.00;3805;1000;0.0;0;1.0000;0;0
600;2016-09-10 18:10:00;172602N232;138;20.855;42;225;225;224;226;0.893;49.98;357.7;0.174;374.3;0.173;0.0;0.000;60;0;0;0.772;0.965;0.944;34;65;37;49.98;49.98;49.98;3805;1000;0.0;0;1.0000;0;0
600;2016-09-10 18:20:00;172602N232;109;20.872;42;226;225;226;227;0.870;50.01;348.8;0.137;368.9;0.136;0.0;0.000;60;0;0;0.743;0.980;0.888;32;47;29;50.01;50.01;50.01;3805;1000;0.0;0;1.0000;0;0
600;2016-09-10 18:30:00;172602N232;57;20.882;41;226;225;227;226;0.789;49.99;333.9;0.068;355.5;0.068;0.0;0.000;60;0;0;0.740;0.992;0.636;14;7;38;49.99;49.99;49.99;3805;1000;0.0;0;1.0000;0;0
600;2016-09-10 18:40:00;172602N232;40;20.889;41;226;225;228;226;0.637;49.99;323.3;0.042;344.2;0.044;0.0;0.000;60;0;0;0.591;0.835;0.487;15;1;30;49.99;49.99;49.99;3805;1000;0.0;0;1.0000;0;0
600;2016-09-10 18:50:00;172602N232;24;20.894;41;226;225;228;226;0.504;49.98;298.8;0.020;306.8;0.025;0.0;0.000;60;0;0;0.419;0.719;0.374;14;0;21;49.98;49.98;49.98;3805;1000;0.0;0;1.0000;0;0
600;2016-09-10 19:00:00;172602N232;7;20.896;40;226;226;226;226;0.277;49.99;255.9;0.002;258.6;0.004;0.0;0.000;60;0;0;0.260;0.336;0.235;3;8;6;49.99;49.99;49.99;3805;1000;0.0;0;1.0000;0;0
600;2016-09-10 19:10:00;172602N232;0;20.895;39;226;226;226;225;0.026;49.97;261.5;0.000;261.1;0.000;0.0;0.000;50;0;0;0.035;0.026;0.017;0;1;0;49.97;49.97;49.97;3805;1000;0.0;0;1.0000;0;0
600;2016-09-10 19:20:00;172602N232;0;20.895;38;226;225;229;225;0.000;49.99;229.9;0.000;230.9;0.000;0.0;0.000;50;0;0;0.000;0.000;0.000;0;0;0;49.99;49.99;49.99;3805;1000;0.0;0;1.0000;0;0
600;2016-09-10 19:30:00;172602N232;0;20.895;38;226;225;230;225;0.000;50.00;227.9;0.000;228.8;0.000;0.0;0.000;50;0;0;0.000;0.000;0.000;0;0;0;50.00;50.00;50.00;3805;1000;0.0;0;1.0000;0;0
[wr_ende]
