20170126;230001;172602N232;My Plant;+0100
[wr_def_start]
172602N232;Inverter Type;Inverter Group;72602N232      
[wr_def_end]
[wr]
INTERVAL;TIMESTAMP;SERIAL;P_AC;E_DAY;T_WR;U_AC;U_AC_1;U_AC_2;U_AC_3;I_AC;F_AC;U_DC_1;I_DC_1;U_DC_2;I_DC_2;U_DC_3;I_DC_3;S;E_WR;M_WR;I_AC_1;I_AC_2;I_AC_3;P_AC_1;P_AC_2;P_AC_3;F_AC_1;F_AC_2;F_AC_3;R_DC;PC;PCS;PCS_LL;COS_PHI;COS_PHI_LL;S_COS_PHI
600;2017-01-26 07:20:00;172602N232;0;0.000;0;2;2;2;2;0.000;0.63;2.8;0.000;2.8;0.000;0.0;0.000;50;0;0;0.000;0.000;0.000;0;0;0;0.63;0.63;0.63;35;1000;0.0;0;1.0000;0;0
600;2017-01-26 07:30:00;172602N232;0;0.000;13;222;223;222;221;0.000;50.01;228.0;0.000;228.9;0.000;0.0;0.000;50;0;0;0.000;0.000;0.000;0;0;0;50.01;50.01;50.01;0;1000;0.0;0;1.0000;0;0
600;2017-01-26 07:40:00;172602N232;0;0.000;14;222;221;225;221;0.000;50.02;232.3;0.000;233.2;0.000;0.0;0.000;50;0;0;0.000;0.000;0.000;0;0;0;50.02;50.02;50.02;0;1000;0.0;0;1.0000;0;0
600;2017-01-26 07:50:00;172602N232;0;0.000;15;222;222;225;220;0.000;50.00;278.8;0.000;278.9;0.000;0.0;0.000;60;0;0;0.001;0.000;0.001;0;0;0;50.00;50.00;50.00;1437;1000;0.0;0;1.0000;0;0
600;2017-01-26 08:00:00;172602N232;8;0.002;15;223;224;223;223;0.215;49.99;273.5;0.002;278.8;0.004;0.0;0.000;60;0;0;0.280;0.191;0.176;0;8;9;49.99;49.99;49.99;5895;1000;0.0;0;1.0000;0;0
600;2017-01-26 08:10:00;172602N232;23;0.009;16;223;224;224;222;0.411;50.00;321.6;0.013;351.2;0.017;0.0;0.000;60;0;0;0.516;0.396;0.322;0;16;21;50.00;50.00;50.00;5895;1000;0.0;0;1.0000;0;0
600;2017-01-26 08:20:00;172602N232;33;0.015;16;224;225;225;224;0.446;50.01;349.1;0.023;372.4;0.026;0.0;0.000;60;0;0;0.527;0.451;0.360;0;21;21;50.01;50.01;50.01;5895;1000;0.0;0;1.0000;0;0
600;2017-01-26 08:30:00;172602N232;78;0.028;17;225;225;226;224;0.858;50.01;394.9;0.079;407.9;0.079;0.0;0.000;60;0;0;0.925;0.978;0.672;7;19;50;50.01;50.01;50.01;5895;1000;0.0;0;1.0000;0;0
600;2017-01-26 08:40:00;172602N232;106;0.041;17;224;224;226;223;0.944;50.01;407.5;0.111;415.9;0.111;0.0;0.000;60;0;0;0.877;1.210;0.747;27;13;64;50.01;50.01;50.01;5895;1000;0.0;0;1.0000;0;0
600;2017-01-26 08:50:00;172602N232;143;0.065;17;223;223;225;223;0.955;50.01;418.9;0.151;423.2;0.151;0.0;0.000;60;0;0;0.882;1.216;0.769;29;41;71;50.01;50.01;50.01;5895;1000;0.0;0;1.0000;0;0
600;2017-01-26 09:00:00;172602N232;208;0.100;18;223;223;224;223;1.009;50.03;427.8;0.225;430.9;0.224;0.0;0.000;60;0;0;1.205;1.032;0.791;52;82;72;50.03;50.03;50.03;5895;1000;0.0;0;1.0000;0;0
600;2017-01-26 09:10:00;172602N232;176;0.130;18;224;224;224;223;1.000;50.01;412.2;0.194;426.9;0.188;0.0;0.000;60;0;0;1.294;0.915;0.793;33;77;64;50.01;50.01;50.01;5895;1000;0.0;0;1.0000;0;0
600;2017-01-26 09:20:00;172602N232;226;0.167;18;223;223;223;223;1.045;49.98;425.0;0.248;431.1;0.245;0.0;0.000;60;0;0;1.113;1.038;0.985;45;96;83;49.98;49.98;49.98;5895;1000;0.0;0;1.0000;0;0
600;2017-01-26 09:30:00;172602N232;228;0.205;19;223;223;225;222;1.042;50.01;415.3;0.257;430.0;0.248;0.0;0.000;60;0;0;1.142;1.254;0.730;65;84;77;50.01;50.01;50.01;5895;1000;0.0;0;1.0000;0;0
600;2017-01-26 09:40:00;172602N232;211;0.242;19;223;223;224;222;1.050;50.02;412.6;0.238;427.7;0.230;0.0;0.000;60;0;0;1.261;1.185;0.705;48;91;70;50.02;50.02;50.02;5895;1000;0.0;0;1.0000;0;0
600;2017-01-26 09:50:00;172602N232;238;0.281;19;223;223;224;222;1.049;49.99;415.2;0.269;429.6;0.260;0.0;0.000;60;0;0;1.160;1.167;0.822;57;97;82;49.99;49.99;49.99;5895;1000;0.0;0;1.0000;0;0
600;2017-01-26 10:00:00;172602N232;289;0.329;20;223;223;223;222;1.137;49.99;422.0;0.325;433.0;0.318;0.0;0.000;60;0;0;1.222;1.143;1.048;82;105;100;49.99;49.99;49.99;5895;1000;0.0;0;1.0000;0;0
600;2017-01-26 10:10:00;172602N232;372;0.391;20;223;223;225;222;1.189;50.01;430.5;0.417;436.5;0.411;0.0;0.000;60;0;0;1.209;1.228;1.132;102;128;140;50.01;50.01;50.01;5895;1000;0.0;0;1.0000;0;0
600;2017-01-26 10:20:00;172602N232;379;0.454;20;223;223;224;223;1.152;49.98;428.9;0.427;436.0;0.420;0.0;0.000;60;0;0;1.165;1.182;1.110;106;133;138;49.98;49.98;49.98;5895;1000;0.0;0;1.0000;0;0
600;2017-01-26 10:30:00;172602N232;502;0.538;21;223;224;223;223;0.846;49.99;441.1;0.557;439.6;0.559;0.0;0.000;60;0;0;0.806;0.881;0.851;156;176;168;49.99;49.99;49.99;5895;1000;0.0;0;1.0000;0;0
600;2017-01-26 10:40:00;172602N232;488;0.620;21;224;224;223;223;0.776;50.00;440.8;0.543;439.8;0.542;0.0;0.000;60;0;0;0.729;0.807;0.792;151;170;166;50.00;50.00;50.00;5895;1000;0.0;0;1.0000;0;0
600;2017-01-26 10:50:00;172602N232;501;0.703;21;223;224;223;223;0.794;49.99;438.9;0.559;439.0;0.557;0.0;0.000;60;0;0;0.748;0.826;0.808;155;174;169;49.99;49.99;49.99;5895;1000;0.0;0;1.0000;0;0
600;2017-01-26 11:00:00;172602N232;542;0.794;22;224;223;225;223;0.853;49.99;440.1;0.605;439.8;0.603;0.0;0.000;60;0;0;0.799;0.891;0.869;167;190;183;49.99;49.99;49.99;5895;1000;0.0;0;1.0000;0;0
600;2017-01-26 11:10:00;172602N232;523;0.881;22;223;223;224;223;0.919;50.00;436.9;0.586;438.8;0.584;0.0;0.000;60;0;0;0.946;0.912;0.900;167;180;174;50.00;50.00;50.00;5895;1000;0.0;0;1.0000;0;0
600;2017-01-26 11:20:00;172602N232;660;0.991;23;225;224;226;223;1.071;49.99;445.0;0.734;442.8;0.730;0.0;0.000;60;0;0;1.016;1.106;1.092;208;229;221;49.99;49.99;49.99;5895;1000;0.0;0;1.0000;0;0
600;2017-01-26 11:30:00;172602N232;577;1.089;23;225;225;226;224;0.900;50.03;437.7;0.649;438.8;0.644;0.0;0.000;60;0;0;0.850;0.942;0.910;179;202;193;50.03;50.03;50.03;5895;1000;0.0;0;1.0000;0;0
600;2017-01-26 11:40:00;172602N232;558;1.182;23;225;224;227;224;0.927;50.02;431.7;0.633;437.0;0.627;0.0;0.000;60;0;0;0.880;0.973;0.930;173;197;186;50.02;50.02;50.02;5895;1000;0.0;0;1.0000;0;0
600;2017-01-26 11:50:00;172602N232;583;1.278;24;225;225;227;224;0.949;50.00;428.5;0.670;438.6;0.653;0.0;0.000;60;0;0;0.888;1.046;0.915;182;208;190;50.00;50.00;50.00;5895;1000;0.0;0;1.0000;0;0
600;2017-01-26 12:00:00;172602N232;740;1.402;24;225;224;227;223;1.138;50.03;445.5;0.822;441.3;0.827;0.0;0.000;60;0;0;1.081;1.191;1.144;232;260;246;50.03;50.03;50.03;5895;1000;0.0;0;1.0000;0;0
600;2017-01-26 12:10:00;172602N232;623;1.505;24;224;224;228;221;0.968;50.02;439.4;0.701;439.3;0.695;0.0;0.000;60;0;0;0.915;1.021;0.968;194;222;205;50.02;50.02;50.02;5895;1000;0.0;0;1.0000;0;0
600;2017-01-26 12:20:00;172602N232;567;1.600;24;224;224;226;223;0.888;50.00;436.0;0.640;436.2;0.638;0.0;0.000;60;0;0;0.838;0.932;0.895;176;200;190;50.00;50.00;50.00;5895;1000;0.0;0;1.0000;0;0
600;2017-01-26 12:30:00;172602N232;541;1.690;24;224;225;226;223;0.850;49.99;434.3;0.609;436.4;0.609;0.0;0.000;60;0;0;0.804;0.888;0.858;168;190;181;49.99;49.99;49.99;5895;1000;0.0;0;1.0000;0;0
600;2017-01-26 12:40:00;172602N232;512;1.776;24;224;225;226;223;0.832;50.01;432.0;0.581;436.3;0.574;0.0;0.000;60;0;0;0.794;0.857;0.845;159;179;172;50.01;50.01;50.01;5895;1000;0.0;0;1.0000;0;0
600;2017-01-26 12:50:00;172602N232;558;1.869;25;224;225;226;223;0.881;49.99;434.5;0.629;436.6;0.628;0.0;0.000;60;0;0;0.838;0.921;0.884;174;196;186;49.99;49.99;49.99;5895;1000;0.0;0;1.0000;0;0
600;2017-01-26 13:00:00;172602N232;449;1.944;25;225;224;226;224;0.780;50.00;435.8;0.501;433.3;0.506;0.0;0.000;60;0;0;0.742;0.816;0.784;138;159;150;50.00;50.00;50.00;5895;1000;0.0;0;1.0000;0;0
600;2017-01-26 13:10:00;172602N232;392;2.009;25;224;224;226;223;1.013;50.02;422.7;0.449;431.4;0.441;0.0;0.000;60;0;0;1.021;1.069;0.951;120;139;131;50.02;50.02;50.02;5895;1000;0.0;0;1.0000;0;0
600;2017-01-26 13:20:00;172602N232;420;2.080;25;225;225;226;223;1.051;50.01;433.7;0.467;432.8;0.473;0.0;0.000;60;0;0;1.064;1.106;0.983;127;149;141;50.01;50.01;50.01;5895;1000;0.0;0;1.0000;0;0
600;2017-01-26 13:30:00;172602N232;373;2.142;25;224;225;225;223;1.071;50.00;430.2;0.417;431.4;0.417;0.0;0.000;60;0;0;1.141;1.117;0.956;107;139;125;50.00;50.00;50.00;5895;1000;0.0;0;1.0000;0;0
600;2017-01-26 13:40:00;172602N232;327;2.196;24;225;225;226;224;1.136;50.01;422.1;0.371;429.3;0.365;0.0;0.000;60;0;0;1.236;1.192;0.982;91;123;111;50.01;50.01;50.01;5895;1000;0.0;0;1.0000;0;0
600;2017-01-26 13:50:00;172602N232;335;2.252;24;225;225;226;224;1.158;49.99;422.6;0.378;430.5;0.375;0.0;0.000;60;0;0;1.243;1.201;1.030;95;121;117;49.99;49.99;49.99;5895;1000;0.0;0;1.0000;0;0
600;2017-01-26 14:00:00;172602N232;205;2.288;24;225;225;226;223;1.032;50.01;408.9;0.232;420.9;0.227;0.0;0.000;60;0;0;1.014;1.315;0.769;37;81;85;50.01;50.01;50.01;5895;1000;0.0;0;1.0000;0;0
600;2017-01-26 14:10:00;172602N232;204;2.321;24;225;225;226;223;1.087;50.00;413.3;0.229;421.6;0.225;0.0;0.000;60;0;0;1.227;1.289;0.746;44;77;81;50.00;50.00;50.00;5895;1000;0.0;0;1.0000;0;0
600;2017-01-26 14:20:00;172602N232;204;2.355;24;224;224;226;223;0.996;50.01;412.8;0.228;421.7;0.225;0.0;0.000;60;0;0;0.938;1.264;0.788;36;80;86;50.01;50.01;50.01;5895;1000;0.0;0;1.0000;0;0
600;2017-01-26 14:30:00;172602N232;173;2.385;24;225;225;226;224;0.946;50.00;410.0;0.192;419.3;0.189;0.0;0.000;60;0;0;0.866;1.278;0.696;20;75;75;50.00;50.00;50.00;5895;1000;0.0;0;1.0000;0;0
600;2017-01-26 14:40:00;172602N232;144;2.408;23;223;227;226;216;0.956;50.01;404.3;0.160;415.9;0.157;0.0;0.000;60;0;0;1.215;0.921;0.734;3;66;75;50.01;50.01;50.01;5895;1000;0.0;0;1.0000;0;0
600;2017-01-26 14:50:00;172602N232;115;2.428;23;223;226;227;216;0.927;50.00;397.2;0.125;409.2;0.124;0.0;0.000;60;0;0;1.021;1.016;0.746;13;29;72;50.00;50.00;50.00;5895;1000;0.0;0;1.0000;0;0
600;2017-01-26 15:00:00;172602N232;52;2.436;23;222;226;226;215;0.625;50.00;362.9;0.049;378.0;0.050;0.0;0.000;60;0;0;0.788;0.601;0.488;0;30;41;50.00;50.00;50.00;5895;1000;0.0;0;1.0000;0;0
600;2017-01-26 15:10:00;172602N232;24;2.442;23;222;225;226;215;0.410;50.02;316.3;0.015;338.1;0.018;0.0;0.000;60;0;0;0.581;0.383;0.268;0;14;20;50.02;50.02;50.02;5895;1000;0.0;0;1.0000;0;0
600;2017-01-26 15:20:00;172602N232;17;2.444;22;223;226;227;215;0.347;50.04;296.5;0.009;312.5;0.013;0.0;0.000;60;0;0;0.442;0.347;0.252;0;9;19;50.04;50.04;50.04;5895;1000;0.0;0;1.0000;0;0
600;2017-01-26 15:30:00;172602N232;1;2.445;22;222;227;226;215;0.112;50.01;252.3;0.000;252.6;0.000;0.0;0.000;60;0;0;0.164;0.088;0.086;0;4;5;50.01;50.01;50.01;5895;1000;0.0;0;1.0000;0;0
600;2017-01-26 15:40:00;172602N232;0;2.444;22;223;226;224;218;0.005;50.00;270.9;0.000;270.3;0.000;0.0;0.000;60;0;0;0.009;0.003;0.003;0;0;0;50.00;50.00;50.00;5370;1000;0.0;0;1.0000;0;0
600;2017-01-26 15:50:00;172602N232;0;2.444;21;224;223;224;224;0.002;49.99;246.4;0.000;246.9;0.000;0.0;0.000;50;0;0;0.006;0.000;0.000;0;0;0;49.99;49.99;49.99;4939;1000;0.0;0;1.0000;0;0
600;2017-01-26 16:00:00;172602N232;0;2.444;21;224;222;227;223;0.000;49.99;230.5;0.000;231.5;0.000;0.0;0.000;50;0;0;0.000;0.000;0.000;0;0;0;49.99;49.99;49.99;4939;1000;0.0;0;1.0000;0;0
600;2017-01-26 16:10:00;172602N232;0;2.444;20;223;220;226;222;0.000;49.99;230.3;0.000;231.2;0.000;0.0;0.000;50;0;0;0.000;0.000;0.000;0;0;0;49.99;49.99;49.99;4939;1000;0.0;0;1.0000;0;0
600;2017-01-26 16:20:00;172602N232;0;2.444;20;223;220;226;223;0.000;50.04;228.1;0.000;229.1;0.000;0.0;0.000;50;0;0;0.000;0.000;0.000;0;0;0;50.04;50.04;50.04;4939;1000;0.0;0;1.0000;0;0
[wr_ende]
