20120710;230005;172602N232;My Plant;+0100
[wr_def_start]
172602N232;Inverter Type;Inverter Group;72602N232      
[wr_def_end]
[wr]
INTERVAL;TIMESTAMP;SERIAL;P_AC;E_DAY;T_WR;U_AC;U_AC_1;U_AC_2;U_AC_3;I_AC;F_AC;U_DC_1;I_DC_1;U_DC_2;I_DC_2;U_DC_3;I_DC_3;S;E_WR;M_WR;I_AC_1;I_AC_2;I_AC_3;P_AC_1;P_AC_2;P_AC_3;F_AC_1;F_AC_2;F_AC_3;R_DC;PC;PCS;PCS_LL;COS_PHI;COS_PHI_LL;S_COS_PHI
600;2012-07-10 04:40:00;172602N232;0;0.000;0;4;4;4;4;0.000;1.03;4.3;0.000;4.2;0.000;0.0;0.000;50;0;0;0.000;0.000;0.000;0;0;0;1.03;1.03;1.03;122;1000;0.0;0;1.0000;0;0
600;2012-07-10 04:50:00;172602N232;0;0.000;27;225;226;228;222;0.000;50.00;228.5;0.000;229.4;0.000;0.0;0.000;50;0;0;0.000;0.000;0.000;0;0;0;50.00;50.00;50.00;0;1000;0.0;0;1.0000;0;0
600;2012-07-10 05:00:00;172602N232;0;0.000;29;225;226;227;222;0.000;50.01;227.8;0.000;228.7;0.000;0.0;0.000;50;0;0;0.000;0.000;0.000;0;0;0;50.01;50.01;50.01;0;1000;0.0;0;1.0000;0;0
600;2012-07-10 05:10:00;172602N232;0;0.000;30;225;226;228;222;0.000;50.00;229.1;0.000;230.0;0.000;0.0;0.000;50;0;0;0.000;0.000;0.000;0;0;0;50.00;50.00;50.00;0;1000;0.0;0;1.0000;0;0
600;2012-07-10 05:20:00;172602N232;0;0.000;30;225;225;227;222;0.000;50.00;228.8;0.000;229.7;0.000;0.0;0.000;50;0;0;0.000;0.000;0.000;0;0;0;50.00;50.00;50.00;0;1000;0.0;0;1.0000;0;0
600;2012-07-10 05:30:00;172602N232;0;0.000;30;224;225;226;221;0.000;50.01;261.5;0.000;261.9;0.000;0.0;0.000;50;0;0;0.000;0.000;0.000;0;0;0;50.01;50.01;50.01;0;1000;0.0;0;1.0000;0;0
600;2012-07-10 05:40:00;172602N232;6;0.001;31;224;224;226;222;0.129;50.01;296.8;0.004;291.7;0.004;0.0;0.000;60;0;0;0.149;0.140;0.098;0;2;6;50.01;50.01;50.01;6437;1000;0.0;0;1.0000;0;0
600;2012-07-10 05:50:00;172602N232;11;0.004;31;224;225;225;223;0.275;50.01;276.6;0.007;263.8;0.008;0.0;0.000;60;0;0;0.368;0.247;0.210;0;7;12;50.01;50.01;50.01;9320;1000;0.0;0;1.0000;0;0
600;2012-07-10 06:00:00;172602N232;10;0.007;31;225;225;226;224;0.282;50.01;270.8;0.006;257.4;0.007;0.0;0.000;60;0;0;0.382;0.275;0.189;1;5;10;50.01;50.01;50.01;9320;1000;0.0;0;1.0000;0;0
600;2012-07-10 06:10:00;172602N232;6;0.008;32;224;225;225;223;0.189;50.05;262.1;0.003;257.6;0.003;0.0;0.000;60;0;0;0.319;0.122;0.126;6;2;7;50.05;50.05;50.05;9320;1000;0.0;0;1.0000;0;0
600;2012-07-10 06:20:00;172602N232;105;0.024;32;227;228;228;226;0.815;49.98;370.7;0.128;370.0;0.108;0.0;0.000;60;0;0;1.023;0.832;0.590;10;47;49;49.98;49.98;49.98;9320;1000;0.0;0;1.0000;0;0
600;2012-07-10 06:30:00;172602N232;146;0.047;32;225;226;226;224;0.981;49.99;394.3;0.179;399.8;0.155;0.0;0.000;60;0;0;1.285;0.890;0.770;21;63;61;49.99;49.99;49.99;9320;1000;0.0;0;1.0000;0;0
600;2012-07-10 06:40:00;172602N232;124;0.069;33;225;225;225;224;1.010;49.99;386.2;0.154;394.1;0.129;0.0;0.000;60;0;0;1.416;0.845;0.771;7;69;48;49.99;49.99;49.99;9320;1000;0.0;0;1.0000;0;0
600;2012-07-10 06:50:00;172602N232;168;0.097;34;224;225;225;224;0.974;49.99;395.1;0.211;405.8;0.172;0.0;0.000;60;0;0;1.287;0.881;0.756;30;76;59;49.99;49.99;49.99;9320;1000;0.0;0;1.0000;0;0
600;2012-07-10 07:00:00;172602N232;220;0.134;34;224;225;225;223;1.010;50.00;402.6;0.276;413.0;0.229;0.0;0.000;60;0;0;1.146;1.070;0.816;49;86;83;50.00;50.00;50.00;9320;1000;0.0;0;1.0000;0;0
600;2012-07-10 07:10:00;172602N232;251;0.176;35;224;225;225;223;1.098;50.05;403.4;0.314;412.1;0.264;0.0;0.000;60;0;0;1.266;1.105;0.925;53;98;98;50.05;50.05;50.05;9320;1000;0.0;0;1.0000;0;0
600;2012-07-10 07:20:00;172602N232;263;0.219;35;226;227;227;225;1.115;50.00;406.7;0.331;416.3;0.276;0.0;0.000;60;0;0;1.257;1.169;0.921;62;106;93;50.00;50.00;50.00;9320;1000;0.0;0;1.0000;0;0
600;2012-07-10 07:30:00;172602N232;350;0.278;36;228;228;228;226;1.178;49.98;412.3;0.439;422.3;0.371;0.0;0.000;60;0;0;1.295;1.131;1.110;96;132;119;49.98;49.98;49.98;9320;1000;0.0;0;1.0000;0;0
600;2012-07-10 07:40:00;172602N232;345;0.336;36;227;228;228;226;1.179;50.01;412.6;0.431;420.5;0.367;0.0;0.000;60;0;0;1.260;1.201;1.076;88;131;124;50.01;50.01;50.01;9320;1000;0.0;0;1.0000;0;0
600;2012-07-10 07:50:00;172602N232;421;0.406;36;227;226;228;226;0.927;50.00;417.3;0.523;423.9;0.453;0.0;0.000;60;0;0;0.923;0.959;0.901;129;144;146;50.00;50.00;50.00;9320;1000;0.0;0;1.0000;0;0
600;2012-07-10 08:00:00;172602N232;788;0.537;37;226;227;228;225;1.199;49.99;428.5;0.992;438.5;0.813;0.0;0.000;60;0;0;1.139;1.245;1.215;248;274;264;49.99;49.99;49.99;9320;1000;0.0;0;1.0000;0;0
600;2012-07-10 08:10:00;172602N232;504;0.622;37;227;225;228;226;0.783;50.04;419.5;0.641;428.4;0.527;0.0;0.000;60;0;0;0.714;0.828;0.807;151;178;172;50.04;50.04;50.04;9320;1000;0.0;0;1.0000;0;0
600;2012-07-10 08:20:00;172602N232;583;0.718;38;226;225;227;226;0.901;50.02;422.5;0.732;431.2;0.615;0.0;0.000;60;0;0;0.834;0.946;0.925;178;204;199;50.02;50.02;50.02;9320;1000;0.0;0;1.0000;0;0
600;2012-07-10 08:30:00;172602N232;1104;0.903;38;226;227;228;224;1.678;49.99;429.0;1.421;442.3;1.105;0.0;0.000;60;0;0;1.625;1.723;1.687;353;382;367;49.99;49.99;49.99;9320;1000;0.0;0;1.0000;0;0
600;2012-07-10 08:40:00;172602N232;1129;1.092;39;226;226;227;225;1.720;50.00;428.2;1.487;443.3;1.103;0.0;0.000;60;0;0;1.662;1.761;1.737;360;389;378;50.00;50.00;50.00;9320;1000;0.0;0;1.0000;0;0
600;2012-07-10 08:50:00;172602N232;834;1.231;39;226;226;226;225;1.271;50.01;420.3;1.076;434.1;0.865;0.0;0.000;60;0;0;1.213;1.311;1.291;264;287;281;50.01;50.01;50.01;9320;1000;0.0;0;1.0000;0;0
600;2012-07-10 09:00:00;172602N232;578;1.327;39;226;227;227;225;1.147;49.99;413.3;0.751;428.0;0.595;0.0;0.000;60;0;0;1.148;1.170;1.124;181;203;191;49.99;49.99;49.99;9320;1000;0.0;0;1.0000;0;0
600;2012-07-10 09:10:00;172602N232;393;1.392;40;226;227;226;224;1.196;49.99;410.6;0.498;420.9;0.418;0.0;0.000;60;0;0;1.352;1.185;1.053;114;146;131;49.99;49.99;49.99;9320;1000;0.0;0;1.0000;0;0
600;2012-07-10 09:20:00;172602N232;893;1.542;40;225;226;226;224;1.357;49.99;428.3;1.120;438.6;0.930;0.0;0.000;60;0;0;1.307;1.397;1.369;286;308;298;49.99;49.99;49.99;9320;1000;0.0;0;1.0000;0;0
600;2012-07-10 09:30:00;172602N232;1047;1.717;40;225;226;226;225;1.593;49.99;429.3;1.319;440.8;1.083;0.0;0.000;60;0;0;1.546;1.625;1.608;337;357;351;49.99;49.99;49.99;9320;1000;0.0;0;1.0000;0;0
600;2012-07-10 09:40:00;172602N232;1111;1.901;40;225;225;225;224;1.713;50.00;423.6;1.455;423.2;1.145;0.0;0.000;60;0;0;1.670;1.735;1.734;358;378;374;50.00;50.00;50.00;9320;1000;0.0;0;1.0000;0;0
600;2012-07-10 09:50:00;172602N232;730;2.024;40;225;225;225;224;1.251;50.01;414.5;0.972;425.2;0.745;0.0;0.000;60;0;0;1.225;1.280;1.249;231;252;244;50.01;50.01;50.01;9320;1000;0.0;0;1.0000;0;0
600;2012-07-10 10:00:00;172602N232;1187;2.221;40;225;225;225;224;1.825;50.00;426.7;1.512;440.3;1.227;0.0;0.000;60;0;0;1.779;1.848;1.850;381;405;399;50.00;50.00;50.00;9320;1000;0.0;0;1.0000;0;0
600;2012-07-10 10:10:00;172602N232;962;2.382;41;224;224;225;224;1.486;50.02;421.4;1.249;426.7;1.012;0.0;0.000;60;0;0;1.438;1.513;1.509;307;329;324;50.02;50.02;50.02;9320;1000;0.0;0;1.0000;0;0
600;2012-07-10 10:20:00;172602N232;579;2.479;41;223;223;224;223;0.910;50.01;421.6;0.707;423.3;0.644;0.0;0.000;60;0;0;0.848;0.953;0.930;179;203;196;50.01;50.01;50.01;9320;1000;0.0;0;1.0000;0;0
600;2012-07-10 10:30:00;172602N232;1053;2.653;41;223;220;226;223;1.619;50.00;425.8;1.333;421.0;1.151;0.0;0.000;60;0;0;1.528;1.683;1.646;326;367;358;50.00;50.00;50.00;9320;1000;0.0;0;1.0000;0;0
600;2012-07-10 10:40:00;172602N232;1839;2.961;41;223;222;225;223;2.765;50.00;424.8;2.473;425.7;1.886;0.0;0.000;60;0;0;2.685;2.816;2.796;592;627;619;50.00;50.00;50.00;9320;1000;0.0;0;1.0000;0;0
600;2012-07-10 10:50:00;172602N232;1830;3.267;41;223;224;223;223;2.758;50.00;413.7;2.955;384.3;1.626;0.0;0.000;60;0;0;2.711;2.789;2.775;601;616;611;50.00;50.00;50.00;9320;1000;0.0;0;1.0000;0;0
600;2012-07-10 11:00:00;172602N232;538;3.356;41;223;223;222;223;1.011;50.00;410.0;0.677;417.7;0.595;0.0;0.000;60;0;0;0.991;1.031;1.013;169;187;180;50.00;50.00;50.00;9320;1000;0.0;0;1.0000;0;0
600;2012-07-10 11:10:00;172602N232;1323;3.577;42;223;224;223;222;2.008;50.00;428.8;1.660;440.1;1.382;0.0;0.000;60;0;0;1.965;2.034;2.026;432;446;443;50.00;50.00;50.00;9320;1000;0.0;0;1.0000;0;0
600;2012-07-10 11:20:00;172602N232;2028;3.914;42;224;224;225;223;3.047;49.99;423.0;2.747;436.9;1.999;0.0;0.000;60;0;0;2.985;3.098;3.059;662;690;674;49.99;49.99;49.99;9320;1000;0.0;0;1.0000;0;0
600;2012-07-10 11:30:00;172602N232;661;4.025;42;223;224;223;222;1.028;49.99;412.1;0.820;419.3;0.746;0.0;0.000;60;0;0;0.977;1.059;1.049;209;227;223;49.99;49.99;49.99;9320;1000;0.0;0;1.0000;0;0
600;2012-07-10 11:40:00;172602N232;1877;4.338;42;224;225;225;223;2.818;50.00;427.3;2.391;442.4;1.954;0.0;0.000;60;0;0;2.770;2.858;2.826;616;636;624;50.00;50.00;50.00;9320;1000;0.0;0;1.0000;0;0
600;2012-07-10 11:50:00;172602N232;976;4.501;42;224;225;225;223;1.571;50.00;408.8;1.288;423.0;1.034;0.0;0.000;60;0;0;1.547;1.602;1.564;310;337;327;50.00;50.00;50.00;9320;1000;0.0;0;1.0000;0;0
600;2012-07-10 12:00:00;172602N232;369;4.563;42;224;225;225;223;1.192;50.01;400.6;0.466;409.8;0.412;0.0;0.000;60;0;0;1.331;1.228;1.018;101;139;126;50.01;50.01;50.01;9320;1000;0.0;0;1.0000;0;0
600;2012-07-10 12:10:00;172602N232;1102;4.747;42;225;227;227;223;1.716;50.01;415.2;1.386;433.5;1.210;0.0;0.000;60;0;0;1.696;1.743;1.710;359;378;364;50.01;50.01;50.01;9320;1000;0.0;0;1.0000;0;0
600;2012-07-10 12:20:00;172602N232;1190;4.945;42;226;227;226;224;1.827;50.02;426.7;1.475;434.5;1.285;0.0;0.000;60;0;0;1.800;1.847;1.835;387;405;397;50.02;50.02;50.02;9320;1000;0.0;0;1.0000;0;0
600;2012-07-10 12:30:00;172602N232;672;5.057;42;226;227;226;225;1.273;50.03;408.7;0.837;419.6;0.767;0.0;0.000;60;0;0;1.299;1.277;1.244;220;231;220;50.03;50.03;50.03;9320;1000;0.0;0;1.0000;0;0
600;2012-07-10 12:40:00;172602N232;1867;5.368;42;226;227;227;225;2.783;50.00;426.4;2.342;435.1;2.012;0.0;0.000;60;0;0;2.738;2.821;2.792;612;633;620;50.00;50.00;50.00;9320;1000;0.0;0;1.0000;0;0
600;2012-07-10 12:50:00;172602N232;1723;5.655;42;226;226;226;225;2.579;50.01;418.4;2.249;432.3;1.820;0.0;0.000;60;0;0;2.525;2.611;2.601;561;583;577;50.01;50.01;50.01;9320;1000;0.0;0;1.0000;0;0
600;2012-07-10 13:00:00;172602N232;1333;5.879;42;226;226;226;225;2.044;50.02;417.3;1.721;428.3;1.436;0.0;0.000;60;0;0;2.000;2.058;2.074;429;451;451;50.02;50.02;50.02;9320;1000;0.0;0;1.0000;0;0
600;2012-07-10 13:10:00;172602N232;661;5.988;42;225;226;225;225;1.063;49.99;411.8;0.855;421.5;0.714;0.0;0.000;60;0;0;1.016;1.096;1.078;208;229;223;49.99;49.99;49.99;9320;1000;0.0;0;1.0000;0;0
600;2012-07-10 13:20:00;172602N232;1415;6.224;42;225;225;226;224;2.139;50.01;425.8;1.743;434.3;1.549;0.0;0.000;60;0;0;2.084;2.170;2.163;456;481;475;50.01;50.01;50.01;9320;1000;0.0;0;1.0000;0;0
600;2012-07-10 13:30:00;172602N232;812;6.360;42;225;225;226;224;1.339;50.01;417.0;1.029;425.1;0.883;0.0;0.000;60;0;0;1.324;1.356;1.339;260;278;272;50.01;50.01;50.01;9320;1000;0.0;0;1.0000;0;0
600;2012-07-10 13:40:00;172602N232;1232;6.565;42;225;226;225;225;1.913;49.99;417.0;1.538;433.0;1.362;0.0;0.000;60;0;0;1.890;1.927;1.923;399;417;413;49.99;49.99;49.99;9320;1000;0.0;0;1.0000;0;0
600;2012-07-10 13:50:00;172602N232;1728;6.853;42;226;226;226;225;2.582;50.00;428.3;2.155;433.4;1.869;0.0;0.000;60;0;0;2.523;2.614;2.610;561;584;581;50.00;50.00;50.00;9320;1000;0.0;0;1.0000;0;0
600;2012-07-10 14:00:00;172602N232;909;7.005;42;226;226;226;225;1.391;50.01;416.7;1.166;427.9;0.978;0.0;0.000;60;0;0;1.334;1.426;1.415;288;312;307;50.01;50.01;50.01;9320;1000;0.0;0;1.0000;0;0
600;2012-07-10 14:10:00;172602N232;1164;7.199;42;226;226;227;224;1.765;49.97;424.6;1.444;431.1;1.275;0.0;0.000;60;0;0;1.713;1.800;1.784;373;399;390;49.97;49.97;49.97;9320;1000;0.0;0;1.0000;0;0
600;2012-07-10 14:20:00;172602N232;1507;7.450;43;226;227;227;225;2.244;50.00;423.0;1.873;430.8;1.667;0.0;0.000;60;0;0;2.188;2.284;2.262;489;512;503;50.00;50.00;50.00;9320;1000;0.0;0;1.0000;0;0
600;2012-07-10 14:30:00;172602N232;1889;7.765;43;227;227;227;226;2.792;50.01;424.9;2.351;428.3;2.103;0.0;0.000;60;0;0;2.734;2.835;2.808;617;640;630;50.01;50.01;50.01;9320;1000;0.0;0;1.0000;0;0
600;2012-07-10 14:40:00;172602N232;1557;8.024;43;227;227;227;225;2.342;50.00;417.3;1.989;426.3;1.715;0.0;0.000;60;0;0;2.300;2.368;2.358;507;528;520;50.00;50.00;50.00;9320;1000;0.0;0;1.0000;0;0
600;2012-07-10 14:50:00;172602N232;1191;8.224;43;227;227;227;225;1.801;50.02;417.7;1.522;427.6;1.296;0.0;0.000;60;0;0;1.771;1.820;1.813;388;404;396;50.02;50.02;50.02;9320;1000;0.0;0;1.0000;0;0
600;2012-07-10 15:00:00;172602N232;1924;8.544;43;227;227;227;226;2.852;50.03;425.4;2.392;432.0;2.123;0.0;0.000;60;0;0;2.794;2.887;2.877;627;651;644;50.03;50.03;50.03;9320;1000;0.0;0;1.0000;0;0
600;2012-07-10 15:10:00;172602N232;1795;8.844;43;226;226;227;226;2.680;49.99;414.6;2.288;423.2;2.008;0.0;0.000;60;0;0;2.621;2.714;2.705;583;609;601;49.99;49.99;49.99;9320;1000;0.0;0;1.0000;0;0
600;2012-07-10 15:20:00;172602N232;622;8.948;43;226;227;226;225;0.960;50.00;406.6;0.813;417.3;0.679;0.0;0.000;60;0;0;0.905;0.993;0.982;194;215;211;50.00;50.00;50.00;9320;1000;0.0;0;1.0000;0;0
600;2012-07-10 15:30:00;172602N232;694;9.064;43;227;228;227;225;1.083;49.99;415.2;0.874;422.2;0.761;0.0;0.000;60;0;0;1.046;1.107;1.096;220;239;233;49.99;49.99;49.99;9320;1000;0.0;0;1.0000;0;0
600;2012-07-10 15:40:00;172602N232;1164;9.258;43;227;229;228;226;1.749;50.00;419.3;1.495;432.6;1.235;0.0;0.000;60;0;0;1.708;1.780;1.760;378;397;387;50.00;50.00;50.00;9320;1000;0.0;0;1.0000;0;0
600;2012-07-10 15:50:00;172602N232;595;9.358;43;227;227;228;226;1.075;50.01;411.7;0.756;419.0;0.651;0.0;0.000;60;0;0;1.036;1.118;1.073;181;209;204;50.01;50.01;50.01;9320;1000;0.0;0;1.0000;0;0
600;2012-07-10 16:00:00;172602N232;379;9.421;43;227;228;226;226;1.079;50.00;409.1;0.471;412.4;0.421;0.0;0.000;60;0;0;1.161;1.022;1.056;107;144;126;50.00;50.00;50.00;9320;1000;0.0;0;1.0000;0;0
600;2012-07-10 16:10:00;172602N232;578;9.517;43;227;229;227;226;0.906;50.00;417.0;0.715;422.1;0.642;0.0;0.000;60;0;0;0.857;0.942;0.921;181;201;194;50.00;50.00;50.00;9320;1000;0.0;0;1.0000;0;0
600;2012-07-10 16:20:00;172602N232;866;9.662;42;226;229;226;223;1.310;50.00;419.5;1.067;426.5;0.967;0.0;0.000;60;0;0;1.268;1.350;1.313;281;298;284;50.00;50.00;50.00;9320;1000;0.0;0;1.0000;0;0
600;2012-07-10 16:30:00;172602N232;634;9.769;42;226;229;226;222;0.972;50.00;413.3;0.806;422.4;0.689;0.0;0.000;60;0;0;0.928;1.014;0.975;202;222;208;50.00;50.00;50.00;9320;1000;0.0;0;1.0000;0;0
600;2012-07-10 16:40:00;172602N232;588;9.866;42;226;228;227;222;1.163;50.00;417.9;0.725;421.1;0.652;0.0;0.000;60;0;0;1.212;1.168;1.110;190;205;191;50.00;50.00;50.00;9320;1000;0.0;0;1.0000;0;0
600;2012-07-10 16:50:00;172602N232;689;9.981;42;225;227;225;223;1.054;49.99;421.7;0.843;423.2;0.768;0.0;0.000;60;0;0;1.010;1.091;1.062;220;238;229;49.99;49.99;49.99;9320;1000;0.0;0;1.0000;0;0
600;2012-07-10 17:00:00;172602N232;972;10.143;42;224;228;226;220;1.491;50.02;425.2;1.193;428.1;1.075;0.0;0.000;60;0;0;1.462;1.534;1.479;318;336;315;50.02;50.02;50.02;9320;1000;0.0;0;1.0000;0;0
600;2012-07-10 17:10:00;172602N232;787;10.274;42;224;229;225;219;1.197;50.01;416.7;0.998;425.2;0.853;0.0;0.000;60;0;0;1.166;1.240;1.187;258;273;254;50.01;50.01;50.01;9320;1000;0.0;0;1.0000;0;0
600;2012-07-10 17:20:00;172602N232;468;10.352;42;224;227;225;220;1.094;50.01;406.1;0.592;415.6;0.519;0.0;0.000;60;0;0;1.163;1.098;1.023;141;171;154;50.01;50.01;50.01;9320;1000;0.0;0;1.0000;0;0
600;2012-07-10 17:30:00;172602N232;1013;10.521;42;224;226;224;221;1.572;50.01;426.5;1.233;428.1;1.125;0.0;0.000;60;0;0;1.548;1.594;1.576;330;346;335;50.01;50.01;50.01;9320;1000;0.0;0;1.0000;0;0
600;2012-07-10 17:40:00;172602N232;1136;10.711;42;224;225;224;223;1.776;50.02;408.0;1.455;427.0;1.269;0.0;0.000;60;0;0;1.755;1.781;1.793;368;385;381;50.02;50.02;50.02;9320;1000;0.0;0;1.0000;0;0
600;2012-07-10 17:50:00;172602N232;568;10.805;42;224;224;224;223;1.142;50.01;407.3;0.744;419.7;0.608;0.0;0.000;60;0;0;1.195;1.142;1.089;180;198;187;50.01;50.01;50.01;9320;1000;0.0;0;1.0000;0;0
600;2012-07-10 18:00:00;172602N232;479;10.886;42;224;225;225;223;1.209;50.01;411.3;0.599;417.5;0.526;0.0;0.000;60;0;0;1.228;1.257;1.143;136;171;170;50.01;50.01;50.01;9320;1000;0.0;0;1.0000;0;0
600;2012-07-10 18:10:00;172602N232;603;10.986;42;225;225;226;224;0.932;50.02;415.3;0.761;423.3;0.657;0.0;0.000;60;0;0;0.870;0.972;0.955;186;211;204;50.02;50.02;50.02;9320;1000;0.0;0;1.0000;0;0
600;2012-07-10 18:20:00;172602N232;527;11.074;42;225;225;225;225;0.819;50.02;412.6;0.671;422.0;0.566;0.0;0.000;60;0;0;0.760;0.854;0.843;162;184;180;50.02;50.02;50.02;9320;1000;0.0;0;1.0000;0;0
600;2012-07-10 18:30:00;172602N232;439;11.148;42;225;226;226;224;0.734;50.00;410.3;0.555;418.5;0.479;0.0;0.000;60;0;0;0.684;0.774;0.745;133;156;148;50.00;50.00;50.00;9320;1000;0.0;0;1.0000;0;0
600;2012-07-10 18:40:00;172602N232;288;11.195;42;225;225;227;222;1.002;50.02;401.1;0.364;410.4;0.311;0.0;0.000;60;0;0;1.060;1.165;0.783;87;95;104;50.02;50.02;50.02;9320;1000;0.0;0;1.0000;0;0
600;2012-07-10 18:50:00;172602N232;357;11.256;41;225;224;228;224;1.101;50.00;408.6;0.440;413.8;0.394;0.0;0.000;60;0;0;1.051;1.271;0.983;110;115;129;50.00;50.00;50.00;9320;1000;0.0;0;1.0000;0;0
600;2012-07-10 19:00:00;172602N232;450;11.331;41;225;226;228;222;0.745;50.00;415.2;0.556;419.7;0.496;0.0;0.000;60;0;0;0.693;0.795;0.749;137;162;149;50.00;50.00;50.00;9320;1000;0.0;0;1.0000;0;0
600;2012-07-10 19:10:00;172602N232;390;11.396;41;226;227;227;224;1.076;50.02;406.9;0.483;414.7;0.438;0.0;0.000;60;0;0;1.101;1.120;1.008;100;144;144;50.02;50.02;50.02;9320;1000;0.0;0;1.0000;0;0
600;2012-07-10 19:20:00;172602N232;372;11.457;41;227;227;228;225;1.293;50.02;398.5;0.473;414.3;0.414;0.0;0.000;60;0;0;1.346;1.365;1.170;82;134;154;50.02;50.02;50.02;9320;1000;0.0;0;1.0000;0;0
600;2012-07-10 19:30:00;172602N232;185;11.489;41;227;228;228;226;1.047;50.00;389.2;0.240;400.8;0.193;0.0;0.000;60;0;0;1.421;0.959;0.762;38;75;70;50.00;50.00;50.00;9320;1000;0.0;0;1.0000;0;0
600;2012-07-10 19:40:00;172602N232;226;11.527;41;227;228;229;225;1.083;50.00;398.8;0.288;408.8;0.238;0.0;0.000;60;0;0;1.291;1.167;0.793;44;91;89;50.00;50.00;50.00;9320;1000;0.0;0;1.0000;0;0
600;2012-07-10 19:50:00;172602N232;221;11.563;40;226;228;227;224;1.149;50.01;398.5;0.278;404.7;0.239;0.0;0.000;60;0;0;1.594;1.075;0.778;29;113;84;50.01;50.01;50.01;9320;1000;0.0;0;1.0000;0;0
600;2012-07-10 20:00:00;172602N232;134;11.586;40;227;228;226;225;1.110;50.01;383.1;0.172;383.4;0.143;0.0;0.000;60;0;0;1.676;0.871;0.784;0;89;65;50.01;50.01;50.01;9320;1000;0.0;0;1.0000;0;0
600;2012-07-10 20:10:00;172602N232;175;11.616;40;227;229;227;225;1.081;50.00;391.9;0.218;397.4;0.191;0.0;0.000;60;0;0;1.545;0.848;0.852;13;87;82;50.00;50.00;50.00;9320;1000;0.0;0;1.0000;0;0
600;2012-07-10 20:20:00;172602N232;185;11.647;40;226;227;226;225;1.041;50.01;396.6;0.201;393.5;0.231;0.0;0.000;60;0;0;1.374;0.971;0.780;23;94;67;50.01;50.01;50.01;9320;1000;0.0;0;1.0000;0;0
600;2012-07-10 20:30:00;172602N232;184;11.678;40;227;228;226;226;1.038;50.02;391.4;0.219;396.5;0.214;0.0;0.000;60;0;0;1.335;0.951;0.828;22;97;63;50.02;50.02;50.02;9320;1000;0.0;0;1.0000;0;0
600;2012-07-10 20:40:00;172602N232;245;11.719;39;227;229;226;226;1.116;50.01;398.4;0.276;394.4;0.311;0.0;0.000;60;0;0;1.406;1.032;0.912;48;110;86;50.01;50.01;50.01;9320;1000;0.0;0;1.0000;0;0
600;2012-07-10 20:50:00;172602N232;198;11.752;39;227;229;227;226;0.989;50.00;390.1;0.232;397.5;0.237;0.0;0.000;60;0;0;1.211;0.889;0.869;24;81;93;50.00;50.00;50.00;9320;1000;0.0;0;1.0000;0;0
600;2012-07-10 21:00:00;172602N232;147;11.777;39;228;229;228;226;0.884;49.99;386.7;0.172;393.6;0.170;0.0;0.000;60;0;0;1.032;0.938;0.684;6;72;67;49.99;49.99;49.99;9320;1000;0.0;0;1.0000;0;0
600;2012-07-10 21:10:00;172602N232;115;11.797;39;228;229;229;226;0.890;49.98;372.5;0.135;388.1;0.133;0.0;0.000;60;0;0;1.037;0.905;0.728;5;43;66;49.98;49.98;49.98;9320;1000;0.0;0;1.0000;0;0
600;2012-07-10 21:20:00;172602N232;87;11.811;39;228;228;229;226;0.879;50.00;369.3;0.100;382.2;0.098;0.0;0.000;60;0;0;1.024;0.906;0.709;1;31;57;50.00;50.00;50.00;9320;1000;0.0;0;1.0000;0;0
600;2012-07-10 21:30:00;172602N232;53;11.820;39;228;228;228;226;0.871;50.01;347.7;0.059;365.8;0.058;0.0;0.000;60;0;0;1.081;0.845;0.688;0;23;46;50.01;50.01;50.01;9320;1000;0.0;0;1.0000;0;0
600;2012-07-10 21:40:00;172602N232;23;11.825;39;228;229;227;227;0.489;50.01;312.6;0.016;319.5;0.019;0.0;0.000;60;0;0;0.643;0.395;0.430;0;26;24;50.01;50.01;50.01;9320;1000;0.0;0;1.0000;0;0
600;2012-07-10 21:50:00;172602N232;5;11.825;38;228;229;228;227;0.249;50.02;255.0;0.000;254.3;0.000;0.0;0.000;60;0;0;0.341;0.208;0.200;0;9;9;50.02;50.02;50.02;9320;1000;0.0;0;1.0000;0;0
600;2012-07-10 22:00:00;172602N232;0;11.825;38;228;229;229;226;0.018;50.02;255.8;0.000;255.6;0.000;0.0;0.000;50;0;0;0.020;0.019;0.015;0;0;0;50.02;50.02;50.02;9320;1000;0.0;0;1.0000;0;0
600;2012-07-10 22:10:00;172602N232;0;11.825;37;227;227;231;225;0.000;50.04;270.3;0.000;269.2;0.000;0.0;0.000;50;0;0;0.000;0.000;0.000;0;0;0;50.04;50.04;50.04;9320;1000;0.0;0;1.0000;0;0
600;2012-07-10 22:20:00;172602N232;0;11.825;35;227;227;229;225;0.000;50.04;230.1;0.000;231.0;0.000;0.0;0.000;50;0;0;0.000;0.000;0.000;0;0;0;50.04;50.04;50.04;9320;1000;0.0;0;1.0000;0;0
600;2012-07-10 22:30:00;172602N232;0;11.825;35;227;227;229;225;0.000;50.05;227.3;0.000;228.3;0.000;0.0;0.000;50;0;0;0.000;0.000;0.000;0;0;0;50.05;50.05;50.05;9320;1000;0.0;0;1.0000;0;0
[wr_ende]
