20160423;230002;172602N232;My Plant;+0100
[wr_def_start]
172602N232;Inverter Type;Inverter Group;72602N232      
[wr_def_end]
[wr]
INTERVAL;TIMESTAMP;SERIAL;P_AC;E_DAY;T_WR;U_AC;U_AC_1;U_AC_2;U_AC_3;I_AC;F_AC;U_DC_1;I_DC_1;U_DC_2;I_DC_2;U_DC_3;I_DC_3;S;E_WR;M_WR;I_AC_1;I_AC_2;I_AC_3;P_AC_1;P_AC_2;P_AC_3;F_AC_1;F_AC_2;F_AC_3;R_DC;PC;PCS;PCS_LL;COS_PHI;COS_PHI_LL;S_COS_PHI
600;2016-04-23 04:50:00;172602N232;0;0.000;0;4;4;4;4;0.000;0.92;4.0;0.000;4.0;0.000;0.0;0.000;50;0;0;0.000;0.000;0.000;0;0;0;0.92;0.92;0.92;81;1000;0.0;0;1.0000;0;0
600;2016-04-23 05:00:00;172602N232;0;0.000;18;225;225;227;222;0.000;50.00;227.2;0.000;228.1;0.000;0.0;0.000;50;0;0;0.000;0.000;0.000;0;0;0;50.00;50.00;50.00;0;1000;0.0;0;1.0000;0;0
600;2016-04-23 05:10:00;172602N232;0;0.000;20;225;225;228;223;0.000;50.00;231.6;0.000;232.6;0.000;0.0;0.000;50;0;0;0.000;0.000;0.000;0;0;0;50.00;50.00;50.00;0;1000;0.0;0;1.0000;0;0
600;2016-04-23 05:20:00;172602N232;0;0.000;21;225;225;228;223;0.001;50.00;277.8;0.000;277.8;0.000;0.0;0.000;60;0;0;0.002;0.001;0.001;0;0;0;50.00;50.00;50.00;1866;1000;0.0;0;1.0000;0;0
600;2016-04-23 05:30:00;172602N232;2;0.000;22;225;225;226;224;0.120;50.01;274.3;0.000;279.9;0.000;0.0;0.000;60;0;0;0.125;0.136;0.101;0;1;5;50.01;50.01;50.01;6428;1000;0.0;0;1.0000;0;0
600;2016-04-23 05:40:00;172602N232;20;0.003;22;225;225;226;224;0.418;49.99;323.2;0.008;339.9;0.012;0.0;0.000;60;0;0;0.490;0.469;0.297;2;5;17;49.99;49.99;49.99;6543;1000;0.0;0;1.0000;0;0
600;2016-04-23 05:50:00;172602N232;42;0.010;22;225;224;225;224;0.664;50.01;374.4;0.032;387.4;0.035;0.0;0.000;60;0;0;0.707;0.763;0.524;4;10;26;50.01;50.01;50.01;6543;1000;0.0;0;1.0000;0;0
600;2016-04-23 06:00:00;172602N232;61;0.019;23;224;224;226;224;0.745;50.00;394.8;0.054;401.7;0.058;0.0;0.000;60;0;0;0.702;0.959;0.576;16;7;37;50.00;50.00;50.00;6543;1000;0.0;0;1.0000;0;0
600;2016-04-23 06:10:00;172602N232;80;0.034;23;224;224;226;224;0.864;50.00;407.7;0.076;408.9;0.079;0.0;0.000;60;0;0;0.783;1.139;0.672;24;7;49;50.00;50.00;50.00;6543;1000;0.0;0;1.0000;0;0
600;2016-04-23 06:20:00;172602N232;98;0.050;24;224;224;224;224;0.902;49.99;414.6;0.097;414.5;0.100;0.0;0.000;60;0;0;1.056;0.871;0.780;6;42;50;49.99;49.99;49.99;6543;1000;0.0;0;1.0000;0;0
600;2016-04-23 06:30:00;172602N232;114;0.069;24;224;224;223;224;0.893;50.01;420.0;0.116;418.2;0.119;0.0;0.000;60;0;0;0.998;0.859;0.824;16;48;48;50.01;50.01;50.01;6543;1000;0.0;0;1.0000;0;0
600;2016-04-23 06:40:00;172602N232;131;0.092;24;223;224;223;224;0.879;49.99;423.8;0.134;421.4;0.136;0.0;0.000;60;0;0;0.987;0.803;0.847;20;60;48;49.99;49.99;49.99;6543;1000;0.0;0;1.0000;0;0
600;2016-04-23 06:50:00;172602N232;146;0.116;24;224;224;224;224;0.870;49.99;428.4;0.151;426.1;0.151;0.0;0.000;60;0;0;0.896;0.985;0.730;17;72;56;49.99;49.99;49.99;6543;1000;0.0;0;1.0000;0;0
600;2016-04-23 07:00:00;172602N232;160;0.143;25;223;223;224;223;0.877;49.99;427.1;0.168;425.6;0.167;0.0;0.000;60;0;0;0.785;1.141;0.706;24;66;68;49.99;49.99;49.99;6543;1000;0.0;0;1.0000;0;0
600;2016-04-23 07:10:00;172602N232;176;0.173;25;223;223;225;222;0.876;49.99;431.2;0.185;428.4;0.182;0.0;0.000;60;0;0;0.747;1.222;0.660;22;73;79;49.99;49.99;49.99;6543;1000;0.0;0;1.0000;0;0
600;2016-04-23 07:20:00;172602N232;190;0.203;25;223;223;224;222;0.920;49.99;432.9;0.203;431.8;0.195;0.0;0.000;60;0;0;1.009;0.998;0.753;45;64;79;49.99;49.99;49.99;6543;1000;0.0;0;1.0000;0;0
600;2016-04-23 07:30:00;172602N232;202;0.238;25;223;222;224;222;1.019;50.01;432.4;0.220;433.4;0.207;0.0;0.000;60;0;0;1.182;1.170;0.707;63;71;67;50.01;50.01;50.01;6543;1000;0.0;0;1.0000;0;0
600;2016-04-23 07:40:00;172602N232;217;0.273;26;222;221;223;221;1.010;49.99;446.3;0.232;433.7;0.219;0.0;0.000;60;0;0;1.135;1.179;0.716;67;78;69;49.99;49.99;49.99;6543;1000;0.0;0;1.0000;0;0
600;2016-04-23 07:50:00;172602N232;237;0.314;26;222;220;223;221;1.028;50.00;464.2;0.248;434.6;0.236;0.0;0.000;60;0;0;0.975;1.232;0.878;71;80;84;50.00;50.00;50.00;6543;1000;0.0;0;1.0000;0;0
600;2016-04-23 08:00:00;172602N232;277;0.360;26;226;224;228;225;1.135;50.00;465.8;0.303;435.9;0.270;0.0;0.000;60;0;0;1.078;1.369;0.958;81;91;103;50.00;50.00;50.00;6543;1000;0.0;0;1.0000;0;0
600;2016-04-23 08:10:00;172602N232;528;0.448;26;226;225;227;225;1.203;50.00;474.8;0.607;459.5;0.488;0.0;0.000;60;0;0;1.227;1.226;1.157;172;184;170;50.00;50.00;50.00;6543;1000;0.0;0;1.0000;0;0
600;2016-04-23 08:20:00;172602N232;569;0.544;27;225;225;225;225;1.020;50.00;462.8;0.682;454.2;0.530;0.0;0.000;60;0;0;0.997;1.012;1.052;179;194;195;50.00;50.00;50.00;6543;1000;0.0;0;1.0000;0;0
600;2016-04-23 08:30:00;172602N232;1099;0.727;27;225;224;227;223;1.680;50.01;408.1;2.023;474.0;0.574;0.0;0.000;60;0;0;1.633;1.726;1.683;353;380;364;50.01;50.01;50.01;6543;1000;0.0;0;1.0000;0;0
600;2016-04-23 08:40:00;172602N232;1363;0.954;27;226;225;228;225;2.063;50.00;443.1;2.351;403.9;0.852;0.0;0.000;60;0;0;2.005;2.110;2.074;437;470;454;50.00;50.00;50.00;6543;1000;0.0;0;1.0000;0;0
600;2016-04-23 08:50:00;172602N232;1761;1.247;28;226;225;228;225;2.615;50.00;444.5;2.857;314.2;1.615;0.0;0.000;60;0;0;2.545;2.680;2.622;567;607;585;50.00;50.00;50.00;6543;1000;0.0;0;1.0000;0;0
600;2016-04-23 09:00:00;172602N232;2044;1.589;28;226;226;228;224;3.033;50.00;429.5;3.290;351.1;1.859;0.0;0.000;60;0;0;2.982;3.097;3.022;667;702;673;50.00;50.00;50.00;6543;1000;0.0;0;1.0000;0;0
600;2016-04-23 09:10:00;172602N232;2354;1.982;29;226;226;228;224;3.482;50.00;423.0;3.589;403.8;2.129;0.0;0.000;60;0;0;3.436;3.548;3.463;773;807;773;50.00;50.00;50.00;6543;1000;0.0;0;1.0000;0;0
600;2016-04-23 09:20:00;172602N232;2646;2.422;30;227;226;229;224;3.903;50.01;420.4;3.787;413.1;2.625;0.0;0.000;60;0;0;3.840;3.995;3.875;864;913;867;50.01;50.01;50.01;6543;1000;0.0;0;1.0000;0;0
600;2016-04-23 09:30:00;172602N232;2504;2.839;31;227;225;231;225;3.725;50.00;414.6;3.461;404.1;2.727;0.0;0.000;60;0;0;3.649;3.825;3.702;810;871;820;50.00;50.00;50.00;6543;1000;0.0;0;1.0000;0;0
600;2016-04-23 09:40:00;172602N232;3493;3.421;33;227;226;230;226;5.140;49.98;415.6;4.578;398.5;4.118;0.0;0.000;60;0;0;5.071;5.240;5.110;1141;1201;1149;49.98;49.98;49.98;6543;1000;0.0;0;1.0000;0;0
600;2016-04-23 09:50:00;172602N232;3967;4.082;37;228;229;229;227;5.799;50.00;408.9;5.088;402.3;4.831;0.0;0.000;60;0;0;5.792;5.839;5.766;1322;1337;1306;50.00;50.00;50.00;6543;1000;0.0;0;1.0000;0;0
600;2016-04-23 10:00:00;172602N232;4204;4.785;39;228;228;230;226;6.143;50.01;402.1;5.423;401.9;5.189;0.0;0.000;60;0;0;6.122;6.224;6.085;1398;1431;1374;50.01;50.01;50.01;6543;1000;0.0;0;1.0000;0;0
600;2016-04-23 10:10:00;172602N232;1536;5.041;33;226;226;229;224;2.286;50.01;402.0;1.973;405.5;1.883;0.0;0.000;60;0;0;2.227;2.355;2.276;495;536;503;50.01;50.01;50.01;6543;1000;0.0;0;1.0000;0;0
600;2016-04-23 10:20:00;172602N232;724;5.161;34;226;226;226;226;1.105;50.02;420.6;0.850;419.3;0.856;0.0;0.000;60;0;0;1.055;1.134;1.128;229;248;245;50.02;50.02;50.02;6543;1000;0.0;0;1.0000;0;0
600;2016-04-23 10:30:00;172602N232;1121;5.349;34;226;227;224;226;1.695;50.00;423.0;1.316;432.0;1.302;0.0;0.000;60;0;0;1.670;1.705;1.712;367;375;377;50.00;50.00;50.00;6543;1000;0.0;0;1.0000;0;0
600;2016-04-23 10:40:00;172602N232;3925;6.002;34;228;228;229;227;5.736;49.99;419.3;4.778;420.3;4.737;0.0;0.000;60;0;0;5.720;5.775;5.714;1305;1319;1298;49.99;49.99;49.99;6543;1000;0.0;0;1.0000;0;0
600;2016-04-23 10:50:00;172602N232;4732;6.790;39;229;229;229;228;6.890;50.00;397.2;6.063;396.7;6.048;0.0;0.000;60;0;0;6.883;6.918;6.869;1576;1586;1567;50.00;50.00;50.00;6543;1000;0.0;0;1.0000;0;0
600;2016-04-23 11:00:00;172602N232;4634;7.565;39;228;228;230;227;6.763;50.00;389.7;6.058;389.5;6.032;0.0;0.000;60;0;0;6.733;6.845;6.713;1535;1572;1525;50.00;50.00;50.00;6543;1000;0.0;0;1.0000;0;0
600;2016-04-23 11:10:00;172602N232;2710;8.017;37;227;227;226;227;3.989;50.00;398.1;3.492;391.0;3.531;0.0;0.000;60;0;0;3.953;4.024;3.992;893;913;902;50.00;50.00;50.00;6543;1000;0.0;0;1.0000;0;0
600;2016-04-23 11:20:00;172602N232;471;8.096;36;225;225;225;224;0.942;50.02;408.6;0.560;398.3;0.581;0.0;0.000;60;0;0;0.891;1.043;0.894;143;165;162;50.02;50.02;50.02;6543;1000;0.0;0;1.0000;0;0
600;2016-04-23 11:30:00;172602N232;126;8.117;35;225;225;226;223;0.947;49.99;393.2;0.140;388.4;0.146;0.0;0.000;60;0;0;0.914;1.162;0.767;24;29;71;49.99;49.99;49.99;6543;1000;0.0;0;1.0000;0;0
600;2016-04-23 11:40:00;172602N232;260;8.159;34;225;225;226;224;1.075;50.00;407.0;0.294;417.5;0.295;0.0;0.000;60;0;0;1.124;1.193;0.909;60;93;104;50.00;50.00;50.00;6543;1000;0.0;0;1.0000;0;0
600;2016-04-23 11:50:00;172602N232;685;8.274;33;225;224;226;225;1.191;50.02;428.4;0.777;433.5;0.792;0.0;0.000;60;0;0;1.199;1.177;1.198;218;233;232;50.02;50.02;50.02;6543;1000;0.0;0;1.0000;0;0
600;2016-04-23 12:00:00;172602N232;1131;8.463;33;225;224;227;224;1.743;50.00;430.5;1.293;434.0;1.319;0.0;0.000;60;0;0;1.701;1.780;1.748;363;390;376;50.00;50.00;50.00;6543;1000;0.0;0;1.0000;0;0
600;2016-04-23 12:10:00;172602N232;596;8.562;33;226;226;227;225;1.160;50.01;427.7;0.673;422.3;0.689;0.0;0.000;60;0;0;1.175;1.221;1.084;181;212;200;50.01;50.01;50.01;6543;1000;0.0;0;1.0000;0;0
600;2016-04-23 12:20:00;172602N232;214;8.598;32;225;226;227;224;1.047;50.01;418.0;0.234;410.9;0.246;0.0;0.000;60;0;0;1.266;1.159;0.717;44;90;78;50.01;50.01;50.01;6543;1000;0.0;0;1.0000;0;0
600;2016-04-23 12:30:00;172602N232;455;8.674;32;225;225;224;226;0.926;49.98;421.1;0.522;430.4;0.519;0.0;0.000;60;0;0;0.934;0.936;0.908;139;162;152;49.98;49.98;49.98;6543;1000;0.0;0;1.0000;0;0
600;2016-04-23 12:40:00;172602N232;522;8.761;32;224;225;224;225;0.817;50.01;434.9;0.588;435.3;0.586;0.0;0.000;60;0;0;0.770;0.840;0.842;162;179;179;50.01;50.01;50.01;6543;1000;0.0;0;1.0000;0;0
600;2016-04-23 12:50:00;172602N232;333;8.818;31;225;225;226;223;0.876;50.00;428.2;0.371;423.9;0.375;0.0;0.000;60;0;0;0.889;0.976;0.763;97;119;115;50.00;50.00;50.00;6543;1000;0.0;0;1.0000;0;0
600;2016-04-23 13:00:00;172602N232;543;8.908;31;226;226;227;225;1.203;50.00;426.7;0.612;429.9;0.620;0.0;0.000;60;0;0;1.198;1.301;1.110;170;185;186;50.00;50.00;50.00;6543;1000;0.0;0;1.0000;0;0
600;2016-04-23 13:10:00;172602N232;2137;9.264;31;228;228;230;226;3.145;50.02;439.7;2.447;440.4;2.443;0.0;0.000;60;0;0;3.097;3.215;3.125;700;734;700;50.02;50.02;50.02;6543;1000;0.0;0;1.0000;0;0
600;2016-04-23 13:20:00;172602N232;4944;10.088;33;230;229;233;226;7.175;50.00;422.6;5.964;423.3;5.922;0.0;0.000;60;0;0;7.098;7.370;7.059;1625;1719;1598;50.00;50.00;50.00;6543;1000;0.0;0;1.0000;0;0
600;2016-04-23 13:30:00;172602N232;3505;10.673;37;228;229;231;226;5.116;49.98;411.3;4.336;409.0;4.326;0.0;0.000;60;0;0;5.087;5.215;5.046;1163;1202;1138;49.98;49.98;49.98;6543;1000;0.0;0;1.0000;0;0
600;2016-04-23 13:40:00;172602N232;4829;11.478;38;230;230;233;227;6.992;50.00;402.6;6.116;402.6;6.071;0.0;0.000;60;0;0;6.941;7.159;6.878;1595;1670;1563;50.00;50.00;50.00;6543;1000;0.0;0;1.0000;0;0
600;2016-04-23 13:50:00;172602N232;2956;11.970;36;229;228;230;227;4.316;50.00;406.8;3.702;402.3;3.703;0.0;0.000;60;0;0;4.263;4.395;4.292;972;1010;973;50.00;50.00;50.00;6543;1000;0.0;0;1.0000;0;0
600;2016-04-23 14:00:00;172602N232;1701;12.255;35;227;227;229;227;2.505;49.99;418.9;2.044;413.3;2.061;0.0;0.000;60;0;0;2.439;2.558;2.519;550;581;568;49.99;49.99;49.99;6543;1000;0.0;0;1.0000;0;0
600;2016-04-23 14:10:00;172602N232;958;12.415;35;226;225;227;226;1.448;50.01;420.1;1.137;413.5;1.149;0.0;0.000;60;0;0;1.389;1.487;1.470;304;330;323;50.01;50.01;50.01;6543;1000;0.0;0;1.0000;0;0
600;2016-04-23 14:20:00;172602N232;541;12.504;35;226;226;226;226;0.840;50.03;423.2;0.625;415.7;0.642;0.0;0.000;60;0;0;0.782;0.875;0.863;166;189;185;50.03;50.03;50.03;6543;1000;0.0;0;1.0000;0;0
600;2016-04-23 14:30:00;172602N232;683;12.618;34;226;226;226;226;1.155;49.99;424.4;0.786;425.7;0.795;0.0;0.000;60;0;0;1.162;1.151;1.152;219;232;230;49.99;49.99;49.99;6543;1000;0.0;0;1.0000;0;0
600;2016-04-23 14:40:00;172602N232;1216;12.821;34;227;228;228;226;1.889;50.00;442.9;1.366;438.9;1.384;0.0;0.000;60;0;0;1.874;1.889;1.906;392;413;409;50.00;50.00;50.00;6543;1000;0.0;0;1.0000;0;0
600;2016-04-23 14:50:00;172602N232;1593;13.087;34;227;228;228;226;2.357;50.01;434.3;1.823;439.7;1.830;0.0;0.000;60;0;0;2.308;2.400;2.365;519;542;530;50.01;50.01;50.01;6543;1000;0.0;0;1.0000;0;0
600;2016-04-23 15:00:00;172602N232;2015;13.422;34;228;228;231;226;2.957;49.98;445.9;2.258;435.6;2.338;0.0;0.000;60;0;0;2.902;3.030;2.941;658;694;661;49.98;49.98;49.98;6543;1000;0.0;0;1.0000;0;0
600;2016-04-23 15:10:00;172602N232;1611;13.691;34;227;227;229;224;2.378;49.99;439.1;1.833;431.0;1.879;0.0;0.000;60;0;0;2.326;2.446;2.364;525;557;526;49.99;49.99;49.99;6543;1000;0.0;0;1.0000;0;0
600;2016-04-23 15:20:00;172602N232;1915;14.012;34;225;224;227;223;2.853;50.02;432.8;2.206;429.2;2.255;0.0;0.000;60;0;0;2.785;2.922;2.854;622;660;632;50.02;50.02;50.02;6543;1000;0.0;0;1.0000;0;0
600;2016-04-23 15:30:00;172602N232;1334;14.233;34;224;223;226;223;2.020;49.99;427.3;1.566;426.6;1.555;0.0;0.000;60;0;0;1.962;2.074;2.026;428;462;442;49.99;49.99;49.99;6543;1000;0.0;0;1.0000;0;0
600;2016-04-23 15:40:00;172602N232;719;14.353;34;223;223;225;222;1.237;49.99;427.5;0.835;425.2;0.829;0.0;0.000;60;0;0;1.285;1.212;1.215;227;246;244;49.99;49.99;49.99;6543;1000;0.0;0;1.0000;0;0
600;2016-04-23 15:50:00;172602N232;550;14.445;34;223;223;224;222;1.133;50.00;424.1;0.637;422.7;0.634;0.0;0.000;60;0;0;1.152;1.141;1.107;177;191;181;50.00;50.00;50.00;6543;1000;0.0;0;1.0000;0;0
600;2016-04-23 16:00:00;172602N232;195;14.478;33;222;223;222;221;1.047;49.99;398.2;0.227;404.5;0.217;0.0;0.000;60;0;0;1.394;0.935;0.812;30;90;78;49.99;49.99;49.99;6543;1000;0.0;0;1.0000;0;0
600;2016-04-23 16:10:00;172602N232;99;14.494;33;222;223;223;219;0.948;49.97;385.5;0.107;392.6;0.109;0.0;0.000;60;0;0;1.439;0.710;0.697;0;58;58;49.97;49.97;49.97;6543;1000;0.0;0;1.0000;0;0
600;2016-04-23 16:20:00;172602N232;214;14.531;32;221;223;223;219;1.134;49.98;410.6;0.239;414.2;0.241;0.0;0.000;60;0;0;1.515;1.022;0.866;31;95;96;49.98;49.98;49.98;6543;1000;0.0;0;1.0000;0;0
600;2016-04-23 16:30:00;172602N232;281;14.577;32;221;221;223;220;1.089;50.01;417.9;0.315;420.6;0.318;0.0;0.000;60;0;0;1.192;1.172;0.904;71;110;99;50.01;50.01;50.01;6543;1000;0.0;0;1.0000;0;0
600;2016-04-23 16:40:00;172602N232;458;14.653;32;221;221;223;220;0.742;49.99;426.6;0.520;428.0;0.525;0.0;0.000;60;0;0;0.689;0.781;0.756;139;162;155;49.99;49.99;49.99;6543;1000;0.0;0;1.0000;0;0
600;2016-04-23 16:50:00;172602N232;754;14.780;32;222;221;223;221;1.171;49.99;432.0;0.850;437.8;0.860;0.0;0.000;60;0;0;1.118;1.207;1.188;237;261;254;49.99;49.99;49.99;6543;1000;0.0;0;1.0000;0;0
600;2016-04-23 17:00:00;172602N232;1031;14.952;32;222;221;224;221;1.585;49.99;431.1;1.171;434.6;1.199;0.0;0.000;60;0;0;1.528;1.633;1.594;327;359;343;49.99;49.99;50.00;6543;1000;0.0;0;1.0000;0;0
600;2016-04-23 17:10:00;172602N232;644;15.059;32;222;222;222;221;1.007;49.99;425.7;0.740;429.1;0.747;0.0;0.000;60;0;0;0.957;1.042;1.023;202;223;217;49.99;49.99;49.99;6543;1000;0.0;0;1.0000;0;0
600;2016-04-23 17:20:00;172602N232;937;15.215;32;222;222;223;221;1.432;49.99;433.0;1.062;433.6;1.088;0.0;0.000;60;0;0;1.379;1.468;1.449;298;323;314;49.99;49.99;49.99;6543;1000;0.0;0;1.0000;0;0
600;2016-04-23 17:30:00;172602N232;968;15.377;32;223;222;224;221;1.475;50.01;433.8;1.085;432.4;1.139;0.0;0.000;60;0;0;1.421;1.515;1.490;309;334;323;50.01;50.01;50.01;6543;1000;0.0;0;1.0000;0;0
600;2016-04-23 17:40:00;172602N232;893;15.527;32;223;223;223;221;1.366;50.00;430.2;1.006;432.0;1.051;0.0;0.000;60;0;0;1.317;1.404;1.379;286;307;298;50.00;50.00;50.00;6543;1000;0.0;0;1.0000;0;0
600;2016-04-23 17:50:00;172602N232;953;15.685;32;222;224;223;221;1.453;50.00;415.0;1.122;434.5;1.113;0.0;0.000;60;0;0;1.408;1.487;1.466;308;326;317;50.00;50.00;50.00;6543;1000;0.0;0;1.0000;0;0
600;2016-04-23 18:00:00;172602N232;1129;15.873;32;223;224;225;221;1.723;50.00;415.8;1.343;425.2;1.343;0.0;0.000;60;0;0;1.681;1.761;1.727;365;389;374;50.00;50.00;50.00;6543;1000;0.0;0;1.0000;0;0
600;2016-04-23 18:10:00;172602N232;1803;16.174;32;224;224;225;221;2.710;49.99;413.2;2.172;424.3;2.159;0.0;0.000;60;0;0;2.675;2.764;2.692;593;617;591;49.99;49.99;49.99;6543;1000;0.0;0;1.0000;0;0
600;2016-04-23 18:20:00;172602N232;1958;16.501;32;223;226;224;220;2.934;50.01;416.5;2.312;419.0;2.406;0.0;0.000;60;0;0;2.916;2.986;2.902;655;666;635;50.01;50.01;50.01;6543;1000;0.0;0;1.0000;0;0
600;2016-04-23 18:30:00;172602N232;1458;16.744;32;223;224;226;220;2.201;50.04;404.7;1.675;415.6;1.888;0.0;0.000;60;0;0;2.158;2.264;2.183;475;506;475;50.04;50.04;50.04;6543;1000;0.0;0;1.0000;0;0
600;2016-04-23 18:40:00;172602N232;721;16.864;32;223;225;226;219;1.310;50.04;406.2;0.830;416.7;0.907;0.0;0.000;60;0;0;1.381;1.304;1.247;238;248;233;50.04;50.04;50.04;6543;1000;0.0;0;1.0000;0;0
600;2016-04-23 18:50:00;172602N232;450;16.939;33;223;224;224;221;1.010;49.99;404.9;0.521;420.4;0.541;0.0;0.000;60;0;0;1.018;1.035;0.979;144;161;143;49.99;49.99;49.99;6543;1000;0.0;0;1.0000;0;0
600;2016-04-23 19:00:00;172602N232;321;16.993;32;223;222;225;221;1.043;49.99;407.8;0.369;419.9;0.373;0.0;0.000;60;0;0;1.061;1.168;0.901;99;108;112;49.99;49.99;49.99;6543;1000;0.0;0;1.0000;0;0
600;2016-04-23 19:10:00;172602N232;275;17.038;32;223;223;225;220;1.109;49.98;413.3;0.308;420.0;0.316;0.0;0.000;60;0;0;1.242;1.228;0.858;76;100;98;49.98;49.98;49.98;6543;1000;0.0;0;1.0000;0;0
600;2016-04-23 19:20:00;172602N232;190;17.071;32;223;224;225;221;1.030;50.00;403.7;0.213;418.5;0.210;0.0;0.000;60;0;0;1.356;0.949;0.785;35;69;85;50.00;50.00;50.00;6543;1000;0.0;0;1.0000;0;0
600;2016-04-23 19:30:00;172602N232;175;17.100;31;224;224;225;222;0.962;49.98;392.9;0.197;424.9;0.191;0.0;0.000;60;0;0;0.973;1.179;0.734;36;57;79;49.98;49.98;49.98;6543;1000;0.0;0;1.0000;0;0
600;2016-04-23 19:40:00;172602N232;187;17.132;31;224;224;224;223;1.037;50.01;403.0;0.199;425.8;0.212;0.0;0.000;60;0;0;1.283;1.004;0.825;39;84;63;50.01;50.01;50.01;6543;1000;0.0;0;1.0000;0;0
600;2016-04-23 19:50:00;172602N232;104;17.149;31;223;224;223;223;0.942;49.99;376.8;0.111;398.7;0.115;0.0;0.000;60;0;0;1.214;0.863;0.749;14;49;50;49.99;49.99;49.99;6543;1000;0.0;0;1.0000;0;0
600;2016-04-23 20:00:00;172602N232;14;17.152;30;223;225;224;220;0.296;50.01;290.7;0.008;280.3;0.013;0.0;0.000;60;0;0;0.411;0.244;0.234;0;15;15;50.01;50.01;50.01;6543;1000;0.0;0;1.0000;0;0
600;2016-04-23 20:10:00;172602N232;0;17.152;29;223;224;224;220;0.014;49.99;241.9;0.000;242.5;0.000;0.0;0.000;50;0;0;0.044;0.000;0.000;0;0;0;49.99;49.99;49.99;6543;1000;0.0;0;1.0000;0;0
600;2016-04-23 20:20:00;172602N232;0;17.152;28;223;223;225;220;0.000;50.00;227.1;0.000;228.1;0.000;0.0;0.000;50;0;0;0.000;0.000;0.000;0;0;0;50.00;50.00;50.00;6543;1000;0.0;0;1.0000;0;0
600;2016-04-23 20:30:00;172602N232;0;17.152;27;223;223;224;221;0.000;49.99;227.4;0.000;228.4;0.000;0.0;0.000;50;0;0;0.000;0.000;0.000;0;0;0;49.99;49.99;49.99;6543;1000;0.0;0;1.0000;0;0
[wr_ende]
