20160814;230003;172602N232;My Plant;+0100
[wr_def_start]
172602N232;Inverter Type;Inverter Group;72602N232      
[wr_def_end]
[wr]
INTERVAL;TIMESTAMP;SERIAL;P_AC;E_DAY;T_WR;U_AC;U_AC_1;U_AC_2;U_AC_3;I_AC;F_AC;U_DC_1;I_DC_1;U_DC_2;I_DC_2;U_DC_3;I_DC_3;S;E_WR;M_WR;I_AC_1;I_AC_2;I_AC_3;P_AC_1;P_AC_2;P_AC_3;F_AC_1;F_AC_2;F_AC_3;R_DC;PC;PCS;PCS_LL;COS_PHI;COS_PHI_LL;S_COS_PHI
600;2016-08-14 04:50:00;172602N232;0;0.000;1;7;7;7;7;0.000;1.65;7.4;0.000;7.5;0.000;0.0;0.000;50;0;0;0.000;0.000;0.000;0;0;0;1.65;1.65;1.65;84;1000;0.0;0;1.0000;0;0
600;2016-08-14 05:00:00;172602N232;0;0.000;27;226;226;228;223;0.000;50.02;229.8;0.000;230.7;0.000;0.0;0.000;50;0;0;0.000;0.000;0.000;0;0;0;50.02;50.02;50.02;0;1000;0.0;0;1.0000;0;0
600;2016-08-14 05:10:00;172602N232;0;0.000;28;226;226;229;223;0.000;50.01;262.7;0.000;262.8;0.000;0.0;0.000;50;0;0;0.000;0.000;0.000;0;0;0;50.01;50.01;50.01;0;1000;0.0;0;1.0000;0;0
600;2016-08-14 05:20:00;172602N232;13;0.003;29;226;226;227;225;0.296;50.01;303.7;0.009;279.0;0.009;0.0;0.000;60;0;0;0.339;0.307;0.243;0;7;14;50.01;50.01;50.01;3584;1000;0.0;0;1.0000;0;0
600;2016-08-14 05:30:00;172602N232;35;0.008;29;225;226;226;225;0.537;50.00;338.6;0.033;329.4;0.030;0.0;0.000;60;0;0;0.609;0.609;0.393;2;9;26;50.00;50.00;50.00;3749;1000;0.0;0;1.0000;0;0
600;2016-08-14 05:40:00;172602N232;49;0.017;29;226;226;227;225;0.819;50.01;355.6;0.055;364.4;0.047;0.0;0.000;60;0;0;0.901;0.919;0.638;1;11;41;50.01;50.01;50.01;3749;1000;0.0;0;1.0000;0;0
600;2016-08-14 05:50:00;172602N232;61;0.030;30;226;226;227;224;0.893;50.01;363.3;0.071;374.5;0.060;0.0;0.000;60;0;0;1.063;0.910;0.706;0;21;49;50.01;50.01;50.01;3749;1000;0.0;0;1.0000;0;0
600;2016-08-14 06:00:00;172602N232;58;0.041;30;226;226;226;224;0.928;50.01;363.8;0.067;374.5;0.058;0.0;0.000;60;0;0;1.086;0.966;0.733;0;17;50;50.01;50.01;50.01;3749;1000;0.0;0;1.0000;0;0
600;2016-08-14 06:10:00;172602N232;73;0.053;31;226;226;226;225;0.918;50.00;367.4;0.087;379.1;0.077;0.0;0.000;60;0;0;0.988;1.024;0.742;2;18;52;50.00;50.00;50.00;3749;1000;0.0;0;1.0000;0;0
600;2016-08-14 06:20:00;172602N232;81;0.066;31;225;226;226;224;0.890;50.01;371.3;0.098;378.8;0.085;0.0;0.000;60;0;0;0.973;0.969;0.728;4;23;55;50.01;50.01;50.01;3749;1000;0.0;0;1.0000;0;0
600;2016-08-14 06:30:00;172602N232;95;0.080;32;225;225;227;225;0.900;50.01;375.1;0.117;382.8;0.101;0.0;0.000;60;0;0;0.887;1.079;0.735;15;19;59;50.01;50.01;50.01;3749;1000;0.0;0;1.0000;0;0
600;2016-08-14 06:40:00;172602N232;170;0.106;32;225;226;226;224;0.985;49.99;398.4;0.212;390.5;0.182;0.0;0.000;60;0;0;1.168;1.039;0.748;32;62;74;49.99;49.99;49.99;3749;1000;0.0;0;1.0000;0;0
600;2016-08-14 06:50:00;172602N232;138;0.130;32;225;226;226;223;0.983;49.99;393.4;0.171;386.5;0.146;0.0;0.000;60;0;0;1.352;0.866;0.732;10;62;64;49.99;49.99;49.99;3749;1000;0.0;0;1.0000;0;0
600;2016-08-14 07:00:00;172602N232;137;0.152;32;225;226;227;223;0.895;50.00;387.5;0.173;390.4;0.145;0.0;0.000;60;0;0;0.883;1.070;0.733;22;38;76;50.00;50.00;50.00;3749;1000;0.0;0;1.0000;0;0
600;2016-08-14 07:10:00;172602N232;158;0.179;33;224;225;226;221;0.900;49.99;392.1;0.199;389.0;0.170;0.0;0.000;60;0;0;0.817;1.188;0.696;26;54;76;49.99;49.99;49.99;3749;1000;0.0;0;1.0000;0;0
600;2016-08-14 07:20:00;172602N232;175;0.208;33;224;224;226;222;1.019;50.01;399.5;0.215;397.6;0.187;0.0;0.000;60;0;0;1.247;1.051;0.760;43;52;78;50.01;50.01;50.01;3749;1000;0.0;0;1.0000;0;0
600;2016-08-14 07:30:00;172602N232;215;0.245;33;224;223;225;223;1.009;50.00;405.2;0.266;400.2;0.233;0.0;0.000;60;0;0;1.004;1.119;0.906;53;63;97;50.00;50.00;50.00;3749;1000;0.0;0;1.0000;0;0
600;2016-08-14 07:40:00;172602N232;434;0.316;33;224;224;225;223;1.128;50.00;422.2;0.538;409.2;0.471;0.0;0.000;60;0;0;1.174;1.174;1.036;125;159;148;50.00;50.00;50.00;3749;1000;0.0;0;1.0000;0;0
600;2016-08-14 07:50:00;172602N232;919;0.470;34;224;225;227;220;1.423;50.00;430.7;1.131;416.9;1.020;0.0;0.000;60;0;0;1.381;1.476;1.412;296;322;299;50.00;50.00;50.00;3749;1000;0.0;0;1.0000;0;0
600;2016-08-14 08:00:00;172602N232;623;0.574;34;223;224;226;219;1.145;50.01;415.2;0.780;419.0;0.691;0.0;0.000;60;0;0;1.141;1.184;1.112;195;219;206;50.01;50.01;50.01;3749;1000;0.0;0;1.0000;0;0
600;2016-08-14 08:10:00;172602N232;525;0.661;35;223;224;225;221;0.826;50.00;427.5;0.715;408.3;0.509;0.0;0.000;60;0;0;0.777;0.868;0.834;162;186;175;50.00;50.00;50.00;3749;1000;0.0;0;1.0000;0;0
600;2016-08-14 08:20:00;172602N232;1020;0.832;35;223;224;224;222;1.577;50.01;449.8;1.275;425.8;1.031;0.0;0.000;60;0;0;1.543;1.599;1.589;330;348;341;50.01;50.01;50.01;3749;1000;0.0;0;1.0000;0;0
600;2016-08-14 08:30:00;172602N232;1303;1.049;35;224;224;225;222;1.989;50.00;425.5;1.744;418.3;1.344;0.0;0.000;60;0;0;1.948;2.027;1.993;421;448;432;50.00;50.00;50.00;3749;1000;0.0;0;1.0000;0;0
600;2016-08-14 08:40:00;172602N232;993;1.215;36;223;223;225;222;1.515;50.00;420.8;1.241;422.1;1.111;0.0;0.000;60;0;0;1.464;1.554;1.527;318;343;331;50.00;50.00;50.00;3749;1000;0.0;0;1.0000;0;0
600;2016-08-14 08:50:00;172602N232;1001;1.382;36;223;223;225;221;1.520;49.99;426.0;1.213;424.7;1.132;0.0;0.000;60;0;0;1.470;1.561;1.530;321;346;332;49.99;49.99;49.99;3749;1000;0.0;0;1.0000;0;0
600;2016-08-14 09:00:00;172602N232;1139;1.572;37;223;223;224;221;1.767;50.00;427.7;1.381;431.8;1.263;0.0;0.000;60;0;0;1.765;1.781;1.756;377;386;374;50.00;50.00;50.00;3749;1000;0.0;0;1.0000;0;0
600;2016-08-14 09:10:00;172602N232;1137;1.761;37;223;223;224;221;1.784;50.00;421.9;1.419;420.2;1.276;0.0;0.000;60;0;0;1.764;1.804;1.786;368;388;378;50.00;50.00;50.00;3749;1000;0.0;0;1.0000;0;0
600;2016-08-14 09:20:00;172602N232;1274;1.974;37;222;222;224;222;1.991;49.99;416.0;1.778;414.1;1.295;0.0;0.000;60;0;0;1.955;2.005;2.014;409;434;429;49.99;49.99;49.99;3749;1000;0.0;0;1.0000;0;0
600;2016-08-14 09:30:00;172602N232;2020;2.311;38;223;222;223;224;3.036;49.99;410.3;3.085;413.2;1.863;0.0;0.000;60;0;0;2.974;3.064;3.071;655;678;683;49.99;49.99;49.99;3749;1000;0.0;0;1.0000;0;0
600;2016-08-14 09:40:00;172602N232;1224;2.514;38;221;222;218;224;1.869;49.99;404.9;1.669;416.4;1.308;0.0;0.000;60;0;0;1.830;1.865;1.913;399;402;421;49.99;49.99;49.99;3749;1000;0.0;0;1.0000;0;0
600;2016-08-14 09:50:00;172602N232;2214;2.884;38;223;223;221;224;3.329;49.99;407.8;3.350;333.8;2.803;0.0;0.000;60;0;0;3.306;3.328;3.353;733;732;745;49.99;49.99;49.99;3749;1000;0.0;0;1.0000;0;0
600;2016-08-14 10:00:00;172602N232;1941;3.207;39;223;223;223;223;2.928;49.99;404.6;2.785;363.9;2.394;0.0;0.000;60;0;0;2.885;2.962;2.937;635;657;647;49.99;49.99;49.99;3749;1000;0.0;0;1.0000;0;0
600;2016-08-14 10:10:00;172602N232;1106;3.392;39;221;221;221;221;1.694;50.00;402.8;1.421;414.3;1.282;0.0;0.000;60;0;0;1.642;1.725;1.716;356;376;373;50.00;50.00;50.00;3749;1000;0.0;0;1.0000;0;0
600;2016-08-14 10:20:00;172602N232;625;3.496;39;221;221;220;220;0.983;49.99;413.2;0.760;420.0;0.720;0.0;0.000;60;0;0;0.935;1.013;1.001;197;215;211;49.99;49.99;49.99;3749;1000;0.0;0;1.0000;0;0
600;2016-08-14 10:30:00;172602N232;1039;3.670;39;222;221;223;220;1.607;50.00;425.7;1.237;428.1;1.184;0.0;0.000;60;0;0;1.563;1.641;1.618;333;358;346;50.00;50.00;50.00;3749;1000;0.0;0;1.0000;0;0
600;2016-08-14 10:40:00;172602N232;2306;4.053;39;223;222;225;221;3.465;49.99;423.8;2.944;402.2;2.728;0.0;0.000;60;0;0;3.397;3.539;3.459;750;795;760;49.99;49.99;49.99;3749;1000;0.0;0;1.0000;0;0
600;2016-08-14 10:50:00;172602N232;2168;4.416;40;222;222;224;221;3.267;49.99;416.6;2.775;413.3;2.515;0.0;0.000;60;0;0;3.208;3.314;3.279;707;737;722;49.99;49.99;49.99;3749;1000;0.0;0;1.0000;0;0
600;2016-08-14 11:00:00;172602N232;1881;4.729;40;222;223;223;220;2.847;50.01;410.4;2.376;421.2;2.174;0.0;0.000;60;0;0;2.813;2.883;2.847;620;638;622;50.01;50.01;50.01;3749;1000;0.0;0;1.0000;0;0
600;2016-08-14 11:10:00;172602N232;2471;5.141;40;222;223;223;221;3.729;50.00;408.8;3.189;408.1;2.929;0.0;0.000;60;0;0;3.704;3.757;3.728;818;832;819;50.00;50.00;50.00;3749;1000;0.0;0;1.0000;0;0
600;2016-08-14 11:20:00;172602N232;3208;5.677;40;223;224;225;221;4.804;49.99;400.0;4.245;402.7;3.856;0.0;0.000;60;0;0;4.784;4.875;4.753;1067;1095;1045;49.99;49.99;49.99;3749;1000;0.0;0;1.0000;0;0
600;2016-08-14 11:30:00;172602N232;2275;6.055;41;223;222;225;221;3.418;50.01;400.4;2.991;410.7;2.668;0.0;0.000;60;0;0;3.363;3.492;3.400;744;783;746;50.01;50.01;50.01;3749;1000;0.0;0;1.0000;0;0
600;2016-08-14 11:40:00;172602N232;3105;6.573;41;223;222;226;221;4.653;50.01;399.4;4.065;413.1;3.673;0.0;0.000;60;0;0;4.581;4.753;4.627;1012;1073;1018;50.01;50.01;50.01;3749;1000;0.0;0;1.0000;0;0
600;2016-08-14 11:50:00;172602N232;1900;6.891;42;225;224;227;223;2.856;50.00;400.3;2.487;403.4;2.266;0.0;0.000;60;0;0;2.793;2.912;2.863;614;654;631;50.00;50.00;50.00;3749;1000;0.0;0;1.0000;0;0
600;2016-08-14 12:00:00;172602N232;2043;7.232;42;226;225;229;225;3.026;50.01;417.7;2.498;426.4;2.369;0.0;0.000;60;0;0;2.951;3.100;3.028;659;705;676;50.01;50.01;50.01;3749;1000;0.0;0;1.0000;0;0
600;2016-08-14 12:10:00;172602N232;2866;7.708;42;227;225;230;226;4.219;50.01;419.7;3.512;426.6;3.328;0.0;0.000;60;0;0;4.127;4.314;4.218;927;990;947;50.01;50.01;50.01;3749;1000;0.0;0;1.0000;0;0
600;2016-08-14 12:20:00;172602N232;3504;8.293;42;228;228;232;225;5.127;50.00;405.2;4.452;411.9;4.251;0.0;0.000;60;0;0;5.071;5.240;5.071;1152;1210;1141;50.00;50.00;50.00;3749;1000;0.0;0;1.0000;0;0
600;2016-08-14 12:30:00;172602N232;3370;8.855;42;228;227;230;226;4.936;50.00;392.9;4.404;399.8;4.220;0.0;0.000;60;0;0;4.886;5.025;4.897;1109;1157;1102;50.00;50.00;50.00;3749;1000;0.0;0;1.0000;0;0
600;2016-08-14 12:40:00;172602N232;1735;9.144;42;226;226;228;225;2.571;50.01;401.2;2.249;407.8;2.072;0.0;0.000;60;0;0;2.503;2.632;2.578;560;597;576;50.01;50.01;50.01;3749;1000;0.0;0;1.0000;0;0
600;2016-08-14 12:50:00;172602N232;4564;9.906;42;229;228;232;226;6.647;50.01;396.5;5.865;396.5;5.822;0.0;0.000;60;0;0;6.568;6.798;6.577;1497;1578;1484;50.01;50.01;50.01;3749;1000;0.0;0;1.0000;0;0
600;2016-08-14 13:00:00;172602N232;2629;10.343;43;226;226;228;225;3.876;50.00;397.0;3.389;398.6;3.320;0.0;0.000;60;0;0;3.808;3.947;3.875;857;900;870;50.00;50.00;50.00;3749;1000;0.0;0;1.0000;0;0
600;2016-08-14 13:10:00;172602N232;2399;10.743;42;226;225;229;225;3.546;50.01;406.1;3.025;406.5;2.935;0.0;0.000;60;0;0;3.465;3.616;3.559;776;824;798;50.01;50.01;50.01;3749;1000;0.0;0;1.0000;0;0
600;2016-08-14 13:20:00;172602N232;3170;11.271;42;227;226;230;225;4.662;50.01;400.5;4.049;403.5;3.930;0.0;0.000;60;0;0;4.601;4.761;4.625;1038;1093;1036;50.01;50.01;50.01;3749;1000;0.0;0;1.0000;0;0
600;2016-08-14 13:30:00;172602N232;3368;11.834;42;227;227;229;224;4.948;50.00;387.5;4.423;390.6;4.297;0.0;0.000;60;0;0;4.926;5.042;4.878;1117;1156;1093;50.00;50.00;50.00;3749;1000;0.0;0;1.0000;0;0
600;2016-08-14 13:40:00;172602N232;563;11.927;42;224;225;226;221;1.059;50.00;399.5;0.719;403.8;0.662;0.0;0.000;60;0;0;1.104;1.055;1.019;185;195;181;50.00;50.00;50.00;3749;1000;0.0;0;1.0000;0;0
600;2016-08-14 13:50:00;172602N232;922;12.081;42;223;227;228;215;1.411;50.01;410.1;1.122;422.7;1.081;0.0;0.000;60;0;0;1.384;1.477;1.373;304;329;288;50.01;50.01;50.01;3749;1000;0.0;0;1.0000;0;0
600;2016-08-14 14:00:00;172602N232;1451;12.323;42;224;228;229;216;2.185;50.00;411.3;1.774;424.6;1.709;0.0;0.000;60;0;0;2.162;2.276;2.119;483;515;451;50.00;50.00;50.00;3749;1000;0.0;0;1.0000;0;0
600;2016-08-14 14:10:00;172602N232;1901;12.640;42;225;228;230;216;2.845;50.01;406.6;2.364;420.7;2.264;0.0;0.000;60;0;0;2.825;2.970;2.742;636;676;588;50.01;50.01;50.01;3749;1000;0.0;0;1.0000;0;0
600;2016-08-14 14:20:00;172602N232;2121;12.994;42;225;229;230;216;3.167;50.00;417.1;2.577;415.2;2.558;0.0;0.000;60;0;0;3.165;3.297;3.039;716;752;651;50.00;50.00;50.00;3749;1000;0.0;0;1.0000;0;0
600;2016-08-14 14:30:00;172602N232;2181;13.358;42;224;228;228;217;3.263;50.01;418.6;2.636;413.8;2.646;0.0;0.000;60;0;0;3.247;3.381;3.161;733;766;680;50.01;50.01;50.01;3749;1000;0.0;0;1.0000;0;0
600;2016-08-14 14:40:00;172602N232;1370;13.586;42;223;228;227;215;2.107;50.01;406.8;1.710;412.2;1.635;0.0;0.000;60;0;0;2.126;2.171;2.024;462;482;424;50.01;50.01;50.01;3749;1000;0.0;0;1.0000;0;0
600;2016-08-14 14:50:00;172602N232;1913;13.905;42;224;228;228;217;2.865;50.01;417.3;2.305;414.3;2.320;0.0;0.000;60;0;0;2.863;2.964;2.769;646;668;596;50.01;50.01;50.01;3749;1000;0.0;0;1.0000;0;0
600;2016-08-14 15:00:00;172602N232;1859;14.215;42;225;229;230;217;2.775;49.99;409.8;2.285;413.9;2.263;0.0;0.000;60;0;0;2.762;2.896;2.667;624;659;573;49.99;49.99;49.99;3749;1000;0.0;0;1.0000;0;0
600;2016-08-14 15:10:00;172602N232;2576;14.645;42;226;229;231;219;3.820;49.99;407.4;3.200;407.2;3.189;0.0;0.000;60;0;0;3.813;3.952;3.696;864;907;804;49.99;49.99;49.99;3749;1000;0.0;0;1.0000;0;0
600;2016-08-14 15:20:00;172602N232;4724;15.431;43;229;229;233;224;6.878;50.01;388.7;6.193;388.9;6.165;0.0;0.000;60;0;0;6.855;7.061;6.720;1572;1645;1504;50.01;50.01;50.01;3749;1000;0.0;0;1.0000;0;0
600;2016-08-14 15:30:00;172602N232;905;15.582;43;225;226;227;223;1.374;50.00;394.2;1.161;393.9;1.140;0.0;0.000;60;0;0;1.329;1.415;1.378;291;314;299;50.00;50.00;50.00;3749;1000;0.0;0;1.0000;0;0
600;2016-08-14 15:40:00;172602N232;613;15.684;42;225;226;226;223;0.948;50.00;404.2;0.753;403.0;0.745;0.0;0.000;60;0;0;0.903;0.989;0.954;193;214;204;50.00;50.00;50.00;3749;1000;0.0;0;1.0000;0;0
600;2016-08-14 15:50:00;172602N232;744;15.809;42;225;226;227;223;1.140;49.99;414.0;0.895;411.8;0.889;0.0;0.000;60;0;0;1.096;1.182;1.142;237;259;246;49.99;49.99;49.99;3749;1000;0.0;0;1.0000;0;0
600;2016-08-14 16:00:00;172602N232;558;15.902;42;225;226;227;223;0.939;49.99;409.8;0.685;411.5;0.650;0.0;0.000;60;0;0;0.922;0.964;0.931;176;195;185;49.99;49.99;49.99;3749;1000;0.0;0;1.0000;0;0
600;2016-08-14 16:10:00;172602N232;622;16.005;42;225;226;227;223;1.245;49.99;414.8;0.758;422.1;0.706;0.0;0.000;60;0;0;1.360;1.163;1.214;208;205;207;49.99;49.99;49.99;3749;1000;0.0;0;1.0000;0;0
600;2016-08-14 16:20:00;172602N232;845;16.147;41;225;225;227;223;1.296;50.01;410.2;1.030;423.1;0.986;0.0;0.000;60;0;0;1.249;1.339;1.301;269;294;280;50.01;50.01;50.01;3749;1000;0.0;0;1.0000;0;0
600;2016-08-14 16:30:00;172602N232;1139;16.337;41;225;226;226;223;1.732;50.01;408.8;1.394;418.1;1.360;0.0;0.000;60;0;0;1.706;1.757;1.733;372;389;377;50.01;50.01;50.01;3749;1000;0.0;0;1.0000;0;0
600;2016-08-14 16:40:00;172602N232;648;16.445;41;224;226;225;222;1.125;50.00;405.6;0.807;411.7;0.754;0.0;0.000;60;0;0;1.106;1.158;1.111;207;227;213;50.00;50.00;50.00;3749;1000;0.0;0;1.0000;0;0
600;2016-08-14 16:50:00;172602N232;514;16.531;41;224;225;224;222;1.085;50.00;400.5;0.631;410.1;0.612;0.0;0.000;60;0;0;1.100;1.116;1.039;161;184;167;50.00;50.00;50.00;3749;1000;0.0;0;1.0000;0;0
600;2016-08-14 17:00:00;172602N232;676;16.644;41;224;224;225;222;1.054;49.98;402.9;0.830;414.3;0.806;0.0;0.000;60;0;0;1.009;1.097;1.057;213;236;225;49.98;49.98;49.98;3749;1000;0.0;0;1.0000;0;0
600;2016-08-14 17:10:00;172602N232;851;16.785;41;223;221;226;222;1.303;49.98;405.5;1.034;412.0;1.034;0.0;0.000;60;0;0;1.239;1.354;1.316;265;300;284;49.98;49.98;49.98;3749;1000;0.0;0;1.0000;0;0
600;2016-08-14 17:20:00;172602N232;691;16.901;41;223;225;226;219;1.212;50.00;403.3;0.848;410.8;0.831;0.0;0.000;60;0;0;1.255;1.206;1.176;227;237;225;50.00;50.00;50.00;3749;1000;0.0;0;1.0000;0;0
600;2016-08-14 17:30:00;172602N232;590;16.999;41;223;223;226;221;1.043;50.01;402.5;0.719;409.2;0.715;0.0;0.000;60;0;0;1.031;1.067;1.032;185;206;196;50.01;50.01;50.01;3749;1000;0.0;0;1.0000;0;0
600;2016-08-14 17:40:00;172602N232;550;17.091;41;224;226;222;223;1.165;50.01;402.0;0.675;408.5;0.659;0.0;0.000;60;0;0;1.194;1.172;1.131;178;191;179;50.01;50.01;50.01;3749;1000;0.0;0;1.0000;0;0
600;2016-08-14 17:50:00;172602N232;399;17.159;41;224;225;223;224;1.197;49.98;403.9;0.486;407.6;0.465;0.0;0.000;60;0;0;1.273;1.218;1.101;111;162;125;49.98;49.98;49.98;3749;1000;0.0;0;1.0000;0;0
600;2016-08-14 18:00:00;172602N232;613;17.260;40;224;224;225;224;1.149;49.99;393.7;0.760;406.5;0.749;0.0;0.000;60;0;0;1.141;1.182;1.125;188;218;205;49.99;49.99;49.99;3749;1000;0.0;0;1.0000;0;0
600;2016-08-14 18:10:00;172602N232;408;17.329;40;224;225;225;224;0.806;49.98;400.2;0.499;405.7;0.487;0.0;0.000;60;0;0;0.764;0.848;0.808;116;143;148;49.98;49.98;49.98;3749;1000;0.0;0;1.0000;0;0
600;2016-08-14 18:20:00;172602N232;327;17.383;40;224;225;223;224;1.152;50.00;398.0;0.398;405.2;0.386;0.0;0.000;60;0;0;1.259;1.126;1.071;95;126;104;50.00;50.00;50.00;3749;1000;0.0;0;1.0000;0;0
600;2016-08-14 18:30:00;172602N232;312;17.435;40;224;226;223;223;1.171;50.03;388.5;0.386;405.4;0.368;0.0;0.000;60;0;0;1.355;1.044;1.114;86;117;107;50.03;50.03;50.03;3749;1000;0.0;0;1.0000;0;0
600;2016-08-14 18:40:00;172602N232;316;17.487;40;225;226;224;223;1.160;50.00;393.7;0.386;405.3;0.373;0.0;0.000;60;0;0;1.348;1.105;1.028;78;128;108;50.00;50.00;50.00;3749;1000;0.0;0;1.0000;0;0
600;2016-08-14 18:50:00;172602N232;181;17.519;39;225;226;226;222;1.011;49.99;389.6;0.218;396.4;0.204;0.0;0.000;60;0;0;1.269;0.977;0.788;26;68;85;49.99;49.99;49.99;3749;1000;0.0;0;1.0000;0;0
600;2016-08-14 19:00:00;172602N232;146;17.544;39;225;225;226;224;0.924;49.99;389.4;0.171;393.3;0.164;0.0;0.000;60;0;0;1.029;0.987;0.757;16;56;72;49.99;49.99;49.99;3749;1000;0.0;0;1.0000;0;0
600;2016-08-14 19:10:00;172602N232;218;17.579;39;225;224;226;224;1.090;50.00;391.7;0.241;411.2;0.264;0.0;0.000;60;0;0;1.260;1.176;0.836;51;88;80;50.00;50.00;50.00;3749;1000;0.0;0;1.0000;0;0
600;2016-08-14 19:20:00;172602N232;351;17.638;39;225;225;226;225;1.176;50.02;391.8;0.403;413.1;0.437;0.0;0.000;60;0;0;1.241;1.202;1.086;98;131;119;50.02;50.02;50.02;3749;1000;0.0;0;1.0000;0;0
600;2016-08-14 19:30:00;172602N232;308;17.690;39;225;227;223;225;1.117;50.03;401.1;0.347;411.2;0.376;0.0;0.000;60;0;0;1.249;1.099;1.003;75;139;93;50.03;50.03;50.03;3749;1000;0.0;0;1.0000;0;0
600;2016-08-14 19:40:00;172602N232;124;17.711;38;225;226;225;225;1.005;50.01;373.3;0.132;398.6;0.151;0.0;0.000;60;0;0;1.361;0.876;0.779;4;73;50;50.01;50.01;50.01;3749;1000;0.0;0;1.0000;0;0
600;2016-08-14 19:50:00;172602N232;88;17.726;38;225;227;226;224;0.930;50.00;357.2;0.095;381.4;0.108;0.0;0.000;60;0;0;1.267;0.799;0.724;0;45;56;50.00;50.00;50.00;3749;1000;0.0;0;1.0000;0;0
600;2016-08-14 20:00:00;172602N232;33;17.731;38;225;226;226;224;0.579;50.00;316.1;0.029;335.3;0.033;0.0;0.000;60;0;0;0.740;0.551;0.448;2;20;30;50.00;50.00;50.00;3749;1000;0.0;0;1.0000;0;0
600;2016-08-14 20:10:00;172602N232;7;17.732;38;226;226;225;226;0.240;50.00;258.8;0.001;262.3;0.003;0.0;0.000;60;0;0;0.306;0.234;0.181;0;8;6;50.00;50.00;50.00;3749;1000;0.0;0;1.0000;0;0
600;2016-08-14 20:20:00;172602N232;0;17.734;37;225;226;226;225;0.010;50.00;275.7;0.000;274.7;0.000;0.0;0.000;50;0;0;0.015;0.008;0.007;0;0;0;50.00;50.00;50.00;3749;1000;0.0;0;1.0000;0;0
600;2016-08-14 20:30:00;172602N232;0;17.734;36;225;225;228;223;0.000;49.99;253.2;0.000;253.4;0.000;0.0;0.000;50;0;0;0.000;0.000;0.000;0;0;0;49.99;49.99;49.99;3749;1000;0.0;0;1.0000;0;0
600;2016-08-14 20:40:00;172602N232;0;17.734;35;224;225;228;218;0.000;50.00;229.1;0.000;230.1;0.000;0.0;0.000;50;0;0;0.000;0.000;0.000;0;0;0;50.00;50.00;50.00;3749;1000;0.0;0;1.0000;0;0
[wr_ende]
