20150404;230001;172602N232;My Plant;+0100
[wr_def_start]
172602N232;Inverter Type;Inverter Group;72602N232      
[wr_def_end]
[wr]
INTERVAL;TIMESTAMP;SERIAL;P_AC;E_DAY;T_WR;U_AC;U_AC_1;U_AC_2;U_AC_3;I_AC;F_AC;U_DC_1;I_DC_1;U_DC_2;I_DC_2;U_DC_3;I_DC_3;S;E_WR;M_WR;I_AC_1;I_AC_2;I_AC_3;P_AC_1;P_AC_2;P_AC_3;F_AC_1;F_AC_2;F_AC_3;R_DC;PC;PCS;PCS_LL;COS_PHI;COS_PHI_LL;S_COS_PHI
600;2015-04-04 06:00:00;172602N232;0;0.000;0;6;6;6;6;0.000;1.50;6.7;0.000;6.7;0.000;0.0;0.000;50;0;0;0.000;0.000;0.000;0;0;0;1.50;1.50;1.50;114;1000;0.0;0;1.0000;0;0
600;2015-04-04 06:10:00;172602N232;0;0.000;18;225;225;228;222;0.000;49.99;232.4;0.000;233.3;0.000;0.0;0.000;50;0;0;0.000;0.000;0.000;0;0;0;49.99;49.99;49.99;0;1000;0.0;0;1.0000;0;0
600;2015-04-04 06:20:00;172602N232;0;0.000;19;225;224;227;223;0.001;49.98;277.8;0.000;277.6;0.000;0.0;0.000;60;0;0;0.001;0.001;0.001;0;0;0;49.98;49.98;49.98;2500;1000;0.0;0;1.0000;0;0
600;2015-04-04 06:30:00;172602N232;6;0.001;19;225;225;227;223;0.234;50.00;288.3;0.000;302.8;0.002;0.0;0.000;60;0;0;0.249;0.301;0.152;2;0;9;50.00;50.00;50.00;5786;1000;0.0;0;1.0000;0;0
600;2015-04-04 06:40:00;172602N232;31;0.007;19;224;224;226;222;0.526;50.03;357.2;0.019;373.8;0.024;0.0;0.000;60;0;0;0.553;0.663;0.362;8;0;26;50.03;50.03;50.03;5818;1000;0.0;0;1.0000;0;0
600;2015-04-04 06:50:00;172602N232;54;0.016;20;224;224;225;223;0.645;50.02;389.4;0.044;401.3;0.048;0.0;0.000;60;0;0;0.601;0.867;0.469;14;2;36;50.02;50.02;50.02;5818;1000;0.0;0;1.0000;0;0
600;2015-04-04 07:00:00;172602N232;72;0.026;20;224;223;225;223;0.856;49.99;406.5;0.066;411.5;0.071;0.0;0.000;60;0;0;0.816;1.078;0.675;12;7;50;49.99;49.99;49.99;5818;1000;0.0;0;1.0000;0;0
600;2015-04-04 07:10:00;172602N232;106;0.044;21;224;224;225;223;0.897;49.99;424.3;0.104;423.3;0.107;0.0;0.000;60;0;0;0.834;1.127;0.731;24;18;63;49.99;49.99;49.99;5818;1000;0.0;0;1.0000;0;0
600;2015-04-04 07:20:00;172602N232;126;0.066;21;224;223;226;222;0.933;49.98;429.7;0.126;427.1;0.128;0.0;0.000;60;0;0;0.795;1.257;0.748;39;13;72;49.98;49.98;49.98;5818;1000;0.0;0;1.0000;0;0
600;2015-04-04 07:30:00;172602N232;130;0.088;22;223;223;225;221;0.955;49.99;430.9;0.129;426.3;0.136;0.0;0.000;60;0;0;0.849;1.236;0.782;37;18;74;49.99;49.99;49.99;5818;1000;0.0;0;1.0000;0;0
600;2015-04-04 07:40:00;172602N232;142;0.112;22;223;221;225;222;0.998;50.00;433.5;0.143;428.9;0.149;0.0;0.000;60;0;0;0.782;1.408;0.804;56;11;75;50.00;50.00;50.00;5818;1000;0.0;0;1.0000;0;0
600;2015-04-04 07:50:00;172602N232;154;0.138;22;222;222;224;220;0.991;49.98;435.8;0.156;429.2;0.161;0.0;0.000;60;0;0;0.853;1.305;0.816;35;30;88;49.98;49.98;49.98;5818;1000;0.0;0;1.0000;0;0
600;2015-04-04 08:00:00;172602N232;166;0.165;23;222;221;224;221;0.936;49.98;436.5;0.168;431.2;0.173;0.0;0.000;60;0;0;0.752;1.344;0.713;32;52;81;49.98;49.98;49.98;5818;1000;0.0;0;1.0000;0;0
600;2015-04-04 08:10:00;172602N232;180;0.195;23;221;220;224;220;0.941;49.97;441.2;0.181;439.2;0.185;0.0;0.000;60;0;0;0.760;1.369;0.694;44;51;84;49.97;49.97;49.97;5818;1000;0.0;0;1.0000;0;0
600;2015-04-04 08:20:00;172602N232;204;0.229;23;221;221;223;220;0.960;49.99;458.7;0.199;465.4;0.198;0.0;0.000;60;0;0;1.103;1.089;0.690;81;52;69;49.99;49.99;49.99;5818;1000;0.0;0;1.0000;0;0
600;2015-04-04 08:30:00;172602N232;238;0.270;24;221;221;223;221;1.045;49.98;481.5;0.220;486.0;0.224;0.0;0.000;60;0;0;1.041;1.294;0.801;69;83;84;49.98;49.98;49.98;5818;1000;0.0;0;1.0000;0;0
600;2015-04-04 08:40:00;172602N232;500;0.353;24;221;221;224;219;0.998;49.99;425.2;0.791;441.1;0.394;0.0;0.000;60;0;0;0.952;1.090;0.954;156;174;168;49.99;49.99;49.99;5818;1000;0.0;0;1.0000;0;0
600;2015-04-04 08:50:00;172602N232;783;0.484;24;222;223;225;219;1.213;50.00;350.7;1.557;423.7;0.567;0.0;0.000;60;0;0;1.176;1.253;1.211;251;273;257;50.00;50.00;50.00;5818;1000;0.0;0;1.0000;0;0
600;2015-04-04 09:00:00;172602N232;1124;0.672;25;221;221;223;221;1.739;50.00;385.5;1.955;374.2;1.004;0.0;0.000;60;0;0;1.685;1.781;1.751;359;387;375;50.00;50.00;50.00;5818;1000;0.0;0;1.0000;0;0
600;2015-04-04 09:10:00;172602N232;1546;0.928;25;222;220;225;221;2.353;50.01;449.1;2.197;366.7;1.552;0.0;0.000;60;0;0;2.286;2.403;2.371;494;533;517;50.01;50.01;50.01;5818;1000;0.0;0;1.0000;0;0
600;2015-04-04 09:20:00;172602N232;1902;1.246;26;223;221;226;221;2.876;49.99;448.2;2.559;382.0;2.015;0.0;0.000;60;0;0;2.807;2.941;2.880;613;657;630;49.99;49.99;49.99;5818;1000;0.0;0;1.0000;0;0
600;2015-04-04 09:30:00;172602N232;2195;1.612;26;223;222;226;221;3.315;50.00;433.5;2.873;388.2;2.497;0.0;0.000;60;0;0;3.251;3.387;3.308;712;758;723;50.00;50.00;50.00;5818;1000;0.0;0;1.0000;0;0
600;2015-04-04 09:40:00;172602N232;2464;2.024;27;223;222;226;221;3.702;49.98;427.2;3.111;412.3;2.805;0.0;0.000;60;0;0;3.640;3.779;3.689;803;850;809;49.98;49.98;49.98;5818;1000;0.0;0;1.0000;0;0
600;2015-04-04 09:50:00;172602N232;2678;2.469;28;223;222;227;221;4.026;50.00;423.5;3.335;409.5;3.157;0.0;0.000;60;0;0;3.958;4.118;4.003;872;927;877;50.00;50.00;50.00;5818;1000;0.0;0;1.0000;0;0
600;2015-04-04 10:00:00;172602N232;2852;2.945;29;225;224;229;222;4.247;50.01;419.1;3.544;406.2;3.441;0.0;0.000;60;0;0;4.170;4.350;4.223;928;989;933;50.01;50.01;50.01;5818;1000;0.0;0;1.0000;0;0
600;2015-04-04 10:10:00;172602N232;3031;3.449;31;225;225;228;223;4.501;50.00;415.9;3.770;414.6;3.611;0.0;0.000;60;0;0;4.456;4.577;4.471;998;1039;991;50.00;50.00;50.00;5818;1000;0.0;0;1.0000;0;0
600;2015-04-04 10:20:00;172602N232;3192;3.982;32;225;225;229;222;4.728;50.00;413.1;3.980;413.8;3.831;0.0;0.000;60;0;0;4.679;4.832;4.674;1052;1102;1035;50.00;50.00;50.00;5818;1000;0.0;0;1.0000;0;0
600;2015-04-04 10:30:00;172602N232;3359;4.542;33;226;226;229;222;4.967;50.01;409.7;4.179;416.4;4.053;0.0;0.000;60;0;0;4.919;5.075;4.908;1110;1160;1087;50.01;50.01;50.01;5818;1000;0.0;0;1.0000;0;0
600;2015-04-04 10:40:00;172602N232;3508;5.128;34;226;226;230;222;5.185;49.99;407.8;4.374;408.6;4.332;0.0;0.000;60;0;0;5.130;5.323;5.103;1155;1220;1131;49.99;49.99;49.99;5818;1000;0.0;0;1.0000;0;0
600;2015-04-04 10:50:00;172602N232;3621;5.731;36;226;225;231;223;5.348;50.00;405.0;4.546;404.5;4.523;0.0;0.000;60;0;0;5.265;5.486;5.293;1180;1263;1176;50.00;50.00;50.00;5818;1000;0.0;0;1.0000;0;0
600;2015-04-04 11:00:00;172602N232;3729;6.352;37;225;222;231;223;5.519;50.00;403.1;4.703;402.8;4.681;0.0;0.000;60;0;0;5.371;5.701;5.487;1191;1314;1222;50.00;50.00;50.00;5818;1000;0.0;0;1.0000;0;0
600;2015-04-04 11:10:00;172602N232;3833;6.991;38;226;224;232;223;5.656;49.99;400.2;4.869;400.6;4.843;0.0;0.000;60;0;0;5.544;5.830;5.595;1239;1349;1243;49.99;49.99;49.99;5818;1000;0.0;0;1.0000;0;0
600;2015-04-04 11:20:00;172602N232;4035;7.664;38;227;226;231;223;5.937;50.00;397.6;5.166;397.8;5.137;0.0;0.000;60;0;0;5.856;6.088;5.869;1319;1406;1308;50.00;50.00;50.00;5818;1000;0.0;0;1.0000;0;0
600;2015-04-04 11:30:00;172602N232;4144;8.356;36;227;226;231;222;6.101;50.00;394.1;5.350;394.6;5.321;0.0;0.000;60;0;0;6.041;6.267;5.997;1364;1448;1331;50.00;50.00;50.00;5818;1000;0.0;0;1.0000;0;0
600;2015-04-04 11:40:00;172602N232;4346;9.081;36;226;226;232;222;6.399;49.97;392.0;5.648;392.9;5.610;0.0;0.000;60;0;0;6.347;6.588;6.263;1433;1525;1386;49.97;49.97;49.97;5818;1000;0.0;0;1.0000;0;0
600;2015-04-04 11:50:00;172602N232;3458;9.656;35;226;225;231;221;5.102;50.00;390.0;4.491;390.9;4.433;0.0;0.000;60;0;0;5.046;5.282;4.979;1136;1221;1098;50.00;50.00;50.00;5818;1000;0.0;0;1.0000;0;0
600;2015-04-04 12:00:00;172602N232;3042;10.163;36;225;225;230;221;4.496;50.03;394.5;3.894;393.4;3.886;0.0;0.000;60;0;0;4.433;4.642;4.414;996;1071;973;50.03;50.03;50.03;5818;1000;0.0;0;1.0000;0;0
600;2015-04-04 12:10:00;172602N232;4553;10.922;39;226;226;231;222;6.701;49.99;387.7;5.984;388.5;5.934;0.0;0.000;60;0;0;6.622;6.923;6.558;1495;1601;1456;49.99;49.99;49.99;5818;1000;0.0;0;1.0000;0;0
600;2015-04-04 12:20:00;172602N232;4383;11.651;38;226;225;231;224;6.447;50.00;386.4;5.756;386.8;5.764;0.0;0.000;60;0;0;6.351;6.613;6.378;1429;1524;1425;50.00;50.00;50.00;5818;1000;0.0;0;1.0000;0;0
600;2015-04-04 12:30:00;172602N232;2985;12.151;37;225;223;230;223;4.428;50.00;392.5;3.881;389.1;3.861;0.0;0.000;60;0;0;4.323;4.578;4.383;961;1050;973;50.00;50.00;50.00;5818;1000;0.0;0;1.0000;0;0
600;2015-04-04 12:40:00;172602N232;3335;12.706;37;226;225;230;223;4.921;49.99;396.9;4.291;395.2;4.228;0.0;0.000;60;0;0;4.843;5.062;4.858;1088;1163;1081;49.99;49.99;49.99;5818;1000;0.0;0;1.0000;0;0
600;2015-04-04 12:50:00;172602N232;2915;13.192;37;226;226;229;223;4.302;50.00;400.1;3.669;398.8;3.660;0.0;0.000;60;0;0;4.247;4.429;4.230;956;1018;938;50.00;50.00;50.00;5818;1000;0.0;0;1.0000;0;0
600;2015-04-04 13:00:00;172602N232;3223;13.729;38;226;226;229;222;4.749;50.00;397.8;4.159;392.7;4.124;0.0;0.000;60;0;0;4.711;4.892;4.644;1064;1129;1029;50.00;50.00;50.00;5818;1000;0.0;0;1.0000;0;0
600;2015-04-04 13:10:00;172602N232;1019;13.899;37;224;223;227;221;1.575;49.99;407.5;1.241;405.0;1.260;0.0;0.000;60;0;0;1.511;1.646;1.568;321;360;336;49.99;49.99;49.99;5818;1000;0.0;0;1.0000;0;0
600;2015-04-04 13:20:00;172602N232;2491;14.316;37;225;224;229;221;3.696;50.01;416.2;3.073;413.9;2.979;0.0;0.000;60;0;0;3.629;3.829;3.632;812;877;801;50.01;50.01;50.01;5818;1000;0.0;0;1.0000;0;0
600;2015-04-04 13:30:00;172602N232;2898;14.797;36;226;226;229;223;4.284;50.01;414.3;3.521;414.2;3.551;0.0;0.000;60;0;0;4.231;4.381;4.241;953;999;943;50.01;50.01;50.01;5818;1000;0.0;0;1.0000;0;0
600;2015-04-04 13:40:00;172602N232;3250;15.338;36;226;225;230;223;4.799;49.98;408.1;4.055;409.5;3.997;0.0;0.000;60;0;0;4.723;4.948;4.728;1061;1132;1052;49.98;49.98;49.98;5818;1000;0.0;0;1.0000;0;0
600;2015-04-04 13:50:00;172602N232;4656;16.115;40;227;226;231;224;6.828;49.99;391.5;6.061;391.1;6.021;0.0;0.000;60;0;0;6.755;7.003;6.726;1529;1622;1505;49.99;49.99;49.99;5818;1000;0.0;0;1.0000;0;0
600;2015-04-04 14:00:00;172602N232;577;16.212;37;224;224;225;222;0.960;49.98;397.1;0.722;390.4;0.735;0.0;0.000;60;0;0;0.916;1.001;0.965;180;203;192;49.98;49.98;49.98;5818;1000;0.0;0;1.0000;0;0
600;2015-04-04 14:10:00;172602N232;645;16.320;36;223;224;225;221;1.000;49.99;415.8;0.760;411.7;0.780;0.0;0.000;60;0;0;0.948;1.043;1.009;202;226;215;49.99;49.99;49.99;5818;1000;0.0;0;1.0000;0;0
600;2015-04-04 14:20:00;172602N232;1089;16.502;36;224;223;227;222;1.650;49.98;421.5;1.280;418.6;1.303;0.0;0.000;60;0;0;1.598;1.696;1.657;349;378;361;49.98;49.98;49.98;5818;1000;0.0;0;1.0000;0;0
600;2015-04-04 14:30:00;172602N232;4417;17.237;36;227;227;231;224;6.479;49.99;411.4;5.481;413.3;5.444;0.0;0.000;60;0;0;6.418;6.652;6.367;1453;1538;1424;49.99;49.99;49.99;5818;1000;0.0;0;1.0000;0;0
600;2015-04-04 14:40:00;172602N232;4163;17.933;39;227;226;231;224;6.111;49.98;389.2;5.443;390.0;5.412;0.0;0.000;60;0;0;6.045;6.273;6.016;1365;1452;1345;49.98;49.98;49.98;5818;1000;0.0;0;1.0000;0;0
600;2015-04-04 14:50:00;172602N232;867;18.078;37;223;223;224;221;1.379;49.98;396.7;1.085;392.3;1.112;0.0;0.000;60;0;0;1.370;1.400;1.367;280;299;287;49.98;49.98;49.98;5818;1000;0.0;0;1.0000;0;0
600;2015-04-04 15:00:00;172602N232;1248;18.286;36;224;224;226;223;1.948;49.98;414.8;1.488;415.3;1.490;0.0;0.000;60;0;0;1.939;1.971;1.934;405;427;414;49.98;49.98;49.98;5818;1000;0.0;0;1.0000;0;0
600;2015-04-04 15:10:00;172602N232;4176;18.983;36;227;227;231;224;6.128;49.98;411.3;5.206;410.1;5.169;0.0;0.000;60;0;0;6.095;6.265;6.024;1380;1446;1348;49.98;49.98;49.98;5818;1000;0.0;0;1.0000;0;0
600;2015-04-04 15:20:00;172602N232;2468;19.396;37;225;225;227;224;3.651;49.99;393.1;3.189;388.5;3.195;0.0;0.000;60;0;0;3.609;3.714;3.630;811;847;810;49.99;49.99;49.99;5818;1000;0.0;0;1.0000;0;0
600;2015-04-04 15:30:00;172602N232;673;19.507;37;224;224;224;224;1.042;49.99;404.2;0.817;400.9;0.842;0.0;0.000;60;0;0;0.994;1.075;1.058;212;232;227;49.99;49.99;49.99;5818;1000;0.0;0;1.0000;0;0
600;2015-04-04 15:40:00;172602N232;2091;19.855;36;225;224;227;223;3.112;49.97;421.8;2.494;417.7;2.490;0.0;0.000;60;0;0;3.061;3.182;3.094;683;719;686;49.97;49.97;49.97;5818;1000;0.0;0;1.0000;0;0
600;2015-04-04 15:50:00;172602N232;2525;20.276;36;226;225;228;224;3.743;49.98;419.2;3.059;414.7;3.068;0.0;0.000;60;0;0;3.691;3.827;3.711;825;871;826;49.98;49.98;49.98;5818;1000;0.0;0;1.0000;0;0
600;2015-04-04 16:00:00;172602N232;2969;20.770;37;226;226;229;223;4.379;49.98;406.2;3.714;402.5;3.709;0.0;0.000;60;0;0;4.336;4.484;4.319;977;1028;963;49.98;49.98;49.98;5818;1000;0.0;0;1.0000;0;0
600;2015-04-04 16:10:00;172602N232;840;20.911;36;224;224;225;222;1.287;49.98;405.0;1.032;402.2;1.035;0.0;0.000;60;0;0;1.241;1.329;1.291;268;292;278;49.98;49.98;49.98;5818;1000;0.0;0;1.0000;0;0
600;2015-04-04 16:20:00;172602N232;484;20.992;36;224;224;225;222;0.760;49.98;409.7;0.577;406.5;0.587;0.0;0.000;60;0;0;0.707;0.799;0.774;148;171;163;49.98;49.98;49.98;5818;1000;0.0;0;1.0000;0;0
600;2015-04-04 16:30:00;172602N232;696;21.109;36;223;223;226;221;1.072;49.98;412.4;0.820;416.1;0.832;0.0;0.000;60;0;0;1.020;1.120;1.078;219;244;231;49.98;49.98;49.98;5818;1000;0.0;0;1.0000;0;0
600;2015-04-04 16:40:00;172602N232;3388;21.672;36;226;224;230;223;5.010;50.01;423.7;4.042;422.6;4.059;0.0;0.000;60;0;0;4.928;5.118;4.984;1102;1173;1111;50.01;50.01;50.01;5818;1000;0.0;0;1.0000;0;0
600;2015-04-04 16:50:00;172602N232;3177;22.202;36;225;225;228;223;4.704;50.00;410.7;3.863;408.0;3.979;0.0;0.000;60;0;0;4.659;4.786;4.668;1047;1090;1038;50.00;50.00;50.00;5818;1000;0.0;0;1.0000;0;0
600;2015-04-04 17:00:00;172602N232;1421;22.439;36;223;225;226;219;2.137;49.99;393.8;1.792;403.9;1.776;0.0;0.000;60;0;0;2.102;2.200;2.111;467;493;459;49.99;49.99;49.99;5818;1000;0.0;0;1.0000;0;0
600;2015-04-04 17:10:00;172602N232;377;22.503;36;222;224;223;219;1.106;49.99;399.1;0.452;401.7;0.463;0.0;0.000;60;0;0;1.187;1.113;1.019;104;146;126;49.99;49.99;49.99;5818;1000;0.0;0;1.0000;0;0
600;2015-04-04 17:20:00;172602N232;2145;22.860;35;224;223;228;221;3.265;49.98;414.2;2.629;432.5;2.465;0.0;0.000;60;0;0;3.215;3.358;3.224;696;749;698;49.98;49.98;49.98;5818;1000;0.0;0;1.0000;0;0
600;2015-04-04 17:30:00;172602N232;1281;23.073;35;223;222;226;221;2.068;49.99;401.2;1.608;419.3;1.462;0.0;0.000;60;0;0;2.031;2.167;2.007;411;446;422;49.99;49.99;49.99;5818;1000;0.0;0;1.0000;0;0
600;2015-04-04 17:40:00;172602N232;163;23.100;35;222;222;223;220;0.970;50.00;380.8;0.192;388.0;0.196;0.0;0.000;60;0;0;0.961;1.197;0.753;24;54;83;50.00;50.00;50.00;5818;1000;0.0;0;1.0000;0;0
600;2015-04-04 17:50:00;172602N232;419;23.171;34;222;223;224;221;1.140;49.99;411.8;0.335;404.2;0.658;0.0;0.000;60;0;0;1.194;1.226;1.002;122;147;147;49.99;49.99;49.99;5818;1000;0.0;0;1.0000;0;0
600;2015-04-04 18:00:00;172602N232;661;23.281;34;223;223;225;221;1.087;49.98;392.3;0.379;400.7;1.264;0.0;0.000;60;0;0;1.048;1.127;1.086;209;231;219;49.98;49.98;49.98;5818;1000;0.0;0;1.0000;0;0
600;2015-04-04 18:10:00;172602N232;403;23.349;34;222;223;225;220;0.855;49.99;450.2;0.272;352.0;0.779;0.0;0.000;60;0;0;0.852;0.900;0.815;120;142;139;49.99;49.99;49.99;5818;1000;0.0;0;1.0000;0;0
600;2015-04-04 18:20:00;172602N232;245;23.390;33;222;223;225;219;1.101;49.99;450.3;0.244;396.5;0.317;0.0;0.000;60;0;0;1.132;1.252;0.921;57;78;108;49.99;49.99;49.99;5818;1000;0.0;0;1.0000;0;0
600;2015-04-04 18:30:00;172602N232;144;23.414;33;223;224;225;221;0.967;49.98;398.1;0.155;397.4;0.165;0.0;0.000;60;0;0;1.237;0.949;0.717;23;49;70;49.98;49.98;49.98;5818;1000;0.0;0;1.0000;0;0
600;2015-04-04 18:40:00;172602N232;156;23.440;32;224;224;226;222;1.013;50.01;386.9;0.176;398.2;0.184;0.0;0.000;60;0;0;1.192;1.099;0.748;25;53;76;50.01;50.01;50.01;5818;1000;0.0;0;1.0000;0;0
600;2015-04-04 18:50:00;172602N232;265;23.483;32;224;225;225;221;1.132;49.98;404.9;0.307;421.1;0.301;0.0;0.000;60;0;0;1.259;1.216;0.923;54;103;106;49.98;49.98;49.98;5818;1000;0.0;0;1.0000;0;0
600;2015-04-04 19:00:00;172602N232;105;23.502;32;224;225;225;222;0.952;49.97;384.3;0.113;397.1;0.119;0.0;0.000;60;0;0;1.266;0.870;0.722;2;48;58;49.97;49.97;49.97;5818;1000;0.0;0;1.0000;0;0
600;2015-04-04 19:10:00;172602N232;63;23.513;31;224;225;225;222;0.778;50.02;368.7;0.057;401.1;0.068;0.0;0.000;60;0;0;1.005;0.730;0.599;0;33;46;50.02;50.02;50.02;5818;1000;0.0;0;1.0000;0;0
600;2015-04-04 19:20:00;172602N232;31;23.518;31;224;225;225;222;0.487;49.99;322.0;0.021;352.5;0.028;0.0;0.000;60;0;0;0.610;0.493;0.358;0;19;24;49.99;49.99;49.99;5818;1000;0.0;0;1.0000;0;0
600;2015-04-04 19:30:00;172602N232;2;23.519;30;223;224;224;221;0.147;49.98;252.9;0.000;258.8;0.001;0.0;0.000;60;0;0;0.203;0.139;0.101;0;4;5;49.98;49.98;49.98;5818;1000;0.0;0;1.0000;0;0
600;2015-04-04 19:40:00;172602N232;0;23.518;29;223;223;226;219;0.003;50.00;254.4;0.000;254.7;0.000;0.0;0.000;50;0;0;0.010;0.000;0.000;0;0;0;50.00;50.00;50.00;5818;1000;0.0;0;1.0000;0;0
600;2015-04-04 19:50:00;172602N232;0;23.518;28;223;222;225;220;0.000;49.99;229.2;0.000;230.2;0.000;0.0;0.000;50;0;0;0.000;0.000;0.000;0;0;0;49.99;49.99;49.99;5818;1000;0.0;0;1.0000;0;0
[wr_ende]
