20131016;230001;172602N232;My Plant;+0100
[wr_def_start]
172602N232;Inverter Type;Inverter Group;72602N232      
[wr_def_end]
[wr]
INTERVAL;TIMESTAMP;SERIAL;P_AC;E_DAY;T_WR;U_AC;U_AC_1;U_AC_2;U_AC_3;I_AC;F_AC;U_DC_1;I_DC_1;U_DC_2;I_DC_2;U_DC_3;I_DC_3;S;E_WR;M_WR;I_AC_1;I_AC_2;I_AC_3;P_AC_1;P_AC_2;P_AC_3;F_AC_1;F_AC_2;F_AC_3;R_DC;PC;PCS;PCS_LL;COS_PHI;COS_PHI_LL;S_COS_PHI
600;2013-10-16 07:30:00;172602N232;0;0.000;0;8;8;8;8;0.000;1.99;9.0;0.000;9.1;0.000;0.0;0.000;50;0;0;0.000;0.000;0.000;0;0;0;1.99;1.99;1.99;0;1000;0.0;0;1.0000;0;0
600;2013-10-16 07:40:00;172602N232;0;0.000;22;220;220;222;218;0.000;49.99;231.7;0.000;232.6;0.000;0.0;0.000;50;0;0;0.000;0.000;0.000;0;0;0;49.99;49.99;49.99;0;1000;0.0;0;1.0000;0;0
600;2013-10-16 07:50:00;172602N232;0;0.000;23;220;220;222;218;0.000;50.01;232.9;0.000;233.8;0.000;0.0;0.000;50;0;0;0.000;0.000;0.000;0;0;0;50.01;50.01;50.01;0;1000;0.0;0;1.0000;0;0
600;2013-10-16 08:00:00;172602N232;0;0.000;23;220;220;223;217;0.001;50.00;294.2;0.000;293.3;0.000;0.0;0.000;60;0;0;0.002;0.001;0.001;0;0;0;50.00;50.00;50.00;2349;1000;0.0;0;1.0000;0;0
600;2013-10-16 08:10:00;172602N232;1;0.000;24;220;220;220;218;0.081;50.00;264.6;0.000;266.5;0.000;0.0;0.000;60;0;0;0.119;0.068;0.057;0;3;2;50.00;50.00;50.00;6533;1000;0.0;0;1.0000;0;0
600;2013-10-16 08:20:00;172602N232;12;0.004;24;220;221;220;219;0.291;50.00;277.3;0.002;287.3;0.007;0.0;0.000;60;0;0;0.405;0.257;0.213;0;9;12;50.00;50.00;50.00;6804;1000;0.0;0;1.0000;0;0
600;2013-10-16 08:30:00;172602N232;26;0.010;24;221;222;222;221;0.427;50.00;313.9;0.018;336.2;0.021;0.0;0.000;60;0;0;0.507;0.435;0.339;1;13;19;50.00;50.00;50.00;6804;1000;0.0;0;1.0000;0;0
600;2013-10-16 08:40:00;172602N232;49;0.018;25;224;224;225;223;0.640;50.00;358.7;0.048;366.1;0.051;0.0;0.000;60;0;0;0.745;0.705;0.471;2;19;32;50.00;50.00;50.00;6804;1000;0.0;0;1.0000;0;0
600;2013-10-16 08:50:00;172602N232;63;0.029;25;224;225;225;224;0.735;49.99;374.8;0.064;373.6;0.068;0.0;0.000;60;0;0;0.886;0.757;0.562;3;28;33;49.99;49.99;49.99;6804;1000;0.0;0;1.0000;0;0
600;2013-10-16 09:00:00;172602N232;95;0.042;26;225;225;226;223;0.926;49.99;385.6;0.105;384.6;0.108;0.0;0.000;60;0;0;1.001;1.040;0.738;12;25;56;49.99;49.99;49.99;6804;1000;0.0;0;1.0000;0;0
600;2013-10-16 09:10:00;172602N232;96;0.057;26;225;225;226;224;0.939;49.99;382.4;0.107;383.6;0.110;0.0;0.000;60;0;0;1.022;1.030;0.766;10;27;57;49.99;49.99;49.99;6804;1000;0.0;0;1.0000;0;0
600;2013-10-16 09:20:00;172602N232;169;0.086;27;224;224;225;224;0.953;49.99;400.9;0.193;396.0;0.196;0.0;0.000;60;0;0;0.990;1.110;0.759;34;65;68;49.99;49.99;49.99;6804;1000;0.0;0;1.0000;0;0
600;2013-10-16 09:30:00;172602N232;232;0.124;27;224;224;225;223;1.031;50.00;410.9;0.267;401.4;0.272;0.0;0.000;60;0;0;1.096;1.212;0.787;63;91;76;50.00;50.00;50.00;6804;1000;0.0;0;1.0000;0;0
600;2013-10-16 09:40:00;172602N232;195;0.157;28;223;223;225;222;1.036;50.00;406.1;0.223;397.3;0.228;0.0;0.000;60;0;0;1.231;1.088;0.790;51;68;74;50.00;50.00;50.00;6804;1000;0.0;0;1.0000;0;0
600;2013-10-16 09:50:00;172602N232;199;0.190;28;223;224;223;223;0.997;50.00;405.4;0.228;397.5;0.233;0.0;0.000;60;0;0;1.314;0.899;0.778;52;82;63;50.00;50.00;50.00;6804;1000;0.0;0;1.0000;0;0
600;2013-10-16 10:00:00;172602N232;279;0.237;29;223;223;223;222;1.130;49.99;417.3;0.320;404.0;0.329;0.0;0.000;60;0;0;1.286;1.167;0.938;81;115;81;49.99;49.99;49.99;6804;1000;0.0;0;1.0000;0;0
600;2013-10-16 10:10:00;172602N232;408;0.305;29;223;223;224;223;0.937;50.01;421.6;0.475;408.1;0.484;0.0;0.000;60;0;0;0.930;0.975;0.906;126;148;132;50.01;50.01;50.01;6804;1000;0.0;0;1.0000;0;0
600;2013-10-16 10:20:00;172602N232;433;0.378;29;223;223;224;223;0.804;50.01;421.6;0.507;407.2;0.516;0.0;0.000;60;0;0;0.763;0.839;0.811;131;154;146;50.01;50.01;50.01;6804;1000;0.0;0;1.0000;0;0
600;2013-10-16 10:30:00;172602N232;524;0.465;30;223;223;224;221;0.822;50.01;426.7;0.611;410.2;0.624;0.0;0.000;60;0;0;0.768;0.865;0.833;162;185;176;50.01;50.01;50.01;6804;1000;0.0;0;1.0000;0;0
600;2013-10-16 10:40:00;172602N232;543;0.556;30;223;223;224;222;0.941;50.01;427.0;0.631;409.5;0.647;0.0;0.000;60;0;0;0.898;0.986;0.940;169;191;180;50.01;50.01;50.01;6804;1000;0.0;0;1.0000;0;0
600;2013-10-16 10:50:00;172602N232;697;0.671;31;223;223;223;223;1.138;50.00;427.8;0.819;413.1;0.824;0.0;0.000;60;0;0;1.123;1.146;1.145;222;237;236;50.00;50.00;50.00;6804;1000;0.0;0;1.0000;0;0
600;2013-10-16 11:00:00;172602N232;871;0.818;31;224;223;225;223;1.330;50.00;426.0;1.033;414.6;1.028;0.0;0.000;60;0;0;1.280;1.366;1.345;277;300;291;50.00;50.00;50.00;6804;1000;0.0;0;1.0000;0;0
600;2013-10-16 11:10:00;172602N232;870;0.962;31;224;223;225;222;1.329;49.99;423.9;1.038;412.7;1.033;0.0;0.000;60;0;0;1.278;1.371;1.339;277;302;289;49.99;49.99;49.99;6804;1000;0.0;0;1.0000;0;0
600;2013-10-16 11:20:00;172602N232;945;1.121;32;224;224;225;222;1.439;50.01;423.0;1.139;414.2;1.114;0.0;0.000;60;0;0;1.393;1.478;1.446;304;326;313;50.01;50.01;50.01;6804;1000;0.0;0;1.0000;0;0
600;2013-10-16 11:30:00;172602N232;1405;1.354;32;224;225;226;222;2.117;50.00;422.0;1.708;418.0;1.637;0.0;0.000;60;0;0;2.091;2.156;2.105;461;482;460;50.00;50.00;50.00;6804;1000;0.0;0;1.0000;0;0
600;2013-10-16 11:40:00;172602N232;1379;1.585;33;224;225;226;222;2.076;50.01;417.2;1.692;417.0;1.622;0.0;0.000;60;0;0;2.033;2.132;2.064;448;477;451;50.01;50.01;50.01;6804;1000;0.0;0;1.0000;0;0
600;2013-10-16 11:50:00;172602N232;2173;1.947;33;226;226;228;224;3.218;50.01;417.5;2.659;428.0;2.516;0.0;0.000;60;0;0;3.165;3.283;3.207;711;744;715;50.01;50.01;50.01;6804;1000;0.0;0;1.0000;0;0
600;2013-10-16 12:00:00;172602N232;2875;2.427;33;227;227;230;225;4.227;50.02;411.8;3.575;421.9;3.395;0.0;0.000;60;0;0;4.168;4.312;4.202;944;987;943;50.02;50.02;50.02;6804;1000;0.0;0;1.0000;0;0
600;2013-10-16 12:10:00;172602N232;3026;2.931;34;228;228;230;224;4.445;50.03;406.4;3.816;415.6;3.638;0.0;0.000;60;0;0;4.402;4.544;4.391;1001;1042;982;50.03;50.03;50.03;6804;1000;0.0;0;1.0000;0;0
600;2013-10-16 12:20:00;172602N232;2974;3.427;37;228;228;231;224;4.365;50.03;400.0;3.798;405.2;3.669;0.0;0.000;60;0;0;4.329;4.466;4.300;984;1028;961;50.03;50.03;50.03;6804;1000;0.0;0;1.0000;0;0
600;2013-10-16 12:30:00;172602N232;2618;3.863;36;227;226;229;225;3.862;50.02;401.7;3.322;405.4;3.220;0.0;0.000;60;0;0;3.804;3.942;3.840;857;899;859;50.02;50.02;50.02;6804;1000;0.0;0;1.0000;0;0
600;2013-10-16 12:40:00;172602N232;3640;4.470;38;227;227;230;225;5.349;50.01;394.7;4.692;397.9;4.624;0.0;0.000;60;0;0;5.286;5.448;5.313;1197;1249;1193;50.01;50.01;50.01;6804;1000;0.0;0;1.0000;0;0
600;2013-10-16 12:50:00;172602N232;3153;4.997;37;227;226;230;225;4.641;50.00;393.9;4.064;395.4;4.028;0.0;0.000;60;0;0;4.568;4.746;4.609;1029;1088;1034;50.00;50.00;50.00;6804;1000;0.0;0;1.0000;0;0
600;2013-10-16 13:00:00;172602N232;2265;5.374;37;226;225;229;225;3.352;50.00;396.9;2.902;396.8;2.853;0.0;0.000;60;0;0;3.277;3.428;3.353;732;781;750;50.00;50.00;50.00;6804;1000;0.0;0;1.0000;0;0
600;2013-10-16 13:10:00;172602N232;3282;5.921;38;227;226;230;226;4.823;50.01;400.5;4.166;402.5;4.114;0.0;0.000;60;0;0;4.758;4.909;4.802;1075;1124;1081;50.01;50.01;50.01;6804;1000;0.0;0;1.0000;0;0
600;2013-10-16 13:20:00;172602N232;3087;6.436;38;227;226;231;225;4.538;50.00;397.0;3.964;404.7;3.833;0.0;0.000;60;0;0;4.458;4.645;4.512;1004;1068;1013;50.00;50.00;50.00;6804;1000;0.0;0;1.0000;0;0
600;2013-10-16 13:30:00;172602N232;3026;6.939;38;227;226;231;225;4.445;50.00;398.6;3.873;408.0;3.723;0.0;0.000;60;0;0;4.373;4.554;4.408;986;1050;988;50.00;50.00;50.00;6804;1000;0.0;0;1.0000;0;0
600;2013-10-16 13:40:00;172602N232;2212;7.309;39;227;226;230;226;3.264;50.02;397.3;2.816;405.0;2.733;0.0;0.000;60;0;0;3.193;3.341;3.260;716;764;730;50.02;50.02;50.02;6804;1000;0.0;0;1.0000;0;0
600;2013-10-16 13:50:00;172602N232;2750;7.768;39;227;226;231;225;4.040;50.01;392.3;3.475;413.5;3.433;0.0;0.000;60;0;0;3.974;4.133;4.015;896;950;902;50.01;50.01;50.01;6804;1000;0.0;0;1.0000;0;0
600;2013-10-16 14:00:00;172602N232;2746;8.225;39;227;225;230;225;4.051;49.97;375.6;3.614;409.9;3.468;0.0;0.000;60;0;0;3.980;4.149;4.026;893;950;901;49.97;49.97;49.97;6804;1000;0.0;0;1.0000;0;0
600;2013-10-16 14:10:00;172602N232;2748;8.683;40;227;226;230;224;4.052;50.01;391.9;3.576;397.9;3.461;0.0;0.000;60;0;0;3.981;4.153;4.024;896;951;900;50.01;50.01;50.01;6804;1000;0.0;0;1.0000;0;0
600;2013-10-16 14:20:00;172602N232;2677;9.129;40;227;226;230;225;3.944;50.01;398.5;3.585;375.0;3.419;0.0;0.000;60;0;0;3.886;4.037;3.910;877;925;874;50.01;50.01;50.01;6804;1000;0.0;0;1.0000;0;0
600;2013-10-16 14:30:00;172602N232;2502;9.548;40;227;226;230;224;3.689;50.00;398.7;3.528;350.0;3.222;0.0;0.000;60;0;0;3.629;3.782;3.657;818;866;816;50.00;50.00;50.00;6804;1000;0.0;0;1.0000;0;0
600;2013-10-16 14:40:00;172602N232;2324;9.935;41;228;227;231;225;3.417;50.01;398.8;3.468;316.8;3.083;0.0;0.000;60;0;0;3.352;3.500;3.400;758;802;761;50.01;50.01;50.01;6804;1000;0.0;0;1.0000;0;0
600;2013-10-16 14:50:00;172602N232;2201;10.302;41;228;228;231;226;3.231;50.01;398.8;3.403;296.9;2.956;0.0;0.000;60;0;0;3.179;3.302;3.213;720;758;721;50.01;50.01;50.01;6804;1000;0.0;0;1.0000;0;0
600;2013-10-16 15:00:00;172602N232;2122;10.655;41;228;228;231;225;3.116;50.00;399.4;3.364;281.9;2.882;0.0;0.000;60;0;0;3.066;3.188;3.094;695;731;694;50.00;50.00;50.00;6804;1000;0.0;0;1.0000;0;0
600;2013-10-16 15:10:00;172602N232;1971;10.985;41;228;226;232;226;2.902;50.01;399.1;3.247;276.2;2.565;0.0;0.000;60;0;0;2.822;2.986;2.899;633;686;650;50.01;50.01;50.01;6804;1000;0.0;0;1.0000;0;0
600;2013-10-16 15:20:00;172602N232;1312;11.204;41;227;225;229;227;1.966;50.00;400.2;2.228;356.8;1.359;0.0;0.000;60;0;0;1.896;2.021;1.983;416;454;439;50.00;50.00;50.00;6804;1000;0.0;0;1.0000;0;0
600;2013-10-16 15:30:00;172602N232;1457;11.447;40;227;227;229;227;2.145;50.00;396.4;2.894;449.9;0.695;0.0;0.000;60;0;0;2.082;2.199;2.156;469;501;485;50.00;50.00;50.00;6804;1000;0.0;0;1.0000;0;0
600;2013-10-16 15:40:00;172602N232;1560;11.706;40;228;228;227;228;2.296;50.00;352.7;2.722;295.2;2.206;0.0;0.000;60;0;0;2.255;2.318;2.316;511;523;523;50.00;50.00;50.00;6804;1000;0.0;0;1.0000;0;0
600;2013-10-16 15:50:00;172602N232;1476;11.953;40;228;228;228;227;2.175;50.01;316.0;2.398;303.3;2.472;0.0;0.000;60;0;0;2.130;2.206;2.191;482;499;493;50.01;50.01;50.01;6804;1000;0.0;0;1.0000;0;0
600;2013-10-16 16:00:00;172602N232;1335;12.175;40;228;228;229;227;2.008;50.00;298.9;1.955;335.3;2.310;0.0;0.000;60;0;0;1.964;2.036;2.024;431;456;446;50.00;50.00;50.00;6804;1000;0.0;0;1.0000;0;0
600;2013-10-16 16:10:00;172602N232;1214;12.379;40;228;227;231;228;1.845;50.01;282.8;1.453;379.6;2.163;0.0;0.000;60;0;0;1.791;1.891;1.855;387;420;405;50.01;50.01;50.01;6804;1000;0.0;0;1.0000;0;0
600;2013-10-16 16:20:00;172602N232;1041;12.552;40;226;225;227;225;1.560;50.00;391.9;0.727;409.4;1.906;0.0;0.000;60;0;0;1.501;1.602;1.577;331;359;348;50.00;50.00;50.00;6804;1000;0.0;0;1.0000;0;0
600;2013-10-16 16:30:00;172602N232;824;12.689;40;225;226;226;224;1.253;49.99;442.9;0.416;418.9;1.515;0.0;0.000;60;0;0;1.207;1.289;1.264;264;283;275;49.99;49.99;49.99;6804;1000;0.0;0;1.0000;0;0
600;2013-10-16 16:40:00;172602N232;651;12.798;39;225;226;225;223;1.020;50.00;431.5;0.366;407.3;1.192;0.0;0.000;60;0;0;0.982;1.053;1.027;206;225;218;50.00;50.00;50.00;6804;1000;0.0;0;1.0000;0;0
600;2013-10-16 16:50:00;172602N232;452;12.874;39;225;225;226;224;0.877;50.00;424.7;0.352;311.8;0.958;0.0;0.000;60;0;0;0.846;0.920;0.865;133;162;155;50.00;50.00;50.00;6804;1000;0.0;0;1.0000;0;0
600;2013-10-16 17:00:00;172602N232;258;12.917;39;224;226;225;222;1.128;49.99;417.8;0.300;310.3;0.414;0.0;0.000;60;0;0;1.423;1.092;0.869;53;108;95;49.99;49.99;49.99;6804;1000;0.0;0;1.0000;0;0
600;2013-10-16 17:10:00;172602N232;160;12.943;38;224;226;224;221;1.088;49.98;386.6;0.180;398.9;0.193;0.0;0.000;60;0;0;1.614;0.869;0.783;6;85;79;49.98;49.98;49.98;6804;1000;0.0;0;1.0000;0;0
600;2013-10-16 17:20:00;172602N232;132;12.966;38;223;225;225;220;1.020;50.00;381.0;0.147;386.0;0.162;0.0;0.000;60;0;0;1.353;0.960;0.749;5;61;70;50.00;50.00;50.00;6804;1000;0.0;0;1.0000;0;0
600;2013-10-16 17:30:00;172602N232;46;12.974;37;222;223;223;221;0.651;50.00;342.8;0.042;355.1;0.051;0.0;0.000;60;0;0;0.783;0.661;0.511;1;22;36;50.00;50.00;50.00;6804;1000;0.0;0;1.0000;0;0
600;2013-10-16 17:40:00;172602N232;20;12.977;37;223;223;222;222;0.413;50.00;288.3;0.011;320.5;0.018;0.0;0.000;60;0;0;0.516;0.367;0.358;1;19;13;50.00;50.00;50.00;6804;1000;0.0;0;1.0000;0;0
600;2013-10-16 17:50:00;172602N232;6;12.979;36;223;223;222;223;0.230;50.05;254.6;0.000;263.0;0.002;0.0;0.000;60;0;0;0.277;0.240;0.174;1;8;5;50.05;50.05;50.05;6804;1000;0.0;0;1.0000;0;0
600;2013-10-16 18:00:00;172602N232;0;12.979;35;222;224;222;221;0.031;50.05;288.4;0.000;288.0;0.000;0.0;0.000;51;0;0;0.039;0.034;0.020;0;1;0;50.05;50.05;50.05;7110;1000;0.0;0;1.0000;0;0
600;2013-10-16 18:10:00;172602N232;0;12.979;34;222;223;223;219;0.000;50.00;238.5;0.000;239.5;0.000;0.0;0.000;51;0;0;0.000;0.000;0.000;0;0;0;50.00;50.00;50.00;7628;1000;0.0;0;1.0000;0;0
600;2013-10-16 18:20:00;172602N232;0;12.979;32;222;223;223;219;0.000;49.98;228.9;0.000;229.9;0.000;0.0;0.000;51;0;0;0.000;0.000;0.000;0;0;0;49.98;49.98;49.98;7628;1000;0.0;0;1.0000;0;0
600;2013-10-16 18:30:00;172602N232;0;12.979;32;222;223;224;219;0.000;49.98;222.6;0.000;223.6;0.000;0.0;0.000;80;0;0;0.000;0.000;0.000;0;0;0;49.98;49.98;49.98;7628;1000;0.0;0;1.0000;0;0
[wr_ende]
