20140913;230003;172602N232;My Plant;+0100
[wr_def_start]
172602N232;Inverter Type;Inverter Group;72602N232      
[wr_def_end]
[wr]
INTERVAL;TIMESTAMP;SERIAL;P_AC;E_DAY;T_WR;U_AC;U_AC_1;U_AC_2;U_AC_3;I_AC;F_AC;U_DC_1;I_DC_1;U_DC_2;I_DC_2;U_DC_3;I_DC_3;S;E_WR;M_WR;I_AC_1;I_AC_2;I_AC_3;P_AC_1;P_AC_2;P_AC_3;F_AC_1;F_AC_2;F_AC_3;R_DC;PC;PCS;PCS_LL;COS_PHI;COS_PHI_LL;S_COS_PHI
600;2014-09-13 06:10:00;172602N232;0;0.000;0;2;2;2;2;0.000;0.51;2.2;0.000;2.2;0.000;0.0;0.000;50;0;0;0.000;0.000;0.000;0;0;0;0.51;0.51;0.51;16;1000;0.0;0;1.0000;0;0
600;2014-09-13 06:20:00;172602N232;0;0.000;26;225;225;227;222;0.000;50.00;227.1;0.000;228.1;0.000;0.0;0.000;50;0;0;0.000;0.000;0.000;0;0;0;50.00;50.00;50.00;0;1000;0.0;0;1.0000;0;0
600;2014-09-13 06:30:00;172602N232;0;0.000;28;225;225;228;222;0.000;50.00;233.4;0.000;234.3;0.000;0.0;0.000;50;0;0;0.000;0.000;0.000;0;0;0;50.00;50.00;50.00;0;1000;0.0;0;1.0000;0;0
600;2014-09-13 06:40:00;172602N232;0;0.000;28;225;226;228;223;0.023;50.01;270.5;0.000;270.8;0.000;0.0;0.000;60;0;0;0.021;0.032;0.017;0;0;0;50.01;50.01;50.01;1512;1000;0.0;0;1.0000;0;0
600;2014-09-13 06:50:00;172602N232;22;0.005;29;225;225;227;223;0.520;50.01;313.8;0.017;314.6;0.021;0.0;0.000;60;0;0;0.496;0.707;0.358;9;0;23;50.01;50.01;50.01;5710;1000;0.0;0;1.0000;0;0
600;2014-09-13 07:00:00;172602N232;43;0.012;29;225;224;226;224;0.672;50.01;353.3;0.043;364.7;0.044;0.0;0.000;60;0;0;0.682;0.846;0.489;9;5;31;50.01;50.01;50.01;5710;1000;0.0;0;1.0000;0;0
600;2014-09-13 07:10:00;172602N232;69;0.022;29;223;223;225;223;0.908;50.00;373.3;0.076;376.6;0.078;0.0;0.000;60;0;0;0.912;1.094;0.720;8;9;50;50.00;50.00;50.00;5710;1000;0.0;0;1.0000;0;0
600;2014-09-13 07:20:00;172602N232;82;0.036;30;223;223;224;222;0.883;49.99;378.5;0.092;379.8;0.094;0.0;0.000;60;0;0;0.826;1.105;0.718;17;11;53;49.99;49.99;49.99;5710;1000;0.0;0;1.0000;0;0
600;2014-09-13 07:30:00;172602N232;127;0.058;30;222;222;223;222;0.915;49.98;392.4;0.145;390.2;0.147;0.0;0.000;60;0;0;0.831;1.166;0.748;33;26;66;49.98;49.98;49.98;5710;1000;0.0;0;1.0000;0;0
600;2014-09-13 07:40:00;172602N232;176;0.087;31;223;223;223;223;0.943;50.00;399.4;0.204;397.1;0.205;0.0;0.000;60;0;0;0.895;1.202;0.732;36;72;65;50.00;50.00;50.00;5710;1000;0.0;0;1.0000;0;0
600;2014-09-13 07:50:00;172602N232;209;0.121;31;222;221;223;221;0.990;50.00;403.5;0.243;399.5;0.246;0.0;0.000;60;0;0;1.086;1.130;0.756;66;71;69;50.00;50.00;50.00;5710;1000;0.0;0;1.0000;0;0
600;2014-09-13 08:00:00;172602N232;285;0.169;31;222;222;222;222;1.124;49.99;410.0;0.333;405.1;0.339;0.0;0.000;60;0;0;1.201;1.163;1.009;81;109;93;49.99;49.99;49.99;5710;1000;0.0;0;1.0000;0;0
600;2014-09-13 08:10:00;172602N232;331;0.225;32;223;223;223;223;1.130;50.00;412.8;0.388;406.7;0.396;0.0;0.000;60;0;0;1.165;1.164;1.063;97;129;104;50.00;50.00;50.00;5710;1000;0.0;0;1.0000;0;0
600;2014-09-13 08:20:00;172602N232;419;0.294;32;223;222;222;223;1.076;50.01;416.2;0.492;409.1;0.501;0.0;0.000;60;0;0;1.081;1.106;1.041;129;154;134;50.01;50.01;50.01;5710;1000;0.0;0;1.0000;0;0
600;2014-09-13 08:30:00;172602N232;419;0.365;33;222;223;223;221;0.780;50.00;416.1;0.493;408.4;0.504;0.0;0.000;60;0;0;0.739;0.818;0.783;127;150;140;50.00;50.00;50.00;5710;1000;0.0;0;1.0000;0;0
600;2014-09-13 08:40:00;172602N232;404;0.432;33;222;222;222;222;0.645;50.01;416.9;0.473;407.8;0.487;0.0;0.000;60;0;0;0.591;0.680;0.665;121;143;138;50.01;50.01;50.01;5710;1000;0.0;0;1.0000;0;0
600;2014-09-13 08:50:00;172602N232;536;0.521;34;222;221;222;222;0.841;50.00;422.3;0.623;413.4;0.643;0.0;0.000;60;0;0;0.784;0.874;0.865;165;186;183;50.00;50.00;50.00;5710;1000;0.0;0;1.0000;0;0
600;2014-09-13 09:00:00;172602N232;565;0.615;34;222;221;224;220;0.885;49.99;421.9;0.659;414.5;0.676;0.0;0.000;60;0;0;0.828;0.930;0.897;174;199;189;49.99;49.99;49.99;5710;1000;0.0;0;1.0000;0;0
600;2014-09-13 09:10:00;172602N232;683;0.729;35;222;222;223;220;1.063;50.01;422.7;0.803;415.7;0.816;0.0;0.000;60;0;0;1.014;1.102;1.073;215;238;228;50.01;50.01;50.01;5710;1000;0.0;0;1.0000;0;0
600;2014-09-13 09:20:00;172602N232;614;0.832;35;221;221;223;221;0.965;50.00;419.0;0.726;410.8;0.741;0.0;0.000;60;0;0;0.908;1.007;0.981;191;215;207;50.00;50.00;50.00;5710;1000;0.0;0;1.0000;0;0
600;2014-09-13 09:30:00;172602N232;835;0.971;36;223;223;225;220;1.278;50.01;420.7;0.991;414.4;1.002;0.0;0.000;60;0;0;1.229;1.323;1.283;266;291;275;50.01;50.01;50.01;5710;1000;0.0;0;1.0000;0;0
600;2014-09-13 09:40:00;172602N232;839;1.111;36;225;225;225;224;1.278;49.99;419.0;1.002;413.6;1.005;0.0;0.000;60;0;0;1.230;1.312;1.292;268;288;281;49.99;49.99;49.99;5710;1000;0.0;0;1.0000;0;0
600;2014-09-13 09:50:00;172602N232;877;1.257;36;223;223;225;223;1.337;49.98;417.7;1.053;413.0;1.054;0.0;0.000;60;0;0;1.278;1.379;1.355;276;304;295;49.98;49.98;49.98;5710;1000;0.0;0;1.0000;0;0
600;2014-09-13 10:00:00;172602N232;863;1.402;37;223;222;226;221;1.328;50.00;413.4;1.059;415.3;1.016;0.0;0.000;60;0;0;1.267;1.383;1.336;271;303;286;50.00;50.00;50.00;5710;1000;0.0;0;1.0000;0;0
600;2014-09-13 10:10:00;172602N232;1141;1.592;37;224;222;226;222;1.735;50.01;411.8;1.438;422.6;1.303;0.0;0.000;60;0;0;1.674;1.791;1.742;363;397;379;50.01;50.01;50.01;5710;1000;0.0;0;1.0000;0;0
600;2014-09-13 10:20:00;172602N232;1291;1.808;37;224;224;227;223;1.948;50.01;411.0;1.668;420.3;1.449;0.0;0.000;60;0;0;1.888;1.999;1.957;413;446;429;50.01;50.01;50.01;5710;1000;0.0;0;1.0000;0;0
600;2014-09-13 10:30:00;172602N232;2505;2.225;38;226;226;229;224;3.706;50.01;408.8;3.258;404.3;2.979;0.0;0.000;60;0;0;3.651;3.780;3.687;819;860;824;50.01;50.01;50.01;5710;1000;0.0;0;1.0000;0;0
600;2014-09-13 10:40:00;172602N232;2395;2.623;38;226;225;228;224;3.549;50.01;402.6;3.100;393.8;2.990;0.0;0.000;60;0;0;3.495;3.626;3.527;783;823;786;50.01;50.01;50.01;5710;1000;0.0;0;1.0000;0;0
600;2014-09-13 10:50:00;172602N232;2363;3.017;39;226;226;230;224;3.493;49.99;399.2;3.048;397.9;2.947;0.0;0.000;60;0;0;3.438;3.580;3.461;771;817;770;49.99;49.99;49.99;5710;1000;0.0;0;1.0000;0;0
600;2014-09-13 11:00:00;172602N232;2051;3.359;39;226;226;229;224;3.040;50.02;397.9;2.630;400.3;2.535;0.0;0.000;60;0;0;2.989;3.108;3.025;669;706;673;50.02;50.02;50.02;5710;1000;0.0;0;1.0000;0;0
600;2014-09-13 11:10:00;172602N232;3259;3.902;39;227;226;231;225;4.799;50.01;395.1;4.213;394.1;4.161;0.0;0.000;60;0;0;4.728;4.906;4.765;1062;1128;1067;50.01;50.01;50.01;5710;1000;0.0;0;1.0000;0;0
600;2014-09-13 11:20:00;172602N232;2895;4.385;40;227;226;231;225;4.267;50.00;388.6;3.799;389.2;3.730;0.0;0.000;60;0;0;4.193;4.367;4.242;940;1005;948;50.00;50.00;50.00;5710;1000;0.0;0;1.0000;0;0
600;2014-09-13 11:30:00;172602N232;2654;4.827;41;228;226;231;226;3.901;50.01;389.2;3.469;389.7;3.423;0.0;0.000;60;0;0;3.822;3.987;3.894;861;916;875;50.01;50.01;50.01;5710;1000;0.0;0;1.0000;0;0
600;2014-09-13 11:40:00;172602N232;2048;5.170;41;226;225;230;225;3.043;50.01;397.0;2.619;393.4;2.609;0.0;0.000;60;0;0;2.958;3.132;3.040;657;712;678;50.01;50.01;50.01;5710;1000;0.0;0;1.0000;0;0
600;2014-09-13 11:50:00;172602N232;2043;5.510;41;226;225;229;225;3.034;50.01;393.5;2.632;392.9;2.615;0.0;0.000;60;0;0;2.961;3.113;3.029;659;707;674;50.01;50.01;50.01;5710;1000;0.0;0;1.0000;0;0
600;2014-09-13 12:00:00;172602N232;874;5.656;41;226;225;228;224;1.340;50.02;392.6;1.119;389.5;1.119;0.0;0.000;60;0;0;1.290;1.380;1.351;277;304;291;50.02;50.02;50.02;5710;1000;0.0;0;1.0000;0;0
600;2014-09-13 12:10:00;172602N232;3235;6.195;41;228;228;231;224;4.739;50.00;396.9;4.174;398.1;4.102;0.0;0.000;60;0;0;4.694;4.874;4.651;1069;1128;1038;50.00;50.00;50.00;5710;1000;0.0;0;1.0000;0;0
600;2014-09-13 12:20:00;172602N232;1591;6.460;41;227;227;229;223;2.362;50.01;389.5;2.055;386.2;2.064;0.0;0.000;60;0;0;2.316;2.426;2.345;520;550;518;50.01;50.01;50.01;5710;1000;0.0;0;1.0000;0;0
600;2014-09-13 12:30:00;172602N232;3960;7.121;42;230;229;234;227;5.752;50.01;389.2;5.199;388.1;5.165;0.0;0.000;60;0;0;5.663;5.889;5.706;1292;1374;1292;50.01;50.01;50.01;5710;1000;0.0;0;1.0000;0;0
600;2014-09-13 12:40:00;172602N232;2153;7.479;42;227;227;230;226;3.170;50.01;379.9;2.894;376.3;2.902;0.0;0.000;60;0;0;3.098;3.246;3.167;695;747;710;50.01;50.01;50.01;5710;1000;0.0;0;1.0000;0;0
600;2014-09-13 12:50:00;172602N232;3094;7.996;42;228;228;231;227;4.520;50.00;390.1;4.052;387.7;4.024;0.0;0.000;60;0;0;4.454;4.589;4.518;1012;1058;1024;50.00;50.00;50.00;5710;1000;0.0;0;1.0000;0;0
600;2014-09-13 13:00:00;172602N232;3561;8.589;42;228;227;231;226;5.208;50.01;380.8;4.769;381.7;4.719;0.0;0.000;60;0;0;5.126;5.313;5.186;1162;1227;1169;50.01;50.01;50.01;5710;1000;0.0;0;1.0000;0;0
600;2014-09-13 13:10:00;172602N232;3247;9.130;43;227;227;229;226;4.761;50.01;369.0;4.475;369.3;4.442;0.0;0.000;60;0;0;4.686;4.844;4.755;1060;1111;1073;50.01;50.01;50.01;5710;1000;0.0;0;1.0000;0;0
600;2014-09-13 13:20:00;172602N232;1351;9.355;43;225;225;226;224;2.032;50.01;385.1;1.757;382.3;1.773;0.0;0.000;60;0;0;1.988;2.071;2.039;439;459;450;50.01;50.01;50.01;5710;1000;0.0;0;1.0000;0;0
600;2014-09-13 13:30:00;172602N232;2636;9.795;43;227;227;228;226;3.882;50.02;388.3;3.448;386.6;3.410;0.0;0.000;60;0;0;3.825;3.941;3.880;864;897;873;50.02;50.02;50.02;5710;1000;0.0;0;1.0000;0;0
600;2014-09-13 13:40:00;172602N232;4084;10.476;43;228;228;230;226;5.974;50.01;375.9;5.541;377.0;5.494;0.0;0.000;60;0;0;5.926;6.067;5.931;1348;1395;1339;50.01;50.01;50.01;5710;1000;0.0;0;1.0000;0;0
600;2014-09-13 13:50:00;172602N232;3051;10.985;43;227;227;230;223;4.481;50.00;371.3;4.199;367.6;4.196;0.0;0.000;60;0;0;4.426;4.599;4.420;1001;1062;986;50.00;50.00;50.00;5710;1000;0.0;0;1.0000;0;0
600;2014-09-13 14:00:00;172602N232;3476;11.564;43;227;227;230;224;5.119;50.01;379.1;4.703;379.0;4.627;0.0;0.000;60;0;0;5.072;5.231;5.054;1147;1201;1127;50.01;50.01;50.01;5710;1000;0.0;0;1.0000;0;0
600;2014-09-13 14:10:00;172602N232;3317;12.117;43;226;225;229;225;4.886;50.01;371.7;4.537;371.1;4.522;0.0;0.000;60;0;0;4.818;4.983;4.858;1084;1143;1088;50.01;50.01;50.01;5710;1000;0.0;0;1.0000;0;0
600;2014-09-13 14:20:00;172602N232;2119;12.471;43;225;225;226;225;3.152;50.00;374.9;2.869;373.6;2.865;0.0;0.000;60;0;0;3.106;3.202;3.149;693;723;701;50.00;50.00;50.00;5710;1000;0.0;0;1.0000;0;0
600;2014-09-13 14:30:00;172602N232;3693;13.086;43;227;226;228;226;5.429;50.02;383.0;4.912;384.1;4.863;0.0;0.000;60;0;0;5.366;5.482;5.441;1213;1251;1227;50.02;50.02;50.02;5710;1000;0.0;0;1.0000;0;0
600;2014-09-13 14:40:00;172602N232;3187;13.617;43;227;227;229;226;4.687;50.00;375.3;4.324;375.5;4.271;0.0;0.000;60;0;0;4.634;4.752;4.677;1047;1087;1051;50.00;50.00;50.00;5710;1000;0.0;0;1.0000;0;0
600;2014-09-13 14:50:00;172602N232;3356;14.177;44;227;226;229;226;4.936;50.01;379.6;4.496;380.9;4.464;0.0;0.000;60;0;0;4.865;5.004;4.939;1096;1144;1114;50.01;50.01;50.01;5710;1000;0.0;0;1.0000;0;0
600;2014-09-13 15:00:00;172602N232;3365;14.738;44;228;226;231;226;4.935;50.01;378.3;4.526;379.1;4.498;0.0;0.000;60;0;0;4.842;5.033;4.931;1093;1161;1109;50.01;50.01;50.01;5710;1000;0.0;0;1.0000;0;0
600;2014-09-13 15:10:00;172602N232;3314;15.290;44;228;226;232;226;4.855;50.01;378.1;4.461;378.8;4.429;0.0;0.000;60;0;0;4.758;4.959;4.850;1074;1147;1091;50.01;50.01;50.01;5710;1000;0.0;0;1.0000;0;0
600;2014-09-13 15:20:00;172602N232;3183;15.821;44;227;225;231;226;4.674;50.01;377.3;4.289;378.8;4.256;0.0;0.000;60;0;0;4.569;4.766;4.687;1026;1097;1057;50.01;50.01;50.01;5710;1000;0.0;0;1.0000;0;0
600;2014-09-13 15:30:00;172602N232;3069;16.333;44;227;225;230;227;4.510;50.01;377.9;4.128;378.7;4.102;0.0;0.000;60;0;0;4.405;4.588;4.539;989;1052;1027;50.01;50.01;50.01;5710;1000;0.0;0;1.0000;0;0
600;2014-09-13 15:40:00;172602N232;2915;16.820;44;227;225;231;226;4.284;50.01;379.6;3.902;380.7;3.873;0.0;0.000;60;0;0;4.176;4.378;4.298;937;1007;969;50.01;50.01;50.01;5710;1000;0.0;0;1.0000;0;0
600;2014-09-13 15:50:00;172602N232;2881;17.299;44;227;225;230;225;4.245;50.00;381.1;3.840;382.1;3.816;0.0;0.000;60;0;0;4.159;4.340;4.236;933;996;949;50.00;50.00;50.00;5710;1000;0.0;0;1.0000;0;0
600;2014-09-13 16:00:00;172602N232;2772;17.761;44;226;225;230;223;4.103;50.01;383.4;3.674;383.8;3.648;0.0;0.000;60;0;0;4.017;4.220;4.073;898;968;904;50.01;50.01;50.01;5710;1000;0.0;0;1.0000;0;0
600;2014-09-13 16:10:00;172602N232;2637;18.201;44;226;224;230;225;3.898;50.00;383.8;3.494;384.8;3.455;0.0;0.000;60;0;0;3.809;3.992;3.894;851;914;870;50.00;50.00;50.00;5710;1000;0.0;0;1.0000;0;0
600;2014-09-13 16:20:00;172602N232;2593;18.633;44;226;225;230;224;3.832;50.00;384.1;3.424;385.0;3.402;0.0;0.000;60;0;0;3.755;3.927;3.816;841;899;851;50.00;50.00;50.00;5710;1000;0.0;0;1.0000;0;0
600;2014-09-13 16:30:00;172602N232;2384;19.031;44;226;226;228;223;3.541;50.00;385.6;3.135;386.8;3.109;0.0;0.000;60;0;0;3.492;3.618;3.515;783;820;778;50.00;50.00;50.00;5710;1000;0.0;0;1.0000;0;0
600;2014-09-13 16:40:00;172602N232;2079;19.378;44;226;226;227;225;3.101;50.03;389.1;2.684;389.0;2.718;0.0;0.000;60;0;0;3.056;3.146;3.103;681;706;690;50.03;50.03;50.03;5710;1000;0.0;0;1.0000;0;0
600;2014-09-13 16:50:00;172602N232;1948;19.702;44;226;225;228;225;2.899;50.04;397.9;2.435;394.2;2.517;0.0;0.000;60;0;0;2.832;2.950;2.915;630;667;650;50.04;50.04;50.04;5710;1000;0.0;0;1.0000;0;0
600;2014-09-13 17:00:00;172602N232;1700;19.986;43;226;226;228;224;2.559;50.01;380.7;2.328;382.4;2.157;0.0;0.000;60;0;0;2.501;2.618;2.559;551;586;562;50.01;50.01;50.01;5710;1000;0.0;0;1.0000;0;0
600;2014-09-13 17:10:00;172602N232;1250;20.195;43;225;225;227;223;1.873;50.01;381.3;1.722;373.3;1.615;0.0;0.000;60;0;0;1.813;1.925;1.882;402;431;415;50.01;50.01;50.01;5710;1000;0.0;0;1.0000;0;0
600;2014-09-13 17:20:00;172602N232;1190;20.394;43;225;226;226;222;1.789;50.00;370.8;1.688;373.7;1.571;0.0;0.000;60;0;0;1.741;1.846;1.782;386;413;389;50.00;50.00;50.00;5710;1000;0.0;0;1.0000;0;0
600;2014-09-13 17:30:00;172602N232;634;20.499;43;224;225;226;222;1.168;50.00;423.2;0.569;373.8;1.049;0.0;0.000;60;0;0;1.149;1.229;1.126;197;223;212;50.00;50.00;50.00;5710;1000;0.0;0;1.0000;0;0
600;2014-09-13 17:40:00;172602N232;494;20.581;42;224;224;226;223;1.018;50.02;408.4;0.405;335.9;1.007;0.0;0.000;60;0;0;1.010;1.074;0.972;152;178;162;50.02;50.02;50.02;5710;1000;0.0;0;1.0000;0;0
600;2014-09-13 17:50:00;172602N232;424;20.652;42;224;224;225;223;0.987;50.01;402.5;0.374;320.3;0.864;0.0;0.000;60;0;0;0.981;1.029;0.951;128;152;142;50.01;50.01;50.01;5710;1000;0.0;0;1.0000;0;0
600;2014-09-13 18:00:00;172602N232;300;20.702;42;223;222;224;223;1.123;50.01;386.3;0.340;411.6;0.384;0.0;0.000;60;0;0;1.138;1.236;0.997;92;106;99;50.01;50.01;50.01;5710;1000;0.0;0;1.0000;0;0
600;2014-09-13 18:10:00;172602N232;236;20.741;41;223;222;224;222;1.049;50.01;378.7;0.275;398.4;0.302;0.0;0.000;60;0;0;1.053;1.245;0.851;71;83;79;50.01;50.01;50.01;5710;1000;0.0;0;1.0000;0;0
600;2014-09-13 18:20:00;172602N232;208;20.776;41;223;222;226;222;0.999;49.98;375.9;0.246;392.1;0.265;0.0;0.000;60;0;0;1.085;1.199;0.714;83;52;71;49.98;49.98;49.98;5710;1000;0.0;0;1.0000;0;0
600;2014-09-13 18:30:00;172602N232;178;20.806;40;224;223;226;223;1.003;49.99;369.2;0.214;384.9;0.228;0.0;0.000;60;0;0;0.863;1.404;0.742;47;48;82;49.99;49.99;49.99;5710;1000;0.0;0;1.0000;0;0
600;2014-09-13 18:40:00;172602N232;140;20.829;40;224;223;226;223;0.933;50.02;363.9;0.168;379.8;0.179;0.0;0.000;60;0;0;0.849;1.177;0.774;35;31;73;50.02;50.02;50.02;5710;1000;0.0;0;1.0000;0;0
600;2014-09-13 18:50:00;172602N232;109;20.848;39;224;223;226;222;0.898;50.02;358.5;0.130;376.9;0.138;0.0;0.000;60;0;0;0.747;1.248;0.701;39;5;64;50.02;50.02;50.02;5710;1000;0.0;0;1.0000;0;0
600;2014-09-13 19:00:00;172602N232;65;20.860;39;223;223;225;222;0.885;50.00;345.0;0.074;366.2;0.081;0.0;0.000;60;0;0;0.914;1.051;0.690;11;12;49;50.00;50.00;50.00;5710;1000;0.0;0;1.0000;0;0
600;2014-09-13 19:10:00;172602N232;37;20.865;38;223;224;224;222;0.610;50.00;320.8;0.035;345.8;0.040;0.0;0.000;60;0;0;0.714;0.625;0.492;0;20;28;50.00;50.00;50.00;5710;1000;0.0;0;1.0000;0;0
600;2014-09-13 19:20:00;172602N232;7;20.868;38;224;224;224;223;0.209;50.01;259.5;0.002;262.1;0.005;0.0;0.000;60;0;0;0.286;0.192;0.150;0;7;8;50.01;50.01;50.01;5710;1000;0.0;0;1.0000;0;0
600;2014-09-13 19:30:00;172602N232;0;20.868;37;223;223;226;222;0.000;50.01;266.3;0.000;265.9;0.000;0.0;0.000;50;0;0;0.000;0.000;0.000;0;0;0;50.01;50.01;50.01;5710;1000;0.0;0;1.0000;0;0
600;2014-09-13 19:40:00;172602N232;0;20.868;35;222;224;225;218;0.000;50.00;228.9;0.000;229.8;0.000;0.0;0.000;50;0;0;0.000;0.000;0.000;0;0;0;50.00;50.00;50.00;5710;1000;0.0;0;1.0000;0;0
[wr_ende]
