20150801;230000;172602N232;My Plant;+0100
[wr_def_start]
172602N232;Inverter Type;Inverter Group;72602N232      
[wr_def_end]
[wr]
INTERVAL;TIMESTAMP;SERIAL;P_AC;E_DAY;T_WR;U_AC;U_AC_1;U_AC_2;U_AC_3;I_AC;F_AC;U_DC_1;I_DC_1;U_DC_2;I_DC_2;U_DC_3;I_DC_3;S;E_WR;M_WR;I_AC_1;I_AC_2;I_AC_3;P_AC_1;P_AC_2;P_AC_3;F_AC_1;F_AC_2;F_AC_3;R_DC;PC;PCS;PCS_LL;COS_PHI;COS_PHI_LL;S_COS_PHI
600;2015-08-01 04:30:00;172602N232;0;0.000;0;6;6;6;6;0.000;1.49;6.6;0.000;6.7;0.000;0.0;0.000;50;0;0;0.000;0.000;0.000;0;0;0;1.49;1.49;1.49;57;1000;0.0;0;1.0000;0;0
600;2015-08-01 04:40:00;172602N232;0;0.000;26;226;226;228;223;0.000;50.01;236.6;0.000;237.5;0.000;0.0;0.000;50;0;0;0.000;0.000;0.000;0;0;0;50.01;50.01;50.01;0;1000;0.0;0;1.0000;0;0
600;2015-08-01 04:50:00;172602N232;0;0.000;27;226;227;229;223;0.000;50.01;308.8;0.000;306.3;0.000;0.0;0.000;50;0;0;0.000;0.000;0.000;0;0;0;50.01;50.01;50.01;0;1000;0.0;0;1.0000;0;0
600;2015-08-01 05:00:00;172602N232;0;0.000;27;226;227;228;224;0.010;50.01;294.4;0.000;292.6;0.000;0.0;0.000;80;0;0;0.011;0.010;0.009;0;0;0;50.01;50.01;50.01;4372;1000;0.0;0;1.0000;0;0
600;2015-08-01 05:10:00;172602N232;15;0.003;28;226;227;227;225;0.302;50.01;313.2;0.008;314.5;0.009;0.0;0.000;60;0;0;0.341;0.341;0.226;0;6;14;50.01;50.01;50.01;4906;1000;0.0;0;1.0000;0;0
600;2015-08-01 05:20:00;172602N232;45;0.012;28;226;226;227;225;0.764;50.01;372.4;0.042;380.5;0.039;0.0;0.000;60;0;0;0.852;0.843;0.597;0;15;39;50.01;50.01;50.01;4905;1000;0.0;0;1.0000;0;0
600;2015-08-01 05:30:00;172602N232;61;0.022;28;226;226;226;225;0.929;50.01;386.4;0.063;394.3;0.058;0.0;0.000;60;0;0;1.012;1.045;0.732;0;12;50;50.01;50.01;50.01;4905;1000;0.0;0;1.0000;0;0
600;2015-08-01 05:40:00;172602N232;69;0.034;29;225;225;226;224;0.945;50.02;393.4;0.072;397.9;0.064;0.0;0.000;60;0;0;1.049;1.039;0.749;0;16;53;50.02;50.02;50.02;4905;1000;0.0;0;1.0000;0;0
600;2015-08-01 05:50:00;172602N232;93;0.050;29;224;225;225;223;0.948;50.01;400.9;0.101;405.5;0.092;0.0;0.000;60;0;0;1.057;1.025;0.764;6;27;61;50.01;50.01;50.01;4905;1000;0.0;0;1.0000;0;0
600;2015-08-01 06:00:00;172602N232;129;0.069;30;225;225;226;223;0.969;50.00;412.9;0.140;411.4;0.135;0.0;0.000;60;0;0;1.004;1.127;0.776;15;39;74;50.00;50.00;50.00;4905;1000;0.0;0;1.0000;0;0
600;2015-08-01 06:10:00;172602N232;207;0.104;30;225;225;226;223;1.015;49.99;422.9;0.230;422.8;0.220;0.0;0.000;60;0;0;1.007;1.282;0.758;39;84;82;49.99;49.99;49.99;4905;1000;0.0;0;1.0000;0;0
600;2015-08-01 06:20:00;172602N232;308;0.155;30;224;224;226;223;1.123;50.00;431.4;0.353;435.1;0.321;0.0;0.000;60;0;0;1.194;1.214;0.963;94;111;100;50.00;50.00;50.00;4905;1000;0.0;0;1.0000;0;0
600;2015-08-01 06:30:00;172602N232;408;0.222;31;225;225;227;224;0.977;50.01;430.6;0.486;427.7;0.435;0.0;0.000;60;0;0;0.951;1.033;0.947;124;143;140;50.01;50.01;50.01;4905;1000;0.0;0;1.0000;0;0
600;2015-08-01 06:40:00;172602N232;282;0.270;31;226;226;227;225;1.159;50.01;421.8;0.345;409.6;0.299;0.0;0.000;60;0;0;1.252;1.304;0.921;71;108;101;50.01;50.01;50.01;4905;1000;0.0;0;1.0000;0;0
600;2015-08-01 06:50:00;172602N232;306;0.322;31;226;226;227;224;1.118;49.99;423.5;0.371;423.2;0.318;0.0;0.000;60;0;0;1.218;1.141;0.997;104;95;106;49.99;49.99;49.99;4905;1000;0.0;0;1.0000;0;0
600;2015-08-01 07:00:00;172602N232;299;0.371;32;225;225;227;224;1.160;49.99;423.0;0.369;408.2;0.317;0.0;0.000;60;0;0;1.330;1.192;0.958;97;103;97;49.99;49.99;49.99;4905;1000;0.0;0;1.0000;0;0
600;2015-08-01 07:10:00;172602N232;312;0.424;32;225;225;227;224;1.185;49.99;426.6;0.381;411.0;0.330;0.0;0.000;60;0;0;1.311;1.172;1.074;97;105;107;49.99;49.99;49.99;4905;1000;0.0;0;1.0000;0;0
600;2015-08-01 07:20:00;172602N232;410;0.492;32;225;226;227;223;1.137;49.99;433.1;0.498;411.7;0.442;0.0;0.000;60;0;0;1.153;1.198;1.060;114;147;147;49.99;49.99;49.99;4905;1000;0.0;0;1.0000;0;0
600;2015-08-01 07:30:00;172602N232;509;0.578;33;225;225;227;222;0.978;49.98;440.2;0.628;411.3;0.540;0.0;0.000;60;0;0;0.963;1.031;0.942;160;183;164;49.98;49.98;49.98;4905;1000;0.0;0;1.0000;0;0
600;2015-08-01 07:40:00;172602N232;458;0.653;33;224;224;227;221;0.721;49.99;443.7;0.579;403.8;0.470;0.0;0.000;60;0;0;0.667;0.768;0.729;139;164;153;49.99;49.99;49.99;4905;1000;0.0;0;1.0000;0;0
600;2015-08-01 07:50:00;172602N232;309;0.705;33;224;224;226;222;1.048;49.99;447.0;0.396;392.3;0.298;0.0;0.000;60;0;0;1.090;1.158;0.897;81;114;112;49.99;49.99;49.99;4905;1000;0.0;0;1.0000;0;0
600;2015-08-01 08:00:00;172602N232;267;0.750;34;224;224;226;223;1.118;49.99;460.4;0.322;392.7;0.258;0.0;0.000;60;0;0;1.182;1.260;0.913;62;103;100;49.99;49.99;49.99;4905;1000;0.0;0;1.0000;0;0
600;2015-08-01 08:10:00;172602N232;388;0.815;34;225;225;228;223;1.115;49.99;409.1;0.711;401.6;0.304;0.0;0.000;60;0;0;1.167;1.175;1.004;122;131;133;49.99;49.99;49.99;4905;1000;0.0;0;1.0000;0;0
600;2015-08-01 08:20:00;172602N232;737;0.938;34;225;224;226;224;1.228;49.98;278.6;2.209;408.0;0.319;0.0;0.000;60;0;0;1.268;1.208;1.208;237;250;248;49.98;49.98;49.98;4905;1000;0.0;0;1.0000;0;0
600;2015-08-01 08:30:00;172602N232;923;1.092;34;225;225;225;224;1.427;50.00;306.9;2.527;422.2;0.365;0.0;0.000;60;0;0;1.407;1.441;1.434;297;314;310;50.00;50.00;50.00;4905;1000;0.0;0;1.0000;0;0
600;2015-08-01 08:40:00;172602N232;1165;1.285;34;224;225;225;223;1.794;50.01;359.0;2.735;443.1;0.424;0.0;0.000;60;0;0;1.760;1.817;1.806;375;397;390;50.01;50.01;50.01;4905;1000;0.0;0;1.0000;0;0
600;2015-08-01 08:50:00;172602N232;1508;1.537;35;225;224;228;224;2.262;50.02;390.5;3.166;440.0;0.627;0.0;0.000;60;0;0;2.193;2.319;2.275;483;522;502;50.02;50.02;50.02;4905;1000;0.0;0;1.0000;0;0
600;2015-08-01 09:00:00;172602N232;1520;1.791;35;225;223;229;223;2.271;49.99;408.8;2.798;444.3;0.850;0.0;0.000;60;0;0;2.196;2.343;2.275;484;532;503;49.99;49.99;49.99;4905;1000;0.0;0;1.0000;0;0
600;2015-08-01 09:10:00;172602N232;1678;2.072;36;225;224;229;223;2.502;49.98;406.2;2.877;435.7;1.171;0.0;0.000;60;0;0;2.430;2.584;2.494;538;587;551;49.98;49.98;49.98;4905;1000;0.0;0;1.0000;0;0
600;2015-08-01 09:20:00;172602N232;1388;2.303;36;225;225;228;223;2.080;49.99;405.6;2.306;407.2;1.157;0.0;0.000;60;0;0;2.023;2.137;2.080;447;481;457;49.99;49.99;49.99;4905;1000;0.0;0;1.0000;0;0
600;2015-08-01 09:30:00;172602N232;545;2.393;37;224;223;226;222;0.850;50.00;403.6;0.698;407.6;0.625;0.0;0.000;60;0;0;0.791;0.895;0.865;167;193;183;50.00;50.00;50.00;4905;1000;0.0;0;1.0000;0;0
600;2015-08-01 09:40:00;172602N232;1921;2.715;37;225;224;228;223;2.860;50.00;413.4;2.983;367.0;2.006;0.0;0.000;60;0;0;2.798;2.938;2.844;624;668;628;50.00;50.00;50.00;4905;1000;0.0;0;1.0000;0;0
600;2015-08-01 09:50:00;172602N232;893;2.862;37;224;223;225;223;1.377;50.00;404.3;1.216;397.4;1.015;0.0;0.000;60;0;0;1.336;1.410;1.386;283;309;299;50.00;50.00;50.00;4905;1000;0.0;0;1.0000;0;0
600;2015-08-01 10:00:00;172602N232;2840;3.337;37;226;226;229;224;4.189;50.00;407.2;4.073;351.0;3.585;0.0;0.000;60;0;0;4.119;4.298;4.150;927;985;925;50.00;50.00;50.00;4905;1000;0.0;0;1.0000;0;0
600;2015-08-01 10:10:00;172602N232;3135;3.860;39;226;225;229;225;4.623;50.00;389.7;4.554;371.4;3.801;0.0;0.000;60;0;0;4.537;4.732;4.601;1017;1087;1031;50.00;50.00;50.00;4905;1000;0.0;0;1.0000;0;0
600;2015-08-01 10:20:00;172602N232;2633;4.298;38;226;224;229;224;3.894;50.00;390.7;3.580;369.8;3.481;0.0;0.000;60;0;0;3.816;3.989;3.877;854;910;866;50.00;50.00;50.00;4905;1000;0.0;0;1.0000;0;0
600;2015-08-01 10:30:00;172602N232;1908;4.617;39;225;224;227;224;2.839;50.00;398.5;2.486;399.4;2.337;0.0;0.000;60;0;0;2.777;2.912;2.830;619;660;628;50.00;50.00;50.00;4905;1000;0.0;0;1.0000;0;0
600;2015-08-01 10:40:00;172602N232;4451;5.359;40;228;227;232;225;6.508;50.00;388.6;5.874;387.6;5.785;0.0;0.000;60;0;0;6.444;6.669;6.412;1463;1546;1440;50.00;50.00;50.00;4905;1000;0.0;0;1.0000;0;0
600;2015-08-01 10:50:00;172602N232;2032;5.699;40;225;225;227;223;3.025;50.00;385.2;2.706;392.1;2.593;0.0;0.000;60;0;0;2.987;3.082;3.008;667;701;665;50.00;50.00;50.00;4905;1000;0.0;0;1.0000;0;0
600;2015-08-01 11:00:00;172602N232;2119;6.052;40;226;225;229;223;3.134;50.00;392.0;2.743;397.6;2.629;0.0;0.000;60;0;0;3.073;3.229;3.101;688;740;688;50.00;50.00;50.00;4905;1000;0.0;0;1.0000;0;0
600;2015-08-01 11:10:00;172602N232;1317;6.272;41;225;225;227;222;1.978;50.00;395.8;1.698;408.5;1.572;0.0;0.000;60;0;0;1.939;2.027;1.970;429;453;432;50.00;50.00;50.00;4905;1000;0.0;0;1.0000;0;0
600;2015-08-01 11:20:00;172602N232;2852;6.747;41;226;227;230;222;4.200;50.00;398.7;3.639;405.3;3.553;0.0;0.000;60;0;0;4.163;4.322;4.115;942;994;912;50.00;50.00;50.00;4905;1000;0.0;0;1.0000;0;0
600;2015-08-01 11:30:00;172602N232;2523;7.168;41;226;226;229;222;3.720;50.01;388.9;3.309;392.8;3.225;0.0;0.000;60;0;0;3.677;3.831;3.653;829;884;808;50.01;50.01;50.01;4905;1000;0.0;0;1.0000;0;0
600;2015-08-01 11:40:00;172602N232;4328;7.889;41;227;227;229;224;6.357;50.00;389.2;5.658;391.4;5.622;0.0;0.000;60;0;0;6.354;6.437;6.280;1445;1469;1408;50.00;50.00;50.00;4905;1000;0.0;0;1.0000;0;0
600;2015-08-01 11:50:00;172602N232;4608;8.656;42;227;228;231;224;6.754;50.01;375.4;6.263;376.0;6.222;0.0;0.000;60;0;0;6.723;6.891;6.649;1530;1588;1488;50.01;50.01;50.01;4905;1000;0.0;0;1.0000;0;0
600;2015-08-01 12:00:00;172602N232;4850;9.465;42;228;228;232;224;7.092;49.99;367.3;6.738;368.6;6.690;0.0;0.000;60;0;0;7.063;7.271;6.943;1610;1687;1551;49.99;49.99;49.99;4905;1000;0.0;0;1.0000;0;0
600;2015-08-01 12:10:00;172602N232;4140;10.157;43;227;227;230;223;6.075;49.98;364.2;5.803;364.5;5.774;0.0;0.000;60;0;0;6.053;6.213;5.961;1374;1436;1330;49.98;49.98;49.98;4905;1000;0.0;0;1.0000;0;0
600;2015-08-01 12:20:00;172602N232;1804;10.456;42;225;225;225;223;2.708;50.01;380.2;2.406;382.8;2.359;0.0;0.000;60;0;0;2.684;2.734;2.707;595;610;597;50.01;50.01;50.01;4905;1000;0.0;0;1.0000;0;0
600;2015-08-01 12:30:00;172602N232;3029;10.960;42;226;226;230;223;4.457;50.00;394.4;3.921;395.5;3.866;0.0;0.000;60;0;0;4.407;4.588;4.378;996;1056;974;50.00;50.00;50.00;4905;1000;0.0;0;1.0000;0;0
600;2015-08-01 12:40:00;172602N232;4641;11.734;43;227;228;231;224;6.775;50.00;368.8;6.428;367.5;6.405;0.0;0.000;60;0;0;6.750;6.933;6.642;1542;1609;1487;50.00;50.00;50.00;4905;1000;0.0;0;1.0000;0;0
600;2015-08-01 12:50:00;172602N232;1215;11.937;42;225;225;226;223;1.909;50.01;395.0;1.541;383.6;1.596;0.0;0.000;60;0;0;1.895;1.918;1.916;394;414;406;50.01;50.01;50.01;4905;1000;0.0;0;1.0000;0;0
600;2015-08-01 13:00:00;172602N232;1559;12.197;42;225;225;227;224;2.339;50.00;401.8;1.941;397.7;1.976;0.0;0.000;60;0;0;2.292;2.385;2.341;507;534;516;50.00;50.00;50.00;4905;1000;0.0;0;1.0000;0;0
600;2015-08-01 13:10:00;172602N232;1739;12.487;42;225;226;228;222;2.588;49.99;409.4;2.137;406.3;2.149;0.0;0.000;60;0;0;2.546;2.653;2.566;571;600;565;49.99;49.99;49.99;4905;1000;0.0;0;1.0000;0;0
600;2015-08-01 13:20:00;172602N232;2781;12.951;41;226;226;230;223;4.105;50.01;400.5;3.512;398.3;3.535;0.0;0.000;60;0;0;4.059;4.201;4.057;916;961;900;50.01;50.01;50.01;4905;1000;0.0;0;1.0000;0;0
600;2015-08-01 13:30:00;172602N232;2496;13.365;42;226;225;228;224;3.696;50.00;400.6;3.135;393.3;3.220;0.0;0.000;60;0;0;3.643;3.765;3.681;819;854;820;50.00;50.00;50.00;4905;1000;0.0;0;1.0000;0;0
600;2015-08-01 13:40:00;172602N232;4040;14.041;42;227;228;230;223;5.914;49.99;380.7;5.419;379.7;5.376;0.0;0.000;60;0;0;5.908;6.034;5.802;1349;1394;1296;49.99;49.99;49.99;4905;1000;0.0;0;1.0000;0;0
600;2015-08-01 13:50:00;172602N232;2192;14.406;42;226;226;228;223;3.262;49.99;393.3;2.821;387.0;2.852;0.0;0.000;60;0;0;3.229;3.331;3.226;724;753;713;49.99;49.99;49.99;4905;1000;0.0;0;1.0000;0;0
600;2015-08-01 14:00:00;172602N232;2490;14.822;42;226;226;229;223;3.687;49.99;398.9;3.154;391.5;3.211;0.0;0.000;60;0;0;3.645;3.772;3.645;820;861;807;49.99;49.99;49.99;4905;1000;0.0;0;1.0000;0;0
600;2015-08-01 14:10:00;172602N232;2497;15.237;42;226;227;230;221;3.697;49.99;398.6;3.178;392.2;3.212;0.0;0.000;60;0;0;3.659;3.804;3.628;825;871;799;49.99;49.99;49.99;4905;1000;0.0;0;1.0000;0;0
600;2015-08-01 14:20:00;172602N232;1511;15.489;42;225;226;228;222;2.249;49.99;400.5;1.914;399.7;1.881;0.0;0.000;60;0;0;2.202;2.312;2.235;493;524;493;49.99;49.99;49.99;4905;1000;0.0;0;1.0000;0;0
600;2015-08-01 14:30:00;172602N232;2659;15.933;42;226;226;230;223;3.926;49.99;401.4;3.367;395.9;3.392;0.0;0.000;60;0;0;3.872;4.030;3.878;871;923;862;49.99;49.99;49.99;4905;1000;0.0;0;1.0000;0;0
600;2015-08-01 14:40:00;172602N232;3191;16.465;42;227;226;231;224;4.697;49.98;390.4;4.172;383.8;4.210;0.0;0.000;60;0;0;4.623;4.835;4.633;1040;1116;1032;49.98;49.98;49.98;4905;1000;0.0;0;1.0000;0;0
600;2015-08-01 14:50:00;172602N232;2983;16.962;43;227;226;230;224;4.396;49.98;394.1;3.830;386.5;3.915;0.0;0.000;60;0;0;4.338;4.490;4.360;977;1030;975;49.98;49.98;49.98;4905;1000;0.0;0;1.0000;0;0
600;2015-08-01 15:00:00;172602N232;2587;17.392;43;226;225;230;224;3.826;49.99;396.1;3.305;389.6;3.353;0.0;0.000;60;0;0;3.764;3.926;3.789;843;899;843;49.99;49.99;49.99;4905;1000;0.0;0;1.0000;0;0
600;2015-08-01 15:10:00;172602N232;2609;17.827;43;226;226;230;224;3.854;49.97;397.3;3.328;390.2;3.379;0.0;0.000;60;0;0;3.796;3.950;3.816;852;906;849;49.97;49.97;49.97;4905;1000;0.0;0;1.0000;0;0
600;2015-08-01 15:20:00;172602N232;1575;18.090;43;225;224;227;223;2.362;49.98;400.1;1.970;391.4;2.031;0.0;0.000;60;0;0;2.300;2.423;2.363;509;542;522;49.98;49.98;49.98;4905;1000;0.0;0;1.0000;0;0
600;2015-08-01 15:30:00;172602N232;1990;18.422;43;225;224;228;225;2.961;50.00;400.5;2.479;397.4;2.546;0.0;0.000;60;0;0;2.883;3.025;2.976;640;685;663;50.00;50.00;50.00;4905;1000;0.0;0;1.0000;0;0
600;2015-08-01 15:40:00;172602N232;3895;19.072;43;227;224;231;225;5.735;50.00;387.8;5.107;388.0;5.079;0.0;0.000;60;0;0;5.602;5.870;5.734;1250;1355;1289;50.00;50.00;50.00;4905;1000;0.0;0;1.0000;0;0
600;2015-08-01 15:50:00;172602N232;1699;19.355;43;224;223;226;224;2.557;49.99;397.1;2.154;384.6;2.236;0.0;0.000;60;0;0;2.496;2.602;2.575;548;581;568;49.99;49.99;49.99;4905;1000;0.0;0;1.0000;0;0
600;2015-08-01 16:00:00;172602N232;1895;19.671;43;225;224;228;224;2.835;50.00;403.5;2.362;394.8;2.414;0.0;0.000;60;0;0;2.780;2.896;2.829;615;653;625;50.00;50.00;50.00;4905;1000;0.0;0;1.0000;0;0
600;2015-08-01 16:10:00;172602N232;2678;20.117;43;226;226;228;224;3.961;50.00;403.7;3.320;394.5;3.466;0.0;0.000;60;0;0;3.919;4.032;3.933;883;917;877;50.00;50.00;50.00;4905;1000;0.0;0;1.0000;0;0
600;2015-08-01 16:20:00;172602N232;2525;20.539;43;226;226;227;224;3.746;49.99;384.6;3.287;394.4;3.265;0.0;0.000;60;0;0;3.715;3.797;3.728;835;858;830;49.99;49.99;49.99;4905;1000;0.0;0;1.0000;0;0
600;2015-08-01 16:30:00;172602N232;2033;20.877;43;225;226;227;223;3.026;50.01;389.6;2.602;395.7;2.621;0.0;0.000;60;0;0;2.986;3.084;3.010;669;695;667;50.01;50.01;50.01;4905;1000;0.0;0;1.0000;0;0
600;2015-08-01 16:40:00;172602N232;2090;21.225;43;226;226;228;223;3.102;50.02;390.0;2.680;396.0;2.685;0.0;0.000;60;0;0;3.050;3.170;3.086;684;719;685;50.02;50.02;50.02;4905;1000;0.0;0;1.0000;0;0
600;2015-08-01 16:50:00;172602N232;1496;21.475;43;225;226;227;222;2.254;50.00;397.1;1.891;397.6;1.896;0.0;0.000;60;0;0;2.232;2.297;2.235;492;515;487;50.00;50.00;50.00;4905;1000;0.0;0;1.0000;0;0
600;2015-08-01 17:00:00;172602N232;1303;21.692;43;224;225;226;222;1.979;49.99;395.9;1.639;401.2;1.637;0.0;0.000;60;0;0;1.946;2.019;1.973;425;448;428;49.99;49.99;49.99;4905;1000;0.0;0;1.0000;0;0
600;2015-08-01 17:10:00;172602N232;2865;22.171;43;226;226;229;223;4.242;49.99;393.1;3.667;402.0;3.636;0.0;0.000;60;0;0;4.202;4.322;4.203;945;985;933;49.99;49.99;49.99;4905;1000;0.0;0;1.0000;0;0
600;2015-08-01 17:20:00;172602N232;1988;22.501;43;224;223;227;222;2.980;49.99;385.4;2.570;393.2;2.575;0.0;0.000;60;0;0;2.914;3.047;2.980;642;687;657;49.99;49.99;49.99;4905;1000;0.0;0;1.0000;0;0
600;2015-08-01 17:30:00;172602N232;1193;22.700;43;224;223;226;222;1.829;49.99;394.1;1.483;396.3;1.540;0.0;0.000;60;0;0;1.782;1.878;1.828;382;414;395;49.99;49.99;49.99;4905;1000;0.0;0;1.0000;0;0
600;2015-08-01 17:40:00;172602N232;1177;22.897;43;224;222;227;222;1.791;49.99;386.3;1.496;401.8;1.497;0.0;0.000;60;0;0;1.727;1.847;1.801;374;411;391;49.99;49.99;49.99;4905;1000;0.0;0;1.0000;0;0
600;2015-08-01 17:50:00;172602N232;735;23.020;42;224;224;226;222;1.132;49.99;395.6;0.911;399.7;0.924;0.0;0.000;60;0;0;1.079;1.174;1.145;231;256;246;49.99;49.99;49.99;4905;1000;0.0;0;1.0000;0;0
600;2015-08-01 18:00:00;172602N232;772;23.148;42;224;223;225;222;1.195;50.00;395.7;0.948;402.4;0.977;0.0;0.000;60;0;0;1.140;1.236;1.209;243;269;259;50.00;50.00;50.00;4905;1000;0.0;0;1.0000;0;0
600;2015-08-01 18:10:00;172602N232;880;23.296;42;224;222;227;223;1.347;49.99;393.7;1.086;405.1;1.109;0.0;0.000;60;0;0;1.288;1.389;1.364;276;306;296;49.99;49.99;49.99;4905;1000;0.0;0;1.0000;0;0
600;2015-08-01 18:20:00;172602N232;1762;23.588;42;225;225;227;223;2.631;50.00;400.1;2.169;400.3;2.262;0.0;0.000;60;0;0;2.578;2.689;2.626;574;606;580;50.00;50.00;50.00;4905;1000;0.0;0;1.0000;0;0
600;2015-08-01 18:30:00;172602N232;1130;23.778;42;224;224;227;223;1.707;50.01;375.4;1.471;398.0;1.463;0.0;0.000;60;0;0;1.654;1.749;1.720;362;391;375;50.01;50.01;50.01;4905;1000;0.0;0;1.0000;0;0
600;2015-08-01 18:40:00;172602N232;746;23.902;42;224;224;226;222;1.154;50.01;396.6;0.914;403.1;0.939;0.0;0.000;60;0;0;1.104;1.196;1.162;235;260;248;50.01;50.01;50.01;4905;1000;0.0;0;1.0000;0;0
600;2015-08-01 18:50:00;172602N232;640;24.010;42;224;224;227;223;0.996;50.00;394.0;0.783;404.6;0.804;0.0;0.000;60;0;0;0.945;1.037;1.006;200;224;214;50.00;50.00;50.00;4905;1000;0.0;0;1.0000;0;0
600;2015-08-01 19:00:00;172602N232;564;24.103;42;224;225;225;222;1.041;49.99;389.9;0.698;405.2;0.701;0.0;0.000;60;0;0;1.107;1.042;0.976;176;198;189;49.99;49.99;49.99;4905;1000;0.0;0;1.0000;0;0
600;2015-08-01 19:10:00;172602N232;458;24.180;42;224;225;225;223;0.725;49.99;396.6;0.555;402.8;0.569;0.0;0.000;60;0;0;0.675;0.763;0.739;140;162;155;49.99;49.99;49.99;4905;1000;0.0;0;1.0000;0;0
600;2015-08-01 19:20:00;172602N232;375;24.243;42;224;225;226;221;0.839;49.99;390.9;0.459;401.9;0.461;0.0;0.000;60;0;0;0.878;0.856;0.785;109;136;128;49.99;49.99;49.99;4905;1000;0.0;0;1.0000;0;0
600;2015-08-01 19:30:00;172602N232;337;24.299;41;224;225;225;223;1.169;49.99;391.7;0.409;401.6;0.412;0.0;0.000;60;0;0;1.306;1.118;1.084;95;116;124;49.99;49.99;49.99;4905;1000;0.0;0;1.0000;0;0
600;2015-08-01 19:40:00;172602N232;261;24.342;41;224;225;224;223;1.112;49.99;392.8;0.311;398.4;0.314;0.0;0.000;60;0;0;1.312;1.191;0.835;65;118;76;49.99;49.99;49.99;4905;1000;0.0;0;1.0000;0;0
600;2015-08-01 19:50:00;172602N232;190;24.375;41;224;224;225;222;1.035;50.00;384.6;0.227;393.7;0.224;0.0;0.000;60;0;0;1.371;0.993;0.741;47;68;73;50.00;50.00;50.00;4905;1000;0.0;0;1.0000;0;0
600;2015-08-01 20:00:00;172602N232;143;24.399;40;224;225;226;222;1.028;49.99;377.6;0.170;389.7;0.167;0.0;0.000;60;0;0;1.354;0.983;0.749;10;62;72;49.99;49.99;49.99;4905;1000;0.0;0;1.0000;0;0
600;2015-08-01 20:10:00;172602N232;106;24.416;40;225;225;226;223;0.946;49.98;369.7;0.123;382.9;0.122;0.0;0.000;60;0;0;1.040;1.042;0.757;8;31;66;49.98;49.98;49.98;4905;1000;0.0;0;1.0000;0;0
600;2015-08-01 20:20:00;172602N232;70;24.428;40;224;226;224;222;0.823;49.98;356.7;0.077;372.5;0.077;0.0;0.000;60;0;0;1.111;0.697;0.662;1;40;52;49.98;49.98;49.98;4905;1000;0.0;0;1.0000;0;0
600;2015-08-01 20:30:00;172602N232;36;24.435;39;224;226;224;222;0.581;50.00;329.7;0.032;340.6;0.035;0.0;0.000;60;0;0;0.842;0.483;0.418;0;28;29;50.00;50.00;50.00;4905;1000;0.0;0;1.0000;0;0
600;2015-08-01 20:40:00;172602N232;11;24.436;39;224;225;225;222;0.309;50.00;268.9;0.004;268.5;0.008;0.0;0.000;60;0;0;0.450;0.273;0.205;0;8;13;50.00;50.00;50.00;4905;1000;0.0;0;1.0000;0;0
600;2015-08-01 20:50:00;172602N232;0;24.437;38;224;224;225;222;0.070;50.00;251.4;0.000;251.5;0.000;0.0;0.000;60;0;0;0.060;0.090;0.060;0;0;3;50.00;50.00;50.00;4905;1000;0.0;0;1.0000;0;0
600;2015-08-01 21:00:00;172602N232;0;24.437;37;224;224;226;221;0.000;50.01;259.2;0.000;259.2;0.000;0.0;0.000;50;0;0;0.001;0.000;0.000;0;0;0;50.01;50.01;50.01;4905;1000;0.0;0;1.0000;0;0
600;2015-08-01 21:10:00;172602N232;0;24.437;36;224;224;225;222;0.000;50.01;229.1;0.000;230.0;0.000;0.0;0.000;50;0;0;0.000;0.000;0.000;0;0;0;50.01;50.01;50.01;4905;1000;0.0;0;1.0000;0;0
600;2015-08-01 21:20:00;172602N232;0;24.437;36;224;225;225;222;0.000;50.02;227.3;0.000;228.2;0.000;0.0;0.000;50;0;0;0.000;0.000;0.000;0;0;0;50.02;50.02;50.02;4905;1000;0.0;0;1.0000;0;0
[wr_ende]
