20140107;230002;172602N232;My Plant;+0100
[wr_def_start]
172602N232;Inverter Type;Inverter Group;72602N232      
[wr_def_end]
[wr]
INTERVAL;TIMESTAMP;SERIAL;P_AC;E_DAY;T_WR;U_AC;U_AC_1;U_AC_2;U_AC_3;I_AC;F_AC;U_DC_1;I_DC_1;U_DC_2;I_DC_2;U_DC_3;I_DC_3;S;E_WR;M_WR;I_AC_1;I_AC_2;I_AC_3;P_AC_1;P_AC_2;P_AC_3;F_AC_1;F_AC_2;F_AC_3;R_DC;PC;PCS;PCS_LL;COS_PHI;COS_PHI_LL;S_COS_PHI
600;2014-01-07 08:20:00;172602N232;0;0.000;0;3;3;3;3;0.000;0.88;3.9;0.000;3.9;0.000;0.0;0.000;50;0;0;0.000;0.000;0.000;0;0;0;0.88;0.88;0.88;42;1000;0.0;0;1.0000;0;0
600;2014-01-07 08:30:00;172602N232;0;0.000;17;219;221;221;217;0.000;49.99;227.8;0.000;228.7;0.000;0.0;0.000;50;0;0;0.000;0.000;0.000;0;0;0;49.99;49.99;49.99;0;1000;0.0;0;1.0000;0;0
600;2014-01-07 08:40:00;172602N232;0;0.000;18;220;221;222;218;0.000;49.98;229.9;0.000;230.9;0.000;0.0;0.000;50;0;0;0.000;0.000;0.000;0;0;0;49.98;49.98;49.98;0;1000;0.0;0;1.0000;0;0
600;2014-01-07 08:50:00;172602N232;0;0.000;19;222;223;223;219;0.000;49.99;239.3;0.000;240.2;0.000;0.0;0.000;50;0;0;0.000;0.000;0.000;0;0;0;49.99;49.99;49.99;0;1000;0.0;0;1.0000;0;0
600;2014-01-07 09:00:00;172602N232;0;0.000;19;222;223;224;219;0.000;50.02;307.3;0.000;306.0;0.000;0.0;0.000;50;0;0;0.000;0.000;0.000;0;0;0;50.02;50.02;50.02;0;1000;0.0;0;1.0000;0;0
600;2014-01-07 09:10:00;172602N232;0;0.000;19;221;222;223;218;0.000;50.01;302.6;0.000;301.4;0.000;0.0;0.000;51;0;0;0.000;0.000;0.000;0;0;0;50.01;50.01;50.01;1431;1000;0.0;0;1.0000;0;0
600;2014-01-07 09:20:00;172602N232;0;0.000;20;220;221;221;220;0.001;50.01;266.6;0.000;266.3;0.000;0.0;0.000;60;0;0;0.002;0.001;0.001;0;0;0;50.01;50.01;50.01;7973;1000;0.0;0;1.0000;0;0
600;2014-01-07 09:30:00;172602N232;0;0.000;20;220;222;221;218;0.015;50.01;296.8;0.000;295.2;0.000;0.0;0.000;60;0;0;0.022;0.013;0.011;0;0;0;50.00;50.01;50.01;4459;1000;0.0;0;1.0000;0;0
600;2014-01-07 09:40:00;172602N232;9;0.002;20;221;221;221;220;0.250;50.00;262.8;0.002;276.3;0.005;0.0;0.000;60;0;0;0.370;0.213;0.167;1;8;7;50.00;50.00;50.00;4453;1000;0.0;0;1.0000;0;0
600;2014-01-07 09:50:00;172602N232;15;0.007;21;220;221;220;220;0.315;50.00;286.7;0.005;302.6;0.010;0.0;0.000;60;0;0;0.432;0.269;0.246;0;15;10;50.00;50.00;50.00;4453;1000;0.0;0;1.0000;0;0
600;2014-01-07 10:00:00;172602N232;51;0.016;21;220;221;221;220;0.605;49.98;356.4;0.050;362.4;0.054;0.0;0.000;60;0;0;0.764;0.560;0.493;1;29;24;49.98;49.98;49.98;4453;1000;0.0;0;1.0000;0;0
600;2014-01-07 10:10:00;172602N232;70;0.028;21;221;221;221;220;0.888;50.02;373.8;0.076;374.5;0.080;0.0;0.000;60;0;0;1.087;0.873;0.706;0;30;44;50.02;50.02;50.02;4453;1000;0.0;0;1.0000;0;0
600;2014-01-07 10:20:00;172602N232;67;0.040;22;221;221;221;220;0.719;50.03;363.0;0.071;364.6;0.076;0.0;0.000;60;0;0;0.893;0.672;0.594;1;35;32;50.03;50.03;50.03;4453;1000;0.0;0;1.0000;0;0
600;2014-01-07 10:30:00;172602N232;63;0.050;22;221;221;221;220;0.676;50.01;365.0;0.066;364.6;0.071;0.0;0.000;60;0;0;0.827;0.661;0.541;5;29;29;50.01;50.01;50.01;4453;1000;0.0;0;1.0000;0;0
600;2014-01-07 10:40:00;172602N232;113;0.067;23;220;220;221;220;0.874;50.00;385.5;0.127;385.6;0.132;0.0;0.000;60;0;0;1.102;0.821;0.700;11;55;46;50.00;50.00;50.00;4453;1000;0.0;0;1.0000;0;0
600;2014-01-07 10:50:00;172602N232;191;0.097;23;222;222;223;221;0.993;49.97;403.4;0.218;400.6;0.224;0.0;0.000;60;0;0;1.112;1.085;0.782;39;79;70;49.97;49.97;49.97;4453;1000;0.0;0;1.0000;0;0
600;2014-01-07 11:00:00;172602N232;258;0.141;24;224;224;224;224;1.099;49.98;412.2;0.296;407.4;0.303;0.0;0.000;60;0;0;1.217;1.167;0.914;69;109;78;49.98;49.98;49.98;4453;1000;0.0;0;1.0000;0;0
600;2014-01-07 11:10:00;172602N232;377;0.203;24;224;224;226;223;1.088;49.99;419.6;0.431;414.5;0.444;0.0;0.000;60;0;0;1.113;1.150;1.003;114;134;127;49.99;49.99;49.99;4453;1000;0.0;0;1.0000;0;0
600;2014-01-07 11:20:00;172602N232;264;0.247;24;225;225;227;224;0.829;49.99;406.4;0.305;404.4;0.313;0.0;0.000;60;0;0;0.876;0.899;0.714;69;97;97;49.99;49.99;49.99;4453;1000;0.0;0;1.0000;0;0
600;2014-01-07 11:30:00;172602N232;96;0.264;25;224;225;223;224;0.890;49.99;381.5;0.107;380.3;0.112;0.0;0.000;60;0;0;1.112;0.732;0.827;2;56;42;49.99;49.99;49.99;4453;1000;0.0;0;1.0000;0;0
600;2014-01-07 11:40:00;172602N232;95;0.280;25;225;224;224;225;0.862;49.99;381.3;0.106;380.6;0.111;0.0;0.000;60;0;0;0.877;0.789;0.922;26;44;23;49.99;49.99;49.99;4453;1000;0.0;0;1.0000;0;0
600;2014-01-07 11:50:00;172602N232;91;0.294;26;226;226;225;226;0.874;49.99;377.5;0.102;378.2;0.105;0.0;0.000;60;0;0;1.032;0.737;0.854;15;51;27;49.99;49.99;49.99;4453;1000;0.0;0;1.0000;0;0
600;2014-01-07 12:00:00;172602N232;234;0.334;26;226;227;226;226;1.050;49.99;405.1;0.273;405.4;0.274;0.0;0.000;60;0;0;1.154;1.056;0.942;54;102;76;49.99;49.99;49.99;4453;1000;0.0;0;1.0000;0;0
600;2014-01-07 12:10:00;172602N232;192;0.366;26;227;226;228;226;0.976;49.99;401.7;0.220;400.1;0.224;0.0;0.000;60;0;0;0.943;1.184;0.801;41;75;75;49.99;49.99;49.99;4453;1000;0.0;0;1.0000;0;0
600;2014-01-07 12:20:00;172602N232;157;0.394;26;226;226;227;225;0.930;49.98;398.5;0.179;396.9;0.183;0.0;0.000;60;0;0;0.914;1.127;0.750;30;55;70;49.98;49.98;49.98;4453;1000;0.0;0;1.0000;0;0
600;2014-01-07 12:30:00;172602N232;116;0.412;26;226;226;227;226;0.922;49.98;390.0;0.130;389.6;0.134;0.0;0.000;60;0;0;0.950;1.024;0.794;19;39;56;49.98;49.98;49.98;4453;1000;0.0;0;1.0000;0;0
600;2014-01-07 12:40:00;172602N232;108;0.431;26;225;225;226;225;0.849;49.99;385.2;0.120;384.4;0.125;0.0;0.000;60;0;0;0.887;0.969;0.691;19;38;50;49.99;49.99;49.99;4453;1000;0.0;0;1.0000;0;0
600;2014-01-07 12:50:00;172602N232;81;0.445;26;226;226;227;225;0.827;49.99;374.9;0.089;374.0;0.094;0.0;0.000;60;0;0;0.901;0.937;0.644;9;22;49;49.99;49.99;49.99;4453;1000;0.0;0;1.0000;0;0
600;2014-01-07 13:00:00;172602N232;84;0.459;27;226;225;227;225;0.747;49.99;365.2;0.091;365.7;0.096;0.0;0.000;60;0;0;0.761;0.919;0.562;13;24;46;49.99;49.99;49.99;4453;1000;0.0;0;1.0000;0;0
600;2014-01-07 13:10:00;172602N232;178;0.488;27;225;225;225;224;0.991;49.99;403.5;0.201;396.9;0.209;0.0;0.000;60;0;0;1.150;0.952;0.871;29;80;67;49.99;49.99;49.99;4453;1000;0.0;0;1.0000;0;0
600;2014-01-07 13:20:00;172602N232;122;0.508;27;225;225;224;225;0.906;49.98;389.9;0.137;388.4;0.142;0.0;0.000;60;0;0;1.020;0.871;0.827;19;58;43;49.98;49.98;49.98;4453;1000;0.0;0;1.0000;0;0
600;2014-01-07 13:30:00;172602N232;124;0.529;27;224;225;225;224;0.819;49.97;379.9;0.137;379.0;0.143;0.0;0.000;60;0;0;0.988;0.770;0.700;21;55;51;49.97;49.97;49.97;4453;1000;0.0;0;1.0000;0;0
600;2014-01-07 13:40:00;172602N232;48;0.538;27;225;225;225;224;0.590;50.01;341.3;0.047;350.9;0.052;0.0;0.000;60;0;0;0.778;0.498;0.495;2;31;25;50.01;50.01;50.01;4453;1000;0.0;0;1.0000;0;0
600;2014-01-07 13:50:00;172602N232;60;0.548;27;226;226;226;225;0.765;50.01;364.0;0.063;367.3;0.067;0.0;0.000;60;0;0;1.088;0.612;0.595;0;41;35;50.01;50.01;50.01;4453;1000;0.0;0;1.0000;0;0
600;2014-01-07 14:00:00;172602N232;70;0.560;27;226;227;226;225;0.876;49.98;374.0;0.075;375.5;0.079;0.0;0.000;60;0;0;1.289;0.672;0.669;0;48;40;49.98;49.98;49.98;4453;1000;0.0;0;1.0000;0;0
600;2014-01-07 14:10:00;172602N232;50;0.569;27;226;226;227;225;0.686;49.98;358.3;0.050;361.8;0.054;0.0;0.000;60;0;0;0.838;0.683;0.537;0;25;32;49.98;49.98;49.98;4453;1000;0.0;0;1.0000;0;0
600;2014-01-07 14:20:00;172602N232;97;0.586;27;225;225;226;224;0.927;49.98;381.1;0.107;383.8;0.111;0.0;0.000;60;0;0;1.168;0.868;0.747;16;44;42;49.98;49.98;49.98;4453;1000;0.0;0;1.0000;0;0
600;2014-01-07 14:30:00;172602N232;31;0.591;27;225;223;227;225;0.542;49.99;323.1;0.026;336.4;0.030;0.0;0.000;60;0;0;0.451;0.780;0.395;20;2;22;49.99;49.99;49.99;4453;1000;0.0;0;1.0000;0;0
600;2014-01-07 14:40:00;172602N232;67;0.603;27;225;223;227;225;0.809;50.00;365.8;0.071;373.7;0.074;0.0;0.000;60;0;0;0.628;1.171;0.628;34;1;40;50.00;50.00;50.00;4453;1000;0.0;0;1.0000;0;0
600;2014-01-07 14:50:00;172602N232;36;0.608;27;225;224;226;226;0.568;50.01;330.8;0.033;339.9;0.037;0.0;0.000;60;0;0;0.467;0.639;0.598;18;15;6;50.01;50.01;50.01;4453;1000;0.0;0;1.0000;0;0
600;2014-01-07 15:00:00;172602N232;3;0.609;26;222;222;223;222;0.089;50.01;271.3;0.000;273.7;0.001;0.0;0.000;50;0;0;0.112;0.065;0.090;2;3;1;50.01;50.01;50.01;4453;1000;0.0;0;1.0000;0;0
600;2014-01-07 15:10:00;172602N232;0;0.609;25;221;222;225;218;0.000;49.98;258.0;0.000;258.8;0.000;0.0;0.000;50;0;0;0.000;0.000;0.000;0;0;0;49.98;49.98;49.98;4453;1000;0.0;0;1.0000;0;0
600;2014-01-07 15:20:00;172602N232;0;0.609;25;222;223;224;218;0.000;49.98;236.8;0.000;237.7;0.000;0.0;0.000;50;0;0;0.000;0.000;0.000;0;0;0;49.98;49.98;49.98;4453;1000;0.0;0;1.0000;0;0
600;2014-01-07 15:30:00;172602N232;0;0.609;24;222;222;224;219;0.000;49.98;232.2;0.000;233.1;0.000;0.0;0.000;50;0;0;0.000;0.000;0.000;0;0;0;49.98;49.98;49.98;4453;1000;0.0;0;1.0000;0;0
600;2014-01-07 15:40:00;172602N232;0;0.609;24;221;222;223;218;0.000;49.99;231.3;0.000;232.2;0.000;0.0;0.000;50;0;0;0.000;0.000;0.000;0;0;0;49.99;49.99;49.99;4453;1000;0.0;0;1.0000;0;0
600;2014-01-07 15:50:00;172602N232;0;0.609;24;219;220;221;216;0.000;50.03;229.0;0.000;229.9;0.000;0.0;0.000;50;0;0;0.000;0.000;0.000;0;0;0;50.03;50.03;50.03;4453;1000;0.0;0;1.0000;0;0
600;2014-01-07 16:00:00;172602N232;0;0.609;23;219;219;221;215;0.000;50.02;227.3;0.000;228.2;0.000;0.0;0.000;50;0;0;0.000;0.000;0.000;0;0;0;50.02;50.02;50.02;4453;1000;0.0;0;1.0000;0;0
[wr_ende]
