20150614;230003;172602N232;My Plant;+0100
[wr_def_start]
172602N232;Inverter Type;Inverter Group;72602N232      
[wr_def_end]
[wr]
INTERVAL;TIMESTAMP;SERIAL;P_AC;E_DAY;T_WR;U_AC;U_AC_1;U_AC_2;U_AC_3;I_AC;F_AC;U_DC_1;I_DC_1;U_DC_2;I_DC_2;U_DC_3;I_DC_3;S;E_WR;M_WR;I_AC_1;I_AC_2;I_AC_3;P_AC_1;P_AC_2;P_AC_3;F_AC_1;F_AC_2;F_AC_3;R_DC;PC;PCS;PCS_LL;COS_PHI;COS_PHI_LL;S_COS_PHI
600;2015-06-14 03:40:00;172602N232;0;0.000;0;6;6;6;6;0.000;1.41;6.3;0.000;6.4;0.000;0.0;0.000;50;0;0;0.000;0.000;0.000;0;0;0;1.40;1.40;1.40;6;1000;0.0;0;1.0000;0;0
600;2015-06-14 03:50:00;172602N232;0;0.000;27;225;225;228;222;0.000;50.01;229.2;0.000;230.1;0.000;0.0;0.000;50;0;0;0.000;0.000;0.000;0;0;0;50.01;50.01;50.01;0;1000;0.0;0;1.0000;0;0
600;2015-06-14 04:00:00;172602N232;0;0.000;28;225;225;227;221;0.000;50.00;235.2;0.000;236.1;0.000;0.0;0.000;50;0;0;0.000;0.000;0.000;0;0;0;50.00;50.00;50.00;0;1000;0.0;0;1.0000;0;0
600;2015-06-14 04:10:00;172602N232;0;0.000;29;225;225;228;222;0.001;50.00;286.7;0.000;285.8;0.000;0.0;0.000;60;0;0;0.001;0.001;0.001;0;0;0;50.00;50.00;50.00;974;1000;0.0;0;1.0000;0;0
600;2015-06-14 04:20:00;172602N232;1;0.000;29;225;225;226;224;0.078;50.01;267.5;0.000;268.3;0.000;0.0;0.000;60;0;0;0.094;0.083;0.058;0;0;2;50.01;50.01;50.01;4406;1000;0.0;0;1.0000;0;0
600;2015-06-14 04:30:00;172602N232;14;0.002;29;226;225;227;224;0.361;50.00;288.5;0.005;294.6;0.008;0.0;0.000;60;0;0;0.452;0.413;0.220;7;0;13;50.00;50.00;50.00;4496;1000;0.0;0;1.0000;0;0
600;2015-06-14 04:40:00;172602N232;32;0.008;30;226;225;227;225;0.551;50.00;344.0;0.025;349.9;0.027;0.0;0.000;60;0;0;0.625;0.656;0.372;7;2;24;50.00;50.00;50.00;4496;1000;0.0;0;1.0000;0;0
600;2015-06-14 04:50:00;172602N232;47;0.016;30;226;225;227;225;0.711;50.01;364.4;0.044;370.3;0.044;0.0;0.000;60;0;0;0.708;0.884;0.542;5;4;36;50.01;50.01;50.01;4496;1000;0.0;0;1.0000;0;0
600;2015-06-14 05:00:00;172602N232;62;0.025;31;225;225;227;224;0.889;50.01;380.3;0.064;381.8;0.063;0.0;0.000;60;0;0;0.911;1.049;0.709;3;8;49;50.01;50.01;50.01;4496;1000;0.0;0;1.0000;0;0
600;2015-06-14 05:10:00;172602N232;77;0.038;31;225;225;226;224;0.926;50.02;388.0;0.083;388.6;0.081;0.0;0.000;60;0;0;0.921;1.103;0.754;9;11;55;50.02;50.02;50.02;4496;1000;0.0;0;1.0000;0;0
600;2015-06-14 05:20:00;172602N232;95;0.055;31;225;225;227;224;0.930;50.03;395.2;0.105;395.8;0.101;0.0;0.000;60;0;0;0.892;1.139;0.761;18;14;61;50.03;50.03;50.03;4496;1000;0.0;0;1.0000;0;0
600;2015-06-14 05:30:00;172602N232;115;0.074;32;225;225;226;224;0.937;50.02;403.2;0.128;400.4;0.121;0.0;0.000;60;0;0;0.942;1.101;0.770;19;28;66;50.02;50.02;50.02;4496;1000;0.0;0;1.0000;0;0
600;2015-06-14 05:40:00;172602N232;139;0.097;32;225;224;226;224;0.917;50.01;410.0;0.158;406.5;0.146;0.0;0.000;60;0;0;0.859;1.133;0.761;29;37;71;50.01;50.01;50.01;4496;1000;0.0;0;1.0000;0;0
600;2015-06-14 05:50:00;172602N232;137;0.120;32;224;224;225;223;0.919;50.00;410.5;0.154;406.4;0.145;0.0;0.000;60;0;0;0.869;1.131;0.759;30;34;71;50.00;50.00;50.00;4496;1000;0.0;0;1.0000;0;0
600;2015-06-14 06:00:00;172602N232;171;0.149;32;224;224;225;223;0.979;50.01;414.5;0.199;404.1;0.182;0.0;0.000;60;0;0;1.163;0.992;0.784;46;53;70;50.01;50.01;50.01;4496;1000;0.0;0;1.0000;0;0
600;2015-06-14 06:10:00;172602N232;195;0.181;33;224;224;225;223;1.002;50.00;416.5;0.227;403.4;0.210;0.0;0.000;60;0;0;1.278;1.016;0.712;54;72;66;50.00;50.00;50.00;4496;1000;0.0;0;1.0000;0;0
600;2015-06-14 06:20:00;172602N232;326;0.236;33;224;224;226;222;0.970;50.00;426.8;0.389;409.7;0.356;0.0;0.000;60;0;0;1.003;1.079;0.830;97;113;114;50.00;50.00;50.00;4496;1000;0.0;0;1.0000;0;0
600;2015-06-14 06:30:00;172602N232;366;0.297;33;223;223;225;222;0.999;50.01;428.5;0.444;406.9;0.400;0.0;0.000;60;0;0;1.023;1.049;0.927;111;128;125;50.01;50.01;50.01;4496;1000;0.0;0;1.0000;0;0
600;2015-06-14 06:40:00;172602N232;416;0.366;34;223;223;223;222;1.033;50.02;429.4;0.508;407.1;0.455;0.0;0.000;60;0;0;1.062;1.059;0.978;125;151;138;50.02;50.02;50.02;4496;1000;0.0;0;1.0000;0;0
600;2015-06-14 06:50:00;172602N232;622;0.471;34;224;224;225;223;1.017;50.00;433.9;0.744;423.1;0.686;0.0;0.000;60;0;0;1.000;1.037;1.014;195;215;210;50.00;50.00;50.00;4496;1000;0.0;0;1.0000;0;0
600;2015-06-14 07:00:00;172602N232;507;0.555;34;225;224;227;223;0.795;49.99;431.8;0.627;406.2;0.558;0.0;0.000;60;0;0;0.740;0.838;0.808;155;180;171;49.99;49.99;49.99;4496;1000;0.0;0;1.0000;0;0
600;2015-06-14 07:10:00;172602N232;618;0.658;35;225;225;227;223;0.987;50.00;436.0;0.757;413.5;0.676;0.0;0.000;60;0;0;0.962;1.018;0.982;192;217;207;50.00;50.00;50.00;4496;1000;0.0;0;1.0000;0;0
600;2015-06-14 07:20:00;172602N232;697;0.775;35;224;224;225;224;1.084;50.01;436.0;0.850;417.8;0.764;0.0;0.000;60;0;0;1.041;1.115;1.097;219;242;235;50.01;50.01;50.01;4496;1000;0.0;0;1.0000;0;0
600;2015-06-14 07:30:00;172602N232;676;0.887;35;225;224;226;224;1.045;50.02;434.6;0.839;410.8;0.738;0.0;0.000;60;0;0;0.991;1.080;1.064;211;235;228;50.02;50.02;50.02;4496;1000;0.0;0;1.0000;0;0
600;2015-06-14 07:40:00;172602N232;709;1.006;36;224;224;224;223;1.099;50.05;442.5;0.876;413.6;0.760;0.0;0.000;60;0;0;1.055;1.131;1.112;225;245;238;50.05;50.05;50.05;4496;1000;0.0;0;1.0000;0;0
600;2015-06-14 07:50:00;172602N232;760;1.133;36;223;224;224;222;1.182;50.03;451.3;0.937;408.4;0.807;0.0;0.000;60;0;0;1.141;1.214;1.192;242;262;254;50.03;50.03;50.03;4496;1000;0.0;0;1.0000;0;0
600;2015-06-14 08:00:00;172602N232;639;1.239;36;223;223;224;222;1.041;50.02;440.4;0.840;406.8;0.650;0.0;0.000;60;0;0;1.022;1.036;1.067;204;219;214;50.02;50.02;50.02;4496;1000;0.0;0;1.0000;0;0
600;2015-06-14 08:10:00;172602N232;1193;1.440;37;225;225;227;223;1.826;50.02;358.8;2.573;431.1;0.660;0.0;0.000;60;0;0;1.785;1.867;1.828;384;412;396;50.02;50.02;50.02;4496;1000;0.0;0;1.0000;0;0
600;2015-06-14 08:20:00;172602N232;1847;1.747;37;226;225;229;224;2.754;50.00;379.6;3.467;450.5;1.226;0.0;0.000;60;0;0;2.695;2.825;2.743;599;639;607;50.00;50.00;50.00;4496;1000;0.0;0;1.0000;0;0
600;2015-06-14 08:30:00;172602N232;1859;2.057;37;225;223;228;223;2.769;50.01;411.6;2.715;442.1;1.742;0.0;0.000;60;0;0;2.693;2.844;2.772;598;644;614;50.01;50.01;50.01;4496;1000;0.0;0;1.0000;0;0
600;2015-06-14 08:40:00;172602N232;1623;2.328;38;224;224;227;223;2.439;50.02;425.0;2.183;425.0;1.648;0.0;0.000;60;0;0;2.378;2.488;2.451;523;558;540;50.02;50.02;50.02;4496;1000;0.0;0;1.0000;0;0
600;2015-06-14 08:50:00;172602N232;1751;2.619;38;224;224;226;222;2.626;50.02;425.8;2.493;427.8;1.627;0.0;0.000;60;0;0;2.574;2.683;2.621;571;600;577;50.02;50.02;50.02;4496;1000;0.0;0;1.0000;0;0
600;2015-06-14 09:00:00;172602N232;1578;2.882;38;224;224;225;222;2.395;50.01;424.1;2.235;413.5;1.552;0.0;0.000;60;0;0;2.359;2.439;2.387;516;541;520;50.01;50.01;50.01;4496;1000;0.0;0;1.0000;0;0
600;2015-06-14 09:10:00;172602N232;1394;3.116;38;223;224;226;220;2.116;50.00;428.2;1.676;428.1;1.584;0.0;0.000;60;0;0;2.076;2.177;2.096;454;485;453;50.00;50.00;50.00;4496;1000;0.0;0;1.0000;0;0
600;2015-06-14 09:20:00;172602N232;1418;3.352;39;223;223;225;221;2.179;50.00;425.0;1.771;420.6;1.581;0.0;0.000;60;0;0;2.156;2.214;2.167;461;487;468;50.00;50.00;50.00;4496;1000;0.0;0;1.0000;0;0
600;2015-06-14 09:30:00;172602N232;1979;3.681;39;223;224;224;222;2.989;49.99;420.7;2.745;365.0;2.507;0.0;0.000;60;0;0;2.980;3.014;2.973;657;667;653;49.99;49.99;49.99;4496;1000;0.0;0;1.0000;0;0
600;2015-06-14 09:40:00;172602N232;3308;4.232;39;224;226;224;222;4.925;49.99;413.2;4.583;334.6;4.426;0.0;0.000;60;0;0;4.948;4.962;4.867;1117;1109;1078;49.99;49.99;49.99;4496;1000;0.0;0;1.0000;0;0
600;2015-06-14 09:50:00;172602N232;3059;4.742;39;225;226;225;223;4.539;50.00;410.0;4.141;372.0;3.963;0.0;0.000;60;0;0;4.528;4.574;4.516;1022;1028;1006;50.00;50.00;50.00;4496;1000;0.0;0;1.0000;0;0
600;2015-06-14 10:00:00;172602N232;1349;4.968;40;223;224;224;222;2.068;50.00;417.1;1.668;422.3;1.550;0.0;0.000;60;0;0;2.034;2.093;2.078;437;460;450;50.00;50.00;50.00;4496;1000;0.0;0;1.0000;0;0
600;2015-06-14 10:10:00;172602N232;3182;5.498;40;225;224;229;222;4.720;50.00;415.6;4.111;395.7;3.906;0.0;0.000;60;0;0;4.630;4.852;4.679;1035;1111;1036;50.00;50.00;50.00;4496;1000;0.0;0;1.0000;0;0
600;2015-06-14 10:20:00;172602N232;2935;5.989;40;225;225;227;223;4.359;50.00;412.2;3.764;403.6;3.584;0.0;0.000;60;0;0;4.295;4.444;4.338;963;1012;964;50.00;50.00;50.00;4496;1000;0.0;0;1.0000;0;0
600;2015-06-14 10:30:00;172602N232;4294;6.705;41;226;225;230;224;6.328;50.00;404.0;5.516;398.6;5.373;0.0;0.000;60;0;0;6.233;6.469;6.282;1403;1484;1404;50.00;50.00;50.00;4496;1000;0.0;0;1.0000;0;0
600;2015-06-14 10:40:00;172602N232;3215;7.242;41;226;224;229;224;4.752;50.00;405.1;4.096;406.9;3.986;0.0;0.000;60;0;0;4.653;4.866;4.737;1040;1118;1057;50.00;50.00;50.00;4496;1000;0.0;0;1.0000;0;0
600;2015-06-14 10:50:00;172602N232;2288;7.624;41;225;225;227;222;3.407;50.01;421.6;2.764;419.3;2.730;0.0;0.000;60;0;0;3.354;3.480;3.389;750;788;749;50.01;50.01;50.01;4496;1000;0.0;0;1.0000;0;0
600;2015-06-14 11:00:00;172602N232;2200;7.991;41;224;225;227;221;3.285;50.00;422.0;2.645;420.4;2.615;0.0;0.000;60;0;0;3.240;3.364;3.252;724;760;714;50.00;50.00;50.00;4496;1000;0.0;0;1.0000;0;0
600;2015-06-14 11:10:00;172602N232;2368;8.385;41;224;222;229;222;3.542;50.01;426.0;2.832;427.4;2.763;0.0;0.000;60;0;0;3.448;3.641;3.539;758;827;780;50.01;50.01;50.01;4496;1000;0.0;0;1.0000;0;0
600;2015-06-14 11:20:00;172602N232;2348;8.776;41;225;222;229;223;3.508;50.01;423.1;2.825;424.6;2.752;0.0;0.000;60;0;0;3.414;3.599;3.512;751;819;776;50.01;50.01;50.01;4496;1000;0.0;0;1.0000;0;0
600;2015-06-14 11:30:00;172602N232;2757;9.237;41;225;222;230;223;4.106;50.00;423.1;3.318;423.8;3.253;0.0;0.000;60;0;0;4.011;4.210;4.097;885;962;909;50.00;50.00;50.00;4496;1000;0.0;0;1.0000;0;0
600;2015-06-14 11:40:00;172602N232;2577;9.666;41;225;222;230;222;3.848;49.99;421.8;3.108;422.8;3.043;0.0;0.000;60;0;0;3.744;3.967;3.835;823;906;846;49.99;49.99;49.99;4496;1000;0.0;0;1.0000;0;0
600;2015-06-14 11:50:00;172602N232;2835;10.139;41;225;221;230;223;4.227;49.99;421.2;3.428;422.4;3.356;0.0;0.000;60;0;0;4.108;4.344;4.229;902;992;939;49.99;49.99;49.99;4496;1000;0.0;0;1.0000;0;0
600;2015-06-14 12:00:00;172602N232;2717;10.592;41;224;222;228;223;4.059;50.01;424.1;3.255;423.2;3.212;0.0;0.000;60;0;0;3.970;4.142;4.066;875;941;900;50.01;50.01;50.01;4496;1000;0.0;0;1.0000;0;0
600;2015-06-14 12:10:00;172602N232;2458;11.002;42;224;223;226;222;3.686;49.99;421.7;2.972;423.6;2.891;0.0;0.000;60;0;0;3.635;3.752;3.672;804;843;809;49.99;49.99;49.99;4496;1000;0.0;0;1.0000;0;0
600;2015-06-14 12:20:00;172602N232;1939;11.324;41;223;222;225;223;2.914;50.01;429.7;2.267;424.0;2.296;0.0;0.000;60;0;0;2.842;2.959;2.942;625;660;652;50.01;50.01;50.01;4496;1000;0.0;0;1.0000;0;0
600;2015-06-14 12:30:00;172602N232;2290;11.707;41;224;224;227;222;3.429;50.01;427.9;2.700;423.6;2.716;0.0;0.000;60;0;0;3.381;3.483;3.425;750;784;755;50.01;50.01;50.01;4496;1000;0.0;0;1.0000;0;0
600;2015-06-14 12:40:00;172602N232;2287;12.088;41;224;223;226;224;3.420;50.00;427.2;2.696;422.4;2.725;0.0;0.000;60;0;0;3.352;3.470;3.438;742;779;764;50.00;50.00;50.00;4496;1000;0.0;0;1.0000;0;0
600;2015-06-14 12:50:00;172602N232;2429;12.494;41;224;222;227;223;3.636;50.00;423.4;2.904;421.8;2.887;0.0;0.000;60;0;0;3.548;3.712;3.648;782;837;809;50.00;50.00;50.00;4496;1000;0.0;0;1.0000;0;0
600;2015-06-14 13:00:00;172602N232;1869;12.806;41;223;222;226;222;2.806;50.01;426.9;2.205;423.6;2.207;0.0;0.000;60;0;0;2.737;2.863;2.820;603;641;623;50.01;50.01;50.01;4496;1000;0.0;0;1.0000;0;0
600;2015-06-14 13:10:00;172602N232;2194;13.172;41;224;222;227;222;3.288;50.00;428.9;2.576;424.5;2.596;0.0;0.000;60;0;0;3.211;3.368;3.287;707;759;725;50.00;50.00;50.00;4496;1000;0.0;0;1.0000;0;0
600;2015-06-14 13:20:00;172602N232;2239;13.545;41;224;222;227;222;3.361;50.01;428.2;2.641;425.5;2.637;0.0;0.000;60;0;0;3.280;3.439;3.366;720;774;743;50.01;50.01;50.01;4496;1000;0.0;0;1.0000;0;0
600;2015-06-14 13:30:00;172602N232;2758;14.004;41;224;221;229;223;4.115;50.00;427.5;3.253;420.7;3.309;0.0;0.000;60;0;0;4.000;4.229;4.118;879;964;913;50.00;50.00;50.00;4496;1000;0.0;0;1.0000;0;0
600;2015-06-14 13:40:00;172602N232;3003;14.505;41;225;222;229;223;4.475;49.99;424.2;3.575;417.4;3.634;0.0;0.000;60;0;0;4.383;4.583;4.459;968;1044;989;49.99;49.99;49.99;4496;1000;0.0;0;1.0000;0;0
600;2015-06-14 13:50:00;172602N232;2649;14.947;41;225;223;230;223;3.941;50.00;422.8;3.163;417.6;3.197;0.0;0.000;60;0;0;3.865;4.041;3.918;857;922;868;50.00;50.00;50.00;4496;1000;0.0;0;1.0000;0;0
600;2015-06-14 14:00:00;172602N232;2504;15.365;41;225;223;230;223;3.729;50.00;428.3;2.929;418.1;3.038;0.0;0.000;60;0;0;3.645;3.829;3.714;807;873;823;50.00;50.00;50.00;4496;1000;0.0;0;1.0000;0;0
600;2015-06-14 14:10:00;172602N232;2270;15.742;42;225;224;229;223;3.376;50.00;425.0;2.689;419.6;2.725;0.0;0.000;60;0;0;3.306;3.470;3.353;735;791;743;50.00;50.00;50.00;4496;1000;0.0;0;1.0000;0;0
600;2015-06-14 14:20:00;172602N232;1464;15.986;41;225;225;228;223;2.195;50.01;423.5;1.727;421.4;1.746;0.0;0.000;60;0;0;2.140;2.257;2.188;473;507;481;50.01;50.01;50.01;4496;1000;0.0;0;1.0000;0;0
600;2015-06-14 14:30:00;172602N232;3853;16.630;41;227;227;231;223;5.659;50.01;416.3;4.685;413.3;4.734;0.0;0.000;60;0;0;5.600;5.809;5.570;1267;1347;1240;50.01;50.01;50.01;4496;1000;0.0;0;1.0000;0;0
600;2015-06-14 14:40:00;172602N232;1932;16.952;42;225;224;228;223;2.878;49.99;415.4;2.326;410.2;2.379;0.0;0.000;60;0;0;2.815;2.954;2.866;626;669;635;49.99;49.99;49.99;4496;1000;0.0;0;1.0000;0;0
600;2015-06-14 14:50:00;172602N232;3033;17.456;42;226;225;230;224;4.476;50.00;415.6;3.655;411.8;3.754;0.0;0.000;60;0;0;4.401;4.583;4.446;987;1053;991;50.00;50.00;50.00;4496;1000;0.0;0;1.0000;0;0
600;2015-06-14 15:00:00;172602N232;3696;18.074;42;227;226;231;224;5.434;50.01;417.8;4.471;408.1;4.599;0.0;0.000;60;0;0;5.362;5.562;5.380;1207;1283;1203;50.01;50.01;50.01;4496;1000;0.0;0;1.0000;0;0
600;2015-06-14 15:10:00;172602N232;1747;18.365;42;225;224;228;222;2.618;50.00;412.9;2.128;411.5;2.141;0.0;0.000;60;0;0;2.557;2.696;2.603;565;608;573;50.00;50.00;50.00;4496;1000;0.0;0;1.0000;0;0
600;2015-06-14 15:20:00;172602N232;2863;18.843;42;226;226;229;223;4.228;50.00;414.5;3.449;417.7;3.487;0.0;0.000;60;0;0;4.174;4.317;4.193;939;986;934;50.00;50.00;50.00;4496;1000;0.0;0;1.0000;0;0
600;2015-06-14 15:30:00;172602N232;2383;19.240;42;225;225;228;223;3.548;50.01;409.0;2.919;407.6;2.963;0.0;0.000;60;0;0;3.499;3.622;3.525;780;823;781;50.01;50.01;50.01;4496;1000;0.0;0;1.0000;0;0
600;2015-06-14 15:40:00;172602N232;2161;19.600;42;225;225;227;223;3.218;50.00;413.2;2.607;417.1;2.640;0.0;0.000;60;0;0;3.172;3.273;3.210;708;739;712;50.00;50.00;50.00;4496;1000;0.0;0;1.0000;0;0
600;2015-06-14 15:50:00;172602N232;2601;20.035;42;226;225;228;224;3.857;50.00;409.1;3.178;415.0;3.195;0.0;0.000;60;0;0;3.812;3.923;3.837;855;890;854;50.00;50.00;50.00;4496;1000;0.0;0;1.0000;0;0
600;2015-06-14 16:00:00;172602N232;2373;20.430;42;225;224;227;223;3.531;50.01;409.0;2.893;413.1;2.928;0.0;0.000;60;0;0;3.469;3.603;3.521;774;816;782;50.01;50.01;50.01;4496;1000;0.0;0;1.0000;0;0
600;2015-06-14 16:10:00;172602N232;1376;20.659;41;223;223;226;222;2.074;50.01;425.0;1.621;420.1;1.637;0.0;0.000;60;0;0;2.020;2.123;2.081;445;474;456;50.01;50.01;50.01;4496;1000;0.0;0;1.0000;0;0
600;2015-06-14 16:20:00;172602N232;1403;20.893;41;223;223;225;221;2.124;49.99;414.9;1.685;419.8;1.686;0.0;0.000;60;0;0;2.078;2.171;2.124;455;483;463;49.99;49.99;49.99;4496;1000;0.0;0;1.0000;0;0
600;2015-06-14 16:30:00;172602N232;1303;21.111;41;223;223;224;221;1.994;49.99;418.9;1.546;422.0;1.556;0.0;0.000;60;0;0;1.958;2.030;1.995;424;447;431;49.99;49.99;49.99;4496;1000;0.0;0;1.0000;0;0
600;2015-06-14 16:40:00;172602N232;1939;21.434;41;224;224;225;222;2.912;49.98;417.9;2.296;419.7;2.355;0.0;0.000;60;0;0;2.873;2.954;2.910;637;659;640;49.98;49.98;49.98;4496;1000;0.0;0;1.0000;0;0
600;2015-06-14 16:50:00;172602N232;1509;21.687;40;223;223;225;220;2.279;49.99;416.6;1.794;420.3;1.821;0.0;0.000;60;0;0;2.227;2.350;2.262;492;522;494;49.99;49.99;49.99;4496;1000;0.0;0;1.0000;0;0
600;2015-06-14 17:00:00;172602N232;1907;22.004;40;222;224;227;216;2.878;50.01;424.6;2.205;421.6;2.326;0.0;0.000;60;0;0;2.849;2.981;2.805;632;670;603;50.01;50.01;50.01;4496;1000;0.0;0;1.0000;0;0
600;2015-06-14 17:10:00;172602N232;2089;22.352;40;223;224;226;219;3.141;50.00;421.5;2.433;418.5;2.570;0.0;0.000;60;0;0;3.108;3.221;3.096;690;723;674;50.00;50.00;50.00;4496;1000;0.0;0;1.0000;0;0
600;2015-06-14 17:20:00;172602N232;1548;22.610;40;222;224;225;218;2.335;50.00;413.4;1.852;417.2;1.886;0.0;0.000;60;0;0;2.294;2.411;2.302;509;539;499;50.00;50.00;50.00;4496;1000;0.0;0;1.0000;0;0
600;2015-06-14 17:30:00;172602N232;1171;22.806;40;222;224;224;218;1.786;50.01;412.5;1.406;416.6;1.414;0.0;0.000;60;0;0;1.754;1.833;1.771;384;405;381;50.01;50.01;50.01;4496;1000;0.0;0;1.0000;0;0
600;2015-06-14 17:40:00;172602N232;808;22.941;40;222;223;224;219;1.365;50.01;414.2;0.950;416.5;0.971;0.0;0.000;60;0;0;1.345;1.403;1.347;260;282;264;50.01;50.01;50.01;4496;1000;0.0;0;1.0000;0;0
600;2015-06-14 17:50:00;172602N232;1262;23.151;40;222;224;225;218;1.929;50.00;412.6;1.502;422.7;1.517;0.0;0.000;60;0;0;1.902;1.980;1.905;414;438;408;50.00;50.00;50.00;4496;1000;0.0;0;1.0000;0;0
600;2015-06-14 18:00:00;172602N232;1141;23.341;40;222;223;224;219;1.745;50.00;405.6;1.369;417.1;1.388;0.0;0.000;60;0;0;1.704;1.797;1.735;370;397;372;50.00;50.00;50.00;4496;1000;0.0;0;1.0000;0;0
600;2015-06-14 18:10:00;172602N232;1157;23.534;40;223;223;226;219;1.761;49.98;405.7;1.412;421.5;1.395;0.0;0.000;60;0;0;1.719;1.821;1.745;375;405;375;49.98;49.98;49.98;4496;1000;0.0;0;1.0000;0;0
600;2015-06-14 18:20:00;172602N232;1760;23.828;40;223;223;227;219;2.659;49.98;392.5;2.186;418.3;2.182;0.0;0.000;60;0;0;2.608;2.750;2.620;573;618;568;49.98;49.98;49.98;4496;1000;0.0;0;1.0000;0;0
600;2015-06-14 18:30:00;172602N232;1054;24.004;40;222;224;223;220;1.613;49.99;393.3;1.278;416.4;1.311;0.0;0.000;60;0;0;1.580;1.652;1.608;343;362;346;49.99;49.99;49.99;4496;1000;0.0;0;1.0000;0;0
600;2015-06-14 18:40:00;172602N232;1917;24.322;40;223;223;224;222;2.904;50.02;380.9;2.429;414.4;2.418;0.0;0.000;60;0;0;2.869;2.942;2.901;629;650;635;50.02;50.02;50.02;4496;1000;0.0;0;1.0000;0;0
600;2015-06-14 18:50:00;172602N232;2047;24.664;40;224;224;225;222;3.064;50.00;372.1;2.631;410.2;2.646;0.0;0.000;60;0;0;3.023;3.110;3.059;672;698;676;50.00;50.00;50.00;4496;1000;0.0;0;1.0000;0;0
600;2015-06-14 19:00:00;172602N232;1084;24.846;40;224;224;225;223;1.757;49.99;376.4;1.357;407.7;1.409;0.0;0.000;60;0;0;1.730;1.792;1.750;350;373;360;49.99;49.99;49.99;4496;1000;0.0;0;1.0000;0;0
600;2015-06-14 19:10:00;172602N232;834;24.985;40;224;224;226;222;1.467;49.98;375.8;1.050;411.1;1.081;0.0;0.000;60;0;0;1.426;1.540;1.435;266;291;276;49.98;49.98;49.98;4496;1000;0.0;0;1.0000;0;0
600;2015-06-14 19:20:00;172602N232;466;25.063;40;224;223;227;222;1.130;49.99;409.5;0.522;413.7;0.581;0.0;0.000;60;0;0;1.046;1.249;1.095;136;154;174;49.99;49.99;49.99;4496;1000;0.0;0;1.0000;0;0
600;2015-06-14 19:30:00;172602N232;795;25.195;39;224;224;227;222;1.220;49.99;437.7;0.642;414.9;1.224;0.0;0.000;60;0;0;1.174;1.266;1.220;252;279;262;49.99;49.99;49.99;4496;1000;0.0;0;1.0000;0;0
600;2015-06-14 19:40:00;172602N232;659;25.306;39;224;223;226;222;1.021;49.99;456.0;0.397;412.8;1.135;0.0;0.000;60;0;0;0.967;1.067;1.031;205;231;221;49.99;49.99;49.99;4496;1000;0.0;0;1.0000;0;0
600;2015-06-14 19:50:00;172602N232;515;25.391;39;224;224;226;222;0.944;50.00;441.6;0.266;407.3;0.947;0.0;0.000;60;0;0;0.980;0.981;0.873;159;184;171;50.00;50.00;50.00;4496;1000;0.0;0;1.0000;0;0
600;2015-06-14 20:00:00;172602N232;463;25.469;39;223;223;223;223;1.145;50.00;418.0;0.338;404.4;0.767;0.0;0.000;60;0;0;1.175;1.131;1.129;149;160;151;50.00;50.00;50.00;4496;1000;0.0;0;1.0000;0;0
600;2015-06-14 20:10:00;172602N232;339;25.526;39;223;224;223;221;1.100;50.00;405.2;0.278;400.7;0.532;0.0;0.000;60;0;0;1.263;1.042;0.997;84;134;119;50.00;50.00;50.00;4496;1000;0.0;0;1.0000;0;0
600;2015-06-14 20:20:00;172602N232;324;25.580;38;224;225;224;223;1.164;49.99;404.6;0.287;393.8;0.497;0.0;0.000;60;0;0;1.306;1.153;1.035;86;133;102;49.99;49.99;49.99;4496;1000;0.0;0;1.0000;0;0
600;2015-06-14 20:30:00;172602N232;210;25.614;38;224;225;225;222;1.078;50.00;409.2;0.206;402.8;0.277;0.0;0.000;60;0;0;1.394;0.990;0.852;28;87;93;50.00;50.00;50.00;4496;1000;0.0;0;1.0000;0;0
600;2015-06-14 20:40:00;172602N232;167;25.642;38;224;225;226;223;1.044;50.00;406.3;0.171;413.1;0.195;0.0;0.000;60;0;0;1.391;0.972;0.771;24;76;65;50.00;50.00;50.00;4496;1000;0.0;0;1.0000;0;0
600;2015-06-14 20:50:00;172602N232;123;25.663;37;225;224;227;224;0.977;50.00;395.5;0.127;403.2;0.140;0.0;0.000;60;0;0;1.008;1.180;0.743;37;24;60;50.00;50.00;50.00;4496;1000;0.0;0;1.0000;0;0
600;2015-06-14 21:00:00;172602N232;72;25.675;37;223;223;225;221;0.874;50.00;374.6;0.073;382.2;0.080;0.0;0.000;60;0;0;0.910;1.027;0.685;13;12;51;50.00;50.00;50.00;4496;1000;0.0;0;1.0000;0;0
600;2015-06-14 21:10:00;172602N232;57;25.686;36;223;223;223;222;0.756;50.00;359.2;0.056;379.1;0.059;0.0;0.000;60;0;0;1.013;0.659;0.597;0;32;32;50.00;50.00;50.00;4496;1000;0.0;0;1.0000;0;0
600;2015-06-14 21:20:00;172602N232;30;25.691;36;223;224;224;220;0.469;50.00;320.5;0.020;341.7;0.025;0.0;0.000;60;0;0;0.611;0.455;0.343;2;16;24;50.00;50.00;50.00;4496;1000;0.0;0;1.0000;0;0
600;2015-06-14 21:30:00;172602N232;5;25.693;36;223;224;224;219;0.211;50.01;255.5;0.000;262.0;0.001;0.0;0.000;60;0;0;0.284;0.191;0.159;0;5;9;50.01;50.01;50.01;4496;1000;0.0;0;1.0000;0;0
600;2015-06-14 21:40:00;172602N232;0;25.692;35;224;224;225;222;0.013;50.01;281.3;0.000;280.7;0.000;0.0;0.000;51;0;0;0.014;0.014;0.012;0;0;0;50.01;50.01;50.01;7069;1000;0.0;0;1.0000;0;0
600;2015-06-14 21:50:00;172602N232;0;25.692;34;224;223;227;221;0.000;50.03;253.8;0.000;254.5;0.000;0.0;0.000;51;0;0;0.000;0.000;0.000;0;0;0;50.03;50.03;50.03;13073;1000;0.0;0;1.0000;0;0
600;2015-06-14 22:00:00;172602N232;0;25.692;33;223;223;226;221;0.000;50.02;229.9;0.000;230.8;0.000;0.0;0.000;51;0;0;0.000;0.000;0.000;0;0;0;50.02;50.02;50.02;13073;1000;0.0;0;1.0000;0;0
600;2015-06-14 22:10:00;172602N232;0;25.692;33;223;223;226;221;0.000;49.99;227.6;0.000;228.6;0.000;0.0;0.000;51;0;0;0.000;0.000;0.000;0;0;0;49.99;49.99;49.99;13073;1000;0.0;0;1.0000;0;0
600;2015-06-14 22:20:00;172602N232;0;25.692;32;223;223;225;220;0.000;50.01;229.9;0.000;230.9;0.000;0.0;0.000;51;0;0;0.000;0.000;0.000;0;0;0;50.01;50.01;50.01;13073;1000;0.0;0;1.0000;0;0
[wr_ende]
