20170705;230001;172602N232;My Plant;+0100
[wr_def_start]
172602N232;Inverter Type;Inverter Group;72602N232      
[wr_def_end]
[wr]
INTERVAL;TIMESTAMP;SERIAL;P_AC;E_DAY;T_WR;U_AC;U_AC_1;U_AC_2;U_AC_3;I_AC;F_AC;U_DC_1;I_DC_1;U_DC_2;I_DC_2;U_DC_3;I_DC_3;S;E_WR;M_WR;I_AC_1;I_AC_2;I_AC_3;P_AC_1;P_AC_2;P_AC_3;F_AC_1;F_AC_2;F_AC_3;R_DC;PC;PCS;PCS_LL;COS_PHI;COS_PHI_LL;S_COS_PHI
600;2017-07-05 03:20:00;172602N232;0;0.000;0;2;2;2;2;0.000;0.64;2.9;0.000;2.9;0.000;0.0;0.000;50;0;0;0.000;0.000;0.000;0;0;0;0.64;0.64;0.64;62;1000;0.0;0;1.0000;0;0
600;2017-07-05 03:30:00;172602N232;0;0.000;24;226;226;229;223;0.000;49.99;227.2;0.000;228.2;0.000;0.0;0.000;50;0;0;0.000;0.000;0.000;0;0;0;49.99;49.99;49.99;0;1000;0.0;0;1.0000;0;0
600;2017-07-05 03:40:00;172602N232;0;0.000;26;226;226;229;223;0.000;50.00;234.4;0.000;235.4;0.000;0.0;0.000;50;0;0;0.000;0.000;0.000;0;0;0;50.00;50.00;50.00;0;1000;0.0;0;1.0000;0;0
600;2017-07-05 03:50:00;172602N232;0;0.000;27;226;226;229;223;0.000;49.99;248.9;0.000;249.4;0.000;0.0;0.000;50;0;0;0.000;0.000;0.000;0;0;0;49.99;49.99;49.99;0;1000;0.0;0;1.0000;0;0
600;2017-07-05 04:00:00;172602N232;0;0.000;28;226;226;229;223;0.000;49.98;270.4;0.000;270.5;0.000;0.0;0.000;50;0;0;0.000;0.000;0.000;0;0;0;49.98;49.98;49.98;0;1000;0.0;0;1.0000;0;0
600;2017-07-05 04:10:00;172602N232;0;0.000;28;226;226;228;224;0.000;49.99;291.4;0.000;290.0;0.000;0.0;0.000;60;0;0;0.001;0.001;0.000;0;0;0;49.99;49.99;49.99;3632;1000;0.0;0;1.0000;0;0
600;2017-07-05 04:20:00;172602N232;2;0.000;28;226;225;227;225;0.140;50.00;269.0;0.000;267.1;0.000;0.0;0.000;60;0;0;0.141;0.188;0.091;4;0;4;50.00;50.00;50.00;4134;1000;0.0;0;1.0000;0;0
600;2017-07-05 04:30:00;172602N232;18;0.005;28;226;225;227;225;0.429;50.00;300.0;0.013;281.1;0.014;0.0;0.000;60;0;0;0.453;0.565;0.270;12;0;16;50.00;50.00;50.00;4092;1000;0.0;0;1.0000;0;0
600;2017-07-05 04:40:00;172602N232;33;0.012;29;226;226;227;225;0.561;50.00;339.8;0.029;340.8;0.027;0.0;0.000;60;0;0;0.553;0.751;0.380;10;1;25;50.00;50.00;50.00;4092;1000;0.0;0;1.0000;0;0
600;2017-07-05 04:50:00;172602N232;56;0.021;29;225;225;226;224;0.690;50.01;362.4;0.059;375.8;0.052;0.0;0.000;60;0;0;0.638;0.926;0.506;16;6;35;50.01;50.01;50.01;4092;1000;0.0;0;1.0000;0;0
600;2017-07-05 05:00:00;172602N232;103;0.036;29;225;225;226;225;0.937;50.01;388.1;0.117;395.4;0.107;0.0;0.000;60;0;0;0.869;1.200;0.742;21;20;59;50.01;50.01;50.01;4092;1000;0.0;0;1.0000;0;0
600;2017-07-05 05:10:00;172602N232;126;0.056;30;225;225;226;224;0.965;50.03;396.8;0.144;398.0;0.134;0.0;0.000;60;0;0;0.914;1.212;0.771;23;31;70;50.03;50.03;50.03;4092;1000;0.0;0;1.0000;0;0
600;2017-07-05 05:20:00;172602N232;143;0.081;30;225;225;226;223;0.974;50.00;400.0;0.164;403.5;0.152;0.0;0.000;60;0;0;0.913;1.235;0.775;25;38;77;50.00;50.00;50.00;4092;1000;0.0;0;1.0000;0;0
600;2017-07-05 05:30:00;172602N232;191;0.112;30;223;224;224;222;1.002;49.98;405.9;0.226;402.5;0.207;0.0;0.000;60;0;0;1.204;0.965;0.838;58;54;76;49.98;49.98;49.98;4092;1000;0.0;0;1.0000;0;0
600;2017-07-05 05:40:00;172602N232;253;0.154;31;223;223;225;220;1.061;49.99;412.4;0.307;400.6;0.279;0.0;0.000;60;0;0;1.084;1.191;0.910;76;86;89;49.99;49.99;49.99;4092;1000;0.0;0;1.0000;0;0
600;2017-07-05 05:50:00;172602N232;383;0.218;31;222;223;224;219;1.019;49.99;420.0;0.472;406.8;0.422;0.0;0.000;60;0;0;1.047;1.080;0.932;118;138;124;49.99;49.99;49.99;4092;1000;0.0;0;1.0000;0;0
600;2017-07-05 06:00:00;172602N232;435;0.291;31;223;223;224;222;0.704;49.99;420.6;0.545;408.7;0.477;0.0;0.000;60;0;0;0.653;0.737;0.723;132;153;148;49.99;49.99;49.99;4092;1000;0.0;0;1.0000;0;0
600;2017-07-05 06:10:00;172602N232;434;0.363;32;226;227;227;223;0.918;50.00;421.1;0.562;405.0;0.461;0.0;0.000;60;0;0;0.892;0.975;0.888;129;156;147;50.00;50.00;50.00;4092;1000;0.0;0;1.0000;0;0
600;2017-07-05 06:20:00;172602N232;480;0.444;32;225;226;227;224;0.825;50.00;423.4;0.623;403.8;0.512;0.0;0.000;60;0;0;0.772;0.873;0.831;146;170;162;50.00;50.00;50.00;4092;1000;0.0;0;1.0000;0;0
600;2017-07-05 06:30:00;172602N232;442;0.517;33;224;224;225;224;0.885;49.98;420.6;0.581;409.8;0.455;0.0;0.000;60;0;0;0.870;0.911;0.875;138;157;145;49.98;49.98;49.98;4092;1000;0.0;0;1.0000;0;0
600;2017-07-05 06:40:00;172602N232;436;0.590;33;224;224;225;223;1.013;49.98;420.9;0.582;406.2;0.441;0.0;0.000;60;0;0;0.991;1.073;0.977;134;155;145;49.98;49.98;49.98;4092;1000;0.0;0;1.0000;0;0
600;2017-07-05 06:50:00;172602N232;551;0.683;33;224;224;225;223;0.867;49.97;427.0;0.721;405.5;0.578;0.0;0.000;60;0;0;0.811;0.908;0.883;170;194;186;49.97;49.97;49.97;4092;1000;0.0;0;1.0000;0;0
600;2017-07-05 07:00:00;172602N232;556;0.775;34;224;223;226;222;0.874;49.99;425.5;0.727;408.3;0.580;0.0;0.000;60;0;0;0.815;0.919;0.889;170;196;187;49.99;49.99;49.99;4092;1000;0.0;0;1.0000;0;0
600;2017-07-05 07:10:00;172602N232;550;0.867;34;223;222;225;222;0.884;50.00;427.4;0.719;410.8;0.568;0.0;0.000;60;0;0;0.827;0.932;0.895;169;194;185;50.00;50.00;50.00;4092;1000;0.0;0;1.0000;0;0
600;2017-07-05 07:20:00;172602N232;613;0.969;34;223;222;225;222;0.959;50.01;431.5;0.802;413.9;0.620;0.0;0.000;60;0;0;0.901;1.002;0.975;189;214;207;50.01;50.01;50.01;4092;1000;0.0;0;1.0000;0;0
600;2017-07-05 07:30:00;172602N232;696;1.085;35;223;222;223;223;1.105;50.01;438.2;0.915;412.9;0.694;0.0;0.000;60;0;0;1.052;1.138;1.126;218;240;237;50.01;50.01;50.01;4092;1000;0.0;0;1.0000;0;0
600;2017-07-05 07:40:00;172602N232;489;1.167;35;223;222;224;222;1.067;50.00;447.2;0.641;401.5;0.469;0.0;0.000;60;0;0;1.048;1.131;1.024;153;171;163;50.00;50.00;50.00;4092;1000;0.0;0;1.0000;0;0
600;2017-07-05 07:50:00;172602N232;585;1.265;35;224;223;226;222;1.126;49.99;363.0;1.370;398.2;0.351;0.0;0.000;60;0;0;1.072;1.201;1.106;182;207;194;49.99;49.99;49.99;4092;1000;0.0;0;1.0000;0;0
600;2017-07-05 08:00:00;172602N232;1055;1.441;35;225;224;227;223;1.607;49.98;326.9;2.822;411.2;0.346;0.0;0.000;60;0;0;1.555;1.658;1.608;337;367;349;49.98;49.98;49.98;4092;1000;0.0;0;1.0000;0;0
600;2017-07-05 08:10:00;172602N232;1201;1.641;36;225;224;228;224;1.842;49.98;352.6;3.078;396.2;0.308;0.0;0.000;60;0;0;1.773;1.915;1.838;382;419;399;49.98;49.98;49.98;4092;1000;0.0;0;1.0000;0;0
600;2017-07-05 08:20:00;172602N232;1417;1.878;36;227;226;229;225;2.107;49.99;396.5;3.275;401.1;0.303;0.0;0.000;60;0;0;2.044;2.174;2.104;455;492;468;49.99;49.99;49.99;4092;1000;0.0;0;1.0000;0;0
600;2017-07-05 08:30:00;172602N232;1516;2.131;36;227;226;231;225;2.259;49.97;408.1;3.405;412.4;0.308;0.0;0.000;60;0;0;2.194;2.331;2.252;487;527;500;49.97;49.97;49.97;4092;1000;0.0;0;1.0000;0;0
600;2017-07-05 08:40:00;172602N232;1672;2.410;36;226;224;230;224;2.481;49.98;404.5;3.834;421.0;0.300;0.0;0.000;60;0;0;2.406;2.565;2.473;536;586;549;49.98;49.98;49.98;4092;1000;0.0;0;1.0000;0;0
600;2017-07-05 08:50:00;172602N232;1773;2.705;37;226;226;230;223;2.631;49.99;402.4;4.041;409.7;0.415;0.0;0.000;60;0;0;2.570;2.714;2.609;576;619;577;49.99;49.99;49.99;4092;1000;0.0;0;1.0000;0;0
600;2017-07-05 09:00:00;172602N232;2145;3.062;37;226;225;231;222;3.179;49.99;399.0;4.241;257.8;1.870;0.0;0.000;60;0;0;3.114;3.295;3.128;698;755;690;49.99;49.99;49.99;4092;1000;0.0;0;1.0000;0;0
600;2017-07-05 09:10:00;172602N232;2463;3.473;39;226;226;231;222;3.641;49.99;396.0;4.453;265.0;2.787;0.0;0.000;60;0;0;3.585;3.767;3.571;806;866;788;49.99;49.99;49.99;4092;1000;0.0;0;1.0000;0;0
600;2017-07-05 09:20:00;172602N232;2809;3.942;39;226;224;230;224;4.152;49.98;395.1;4.671;257.6;3.934;0.0;0.000;60;0;0;4.079;4.259;4.120;912;975;920;49.98;49.98;49.98;4092;1000;0.0;0;1.0000;0;0
600;2017-07-05 09:30:00;172602N232;3076;4.454;40;226;225;229;224;4.554;49.98;393.3;4.876;258.5;4.701;0.0;0.000;60;0;0;4.497;4.652;4.515;1007;1060;1007;49.98;49.98;49.98;4092;1000;0.0;0;1.0000;0;0
600;2017-07-05 09:40:00;172602N232;3259;4.998;40;226;225;229;224;4.816;49.99;391.7;5.079;269.1;4.951;0.0;0.000;60;0;0;4.759;4.919;4.771;1068;1123;1066;49.99;49.99;49.99;4092;1000;0.0;0;1.0000;0;0
600;2017-07-05 09:50:00;172602N232;3450;5.573;41;226;225;229;224;5.096;49.99;389.8;5.238;287.3;5.126;0.0;0.000;60;0;0;5.031;5.221;5.037;1130;1195;1124;49.99;49.99;49.99;4092;1000;0.0;0;1.0000;0;0
600;2017-07-05 10:00:00;172602N232;3632;6.179;41;226;225;231;223;5.364;49.99;387.0;5.435;298.5;5.350;0.0;0.000;60;0;0;5.288;5.520;5.285;1187;1270;1174;49.99;49.99;49.99;4092;1000;0.0;0;1.0000;0;0
600;2017-07-05 10:10:00;172602N232;3827;6.816;41;226;224;231;223;5.653;49.98;384.9;5.605;315.8;5.512;0.0;0.000;60;0;0;5.549;5.841;5.571;1240;1346;1239;49.98;49.98;49.98;4092;1000;0.0;0;1.0000;0;0
600;2017-07-05 10:20:00;172602N232;4024;7.488;41;226;224;231;224;5.940;49.97;383.5;5.765;332.5;5.677;0.0;0.000;60;0;0;5.836;6.107;5.879;1303;1406;1314;49.97;49.97;49.97;4092;1000;0.0;0;1.0000;0;0
600;2017-07-05 10:30:00;172602N232;4192;8.187;41;226;224;230;223;6.199;49.98;380.0;5.911;343.4;5.887;0.0;0.000;60;0;0;6.098;6.384;6.117;1361;1468;1361;49.98;49.98;49.98;4092;1000;0.0;0;1.0000;0;0
600;2017-07-05 10:40:00;172602N232;4316;8.903;42;226;224;231;222;6.381;49.99;378.8;6.083;344.5;6.071;0.0;0.000;60;0;0;6.278;6.577;6.289;1403;1515;1397;49.99;49.99;49.99;4092;1000;0.0;0;1.0000;0;0
600;2017-07-05 10:50:00;172602N232;4472;9.651;42;226;224;230;223;6.603;49.98;379.6;6.231;356.9;6.135;0.0;0.000;60;0;0;6.523;6.773;6.515;1461;1558;1451;49.98;49.98;49.98;4092;1000;0.0;0;1.0000;0;0
600;2017-07-05 11:00:00;172602N232;4572;10.415;42;226;224;230;223;6.751;49.98;377.0;6.327;359.0;6.324;0.0;0.000;60;0;0;6.687;6.911;6.657;1499;1586;1485;49.98;49.98;49.98;4092;1000;0.0;0;1.0000;0;0
600;2017-07-05 11:10:00;172602N232;4616;11.184;42;226;226;231;223;6.797;50.00;374.0;6.425;358.3;6.417;0.0;0.000;60;0;0;6.730;6.988;6.674;1516;1612;1486;50.00;50.00;50.00;4092;1000;0.0;0;1.0000;0;0
600;2017-07-05 11:20:00;172602N232;4717;11.970;42;228;226;233;224;6.907;49.99;372.2;6.533;367.7;6.456;0.0;0.000;60;0;0;6.781;7.139;6.802;1528;1663;1524;49.99;49.99;49.99;4092;1000;0.0;0;1.0000;0;0
600;2017-07-05 11:30:00;172602N232;4793;12.769;42;228;226;233;225;7.011;49.99;368.2;6.626;369.3;6.616;0.0;0.000;60;0;0;6.882;7.237;6.915;1553;1684;1554;49.99;49.99;49.99;4092;1000;0.0;0;1.0000;0;0
600;2017-07-05 11:40:00;172602N232;4869;13.582;43;228;227;233;223;7.131;49.99;369.4;6.705;369.7;6.716;0.0;0.000;60;0;0;7.053;7.368;6.973;1599;1714;1555;49.99;49.99;49.99;4092;1000;0.0;0;1.0000;0;0
600;2017-07-05 11:50:00;172602N232;4894;14.396;43;227;226;232;223;7.184;49.94;368.0;6.772;367.6;6.784;0.0;0.000;60;0;0;7.120;7.367;7.066;1610;1706;1576;49.94;49.94;49.94;4092;1000;0.0;0;1.0000;0;0
600;2017-07-05 12:00:00;172602N232;4967;15.223;43;227;226;231;223;7.302;49.97;365.4;6.918;365.7;6.930;0.0;0.000;60;0;0;7.229;7.490;7.187;1633;1728;1604;49.97;49.97;49.97;4092;1000;0.0;0;1.0000;0;0
600;2017-07-05 12:10:00;172602N232;4797;16.024;43;227;226;231;224;7.044;49.99;363.9;6.702;365.1;6.708;0.0;0.000;60;0;0;6.974;7.214;6.946;1575;1666;1554;49.99;49.99;49.99;4092;1000;0.0;0;1.0000;0;0
600;2017-07-05 12:20:00;172602N232;5011;16.859;43;227;226;230;224;7.372;49.98;363.4;7.014;364.2;7.024;0.0;0.000;60;0;0;7.316;7.527;7.274;1649;1731;1629;49.98;49.98;49.98;4092;1000;0.0;0;1.0000;0;0
600;2017-07-05 12:30:00;172602N232;4923;17.681;44;226;225;230;223;7.257;49.97;364.7;6.871;365.1;6.880;0.0;0.000;60;0;0;7.181;7.464;7.126;1615;1719;1587;49.97;49.97;49.97;4092;1000;0.0;0;1.0000;0;0
600;2017-07-05 12:40:00;172602N232;5264;18.557;44;227;225;232;223;7.739;49.97;365.7;7.340;365.4;7.340;0.0;0.000;60;0;0;7.623;7.996;7.599;1715;1853;1695;49.97;49.97;49.97;4092;1000;0.0;0;1.0000;0;0
600;2017-07-05 12:50:00;172602N232;4564;19.318;44;226;225;231;223;6.726;49.97;367.4;6.330;367.1;6.323;0.0;0.000;60;0;0;6.634;6.921;6.623;1491;1596;1475;49.97;49.97;49.97;4092;1000;0.0;0;1.0000;0;0
600;2017-07-05 13:00:00;172602N232;3900;19.968;44;226;225;230;223;5.757;49.97;376.6;5.275;376.4;5.249;0.0;0.000;60;0;0;5.683;5.904;5.685;1275;1356;1266;49.97;49.97;49.97;4092;1000;0.0;0;1.0000;0;0
600;2017-07-05 13:10:00;172602N232;4313;20.686;44;227;226;231;224;6.332;49.99;373.0;5.896;373.3;5.860;0.0;0.000;60;0;0;6.253;6.498;6.246;1413;1502;1395;49.99;49.99;49.99;4092;1000;0.0;0;1.0000;0;0
600;2017-07-05 13:20:00;172602N232;3680;21.302;44;226;226;230;223;5.423;49.96;378.5;4.964;379.1;4.903;0.0;0.000;60;0;0;5.369;5.547;5.353;1210;1275;1193;49.96;49.96;49.96;4092;1000;0.0;0;1.0000;0;0
600;2017-07-05 13:30:00;172602N232;4130;21.989;44;227;226;231;224;6.070;49.97;375.7;5.608;376.2;5.561;0.0;0.000;60;0;0;6.017;6.196;5.997;1358;1427;1342;49.97;49.97;49.97;4092;1000;0.0;0;1.0000;0;0
600;2017-07-05 13:40:00;172602N232;5086;22.835;44;228;227;232;224;7.443;49.98;373.2;6.953;373.5;6.928;0.0;0.000;60;0;0;7.365;7.651;7.315;1668;1775;1641;49.98;49.98;49.98;4092;1000;0.0;0;1.0000;0;0
600;2017-07-05 13:50:00;172602N232;3996;23.502;44;227;226;231;225;5.874;49.97;374.2;5.442;374.0;5.427;0.0;0.000;60;0;0;5.814;5.997;5.813;1311;1380;1302;49.97;49.97;49.97;4092;1000;0.0;0;1.0000;0;0
600;2017-07-05 14:00:00;172602N232;4863;24.312;44;228;227;233;226;7.102;49.98;373.0;6.653;372.9;6.642;0.0;0.000;60;0;0;7.019;7.289;7.000;1589;1694;1578;49.98;49.98;49.98;4092;1000;0.0;0;1.0000;0;0
600;2017-07-05 14:10:00;172602N232;4744;25.104;44;228;226;232;225;6.939;49.98;363.5;6.650;363.9;6.641;0.0;0.000;60;0;0;6.849;7.105;6.865;1549;1647;1547;49.98;49.98;49.98;4092;1000;0.0;0;1.0000;0;0
600;2017-07-05 14:20:00;172602N232;3721;25.726;44;227;225;230;225;5.471;49.97;373.5;5.067;372.2;5.073;0.0;0.000;60;0;0;5.394;5.606;5.414;1214;1293;1214;49.97;49.97;49.97;4092;1000;0.0;0;1.0000;0;0
600;2017-07-05 14:30:00;172602N232;4968;26.552;44;228;227;233;225;7.256;49.97;371.8;6.821;371.2;6.820;0.0;0.000;60;0;0;7.151;7.483;7.136;1620;1743;1603;49.97;49.97;49.97;4092;1000;0.0;0;1.0000;0;0
600;2017-07-05 14:40:00;172602N232;5205;27.420;45;228;227;234;225;7.594;49.97;362.6;7.322;362.0;7.328;0.0;0.000;60;0;0;7.483;7.840;7.460;1697;1829;1677;49.97;49.97;49.97;4092;1000;0.0;0;1.0000;0;0
600;2017-07-05 14:50:00;172602N232;4720;28.208;45;229;227;233;226;6.877;49.98;363.7;6.623;362.4;6.640;0.0;0.000;60;0;0;6.806;7.046;6.781;1546;1644;1531;49.98;49.98;49.98;4092;1000;0.0;0;1.0000;0;0
600;2017-07-05 15:00:00;172602N232;4550;28.965;45;229;227;233;226;6.633;49.98;370.8;6.256;370.1;6.256;0.0;0.000;60;0;0;6.532;6.820;6.548;1480;1590;1478;49.98;49.98;49.98;4092;1000;0.0;0;1.0000;0;0
600;2017-07-05 15:10:00;172602N232;4744;29.758;45;229;228;233;226;6.900;49.98;371.8;6.499;371.3;6.508;0.0;0.000;60;0;0;6.824;7.078;6.799;1554;1651;1537;49.98;49.98;49.98;4092;1000;0.0;0;1.0000;0;0
600;2017-07-05 15:20:00;172602N232;4667;30.533;45;229;228;233;226;6.801;49.98;369.3;6.437;368.9;6.440;0.0;0.000;60;0;0;6.730;6.974;6.701;1532;1623;1509;49.98;49.98;49.98;4092;1000;0.0;0;1.0000;0;0
600;2017-07-05 15:30:00;172602N232;4757;31.328;46;229;228;233;226;6.925;49.98;370.4;6.543;369.5;6.553;0.0;0.000;60;0;0;6.836;7.102;6.837;1554;1657;1545;49.98;49.98;49.98;4092;1000;0.0;0;1.0000;0;0
600;2017-07-05 15:40:00;172602N232;4523;32.082;46;229;227;233;225;6.597;49.96;380.1;6.006;368.4;6.306;0.0;0.000;60;0;0;6.508;6.787;6.496;1477;1583;1461;49.96;49.96;49.96;4092;1000;0.0;0;1.0000;0;0
600;2017-07-05 15:50:00;172602N232;3648;32.691;46;228;227;232;225;5.343;49.97;374.7;4.863;375.6;5.015;0.0;0.000;60;0;0;5.298;5.466;5.266;1202;1264;1180;49.97;49.97;49.97;4092;1000;0.0;0;1.0000;0;0
600;2017-07-05 16:00:00;172602N232;2489;33.106;45;226;226;229;224;3.675;49.96;377.2;3.314;384.5;3.310;0.0;0.000;60;0;0;3.621;3.758;3.647;815;859;813;49.96;49.96;49.96;4092;1000;0.0;0;1.0000;0;0
600;2017-07-05 16:10:00;172602N232;2953;33.597;45;226;226;229;224;4.355;49.98;385.6;3.836;394.2;3.835;0.0;0.000;60;0;0;4.288;4.445;4.334;965;1017;969;49.98;49.98;49.98;4092;1000;0.0;0;1.0000;0;0
600;2017-07-05 16:20:00;172602N232;2964;34.092;44;226;225;227;226;4.387;49.98;382.3;3.883;390.9;3.882;0.0;0.000;60;0;0;4.324;4.438;4.399;969;1004;989;49.98;49.98;49.98;4092;1000;0.0;0;1.0000;0;0
600;2017-07-05 16:30:00;172602N232;3784;34.724;44;226;225;228;224;5.599;49.96;380.9;4.988;390.2;4.981;0.0;0.000;60;0;0;5.554;5.683;5.560;1249;1290;1242;49.96;49.96;49.96;4092;1000;0.0;0;1.0000;0;0
600;2017-07-05 16:40:00;172602N232;2894;35.206;44;226;226;229;223;4.290;49.96;380.1;3.825;386.1;3.841;0.0;0.000;60;0;0;4.252;4.385;4.235;956;999;938;49.96;49.96;49.96;4092;1000;0.0;0;1.0000;0;0
600;2017-07-05 16:50:00;172602N232;2717;35.659;44;226;225;230;224;4.024;49.96;388.5;3.498;393.9;3.529;0.0;0.000;60;0;0;3.956;4.116;4.001;884;940;891;49.96;49.96;49.96;4092;1000;0.0;0;1.0000;0;0
600;2017-07-05 17:00:00;172602N232;2704;36.110;44;226;225;229;225;4.005;49.97;397.7;3.363;395.6;3.536;0.0;0.000;60;0;0;3.936;4.087;3.994;880;932;890;49.97;49.97;49.97;4092;1000;0.0;0;1.0000;0;0
600;2017-07-05 17:10:00;172602N232;1803;36.410;43;226;225;227;225;2.682;49.97;378.3;2.350;397.8;2.333;0.0;0.000;60;0;0;2.616;2.736;2.694;583;617;601;49.97;49.97;49.97;4092;1000;0.0;0;1.0000;0;0
600;2017-07-05 17:20:00;172602N232;1743;36.701;43;226;225;229;225;2.584;49.99;383.6;2.235;403.6;2.223;0.0;0.000;60;0;0;2.508;2.649;2.595;560;601;580;49.99;49.99;49.99;4092;1000;0.0;0;1.0000;0;0
600;2017-07-05 17:30:00;172602N232;2073;37.047;43;227;226;229;225;3.063;49.97;384.3;2.656;408.1;2.622;0.0;0.000;60;0;0;2.995;3.131;3.063;672;713;687;49.97;49.97;49.97;4092;1000;0.0;0;1.0000;0;0
600;2017-07-05 17:40:00;172602N232;2087;37.396;43;227;225;229;226;3.082;49.97;386.5;2.673;412.6;2.597;0.0;0.000;60;0;0;3.012;3.153;3.083;675;719;692;49.97;49.97;49.97;4092;1000;0.0;0;1.0000;0;0
600;2017-07-05 17:50:00;172602N232;2229;37.766;43;227;225;231;226;3.282;49.98;382.0;2.859;393.3;2.950;0.0;0.000;60;0;0;3.201;3.366;3.279;717;772;738;49.98;49.98;49.98;4092;1000;0.0;0;1.0000;0;0
600;2017-07-05 18:00:00;172602N232;2000;38.100;43;227;226;230;226;2.949;49.97;372.9;2.627;392.5;2.647;0.0;0.000;60;0;0;2.875;3.019;2.953;645;689;664;49.97;49.97;49.97;4092;1000;0.0;0;1.0000;0;0
600;2017-07-05 18:10:00;172602N232;1231;38.306;43;227;226;229;226;1.854;49.97;374.9;1.597;392.9;1.621;0.0;0.000;60;0;0;1.786;1.915;1.862;392;427;410;49.97;49.97;49.97;4092;1000;0.0;0;1.0000;0;0
600;2017-07-05 18:20:00;172602N232;1589;38.571;43;227;226;228;226;2.362;49.99;375.4;2.044;398.6;2.097;0.0;0.000;60;0;0;2.306;2.402;2.380;514;541;532;49.99;49.99;49.99;4092;1000;0.0;0;1.0000;0;0
600;2017-07-05 18:30:00;172602N232;1910;38.890;43;228;227;229;226;2.810;49.97;368.7;2.489;397.6;2.541;0.0;0.000;60;0;0;2.749;2.863;2.818;621;653;634;49.97;49.97;49.97;4092;1000;0.0;0;1.0000;0;0
600;2017-07-05 18:40:00;172602N232;1518;39.143;43;227;226;229;226;2.254;49.97;356.5;2.019;395.0;2.052;0.0;0.000;60;0;0;2.189;2.305;2.268;489;521;506;49.97;49.97;49.97;4092;1000;0.0;0;1.0000;0;0
600;2017-07-05 18:50:00;172602N232;1254;39.351;43;227;226;228;227;1.910;49.98;349.7;1.670;397.5;1.707;0.0;0.000;60;0;0;1.841;1.949;1.941;400;430;422;49.98;49.98;49.98;4092;1000;0.0;0;1.0000;0;0
600;2017-07-05 19:00:00;172602N232;977;39.514;43;227;225;228;226;1.468;49.97;338.9;1.305;397.5;1.353;0.0;0.000;60;0;0;1.407;1.514;1.484;308;339;328;49.97;49.97;49.97;4092;1000;0.0;0;1.0000;0;0
600;2017-07-05 19:10:00;172602N232;796;39.647;43;227;226;228;226;1.202;49.97;325.7;1.067;398.1;1.130;0.0;0.000;60;0;0;1.141;1.243;1.222;249;276;269;49.97;49.97;49.97;4092;1000;0.0;0;1.0000;0;0
600;2017-07-05 19:20:00;172602N232;717;39.767;43;227;227;230;223;1.105;49.97;301.4;0.980;399.1;1.062;0.0;0.000;60;0;0;1.058;1.152;1.105;226;253;236;49.97;49.97;49.97;4092;1000;0.0;0;1.0000;0;0
600;2017-07-05 19:30:00;172602N232;579;39.863;43;225;229;230;217;1.061;49.98;267.0;0.783;397.1;0.928;0.0;0.000;60;0;0;1.046;1.121;1.018;183;211;182;49.98;49.98;49.98;4092;1000;0.0;0;1.0000;0;0
600;2017-07-05 19:40:00;172602N232;423;39.934;42;225;229;231;217;0.721;49.99;281.2;0.481;390.4;0.745;0.0;0.000;60;0;0;0.672;0.782;0.711;130;157;133;49.99;49.99;49.99;4092;1000;0.0;0;1.0000;0;0
600;2017-07-05 19:50:00;172602N232;269;39.980;42;225;228;231;217;1.038;49.98;389.6;0.254;384.6;0.407;0.0;0.000;60;0;0;1.086;1.182;0.848;78;85;103;49.98;49.98;49.98;4092;1000;0.0;0;1.0000;0;0
600;2017-07-05 20:00:00;172602N232;215;40.015;41;225;229;230;217;0.994;49.98;383.9;0.206;380.9;0.321;0.0;0.000;60;0;0;1.207;1.035;0.740;57;72;84;49.98;49.98;49.98;4092;1000;0.0;0;1.0000;0;0
600;2017-07-05 20:10:00;172602N232;194;40.048;41;225;228;231;217;1.029;49.98;396.2;0.190;381.9;0.274;0.0;0.000;60;0;0;1.153;1.230;0.706;49;55;87;49.98;49.98;49.98;4092;1000;0.0;0;1.0000;0;0
600;2017-07-05 20:20:00;172602N232;184;40.078;40;225;228;230;217;1.035;49.95;393.9;0.188;409.5;0.228;0.0;0.000;60;0;0;1.229;1.139;0.737;36;61;86;49.95;49.95;49.95;4092;1000;0.0;0;1.0000;0;0
600;2017-07-05 20:30:00;172602N232;168;40.106;39;225;229;231;216;1.053;49.98;386.5;0.178;402.1;0.208;0.0;0.000;60;0;0;1.176;1.218;0.767;26;52;88;49.98;49.98;49.98;4092;1000;0.0;0;1.0000;0;0
600;2017-07-05 20:40:00;172602N232;128;40.128;39;225;229;231;216;1.001;49.99;378.8;0.140;388.5;0.156;0.0;0.000;60;0;0;1.305;0.933;0.765;13;43;73;49.99;49.99;49.99;4092;1000;0.0;0;1.0000;0;0
600;2017-07-05 20:50:00;172602N232;91;40.144;38;225;229;230;217;1.005;49.99;369.2;0.098;383.4;0.107;0.0;0.000;60;0;0;1.431;0.834;0.752;2;41;62;49.99;49.99;49.99;4092;1000;0.0;0;1.0000;0;0
600;2017-07-05 21:00:00;172602N232;44;40.152;38;226;230;230;217;0.636;49.99;341.6;0.040;361.7;0.042;0.0;0.000;60;0;0;0.758;0.671;0.479;2;19;39;49.99;49.99;49.99;4092;1000;0.0;0;1.0000;0;0
600;2017-07-05 21:10:00;172602N232;14;40.155;37;225;230;230;217;0.336;50.01;282.7;0.006;273.2;0.011;0.0;0.000;60;0;0;0.451;0.318;0.241;1;11;17;50.01;50.01;50.01;4092;1000;0.0;0;1.0000;0;0
600;2017-07-05 21:20:00;172602N232;1;40.154;36;226;230;229;219;0.094;49.98;251.4;0.000;251.8;0.000;0.0;0.000;60;0;0;0.123;0.084;0.077;0;3;4;49.98;49.98;49.98;4092;1000;0.0;0;1.0000;0;0
600;2017-07-05 21:30:00;172602N232;0;40.154;35;227;228;229;225;0.000;50.02;283.4;0.000;282.6;0.000;0.0;0.000;51;0;0;0.000;0.000;0.000;0;0;0;50.02;50.02;50.02;4747;1000;0.0;0;1.0000;0;0
600;2017-07-05 21:40:00;172602N232;0;40.154;35;227;227;230;225;0.000;50.01;232.7;0.000;233.6;0.000;0.0;0.000;51;0;0;0.000;0.000;0.000;0;0;0;50.01;50.01;50.01;5041;1000;0.0;0;1.0000;0;0
600;2017-07-05 21:50:00;172602N232;0;40.154;34;227;226;229;225;0.000;49.97;228.4;0.000;229.3;0.000;0.0;0.000;51;0;0;0.000;0.000;0.000;0;0;0;49.97;49.97;49.97;5041;1000;0.0;0;1.0000;0;0
600;2017-07-05 22:00:00;172602N232;0;40.154;34;227;227;230;226;0.000;49.99;226.7;0.000;227.6;0.000;0.0;0.000;51;0;0;0.000;0.000;0.000;0;0;0;49.99;49.99;49.99;5041;1000;0.0;0;1.0000;0;0
[wr_ende]
