20150505;230004;172602N232;My Plant;+0100
[wr_def_start]
172602N232;Inverter Type;Inverter Group;72602N232      
[wr_def_end]
[wr]
INTERVAL;TIMESTAMP;SERIAL;P_AC;E_DAY;T_WR;U_AC;U_AC_1;U_AC_2;U_AC_3;I_AC;F_AC;U_DC_1;I_DC_1;U_DC_2;I_DC_2;U_DC_3;I_DC_3;S;E_WR;M_WR;I_AC_1;I_AC_2;I_AC_3;P_AC_1;P_AC_2;P_AC_3;F_AC_1;F_AC_2;F_AC_3;R_DC;PC;PCS;PCS_LL;COS_PHI;COS_PHI_LL;S_COS_PHI
600;2015-05-05 04:40:00;172602N232;0;0.000;0;6;6;6;6;0.000;1.41;6.3;0.000;6.3;0.000;0.0;0.000;50;0;0;0.000;0.000;0.000;0;0;0;1.41;1.41;1.41;83;1000;0.0;0;1.0000;0;0
600;2015-05-05 04:50:00;172602N232;0;0.000;23;222;223;225;219;0.000;49.99;228.4;0.000;229.4;0.000;0.0;0.000;50;0;0;0.000;0.000;0.000;0;0;0;49.99;49.99;49.99;0;1000;0.0;0;1.0000;0;0
600;2015-05-05 05:00:00;172602N232;0;0.000;25;223;223;226;219;0.000;50.01;230.3;0.000;231.3;0.000;0.0;0.000;50;0;0;0.000;0.000;0.000;0;0;0;50.01;50.01;50.01;0;1000;0.0;0;1.0000;0;0
600;2015-05-05 05:10:00;172602N232;0;0.000;25;225;226;228;222;0.000;50.00;265.4;0.000;265.8;0.000;0.0;0.000;51;0;0;0.000;0.000;0.000;0;0;0;50.00;50.00;50.00;20;1000;0.0;0;1.0000;0;0
600;2015-05-05 05:20:00;172602N232;4;0.001;25;226;226;227;225;0.162;50.01;266.8;0.000;261.7;0.002;0.0;0.000;60;0;0;0.198;0.185;0.105;2;0;5;50.01;50.01;50.01;3902;1000;0.0;0;1.0000;0;0
600;2015-05-05 05:30:00;172602N232;21;0.005;26;226;226;227;224;0.419;50.02;312.5;0.013;323.2;0.017;0.0;0.000;60;0;0;0.441;0.540;0.278;9;0;18;50.02;50.02;50.02;3902;1000;0.0;0;1.0000;0;0
600;2015-05-05 05:40:00;172602N232;33;0.013;26;225;224;226;224;0.547;50.01;344.2;0.025;356.0;0.028;0.0;0.000;60;0;0;0.606;0.711;0.325;22;0;22;50.01;50.01;50.01;3902;1000;0.0;0;1.0000;0;0
600;2015-05-05 05:50:00;172602N232;63;0.022;27;224;224;225;222;0.776;49.99;371.7;0.064;379.5;0.066;0.0;0.000;60;0;0;0.803;0.937;0.590;10;8;44;49.99;49.99;49.99;3902;1000;0.0;0;1.0000;0;0
600;2015-05-05 06:00:00;172602N232;127;0.041;27;223;223;224;222;0.906;50.00;399.3;0.141;398.7;0.143;0.0;0.000;60;0;0;0.992;0.990;0.738;15;44;66;50.00;50.00;50.00;3902;1000;0.0;0;1.0000;0;0
600;2015-05-05 06:10:00;172602N232;229;0.079;27;223;223;224;222;1.026;50.00;411.1;0.262;411.0;0.259;0.0;0.000;60;0;0;1.106;1.185;0.788;53;96;78;50.00;50.00;50.00;3902;1000;0.0;0;1.0000;0;0
600;2015-05-05 06:20:00;172602N232;280;0.126;28;222;223;224;221;1.126;50.00;415.3;0.322;414.6;0.320;0.0;0.000;60;0;0;1.248;1.180;0.951;79;99;99;50.00;50.00;50.00;3902;1000;0.0;0;1.0000;0;0
600;2015-05-05 06:30:00;172602N232;182;0.157;28;221;221;222;220;1.034;50.00;403.8;0.207;403.3;0.208;0.0;0.000;60;0;0;1.224;1.129;0.751;40;78;62;50.00;50.00;50.00;3902;1000;0.0;0;1.0000;0;0
600;2015-05-05 06:40:00;172602N232;180;0.187;28;220;220;221;220;0.951;50.03;403.2;0.205;402.9;0.205;0.0;0.000;60;0;0;0.894;1.227;0.734;28;79;72;50.03;50.03;50.03;3902;1000;0.0;0;1.0000;0;0
600;2015-05-05 06:50:00;172602N232;239;0.227;29;221;222;222;221;1.073;49.99;408.1;0.277;408.8;0.273;0.0;0.000;60;0;0;1.242;1.143;0.835;59;100;78;49.99;49.99;49.99;3902;1000;0.0;0;1.0000;0;0
600;2015-05-05 07:00:00;172602N232;423;0.298;29;221;222;222;221;0.885;49.98;422.1;0.495;423.1;0.480;0.0;0.000;60;0;0;0.873;0.916;0.868;130;150;141;49.98;49.98;49.98;3902;1000;0.0;0;1.0000;0;0
600;2015-05-05 07:10:00;172602N232;383;0.362;30;221;221;221;221;0.834;49.98;421.7;0.442;415.8;0.446;0.0;0.000;60;0;0;0.819;0.858;0.827;116;138;127;49.98;49.98;49.98;3902;1000;0.0;0;1.0000;0;0
600;2015-05-05 07:20:00;172602N232;319;0.415;30;220;220;221;220;1.083;49.98;416.8;0.367;411.6;0.371;0.0;0.000;60;0;0;1.117;1.153;0.981;100;116;100;49.98;49.98;49.98;3902;1000;0.0;0;1.0000;0;0
600;2015-05-05 07:30:00;172602N232;281;0.462;31;225;224;226;224;1.072;49.98;412.8;0.322;408.3;0.329;0.0;0.000;60;0;0;1.073;1.236;0.909;89;98;92;49.98;49.98;49.98;3902;1000;0.0;0;1.0000;0;0
600;2015-05-05 07:40:00;172602N232;148;0.486;31;223;223;224;223;0.908;49.99;397.7;0.167;394.2;0.171;0.0;0.000;60;0;0;0.878;1.097;0.749;27;50;69;49.99;49.99;49.99;3902;1000;0.0;0;1.0000;0;0
600;2015-05-05 07:50:00;172602N232;175;0.516;31;222;222;222;222;0.908;49.97;400.5;0.199;397.3;0.203;0.0;0.000;60;0;0;0.840;1.151;0.733;19;81;72;49.97;49.97;49.97;3902;1000;0.0;0;1.0000;0;0
600;2015-05-05 08:00:00;172602N232;312;0.568;31;222;222;224;221;1.152;50.01;416.1;0.358;409.9;0.366;0.0;0.000;60;0;0;1.160;1.275;1.022;78;109;124;50.01;50.01;50.01;3902;1000;0.0;0;1.0000;0;0
600;2015-05-05 08:10:00;172602N232;351;0.627;31;222;222;223;221;1.145;50.00;420.9;0.400;412.2;0.412;0.0;0.000;60;0;0;1.146;1.226;1.064;100;122;127;50.00;50.00;50.00;3902;1000;0.0;0;1.0000;0;0
600;2015-05-05 08:20:00;172602N232;274;0.672;31;222;221;224;221;1.105;50.00;411.9;0.316;407.6;0.320;0.0;0.000;60;0;0;1.141;1.307;0.868;88;91;93;50.00;50.00;50.00;3902;1000;0.0;0;1.0000;0;0
600;2015-05-05 08:30:00;172602N232;373;0.736;32;222;221;224;220;1.126;50.00;419.4;0.431;413.2;0.437;0.0;0.000;60;0;0;1.103;1.232;1.043;114;126;131;50.00;50.00;50.00;3902;1000;0.0;0;1.0000;0;0
600;2015-05-05 08:40:00;172602N232;342;0.792;32;222;222;223;221;1.060;49.99;418.3;0.393;410.9;0.402;0.0;0.000;60;0;0;1.101;1.134;0.946;96;125;120;49.99;49.99;49.99;3902;1000;0.0;0;1.0000;0;0
600;2015-05-05 08:50:00;172602N232;372;0.854;32;222;221;223;222;1.120;49.99;421.8;0.425;411.8;0.439;0.0;0.000;60;0;0;1.100;1.198;1.064;111;133;126;49.99;49.99;49.99;3902;1000;0.0;0;1.0000;0;0
600;2015-05-05 09:00:00;172602N232;281;0.901;32;221;221;221;221;1.032;50.00;407.8;0.324;404.1;0.330;0.0;0.000;60;0;0;1.081;1.089;0.928;79;105;95;50.00;50.00;50.00;3902;1000;0.0;0;1.0000;0;0
600;2015-05-05 09:10:00;172602N232;277;0.947;32;221;220;222;220;1.093;50.00;411.9;0.321;407.2;0.324;0.0;0.000;60;0;0;1.129;1.223;0.929;82;99;95;50.00;50.00;50.00;3902;1000;0.0;0;1.0000;0;0
600;2015-05-05 09:20:00;172602N232;171;0.976;32;221;220;222;219;0.923;50.00;400.3;0.195;394.3;0.200;0.0;0.000;60;0;0;0.887;1.179;0.703;32;65;73;50.00;50.00;50.00;3902;1000;0.0;0;1.0000;0;0
600;2015-05-05 09:30:00;172602N232;198;1.010;32;220;220;221;219;1.033;50.01;401.4;0.227;396.5;0.233;0.0;0.000;60;0;0;1.198;1.110;0.793;40;77;78;50.01;50.01;50.01;3902;1000;0.0;0;1.0000;0;0
600;2015-05-05 09:40:00;172602N232;359;1.069;32;223;222;224;221;1.071;50.00;414.1;0.420;412.7;0.414;0.0;0.000;60;0;0;1.107;1.154;0.952;104;125;128;50.00;50.00;50.00;3902;1000;0.0;0;1.0000;0;0
600;2015-05-05 09:50:00;172602N232;488;1.151;32;225;225;227;224;0.967;50.00;423.7;0.562;416.1;0.572;0.0;0.000;60;0;0;0.942;1.031;0.928;145;175;165;50.00;50.00;50.00;3902;1000;0.0;0;1.0000;0;0
600;2015-05-05 10:00:00;172602N232;229;1.189;32;226;226;227;225;1.086;50.00;406.0;0.263;399.1;0.272;0.0;0.000;60;0;0;1.246;1.193;0.819;51;96;80;50.00;50.00;50.00;3902;1000;0.0;0;1.0000;0;0
600;2015-05-05 10:10:00;172602N232;264;1.234;32;226;226;227;225;1.103;50.00;408.3;0.303;400.9;0.313;0.0;0.000;60;0;0;1.160;1.238;0.911;74;89;99;50.00;50.00;50.00;3902;1000;0.0;0;1.0000;0;0
600;2015-05-05 10:20:00;172602N232;335;1.290;32;226;226;227;225;0.934;50.01;413.9;0.386;405.6;0.397;0.0;0.000;60;0;0;0.962;1.024;0.817;90;127;117;50.01;50.01;50.01;3902;1000;0.0;0;1.0000;0;0
600;2015-05-05 10:30:00;172602N232;225;1.327;33;225;225;226;225;0.998;50.02;403.6;0.258;395.9;0.268;0.0;0.000;60;0;0;1.037;1.178;0.779;49;90;84;50.02;50.02;50.02;3902;1000;0.0;0;1.0000;0;0
600;2015-05-05 10:40:00;172602N232;166;1.355;33;226;225;227;225;1.005;50.01;394.9;0.190;389.0;0.196;0.0;0.000;60;0;0;1.034;1.195;0.786;36;56;73;50.01;50.01;50.01;3902;1000;0.0;0;1.0000;0;0
600;2015-05-05 10:50:00;172602N232;101;1.372;33;225;225;226;224;0.930;49.99;383.4;0.114;381.1;0.117;0.0;0.000;60;0;0;0.976;1.069;0.745;10;29;61;49.99;49.99;49.99;3902;1000;0.0;0;1.0000;0;0
600;2015-05-05 11:00:00;172602N232;207;1.407;33;225;225;225;225;0.997;49.99;404.2;0.237;396.4;0.245;0.0;0.000;60;0;0;1.137;0.997;0.859;48;84;74;49.99;49.99;49.99;3902;1000;0.0;0;1.0000;0;0
600;2015-05-05 11:10:00;172602N232;230;1.445;32;225;225;226;225;1.040;50.00;396.7;0.269;395.8;0.274;0.0;0.000;60;0;0;1.122;1.078;0.922;61;92;75;50.00;50.00;50.00;3902;1000;0.0;0;1.0000;0;0
600;2015-05-05 11:20:00;172602N232;157;1.472;32;226;226;226;225;0.920;50.00;390.3;0.178;385.0;0.184;0.0;0.000;60;0;0;1.101;0.932;0.729;26;73;57;50.00;50.00;50.00;3902;1000;0.0;0;1.0000;0;0
600;2015-05-05 11:30:00;172602N232;282;1.519;32;226;226;227;225;1.108;50.01;410.0;0.327;402.8;0.335;0.0;0.000;60;0;0;1.198;1.195;0.933;70;110;101;50.01;50.01;50.01;3902;1000;0.0;0;1.0000;0;0
600;2015-05-05 11:40:00;172602N232;316;1.571;32;225;225;227;224;1.147;49.97;411.5;0.368;406.1;0.374;0.0;0.000;60;0;0;1.227;1.243;0.971;94;109;111;49.97;49.97;49.97;3902;1000;0.0;0;1.0000;0;0
600;2015-05-05 11:50:00;172602N232;514;1.658;32;223;223;225;221;1.113;49.99;417.7;0.601;417.1;0.604;0.0;0.000;60;0;0;1.101;1.171;1.068;153;180;179;49.99;49.99;49.99;3902;1000;0.0;0;1.0000;0;0
600;2015-05-05 12:00:00;172602N232;502;1.741;32;223;223;225;222;0.996;50.01;418.7;0.585;418.0;0.585;0.0;0.000;60;0;0;1.011;1.062;0.916;153;179;169;50.01;50.01;50.01;3902;1000;0.0;0;1.0000;0;0
600;2015-05-05 12:10:00;172602N232;463;1.819;33;223;222;225;222;0.961;49.99;415.7;0.537;411.2;0.549;0.0;0.000;60;0;0;0.915;1.095;0.875;139;164;159;49.99;49.99;49.99;3902;1000;0.0;0;1.0000;0;0
600;2015-05-05 12:20:00;172602N232;881;1.966;33;223;222;226;222;1.354;49.99;430.8;1.015;424.6;1.032;0.0;0.000;60;0;0;1.299;1.400;1.364;278;307;293;49.99;49.99;49.99;3902;1000;0.0;0;1.0000;0;0
600;2015-05-05 12:30:00;172602N232;1473;2.211;33;224;223;227;223;2.225;50.02;433.4;1.700;425.8;1.733;0.0;0.000;60;0;0;2.165;2.284;2.228;474;509;488;50.02;50.02;50.02;3902;1000;0.0;0;1.0000;0;0
600;2015-05-05 12:40:00;172602N232;1238;2.417;33;224;224;225;223;1.867;50.02;424.3;1.456;419.1;1.473;0.0;0.000;60;0;0;1.814;1.909;1.880;398;424;413;50.02;50.02;50.02;3902;1000;0.0;0;1.0000;0;0
600;2015-05-05 12:50:00;172602N232;1564;2.677;34;224;223;226;224;2.355;50.00;426.6;1.849;422.2;1.851;0.0;0.000;60;0;0;2.300;2.398;2.368;506;533;521;50.00;50.00;50.00;3902;1000;0.0;0;1.0000;0;0
600;2015-05-05 13:00:00;172602N232;3447;3.254;34;225;224;228;223;5.104;50.01;420.6;4.136;417.8;4.154;0.0;0.000;60;0;0;5.032;5.208;5.073;1127;1191;1128;50.01;50.01;50.01;3902;1000;0.0;0;1.0000;0;0
600;2015-05-05 13:10:00;172602N232;2175;3.616;36;223;223;226;221;3.261;50.01;411.2;2.678;402.4;2.722;0.0;0.000;60;0;0;3.203;3.342;3.240;710;752;712;50.01;50.01;50.01;3902;1000;0.0;0;1.0000;0;0
600;2015-05-05 13:20:00;172602N232;2486;4.030;36;224;223;227;222;3.708;50.00;416.2;3.019;406.4;3.081;0.0;0.000;60;0;0;3.653;3.787;3.686;813;857;815;50.00;50.00;50.00;3902;1000;0.0;0;1.0000;0;0
600;2015-05-05 13:30:00;172602N232;688;4.145;36;223;221;224;222;1.067;50.00;402.3;0.846;395.5;0.858;0.0;0.000;60;0;0;1.006;1.110;1.087;213;240;233;50.00;50.00;50.00;3902;1000;0.0;0;1.0000;0;0
600;2015-05-05 13:40:00;172602N232;2743;4.602;36;224;223;227;223;4.081;49.96;416.3;3.355;410.2;3.361;0.0;0.000;60;0;0;4.004;4.177;4.064;890;948;902;49.96;49.96;49.96;3902;1000;0.0;0;1.0000;0;0
600;2015-05-05 13:50:00;172602N232;1868;4.914;37;223;223;225;222;2.807;49.97;411.6;2.290;400.6;2.346;0.0;0.000;60;0;0;2.750;2.866;2.807;607;642;618;49.97;49.97;49.97;3902;1000;0.0;0;1.0000;0;0
600;2015-05-05 14:00:00;172602N232;870;5.059;37;222;222;225;221;1.482;49.98;405.3;1.044;396.2;1.094;0.0;0.000;60;0;0;1.442;1.544;1.460;276;302;290;49.98;49.98;49.98;3902;1000;0.0;0;1.0000;0;0
600;2015-05-05 14:10:00;172602N232;325;5.114;37;222;222;224;221;1.112;49.99;394.6;0.394;389.5;0.403;0.0;0.000;60;0;0;1.162;1.187;0.987;97;112;113;49.99;49.99;49.99;3902;1000;0.0;0;1.0000;0;0
600;2015-05-05 14:20:00;172602N232;286;5.162;37;222;222;224;221;1.044;50.01;393.8;0.337;387.5;0.348;0.0;0.000;60;0;0;1.016;1.250;0.868;83;93;108;50.01;50.01;50.01;3902;1000;0.0;0;1.0000;0;0
600;2015-05-05 14:30:00;172602N232;636;5.268;37;223;222;225;222;1.000;50.00;410.5;0.757;409.1;0.774;0.0;0.000;60;0;0;0.945;1.042;1.015;198;223;214;50.00;50.00;50.00;3902;1000;0.0;0;1.0000;0;0
600;2015-05-05 14:40:00;172602N232;672;5.380;37;223;222;224;223;1.044;50.00;413.7;0.810;419.3;0.783;0.0;0.000;60;0;0;0.985;1.081;1.066;209;234;228;50.00;50.00;50.00;3902;1000;0.0;0;1.0000;0;0
600;2015-05-05 14:50:00;172602N232;525;5.468;37;223;222;225;223;0.915;49.99;410.0;0.628;408.4;0.631;0.0;0.000;60;0;0;0.847;0.976;0.922;160;183;180;49.99;49.99;49.99;3902;1000;0.0;0;1.0000;0;0
600;2015-05-05 15:00:00;172602N232;535;5.557;36;225;224;227;224;1.208;50.00;401.3;0.640;402.2;0.649;0.0;0.000;60;0;0;1.172;1.350;1.104;167;186;180;50.00;50.00;50.00;3902;1000;0.0;0;1.0000;0;0
600;2015-05-05 15:10:00;172602N232;775;5.686;36;225;224;228;224;1.186;50.00;412.0;0.920;413.0;0.943;0.0;0.000;60;0;0;1.125;1.229;1.205;242;270;261;50.00;50.00;50.00;3902;1000;0.0;0;1.0000;0;0
600;2015-05-05 15:20:00;172602N232;350;5.745;36;225;224;226;224;0.881;49.99;404.7;0.412;401.2;0.422;0.0;0.000;60;0;0;0.817;1.019;0.808;100;123;124;49.99;49.99;49.99;3902;1000;0.0;0;1.0000;0;0
600;2015-05-05 15:30:00;172602N232;49;5.753;36;224;224;226;224;0.662;50.00;331.4;0.051;340.6;0.057;0.0;0.000;60;0;0;0.657;0.850;0.479;13;4;35;50.00;50.00;50.00;3902;1000;0.0;0;1.0000;0;0
600;2015-05-05 15:40:00;172602N232;45;5.760;36;223;223;224;223;0.662;49.99;332.3;0.044;338.5;0.051;0.0;0.000;60;0;0;0.721;0.786;0.481;5;7;34;49.99;49.99;49.99;3902;1000;0.0;0;1.0000;0;0
600;2015-05-05 15:50:00;172602N232;165;5.788;35;223;223;224;222;0.981;50.00;377.5;0.196;380.8;0.204;0.0;0.000;60;0;0;0.961;1.201;0.781;40;48;75;50.00;50.00;50.00;3902;1000;0.0;0;1.0000;0;0
600;2015-05-05 16:00:00;172602N232;787;5.919;35;223;223;226;222;1.275;50.01;413.5;0.938;415.1;0.947;0.0;0.000;60;0;0;1.218;1.328;1.281;247;275;262;50.01;50.01;50.01;3902;1000;0.0;0;1.0000;0;0
600;2015-05-05 16:10:00;172602N232;1349;6.144;35;224;224;227;223;2.026;50.00;416.6;1.605;417.1;1.636;0.0;0.000;60;0;0;1.968;2.080;2.031;434;466;447;50.00;50.00;50.00;3902;1000;0.0;0;1.0000;0;0
600;2015-05-05 16:20:00;172602N232;1590;6.409;35;225;223;228;223;2.390;49.99;414.2;1.902;417.5;1.936;0.0;0.000;60;0;0;2.323;2.459;2.388;511;552;525;49.99;49.99;49.99;3902;1000;0.0;0;1.0000;0;0
600;2015-05-05 16:30:00;172602N232;871;6.554;36;223;222;225;221;1.417;50.00;412.2;1.043;413.5;1.043;0.0;0.000;60;0;0;1.388;1.458;1.406;277;303;289;50.00;50.00;50.00;3902;1000;0.0;0;1.0000;0;0
600;2015-05-05 16:40:00;172602N232;606;6.656;36;223;223;225;222;1.161;50.01;401.7;0.746;405.0;0.731;0.0;0.000;60;0;0;1.124;1.235;1.124;187;208;209;50.01;50.01;50.01;3902;1000;0.0;0;1.0000;0;0
600;2015-05-05 16:50:00;172602N232;687;6.771;36;223;223;225;222;1.372;50.01;406.4;0.825;406.0;0.823;0.0;0.000;60;0;0;1.348;1.463;1.306;215;237;233;50.01;50.01;50.01;3902;1000;0.0;0;1.0000;0;0
600;2015-05-05 17:00:00;172602N232;486;6.852;36;221;221;224;220;0.944;50.01;400.9;0.594;400.0;0.597;0.0;0.000;60;0;0;0.894;1.009;0.931;152;168;163;50.01;50.01;50.01;3902;1000;0.0;0;1.0000;0;0
600;2015-05-05 17:10:00;172602N232;328;6.906;36;221;221;221;220;1.003;50.01;394.0;0.398;391.2;0.409;0.0;0.000;60;0;0;1.010;1.034;0.966;93;121;112;50.01;50.01;50.01;3902;1000;0.0;0;1.0000;0;0
600;2015-05-05 17:20:00;172602N232;671;7.018;36;221;222;222;220;1.316;49.99;397.0;0.820;402.4;0.836;0.0;0.000;60;0;0;1.333;1.324;1.293;212;230;227;49.99;49.99;49.99;3902;1000;0.0;0;1.0000;0;0
600;2015-05-05 17:30:00;172602N232;379;7.082;36;221;222;224;217;1.171;49.99;395.1;0.464;394.9;0.470;0.0;0.000;60;0;0;1.224;1.214;1.076;99;138;140;49.99;49.99;49.99;3902;1000;0.0;0;1.0000;0;0
600;2015-05-05 17:40:00;172602N232;247;7.123;36;222;221;224;220;1.063;50.02;384.7;0.300;388.5;0.306;0.0;0.000;60;0;0;1.143;1.211;0.835;79;75;90;50.02;50.02;50.02;3902;1000;0.0;0;1.0000;0;0
600;2015-05-05 17:50:00;172602N232;736;7.246;36;223;223;226;220;1.219;50.00;395.9;0.907;406.9;0.917;0.0;0.000;60;0;0;1.168;1.277;1.214;231;259;244;50.00;50.00;50.00;3902;1000;0.0;0;1.0000;0;0
600;2015-05-05 18:00:00;172602N232;983;7.410;36;222;221;227;220;1.551;49.99;402.1;1.201;409.3;1.220;0.0;0.000;60;0;0;1.462;1.643;1.549;306;349;326;49.99;49.99;49.99;3902;1000;0.0;0;1.0000;0;0
600;2015-05-05 18:10:00;172602N232;895;7.559;36;222;220;225;220;1.375;49.99;402.0;1.093;406.2;1.116;0.0;0.000;60;0;0;1.314;1.428;1.383;281;315;297;49.99;49.99;49.99;3902;1000;0.0;0;1.0000;0;0
600;2015-05-05 18:20:00;172602N232;771;7.688;36;223;223;225;220;1.355;49.99;396.2;0.950;405.0;0.964;0.0;0.000;60;0;0;1.504;1.273;1.288;258;255;256;49.99;49.99;49.99;3902;1000;0.0;0;1.0000;0;0
600;2015-05-05 18:30:00;172602N232;598;7.788;36;223;223;226;222;0.950;49.99;400.5;0.729;401.6;0.744;0.0;0.000;60;0;0;0.908;0.995;0.949;185;211;199;49.99;49.99;49.99;3902;1000;0.0;0;1.0000;0;0
600;2015-05-05 18:40:00;172602N232;489;7.869;36;223;224;224;222;0.885;50.03;399.9;0.596;400.4;0.607;0.0;0.000;60;0;0;0.862;0.922;0.871;153;173;161;50.03;50.03;50.03;3902;1000;0.0;0;1.0000;0;0
600;2015-05-05 18:50:00;172602N232;247;7.910;36;223;224;226;220;1.049;50.00;390.3;0.298;389.3;0.304;0.0;0.000;60;0;0;1.129;1.204;0.814;54;91;100;50.00;50.00;50.00;3902;1000;0.0;0;1.0000;0;0
600;2015-05-05 19:00:00;172602N232;83;7.925;36;223;224;225;221;0.843;49.98;357.2;0.094;363.4;0.097;0.0;0.000;60;0;0;0.978;0.885;0.666;8;30;56;49.98;49.98;49.98;3902;1000;0.0;0;1.0000;0;0
600;2015-05-05 19:10:00;172602N232;62;7.936;36;224;224;225;222;0.811;49.98;351.6;0.067;359.2;0.071;0.0;0.000;60;0;0;0.956;0.844;0.635;3;22;47;49.98;49.98;49.98;3902;1000;0.0;0;1.0000;0;0
600;2015-05-05 19:20:00;172602N232;106;7.953;35;222;222;224;221;0.836;49.99;367.3;0.122;373.8;0.126;0.0;0.000;60;0;0;0.792;1.058;0.659;21;26;59;49.99;49.99;49.99;3902;1000;0.0;0;1.0000;0;0
600;2015-05-05 19:30:00;172602N232;74;7.966;35;223;225;224;221;0.778;49.98;363.2;0.081;366.9;0.084;0.0;0.000;60;0;0;1.093;0.656;0.587;2;41;46;49.98;49.98;49.98;3902;1000;0.0;0;1.0000;0;0
600;2015-05-05 19:40:00;172602N232;17;7.969;35;221;222;221;221;0.346;50.00;288.5;0.008;283.4;0.015;0.0;0.000;60;0;0;0.432;0.301;0.306;0;17;14;50.00;50.00;50.00;3902;1000;0.0;0;1.0000;0;0
600;2015-05-05 19:50:00;172602N232;15;7.971;34;221;223;220;221;0.334;49.98;277.9;0.008;284.7;0.011;0.0;0.000;60;0;0;0.438;0.272;0.292;0;17;13;49.98;49.98;49.98;3902;1000;0.0;0;1.0000;0;0
600;2015-05-05 20:00:00;172602N232;42;7.980;34;221;222;220;220;0.593;49.99;338.1;0.039;348.6;0.042;0.0;0.000;60;0;0;0.788;0.469;0.522;0;31;31;49.99;49.99;49.99;3902;1000;0.0;0;1.0000;0;0
600;2015-05-05 20:10:00;172602N232;5;7.981;34;221;222;222;220;0.111;49.98;259.9;0.003;262.5;0.003;0.0;0.000;60;0;0;0.141;0.105;0.088;0;4;5;49.98;49.98;49.98;3902;1000;0.0;0;1.0000;0;0
600;2015-05-05 20:20:00;172602N232;0;7.980;33;221;222;221;220;0.052;50.00;276.7;0.000;276.1;0.000;0.0;0.000;60;0;0;0.070;0.045;0.042;0;2;1;50.00;50.00;50.00;9166;1000;0.0;0;1.0000;0;0
600;2015-05-05 20:30:00;172602N232;0;7.980;32;221;222;222;219;0.004;50.01;254.1;0.000;254.3;0.000;0.0;0.000;50;0;0;0.014;0.000;0.000;0;0;0;50.01;50.01;50.01;10111;1000;0.0;0;1.0000;0;0
600;2015-05-05 20:40:00;172602N232;1;7.980;32;221;222;221;219;0.070;49.98;271.4;0.000;270.7;0.000;0.0;0.000;60;0;0;0.097;0.058;0.057;0;2;3;49.98;49.98;49.98;9196;1000;0.0;0;1.0000;0;0
600;2015-05-05 20:50:00;172602N232;0;7.979;32;221;222;221;219;0.010;49.96;242.8;0.000;243.2;0.000;0.0;0.000;50;0;0;0.031;0.000;0.000;0;0;0;49.96;49.96;49.96;9079;1000;0.0;0;1.0000;0;0
600;2015-05-05 21:00:00;172602N232;0;7.979;31;221;222;223;219;0.000;50.00;229.2;0.000;230.1;0.000;0.0;0.000;50;0;0;0.000;0.000;0.000;0;0;0;50.00;50.00;50.00;9079;1000;0.0;0;1.0000;0;0
[wr_ende]
