20160108;230004;172602N232;My Plant;+0100
[wr_def_start]
172602N232;Inverter Type;Inverter Group;72602N232      
[wr_def_end]
[wr]
INTERVAL;TIMESTAMP;SERIAL;P_AC;E_DAY;T_WR;U_AC;U_AC_1;U_AC_2;U_AC_3;I_AC;F_AC;U_DC_1;I_DC_1;U_DC_2;I_DC_2;U_DC_3;I_DC_3;S;E_WR;M_WR;I_AC_1;I_AC_2;I_AC_3;P_AC_1;P_AC_2;P_AC_3;F_AC_1;F_AC_2;F_AC_3;R_DC;PC;PCS;PCS_LL;COS_PHI;COS_PHI_LL;S_COS_PHI
600;2016-01-08 08:40:00;172602N232;0;0.000;0;2;2;2;2;0.000;0.55;2.4;0.000;2.4;0.000;0.0;0.000;50;0;0;0.000;0.000;0.000;0;0;0;0.55;0.55;0.55;7;1000;0.0;0;1.0000;0;0
600;2016-01-08 08:50:00;172602N232;0;0.000;19;225;224;228;221;0.000;49.98;227.5;0.000;228.4;0.000;0.0;0.000;50;0;0;0.000;0.000;0.000;0;0;0;49.98;49.98;49.98;0;1000;0.0;0;1.0000;0;0
600;2016-01-08 09:00:00;172602N232;0;0.000;20;225;226;228;222;0.000;49.99;228.2;0.000;229.1;0.000;0.0;0.000;50;0;0;0.000;0.000;0.000;0;0;0;49.99;49.99;49.99;0;1000;0.0;0;1.0000;0;0
600;2016-01-08 09:10:00;172602N232;0;0.000;20;225;226;227;221;0.000;50.00;227.3;0.000;228.2;0.000;0.0;0.000;50;0;0;0.000;0.000;0.000;0;0;0;50.00;50.00;50.00;0;1000;0.0;0;1.0000;0;0
600;2016-01-08 09:20:00;172602N232;0;0.000;20;225;226;227;220;0.000;50.01;228.1;0.000;229.0;0.000;0.0;0.000;50;0;0;0.000;0.000;0.000;0;0;0;50.01;50.01;50.01;0;1000;0.0;0;1.0000;0;0
600;2016-01-08 09:30:00;172602N232;0;0.000;21;225;226;228;220;0.000;50.01;229.5;0.000;230.4;0.000;0.0;0.000;50;0;0;0.000;0.000;0.000;0;0;0;50.01;50.01;50.01;0;1000;0.0;0;1.0000;0;0
600;2016-01-08 09:40:00;172602N232;0;0.000;21;224;226;227;221;0.000;50.03;227.6;0.000;228.5;0.000;0.0;0.000;50;0;0;0.000;0.000;0.000;0;0;0;50.03;50.03;50.03;0;1000;0.0;0;1.0000;0;0
600;2016-01-08 09:50:00;172602N232;0;0.000;21;225;226;228;221;0.000;50.04;228.0;0.000;228.9;0.000;0.0;0.000;50;0;0;0.000;0.000;0.000;0;0;0;50.04;50.04;50.04;0;1000;0.0;0;1.0000;0;0
600;2016-01-08 10:00:00;172602N232;0;0.000;21;224;225;228;220;0.000;50.02;227.2;0.000;228.0;0.000;0.0;0.000;50;0;0;0.000;0.000;0.000;0;0;0;50.02;50.02;50.02;0;1000;0.0;0;1.0000;0;0
600;2016-01-08 10:10:00;172602N232;0;0.000;21;224;224;228;220;0.000;50.01;229.2;0.000;230.1;0.000;0.0;0.000;50;0;0;0.000;0.000;0.000;0;0;0;50.01;50.01;50.01;0;1000;0.0;0;1.0000;0;0
600;2016-01-08 10:20:00;172602N232;0;0.000;21;224;224;228;221;0.000;50.01;228.4;0.000;229.3;0.000;0.0;0.000;50;0;0;0.000;0.000;0.000;0;0;0;50.01;50.01;50.01;0;1000;0.0;0;1.0000;0;0
600;2016-01-08 10:30:00;172602N232;0;0.000;21;224;224;228;221;0.000;49.98;229.1;0.000;229.9;0.000;0.0;0.000;50;0;0;0.000;0.000;0.000;0;0;0;49.98;49.98;49.98;0;1000;0.0;0;1.0000;0;0
600;2016-01-08 10:40:00;172602N232;0;0.000;22;225;225;228;222;0.000;49.99;230.1;0.000;231.0;0.000;0.0;0.000;50;0;0;0.000;0.000;0.000;0;0;0;49.99;49.99;49.99;0;1000;0.0;0;1.0000;0;0
600;2016-01-08 10:50:00;172602N232;0;0.000;22;224;225;227;221;0.000;49.99;231.0;0.000;231.9;0.000;0.0;0.000;50;0;0;0.000;0.000;0.000;0;0;0;49.99;49.99;49.99;0;1000;0.0;0;1.0000;0;0
600;2016-01-08 11:00:00;172602N232;0;0.000;22;225;226;227;221;0.000;49.99;230.5;0.000;231.4;0.000;0.0;0.000;50;0;0;0.000;0.000;0.000;0;0;0;49.99;49.99;49.99;0;1000;0.0;0;1.0000;0;0
600;2016-01-08 11:10:00;172602N232;0;0.000;22;225;226;228;221;0.000;50.00;227.9;0.000;228.8;0.000;0.0;0.000;50;0;0;0.000;0.000;0.000;0;0;0;50.00;50.00;50.00;0;1000;0.0;0;1.0000;0;0
600;2016-01-08 11:20:00;172602N232;0;0.000;22;225;226;229;221;0.000;50.02;225.6;0.000;226.5;0.000;0.0;0.000;50;0;0;0.000;0.000;0.000;0;0;0;50.02;50.02;50.02;0;1000;0.0;0;1.0000;0;0
600;2016-01-08 11:30:00;172602N232;0;0.000;22;224;225;228;220;0.000;50.01;230.0;0.000;230.8;0.000;0.0;0.000;50;0;0;0.000;0.000;0.000;0;0;0;50.01;50.01;50.01;0;1000;0.0;0;1.0000;0;0
600;2016-01-08 11:40:00;172602N232;0;0.000;22;223;225;227;219;0.000;50.03;232.0;0.000;232.8;0.000;0.0;0.000;50;0;0;0.000;0.000;0.000;0;0;0;50.03;50.03;50.03;0;1000;0.0;0;1.0000;0;0
600;2016-01-08 11:50:00;172602N232;0;0.000;22;224;225;228;220;0.000;50.02;231.7;0.000;232.5;0.000;0.0;0.000;50;0;0;0.000;0.000;0.000;0;0;0;50.02;50.02;50.02;0;1000;0.0;0;1.0000;0;0
600;2016-01-08 12:00:00;172602N232;0;0.000;22;224;225;227;220;0.000;50.00;233.9;0.000;234.8;0.000;0.0;0.000;50;0;0;0.000;0.000;0.000;0;0;0;50.00;50.00;50.00;0;1000;0.0;0;1.0000;0;0
600;2016-01-08 12:10:00;172602N232;0;0.000;22;224;226;228;220;0.000;50.00;229.1;0.000;230.0;0.000;0.0;0.000;50;0;0;0.000;0.000;0.000;0;0;0;50.00;50.00;50.00;0;1000;0.0;0;1.0000;0;0
600;2016-01-08 12:20:00;172602N232;0;0.000;22;224;225;227;220;0.000;50.01;236.3;0.000;237.2;0.000;0.0;0.000;50;0;0;0.000;0.000;0.000;0;0;0;50.01;50.01;50.01;0;1000;0.0;0;1.0000;0;0
600;2016-01-08 12:30:00;172602N232;0;0.000;22;225;226;229;219;0.000;49.99;233.6;0.000;234.5;0.000;0.0;0.000;50;0;0;0.000;0.000;0.000;0;0;0;49.99;49.99;49.99;0;1000;0.0;0;1.0000;0;0
600;2016-01-08 12:40:00;172602N232;0;0.000;22;225;225;229;221;0.000;50.00;230.1;0.000;230.9;0.000;0.0;0.000;50;0;0;0.000;0.000;0.000;0;0;0;50.00;50.00;50.00;0;1000;0.0;0;1.0000;0;0
600;2016-01-08 12:50:00;172602N232;0;0.000;22;224;224;228;220;0.000;49.99;232.8;0.000;233.7;0.000;0.0;0.000;50;0;0;0.000;0.000;0.000;0;0;0;49.99;49.99;49.99;0;1000;0.0;0;1.0000;0;0
600;2016-01-08 13:00:00;172602N232;0;0.000;22;224;225;227;220;0.000;49.98;243.6;0.000;244.5;0.000;0.0;0.000;50;0;0;0.000;0.000;0.000;0;0;0;49.98;49.98;49.98;0;1000;0.0;0;1.0000;0;0
600;2016-01-08 13:10:00;172602N232;0;0.000;22;224;225;227;220;0.000;50.01;240.0;0.000;240.9;0.000;0.0;0.000;50;0;0;0.000;0.000;0.000;0;0;0;50.01;50.01;50.01;0;1000;0.0;0;1.0000;0;0
600;2016-01-08 13:20:00;172602N232;0;0.000;22;225;226;228;221;0.000;50.03;241.5;0.000;242.4;0.000;0.0;0.000;50;0;0;0.000;0.000;0.000;0;0;0;50.03;50.03;50.03;0;1000;0.0;0;1.0000;0;0
600;2016-01-08 13:30:00;172602N232;0;0.000;22;225;226;228;221;0.000;50.02;232.4;0.000;233.2;0.000;0.0;0.000;50;0;0;0.000;0.000;0.000;0;0;0;50.02;50.02;50.02;0;1000;0.0;0;1.0000;0;0
600;2016-01-08 13:40:00;172602N232;0;0.000;22;225;226;228;222;0.000;50.01;230.9;0.000;231.8;0.000;0.0;0.000;50;0;0;0.000;0.000;0.000;0;0;0;50.01;50.01;50.01;0;1000;0.0;0;1.0000;0;0
600;2016-01-08 13:50:00;172602N232;0;0.000;22;225;226;228;221;0.000;50.01;232.4;0.000;233.3;0.000;0.0;0.000;50;0;0;0.000;0.000;0.000;0;0;0;50.01;50.01;50.01;0;1000;0.0;0;1.0000;0;0
600;2016-01-08 14:00:00;172602N232;0;0.000;22;225;226;228;220;0.000;50.00;230.8;0.000;231.7;0.000;0.0;0.000;50;0;0;0.000;0.000;0.000;0;0;0;50.00;50.00;50.00;0;1000;0.0;0;1.0000;0;0
600;2016-01-08 14:10:00;172602N232;0;0.000;22;225;226;229;221;0.000;50.00;228.3;0.000;229.1;0.000;0.0;0.000;50;0;0;0.000;0.000;0.000;0;0;0;50.00;50.00;50.00;0;1000;0.0;0;1.0000;0;0
600;2016-01-08 14:20:00;172602N232;0;0.000;22;225;226;228;222;0.000;50.01;230.1;0.000;231.0;0.000;0.0;0.000;50;0;0;0.000;0.000;0.000;0;0;0;50.01;50.01;50.01;0;1000;0.0;0;1.0000;0;0
600;2016-01-08 14:30:00;172602N232;0;0.000;22;226;226;229;222;0.000;49.99;227.5;0.000;228.3;0.000;0.0;0.000;50;0;0;0.000;0.000;0.000;0;0;0;49.99;49.99;49.99;0;1000;0.0;0;1.0000;0;0
600;2016-01-08 14:40:00;172602N232;0;0.000;22;225;226;228;222;0.000;50.00;227.7;0.000;228.5;0.000;0.0;0.000;50;0;0;0.000;0.000;0.000;0;0;0;50.00;50.00;50.00;0;1000;0.0;0;1.0000;0;0
600;2016-01-08 14:50:00;172602N232;0;0.000;22;226;227;228;222;0.000;50.01;226.7;0.000;227.6;0.000;0.0;0.000;50;0;0;0.000;0.000;0.000;0;0;0;50.01;50.01;50.01;0;1000;0.0;0;1.0000;0;0
600;2016-01-08 15:00:00;172602N232;0;0.000;22;225;227;228;221;0.000;49.99;226.4;0.000;227.3;0.000;0.0;0.000;50;0;0;0.000;0.000;0.000;0;0;0;49.99;49.99;49.99;0;1000;0.0;0;1.0000;0;0
600;2016-01-08 15:10:00;172602N232;0;0.000;22;225;226;227;222;0.000;49.99;232.2;0.000;233.1;0.000;0.0;0.000;50;0;0;0.000;0.000;0.000;0;0;0;49.99;49.99;49.99;0;1000;0.0;0;1.0000;0;0
[wr_ende]
