20140307;230000;172602N232;My Plant;+0100
[wr_def_start]
172602N232;Inverter Type;Inverter Group;72602N232      
[wr_def_end]
[wr]
INTERVAL;TIMESTAMP;SERIAL;P_AC;E_DAY;T_WR;U_AC;U_AC_1;U_AC_2;U_AC_3;I_AC;F_AC;U_DC_1;I_DC_1;U_DC_2;I_DC_2;U_DC_3;I_DC_3;S;E_WR;M_WR;I_AC_1;I_AC_2;I_AC_3;P_AC_1;P_AC_2;P_AC_3;F_AC_1;F_AC_2;F_AC_3;R_DC;PC;PCS;PCS_LL;COS_PHI;COS_PHI_LL;S_COS_PHI
600;2014-03-07 06:30:00;172602N232;0;0.000;0;3;3;3;3;0.000;0.76;3.3;0.000;3.3;0.000;0.0;0.000;50;0;0;0.000;0.000;0.000;0;0;0;0.75;0.75;0.75;10;1000;0.0;0;1.0000;0;0
600;2014-03-07 06:40:00;172602N232;0;0.000;18;220;220;223;218;0.000;49.98;230.3;0.000;231.2;0.000;0.0;0.000;50;0;0;0.000;0.000;0.000;0;0;0;49.98;49.98;49.98;0;1000;0.0;0;1.0000;0;0
600;2014-03-07 06:50:00;172602N232;0;0.000;19;221;221;224;220;0.022;50.04;265.5;0.000;265.7;0.000;0.0;0.000;60;0;0;0.023;0.028;0.015;0;0;0;50.04;50.04;50.04;2346;1000;0.0;0;1.0000;0;0
600;2014-03-07 07:00:00;172602N232;21;0.002;19;223;223;224;223;0.406;50.00;307.2;0.013;316.0;0.017;0.0;0.000;60;0;0;0.459;0.463;0.297;2;7;16;50.00;50.00;50.00;6643;1000;0.0;0;1.0000;0;0
600;2014-03-07 07:10:00;172602N232;65;0.014;20;222;222;222;221;0.771;49.99;379.1;0.065;386.0;0.068;0.0;0.000;60;0;0;1.006;0.703;0.606;2;34;36;49.99;49.99;49.99;6643;1000;0.0;0;1.0000;0;0
600;2014-03-07 07:20:00;172602N232;127;0.035;20;222;222;222;222;0.873;49.98;403.1;0.138;403.3;0.140;0.0;0.000;60;0;0;0.937;0.889;0.794;23;54;48;49.98;49.98;49.98;6643;1000;0.0;0;1.0000;0;0
600;2014-03-07 07:30:00;172602N232;201;0.068;21;223;223;223;222;0.964;49.98;413.7;0.225;413.4;0.226;0.0;0.000;60;0;0;1.167;0.796;0.929;41;70;88;49.98;49.98;49.98;6643;1000;0.0;0;1.0000;0;0
600;2014-03-07 07:40:00;172602N232;240;0.109;21;222;222;223;221;1.072;49.98;417.6;0.271;415.3;0.273;0.0;0.000;60;0;0;1.131;1.183;0.903;48;98;93;49.98;49.98;49.98;6643;1000;0.0;0;1.0000;0;0
600;2014-03-07 07:50:00;172602N232;254;0.151;22;222;222;224;221;1.107;50.01;420.2;0.285;417.4;0.290;0.0;0.000;60;0;0;1.003;1.305;1.015;60;88;105;50.01;50.01;50.01;6643;1000;0.0;0;1.0000;0;0
600;2014-03-07 08:00:00;172602N232;276;0.198;22;222;222;224;222;1.132;49.99;424.0;0.308;419.4;0.314;0.0;0.000;60;0;0;1.131;1.272;0.994;81;91;102;49.99;49.99;49.99;6643;1000;0.0;0;1.0000;0;0
600;2014-03-07 08:10:00;172602N232;327;0.253;23;223;222;224;222;1.134;50.00;424.8;0.367;421.8;0.373;0.0;0.000;60;0;0;1.176;1.176;1.052;105;108;112;50.00;50.00;50.00;6643;1000;0.0;0;1.0000;0;0
600;2014-03-07 08:20:00;172602N232;346;0.311;24;222;222;223;220;1.070;50.00;424.6;0.391;421.3;0.397;0.0;0.000;60;0;0;1.112;1.106;0.994;100;131;113;50.00;50.00;50.00;6643;1000;0.0;0;1.0000;0;0
600;2014-03-07 08:30:00;172602N232;379;0.373;24;221;221;223;220;1.220;49.99;427.4;0.428;421.7;0.436;0.0;0.000;60;0;0;1.186;1.325;1.150;95;129;153;49.99;49.99;49.99;6643;1000;0.0;0;1.0000;0;0
600;2014-03-07 08:40:00;172602N232;380;0.437;25;222;221;223;221;1.192;49.99;428.4;0.427;422.8;0.437;0.0;0.000;60;0;0;1.149;1.296;1.132;103;129;146;49.99;49.99;49.99;6643;1000;0.0;0;1.0000;0;0
600;2014-03-07 08:50:00;172602N232;490;0.519;25;223;223;223;222;1.022;49.99;433.3;0.553;424.8;0.566;0.0;0.000;60;0;0;1.017;1.073;0.977;156;175;157;49.99;49.99;49.99;6643;1000;0.0;0;1.0000;0;0
600;2014-03-07 09:00:00;172602N232;734;0.642;25;223;223;225;222;1.133;50.00;436.3;0.833;428.7;0.849;0.0;0.000;60;0;0;1.081;1.171;1.148;232;254;246;50.00;50.00;50.00;6643;1000;0.0;0;1.0000;0;0
600;2014-03-07 09:10:00;172602N232;834;0.780;26;223;223;225;221;1.324;49.99;433.8;0.956;429.0;0.963;0.0;0.000;60;0;0;1.307;1.342;1.325;266;286;279;49.99;49.99;49.99;6643;1000;0.0;0;1.0000;0;0
600;2014-03-07 09:20:00;172602N232;870;0.926;27;223;223;224;222;1.358;50.00;432.9;1.001;427.8;1.008;0.0;0.000;60;0;0;1.328;1.384;1.363;279;298;291;50.00;50.00;50.00;6643;1000;0.0;0;1.0000;0;0
600;2014-03-07 09:30:00;172602N232;917;1.079;27;224;224;224;224;1.396;50.02;434.2;1.052;427.5;1.068;0.0;0.000;60;0;0;1.350;1.424;1.416;294;312;309;50.02;50.02;50.02;6643;1000;0.0;0;1.0000;0;0
600;2014-03-07 09:40:00;172602N232;970;1.240;28;224;224;226;223;1.468;50.02;433.7;1.113;426.7;1.136;0.0;0.000;60;0;0;1.423;1.507;1.475;311;335;322;50.02;50.02;50.02;6643;1000;0.0;0;1.0000;0;0
600;2014-03-07 09:50:00;172602N232;1124;1.428;28;224;224;226;223;1.718;49.98;433.9;1.294;426.8;1.317;0.0;0.000;60;0;0;1.686;1.752;1.717;365;385;372;49.98;49.98;49.98;6643;1000;0.0;0;1.0000;0;0
600;2014-03-07 10:00:00;172602N232;1196;1.627;28;223;223;225;223;1.832;49.98;433.3;1.379;426.9;1.403;0.0;0.000;60;0;0;1.801;1.864;1.832;391;407;396;49.98;49.98;49.98;6643;1000;0.0;0;1.0000;0;0
600;2014-03-07 10:10:00;172602N232;1301;1.845;29;224;223;225;223;2.008;50.01;433.0;1.502;426.1;1.531;0.0;0.000;60;0;0;1.964;2.042;2.018;420;445;434;50.01;50.01;50.01;6643;1000;0.0;0;1.0000;0;0
600;2014-03-07 10:20:00;172602N232;1762;2.138;29;225;224;226;224;2.629;49.99;430.8;2.059;426.8;2.069;0.0;0.000;60;0;0;2.574;2.675;2.640;572;600;587;49.99;49.99;49.99;6643;1000;0.0;0;1.0000;0;0
600;2014-03-07 10:30:00;172602N232;2236;2.509;30;226;225;227;225;3.314;50.00;426.0;2.654;425.4;2.637;0.0;0.000;60;0;0;3.253;3.378;3.313;729;764;741;50.00;50.00;50.00;6643;1000;0.0;0;1.0000;0;0
600;2014-03-07 10:40:00;172602N232;2506;2.929;30;226;225;228;224;3.713;50.00;418.7;3.028;420.2;2.996;0.0;0.000;60;0;0;3.644;3.787;3.709;816;860;829;50.00;50.00;50.00;6643;1000;0.0;0;1.0000;0;0
600;2014-03-07 10:50:00;172602N232;1974;3.258;30;225;224;227;223;2.943;49.97;420.7;2.366;419.1;2.364;0.0;0.000;60;0;0;2.879;3.004;2.946;641;677;654;49.97;49.97;49.97;6643;1000;0.0;0;1.0000;0;0
600;2014-03-07 11:00:00;172602N232;1885;3.571;31;224;223;227;223;2.818;49.97;420.3;2.262;418.8;2.255;0.0;0.000;60;0;0;2.753;2.883;2.820;610;649;624;49.97;49.97;49.97;6643;1000;0.0;0;1.0000;0;0
600;2014-03-07 11:10:00;172602N232;1795;3.871;31;224;224;226;224;2.681;50.00;423.5;2.135;420.8;2.138;0.0;0.000;60;0;0;2.623;2.728;2.692;583;611;599;50.00;50.00;50.00;6643;1000;0.0;0;1.0000;0;0
600;2014-03-07 11:20:00;172602N232;2662;4.314;32;226;225;228;225;3.945;50.00;421.8;3.198;421.0;3.180;0.0;0.000;60;0;0;3.879;4.011;3.945;866;911;882;50.00;50.00;50.00;6643;1000;0.0;0;1.0000;0;0
600;2014-03-07 11:30:00;172602N232;2201;4.682;32;225;225;227;224;3.271;50.00;420.5;2.643;416.9;2.654;0.0;0.000;60;0;0;3.209;3.336;3.269;717;754;729;50.00;50.00;50.00;6643;1000;0.0;0;1.0000;0;0
600;2014-03-07 11:40:00;172602N232;2405;5.083;32;226;225;229;225;3.554;50.01;419.8;2.892;418.6;2.889;0.0;0.000;60;0;0;3.481;3.633;3.548;781;827;794;50.01;50.01;50.01;6643;1000;0.0;0;1.0000;0;0
600;2014-03-07 11:50:00;172602N232;2004;5.418;33;227;226;229;226;2.958;49.98;420.4;2.403;417.8;2.409;0.0;0.000;60;0;0;2.886;3.022;2.968;647;687;667;49.98;49.98;49.98;6643;1000;0.0;0;1.0000;0;0
600;2014-03-07 12:00:00;172602N232;1391;5.650;33;226;225;228;226;2.061;50.00;428.8;1.619;418.8;1.670;0.0;0.000;60;0;0;1.997;2.111;2.077;446;478;465;50.00;50.00;50.00;6643;1000;0.0;0;1.0000;0;0
600;2014-03-07 12:10:00;172602N232;1511;5.902;33;226;225;228;225;2.258;50.00;430.0;1.756;422.2;1.799;0.0;0.000;60;0;0;2.202;2.308;2.265;487;519;503;50.00;50.00;50.00;6643;1000;0.0;0;1.0000;0;0
600;2014-03-07 12:20:00;172602N232;2060;6.246;33;227;226;229;225;3.039;49.99;425.1;2.449;422.0;2.451;0.0;0.000;60;0;0;2.970;3.107;3.041;668;708;682;49.99;49.99;49.99;6643;1000;0.0;0;1.0000;0;0
600;2014-03-07 12:30:00;172602N232;2163;6.605;33;227;225;229;225;3.190;50.01;421.3;2.592;418.6;2.591;0.0;0.000;60;0;0;3.110;3.268;3.194;698;747;716;50.01;50.01;50.01;6643;1000;0.0;0;1.0000;0;0
600;2014-03-07 12:40:00;172602N232;2192;6.972;34;226;225;227;225;3.252;50.01;421.5;2.629;420.5;2.619;0.0;0.000;60;0;0;3.191;3.311;3.254;715;747;728;50.01;50.01;50.01;6643;1000;0.0;0;1.0000;0;0
600;2014-03-07 12:50:00;172602N232;3053;7.481;34;227;226;228;225;4.497;50.01;413.2;3.744;414.0;3.716;0.0;0.000;60;0;0;4.441;4.558;4.494;1001;1039;1011;50.01;50.01;50.01;6643;1000;0.0;0;1.0000;0;0
600;2014-03-07 13:00:00;172602N232;2646;7.922;34;227;226;229;226;3.886;50.02;415.2;3.226;415.7;3.191;0.0;0.000;60;0;0;3.819;3.959;3.881;863;907;874;50.02;50.02;50.02;6643;1000;0.0;0;1.0000;0;0
600;2014-03-07 13:10:00;172602N232;3022;8.425;35;226;226;229;225;4.454;50.01;413.1;3.708;414.6;3.668;0.0;0.000;60;0;0;4.388;4.539;4.435;989;1038;994;50.01;50.01;50.01;6643;1000;0.0;0;1.0000;0;0
600;2014-03-07 13:20:00;172602N232;2240;8.799;35;224;224;227;223;3.339;49.99;418.4;2.709;415.1;2.711;0.0;0.000;60;0;0;3.285;3.408;3.326;732;770;737;49.99;49.99;49.99;6643;1000;0.0;0;1.0000;0;0
600;2014-03-07 13:30:00;172602N232;1149;8.991;35;223;223;223;223;1.763;50.00;428.9;1.324;416.4;1.393;0.0;0.000;60;0;0;1.730;1.780;1.781;373;388;386;50.00;50.00;50.00;6643;1000;0.0;0;1.0000;0;0
600;2014-03-07 13:40:00;172602N232;1140;9.181;36;223;223;223;223;1.750;50.01;415.1;1.358;419.8;1.373;0.0;0.000;60;0;0;1.717;1.764;1.769;371;384;383;50.01;50.01;50.01;6643;1000;0.0;0;1.0000;0;0
600;2014-03-07 13:50:00;172602N232;2288;9.563;36;223;223;224;223;3.435;49.99;427.0;2.713;424.3;2.705;0.0;0.000;60;0;0;3.384;3.480;3.443;749;776;761;49.99;49.99;49.99;6643;1000;0.0;0;1.0000;0;0
600;2014-03-07 14:00:00;172602N232;2623;9.999;36;223;223;224;223;3.940;49.99;419.8;3.168;420.8;3.127;0.0;0.000;60;0;0;3.893;3.979;3.949;863;884;873;49.99;49.99;49.99;6643;1000;0.0;0;1.0000;0;0
600;2014-03-07 14:10:00;172602N232;1805;10.301;36;222;222;222;223;2.729;49.98;420.6;2.169;418.3;2.161;0.0;0.000;60;0;0;2.688;2.749;2.751;592;606;607;49.98;49.98;49.98;6643;1000;0.0;0;1.0000;0;0
600;2014-03-07 14:20:00;172602N232;1485;10.550;36;222;222;223;222;2.260;49.98;429.0;1.733;420.8;1.771;0.0;0.000;60;0;0;2.214;2.288;2.278;482;504;497;49.98;49.98;49.98;6643;1000;0.0;0;1.0000;0;0
600;2014-03-07 14:30:00;172602N232;1271;10.761;36;223;221;225;222;1.938;49.97;427.9;1.480;419.5;1.518;0.0;0.000;60;0;0;1.876;1.992;1.948;406;438;424;49.97;49.97;49.97;6643;1000;0.0;0;1.0000;0;0
600;2014-03-07 14:40:00;172602N232;744;10.884;36;222;221;224;222;1.155;50.00;424.3;0.859;417.0;0.893;0.0;0.000;60;0;0;1.092;1.204;1.170;231;260;250;50.00;50.00;50.00;6643;1000;0.0;0;1.0000;0;0
600;2014-03-07 14:50:00;172602N232;843;11.026;35;224;223;226;224;1.291;50.01;427.2;0.970;421.8;1.002;0.0;0.000;60;0;0;1.231;1.335;1.307;265;293;283;50.01;50.01;50.01;6643;1000;0.0;0;1.0000;0;0
600;2014-03-07 15:00:00;172602N232;1238;11.233;35;225;224;227;224;1.900;49.98;435.1;1.423;431.1;1.431;0.0;0.000;60;0;0;1.846;1.942;1.914;395;427;414;49.98;49.98;49.98;6643;1000;0.0;0;1.0000;0;0
600;2014-03-07 15:10:00;172602N232;1336;11.455;35;225;224;228;223;2.002;49.98;434.5;1.531;428.6;1.557;0.0;0.000;60;0;0;1.939;2.064;2.005;428;464;442;49.98;49.98;49.98;6643;1000;0.0;0;1.0000;0;0
600;2014-03-07 15:20:00;172602N232;563;11.548;35;224;223;226;223;1.020;49.97;421.5;0.649;413.4;0.675;0.0;0.000;60;0;0;0.992;1.061;1.009;174;197;190;49.97;49.97;49.97;6643;1000;0.0;0;1.0000;0;0
600;2014-03-07 15:30:00;172602N232;233;11.588;35;224;224;226;223;1.047;49.97;405.1;0.266;399.4;0.277;0.0;0.000;60;0;0;1.012;1.262;0.869;63;75;93;49.97;49.97;49.97;6643;1000;0.0;0;1.0000;0;0
600;2014-03-07 15:40:00;172602N232;117;11.608;34;224;224;225;223;0.907;50.00;389.8;0.129;385.7;0.136;0.0;0.000;60;0;0;1.056;0.912;0.753;9;41;65;50.00;50.00;50.00;6643;1000;0.0;0;1.0000;0;0
600;2014-03-07 15:50:00;172602N232;173;11.637;34;224;223;224;225;0.909;50.01;401.7;0.194;396.6;0.203;0.0;0.000;60;0;0;0.827;1.102;0.799;39;78;54;50.01;50.01;50.01;6643;1000;0.0;0;1.0000;0;0
600;2014-03-07 16:00:00;172602N232;124;11.657;33;223;223;223;224;0.919;50.01;394.1;0.136;391.8;0.143;0.0;0.000;60;0;0;0.936;0.954;0.867;24;51;49;50.01;50.01;50.01;6643;1000;0.0;0;1.0000;0;0
600;2014-03-07 16:10:00;172602N232;197;11.691;33;224;224;224;223;1.009;49.97;406.9;0.219;402.6;0.228;0.0;0.000;60;0;0;1.247;0.990;0.792;42;89;67;49.97;49.97;49.97;6643;1000;0.0;0;1.0000;0;0
600;2014-03-07 16:20:00;172602N232;42;11.697;33;223;225;223;223;0.608;49.98;345.0;0.037;358.6;0.041;0.0;0.000;60;0;0;0.837;0.497;0.490;0;33;32;49.98;49.98;49.98;6643;1000;0.0;0;1.0000;0;0
600;2014-03-07 16:30:00;172602N232;61;11.709;32;223;225;222;223;0.709;49.99;368.6;0.059;374.2;0.064;0.0;0.000;60;0;0;1.079;0.502;0.548;0;42;39;49.99;49.99;49.99;6643;1000;0.0;0;1.0000;0;0
600;2014-03-07 16:40:00;172602N232;112;11.727;32;223;225;223;222;0.978;49.99;393.6;0.121;392.3;0.126;0.0;0.000;60;0;0;1.468;0.729;0.737;0;70;54;49.99;49.99;49.99;6643;1000;0.0;0;1.0000;0;0
600;2014-03-07 16:50:00;172602N232;144;11.751;32;223;225;222;223;1.030;50.04;402.1;0.159;400.6;0.164;0.0;0.000;60;0;0;1.494;0.816;0.781;0;88;60;50.04;50.04;50.04;6643;1000;0.0;0;1.0000;0;0
600;2014-03-07 17:00:00;172602N232;127;11.773;31;222;223;222;221;1.023;50.00;393.8;0.141;398.0;0.145;0.0;0.000;60;0;0;1.474;0.851;0.744;1;74;58;50.00;50.00;50.00;6643;1000;0.0;0;1.0000;0;0
600;2014-03-07 17:10:00;172602N232;50;11.782;31;221;222;221;220;0.581;49.98;335.5;0.050;341.8;0.053;0.0;0.000;60;0;0;0.753;0.554;0.436;3;23;31;49.98;49.98;49.98;6643;1000;0.0;0;1.0000;0;0
600;2014-03-07 17:20:00;172602N232;0;11.782;30;220;221;221;218;0.006;49.99;258.5;0.000;258.5;0.000;0.0;0.000;50;0;0;0.020;0.000;0.000;0;0;0;49.99;49.99;49.99;6643;1000;0.0;0;1.0000;0;0
600;2014-03-07 17:30:00;172602N232;0;11.782;28;220;220;222;218;0.000;49.99;229.9;0.000;230.8;0.000;0.0;0.000;50;0;0;0.000;0.000;0.000;0;0;0;49.99;49.99;49.99;6643;1000;0.0;0;1.0000;0;0
600;2014-03-07 17:40:00;172602N232;0;11.782;28;219;221;221;217;0.000;49.98;228.7;0.000;229.6;0.000;0.0;0.000;50;0;0;0.000;0.000;0.000;0;0;0;49.98;49.98;49.98;6643;1000;0.0;0;1.0000;0;0
600;2014-03-07 17:50:00;172602N232;0;11.782;27;221;222;222;218;0.000;50.04;231.7;0.000;232.6;0.000;0.0;0.000;50;0;0;0.000;0.000;0.000;0;0;0;50.04;50.04;50.04;6643;1000;0.0;0;1.0000;0;0
600;2014-03-07 18:00:00;172602N232;0;11.782;27;220;221;220;217;0.000;49.99;229.7;0.000;230.6;0.000;0.0;0.000;50;0;0;0.000;0.000;0.000;0;0;0;49.99;49.99;49.99;6643;1000;0.0;0;1.0000;0;0
600;2014-03-07 18:10:00;172602N232;0;11.782;27;219;220;221;217;0.000;49.98;228.7;0.000;229.6;0.000;0.0;0.000;50;0;0;0.000;0.000;0.000;0;0;0;49.98;49.98;49.98;6643;1000;0.0;0;1.0000;0;0
[wr_ende]
