20120822;230000;172602N232;My Plant;+0100
[wr_def_start]
172602N232;Inverter Type;Inverter Group;72602N232      
[wr_def_end]
[wr]
INTERVAL;TIMESTAMP;SERIAL;P_AC;E_DAY;T_WR;U_AC;U_AC_1;U_AC_2;U_AC_3;I_AC;F_AC;U_DC_1;I_DC_1;U_DC_2;I_DC_2;U_DC_3;I_DC_3;S;E_WR;M_WR;I_AC_1;I_AC_2;I_AC_3;P_AC_1;P_AC_2;P_AC_3;F_AC_1;F_AC_2;F_AC_3;R_DC;PC;PCS;PCS_LL;COS_PHI;COS_PHI_LL;S_COS_PHI
600;2012-08-22 06:00:00;172602N232;0;0.000;0;2;2;2;2;0.000;0.61;2.7;0.000;2.7;0.000;0.0;0.000;50;0;0;0.000;0.000;0.000;0;0;0;0.61;0.61;0.61;16;1000;0.0;0;1.0000;0;0
600;2012-08-22 06:10:00;172602N232;0;0.000;27;226;227;229;223;0.000;50.02;227.5;0.000;228.4;0.000;0.0;0.000;50;0;0;0.000;0.000;0.000;0;0;0;50.02;50.02;50.02;0;1000;0.0;0;1.0000;0;0
600;2012-08-22 06:20:00;172602N232;0;0.000;28;225;226;228;222;0.000;49.99;238.4;0.000;239.2;0.000;0.0;0.000;50;0;0;0.000;0.000;0.000;0;0;0;49.99;49.99;49.99;0;1000;0.0;0;1.0000;0;0
600;2012-08-22 06:30:00;172602N232;0;0.000;29;223;224;225;221;0.001;50.00;284.4;0.000;283.2;0.000;0.0;0.000;51;0;0;0.002;0.001;0.001;0;0;0;50.00;50.00;50.00;3125;1000;0.0;0;1.0000;0;0
600;2012-08-22 06:40:00;172602N232;0;0.000;29;222;223;224;221;0.006;50.00;275.5;0.000;274.4;0.000;0.0;0.000;60;0;0;0.008;0.005;0.005;0;0;0;50.00;50.00;50.00;4359;1000;0.0;0;1.0000;0;0
600;2012-08-22 06:50:00;172602N232;1;0.000;30;222;222;223;220;0.075;50.01;264.9;0.000;264.8;0.000;0.0;0.000;60;0;0;0.088;0.083;0.055;0;0;2;50.01;50.01;50.01;4519;1000;0.0;0;1.0000;0;0
600;2012-08-22 07:00:00;172602N232;58;0.009;30;221;221;222;220;0.688;50.02;350.8;0.063;356.4;0.061;0.0;0.000;60;0;0;0.785;0.764;0.517;12;15;34;50.02;50.02;50.02;4524;1000;0.0;0;1.0000;0;0
600;2012-08-22 07:10:00;172602N232;88;0.023;31;223;223;224;222;0.825;50.03;377.1;0.101;376.6;0.099;0.0;0.000;60;0;0;1.021;0.830;0.625;7;36;44;50.03;50.03;50.03;4524;1000;0.0;0;1.0000;0;0
600;2012-08-22 07:20:00;172602N232;172;0.053;31;224;226;225;223;1.192;50.01;397.4;0.204;394.1;0.202;0.0;0.000;60;0;0;1.758;0.969;0.851;20;86;73;50.01;50.01;50.01;4524;1000;0.0;0;1.0000;0;0
600;2012-08-22 07:30:00;172602N232;235;0.091;32;226;226;227;225;1.101;50.00;399.9;0.285;402.8;0.269;0.0;0.000;60;0;0;1.318;1.165;0.821;64;88;81;50.00;50.00;50.00;4524;1000;0.0;0;1.0000;0;0
600;2012-08-22 07:40:00;172602N232;411;0.161;32;225;226;226;224;1.066;49.99;417.4;0.502;417.2;0.458;0.0;0.000;60;0;0;1.091;1.115;0.992;118;146;144;49.99;49.99;49.99;4524;1000;0.0;0;1.0000;0;0
600;2012-08-22 07:50:00;172602N232;587;0.259;33;225;226;225;225;0.972;49.99;414.7;0.721;418.2;0.674;0.0;0.000;60;0;0;0.963;0.982;0.972;183;201;201;49.99;49.99;49.99;4524;1000;0.0;0;1.0000;0;0
600;2012-08-22 08:00:00;172602N232;579;0.355;34;225;227;224;226;1.129;50.01;420.6;0.699;416.2;0.671;0.0;0.000;60;0;0;1.188;1.129;1.070;186;199;193;50.01;50.01;50.01;4524;1000;0.0;0;1.0000;0;0
600;2012-08-22 08:10:00;172602N232;439;0.428;34;225;227;223;226;0.810;50.03;412.8;0.538;410.7;0.511;0.0;0.000;60;0;0;0.798;0.825;0.808;138;153;147;50.03;50.03;50.03;4524;1000;0.0;0;1.0000;0;0
600;2012-08-22 08:20:00;172602N232;300;0.479;35;227;228;226;227;1.188;49.99;406.3;0.364;403.6;0.351;0.0;0.000;60;0;0;1.377;1.077;1.112;77;125;96;49.99;49.99;49.99;4524;1000;0.0;0;1.0000;0;0
600;2012-08-22 08:30:00;172602N232;189;0.510;35;226;228;225;227;1.000;50.00;397.2;0.228;394.2;0.219;0.0;0.000;60;0;0;1.214;0.860;0.927;18;88;82;50.00;50.00;50.00;4524;1000;0.0;0;1.0000;0;0
600;2012-08-22 08:40:00;172602N232;313;0.563;35;226;228;225;227;1.206;49.99;407.6;0.380;404.5;0.366;0.0;0.000;60;0;0;1.393;1.107;1.120;77;139;96;49.99;49.99;49.99;4524;1000;0.0;0;1.0000;0;0
600;2012-08-22 08:50:00;172602N232;252;0.604;35;226;228;226;225;1.103;49.99;403.0;0.305;400.4;0.293;0.0;0.000;60;0;0;1.433;1.043;0.835;54;112;84;49.99;49.99;49.99;4524;1000;0.0;0;1.0000;0;0
600;2012-08-22 09:00:00;172602N232;288;0.653;35;226;228;227;225;1.169;50.00;396.6;0.354;402.7;0.341;0.0;0.000;60;0;0;1.411;1.103;0.994;77;107;102;50.00;50.00;50.00;4524;1000;0.0;0;1.0000;0;0
600;2012-08-22 09:10:00;172602N232;419;0.723;36;226;227;226;224;1.225;50.02;406.7;0.510;408.3;0.492;0.0;0.000;60;0;0;1.439;1.225;1.012;122;159;137;50.02;50.02;50.02;4524;1000;0.0;0;1.0000;0;0
600;2012-08-22 09:20:00;172602N232;691;0.839;36;226;227;225;225;1.254;49.99;415.8;0.839;415.6;0.813;0.0;0.000;60;0;0;1.286;1.232;1.245;227;230;232;49.99;49.99;49.99;4524;1000;0.0;0;1.0000;0;0
600;2012-08-22 09:30:00;172602N232;549;0.930;36;224;225;225;223;1.088;50.01;417.1;0.661;411.1;0.643;0.0;0.000;60;0;0;1.084;1.122;1.059;174;194;179;50.01;50.01;50.01;4524;1000;0.0;0;1.0000;0;0
600;2012-08-22 09:40:00;172602N232;300;0.981;36;224;225;225;223;1.163;50.01;403.0;0.372;402.6;0.347;0.0;0.000;60;0;0;1.364;1.116;1.010;89;115;93;50.01;50.01;50.01;4524;1000;0.0;0;1.0000;0;0
600;2012-08-22 09:50:00;172602N232;741;1.104;36;224;225;224;223;1.326;50.02;417.8;0.912;420.4;0.838;0.0;0.000;60;0;0;1.334;1.341;1.304;237;256;247;50.02;50.02;50.02;4524;1000;0.0;0;1.0000;0;0
600;2012-08-22 10:00:00;172602N232;399;1.171;36;223;224;224;222;1.187;50.01;408.4;0.486;406.4;0.468;0.0;0.000;60;0;0;1.263;1.171;1.128;119;143;135;50.01;50.01;50.01;4524;1000;0.0;0;1.0000;0;0
600;2012-08-22 10:10:00;172602N232;899;1.321;36;224;224;225;223;1.427;50.01;422.5;1.066;418.0;1.065;0.0;0.000;60;0;0;1.402;1.454;1.427;286;309;301;50.01;50.01;50.01;4524;1000;0.0;0;1.0000;0;0
600;2012-08-22 10:20:00;172602N232;859;1.464;36;224;224;224;223;1.343;50.00;426.8;1.013;416.6;1.015;0.0;0.000;60;0;0;1.299;1.374;1.357;274;293;289;50.00;50.00;50.00;4524;1000;0.0;0;1.0000;0;0
600;2012-08-22 10:30:00;172602N232;874;1.610;37;223;223;222;224;1.360;50.00;424.1;1.045;417.4;1.024;0.0;0.000;60;0;0;1.292;1.382;1.408;277;295;300;50.00;50.00;50.00;4524;1000;0.0;0;1.0000;0;0
600;2012-08-22 10:40:00;172602N232;754;1.736;37;223;223;223;224;1.207;50.00;415.9;0.935;416.6;0.868;0.0;0.000;60;0;0;1.184;1.215;1.222;241;255;257;50.00;50.00;50.00;4524;1000;0.0;0;1.0000;0;0
600;2012-08-22 10:50:00;172602N232;765;1.863;37;223;223;222;223;1.210;50.00;420.9;0.930;416.1;0.888;0.0;0.000;60;0;0;1.187;1.222;1.223;245;259;259;50.00;50.00;50.00;4524;1000;0.0;0;1.0000;0;0
600;2012-08-22 11:00:00;172602N232;857;2.006;37;223;224;222;222;1.319;50.02;425.7;1.018;417.8;1.004;0.0;0.000;60;0;0;1.276;1.351;1.332;277;292;286;50.02;50.02;50.02;4524;1000;0.0;0;1.0000;0;0
600;2012-08-22 11:10:00;172602N232;747;2.132;37;222;224;221;221;1.286;49.99;414.1;0.932;417.8;0.843;0.0;0.000;60;0;0;1.289;1.292;1.277;238;259;249;49.99;49.99;49.99;4524;1000;0.0;0;1.0000;0;0
600;2012-08-22 11:20:00;172602N232;327;2.187;37;222;223;221;221;1.165;49.99;406.7;0.396;400.3;0.386;0.0;0.000;60;0;0;1.365;1.104;1.028;87;133;105;49.99;49.99;49.99;4524;1000;0.0;0;1.0000;0;0
600;2012-08-22 11:30:00;172602N232;540;2.277;37;222;223;223;221;0.881;50.01;414.6;0.652;410.2;0.641;0.0;0.000;60;0;0;0.832;0.923;0.890;168;189;181;50.01;50.01;50.01;4524;1000;0.0;0;1.0000;0;0
600;2012-08-22 11:40:00;172602N232;762;2.404;37;222;222;221;223;1.254;50.00;422.6;0.900;416.2;0.909;0.0;0.000;60;0;0;1.292;1.227;1.243;248;254;259;50.00;50.00;50.00;4524;1000;0.0;0;1.0000;0;0
600;2012-08-22 11:50:00;172602N232;897;2.553;38;222;223;223;222;1.377;50.01;420.8;1.075;416.3;1.065;0.0;0.000;60;0;0;1.322;1.413;1.397;286;307;302;50.01;50.01;50.01;4524;1000;0.0;0;1.0000;0;0
600;2012-08-22 12:00:00;172602N232;1029;2.726;38;223;223;225;221;1.561;50.00;419.2;1.246;417.3;1.217;0.0;0.000;60;0;0;1.507;1.606;1.570;330;356;341;50.00;50.00;50.00;4524;1000;0.0;0;1.0000;0;0
600;2012-08-22 12:10:00;172602N232;1646;3.000;38;224;224;226;223;2.495;49.99;418.9;2.344;438.1;1.522;0.0;0.000;60;0;0;2.452;2.540;2.493;536;563;544;49.99;49.99;49.99;4524;1000;0.0;0;1.0000;0;0
600;2012-08-22 12:20:00;172602N232;3271;3.544;38;225;224;227;223;4.860;50.01;402.7;5.321;391.4;3.251;0.0;0.000;60;0;0;4.789;4.943;4.849;1071;1120;1080;50.01;50.01;50.01;4524;1000;0.0;0;1.0000;0;0
600;2012-08-22 12:30:00;172602N232;3976;4.208;40;226;225;227;224;5.885;50.00;387.1;5.856;321.1;5.602;0.0;0.000;60;0;0;5.819;5.968;5.869;1308;1354;1314;50.00;50.00;50.00;4524;1000;0.0;0;1.0000;0;0
600;2012-08-22 12:40:00;172602N232;3586;4.807;39;226;226;228;224;5.301;49.98;384.8;5.197;343.0;4.879;0.0;0.000;60;0;0;5.258;5.374;5.273;1187;1219;1180;49.98;49.98;49.98;4524;1000;0.0;0;1.0000;0;0
600;2012-08-22 12:50:00;172602N232;3832;5.445;40;226;226;227;225;5.659;50.02;383.7;5.446;345.5;5.282;0.0;0.000;60;0;0;5.603;5.704;5.672;1263;1293;1276;50.02;50.02;50.02;4524;1000;0.0;0;1.0000;0;0
600;2012-08-22 13:00:00;172602N232;3648;6.053;41;226;225;227;224;5.398;50.00;383.2;5.042;363.7;4.931;0.0;0.000;60;0;0;5.341;5.461;5.394;1201;1238;1208;50.00;50.00;50.00;4524;1000;0.0;0;1.0000;0;0
600;2012-08-22 13:10:00;172602N232;3389;6.618;41;227;226;229;226;4.970;49.98;385.1;4.527;384.2;4.371;0.0;0.000;60;0;0;4.883;5.059;4.969;1103;1163;1121;49.98;49.98;49.98;4524;1000;0.0;0;1.0000;0;0
600;2012-08-22 13:20:00;172602N232;3687;7.236;42;228;227;230;226;5.398;50.01;387.6;4.923;389.0;4.773;0.0;0.000;60;0;0;5.328;5.485;5.381;1211;1267;1214;50.01;50.01;50.01;4524;1000;0.0;0;1.0000;0;0
600;2012-08-22 13:30:00;172602N232;4790;8.035;43;229;228;231;226;6.989;50.01;377.6;6.510;378.8;6.413;0.0;0.000;60;0;0;6.914;7.109;6.944;1577;1639;1570;50.01;50.01;50.01;4524;1000;0.0;0;1.0000;0;0
600;2012-08-22 13:40:00;172602N232;4633;8.808;43;229;228;231;227;6.759;50.00;377.1;6.274;378.3;6.214;0.0;0.000;60;0;0;6.697;6.851;6.729;1527;1578;1525;50.00;50.00;50.00;4524;1000;0.0;0;1.0000;0;0
600;2012-08-22 13:50:00;172602N232;2379;9.203;44;227;227;229;226;3.527;50.01;379.8;3.185;380.2;3.147;0.0;0.000;60;0;0;3.489;3.569;3.523;776;814;787;50.01;50.01;50.01;4524;1000;0.0;0;1.0000;0;0
600;2012-08-22 14:00:00;172602N232;1713;9.489;43;227;227;228;225;2.560;50.01;399.8;2.184;401.3;2.094;0.0;0.000;60;0;0;2.518;2.597;2.566;557;585;569;50.01;50.01;50.01;4524;1000;0.0;0;1.0000;0;0
600;2012-08-22 14:10:00;172602N232;4822;10.294;43;228;228;230;225;7.059;49.97;389.4;6.330;391.1;6.233;0.0;0.000;60;0;0;7.016;7.152;7.010;1598;1644;1579;49.97;49.97;49.97;4524;1000;0.0;0;1.0000;0;0
600;2012-08-22 14:20:00;172602N232;4681;11.075;43;227;228;230;225;6.864;49.97;381.4;6.378;374.4;6.235;0.0;0.000;60;0;0;6.851;6.952;6.789;1561;1596;1522;49.97;49.97;49.97;4524;1000;0.0;0;1.0000;0;0
600;2012-08-22 14:30:00;172602N232;4575;11.838;44;228;228;230;226;6.694;49.98;376.7;6.448;370.1;6.061;0.0;0.000;60;0;0;6.658;6.776;6.649;1518;1557;1501;49.98;49.98;49.98;4524;1000;0.0;0;1.0000;0;0
600;2012-08-22 14:40:00;172602N232;3595;12.436;44;228;228;229;226;5.268;49.97;376.2;5.238;355.1;4.827;0.0;0.000;60;0;0;5.225;5.335;5.245;1189;1222;1183;49.97;49.97;49.97;4524;1000;0.0;0;1.0000;0;0
600;2012-08-22 14:50:00;172602N232;2505;12.854;44;227;228;229;225;3.683;49.99;383.9;3.579;364.2;3.314;0.0;0.000;60;0;0;3.633;3.745;3.672;822;858;823;49.99;49.99;49.99;4524;1000;0.0;0;1.0000;0;0
600;2012-08-22 15:00:00;172602N232;2846;13.330;44;227;228;229;225;4.220;50.01;381.4;4.224;343.8;3.903;0.0;0.000;60;0;0;4.186;4.286;4.189;938;971;933;50.01;50.01;50.01;4524;1000;0.0;0;1.0000;0;0
600;2012-08-22 15:10:00;172602N232;2896;13.813;44;228;228;230;225;4.259;49.99;389.5;4.337;336.0;3.927;0.0;0.000;60;0;0;4.199;4.344;4.234;950;996;948;49.99;49.99;49.99;4524;1000;0.0;0;1.0000;0;0
600;2012-08-22 15:20:00;172602N232;3635;14.419;44;228;228;231;227;5.316;50.00;386.2;5.608;293.4;5.285;0.0;0.000;60;0;0;5.231;5.398;5.319;1189;1244;1200;50.00;50.00;50.00;4524;1000;0.0;0;1.0000;0;0
600;2012-08-22 15:30:00;172602N232;3297;14.969;45;227;227;230;226;4.847;50.01;381.9;5.164;288.2;4.897;0.0;0.000;60;0;0;4.766;4.916;4.859;1077;1126;1092;50.01;50.01;50.01;4524;1000;0.0;0;1.0000;0;0
600;2012-08-22 15:40:00;172602N232;1077;15.147;44;225;223;227;225;1.683;50.00;383.7;1.405;389.8;1.351;0.0;0.000;60;0;0;1.586;1.740;1.724;339;374;363;50.00;50.00;50.00;4524;1000;0.0;0;1.0000;0;0
600;2012-08-22 15:50:00;172602N232;2872;15.626;44;227;225;229;226;4.237;50.00;398.6;4.201;353.8;3.713;0.0;0.000;60;0;0;4.148;4.312;4.253;930;981;955;50.00;50.00;50.00;4524;1000;0.0;0;1.0000;0;0
600;2012-08-22 16:00:00;172602N232;1913;15.946;44;226;226;227;225;2.853;50.03;394.4;2.731;360.2;2.495;0.0;0.000;60;0;0;2.803;2.897;2.861;625;655;636;50.03;50.03;50.03;4524;1000;0.0;0;1.0000;0;0
600;2012-08-22 16:10:00;172602N232;2108;16.298;44;225;225;225;225;3.154;50.03;401.0;2.852;379.4;2.698;0.0;0.000;60;0;0;3.104;3.178;3.180;689;711;707;50.03;50.03;50.03;4524;1000;0.0;0;1.0000;0;0
600;2012-08-22 16:20:00;172602N232;1720;16.585;44;225;227;224;225;2.765;50.01;390.7;2.329;371.4;2.282;0.0;0.000;60;0;0;2.792;2.766;2.738;570;579;569;50.01;50.01;50.01;4524;1000;0.0;0;1.0000;0;0
600;2012-08-22 16:30:00;172602N232;1965;16.913;44;226;227;225;225;3.039;50.00;401.8;2.445;404.2;2.411;0.0;0.000;60;0;0;3.043;3.049;3.026;647;662;653;50.00;50.00;50.00;4524;1000;0.0;0;1.0000;0;0
600;2012-08-22 16:40:00;172602N232;2970;17.408;44;227;228;227;225;4.387;50.01;396.0;3.774;397.3;3.756;0.0;0.000;60;0;0;4.357;4.414;4.392;989;995;984;50.01;50.01;50.01;4524;1000;0.0;0;1.0000;0;0
600;2012-08-22 16:50:00;172602N232;611;17.509;44;225;226;226;224;1.025;50.01;390.9;0.784;391.0;0.769;0.0;0.000;60;0;0;0.984;1.064;1.028;193;213;203;50.01;50.01;50.01;4524;1000;0.0;0;1.0000;0;0
600;2012-08-22 17:00:00;172602N232;2366;17.904;44;226;227;227;225;3.501;50.01;345.8;2.952;413.8;3.578;0.0;0.000;60;0;0;3.445;3.552;3.506;777;804;784;50.01;50.01;50.01;4524;1000;0.0;0;1.0000;0;0
600;2012-08-22 17:10:00;172602N232;814;18.040;43;225;226;225;225;1.348;50.03;400.0;0.989;398.9;1.036;0.0;0.000;60;0;0;1.327;1.367;1.350;261;279;272;50.03;50.03;50.03;4524;1000;0.0;0;1.0000;0;0
600;2012-08-22 17:20:00;172602N232;1106;18.225;43;225;226;223;224;2.017;50.02;416.8;0.947;404.2;1.671;0.0;0.000;60;0;0;2.091;1.991;1.969;363;382;360;50.02;50.02;50.02;4524;1000;0.0;0;1.0000;0;0
600;2012-08-22 17:30:00;172602N232;1623;18.496;43;225;227;225;224;2.426;50.01;451.7;0.991;412.4;2.861;0.0;0.000;60;0;0;2.386;2.462;2.431;534;550;538;50.01;50.01;50.01;4524;1000;0.0;0;1.0000;0;0
600;2012-08-22 17:40:00;172602N232;1259;18.706;43;225;226;225;224;1.899;50.00;328.9;1.188;382.7;2.432;0.0;0.000;60;0;0;1.849;1.933;1.915;407;428;422;50.00;50.00;50.00;4524;1000;0.0;0;1.0000;0;0
600;2012-08-22 17:50:00;172602N232;577;18.802;42;224;225;224;225;1.313;49.99;361.0;1.010;409.8;0.565;0.0;0.000;60;0;0;1.373;1.372;1.195;180;208;186;49.99;49.99;49.99;4524;1000;0.0;0;1.0000;0;0
600;2012-08-22 18:00:00;172602N232;1007;18.971;42;225;227;224;225;1.558;50.01;323.0;2.260;452.0;0.633;0.0;0.000;60;0;0;1.528;1.575;1.572;327;340;338;50.01;50.01;50.01;4524;1000;0.0;0;1.0000;0;0
600;2012-08-22 18:10:00;172602N232;898;19.120;42;225;224;226;224;1.375;50.03;314.0;2.166;442.3;0.527;0.0;0.000;60;0;0;1.316;1.421;1.390;284;312;300;50.03;50.03;50.03;4524;1000;0.0;0;1.0000;0;0
600;2012-08-22 18:20:00;172602N232;810;19.255;42;225;227;226;222;1.390;50.01;352.8;1.737;432.4;0.490;0.0;0.000;60;0;0;1.397;1.424;1.351;256;283;269;50.01;50.01;50.01;4524;1000;0.0;0;1.0000;0;0
600;2012-08-22 18:30:00;172602N232;379;19.319;41;226;227;226;225;1.205;50.02;381.4;0.503;393.1;0.443;0.0;0.000;60;0;0;1.343;1.184;1.090;105;148;123;50.02;50.02;50.02;4524;1000;0.0;0;1.0000;0;0
600;2012-08-22 18:40:00;172602N232;523;19.406;41;226;226;227;224;1.105;50.00;386.6;0.684;406.4;0.607;0.0;0.000;60;0;0;1.133;1.150;1.033;158;188;175;50.00;50.00;50.00;4524;1000;0.0;0;1.0000;0;0
600;2012-08-22 18:50:00;172602N232;718;19.526;41;226;227;227;224;1.275;49.99;378.1;1.105;413.9;0.726;0.0;0.000;60;0;0;1.278;1.312;1.237;230;251;235;49.99;49.99;49.99;4524;1000;0.0;0;1.0000;0;0
600;2012-08-22 19:00:00;172602N232;326;19.580;41;226;226;227;225;1.155;50.00;377.1;0.419;392.5;0.401;0.0;0.000;60;0;0;1.206;1.238;1.023;88;120;116;50.00;50.00;50.00;4524;1000;0.0;0;1.0000;0;0
600;2012-08-22 19:10:00;172602N232;528;19.668;40;226;226;227;224;1.230;50.01;358.8;0.768;360.9;0.763;0.0;0.000;60;0;0;1.339;1.230;1.122;163;188;175;50.01;50.01;50.01;4524;1000;0.0;0;1.0000;0;0
600;2012-08-22 19:20:00;172602N232;458;19.745;40;222;222;223;220;1.042;50.01;349.9;0.640;377.9;0.664;0.0;0.000;60;0;0;1.085;1.076;0.966;136;165;155;50.01;50.01;50.01;4524;1000;0.0;0;1.0000;0;0
600;2012-08-22 19:30:00;172602N232;128;19.766;40;221;221;222;219;0.909;50.01;361.6;0.161;369.8;0.154;0.0;0.000;60;0;0;1.023;0.976;0.728;18;45;67;50.01;50.01;50.01;4524;1000;0.0;0;1.0000;0;0
600;2012-08-22 19:40:00;172602N232;100;19.783;39;220;221;221;219;0.930;50.00;359.0;0.122;367.5;0.122;0.0;0.000;60;0;0;1.307;0.778;0.706;6;52;48;50.00;50.00;50.00;4524;1000;0.0;0;1.0000;0;0
600;2012-08-22 19:50:00;172602N232;155;19.809;39;220;221;221;218;0.999;50.00;366.3;0.187;380.3;0.192;0.0;0.000;60;0;0;1.370;0.867;0.760;14;71;73;50.00;50.00;50.00;4524;1000;0.0;0;1.0000;0;0
600;2012-08-22 20:00:00;172602N232;105;19.827;39;221;221;221;221;0.909;50.00;369.6;0.126;377.4;0.122;0.0;0.000;60;0;0;1.231;0.733;0.764;8;57;42;50.00;50.00;50.00;4524;1000;0.0;0;1.0000;0;0
600;2012-08-22 20:10:00;172602N232;57;19.837;38;221;221;221;220;0.677;50.00;337.9;0.064;354.5;0.064;0.0;0.000;60;0;0;0.860;0.602;0.569;2;33;26;50.00;50.00;50.00;4524;1000;0.0;0;1.0000;0;0
600;2012-08-22 20:20:00;172602N232;17;19.840;38;220;221;221;220;0.384;49.98;278.4;0.011;289.8;0.014;0.0;0.000;60;0;0;0.503;0.361;0.288;1;12;14;49.98;49.98;49.98;4524;1000;0.0;0;1.0000;0;0
600;2012-08-22 20:30:00;172602N232;1;19.840;37;220;220;222;219;0.150;49.99;251.3;0.000;252.4;0.000;0.0;0.000;60;0;0;0.150;0.204;0.098;2;0;5;49.99;49.99;49.99;4524;1000;0.0;0;1.0000;0;0
600;2012-08-22 20:40:00;172602N232;0;19.840;36;220;220;223;218;0.000;50.00;264.8;0.000;264.5;0.000;0.0;0.000;50;0;0;0.000;0.000;0.000;0;0;0;50.00;50.00;50.00;4524;1000;0.0;0;1.0000;0;0
600;2012-08-22 20:50:00;172602N232;0;19.840;34;221;221;223;219;0.000;49.99;233.0;0.000;234.0;0.000;0.0;0.000;50;0;0;0.000;0.000;0.000;0;0;0;49.99;49.99;49.99;4524;1000;0.0;0;1.0000;0;0
600;2012-08-22 21:00:00;172602N232;0;19.840;33;220;221;223;217;0.000;49.99;228.2;0.000;229.1;0.000;0.0;0.000;50;0;0;0.000;0.000;0.000;0;0;0;49.99;49.99;49.99;4524;1000;0.0;0;1.0000;0;0
[wr_ende]
