20140629;230002;172602N232;My Plant;+0100
[wr_def_start]
172602N232;Inverter Type;Inverter Group;72602N232      
[wr_def_end]
[wr]
INTERVAL;TIMESTAMP;SERIAL;P_AC;E_DAY;T_WR;U_AC;U_AC_1;U_AC_2;U_AC_3;I_AC;F_AC;U_DC_1;I_DC_1;U_DC_2;I_DC_2;U_DC_3;I_DC_3;S;E_WR;M_WR;I_AC_1;I_AC_2;I_AC_3;P_AC_1;P_AC_2;P_AC_3;F_AC_1;F_AC_2;F_AC_3;R_DC;PC;PCS;PCS_LL;COS_PHI;COS_PHI_LL;S_COS_PHI
600;2014-06-29 03:50:00;172602N232;0;0.000;0;5;5;5;5;0.000;1.27;5.7;0.000;5.7;0.000;0.0;0.000;50;0;0;0.000;0.000;0.000;0;0;0;1.27;1.26;1.26;19;1000;0.0;0;1.0000;0;0
600;2014-06-29 04:00:00;172602N232;0;0.000;23;226;226;228;224;0.000;50.00;229.7;0.000;230.6;0.000;0.0;0.000;50;0;0;0.000;0.000;0.000;0;0;0;50.00;50.00;50.00;0;1000;0.0;0;1.0000;0;0
600;2014-06-29 04:10:00;172602N232;0;0.000;24;226;226;228;224;0.000;49.99;231.0;0.000;231.9;0.000;0.0;0.000;50;0;0;0.000;0.000;0.000;0;0;0;49.99;49.99;49.99;0;1000;0.0;0;1.0000;0;0
600;2014-06-29 04:20:00;172602N232;0;0.000;24;226;226;228;224;0.000;50.01;263.7;0.000;264.0;0.000;0.0;0.000;50;0;0;0.000;0.000;0.000;0;0;0;50.01;50.01;50.02;0;1000;0.0;0;1.0000;0;0
600;2014-06-29 04:30:00;172602N232;1;0.000;25;226;226;228;225;0.046;50.01;287.3;0.000;287.4;0.000;0.0;0.000;60;0;0;0.048;0.057;0.035;0;0;1;50.01;50.01;50.01;4887;1000;0.0;0;1.0000;0;0
600;2014-06-29 04:40:00;172602N232;22;0.003;25;226;226;227;226;0.425;50.01;317.5;0.013;331.6;0.016;0.0;0.000;60;0;0;0.494;0.477;0.304;3;3;18;50.01;50.01;50.01;5330;1000;0.0;0;1.0000;0;0
600;2014-06-29 04:50:00;172602N232;48;0.012;25;225;225;226;225;0.696;49.99;356.9;0.046;369.8;0.046;0.0;0.000;60;0;0;0.780;0.780;0.529;5;9;33;49.99;49.99;49.99;5330;1000;0.0;0;1.0000;0;0
600;2014-06-29 05:00:00;172602N232;74;0.024;26;226;226;227;226;0.885;50.00;378.8;0.080;388.2;0.078;0.0;0.000;60;0;0;0.866;1.066;0.723;11;13;48;50.00;50.00;50.00;5330;1000;0.0;0;1.0000;0;0
600;2014-06-29 05:10:00;172602N232;106;0.042;26;227;226;228;227;0.872;50.00;390.5;0.117;394.0;0.117;0.0;0.000;60;0;0;0.867;1.020;0.731;19;27;58;50.00;50.00;50.00;5330;1000;0.0;0;1.0000;0;0
600;2014-06-29 05:20:00;172602N232;146;0.066;26;227;227;228;227;0.856;50.00;404.3;0.164;403.5;0.161;0.0;0.000;60;0;0;0.766;1.125;0.678;26;55;63;50.00;50.00;50.00;5330;1000;0.0;0;1.0000;0;0
600;2014-06-29 05:30:00;172602N232;179;0.095;27;227;226;228;227;0.929;50.01;402.3;0.205;405.4;0.200;0.0;0.000;60;0;0;0.806;1.280;0.702;33;74;71;50.01;50.01;50.01;5330;1000;0.0;0;1.0000;0;0
600;2014-06-29 05:40:00;172602N232;206;0.130;27;227;226;228;226;0.971;50.01;396.0;0.243;406.6;0.236;0.0;0.000;60;0;0;1.002;1.164;0.747;52;83;70;50.01;50.01;50.01;5330;1000;0.0;0;1.0000;0;0
600;2014-06-29 05:50:00;172602N232;321;0.183;28;226;226;227;225;1.143;49.98;414.9;0.376;421.1;0.359;0.0;0.000;60;0;0;1.190;1.223;1.016;96;114;109;49.98;49.98;49.98;5330;1000;0.0;0;1.0000;0;0
600;2014-06-29 06:00:00;172602N232;252;0.226;28;226;225;227;225;1.082;49.98;405.6;0.296;411.1;0.286;0.0;0.000;60;0;0;1.209;1.158;0.880;72;95;84;49.98;49.98;49.98;5330;1000;0.0;0;1.0000;0;0
600;2014-06-29 06:10:00;172602N232;358;0.286;28;227;226;228;226;1.138;49.99;419.9;0.424;420.9;0.398;0.0;0.000;60;0;0;1.150;1.199;1.067;110;129;117;49.99;49.99;49.99;5330;1000;0.0;0;1.0000;0;0
600;2014-06-29 06:20:00;172602N232;445;0.360;29;227;227;228;226;1.151;49.99;422.3;0.529;427.3;0.490;0.0;0.000;60;0;0;1.116;1.230;1.107;134;160;149;49.99;49.99;49.99;5330;1000;0.0;0;1.0000;0;0
600;2014-06-29 06:30:00;172602N232;474;0.439;29;228;228;229;227;0.731;50.00;418.9;0.575;426.4;0.524;0.0;0.000;60;0;0;0.672;0.775;0.746;143;168;161;50.00;50.00;50.00;5330;1000;0.0;0;1.0000;0;0
600;2014-06-29 06:40:00;172602N232;506;0.524;30;228;228;229;227;0.776;50.00;420.4;0.604;422.1;0.577;0.0;0.000;60;0;0;0.716;0.820;0.792;154;179;171;50.00;50.00;50.00;5330;1000;0.0;0;1.0000;0;0
600;2014-06-29 06:50:00;172602N232;512;0.609;30;227;227;228;227;0.785;50.03;418.3;0.610;416.9;0.596;0.0;0.000;60;0;0;0.725;0.827;0.805;156;180;174;50.03;50.03;50.03;5330;1000;0.0;0;1.0000;0;0
600;2014-06-29 07:00:00;172602N232;571;0.705;31;226;226;227;225;0.901;50.03;420.0;0.682;419.7;0.659;0.0;0.000;60;0;0;0.845;0.944;0.914;176;201;193;50.03;50.03;50.03;5330;1000;0.0;0;1.0000;0;0
600;2014-06-29 07:10:00;172602N232;725;0.826;31;226;225;227;225;1.103;50.04;421.4;0.876;426.2;0.821;0.0;0.000;60;0;0;1.044;1.148;1.118;227;253;243;50.04;50.04;50.04;5330;1000;0.0;0;1.0000;0;0
600;2014-06-29 07:20:00;172602N232;840;0.966;32;226;225;227;225;1.268;50.03;423.6;1.020;429.1;0.937;0.0;0.000;60;0;0;1.212;1.309;1.285;265;290;282;50.03;50.03;50.03;5330;1000;0.0;0;1.0000;0;0
600;2014-06-29 07:30:00;172602N232;897;1.116;32;225;224;226;223;1.355;50.03;421.8;1.077;419.2;1.048;0.0;0.000;60;0;0;1.303;1.398;1.365;286;311;299;50.03;50.03;50.03;5330;1000;0.0;0;1.0000;0;0
600;2014-06-29 07:40:00;172602N232;1038;1.288;32;224;224;226;222;1.577;50.04;422.0;1.265;427.0;1.175;0.0;0.000;60;0;0;1.532;1.618;1.582;334;359;344;50.04;50.04;50.04;5330;1000;0.0;0;1.0000;0;0
600;2014-06-29 07:50:00;172602N232;501;1.373;33;225;224;226;225;1.043;50.05;408.9;0.609;407.2;0.591;0.0;0.000;60;0;0;0.988;1.084;1.057;156;174;169;50.05;50.05;50.05;5330;1000;0.0;0;1.0000;0;0
600;2014-06-29 08:00:00;172602N232;498;1.456;33;224;223;225;224;1.098;50.03;412.9;0.592;405.5;0.599;0.0;0.000;60;0;0;1.063;1.150;1.081;155;172;169;50.03;50.03;50.03;5330;1000;0.0;0;1.0000;0;0
600;2014-06-29 08:10:00;172602N232;643;1.563;33;224;224;226;224;0.998;50.03;418.7;0.771;416.8;0.749;0.0;0.000;60;0;0;0.941;1.037;1.018;199;224;218;50.03;50.03;50.03;5330;1000;0.0;0;1.0000;0;0
600;2014-06-29 08:20:00;172602N232;751;1.687;33;224;224;226;223;1.146;50.02;420.4;0.896;416.7;0.884;0.0;0.000;60;0;0;1.086;1.195;1.158;235;263;250;50.02;50.02;50.02;5330;1000;0.0;0;1.0000;0;0
600;2014-06-29 08:30:00;172602N232;949;1.847;33;224;226;225;222;1.432;50.02;422.2;1.156;425.4;1.075;0.0;0.000;60;0;0;1.388;1.472;1.438;307;326;314;50.02;50.02;50.02;5330;1000;0.0;0;1.0000;0;0
600;2014-06-29 08:40:00;172602N232;885;1.994;34;225;225;226;223;1.339;50.02;419.2;1.063;414.1;1.051;0.0;0.000;60;0;0;1.288;1.383;1.347;282;306;294;50.02;50.02;50.02;5330;1000;0.0;0;1.0000;0;0
600;2014-06-29 08:50:00;172602N232;892;2.144;34;225;225;226;224;1.348;50.01;419.2;1.062;408.2;1.087;0.0;0.000;60;0;0;1.295;1.391;1.359;284;309;297;50.01;50.01;50.01;5330;1000;0.0;0;1.0000;0;0
600;2014-06-29 09:00:00;172602N232;1278;2.356;34;225;225;226;224;1.915;49.99;423.6;1.528;418.0;1.505;0.0;0.000;60;0;0;1.868;1.953;1.924;414;436;426;49.99;49.99;49.99;5330;1000;0.0;0;1.0000;0;0
600;2014-06-29 09:10:00;172602N232;1602;2.623;34;225;225;225;224;2.389;49.99;420.8;1.969;424.0;1.838;0.0;0.000;60;0;0;2.346;2.429;2.394;524;543;533;49.99;49.99;49.99;5330;1000;0.0;0;1.0000;0;0
600;2014-06-29 09:20:00;172602N232;1330;2.845;34;225;226;226;224;2.014;49.99;418.3;1.605;411.0;1.607;0.0;0.000;60;0;0;1.975;2.050;2.018;431;455;442;49.99;49.99;49.99;5330;1000;0.0;0;1.0000;0;0
600;2014-06-29 09:30:00;172602N232;1185;3.043;35;224;226;225;223;1.799;49.98;421.9;1.404;408.1;1.453;0.0;0.000;60;0;0;1.770;1.829;1.800;386;404;392;49.98;49.98;49.98;5330;1000;0.0;0;1.0000;0;0
600;2014-06-29 09:40:00;172602N232;1880;3.357;35;226;228;227;224;2.797;49.99;419.7;2.363;417.7;2.161;0.0;0.000;60;0;0;2.771;2.851;2.771;623;642;613;49.99;49.99;49.99;5330;1000;0.0;0;1.0000;0;0
600;2014-06-29 09:50:00;172602N232;1626;3.628;35;225;226;226;223;2.434;49.99;413.0;2.088;409.5;1.894;0.0;0.000;60;0;0;2.397;2.485;2.422;534;556;534;49.99;49.99;49.99;5330;1000;0.0;0;1.0000;0;0
600;2014-06-29 10:00:00;172602N232;1748;3.919;35;225;226;227;223;2.608;49.99;413.0;2.263;414.4;1.992;0.0;0.000;60;0;0;2.565;2.666;2.594;573;600;573;49.99;49.99;49.99;5330;1000;0.0;0;1.0000;0;0
600;2014-06-29 10:10:00;172602N232;1965;4.247;36;225;225;228;223;2.922;49.98;409.0;2.539;418.0;2.248;0.0;0.000;60;0;0;2.866;3.000;2.900;640;681;643;49.98;49.98;49.98;5330;1000;0.0;0;1.0000;0;0
600;2014-06-29 10:20:00;172602N232;2091;4.595;36;225;226;227;223;3.111;50.00;412.5;2.629;418.2;2.442;0.0;0.000;60;0;0;3.066;3.181;3.087;687;718;684;50.00;50.00;50.00;5330;1000;0.0;0;1.0000;0;0
600;2014-06-29 10:30:00;172602N232;1923;4.917;36;224;224;226;222;2.890;49.99;409.2;2.414;407.5;2.319;0.0;0.000;60;0;0;2.847;2.966;2.857;630;665;626;49.99;49.99;49.99;5330;1000;0.0;0;1.0000;0;0
600;2014-06-29 10:40:00;172602N232;1222;5.121;37;224;223;226;223;1.888;49.99;412.5;1.479;400.7;1.534;0.0;0.000;60;0;0;1.839;1.930;1.897;392;421;407;49.99;49.99;49.99;5330;1000;0.0;0;1.0000;0;0
600;2014-06-29 10:50:00;172602N232;1437;5.359;37;224;224;226;223;2.160;49.99;413.4;1.748;408.2;1.763;0.0;0.000;60;0;0;2.101;2.210;2.170;463;494;478;49.99;49.99;49.99;5330;1000;0.0;0;1.0000;0;0
600;2014-06-29 11:00:00;172602N232;3400;5.927;37;228;227;231;225;4.974;49.99;406.2;4.314;404.5;4.276;0.0;0.000;60;0;0;4.922;5.100;4.900;1117;1181;1100;49.99;49.99;49.99;5330;1000;0.0;0;1.0000;0;0
600;2014-06-29 11:10:00;172602N232;4581;6.691;41;227;226;231;224;6.717;49.99;382.0;6.113;380.5;6.099;0.0;0.000;60;0;0;6.654;6.893;6.605;1507;1596;1478;49.99;49.99;49.99;5330;1000;0.0;0;1.0000;0;0
600;2014-06-29 11:20:00;172602N232;2183;7.055;38;225;225;227;224;3.243;49.99;392.0;2.853;394.7;2.753;0.0;0.000;60;0;0;3.202;3.296;3.232;718;745;719;49.99;49.99;49.99;5330;1000;0.0;0;1.0000;0;0
600;2014-06-29 11:30:00;172602N232;2282;7.436;39;226;225;229;224;3.382;50.00;403.1;2.872;398.0;2.872;0.0;0.000;60;0;0;3.321;3.459;3.368;742;787;750;50.00;50.00;50.00;5330;1000;0.0;0;1.0000;0;0
600;2014-06-29 11:40:00;172602N232;2176;7.798;39;226;226;229;222;3.228;50.00;404.3;2.728;395.0;2.764;0.0;0.000;60;0;0;3.188;3.314;3.183;715;755;704;50.00;50.00;50.00;5330;1000;0.0;0;1.0000;0;0
600;2014-06-29 11:50:00;172602N232;1744;8.088;39;225;225;228;222;2.602;49.98;413.8;2.114;399.2;2.200;0.0;0.000;60;0;0;2.561;2.670;2.575;571;603;568;49.98;49.98;49.98;5330;1000;0.0;0;1.0000;0;0
600;2014-06-29 12:00:00;172602N232;2054;8.432;39;225;225;229;222;3.063;50.00;414.6;2.499;404.1;2.555;0.0;0.000;60;0;0;3.006;3.150;3.035;668;715;669;50.00;50.00;50.00;5330;1000;0.0;0;1.0000;0;0
600;2014-06-29 12:10:00;172602N232;1731;8.720;39;225;224;228;222;2.588;50.00;411.4;2.119;402.6;2.156;0.0;0.000;60;0;0;2.530;2.661;2.573;561;601;566;50.00;50.00;50.00;5330;1000;0.0;0;1.0000;0;0
600;2014-06-29 12:20:00;172602N232;1329;8.942;39;224;224;227;222;2.021;49.99;415.2;1.608;407.0;1.631;0.0;0.000;60;0;0;1.976;2.068;2.020;429;460;439;49.99;49.99;49.99;5330;1000;0.0;0;1.0000;0;0
600;2014-06-29 12:30:00;172602N232;1501;9.192;39;225;225;227;223;2.255;50.01;421.1;1.786;411.2;1.830;0.0;0.000;60;0;0;2.208;2.307;2.250;487;518;494;50.01;50.01;50.01;5330;1000;0.0;0;1.0000;0;0
600;2014-06-29 12:40:00;172602N232;2309;9.577;39;225;224;228;222;3.447;50.01;420.4;2.772;411.1;2.832;0.0;0.000;60;0;0;3.384;3.532;3.426;752;800;756;50.01;50.01;50.01;5330;1000;0.0;0;1.0000;0;0
600;2014-06-29 12:50:00;172602N232;2846;10.052;39;226;226;230;222;4.221;50.00;407.9;3.541;401.1;3.572;0.0;0.000;60;0;0;4.181;4.330;4.153;939;989;916;50.00;50.00;50.00;5330;1000;0.0;0;1.0000;0;0
600;2014-06-29 13:00:00;172602N232;3177;10.580;39;226;226;230;223;4.693;50.01;397.4;4.066;392.1;4.088;0.0;0.000;60;0;0;4.642;4.803;4.634;1046;1103;1027;50.01;50.01;50.01;5330;1000;0.0;0;1.0000;0;0
600;2014-06-29 13:10:00;172602N232;3022;11.085;40;227;227;231;225;4.445;50.02;388.9;3.963;388.5;3.906;0.0;0.000;60;0;0;4.383;4.547;4.406;988;1046;986;50.02;50.02;50.02;5330;1000;0.0;0;1.0000;0;0
600;2014-06-29 13:20:00;172602N232;5454;11.994;41;229;227;234;225;7.940;50.00;380.0;7.323;379.4;7.305;0.0;0.000;60;0;0;7.835;8.185;7.802;1782;1913;1755;50.00;50.00;50.00;5330;1000;0.0;0;1.0000;0;0
600;2014-06-29 13:30:00;172602N232;3009;12.496;41;227;227;229;224;4.435;50.01;378.4;4.027;373.3;4.068;0.0;0.000;60;0;0;4.378;4.537;4.390;988;1041;978;50.01;50.01;50.01;5330;1000;0.0;0;1.0000;0;0
600;2014-06-29 13:40:00;172602N232;1165;12.689;41;224;224;225;222;1.809;49.99;395.4;1.482;385.7;1.509;0.0;0.000;60;0;0;1.787;1.825;1.816;378;397;388;49.99;49.99;49.99;5330;1000;0.0;0;1.0000;0;0
600;2014-06-29 13:50:00;172602N232;1515;12.942;41;224;224;227;222;2.299;49.99;401.7;1.884;401.6;1.902;0.0;0.000;60;0;0;2.246;2.352;2.300;488;523;501;49.99;49.99;49.99;5330;1000;0.0;0;1.0000;0;0
600;2014-06-29 14:00:00;172602N232;2663;13.387;41;226;226;229;223;3.944;49.99;409.4;3.293;400.3;3.355;0.0;0.000;60;0;0;3.893;4.027;3.913;875;917;870;49.99;49.99;49.99;5330;1000;0.0;0;1.0000;0;0
600;2014-06-29 14:10:00;172602N232;1924;13.708;41;226;226;228;223;2.862;50.01;409.7;2.371;400.3;2.413;0.0;0.000;60;0;0;2.804;2.936;2.847;627;665;631;50.01;50.01;50.01;5330;1000;0.0;0;1.0000;0;0
600;2014-06-29 14:20:00;172602N232;1934;14.029;41;226;226;229;224;2.872;50.01;416.0;2.340;404.5;2.403;0.0;0.000;60;0;0;2.818;2.943;2.857;631;667;634;50.01;50.01;50.01;5330;1000;0.0;0;1.0000;0;0
600;2014-06-29 14:30:00;172602N232;3605;14.631;41;228;227;231;225;5.269;50.01;410.8;4.458;403.7;4.489;0.0;0.000;60;0;0;5.203;5.409;5.195;1183;1253;1167;50.01;50.01;50.01;5330;1000;0.0;0;1.0000;0;0
600;2014-06-29 14:40:00;172602N232;4669;15.409;43;228;227;233;226;6.797;50.00;372.8;6.434;368.3;6.419;0.0;0.000;60;0;0;6.705;6.985;6.701;1524;1633;1511;50.00;50.00;50.00;5330;1000;0.0;0;1.0000;0;0
600;2014-06-29 14:50:00;172602N232;3045;15.917;42;226;225;229;225;4.488;49.99;398.5;3.896;385.1;3.967;0.0;0.000;60;0;0;4.420;4.607;4.439;991;1057;993;49.99;49.99;49.99;5330;1000;0.0;0;1.0000;0;0
600;2014-06-29 15:00:00;172602N232;3635;16.521;42;226;225;229;223;5.368;49.99;384.2;4.840;377.7;4.857;0.0;0.000;60;0;0;5.300;5.508;5.296;1189;1261;1180;49.99;49.99;49.99;5330;1000;0.0;0;1.0000;0;0
600;2014-06-29 15:10:00;172602N232;4612;17.292;42;226;224;232;223;6.784;49.99;378.6;6.253;374.8;6.248;0.0;0.000;60;0;0;6.649;7.006;6.699;1489;1626;1497;49.99;49.99;49.99;5330;1000;0.0;0;1.0000;0;0
600;2014-06-29 15:20:00;172602N232;4829;18.096;43;227;226;233;222;7.078;49.99;371.2;6.673;366.0;6.679;0.0;0.000;60;0;0;6.966;7.336;6.934;1573;1709;1543;49.99;49.99;49.99;5330;1000;0.0;0;1.0000;0;0
600;2014-06-29 15:30:00;172602N232;1932;18.418;43;225;224;229;223;2.874;49.99;383.7;2.528;376.7;2.588;0.0;0.000;60;0;0;2.806;2.963;2.854;625;673;632;49.99;49.99;49.99;5330;1000;0.0;0;1.0000;0;0
600;2014-06-29 15:40:00;172602N232;2137;18.775;42;225;225;229;223;3.168;50.00;395.6;2.731;388.1;2.785;0.0;0.000;60;0;0;3.101;3.257;3.146;693;744;699;50.00;50.00;50.00;5330;1000;0.0;0;1.0000;0;0
600;2014-06-29 15:50:00;172602N232;1841;19.082;42;225;224;227;223;2.739;49.99;401.1;2.287;394.9;2.363;0.0;0.000;60;0;0;2.679;2.810;2.728;597;636;606;49.99;49.99;49.99;5330;1000;0.0;0;1.0000;0;0
600;2014-06-29 16:00:00;172602N232;3423;19.654;42;226;226;230;223;5.031;50.00;400.1;4.356;389.9;4.454;0.0;0.000;60;0;0;4.960;5.192;4.943;1119;1200;1103;50.00;50.00;50.00;5330;1000;0.0;0;1.0000;0;0
600;2014-06-29 16:10:00;172602N232;3967;20.313;42;227;226;231;224;5.821;50.00;398.6;5.034;385.3;5.246;0.0;0.000;60;0;0;5.733;5.979;5.752;1292;1385;1288;50.00;50.00;50.00;5330;1000;0.0;0;1.0000;0;0
600;2014-06-29 16:20:00;172602N232;3023;20.817;43;226;225;228;224;4.470;49.98;374.7;4.073;380.9;4.037;0.0;0.000;60;0;0;4.430;4.552;4.429;995;1038;987;49.98;49.98;49.98;5330;1000;0.0;0;1.0000;0;0
600;2014-06-29 16:30:00;172602N232;2892;21.298;43;226;225;228;223;4.283;49.99;378.7;3.836;386.3;3.808;0.0;0.000;60;0;0;4.236;4.372;4.241;950;991;944;49.99;49.99;49.99;5330;1000;0.0;0;1.0000;0;0
600;2014-06-29 16:40:00;172602N232;4153;21.991;43;226;226;230;223;6.119;49.99;376.2;5.586;382.6;5.540;0.0;0.000;60;0;0;6.047;6.293;6.017;1365;1447;1338;49.99;49.99;49.99;5330;1000;0.0;0;1.0000;0;0
600;2014-06-29 16:50:00;172602N232;2971;22.487;43;226;226;228;223;4.393;50.02;379.4;3.961;382.3;3.942;0.0;0.000;60;0;0;4.342;4.481;4.356;977;1025;970;50.02;50.02;50.02;5330;1000;0.0;0;1.0000;0;0
600;2014-06-29 17:00:00;172602N232;3694;23.103;43;226;227;229;222;5.446;50.00;378.0;4.928;384.1;4.911;0.0;0.000;60;0;0;5.430;5.552;5.357;1231;1270;1190;50.00;50.00;50.00;5330;1000;0.0;0;1.0000;0;0
600;2014-06-29 17:10:00;172602N232;3026;23.607;43;226;226;228;223;4.477;49.99;377.7;4.036;383.7;4.000;0.0;0.000;60;0;0;4.435;4.556;4.441;999;1038;988;49.99;49.99;49.99;5330;1000;0.0;0;1.0000;0;0
600;2014-06-29 17:20:00;172602N232;3209;24.143;43;225;225;227;223;4.767;49.98;378.0;4.267;382.9;4.277;0.0;0.000;60;0;0;4.720;4.844;4.739;1058;1096;1052;49.98;49.98;49.98;5330;1000;0.0;0;1.0000;0;0
600;2014-06-29 17:30:00;172602N232;3439;24.717;43;226;226;229;222;5.090;49.99;381.9;4.481;386.9;4.591;0.0;0.000;60;0;0;5.050;5.207;5.015;1136;1192;1111;49.99;49.99;49.99;5330;1000;0.0;0;1.0000;0;0
600;2014-06-29 17:40:00;172602N232;2105;25.068;43;224;225;228;218;3.144;50.01;374.8;2.771;389.5;2.755;0.0;0.000;60;0;0;3.104;3.263;3.066;695;744;664;50.01;50.01;50.01;5330;1000;0.0;0;1.0000;0;0
600;2014-06-29 17:50:00;172602N232;2638;25.507;43;225;226;230;218;3.920;50.02;375.0;3.471;390.9;3.460;0.0;0.000;60;0;0;3.871;4.082;3.809;870;939;827;50.02;50.02;50.02;5330;1000;0.0;0;1.0000;0;0
600;2014-06-29 18:00:00;172602N232;3090;26.022;43;224;224;230;219;4.599;50.01;375.4;4.099;397.6;4.004;0.0;0.000;60;0;0;4.526;4.777;4.495;1011;1095;981;50.01;50.01;50.01;5330;1000;0.0;0;1.0000;0;0
600;2014-06-29 18:10:00;172602N232;1410;26.257;43;223;224;227;218;2.128;49.99;380.2;1.841;388.7;1.844;0.0;0.000;60;0;0;2.081;2.215;2.088;459;498;451;49.99;49.99;49.99;5330;1000;0.0;0;1.0000;0;0
600;2014-06-29 18:20:00;172602N232;729;26.379;43;222;223;226;219;1.125;49.98;394.2;0.912;394.6;0.932;0.0;0.000;60;0;0;1.077;1.177;1.122;231;257;240;49.98;49.98;49.98;5330;1000;0.0;0;1.0000;0;0
600;2014-06-29 18:30:00;172602N232;1967;26.707;43;224;222;228;222;2.950;49.97;377.2;2.554;396.5;2.568;0.0;0.000;60;0;0;2.868;3.048;2.936;631;688;646;49.97;49.97;49.97;5330;1000;0.0;0;1.0000;0;0
600;2014-06-29 18:40:00;172602N232;1065;26.884;43;224;224;227;222;1.609;49.99;380.8;1.367;395.7;1.384;0.0;0.000;60;0;0;1.551;1.664;1.612;340;372;351;49.99;49.99;49.99;5330;1000;0.0;0;1.0000;0;0
600;2014-06-29 18:50:00;172602N232;631;26.990;42;223;223;225;222;1.003;50.01;398.8;0.767;399.1;0.799;0.0;0.000;60;0;0;0.953;1.046;1.010;198;221;211;50.01;50.01;50.01;5330;1000;0.0;0;1.0000;0;0
600;2014-06-29 19:00:00;172602N232;711;27.108;42;223;224;225;220;1.241;50.01;378.9;0.901;401.8;0.916;0.0;0.000;60;0;0;1.203;1.297;1.223;227;251;231;50.01;50.01;50.01;5330;1000;0.0;0;1.0000;0;0
600;2014-06-29 19:10:00;172602N232;959;27.269;42;224;225;226;221;1.585;50.00;370.2;1.252;397.5;1.255;0.0;0.000;60;0;0;1.572;1.630;1.553;311;335;311;50.00;50.00;50.00;5330;1000;0.0;0;1.0000;0;0
600;2014-06-29 19:20:00;172602N232;1039;27.442;42;224;225;226;222;1.577;50.00;367.6;1.336;399.1;1.393;0.0;0.000;60;0;0;1.533;1.626;1.572;336;361;341;50.00;50.00;50.00;5330;1000;0.0;0;1.0000;0;0
600;2014-06-29 19:30:00;172602N232;700;27.560;42;224;226;224;223;1.076;50.01;358.5;0.877;394.8;0.980;0.0;0.000;60;0;0;1.039;1.097;1.093;224;239;235;50.01;50.01;50.01;5330;1000;0.0;0;1.0000;0;0
600;2014-06-29 19:40:00;172602N232;498;27.642;41;223;224;223;221;0.933;50.00;389.1;0.577;397.1;0.669;0.0;0.000;60;0;0;0.910;0.968;0.921;158;176;162;50.00;50.00;50.00;5330;1000;0.0;0;1.0000;0;0
600;2014-06-29 19:50:00;172602N232;428;27.714;41;222;223;222;220;0.719;50.03;396.7;0.474;399.0;0.576;0.0;0.000;60;0;0;0.682;0.748;0.728;131;151;144;50.03;50.03;50.03;5330;1000;0.0;0;1.0000;0;0
600;2014-06-29 20:00:00;172602N232;266;27.759;41;222;222;222;221;1.089;50.02;391.1;0.320;394.5;0.324;0.0;0.000;60;0;0;1.138;1.185;0.945;69;108;87;50.02;50.02;50.02;5330;1000;0.0;0;1.0000;0;0
600;2014-06-29 20:10:00;172602N232;360;27.819;40;223;224;224;222;1.144;50.01;409.0;0.357;396.3;0.510;0.0;0.000;60;0;0;1.293;1.167;0.973;108;136;114;50.01;50.01;50.01;5330;1000;0.0;0;1.0000;0;0
600;2014-06-29 20:20:00;172602N232;425;27.890;40;223;224;224;222;1.191;50.00;409.2;0.448;397.8;0.583;0.0;0.000;60;0;0;1.257;1.220;1.098;124;159;140;50.00;50.00;50.00;5330;1000;0.0;0;1.0000;0;0
600;2014-06-29 20:30:00;172602N232;296;27.938;40;224;224;224;222;1.137;50.00;385.8;0.358;397.4;0.368;0.0;0.000;60;0;0;1.287;1.163;0.962;80;114;100;50.00;50.00;50.00;5330;1000;0.0;0;1.0000;0;0
600;2014-06-29 20:40:00;172602N232;183;27.970;40;224;225;224;222;1.078;50.00;378.9;0.219;390.0;0.221;0.0;0.000;60;0;0;1.464;0.966;0.805;21;94;68;50.00;50.00;50.00;5330;1000;0.0;0;1.0000;0;0
600;2014-06-29 20:50:00;172602N232;123;27.991;39;224;225;223;224;0.934;49.99;377.4;0.143;384.3;0.146;0.0;0.000;60;0;0;1.299;0.747;0.757;6;70;46;49.99;49.99;49.99;5330;1000;0.0;0;1.0000;0;0
600;2014-06-29 21:00:00;172602N232;87;28.006;39;223;225;223;223;0.946;49.98;368.4;0.097;377.6;0.101;0.0;0.000;60;0;0;1.378;0.719;0.743;0;57;42;49.98;49.98;49.98;5330;1000;0.0;0;1.0000;0;0
600;2014-06-29 21:10:00;172602N232;88;28.021;39;223;225;224;221;0.971;49.99;378.5;0.092;383.6;0.100;0.0;0.000;60;0;0;1.379;0.803;0.733;1;46;52;49.99;49.99;49.99;5330;1000;0.0;0;1.0000;0;0
600;2014-06-29 21:20:00;172602N232;62;28.031;38;224;225;226;222;0.850;49.99;355.3;0.065;371.3;0.069;0.0;0.000;60;0;0;1.052;0.872;0.626;1;18;44;49.99;49.99;49.99;5330;1000;0.0;0;1.0000;0;0
600;2014-06-29 21:30:00;172602N232;38;28.037;38;224;224;225;222;0.694;49.99;334.1;0.034;356.9;0.039;0.0;0.000;60;0;0;0.820;0.744;0.519;0;14;35;50.00;50.00;50.00;5330;1000;0.0;0;1.0000;0;0
600;2014-06-29 21:40:00;172602N232;17;28.040;38;224;225;225;222;0.359;50.00;287.6;0.007;303.5;0.013;0.0;0.000;60;0;0;0.444;0.361;0.273;0;11;18;50.00;50.00;50.00;5330;1000;0.0;0;1.0000;0;0
600;2014-06-29 21:50:00;172602N232;1;28.041;37;222;224;222;221;0.113;49.99;251.5;0.000;252.6;0.000;0.0;0.000;60;0;0;0.126;0.108;0.105;0;5;5;49.99;49.99;49.99;5330;1000;0.0;0;1.0000;0;0
600;2014-06-29 22:00:00;172602N232;0;28.041;36;223;223;224;221;0.000;50.01;284.9;0.000;284.1;0.000;0.0;0.000;50;0;0;0.000;0.000;0.000;0;0;0;50.01;50.01;50.01;5330;1000;0.0;0;1.0000;0;0
600;2014-06-29 22:10:00;172602N232;0;28.041;35;223;223;225;220;0.000;50.00;232.0;0.000;233.0;0.000;0.0;0.000;50;0;0;0.000;0.000;0.000;0;0;0;50.00;50.00;50.00;5330;1000;0.0;0;1.0000;0;0
600;2014-06-29 22:20:00;172602N232;0;28.041;35;222;223;225;220;0.000;49.99;229.4;0.000;230.4;0.000;0.0;0.000;50;0;0;0.000;0.000;0.000;0;0;0;49.99;49.99;49.99;5330;1000;0.0;0;1.0000;0;0
600;2014-06-29 22:30:00;172602N232;0;28.041;34;223;224;225;220;0.000;50.02;229.1;0.000;230.0;0.000;0.0;0.000;50;0;0;0.000;0.000;0.000;0;0;0;50.01;50.02;50.02;5330;1000;0.0;0;1.0000;0;0
[wr_ende]
