20171103;230003;172602N232;My Plant;+0100
[wr_def_start]
172602N232;Inverter Type;Inverter Group;72602N232      
[wr_def_end]
[wr]
INTERVAL;TIMESTAMP;SERIAL;P_AC;E_DAY;T_WR;U_AC;U_AC_1;U_AC_2;U_AC_3;I_AC;F_AC;U_DC_1;I_DC_1;U_DC_2;I_DC_2;U_DC_3;I_DC_3;S;E_WR;M_WR;I_AC_1;I_AC_2;I_AC_3;P_AC_1;P_AC_2;P_AC_3;F_AC_1;F_AC_2;F_AC_3;R_DC;PC;PCS;PCS_LL;COS_PHI;COS_PHI_LL;S_COS_PHI
600;2017-11-03 06:20:00;172602N232;0;0.000;0;3;3;3;3;0.000;0.79;3.5;0.000;3.5;0.000;0.0;0.000;50;0;0;0.000;0.000;0.000;0;0;0;0.79;0.79;0.79;51;1000;0.0;0;1.0000;0;0
600;2017-11-03 06:30:00;172602N232;0;0.000;20;222;223;226;219;0.000;50.03;230.0;0.000;231.0;0.000;0.0;0.000;50;0;0;0.000;0.000;0.000;0;0;0;50.03;50.03;50.03;0;1000;0.0;0;1.0000;0;0
600;2017-11-03 06:40:00;172602N232;0;0.000;21;222;224;226;218;0.000;50.03;228.9;0.000;229.8;0.000;0.0;0.000;50;0;0;0.000;0.000;0.000;0;0;0;50.03;50.03;50.03;0;1000;0.0;0;1.0000;0;0
600;2017-11-03 06:50:00;172602N232;0;0.000;22;223;224;226;218;0.000;50.01;263.2;0.000;263.5;0.000;0.0;0.000;51;0;0;0.000;0.000;0.000;0;0;0;50.01;50.01;50.01;345;1000;0.0;0;1.0000;0;0
600;2017-11-03 07:00:00;172602N232;0;0.000;22;222;224;224;218;0.039;50.00;277.5;0.000;276.8;0.000;0.0;0.000;60;0;0;0.057;0.033;0.029;0;1;1;50.00;50.00;50.00;7793;1000;0.0;0;1.0000;0;0
600;2017-11-03 07:10:00;172602N232;15;0.003;23;222;224;225;217;0.313;50.03;284.4;0.007;288.4;0.009;0.0;0.000;60;0;0;0.400;0.328;0.212;1;6;15;50.03;50.03;50.03;4355;1000;0.0;0;1.0000;0;0
600;2017-11-03 07:20:00;172602N232;41;0.012;23;222;224;224;219;0.563;50.01;354.3;0.037;352.4;0.038;0.0;0.000;60;0;0;0.643;0.607;0.440;2;17;33;50.01;50.01;50.01;4355;1000;0.0;0;1.0000;0;0
600;2017-11-03 07:30:00;172602N232;59;0.020;23;222;223;223;221;0.708;50.01;372.4;0.060;369.5;0.059;0.0;0.000;60;0;0;0.777;0.805;0.542;10;16;33;50.01;50.01;50.01;4355;1000;0.0;0;1.0000;0;0
600;2017-11-03 07:40:00;172602N232;109;0.037;24;223;224;223;223;0.930;50.01;395.3;0.123;394.7;0.117;0.0;0.000;60;0;0;1.222;0.819;0.751;10;51;47;50.01;50.01;50.01;4355;1000;0.0;0;1.0000;0;0
600;2017-11-03 07:50:00;172602N232;153;0.062;24;222;223;222;222;1.030;50.01;403.7;0.176;411.2;0.161;0.0;0.000;60;0;0;1.281;0.941;0.868;21;86;44;50.01;50.01;50.01;4355;1000;0.0;0;1.0000;0;0
600;2017-11-03 08:00:00;172602N232;214;0.098;25;223;224;223;223;1.010;50.01;409.6;0.257;413.9;0.226;0.0;0.000;60;0;0;1.246;0.856;0.930;44;82;86;50.01;50.01;50.01;4355;1000;0.0;0;1.0000;0;0
600;2017-11-03 08:10:00;172602N232;252;0.140;25;223;225;223;222;1.115;50.00;413.0;0.303;420.9;0.267;0.0;0.000;60;0;0;1.431;1.123;0.793;56;114;80;50.00;50.00;50.00;4355;1000;0.0;0;1.0000;0;0
600;2017-11-03 08:20:00;172602N232;202;0.174;25;224;225;224;222;1.030;49.99;410.0;0.235;414.6;0.218;0.0;0.000;60;0;0;1.358;0.967;0.765;44;80;77;49.99;49.99;49.99;4355;1000;0.0;0;1.0000;0;0
600;2017-11-03 08:30:00;172602N232;180;0.205;26;224;224;224;223;0.944;50.02;407.3;0.207;412.6;0.193;0.0;0.000;60;0;0;0.995;1.129;0.710;31;79;68;50.02;50.02;50.02;4355;1000;0.0;0;1.0000;0;0
600;2017-11-03 08:40:00;172602N232;208;0.239;26;224;224;225;223;1.030;50.02;405.7;0.244;415.8;0.226;0.0;0.000;60;0;0;1.023;1.259;0.808;38;82;86;50.02;50.02;50.02;4355;1000;0.0;0;1.0000;0;0
600;2017-11-03 08:50:00;172602N232;450;0.315;26;224;225;225;222;1.095;50.02;404.6;0.735;438.2;0.337;0.0;0.000;60;0;0;1.109;1.183;0.993;135;160;153;50.02;50.02;50.02;4355;1000;0.0;0;1.0000;0;0
600;2017-11-03 09:00:00;172602N232;484;0.395;27;224;225;225;222;0.965;50.01;426.3;0.650;415.8;0.471;0.0;0.000;60;0;0;0.993;0.984;0.918;156;169;156;50.01;50.01;50.01;4355;1000;0.0;0;1.0000;0;0
600;2017-11-03 09:10:00;172602N232;389;0.460;27;224;224;225;222;0.979;49.99;423.8;0.455;426.6;0.429;0.0;0.000;60;0;0;0.999;1.021;0.918;115;142;130;49.99;49.99;49.99;4355;1000;0.0;0;1.0000;0;0
600;2017-11-03 09:20:00;172602N232;482;0.540;28;223;224;223;221;0.925;50.00;425.9;0.569;431.6;0.528;0.0;0.000;60;0;0;0.912;0.960;0.903;149;174;157;50.00;50.00;50.00;4355;1000;0.0;0;1.0000;0;0
600;2017-11-03 09:30:00;172602N232;503;0.625;28;223;223;223;222;0.800;50.01;425.5;0.602;433.8;0.541;0.0;0.000;60;0;0;0.751;0.838;0.813;155;176;170;50.01;50.01;50.01;4355;1000;0.0;0;1.0000;0;0
600;2017-11-03 09:40:00;172602N232;419;0.695;28;222;223;223;222;0.886;50.01;414.0;0.499;426.8;0.469;0.0;0.000;60;0;0;0.878;0.912;0.869;128;150;140;50.01;50.01;50.01;4355;1000;0.0;0;1.0000;0;0
600;2017-11-03 09:50:00;172602N232;576;0.791;29;223;222;224;222;1.024;50.00;431.9;0.675;436.5;0.627;0.0;0.000;60;0;0;1.039;1.041;0.994;184;200;189;50.00;50.00;50.00;4355;1000;0.0;0;1.0000;0;0
600;2017-11-03 10:00:00;172602N232;541;0.881;29;223;223;224;221;0.859;50.01;428.0;0.638;432.6;0.596;0.0;0.000;60;0;0;0.810;0.903;0.864;168;190;180;50.01;50.01;50.01;4355;1000;0.0;0;1.0000;0;0
600;2017-11-03 10:10:00;172602N232;503;0.965;29;222;223;223;220;0.942;49.99;426.2;0.589;427.9;0.562;0.0;0.000;60;0;0;0.940;0.987;0.900;159;180;162;49.99;49.99;49.99;4355;1000;0.0;0;1.0000;0;0
600;2017-11-03 10:20:00;172602N232;475;1.045;30;222;224;223;220;0.960;49.99;423.7;0.558;426.2;0.531;0.0;0.000;60;0;0;0.953;1.010;0.917;151;169;152;49.99;49.99;49.99;4355;1000;0.0;0;1.0000;0;0
600;2017-11-03 10:30:00;172602N232;427;1.116;30;223;224;224;221;0.685;50.00;423.2;0.499;423.5;0.482;0.0;0.000;60;0;0;0.636;0.725;0.695;130;152;143;50.00;50.00;50.00;4355;1000;0.0;0;1.0000;0;0
600;2017-11-03 10:40:00;172602N232;490;1.198;30;222;223;222;221;0.778;50.00;426.0;0.571;426.1;0.553;0.0;0.000;60;0;0;0.731;0.809;0.794;152;170;166;50.00;50.00;50.00;4355;1000;0.0;0;1.0000;0;0
600;2017-11-03 10:50:00;172602N232;512;1.283;30;223;223;223;223;0.812;49.99;425.1;0.602;426.9;0.577;0.0;0.000;60;0;0;0.758;0.848;0.831;158;178;174;49.99;49.99;49.99;4355;1000;0.0;0;1.0000;0;0
600;2017-11-03 11:00:00;172602N232;580;1.380;31;223;223;223;223;0.929;50.00;423.0;0.683;427.4;0.654;0.0;0.000;60;0;0;0.889;0.955;0.944;181;200;197;50.00;50.00;50.00;4355;1000;0.0;0;1.0000;0;0
600;2017-11-03 11:10:00;172602N232;814;1.516;31;224;223;224;224;1.252;50.00;426.3;0.992;439.1;0.873;0.0;0.000;60;0;0;1.199;1.286;1.272;258;279;275;50.00;50.00;50.00;4355;1000;0.0;0;1.0000;0;0
600;2017-11-03 11:20:00;172602N232;326;1.570;31;224;224;224;224;0.853;50.00;406.3;0.398;416.5;0.354;0.0;0.000;60;0;0;0.847;0.919;0.794;91;122;111;50.00;50.00;50.00;4355;1000;0.0;0;1.0000;0;0
600;2017-11-03 11:30:00;172602N232;331;1.627;31;224;224;225;223;1.061;50.00;402.5;0.395;416.0;0.374;0.0;0.000;60;0;0;1.080;1.129;0.976;99;116;114;50.00;50.00;50.00;4355;1000;0.0;0;1.0000;0;0
600;2017-11-03 11:40:00;172602N232;457;1.702;31;226;226;226;225;0.947;49.99;425.8;0.531;428.1;0.510;0.0;0.000;60;0;0;0.955;0.966;0.921;143;163;149;49.99;49.99;49.99;4355;1000;0.0;0;1.0000;0;0
600;2017-11-03 11:50:00;172602N232;484;1.783;31;225;225;227;224;0.766;50.00;417.9;0.575;428.8;0.543;0.0;0.000;60;0;0;0.707;0.810;0.783;147;171;164;50.00;50.00;50.00;4355;1000;0.0;0;1.0000;0;0
600;2017-11-03 12:00:00;172602N232;430;1.855;31;226;226;227;225;0.702;50.01;427.2;0.498;426.9;0.481;0.0;0.000;60;0;0;0.649;0.740;0.717;130;152;146;50.01;50.01;50.01;4355;1000;0.0;0;1.0000;0;0
600;2017-11-03 12:10:00;172602N232;525;1.942;31;226;226;225;226;0.830;50.00;429.1;0.609;428.3;0.590;0.0;0.000;60;0;0;0.780;0.862;0.849;162;182;178;50.00;50.00;50.00;4355;1000;0.0;0;1.0000;0;0
600;2017-11-03 12:20:00;172602N232;714;2.062;31;226;226;226;225;1.098;49.99;428.9;0.844;432.4;0.794;0.0;0.000;60;0;0;1.043;1.137;1.114;225;246;241;49.99;49.99;49.99;4355;1000;0.0;0;1.0000;0;0
600;2017-11-03 12:30:00;172602N232;633;2.167;32;226;226;227;225;0.977;50.00;426.5;0.748;429.2;0.710;0.0;0.000;60;0;0;0.921;1.021;0.990;197;221;213;50.00;50.00;50.00;4355;1000;0.0;0;1.0000;0;0
600;2017-11-03 12:40:00;172602N232;598;2.267;32;226;226;227;226;0.926;49.99;425.9;0.705;427.5;0.675;0.0;0.000;60;0;0;0.871;0.967;0.942;186;208;202;49.99;49.99;49.99;4355;1000;0.0;0;1.0000;0;0
600;2017-11-03 12:50:00;172602N232;527;2.354;32;227;227;227;227;0.822;50.00;424.2;0.620;425.3;0.597;0.0;0.000;60;0;0;0.768;0.859;0.841;162;183;179;50.00;50.00;50.00;4355;1000;0.0;0;1.0000;0;0
600;2017-11-03 13:00:00;172602N232;748;2.479;32;227;227;228;226;1.141;50.01;425.7;0.893;430.7;0.836;0.0;0.000;60;0;0;1.085;1.180;1.158;236;258;252;50.01;50.01;50.01;4355;1000;0.0;0;1.0000;0;0
600;2017-11-03 13:10:00;172602N232;870;2.624;32;227;227;228;226;1.313;50.00;427.3;1.053;428.6;0.966;0.0;0.000;60;0;0;1.262;1.349;1.330;277;299;292;50.00;50.00;50.00;4355;1000;0.0;0;1.0000;0;0
600;2017-11-03 13:20:00;172602N232;554;2.718;32;227;227;227;226;0.861;49.98;418.8;0.669;424.6;0.623;0.0;0.000;60;0;0;0.808;0.898;0.879;172;193;188;49.98;49.98;49.98;4355;1000;0.0;0;1.0000;0;0
600;2017-11-03 13:30:00;172602N232;587;2.816;32;227;227;227;226;0.911;49.99;420.0;0.701;427.2;0.664;0.0;0.000;60;0;0;0.860;0.951;0.923;183;204;197;49.99;49.99;49.99;4355;1000;0.0;0;1.0000;0;0
600;2017-11-03 13:40:00;172602N232;385;2.880;32;227;228;228;226;0.797;49.99;409.6;0.462;419.3;0.439;0.0;0.000;60;0;0;0.799;0.813;0.781;115;138;130;49.99;49.99;49.99;4355;1000;0.0;0;1.0000;0;0
600;2017-11-03 13:50:00;172602N232;394;2.945;32;227;227;227;226;1.184;50.00;412.8;0.469;420.1;0.448;0.0;0.000;60;0;0;1.227;1.227;1.099;117;144;132;50.00;50.00;50.00;4355;1000;0.0;0;1.0000;0;0
600;2017-11-03 14:00:00;172602N232;402;3.012;32;227;227;228;225;1.272;49.99;407.7;0.482;420.0;0.461;0.0;0.000;60;0;0;1.282;1.348;1.186;94;142;165;49.99;49.99;49.99;4355;1000;0.0;0;1.0000;0;0
600;2017-11-03 14:10:00;172602N232;279;3.059;32;227;228;228;225;1.156;50.01;397.3;0.336;412.4;0.321;0.0;0.000;60;0;0;1.367;1.196;0.907;63;107;107;50.01;50.01;50.01;4355;1000;0.0;0;1.0000;0;0
600;2017-11-03 14:20:00;172602N232;137;3.083;32;227;228;229;226;1.034;50.00;388.9;0.160;399.1;0.152;0.0;0.000;60;0;0;1.400;0.952;0.751;11;56;68;50.00;50.00;50.00;4355;1000;0.0;0;1.0000;0;0
600;2017-11-03 14:30:00;172602N232;147;3.106;32;224;225;225;222;1.104;49.99;388.7;0.172;400.7;0.164;0.0;0.000;60;0;0;1.633;0.889;0.790;2;76;80;49.99;49.99;49.99;4355;1000;0.0;0;1.0000;0;0
600;2017-11-03 14:40:00;172602N232;124;3.127;31;223;224;225;222;0.989;50.00;382.4;0.144;396.2;0.137;0.0;0.000;60;0;0;1.266;0.982;0.720;12;48;64;50.00;50.00;50.00;4355;1000;0.0;0;1.0000;0;0
600;2017-11-03 14:50:00;172602N232;62;3.138;31;223;224;224;222;0.877;49.99;366.2;0.068;369.4;0.067;0.0;0.000;60;0;0;0.894;1.060;0.677;7;8;47;49.99;49.99;49.99;4355;1000;0.0;0;1.0000;0;0
600;2017-11-03 15:00:00;172602N232;87;3.152;31;223;224;224;221;0.956;49.99;374.6;0.097;390.4;0.094;0.0;0.000;60;0;0;1.081;1.040;0.747;3;26;60;49.99;49.99;49.99;4355;1000;0.0;0;1.0000;0;0
600;2017-11-03 15:10:00;172602N232;51;3.162;31;222;224;223;220;0.696;50.04;355.1;0.051;358.8;0.051;0.0;0.000;60;0;0;0.908;0.647;0.533;0;27;39;50.04;50.04;50.04;4355;1000;0.0;0;1.0000;0;0
600;2017-11-03 15:20:00;172602N232;10;3.164;30;222;224;220;221;0.283;50.03;265.0;0.002;266.7;0.005;0.0;0.000;60;0;0;0.377;0.239;0.234;0;15;13;50.03;50.03;50.03;4355;1000;0.0;0;1.0000;0;0
600;2017-11-03 15:30:00;172602N232;0;3.165;30;221;223;222;220;0.022;50.01;270.1;0.000;269.6;0.000;0.0;0.000;51;0;0;0.026;0.026;0.014;0;1;0;50.01;50.01;50.01;4379;1000;0.0;0;1.0000;0;0
600;2017-11-03 15:40:00;172602N232;0;3.164;29;221;222;222;218;0.000;50.01;272.3;0.000;271.8;0.000;0.0;0.000;51;0;0;0.000;0.000;0.000;0;0;0;50.01;50.01;50.01;4619;1000;0.0;0;1.0000;0;0
600;2017-11-03 15:50:00;172602N232;0;3.164;28;220;222;223;216;0.000;49.98;231.6;0.000;232.6;0.000;0.0;0.000;51;0;0;0.000;0.000;0.000;0;0;0;49.98;49.98;49.98;4775;1000;0.0;0;1.0000;0;0
600;2017-11-03 16:00:00;172602N232;0;3.164;28;220;222;222;216;0.000;49.97;227.9;0.000;228.8;0.000;0.0;0.000;51;0;0;0.000;0.000;0.000;0;0;0;49.97;49.97;49.97;4775;1000;0.0;0;1.0000;0;0
[wr_ende]
