20141012;230000;172602N232;My Plant;+0100
[wr_def_start]
172602N232;Inverter Type;Inverter Group;72602N232      
[wr_def_end]
[wr]
INTERVAL;TIMESTAMP;SERIAL;P_AC;E_DAY;T_WR;U_AC;U_AC_1;U_AC_2;U_AC_3;I_AC;F_AC;U_DC_1;I_DC_1;U_DC_2;I_DC_2;U_DC_3;I_DC_3;S;E_WR;M_WR;I_AC_1;I_AC_2;I_AC_3;P_AC_1;P_AC_2;P_AC_3;F_AC_1;F_AC_2;F_AC_3;R_DC;PC;PCS;PCS_LL;COS_PHI;COS_PHI_LL;S_COS_PHI
600;2014-10-12 07:00:00;172602N232;0;0.000;0;3;3;3;3;0.000;0.70;3.1;0.000;3.1;0.000;0.0;0.000;50;0;0;0.000;0.000;0.000;0;0;0;0.70;0.70;0.70;73;1000;0.0;0;1.0000;0;0
600;2014-10-12 07:10:00;172602N232;0;0.000;23;224;224;226;221;0.000;50.00;227.3;0.000;228.2;0.000;0.0;0.000;50;0;0;0.000;0.000;0.000;0;0;0;50.00;50.00;50.00;0;1000;0.0;0;1.0000;0;0
600;2014-10-12 07:20:00;172602N232;0;0.000;25;223;225;225;221;0.000;49.99;232.8;0.000;233.8;0.000;0.0;0.000;50;0;0;0.000;0.000;0.000;0;0;0;49.99;49.99;49.99;0;1000;0.0;0;1.0000;0;0
600;2014-10-12 07:30:00;172602N232;0;0.000;26;223;224;226;220;0.000;49.99;230.1;0.000;231.0;0.000;0.0;0.000;50;0;0;0.000;0.000;0.000;0;0;0;49.99;49.99;49.99;0;1000;0.0;0;1.0000;0;0
600;2014-10-12 07:40:00;172602N232;0;0.000;27;223;223;226;220;0.000;50.02;283.8;0.000;283.4;0.000;0.0;0.000;51;0;0;0.001;0.000;0.000;0;0;0;50.02;50.02;50.02;976;1000;0.0;0;1.0000;0;0
600;2014-10-12 07:50:00;172602N232;1;0.000;27;223;223;225;221;0.063;50.01;292.2;0.000;293.3;0.000;0.0;0.000;60;0;0;0.097;0.051;0.041;0;1;2;50.01;50.01;50.01;3968;1000;0.0;0;1.0000;0;0
600;2014-10-12 08:00:00;172602N232;43;0.010;27;224;224;225;222;0.599;50.00;346.3;0.041;355.8;0.044;0.0;0.000;60;0;0;0.749;0.547;0.501;0;22;36;50.00;50.00;50.00;3968;1000;0.0;0;1.0000;0;0
600;2014-10-12 08:10:00;172602N232;81;0.022;28;223;223;224;223;0.769;50.00;362.7;0.090;370.4;0.089;0.0;0.000;60;0;0;0.834;0.891;0.583;9;26;45;50.00;50.00;50.00;3968;1000;0.0;0;1.0000;0;0
600;2014-10-12 08:20:00;172602N232;37;0.028;28;223;223;224;222;0.569;49.99;336.0;0.033;346.9;0.038;0.0;0.000;60;0;0;0.652;0.640;0.417;3;12;26;49.99;49.99;49.99;3968;1000;0.0;0;1.0000;0;0
600;2014-10-12 08:30:00;172602N232;148;0.051;28;223;223;223;222;0.923;49.99;390.2;0.171;395.8;0.170;0.0;0.000;60;0;0;1.031;0.928;0.812;26;50;70;49.99;49.99;49.99;3968;1000;0.0;0;1.0000;0;0
600;2014-10-12 08:40:00;172602N232;189;0.083;29;223;223;222;222;1.057;50.00;402.4;0.220;403.3;0.218;0.0;0.000;60;0;0;1.439;0.912;0.820;33;94;60;50.00;50.00;50.00;3968;1000;0.0;0;1.0000;0;0
600;2014-10-12 08:50:00;172602N232;296;0.133;29;222;223;222;222;1.136;50.01;410.3;0.351;412.6;0.340;0.0;0.000;60;0;0;1.316;1.074;1.018;90;113;91;50.01;50.01;50.01;3968;1000;0.0;0;1.0000;0;0
600;2014-10-12 09:00:00;172602N232;343;0.189;30;222;222;223;222;1.167;50.00;414.8;0.407;416.0;0.392;0.0;0.000;60;0;0;1.221;1.155;1.125;101;125;116;50.00;50.00;50.00;3968;1000;0.0;0;1.0000;0;0
600;2014-10-12 09:10:00;172602N232;647;0.298;30;222;223;223;221;1.268;49.99;413.7;0.878;432.8;0.662;0.0;0.000;60;0;0;1.298;1.275;1.233;207;225;213;49.99;49.99;49.99;3968;1000;0.0;0;1.0000;0;0
600;2014-10-12 09:20:00;172602N232;1034;0.471;31;223;223;224;223;1.639;50.00;426.9;1.501;446.5;0.869;0.0;0.000;60;0;0;1.630;1.644;1.643;333;352;347;50.00;50.00;50.00;3968;1000;0.0;0;1.0000;0;0
600;2014-10-12 09:30:00;172602N232;799;0.604;31;223;223;223;222;1.352;50.01;424.4;0.956;428.2;0.908;0.0;0.000;60;0;0;1.405;1.312;1.340;255;268;274;50.01;50.01;50.01;3968;1000;0.0;0;1.0000;0;0
600;2014-10-12 09:40:00;172602N232;797;0.737;32;222;223;223;221;1.229;50.01;419.6;1.012;429.3;0.849;0.0;0.000;60;0;0;1.177;1.270;1.240;253;276;266;50.01;50.01;50.01;3968;1000;0.0;0;1.0000;0;0
600;2014-10-12 09:50:00;172602N232;666;0.847;33;222;223;223;220;1.091;50.01;420.3;0.795;418.7;0.778;0.0;0.000;60;0;0;1.071;1.107;1.097;213;229;222;50.01;50.01;50.01;3968;1000;0.0;0;1.0000;0;0
600;2014-10-12 10:00:00;172602N232;696;0.964;33;223;223;224;222;1.077;49.99;420.7;0.826;415.4;0.827;0.0;0.000;60;0;0;1.023;1.118;1.092;219;241;233;49.99;49.99;49.99;3968;1000;0.0;0;1.0000;0;0
600;2014-10-12 10:10:00;172602N232;632;1.069;34;222;221;224;221;1.144;49.99;413.2;0.770;420.6;0.729;0.0;0.000;60;0;0;1.087;1.206;1.139;198;223;208;49.99;49.99;49.99;3968;1000;0.0;0;1.0000;0;0
600;2014-10-12 10:20:00;172602N232;683;1.183;34;223;222;225;222;1.189;50.00;414.5;0.988;433.9;0.597;0.0;0.000;60;0;0;1.134;1.247;1.186;214;240;227;50.00;50.00;50.00;3968;1000;0.0;0;1.0000;0;0
600;2014-10-12 10:30:00;172602N232;1843;1.491;34;225;224;227;223;2.753;49.99;423.2;2.871;383.2;1.916;0.0;0.000;60;0;0;2.695;2.818;2.747;600;633;607;49.99;49.99;49.99;3968;1000;0.0;0;1.0000;0;0
600;2014-10-12 10:40:00;172602N232;2274;1.870;35;225;224;227;223;3.393;49.99;416.2;3.118;327.2;3.070;0.0;0.000;60;0;0;3.336;3.467;3.376;743;783;747;49.99;49.99;49.99;3968;1000;0.0;0;1.0000;0;0
600;2014-10-12 10:50:00;172602N232;1142;2.061;35;223;223;225;222;1.732;49.99;407.7;1.477;405.2;1.368;0.0;0.000;60;0;0;1.678;1.778;1.740;366;394;379;49.99;49.99;49.99;3968;1000;0.0;0;1.0000;0;0
600;2014-10-12 11:00:00;172602N232;1994;2.394;36;224;225;225;223;2.981;50.00;415.2;2.579;381.7;2.514;0.0;0.000;60;0;0;2.937;3.028;2.979;656;678;659;50.00;50.00;50.00;3968;1000;0.0;0;1.0000;0;0
600;2014-10-12 11:10:00;172602N232;2463;2.803;36;225;225;226;224;3.665;50.00;411.7;3.183;377.4;3.127;0.0;0.000;60;0;0;3.616;3.707;3.673;808;834;818;50.00;50.00;50.00;3968;1000;0.0;0;1.0000;0;0
600;2014-10-12 11:20:00;172602N232;2626;3.241;37;225;225;226;223;3.912;50.01;409.0;3.376;382.8;3.334;0.0;0.000;60;0;0;3.860;3.972;3.905;863;894;867;50.01;50.01;50.01;3968;1000;0.0;0;1.0000;0;0
600;2014-10-12 11:30:00;172602N232;2768;3.703;39;225;225;226;224;4.118;50.01;407.6;3.489;400.8;3.436;0.0;0.000;60;0;0;4.072;4.176;4.107;911;940;914;50.01;50.01;50.01;3968;1000;0.0;0;1.0000;0;0
600;2014-10-12 11:40:00;172602N232;2684;4.151;38;224;225;224;223;4.005;49.99;405.2;3.362;406.0;3.323;0.0;0.000;60;0;0;3.989;4.035;3.992;894;900;887;49.99;49.99;49.99;3968;1000;0.0;0;1.0000;0;0
600;2014-10-12 11:50:00;172602N232;2917;4.637;38;224;224;227;222;4.341;49.99;402.9;3.668;404.3;3.636;0.0;0.000;60;0;0;4.295;4.429;4.300;960;1002;952;49.99;49.99;49.99;3968;1000;0.0;0;1.0000;0;0
600;2014-10-12 12:00:00;172602N232;1580;4.901;39;223;223;225;222;2.385;50.00;396.9;1.991;399.7;1.958;0.0;0.000;60;0;0;2.330;2.433;2.392;512;543;525;50.00;50.00;50.00;3968;1000;0.0;0;1.0000;0;0
600;2014-10-12 12:10:00;172602N232;2596;5.333;39;224;222;227;223;3.874;50.00;407.4;3.205;409.5;3.175;0.0;0.000;60;0;0;3.778;3.971;3.873;836;900;858;50.00;50.00;50.00;3968;1000;0.0;0;1.0000;0;0
600;2014-10-12 12:20:00;172602N232;3386;5.899;39;225;224;228;222;5.026;50.00;404.5;4.250;405.6;4.222;0.0;0.000;60;0;0;4.951;5.147;4.982;1106;1174;1105;50.00;50.00;50.00;3968;1000;0.0;0;1.0000;0;0
600;2014-10-12 12:30:00;172602N232;3415;6.470;40;225;226;229;220;5.064;50.01;400.6;4.336;401.9;4.292;0.0;0.000;60;0;0;5.044;5.198;4.952;1137;1187;1088;50.01;50.01;50.01;3968;1000;0.0;0;1.0000;0;0
600;2014-10-12 12:40:00;172602N232;3432;7.039;40;225;226;227;222;5.094;50.01;398.7;4.375;399.6;4.343;0.0;0.000;60;0;0;5.075;5.186;5.022;1143;1176;1110;50.01;50.01;50.01;3968;1000;0.0;0;1.0000;0;0
600;2014-10-12 12:50:00;172602N232;3406;7.608;41;225;225;228;224;5.045;50.00;394.2;4.389;395.1;4.358;0.0;0.000;60;0;0;4.991;5.136;5.009;1121;1167;1116;50.00;50.00;50.00;3968;1000;0.0;0;1.0000;0;0
600;2014-10-12 13:00:00;172602N232;3372;8.169;41;226;225;229;223;4.988;50.03;394.0;4.352;394.9;4.313;0.0;0.000;60;0;0;4.922;5.082;4.960;1107;1159;1104;50.03;50.03;50.03;3968;1000;0.0;0;1.0000;0;0
600;2014-10-12 13:10:00;172602N232;1140;8.360;41;224;224;225;222;1.823;50.03;392.9;1.453;391.3;1.454;0.0;0.000;60;0;0;1.814;1.856;1.799;367;395;377;50.03;50.03;50.03;3968;1000;0.0;0;1.0000;0;0
600;2014-10-12 13:20:00;172602N232;842;8.501;41;223;223;225;221;1.514;50.03;414.4;1.008;405.3;1.038;0.0;0.000;60;0;0;1.709;1.417;1.416;282;279;280;50.03;50.03;50.03;3968;1000;0.0;0;1.0000;0;0
600;2014-10-12 13:30:00;172602N232;823;8.638;41;223;223;225;222;1.264;50.03;415.2;0.980;411.4;1.001;0.0;0.000;60;0;0;1.210;1.307;1.275;261;286;274;50.03;50.03;50.03;3968;1000;0.0;0;1.0000;0;0
600;2014-10-12 13:40:00;172602N232;1022;8.808;41;223;224;224;222;1.575;50.01;415.3;1.230;414.1;1.219;0.0;0.000;60;0;0;1.534;1.617;1.574;329;350;339;50.01;50.01;50.01;3968;1000;0.0;0;1.0000;0;0
600;2014-10-12 13:50:00;172602N232;3264;9.353;41;226;226;228;223;4.831;49.99;414.0;3.997;414.6;3.974;0.0;0.000;60;0;0;4.807;4.911;4.777;1083;1117;1062;49.99;49.99;49.99;3968;1000;0.0;0;1.0000;0;0
600;2014-10-12 14:00:00;172602N232;2949;9.845;41;225;226;227;223;4.383;50.01;403.3;3.787;389.2;3.749;0.0;0.000;60;0;0;4.330;4.455;4.364;972;1006;968;50.01;50.01;50.01;3968;1000;0.0;0;1.0000;0;0
600;2014-10-12 14:10:00;172602N232;2841;10.319;41;226;225;228;223;4.210;50.01;401.6;3.808;359.7;3.756;0.0;0.000;60;0;0;4.136;4.293;4.202;929;976;935;50.01;50.01;50.01;3968;1000;0.0;0;1.0000;0;0
600;2014-10-12 14:20:00;172602N232;2442;10.725;42;225;225;228;223;3.628;49.99;400.8;3.375;339.4;3.301;0.0;0.000;60;0;0;3.563;3.718;3.603;798;844;799;49.99;49.99;49.99;3968;1000;0.0;0;1.0000;0;0
600;2014-10-12 14:30:00;172602N232;2161;11.086;42;226;226;227;224;3.210;49.99;403.6;3.022;334.5;2.896;0.0;0.000;60;0;0;3.154;3.279;3.199;707;741;712;49.99;49.99;49.99;3968;1000;0.0;0;1.0000;0;0
600;2014-10-12 14:40:00;172602N232;2565;11.513;42;226;226;229;224;3.804;49.99;402.6;3.853;317.6;3.317;0.0;0.000;60;0;0;3.743;3.885;3.785;839;882;842;49.99;49.99;49.99;3968;1000;0.0;0;1.0000;0;0
600;2014-10-12 14:50:00;172602N232;2187;11.878;42;226;225;229;224;3.251;49.98;398.8;3.421;275.3;3.129;0.0;0.000;60;0;0;3.195;3.328;3.232;714;755;716;49.98;49.98;49.98;3968;1000;0.0;0;1.0000;0;0
600;2014-10-12 15:00:00;172602N232;2224;12.249;42;226;225;229;224;3.299;50.01;400.8;3.641;273.0;2.944;0.0;0.000;60;0;0;3.232;3.380;3.287;724;768;730;50.01;50.01;50.01;3968;1000;0.0;0;1.0000;0;0
600;2014-10-12 15:10:00;172602N232;1889;12.564;42;225;224;228;223;2.821;50.01;404.3;3.218;253.7;2.432;0.0;0.000;60;0;0;2.752;2.895;2.817;612;653;622;50.01;50.01;50.01;3968;1000;0.0;0;1.0000;0;0
600;2014-10-12 15:20:00;172602N232;1744;12.855;42;224;224;226;223;2.615;50.00;375.3;3.038;252.3;2.525;0.0;0.000;60;0;0;2.564;2.668;2.613;569;597;576;50.00;50.00;50.00;3968;1000;0.0;0;1.0000;0;0
600;2014-10-12 15:30:00;172602N232;1813;13.157;42;225;224;227;223;2.711;50.00;331.7;3.080;272.6;3.055;0.0;0.000;60;0;0;2.649;2.779;2.707;588;624;599;50.00;50.00;50.00;3968;1000;0.0;0;1.0000;0;0
600;2014-10-12 15:40:00;172602N232;922;13.310;42;224;223;225;223;1.535;50.00;344.4;1.499;355.3;1.447;0.0;0.000;60;0;0;1.501;1.605;1.501;293;319;308;50.00;50.00;50.00;3968;1000;0.0;0;1.0000;0;0
600;2014-10-12 15:50:00;172602N232;228;13.349;42;223;222;225;221;1.040;50.01;378.0;0.286;384.5;0.282;0.0;0.000;60;0;0;1.028;1.316;0.778;56;78;91;50.01;50.01;50.01;3968;1000;0.0;0;1.0000;0;0
600;2014-10-12 16:00:00;172602N232;317;13.402;41;223;223;224;221;1.170;50.00;390.4;0.389;399.4;0.387;0.0;0.000;60;0;0;1.303;1.165;1.044;97;104;113;50.00;50.00;50.00;3968;1000;0.0;0;1.0000;0;0
600;2014-10-12 16:10:00;172602N232;1103;13.586;41;224;223;226;222;1.734;49.99;442.4;0.748;411.1;1.872;0.0;0.000;60;0;0;1.684;1.792;1.728;352;384;365;49.99;49.99;49.99;3968;1000;0.0;0;1.0000;0;0
600;2014-10-12 16:20:00;172602N232;955;13.745;41;223;222;226;222;1.451;49.99;444.6;0.426;413.3;1.847;0.0;0.000;60;0;0;1.387;1.504;1.464;301;334;318;49.99;49.99;49.99;3968;1000;0.0;0;1.0000;0;0
600;2014-10-12 16:30:00;172602N232;231;13.784;41;223;222;224;221;1.041;49.99;387.4;0.250;391.3;0.308;0.0;0.000;60;0;0;1.092;1.244;0.787;55;84;90;49.99;49.99;49.99;3968;1000;0.0;0;1.0000;0;0
600;2014-10-12 16:40:00;172602N232;390;13.849;40;223;222;224;222;1.066;50.01;420.2;0.296;333.0;0.822;0.0;0.000;60;0;0;1.144;1.125;0.930;119;138;131;50.01;50.01;50.01;3968;1000;0.0;0;1.0000;0;0
600;2014-10-12 16:50:00;172602N232;280;13.896;40;223;223;224;222;1.106;50.00;434.9;0.277;380.1;0.439;0.0;0.000;60;0;0;1.061;1.285;0.972;73;101;104;50.00;50.00;50.00;3968;1000;0.0;0;1.0000;0;0
600;2014-10-12 17:00:00;172602N232;204;13.930;40;223;222;225;222;0.962;49.99;405.0;0.219;410.8;0.243;0.0;0.000;60;0;0;0.974;1.117;0.797;54;62;86;49.99;49.99;49.99;3968;1000;0.0;0;1.0000;0;0
600;2014-10-12 17:10:00;172602N232;187;13.962;39;222;220;224;221;0.980;49.99;387.3;0.212;393.3;0.235;0.0;0.000;60;0;0;0.759;1.436;0.747;54;45;86;49.99;49.99;49.99;3968;1000;0.0;0;1.0000;0;0
600;2014-10-12 17:20:00;172602N232;198;13.995;39;221;219;224;220;1.026;49.99;386.3;0.232;393.8;0.242;0.0;0.000;60;0;0;0.904;1.395;0.779;62;49;84;49.99;49.99;49.99;3968;1000;0.0;0;1.0000;0;0
600;2014-10-12 17:30:00;172602N232;92;14.010;39;221;220;223;221;0.915;49.99;368.6;0.100;379.0;0.112;0.0;0.000;60;0;0;0.776;1.236;0.734;31;6;55;49.99;49.99;49.99;3968;1000;0.0;0;1.0000;0;0
600;2014-10-12 17:40:00;172602N232;52;14.019;38;221;219;223;220;0.726;50.03;351.6;0.052;364.1;0.060;0.0;0.000;60;0;0;0.584;1.052;0.543;25;0;37;50.03;50.03;50.03;3968;1000;0.0;0;1.0000;0;0
600;2014-10-12 17:50:00;172602N232;41;14.026;38;221;220;224;219;0.629;50.05;337.4;0.038;361.6;0.044;0.0;0.000;60;0;0;0.523;0.936;0.428;23;0;33;50.05;50.05;50.05;3968;1000;0.0;0;1.0000;0;0
600;2014-10-12 18:00:00;172602N232;13;14.030;37;220;221;222;219;0.353;49.98;276.0;0.007;275.5;0.012;0.0;0.000;60;0;0;0.455;0.364;0.241;2;5;14;49.98;49.98;49.98;3968;1000;0.0;0;1.0000;0;0
600;2014-10-12 18:10:00;172602N232;0;14.029;37;219;219;222;217;0.006;49.96;265.6;0.000;265.4;0.000;0.0;0.000;50;0;0;0.005;0.009;0.004;0;0;0;49.96;49.96;49.96;3968;1000;0.0;0;1.0000;0;0
600;2014-10-12 18:20:00;172602N232;0;14.029;35;220;219;224;217;0.000;49.97;231.2;0.000;232.2;0.000;0.0;0.000;50;0;0;0.000;0.000;0.000;0;0;0;49.97;49.97;49.97;3968;1000;0.0;0;1.0000;0;0
600;2014-10-12 18:30:00;172602N232;0;14.029;35;219;219;221;217;0.000;49.93;227.8;0.000;228.7;0.000;0.0;0.000;50;0;0;0.000;0.000;0.000;0;0;0;49.93;49.93;49.93;3968;1000;0.0;0;1.0000;0;0
[wr_ende]
