20131021;230002;172602N232;My Plant;+0100
[wr_def_start]
172602N232;Inverter Type;Inverter Group;72602N232      
[wr_def_end]
[wr]
INTERVAL;TIMESTAMP;SERIAL;P_AC;E_DAY;T_WR;U_AC;U_AC_1;U_AC_2;U_AC_3;I_AC;F_AC;U_DC_1;I_DC_1;U_DC_2;I_DC_2;U_DC_3;I_DC_3;S;E_WR;M_WR;I_AC_1;I_AC_2;I_AC_3;P_AC_1;P_AC_2;P_AC_3;F_AC_1;F_AC_2;F_AC_3;R_DC;PC;PCS;PCS_LL;COS_PHI;COS_PHI_LL;S_COS_PHI
600;2013-10-21 07:50:00;172602N232;0;0.000;0;3;3;3;3;0.000;0.76;3.4;0.000;3.5;0.000;0.0;0.000;50;0;0;0.000;0.000;0.000;0;0;0;0.76;0.76;0.76;20;1000;0.0;0;1.0000;0;0
600;2013-10-21 08:00:00;172602N232;0;0.000;22;224;225;224;222;0.000;50.08;230.8;0.000;231.8;0.000;0.0;0.000;50;0;0;0.000;0.000;0.000;0;0;0;50.08;50.08;50.08;0;1000;0.0;0;1.0000;0;0
600;2013-10-21 08:10:00;172602N232;0;0.000;23;200;202;201;199;0.017;50.33;297.0;0.000;296.3;0.000;0.0;0.000;51;19;0;0.021;0.015;0.016;0;0;0;50.31;50.30;50.29;2120;1000;0.0;0;1.0000;0;0
600;2013-10-21 08:20:00;172602N232;16;0.003;23;124;125;124;124;0.210;49.99;390.3;0.015;389.1;0.017;0.0;0.000;60;0;0;0.256;0.182;0.192;0;11;8;49.99;49.99;49.99;4221;1000;0.0;0;1.0000;0;0
600;2013-10-21 08:30:00;172602N232;67;0.015;24;226;226;226;225;0.762;50.00;372.9;0.071;373.3;0.075;0.0;0.000;60;0;0;0.955;0.708;0.624;2;34;33;50.00;50.00;50.00;4336;1000;0.0;0;1.0000;0;0
600;2013-10-21 08:40:00;172602N232;78;0.026;24;226;226;228;226;0.871;49.99;375.6;0.086;378.7;0.090;0.0;0.000;60;0;0;0.913;0.996;0.706;8;17;51;49.99;49.99;49.99;4336;1000;0.0;0;1.0000;0;0
600;2013-10-21 08:50:00;172602N232;34;0.031;25;223;223;224;222;0.541;49.99;330.4;0.029;343.3;0.034;0.0;0.000;60;0;0;0.689;0.573;0.361;5;10;23;49.99;49.99;49.99;4336;1000;0.0;0;1.0000;0;0
600;2013-10-21 09:00:00;172602N232;43;0.040;25;224;224;225;223;0.598;50.00;348.2;0.041;355.4;0.044;0.0;0.000;60;0;0;0.680;0.658;0.457;1;17;31;50.00;50.00;50.00;4336;1000;0.0;0;1.0000;0;0
600;2013-10-21 09:10:00;172602N232;108;0.058;26;223;224;224;222;0.914;49.99;385.4;0.121;382.4;0.126;0.0;0.000;60;0;0;1.081;0.913;0.748;5;43;61;49.99;49.99;49.99;4336;1000;0.0;0;1.0000;0;0
600;2013-10-21 09:20:00;172602N232;159;0.084;26;223;223;224;222;1.010;49.99;397.4;0.181;392.9;0.187;0.0;0.000;60;0;0;1.350;0.926;0.756;20;75;63;49.99;49.99;49.99;4336;1000;0.0;0;1.0000;0;0
600;2013-10-21 09:30:00;172602N232;196;0.117;27;222;222;223;222;0.932;49.99;401.8;0.226;397.5;0.230;0.0;0.000;60;0;0;0.944;1.118;0.736;52;83;59;49.99;49.99;49.99;4336;1000;0.0;0;1.0000;0;0
600;2013-10-21 09:40:00;172602N232;183;0.148;27;223;222;224;223;0.943;50.00;398.2;0.211;394.9;0.216;0.0;0.000;60;0;0;0.889;1.245;0.695;46;74;61;50.00;50.00;50.00;4336;1000;0.0;0;1.0000;0;0
600;2013-10-21 09:50:00;172602N232;216;0.184;28;222;221;224;222;0.951;50.00;402.2;0.248;397.0;0.255;0.0;0.000;60;0;0;0.899;1.139;0.815;63;72;79;50.00;50.00;50.00;4336;1000;0.0;0;1.0000;0;0
600;2013-10-21 10:00:00;172602N232;268;0.229;28;223;222;224;222;0.894;49.97;409.2;0.309;403.3;0.317;0.0;0.000;60;0;0;0.952;0.890;0.840;72;95;99;49.97;49.97;49.97;4336;1000;0.0;0;1.0000;0;0
600;2013-10-21 10:10:00;172602N232;202;0.262;29;222;223;220;223;0.969;49.99;402.6;0.232;395.9;0.240;0.0;0.000;60;0;0;1.024;1.002;0.882;50;107;43;49.99;49.99;49.99;4336;1000;0.0;0;1.0000;0;0
600;2013-10-21 10:20:00;172602N232;198;0.296;29;223;223;222;223;0.954;50.01;402.1;0.228;395.5;0.236;0.0;0.000;60;0;0;0.995;0.954;0.913;50;95;51;50.01;50.01;50.01;4336;1000;0.0;0;1.0000;0;0
600;2013-10-21 10:30:00;172602N232;147;0.321;29;222;223;222;223;0.949;50.01;395.2;0.167;389.1;0.174;0.0;0.000;60;0;0;1.087;0.917;0.843;18;89;37;50.01;50.01;50.01;4336;1000;0.0;0;1.0000;0;0
600;2013-10-21 10:40:00;172602N232;140;0.344;30;222;222;222;222;0.849;50.01;393.5;0.159;387.6;0.166;0.0;0.000;60;0;0;0.855;0.953;0.740;18;74;47;50.01;50.01;50.01;4336;1000;0.0;0;1.0000;0;0
600;2013-10-21 10:50:00;172602N232;254;0.386;30;222;223;222;222;1.052;50.01;405.4;0.296;403.5;0.300;0.0;0.000;60;0;0;1.184;1.046;0.928;73;110;69;50.01;50.01;50.01;4336;1000;0.0;0;1.0000;0;0
600;2013-10-21 11:00:00;172602N232;151;0.412;30;223;223;223;222;0.975;50.00;394.0;0.172;387.7;0.179;0.0;0.000;60;0;0;1.237;0.860;0.830;28;78;42;50.00;50.00;50.00;4336;1000;0.0;0;1.0000;0;0
600;2013-10-21 11:10:00;172602N232;159;0.438;30;222;222;222;222;0.948;49.99;392.8;0.183;388.5;0.189;0.0;0.000;60;0;0;1.140;0.839;0.867;34;71;52;49.99;49.99;49.99;4336;1000;0.0;0;1.0000;0;0
600;2013-10-21 11:20:00;172602N232;180;0.469;30;223;222;224;222;0.959;50.01;396.8;0.208;392.2;0.213;0.0;0.000;60;0;0;1.240;0.913;0.725;52;57;69;50.01;50.01;50.01;4336;1000;0.0;0;1.0000;0;0
600;2013-10-21 11:30:00;172602N232;188;0.500;31;223;223;225;222;0.918;50.00;397.7;0.217;393.6;0.222;0.0;0.000;60;0;0;0.835;1.242;0.678;30;78;78;50.00;50.00;50.00;4336;1000;0.0;0;1.0000;0;0
600;2013-10-21 11:40:00;172602N232;199;0.533;31;223;224;224;221;1.046;50.00;399.7;0.231;394.7;0.237;0.0;0.000;60;0;0;1.402;1.041;0.695;37;83;77;50.00;50.00;50.00;4336;1000;0.0;0;1.0000;0;0
600;2013-10-21 11:50:00;172602N232;289;0.582;31;224;225;226;222;1.139;50.01;410.6;0.336;405.8;0.344;0.0;0.000;60;0;0;1.205;1.259;0.953;69;111;108;50.01;50.01;50.01;4336;1000;0.0;0;1.0000;0;0
600;2013-10-21 12:00:00;172602N232;167;0.610;31;224;224;225;223;0.983;50.01;396.2;0.192;389.1;0.199;0.0;0.000;60;0;0;1.216;0.956;0.777;36;64;65;50.01;50.01;50.01;4336;1000;0.0;0;1.0000;0;0
600;2013-10-21 12:10:00;172602N232;375;0.672;31;225;225;226;224;1.011;49.99;415.4;0.435;410.5;0.444;0.0;0.000;60;0;0;1.016;1.096;0.923;109;134;130;49.99;49.99;49.99;4336;1000;0.0;0;1.0000;0;0
600;2013-10-21 12:20:00;172602N232;424;0.743;31;225;224;226;224;0.994;49.99;416.6;0.496;413.0;0.500;0.0;0.000;60;0;0;0.997;1.025;0.962;128;151;143;49.99;49.99;49.99;4336;1000;0.0;0;1.0000;0;0
600;2013-10-21 12:30:00;172602N232;623;0.847;31;224;224;226;223;0.962;50.01;425.0;0.727;422.1;0.726;0.0;0.000;60;0;0;0.908;1.005;0.974;195;217;209;50.01;50.01;50.01;4336;1000;0.0;0;1.0000;0;0
600;2013-10-21 12:40:00;172602N232;706;0.965;32;223;224;225;221;1.088;50.02;423.6;0.830;423.1;0.824;0.0;0.000;60;0;0;1.039;1.136;1.089;224;247;233;50.02;50.02;50.02;4336;1000;0.0;0;1.0000;0;0
600;2013-10-21 12:50:00;172602N232;707;1.084;32;224;224;225;222;1.102;50.00;423.9;0.828;417.7;0.839;0.0;0.000;60;0;0;1.066;1.136;1.104;225;245;235;50.00;50.00;50.00;4336;1000;0.0;0;1.0000;0;0
600;2013-10-21 13:00:00;172602N232;632;1.189;32;224;224;225;222;0.976;50.01;421.9;0.739;422.5;0.740;0.0;0.000;60;0;0;0.930;1.011;0.988;200;219;212;50.01;50.01;50.01;4336;1000;0.0;0;1.0000;0;0
600;2013-10-21 13:10:00;172602N232;933;1.344;33;224;224;226;223;1.411;50.01;425.9;1.092;425.9;1.088;0.0;0.000;60;0;0;1.362;1.447;1.425;299;320;312;50.01;50.01;50.01;4336;1000;0.0;0;1.0000;0;0
600;2013-10-21 13:20:00;172602N232;639;1.451;33;224;225;226;222;1.246;50.01;416.1;0.755;413.4;0.754;0.0;0.000;60;0;0;1.269;1.260;1.211;198;222;218;50.01;50.01;50.01;4336;1000;0.0;0;1.0000;0;0
600;2013-10-21 13:30:00;172602N232;532;1.540;33;227;227;228;226;1.146;50.01;415.4;0.630;412.8;0.635;0.0;0.000;60;0;0;1.169;1.190;1.079;167;190;173;50.01;50.01;50.01;4336;1000;0.0;0;1.0000;0;0
600;2013-10-21 13:40:00;172602N232;791;1.672;34;225;225;227;224;1.225;50.02;420.1;0.938;419.5;0.934;0.0;0.000;60;0;0;1.173;1.269;1.235;250;275;264;50.02;50.02;50.02;4336;1000;0.0;0;1.0000;0;0
600;2013-10-21 13:50:00;172602N232;896;1.822;34;225;225;227;223;1.372;50.01;421.1;1.053;419.4;1.063;0.0;0.000;60;0;0;1.320;1.414;1.382;284;311;299;50.01;50.01;50.01;4336;1000;0.0;0;1.0000;0;0
600;2013-10-21 14:00:00;172602N232;552;1.913;34;225;225;226;223;1.017;49.99;413.8;0.653;411.0;0.663;0.0;0.000;60;0;0;1.002;1.063;0.988;171;192;187;49.99;49.99;49.99;4336;1000;0.0;0;1.0000;0;0
600;2013-10-21 14:10:00;172602N232;466;1.991;34;224;224;225;223;0.835;50.00;411.4;0.556;409.6;0.560;0.0;0.000;60;0;0;0.846;0.844;0.816;149;162;154;50.00;50.00;50.00;4336;1000;0.0;0;1.0000;0;0
600;2013-10-21 14:20:00;172602N232;453;2.067;34;224;224;226;223;0.804;49.99;411.3;0.539;408.7;0.543;0.0;0.000;60;0;0;0.770;0.842;0.800;141;160;150;49.99;49.99;49.99;4336;1000;0.0;0;1.0000;0;0
600;2013-10-21 14:30:00;172602N232;1052;2.243;34;224;225;226;223;1.737;49.99;423.9;1.282;426.3;1.178;0.0;0.000;60;0;0;1.753;1.740;1.718;340;359;351;49.99;49.99;49.99;4336;1000;0.0;0;1.0000;0;0
600;2013-10-21 14:40:00;172602N232;847;2.384;34;225;225;227;224;1.294;49.99;419.2;1.006;417.9;1.008;0.0;0.000;60;0;0;1.242;1.334;1.307;268;293;284;49.99;49.99;49.99;4336;1000;0.0;0;1.0000;0;0
600;2013-10-21 14:50:00;172602N232;396;2.450;35;225;224;227;225;0.911;50.02;407.4;0.470;404.8;0.478;0.0;0.000;60;0;0;0.875;0.988;0.872;125;139;131;50.02;50.02;50.02;4336;1000;0.0;0;1.0000;0;0
600;2013-10-21 15:00:00;172602N232;363;2.510;35;226;225;227;225;1.049;49.99;403.3;0.435;403.7;0.435;0.0;0.000;60;0;0;1.042;1.156;0.950;112;130;119;49.99;49.99;49.99;4336;1000;0.0;0;1.0000;0;0
600;2013-10-21 15:10:00;172602N232;827;2.649;35;226;226;226;225;1.254;49.99;422.0;0.992;418.5;0.963;0.0;0.000;60;0;0;1.199;1.295;1.268;262;285;278;49.99;49.99;49.99;4336;1000;0.0;0;1.0000;0;0
600;2013-10-21 15:20:00;172602N232;725;2.770;35;227;226;228;226;1.107;49.98;419.1;0.878;420.4;0.834;0.0;0.000;60;0;0;1.046;1.150;1.125;226;252;245;49.98;49.98;49.98;4336;1000;0.0;0;1.0000;0;0
600;2013-10-21 15:30:00;172602N232;864;2.914;35;225;224;226;224;1.313;49.99;421.5;1.061;427.4;0.964;0.0;0.000;60;0;0;1.257;1.356;1.327;274;299;290;49.99;49.99;49.99;4336;1000;0.0;0;1.0000;0;0
600;2013-10-21 15:40:00;172602N232;684;3.028;35;225;225;227;225;1.102;49.99;419.6;0.821;420.8;0.791;0.0;0.000;60;0;0;1.073;1.127;1.108;215;236;230;49.99;49.99;49.99;4336;1000;0.0;0;1.0000;0;0
600;2013-10-21 15:50:00;172602N232;446;3.102;35;226;225;227;225;0.967;50.01;412.6;0.526;411.4;0.529;0.0;0.000;60;0;0;0.958;1.025;0.920;139;158;148;50.01;50.01;50.01;4336;1000;0.0;0;1.0000;0;0
600;2013-10-21 16:00:00;172602N232;491;3.184;35;225;224;226;225;0.940;50.02;418.4;0.574;420.7;0.570;0.0;0.000;60;0;0;0.897;0.969;0.954;150;173;166;50.02;50.02;50.02;4336;1000;0.0;0;1.0000;0;0
600;2013-10-21 16:10:00;172602N232;620;3.288;35;225;224;226;225;0.991;50.00;423.9;0.706;419.7;0.747;0.0;0.000;60;0;0;0.954;1.016;1.005;192;215;211;50.00;50.00;50.00;4336;1000;0.0;0;1.0000;0;0
600;2013-10-21 16:20:00;172602N232;646;3.396;35;225;225;226;225;1.009;49.99;419.9;0.740;419.3;0.785;0.0;0.000;60;0;0;0.962;1.040;1.025;202;224;219;49.99;49.99;49.99;4336;1000;0.0;0;1.0000;0;0
600;2013-10-21 16:30:00;172602N232;572;3.492;35;225;224;225;224;0.891;49.98;421.7;0.667;418.2;0.678;0.0;0.000;60;0;0;0.832;0.929;0.914;176;200;195;49.98;49.98;49.98;4336;1000;0.0;0;1.0000;0;0
600;2013-10-21 16:40:00;172602N232;439;3.565;35;224;223;226;224;0.964;49.98;413.4;0.515;412.8;0.522;0.0;0.000;60;0;0;0.929;1.028;0.937;135;157;144;49.98;49.98;49.98;4336;1000;0.0;0;1.0000;0;0
600;2013-10-21 16:50:00;172602N232;168;3.593;35;224;223;225;224;0.955;50.03;392.5;0.195;388.9;0.200;0.0;0.000;60;0;0;0.883;1.193;0.789;45;51;70;50.03;50.03;50.03;4336;1000;0.0;0;1.0000;0;0
600;2013-10-21 17:00:00;172602N232;81;3.606;35;223;223;224;224;0.782;50.03;371.8;0.088;370.7;0.094;0.0;0.000;60;0;0;0.751;0.875;0.720;23;24;32;50.03;50.03;50.03;4336;1000;0.0;0;1.0000;0;0
600;2013-10-21 17:10:00;172602N232;66;3.618;35;223;223;223;224;0.724;50.00;365.4;0.069;367.4;0.074;0.0;0.000;60;0;0;0.812;0.675;0.687;13;31;21;50.00;50.00;50.00;4336;1000;0.0;0;1.0000;0;0
600;2013-10-21 17:20:00;172602N232;44;3.626;34;222;222;222;222;0.573;50.01;341.0;0.042;350.9;0.046;0.0;0.000;60;0;0;0.619;0.528;0.573;11;25;16;50.01;50.01;50.01;4336;1000;0.0;0;1.0000;0;0
600;2013-10-21 17:30:00;172602N232;9;3.627;34;221;222;221;220;0.256;49.98;262.9;0.003;272.5;0.006;0.0;0.000;60;0;0;0.354;0.217;0.198;0;13;10;49.98;49.98;49.98;4336;1000;0.0;0;1.0000;0;0
600;2013-10-21 17:40:00;172602N232;0;3.626;33;221;222;222;219;0.007;49.95;246.2;0.000;246.5;0.000;0.0;0.000;50;0;0;0.022;0.000;0.000;0;0;0;49.95;49.95;49.95;4336;1000;0.0;0;1.0000;0;0
600;2013-10-21 17:50:00;172602N232;0;3.626;31;221;222;223;219;0.000;50.01;231.1;0.000;232.0;0.000;0.0;0.000;50;0;0;0.000;0.000;0.000;0;0;0;50.01;50.01;50.01;4336;1000;0.0;0;1.0000;0;0
600;2013-10-21 18:00:00;172602N232;0;3.626;30;221;222;222;219;0.000;50.02;229.2;0.000;230.1;0.000;0.0;0.000;50;0;0;0.000;0.000;0.000;0;0;0;50.02;50.02;50.02;4336;1000;0.0;0;1.0000;0;0
600;2013-10-21 18:10:00;172602N232;0;3.626;30;220;222;222;217;0.000;49.97;230.3;0.000;231.3;0.000;0.0;0.000;50;0;0;0.000;0.000;0.000;0;0;0;49.98;49.98;49.98;4336;1000;0.0;0;1.0000;0;0
[wr_ende]
