20150423;230006;172602N232;My Plant;+0100
[wr_def_start]
172602N232;Inverter Type;Inverter Group;72602N232      
[wr_def_end]
[wr]
INTERVAL;TIMESTAMP;SERIAL;P_AC;E_DAY;T_WR;U_AC;U_AC_1;U_AC_2;U_AC_3;I_AC;F_AC;U_DC_1;I_DC_1;U_DC_2;I_DC_2;U_DC_3;I_DC_3;S;E_WR;M_WR;I_AC_1;I_AC_2;I_AC_3;P_AC_1;P_AC_2;P_AC_3;F_AC_1;F_AC_2;F_AC_3;R_DC;PC;PCS;PCS_LL;COS_PHI;COS_PHI_LL;S_COS_PHI
600;2015-04-23 05:10:00;172602N232;0;0.000;0;2;2;2;2;0.000;0.65;2.9;0.000;2.9;0.000;0.0;0.000;50;0;0;0.000;0.000;0.000;0;0;0;0.65;0.65;0.65;36;1000;0.0;0;1.0000;0;0
600;2015-04-23 05:20:00;172602N232;0;0.000;25;225;225;228;222;0.000;50.00;227.1;0.000;228.1;0.000;0.0;0.000;50;0;0;0.000;0.000;0.000;0;0;0;50.00;50.00;50.00;0;1000;0.0;0;1.0000;0;0
600;2015-04-23 05:30:00;172602N232;0;0.000;26;225;225;228;222;0.000;49.99;235.5;0.000;236.5;0.000;0.0;0.000;50;0;0;0.000;0.000;0.000;0;0;0;49.99;49.99;49.99;0;1000;0.0;0;1.0000;0;0
600;2015-04-23 05:40:00;172602N232;0;0.000;26;224;224;227;221;0.000;50.01;296.8;0.000;296.1;0.000;0.0;0.000;60;0;0;0.001;0.001;0.000;0;0;0;50.01;50.01;50.01;1597;1000;0.0;0;1.0000;0;0
600;2015-04-23 05:50:00;172602N232;3;0.000;27;223;223;224;221;0.121;50.00;271.8;0.000;267.8;0.001;0.0;0.000;60;0;0;0.129;0.145;0.090;1;1;5;50.00;50.00;50.00;3995;1000;0.0;0;1.0000;0;0
600;2015-04-23 06:00:00;172602N232;10;0.003;27;222;222;224;220;0.318;49.99;272.1;0.001;266.8;0.007;0.0;0.000;60;0;0;0.366;0.385;0.205;4;0;12;49.99;49.99;49.99;4039;1000;0.0;0;1.0000;0;0
600;2015-04-23 06:10:00;172602N232;16;0.005;27;221;221;223;221;0.369;50.00;292.0;0.007;313.8;0.011;0.0;0.000;60;0;0;0.486;0.375;0.246;5;6;15;50.00;50.00;50.00;4039;1000;0.0;0;1.0000;0;0
600;2015-04-23 06:20:00;172602N232;35;0.010;28;221;221;222;220;0.569;49.98;337.0;0.029;358.8;0.032;0.0;0.000;60;0;0;0.635;0.659;0.415;6;6;28;49.98;49.98;49.98;4039;1000;0.0;0;1.0000;0;0
600;2015-04-23 06:30:00;172602N232;76;0.023;28;221;220;222;220;0.828;49.99;376.0;0.081;388.4;0.083;0.0;0.000;60;0;0;0.767;1.071;0.646;21;6;49;49.99;49.99;49.99;4039;1000;0.0;0;1.0000;0;0
600;2015-04-23 06:40:00;172602N232;86;0.038;29;221;220;223;221;0.872;50.01;379.1;0.093;389.9;0.095;0.0;0.000;60;0;0;0.785;1.140;0.691;25;11;48;50.01;50.01;50.01;4039;1000;0.0;0;1.0000;0;0
600;2015-04-23 06:50:00;172602N232;128;0.058;29;220;219;222;220;0.938;49.99;399.8;0.140;401.4;0.144;0.0;0.000;60;0;0;0.815;1.231;0.769;39;24;63;49.99;49.99;49.99;4039;1000;0.0;0;1.0000;0;0
600;2015-04-23 07:00:00;172602N232;171;0.088;29;222;221;223;222;0.910;49.98;406.2;0.190;407.6;0.194;0.0;0.000;60;0;0;0.701;1.312;0.719;40;66;63;49.98;49.98;49.98;4039;1000;0.0;0;1.0000;0;0
600;2015-04-23 07:10:00;172602N232;204;0.122;29;222;221;223;222;0.933;49.99;410.3;0.228;411.1;0.232;0.0;0.000;60;0;0;0.900;0.964;0.935;59;63;80;49.99;49.99;49.99;4039;1000;0.0;0;1.0000;0;0
600;2015-04-23 07:20:00;172602N232;212;0.157;30;221;222;221;220;1.028;49.99;417.2;0.234;411.1;0.242;0.0;0.000;60;0;0;1.215;1.042;0.827;33;95;83;49.99;49.99;49.99;4039;1000;0.0;0;1.0000;0;0
600;2015-04-23 07:30:00;172602N232;254;0.199;30;221;221;221;221;1.097;49.98;420.6;0.283;414.7;0.291;0.0;0.000;60;0;0;1.181;1.169;0.942;66;109;76;49.98;49.98;49.98;4039;1000;0.0;0;1.0000;0;0
600;2015-04-23 07:40:00;172602N232;227;0.238;30;220;221;220;220;1.027;49.99;416.8;0.252;411.0;0.260;0.0;0.000;60;0;0;1.266;0.933;0.884;49;96;80;49.99;49.99;49.99;4039;1000;0.0;0;1.0000;0;0
600;2015-04-23 07:50:00;172602N232;283;0.286;31;220;220;221;220;1.103;49.97;420.4;0.318;414.6;0.327;0.0;0.000;60;0;0;1.224;1.152;0.935;85;103;93;49.97;49.97;49.97;4039;1000;0.0;0;1.0000;0;0
600;2015-04-23 08:00:00;172602N232;360;0.346;31;221;221;222;220;1.146;49.99;425.3;0.406;417.7;0.418;0.0;0.000;60;0;0;1.184;1.219;1.036;112;125;121;49.99;49.99;49.99;4039;1000;0.0;0;1.0000;0;0
600;2015-04-23 08:10:00;172602N232;402;0.412;31;221;221;221;220;0.917;49.99;425.1;0.457;417.9;0.470;0.0;0.000;60;0;0;0.926;0.938;0.888;120;147;133;49.99;49.99;49.99;4039;1000;0.0;0;1.0000;0;0
600;2015-04-23 08:20:00;172602N232;417;0.482;31;221;221;223;220;0.746;50.00;425.7;0.475;417.4;0.489;0.0;0.000;60;0;0;0.691;0.797;0.751;124;147;144;50.00;50.00;50.00;4039;1000;0.0;0;1.0000;0;0
600;2015-04-23 08:30:00;172602N232;432;0.554;32;221;220;222;220;1.066;50.00;423.7;0.494;417.5;0.508;0.0;0.000;60;0;0;1.052;1.126;1.020;135;153;141;50.00;50.00;50.00;4039;1000;0.0;0;1.0000;0;0
600;2015-04-23 08:40:00;172602N232;434;0.627;32;222;221;223;221;0.788;50.00;425.5;0.495;417.0;0.511;0.0;0.000;60;0;0;0.743;0.831;0.790;132;155;145;50.00;50.00;50.00;4039;1000;0.0;0;1.0000;0;0
600;2015-04-23 08:50:00;172602N232;532;0.716;33;221;220;224;220;0.843;50.01;427.5;0.609;419.7;0.627;0.0;0.000;60;0;0;0.782;0.894;0.854;162;189;179;50.01;50.01;50.01;4039;1000;0.0;0;1.0000;0;0
600;2015-04-23 09:00:00;172602N232;568;0.811;33;221;220;223;220;0.896;50.00;428.5;0.649;420.3;0.669;0.0;0.000;60;0;0;0.833;0.944;0.913;174;200;192;50.00;50.00;50.00;4039;1000;0.0;0;1.0000;0;0
600;2015-04-23 09:10:00;172602N232;480;0.891;33;222;221;223;221;0.859;49.99;424.7;0.550;416.6;0.568;0.0;0.000;60;0;0;0.823;0.896;0.858;149;170;160;49.99;49.99;49.99;4039;1000;0.0;0;1.0000;0;0
600;2015-04-23 09:20:00;172602N232;457;0.967;33;222;222;223;220;0.731;50.00;426.2;0.522;416.2;0.541;0.0;0.000;60;0;0;0.679;0.773;0.741;139;162;154;50.00;50.00;50.00;4039;1000;0.0;0;1.0000;0;0
600;2015-04-23 09:30:00;172602N232;484;1.048;34;222;221;224;220;0.817;50.00;426.2;0.552;417.8;0.571;0.0;0.000;60;0;0;0.763;0.868;0.822;147;173;161;50.00;50.00;50.00;4039;1000;0.0;0;1.0000;0;0
600;2015-04-23 09:40:00;172602N232;490;1.130;34;221;221;223;220;0.818;49.99;426.7;0.559;417.7;0.579;0.0;0.000;60;0;0;0.765;0.862;0.829;151;173;164;49.99;49.99;49.99;4039;1000;0.0;0;1.0000;0;0
600;2015-04-23 09:50:00;172602N232;616;1.233;34;222;222;224;220;0.969;50.00;430.5;0.701;421.4;0.725;0.0;0.000;60;0;0;0.925;1.007;0.975;194;215;205;50.00;50.00;50.00;4039;1000;0.0;0;1.0000;0;0
600;2015-04-23 10:00:00;172602N232;667;1.345;34;222;222;223;221;1.104;50.01;430.2;0.761;421.3;0.787;0.0;0.000;60;0;0;1.109;1.102;1.102;214;226;225;50.01;50.01;50.01;4039;1000;0.0;0;1.0000;0;0
600;2015-04-23 10:10:00;172602N232;653;1.453;34;222;222;224;221;1.023;50.00;430.7;0.744;421.5;0.770;0.0;0.000;60;0;0;0.977;1.060;1.034;206;227;219;50.00;50.00;50.00;4039;1000;0.0;0;1.0000;0;0
600;2015-04-23 10:20:00;172602N232;909;1.604;35;222;221;225;221;1.404;50.01;434.5;1.034;425.5;1.068;0.0;0.000;60;0;0;1.353;1.445;1.416;288;315;304;50.01;50.01;50.01;4039;1000;0.0;0;1.0000;0;0
600;2015-04-23 10:30:00;172602N232;903;1.755;35;222;221;224;221;1.399;50.02;432.1;1.032;423.9;1.066;0.0;0.000;60;0;0;1.349;1.439;1.410;286;314;301;50.02;50.02;50.02;4039;1000;0.0;0;1.0000;0;0
600;2015-04-23 10:40:00;172602N232;1169;1.950;35;223;222;225;221;1.790;50.01;435.4;1.328;425.9;1.380;0.0;0.000;60;0;0;1.739;1.845;1.786;376;405;386;50.01;50.01;50.01;4039;1000;0.0;0;1.0000;0;0
600;2015-04-23 10:50:00;172602N232;1385;2.181;35;223;222;225;221;2.114;50.01;436.0;1.580;426.8;1.635;0.0;0.000;60;0;0;2.062;2.169;2.112;446;479;457;50.01;50.01;50.01;4039;1000;0.0;0;1.0000;0;0
600;2015-04-23 11:00:00;172602N232;897;2.331;35;223;222;225;221;1.380;50.01;427.8;1.036;419.4;1.071;0.0;0.000;60;0;0;1.328;1.423;1.390;285;312;299;50.01;50.01;50.01;4039;1000;0.0;0;1.0000;0;0
600;2015-04-23 11:10:00;172602N232;1046;2.505;35;223;222;225;221;1.622;49.99;431.9;1.200;423.9;1.237;0.0;0.000;60;0;0;1.578;1.662;1.628;334;362;348;49.99;49.99;49.99;4039;1000;0.0;0;1.0000;0;0
600;2015-04-23 11:20:00;172602N232;1122;2.692;35;223;221;225;221;1.731;49.99;433.4;1.284;423.8;1.330;0.0;0.000;60;0;0;1.663;1.809;1.722;355;396;369;49.99;49.99;49.99;4039;1000;0.0;0;1.0000;0;0
600;2015-04-23 11:30:00;172602N232;1306;2.911;36;223;222;226;222;2.000;50.00;436.1;1.488;425.0;1.548;0.0;0.000;60;0;0;1.941;2.058;2.002;418;452;434;50.00;50.00;50.00;4039;1000;0.0;0;1.0000;0;0
600;2015-04-23 11:40:00;172602N232;1105;3.096;36;223;223;225;222;1.698;49.99;430.8;1.272;421.1;1.317;0.0;0.000;60;0;0;1.655;1.737;1.703;355;381;367;49.99;49.99;49.99;4039;1000;0.0;0;1.0000;0;0
600;2015-04-23 11:50:00;172602N232;719;3.215;36;223;223;226;222;1.112;50.02;427.0;0.828;417.4;0.858;0.0;0.000;60;0;0;1.056;1.159;1.122;225;252;240;50.02;50.02;50.02;4039;1000;0.0;0;1.0000;0;0
600;2015-04-23 12:00:00;172602N232;1110;3.400;36;223;223;226;221;1.705;50.01;429.6;1.281;424.1;1.319;0.0;0.000;60;0;0;1.666;1.750;1.701;358;385;366;50.01;50.01;50.01;4039;1000;0.0;0;1.0000;0;0
600;2015-04-23 12:10:00;172602N232;956;3.560;36;223;222;226;221;1.463;50.01;431.6;1.096;421.7;1.136;0.0;0.000;60;0;0;1.413;1.510;1.467;304;334;316;50.01;50.01;50.01;4039;1000;0.0;0;1.0000;0;0
600;2015-04-23 12:20:00;172602N232;1096;3.742;36;223;222;226;221;1.693;50.03;433.5;1.253;424.2;1.298;0.0;0.000;60;0;0;1.643;1.742;1.694;349;381;363;50.03;50.03;50.03;4039;1000;0.0;0;1.0000;0;0
600;2015-04-23 12:30:00;172602N232;1527;3.997;36;223;222;226;221;2.318;50.03;432.5;1.760;425.3;1.811;0.0;0.000;60;0;0;2.252;2.384;2.320;490;529;505;50.03;50.03;50.03;4039;1000;0.0;0;1.0000;0;0
600;2015-04-23 12:40:00;172602N232;1497;4.247;36;223;221;226;221;2.276;50.01;432.0;1.728;422.1;1.788;0.0;0.000;60;0;0;2.199;2.356;2.273;479;522;494;50.01;50.01;50.01;4039;1000;0.0;0;1.0000;0;0
600;2015-04-23 12:50:00;172602N232;2032;4.587;36;223;221;226;221;3.053;50.01;430.7;2.364;423.2;2.430;0.0;0.000;60;0;0;2.975;3.140;3.044;656;707;669;50.01;50.01;50.01;4039;1000;0.0;0;1.0000;0;0
600;2015-04-23 13:00:00;172602N232;2176;4.949;36;223;222;227;221;3.253;50.01;425.3;2.566;420.1;2.612;0.0;0.000;60;0;0;3.180;3.343;3.238;704;757;714;50.01;50.01;50.01;4039;1000;0.0;0;1.0000;0;0
600;2015-04-23 13:10:00;172602N232;1659;5.226;37;223;223;226;221;2.490;49.99;429.2;1.925;417.4;2.007;0.0;0.000;60;0;0;2.431;2.557;2.483;538;574;545;49.99;49.99;49.99;4039;1000;0.0;0;1.0000;0;0
600;2015-04-23 13:20:00;172602N232;1425;5.464;37;223;222;226;220;2.156;50.00;429.2;1.651;419.7;1.709;0.0;0.000;60;0;0;2.097;2.225;2.146;459;496;467;50.00;50.00;50.00;4039;1000;0.0;0;1.0000;0;0
600;2015-04-23 13:30:00;172602N232;1378;5.694;37;223;222;226;221;2.101;50.02;429.9;1.592;420.2;1.652;0.0;0.000;60;0;0;2.038;2.170;2.097;442;479;455;50.02;50.02;50.02;4039;1000;0.0;0;1.0000;0;0
600;2015-04-23 13:40:00;172602N232;1320;5.914;37;223;222;225;220;2.022;49.97;429.3;1.526;420.8;1.581;0.0;0.000;60;0;0;1.980;2.081;2.007;428;457;432;49.97;49.97;49.97;4039;1000;0.0;0;1.0000;0;0
600;2015-04-23 13:50:00;172602N232;1596;6.181;37;223;223;225;220;2.408;49.99;431.4;1.842;420.9;1.912;0.0;0.000;60;0;0;2.370;2.472;2.382;523;552;519;49.99;49.99;49.99;4039;1000;0.0;0;1.0000;0;0
600;2015-04-23 14:00:00;172602N232;1056;6.356;37;223;223;226;220;1.621;49.99;426.6;1.223;416.5;1.274;0.0;0.000;60;0;0;1.577;1.672;1.616;340;368;347;49.99;49.99;49.99;4039;1000;0.0;0;1.0000;0;0
600;2015-04-23 14:10:00;172602N232;978;6.520;37;223;223;225;220;1.504;49.99;424.0;1.138;419.2;1.171;0.0;0.000;60;0;0;1.460;1.549;1.503;314;340;322;49.99;49.99;49.99;4039;1000;0.0;0;1.0000;0;0
600;2015-04-23 14:20:00;172602N232;1351;6.745;37;223;223;224;222;2.067;50.00;431.1;1.556;423.3;1.608;0.0;0.000;60;0;0;2.034;2.097;2.070;440;460;448;50.00;50.00;50.00;4039;1000;0.0;0;1.0000;0;0
600;2015-04-23 14:30:00;172602N232;1296;6.960;37;224;224;225;222;1.991;50.01;425.7;1.511;420.3;1.552;0.0;0.000;60;0;0;1.955;2.026;1.993;420;445;429;50.01;50.01;50.01;4039;1000;0.0;0;1.0000;0;0
600;2015-04-23 14:40:00;172602N232;1286;7.175;37;224;224;226;222;1.946;49.99;427.0;1.495;423.1;1.530;0.0;0.000;60;0;0;1.905;1.990;1.944;418;443;423;49.99;49.99;49.99;4039;1000;0.0;0;1.0000;0;0
600;2015-04-23 14:50:00;172602N232;1457;7.418;37;223;222;224;222;2.209;49.99;425.2;1.699;421.3;1.746;0.0;0.000;60;0;0;2.159;2.252;2.217;472;498;485;49.99;49.99;49.99;4039;1000;0.0;0;1.0000;0;0
600;2015-04-23 15:00:00;172602N232;1835;7.725;37;223;222;226;222;2.763;50.00;432.2;2.112;421.4;2.205;0.0;0.000;60;0;0;2.696;2.829;2.765;592;632;609;50.00;50.00;50.00;4039;1000;0.0;0;1.0000;0;0
600;2015-04-23 15:10:00;172602N232;1840;8.031;37;223;221;227;222;2.763;49.99;427.9;2.148;419.5;2.220;0.0;0.000;60;0;0;2.687;2.837;2.765;590;639;610;49.99;49.99;49.99;4039;1000;0.0;0;1.0000;0;0
600;2015-04-23 15:20:00;172602N232;1241;8.239;37;223;222;225;222;1.907;49.98;422.1;1.460;416.3;1.501;0.0;0.000;60;0;0;1.863;1.944;1.916;400;426;413;49.98;49.98;49.98;4039;1000;0.0;0;1.0000;0;0
600;2015-04-23 15:30:00;172602N232;1210;8.440;37;223;223;226;221;1.842;50.00;422.4;1.420;417.2;1.459;0.0;0.000;60;0;0;1.790;1.896;1.842;389;420;399;50.00;50.00;50.00;4039;1000;0.0;0;1.0000;0;0
600;2015-04-23 15:40:00;172602N232;1303;8.657;37;223;222;226;221;1.989;50.00;419.7;1.537;418.2;1.576;0.0;0.000;60;0;0;1.930;2.054;1.985;418;453;430;50.00;50.00;50.00;4039;1000;0.0;0;1.0000;0;0
600;2015-04-23 15:50:00;172602N232;1295;8.874;37;223;222;228;221;1.983;49.99;423.8;1.520;418.0;1.558;0.0;0.000;60;0;0;1.913;2.072;1.964;411;458;424;49.99;49.99;49.99;4039;1000;0.0;0;1.0000;0;0
600;2015-04-23 16:00:00;172602N232;915;9.026;37;223;222;227;221;1.418;50.00;425.0;1.063;416.0;1.101;0.0;0.000;60;0;0;1.342;1.504;1.409;284;328;301;50.00;50.00;50.00;4039;1000;0.0;0;1.0000;0;0
600;2015-04-23 16:10:00;172602N232;1020;9.196;37;223;222;226;222;1.559;49.99;419.2;1.201;417.9;1.228;0.0;0.000;60;0;0;1.498;1.615;1.565;324;356;339;49.99;49.99;49.99;4039;1000;0.0;0;1.0000;0;0
600;2015-04-23 16:20:00;172602N232;1106;9.381;37;223;222;228;221;1.712;49.98;420.3;1.295;419.5;1.332;0.0;0.000;60;0;0;1.636;1.806;1.695;348;393;363;49.98;49.98;49.98;4039;1000;0.0;0;1.0000;0;0
600;2015-04-23 16:30:00;172602N232;659;9.490;37;224;222;227;222;1.105;49.99;415.5;0.778;415.0;0.789;0.0;0.000;60;0;0;1.035;1.184;1.096;204;236;218;49.99;49.99;49.99;4039;1000;0.0;0;1.0000;0;0
600;2015-04-23 16:40:00;172602N232;686;9.606;37;223;221;227;223;1.060;50.01;415.7;0.807;414.8;0.826;0.0;0.000;60;0;0;0.990;1.114;1.077;210;243;231;50.01;50.01;50.01;4039;1000;0.0;0;1.0000;0;0
600;2015-04-23 16:50:00;172602N232;851;9.748;37;224;222;227;223;1.307;49.99;421.9;0.993;419.8;1.014;0.0;0.000;60;0;0;1.240;1.360;1.322;265;299;285;49.99;49.99;49.99;4039;1000;0.0;0;1.0000;0;0
600;2015-04-23 17:00:00;172602N232;777;9.877;37;223;222;225;221;1.198;49.99;422.7;0.905;419.1;0.925;0.0;0.000;60;0;0;1.142;1.244;1.209;244;272;259;49.99;49.99;49.99;4039;1000;0.0;0;1.0000;0;0
600;2015-04-23 17:10:00;172602N232;731;9.999;37;223;223;226;222;1.130;49.99;425.6;0.843;416.5;0.874;0.0;0.000;60;0;0;1.077;1.177;1.137;229;257;243;49.99;49.99;49.99;4039;1000;0.0;0;1.0000;0;0
600;2015-04-23 17:20:00;172602N232;613;10.102;37;222;221;224;220;1.010;50.00;416.0;0.721;414.9;0.733;0.0;0.000;60;0;0;0.953;1.059;1.020;192;216;204;50.00;50.00;50.00;4039;1000;0.0;0;1.0000;0;0
600;2015-04-23 17:30:00;172602N232;541;10.191;37;221;221;223;219;1.020;49.99;418.7;0.631;414.7;0.643;0.0;0.000;60;0;0;1.008;1.059;0.994;171;191;177;49.99;49.99;49.99;4039;1000;0.0;0;1.0000;0;0
600;2015-04-23 17:40:00;172602N232;575;10.288;37;221;222;221;219;1.078;50.04;419.0;0.669;416.4;0.683;0.0;0.000;60;0;0;1.078;1.104;1.053;183;201;189;50.04;50.04;50.04;4039;1000;0.0;0;1.0000;0;0
600;2015-04-23 17:50:00;172602N232;958;10.447;36;221;221;222;220;1.485;50.03;410.4;1.148;418.3;1.160;0.0;0.000;60;0;0;1.436;1.523;1.496;307;330;320;50.03;50.03;50.03;4039;1000;0.0;0;1.0000;0;0
600;2015-04-23 18:00:00;172602N232;660;10.557;36;221;220;223;220;1.033;49.99;411.5;0.777;416.9;0.798;0.0;0.000;60;0;0;0.974;1.080;1.046;205;232;221;49.99;49.99;49.99;4039;1000;0.0;0;1.0000;0;0
600;2015-04-23 18:10:00;172602N232;696;10.673;36;221;219;224;219;1.084;49.97;409.6;0.829;417.6;0.838;0.0;0.000;60;0;0;1.021;1.138;1.095;215;246;232;49.97;49.97;49.97;4039;1000;0.0;0;1.0000;0;0
600;2015-04-23 18:20:00;172602N232;517;10.760;36;221;220;224;218;0.905;49.98;410.7;0.610;414.2;0.620;0.0;0.000;60;0;0;0.861;0.965;0.891;161;183;171;49.98;49.98;49.98;4039;1000;0.0;0;1.0000;0;0
600;2015-04-23 18:30:00;172602N232;552;10.852;36;221;221;225;218;0.959;49.99;414.0;0.648;415.9;0.659;0.0;0.000;60;0;0;0.915;1.020;0.944;172;198;181;49.99;49.99;49.99;4039;1000;0.0;0;1.0000;0;0
600;2015-04-23 18:40:00;172602N232;354;10.912;36;222;221;224;219;1.076;50.01;407.0;0.413;409.0;0.424;0.0;0.000;60;0;0;1.072;1.210;0.948;107;117;128;50.01;50.01;50.01;4039;1000;0.0;0;1.0000;0;0
600;2015-04-23 18:50:00;172602N232;238;10.952;36;221;221;225;218;1.077;50.02;400.3;0.276;403.7;0.280;0.0;0.000;60;0;0;1.049;1.362;0.822;75;64;97;50.02;50.02;50.02;4039;1000;0.0;0;1.0000;0;0
600;2015-04-23 19:00:00;172602N232;199;10.985;35;221;222;224;219;1.076;50.00;398.4;0.228;401.1;0.232;0.0;0.000;60;0;0;1.329;1.098;0.803;37;78;83;50.00;50.00;50.00;4039;1000;0.0;0;1.0000;0;0
600;2015-04-23 19:10:00;172602N232;136;11.008;35;222;222;223;220;0.993;49.99;395.6;0.150;394.1;0.155;0.0;0.000;60;0;0;1.381;0.868;0.731;12;60;63;49.99;49.99;49.99;4039;1000;0.0;0;1.0000;0;0
600;2015-04-23 19:20:00;172602N232;88;11.023;35;222;223;222;221;0.943;49.98;381.7;0.094;385.1;0.098;0.0;0.000;60;0;0;1.413;0.705;0.711;0;54;47;49.98;49.98;49.98;4039;1000;0.0;0;1.0000;0;0
600;2015-04-23 19:30:00;172602N232;108;11.041;35;222;222;222;221;0.936;49.99;390.4;0.118;391.8;0.121;0.0;0.000;60;0;0;1.197;0.855;0.758;13;51;44;49.99;49.99;49.99;4039;1000;0.0;0;1.0000;0;0
600;2015-04-23 19:40:00;172602N232;132;11.064;34;222;222;225;221;0.927;50.01;388.6;0.148;398.1;0.150;0.0;0.000;60;0;0;0.778;1.263;0.742;40;17;73;50.01;50.01;50.01;4039;1000;0.0;0;1.0000;0;0
600;2015-04-23 19:50:00;172602N232;89;11.079;34;222;222;224;222;0.850;49.99;377.3;0.097;388.1;0.099;0.0;0.000;60;0;0;0.777;1.101;0.673;23;12;53;49.99;49.99;49.99;4039;1000;0.0;0;1.0000;0;0
600;2015-04-23 20:00:00;172602N232;27;11.083;34;223;222;224;222;0.525;50.01;308.5;0.021;326.1;0.025;0.0;0.000;60;0;0;0.444;0.760;0.371;13;0;25;50.01;50.01;50.01;4039;1000;0.0;0;1.0000;0;0
600;2015-04-23 20:10:00;172602N232;3;11.083;33;222;223;223;221;0.135;50.01;251.9;0.000;252.6;0.000;0.0;0.000;60;0;0;0.154;0.146;0.107;0;2;5;50.01;50.01;50.01;4039;1000;0.0;0;1.0000;0;0
600;2015-04-23 20:20:00;172602N232;0;11.083;32;222;222;225;220;0.000;50.00;257.3;0.000;257.7;0.000;0.0;0.000;50;0;0;0.000;0.001;0.000;0;0;0;50.00;50.00;50.01;4039;1000;0.0;0;1.0000;0;0
600;2015-04-23 20:30:00;172602N232;0;11.083;31;222;222;225;220;0.000;50.01;228.9;0.000;229.9;0.000;0.0;0.000;50;0;0;0.000;0.000;0.000;0;0;0;50.01;50.01;50.01;4039;1000;0.0;0;1.0000;0;0
600;2015-04-23 20:40:00;172602N232;0;11.083;31;221;221;223;219;0.000;49.98;224.6;0.000;225.5;0.000;0.0;0.000;80;0;0;0.000;0.000;0.000;0;0;0;49.98;49.98;49.98;4039;1000;0.0;0;1.0000;0;0
[wr_ende]
