20151214;230005;172602N232;My Plant;+0100
[wr_def_start]
172602N232;Inverter Type;Inverter Group;72602N232      
[wr_def_end]
[wr]
INTERVAL;TIMESTAMP;SERIAL;P_AC;E_DAY;T_WR;U_AC;U_AC_1;U_AC_2;U_AC_3;I_AC;F_AC;U_DC_1;I_DC_1;U_DC_2;I_DC_2;U_DC_3;I_DC_3;S;E_WR;M_WR;I_AC_1;I_AC_2;I_AC_3;P_AC_1;P_AC_2;P_AC_3;F_AC_1;F_AC_2;F_AC_3;R_DC;PC;PCS;PCS_LL;COS_PHI;COS_PHI_LL;S_COS_PHI
600;2015-12-14 07:50:00;172602N232;0;0.000;0;1;2;2;1;0.000;0.45;1.9;0.000;2.0;0.000;0.0;0.000;50;0;0;0.000;0.000;0.000;0;0;0;0.45;0.45;0.45;9;1000;0.0;0;1.0000;0;0
600;2015-12-14 08:00:00;172602N232;0;0.000;14;220;220;223;218;0.000;49.99;228.8;0.000;229.7;0.000;0.0;0.000;50;0;0;0.000;0.000;0.000;0;0;0;49.99;49.99;49.99;0;1000;0.0;0;1.0000;0;0
600;2015-12-14 08:10:00;172602N232;0;0.000;15;221;221;223;218;0.000;50.00;230.8;0.000;231.7;0.000;0.0;0.000;50;0;0;0.000;0.000;0.000;0;0;0;50.00;50.00;50.00;0;1000;0.0;0;1.0000;0;0
600;2015-12-14 08:20:00;172602N232;0;0.000;16;221;222;223;218;0.000;49.99;263.5;0.000;263.8;0.000;0.0;0.000;50;0;0;0.000;0.000;0.000;0;0;0;49.99;49.99;49.99;0;1000;0.0;0;1.0000;0;0
600;2015-12-14 08:30:00;172602N232;0;0.000;16;220;221;221;219;0.007;49.98;287.8;0.000;287.4;0.000;0.0;0.000;60;0;0;0.010;0.007;0.005;0;0;0;49.98;49.98;49.98;4289;1000;0.0;0;1.0000;0;0
600;2015-12-14 08:40:00;172602N232;2;0.001;16;220;221;220;220;0.120;50.01;252.4;0.000;254.1;0.000;0.0;0.000;60;0;0;0.173;0.107;0.082;0;5;3;50.01;50.01;50.01;4720;1000;0.0;0;1.0000;0;0
600;2015-12-14 08:50:00;172602N232;14;0.005;17;221;222;221;221;0.322;50.02;299.7;0.005;291.0;0.009;0.0;0.000;60;0;0;0.419;0.273;0.276;0;15;10;50.02;50.02;50.02;4720;1000;0.0;0;1.0000;0;0
600;2015-12-14 09:00:00;172602N232;31;0.014;17;220;222;220;220;0.488;50.01;353.8;0.021;362.0;0.022;0.0;0.000;60;0;0;0.641;0.399;0.424;0;26;24;50.01;50.01;50.01;4720;1000;0.0;0;1.0000;0;0
600;2015-12-14 09:10:00;172602N232;46;0.022;18;220;220;220;219;0.565;50.02;377.7;0.038;379.8;0.039;0.0;0.000;60;0;0;0.696;0.545;0.456;2;27;23;50.02;50.02;50.02;4720;1000;0.0;0;1.0000;0;0
600;2015-12-14 09:20:00;172602N232;64;0.034;18;220;220;221;219;0.756;50.00;393.6;0.061;392.0;0.062;0.0;0.000;60;0;0;0.968;0.756;0.546;1;28;38;50.00;50.00;50.00;4720;1000;0.0;0;1.0000;0;0
600;2015-12-14 09:30:00;172602N232;98;0.048;18;220;220;220;219;0.865;49.99;406.6;0.103;402.5;0.101;0.0;0.000;60;0;0;1.008;0.900;0.687;15;35;48;49.99;49.99;49.99;4720;1000;0.0;0;1.0000;0;0
600;2015-12-14 09:40:00;172602N232;118;0.063;19;220;220;220;221;0.898;50.00;411.9;0.128;406.4;0.125;0.0;0.000;60;0;0;0.853;0.856;0.985;36;53;27;50.00;50.00;50.00;4720;1000;0.0;0;1.0000;0;0
600;2015-12-14 09:50:00;172602N232;144;0.086;19;220;220;220;221;0.989;50.00;416.1;0.159;411.8;0.153;0.0;0.000;60;0;0;1.212;0.841;0.915;28;84;29;50.00;50.00;50.00;4720;1000;0.0;0;1.0000;0;0
600;2015-12-14 10:00:00;172602N232;149;0.112;19;220;220;219;221;1.091;50.00;417.2;0.165;411.7;0.160;0.0;0.000;60;0;0;1.317;0.941;1.016;23;103;20;50.00;50.00;50.00;4720;1000;0.0;0;1.0000;0;0
600;2015-12-14 10:10:00;172602N232;171;0.140;20;220;221;219;220;1.001;50.00;421.8;0.187;414.0;0.184;0.0;0.000;60;0;0;1.056;1.081;0.867;16;107;46;50.00;50.00;50.00;4720;1000;0.0;0;1.0000;0;0
600;2015-12-14 10:20:00;172602N232;202;0.174;20;220;220;220;220;1.022;50.00;428.9;0.220;415.9;0.221;0.0;0.000;60;0;0;1.192;1.126;0.748;37;98;64;50.00;50.00;50.00;4720;1000;0.0;0;1.0000;0;0
600;2015-12-14 10:30:00;172602N232;243;0.215;20;220;221;220;220;1.094;49.98;433.7;0.267;418.3;0.270;0.0;0.000;60;0;0;1.298;1.132;0.854;55;111;76;49.98;49.98;49.98;4720;1000;0.0;0;1.0000;0;0
600;2015-12-14 10:40:00;172602N232;258;0.257;21;220;221;221;219;1.094;49.99;425.8;0.289;419.6;0.287;0.0;0.000;60;0;0;1.189;1.160;0.933;60;103;93;49.99;49.99;49.99;4720;1000;0.0;0;1.0000;0;0
600;2015-12-14 10:50:00;172602N232;267;0.302;21;221;220;222;220;1.092;50.01;421.8;0.303;422.1;0.296;0.0;0.000;60;0;0;1.079;1.163;1.036;65;95;104;50.01;50.01;50.01;4720;1000;0.0;0;1.0000;0;0
600;2015-12-14 11:00:00;172602N232;232;0.342;21;221;221;222;220;1.066;50.00;415.8;0.265;419.7;0.257;0.0;0.000;60;0;0;1.171;1.189;0.839;56;91;83;50.00;50.00;50.00;4720;1000;0.0;0;1.0000;0;0
600;2015-12-14 11:10:00;172602N232;242;0.382;21;221;221;222;220;1.059;49.99;417.6;0.274;419.6;0.269;0.0;0.000;60;0;0;1.202;1.133;0.844;56;96;88;49.99;49.99;49.99;4720;1000;0.0;0;1.0000;0;0
600;2015-12-14 11:20:00;172602N232;280;0.428;22;221;222;223;220;1.143;50.00;419.4;0.320;421.8;0.313;0.0;0.000;60;0;0;1.246;1.266;0.917;74;105;100;50.00;50.00;50.00;4720;1000;0.0;0;1.0000;0;0
600;2015-12-14 11:30:00;172602N232;260;0.472;22;222;222;222;220;1.129;50.00;415.7;0.299;419.1;0.292;0.0;0.000;60;0;0;1.316;1.172;0.900;56;108;95;50.00;50.00;50.00;4720;1000;0.0;0;1.0000;0;0
600;2015-12-14 11:40:00;172602N232;202;0.506;22;222;223;223;221;1.019;50.01;408.3;0.232;413.5;0.225;0.0;0.000;60;0;0;1.382;0.881;0.794;58;75;67;50.01;50.01;50.01;4720;1000;0.0;0;1.0000;0;0
600;2015-12-14 11:50:00;172602N232;202;0.540;22;222;223;222;222;1.054;50.01;408.7;0.231;412.9;0.225;0.0;0.000;60;0;0;1.386;0.921;0.856;49;90;60;50.01;50.01;50.01;4720;1000;0.0;0;1.0000;0;0
600;2015-12-14 12:00:00;172602N232;194;0.573;22;222;222;222;222;0.924;50.00;407.9;0.222;411.8;0.217;0.0;0.000;60;0;0;0.966;0.926;0.882;24;85;84;50.00;50.00;50.00;4720;1000;0.0;0;1.0000;0;0
600;2015-12-14 12:10:00;172602N232;147;0.597;22;221;221;221;221;1.022;50.00;402.8;0.167;405.8;0.164;0.0;0.000;60;0;0;1.310;0.875;0.882;20;78;47;50.00;50.00;50.00;4720;1000;0.0;0;1.0000;0;0
600;2015-12-14 12:20:00;172602N232;130;0.620;22;221;221;221;220;0.947;50.01;399.1;0.146;403.4;0.144;0.0;0.000;60;0;0;1.236;0.832;0.775;20;57;51;50.01;50.01;50.01;4720;1000;0.0;0;1.0000;0;0
600;2015-12-14 12:30:00;172602N232;151;0.645;22;221;221;221;220;1.062;50.00;405.1;0.171;407.0;0.168;0.0;0.000;60;0;0;1.330;1.006;0.852;23;79;47;50.00;50.00;50.00;4720;1000;0.0;0;1.0000;0;0
600;2015-12-14 12:40:00;172602N232;149;0.669;23;220;221;219;220;1.086;49.99;403.0;0.169;406.2;0.166;0.0;0.000;60;0;0;1.432;0.920;0.908;12;97;38;49.99;49.99;49.99;4720;1000;0.0;0;1.0000;0;0
600;2015-12-14 12:50:00;172602N232;105;0.687;23;221;221;221;220;0.907;50.01;390.1;0.117;396.9;0.115;0.0;0.000;60;0;0;1.199;0.771;0.751;10;51;43;50.01;50.01;50.01;4720;1000;0.0;0;1.0000;0;0
600;2015-12-14 13:00:00;172602N232;71;0.699;23;221;221;222;220;0.894;49.99;377.1;0.076;387.0;0.075;0.0;0.000;60;0;0;0.967;1.022;0.694;7;16;47;49.99;49.99;49.99;4720;1000;0.0;0;1.0000;0;0
600;2015-12-14 13:10:00;172602N232;62;0.709;23;221;221;222;220;0.775;50.00;374.2;0.063;383.7;0.063;0.0;0.000;60;0;0;0.889;0.870;0.567;3;19;40;50.00;50.00;50.00;4720;1000;0.0;0;1.0000;0;0
600;2015-12-14 13:20:00;172602N232;73;0.721;23;221;221;223;220;0.805;50.02;381.0;0.077;389.9;0.076;0.0;0.000;60;0;0;0.889;0.927;0.601;6;19;46;50.02;50.02;50.02;4720;1000;0.0;0;1.0000;0;0
600;2015-12-14 13:30:00;172602N232;64;0.733;23;221;221;223;219;0.751;50.02;374.1;0.066;384.7;0.066;0.0;0.000;60;0;0;0.771;0.923;0.560;8;10;44;50.02;50.02;50.02;4720;1000;0.0;0;1.0000;0;0
600;2015-12-14 13:40:00;172602N232;44;0.741;23;221;221;222;220;0.630;50.00;359.8;0.040;369.8;0.041;0.0;0.000;60;0;0;0.680;0.764;0.446;9;4;29;50.00;50.00;50.00;4720;1000;0.0;0;1.0000;0;0
600;2015-12-14 13:50:00;172602N232;36;0.747;22;221;220;222;220;0.611;49.98;352.8;0.030;356.0;0.033;0.0;0.000;60;0;0;0.558;0.825;0.452;15;0;29;49.98;49.98;49.98;4720;1000;0.0;0;1.0000;0;0
600;2015-12-14 14:00:00;172602N232;26;0.751;22;221;220;223;220;0.453;50.00;316.4;0.019;356.2;0.019;0.0;0.000;60;0;0;0.401;0.657;0.302;15;0;21;50.00;50.00;50.00;4720;1000;0.0;0;1.0000;0;0
600;2015-12-14 14:10:00;172602N232;33;0.757;22;221;220;223;220;0.539;49.99;346.4;0.025;360.4;0.027;0.0;0.000;60;0;0;0.562;0.710;0.347;21;0;23;49.99;49.99;49.99;4720;1000;0.0;0;1.0000;0;0
600;2015-12-14 14:20:00;172602N232;22;0.761;22;221;221;222;220;0.438;49.99;309.7;0.015;316.0;0.018;0.0;0.000;60;0;0;0.480;0.534;0.300;8;1;18;49.99;49.99;49.99;4720;1000;0.0;0;1.0000;0;0
600;2015-12-14 14:30:00;172602N232;1;0.761;22;221;220;223;220;0.107;50.00;252.0;0.000;252.7;0.000;0.0;0.000;60;0;0;0.086;0.160;0.076;1;0;4;50.00;50.00;50.00;4720;1000;0.0;0;1.0000;0;0
600;2015-12-14 14:40:00;172602N232;0;0.761;21;220;221;222;217;0.001;49.98;271.1;0.000;270.8;0.000;0.0;0.000;51;0;0;0.001;0.003;0.000;0;0;0;49.98;49.98;49.98;5383;1000;0.0;0;1.0000;0;0
600;2015-12-14 14:50:00;172602N232;0;0.761;21;220;221;222;217;0.000;49.99;230.3;0.000;231.3;0.000;0.0;0.000;51;0;0;0.000;0.000;0.000;0;0;0;49.99;49.99;49.99;5914;1000;0.0;0;1.0000;0;0
600;2015-12-14 15:00:00;172602N232;0;0.761;21;220;221;222;217;0.000;49.99;230.5;0.000;231.4;0.000;0.0;0.000;51;0;0;0.000;0.000;0.000;0;0;0;49.99;49.99;49.99;5914;1000;0.0;0;1.0000;0;0
600;2015-12-14 15:10:00;172602N232;0;0.761;20;219;221;221;216;0.000;49.98;228.3;0.000;229.2;0.000;0.0;0.000;51;0;0;0.000;0.000;0.000;0;0;0;49.98;49.98;49.98;5914;1000;0.0;0;1.0000;0;0
600;2015-12-14 15:20:00;172602N232;0;0.761;20;219;220;220;215;0.000;49.98;230.0;0.000;231.0;0.000;0.0;0.000;51;0;0;0.000;0.000;0.000;0;0;0;49.98;49.98;49.98;5914;1000;0.0;0;1.0000;0;0
[wr_ende]
