20130613;230000;172602N232;My Plant;+0100
[wr_def_start]
172602N232;Inverter Type;Inverter Group;72602N232      
[wr_def_end]
[wr]
INTERVAL;TIMESTAMP;SERIAL;P_AC;E_DAY;T_WR;U_AC;U_AC_1;U_AC_2;U_AC_3;I_AC;F_AC;U_DC_1;I_DC_1;U_DC_2;I_DC_2;U_DC_3;I_DC_3;S;E_WR;M_WR;I_AC_1;I_AC_2;I_AC_3;P_AC_1;P_AC_2;P_AC_3;F_AC_1;F_AC_2;F_AC_3;R_DC;PC;PCS;PCS_LL;COS_PHI;COS_PHI_LL;S_COS_PHI
600;2013-06-13 04:20:00;172602N232;0;0.000;0;0;0;0;0;0.000;0.01;0.0;0.000;0.0;0.000;0.0;0.000;40;0;0;0.000;0.000;0.000;0;0;0;0.00;0.00;0.00;0;1000;0.0;0;1.0000;0;0
600;2013-06-13 04:30:00;172602N232;0;0.000;25;225;226;228;222;0.000;49.99;228.5;0.000;229.4;0.000;0.0;0.000;50;0;0;0.000;0.000;0.000;0;0;0;49.91;49.91;49.91;0;1000;0.0;0;1.0000;0;0
600;2013-06-13 04:40:00;172602N232;0;0.000;28;225;226;228;222;0.000;49.99;228.7;0.000;229.7;0.000;0.0;0.000;50;0;0;0.000;0.000;0.000;0;0;0;49.99;49.99;49.99;0;1000;0.0;0;1.0000;0;0
600;2013-06-13 04:50:00;172602N232;0;0.000;29;225;226;228;221;0.000;49.99;228.4;0.000;229.3;0.000;0.0;0.000;50;0;0;0.000;0.000;0.000;0;0;0;49.99;49.99;49.99;0;1000;0.0;0;1.0000;0;0
600;2013-06-13 05:00:00;172602N232;0;0.000;29;224;225;227;220;0.000;49.99;251.2;0.000;251.5;0.000;0.0;0.000;50;0;0;0.000;0.000;0.000;0;0;0;49.99;49.99;49.99;0;1000;0.0;0;1.0000;0;0
600;2013-06-13 05:10:00;172602N232;0;0.000;29;225;226;228;221;0.000;50.00;303.9;0.000;302.3;0.000;0.0;0.000;51;0;0;0.001;0.000;0.000;0;0;0;50.00;50.00;50.00;274;1000;0.0;0;1.0000;0;0
600;2013-06-13 05:20:00;172602N232;3;0.001;30;224;225;225;223;0.156;50.01;252.3;0.000;254.3;0.000;0.0;0.000;60;0;0;0.194;0.146;0.130;0;4;6;50.01;50.01;50.01;4223;1000;0.0;0;1.0000;0;0
600;2013-06-13 05:30:00;172602N232;8;0.005;30;223;224;224;221;0.275;50.00;260.0;0.001;256.2;0.003;0.0;0.000;60;0;0;0.406;0.225;0.195;0;8;11;50.00;50.00;50.00;4223;1000;0.0;0;1.0000;0;0
600;2013-06-13 05:40:00;172602N232;8;0.007;30;223;224;224;222;0.276;50.00;258.6;0.002;257.6;0.003;0.0;0.000;60;0;0;0.432;0.223;0.175;2;4;9;50.00;50.00;50.00;4223;1000;0.0;0;1.0000;0;0
600;2013-06-13 05:50:00;172602N232;31;0.013;31;223;223;224;222;0.534;50.03;318.2;0.030;321.3;0.029;0.0;0.000;60;0;0;0.641;0.561;0.402;2;14;22;50.03;50.03;50.03;4223;1000;0.0;0;1.0000;0;0
600;2013-06-13 06:00:00;172602N232;71;0.025;31;224;225;226;223;0.814;50.04;363.3;0.081;364.2;0.079;0.0;0.000;60;0;0;0.996;0.824;0.622;1;26;45;50.04;50.04;50.04;4223;1000;0.0;0;1.0000;0;0
600;2013-06-13 06:10:00;172602N232;83;0.040;31;227;227;228;225;0.913;49.99;369.3;0.098;369.5;0.095;0.0;0.000;60;0;0;1.073;0.940;0.726;2;29;56;49.99;49.99;49.99;4223;1000;0.0;0;1.0000;0;0
600;2013-06-13 06:20:00;172602N232;107;0.056;32;226;226;227;224;0.910;49.97;376.7;0.127;376.0;0.123;0.0;0.000;60;0;0;0.990;1.019;0.723;8;38;61;49.97;49.97;49.97;4223;1000;0.0;0;1.0000;0;0
600;2013-06-13 06:30:00;172602N232;146;0.078;33;226;226;227;224;0.920;49.97;388.1;0.175;385.0;0.169;0.0;0.000;60;0;0;0.911;1.134;0.716;17;57;70;49.97;49.97;49.97;4223;1000;0.0;0;1.0000;0;0
600;2013-06-13 06:40:00;172602N232;81;0.091;33;227;227;228;226;0.842;49.98;367.3;0.095;368.2;0.092;0.0;0.000;60;0;0;0.947;0.909;0.670;7;27;49;49.98;49.98;49.98;4223;1000;0.0;0;1.0000;0;0
600;2013-06-13 06:50:00;172602N232;105;0.108;34;227;227;228;225;0.950;50.00;376.9;0.126;374.6;0.122;0.0;0.000;60;0;0;1.126;0.972;0.752;6;34;65;50.00;50.00;50.00;4223;1000;0.0;0;1.0000;0;0
600;2013-06-13 07:00:00;172602N232;118;0.128;34;225;226;226;224;0.954;50.04;380.4;0.141;377.0;0.138;0.0;0.000;60;0;0;1.171;0.930;0.762;6;46;66;50.04;50.04;50.04;4223;1000;0.0;0;1.0000;0;0
600;2013-06-13 07:10:00;172602N232;100;0.146;34;225;225;226;224;0.961;49.98;373.3;0.120;371.1;0.116;0.0;0.000;60;0;0;1.122;1.005;0.757;5;34;61;49.98;49.98;49.98;4223;1000;0.0;0;1.0000;0;0
600;2013-06-13 07:20:00;172602N232;115;0.164;35;225;225;226;224;0.947;49.97;379.1;0.137;374.3;0.135;0.0;0.000;60;0;0;1.032;1.059;0.750;12;38;63;49.97;49.97;49.97;4223;1000;0.0;0;1.0000;0;0
600;2013-06-13 07:30:00;172602N232;155;0.191;35;225;225;226;223;1.021;50.00;389.3;0.186;383.6;0.182;0.0;0.000;60;0;0;1.284;1.033;0.746;24;68;61;50.00;50.00;50.00;4223;1000;0.0;0;1.0000;0;0
600;2013-06-13 07:40:00;172602N232;177;0.221;35;225;224;226;225;0.950;49.98;391.4;0.214;385.2;0.209;0.0;0.000;60;0;0;0.915;1.211;0.725;39;70;65;49.98;49.98;49.98;4223;1000;0.0;0;1.0000;0;0
600;2013-06-13 07:50:00;172602N232;232;0.259;35;225;224;226;224;1.051;49.99;394.5;0.283;392.3;0.275;0.0;0.000;60;0;0;1.076;1.246;0.832;56;91;83;49.99;49.99;49.99;4223;1000;0.0;0;1.0000;0;0
600;2013-06-13 08:00:00;172602N232;277;0.305;35;224;224;226;223;1.141;50.01;400.6;0.336;396.1;0.328;0.0;0.000;60;0;0;1.169;1.293;0.962;67;105;103;50.01;50.01;50.01;4223;1000;0.0;0;1.0000;0;0
600;2013-06-13 08:10:00;172602N232;204;0.340;36;224;224;224;223;1.012;49.98;391.8;0.250;388.7;0.241;0.0;0.000;60;0;0;1.256;0.948;0.832;50;87;65;49.98;49.98;49.98;4223;1000;0.0;0;1.0000;0;0
600;2013-06-13 08:20:00;172602N232;130;0.362;36;223;223;224;223;0.964;50.00;379.8;0.155;374.0;0.156;0.0;0.000;60;0;0;1.164;0.963;0.767;22;54;52;50.00;50.00;50.00;4223;1000;0.0;0;1.0000;0;0
600;2013-06-13 08:30:00;172602N232;178;0.391;36;223;223;223;222;1.045;50.00;391.2;0.214;384.0;0.210;0.0;0.000;60;0;0;1.394;0.939;0.802;38;75;66;50.00;50.00;50.00;4223;1000;0.0;0;1.0000;0;0
600;2013-06-13 08:40:00;172602N232;283;0.438;36;223;223;224;222;1.135;49.99;400.7;0.342;395.8;0.337;0.0;0.000;60;0;0;1.250;1.215;0.942;73;105;102;49.99;49.99;49.99;4223;1000;0.0;0;1.0000;0;0
600;2013-06-13 08:50:00;172602N232;186;0.470;36;224;223;225;223;0.974;49.99;389.1;0.225;386.1;0.221;0.0;0.000;60;0;0;1.009;1.187;0.728;46;64;74;49.99;49.99;49.99;4223;1000;0.0;0;1.0000;0;0
600;2013-06-13 09:00:00;172602N232;208;0.505;36;223;223;224;222;0.989;49.99;394.4;0.252;390.3;0.245;0.0;0.000;60;0;0;1.084;1.065;0.818;56;75;75;49.99;49.99;49.99;4223;1000;0.0;0;1.0000;0;0
600;2013-06-13 09:10:00;172602N232;227;0.542;36;222;223;223;221;0.988;49.99;395.0;0.273;391.5;0.269;0.0;0.000;60;0;0;1.025;1.139;0.801;48;93;84;49.99;49.99;49.99;4223;1000;0.0;0;1.0000;0;0
600;2013-06-13 09:20:00;172602N232;233;0.581;36;221;222;222;219;1.062;49.99;397.0;0.283;393.0;0.275;0.0;0.000;60;0;0;1.199;1.094;0.894;47;88;97;49.99;49.99;49.99;4223;1000;0.0;0;1.0000;0;0
600;2013-06-13 09:30:00;172602N232;310;0.634;36;220;221;221;220;1.071;49.99;404.4;0.374;399.4;0.368;0.0;0.000;60;0;0;1.203;1.086;0.924;86;124;98;49.99;49.99;49.99;4223;1000;0.0;0;1.0000;0;0
600;2013-06-13 09:40:00;172602N232;268;0.679;36;221;221;221;220;1.108;50.00;400.1;0.326;398.4;0.313;0.0;0.000;60;0;0;1.239;1.092;0.994;72;104;90;50.00;50.00;50.00;4223;1000;0.0;0;1.0000;0;0
600;2013-06-13 09:50:00;172602N232;289;0.727;37;223;224;224;222;1.102;50.00;400.5;0.352;398.7;0.340;0.0;0.000;60;0;0;1.244;1.109;0.953;70;110;106;50.00;50.00;50.00;4223;1000;0.0;0;1.0000;0;0
600;2013-06-13 10:00:00;172602N232;352;0.786;37;224;225;226;222;1.179;49.99;403.9;0.430;402.0;0.413;0.0;0.000;60;0;0;1.304;1.210;1.023;90;133;126;49.99;49.99;49.99;4223;1000;0.0;0;1.0000;0;0
600;2013-06-13 10:10:00;172602N232;798;0.919;37;224;225;226;222;1.387;49.99;423.6;0.956;418.9;0.922;0.0;0.000;60;0;0;1.399;1.417;1.346;256;277;263;49.99;49.99;49.99;4223;1000;0.0;0;1.0000;0;0
600;2013-06-13 10:20:00;172602N232;671;1.030;37;225;225;227;223;1.143;49.99;416.0;0.808;412.5;0.791;0.0;0.000;60;0;0;1.117;1.183;1.131;212;235;223;49.99;49.99;49.99;4223;1000;0.0;0;1.0000;0;0
600;2013-06-13 10:30:00;172602N232;1023;1.201;37;225;224;226;224;1.559;49.99;422.3;1.224;420.7;1.196;0.0;0.000;60;0;0;1.508;1.597;1.574;327;352;342;49.99;49.99;49.99;4223;1000;0.0;0;1.0000;0;0
600;2013-06-13 10:40:00;172602N232;953;1.361;38;225;224;227;224;1.448;50.00;417.0;1.169;417.7;1.107;0.0;0.000;60;0;0;1.393;1.490;1.463;302;330;319;50.00;50.00;50.00;4223;1000;0.0;0;1.0000;0;0
600;2013-06-13 10:50:00;172602N232;1082;1.541;38;225;224;227;223;1.647;50.01;421.4;1.339;422.6;1.218;0.0;0.000;60;0;0;1.593;1.696;1.653;345;376;359;50.01;50.01;50.01;4223;1000;0.0;0;1.0000;0;0
600;2013-06-13 11:00:00;172602N232;1611;1.809;38;225;225;227;223;2.424;49.98;421.2;2.004;422.3;1.834;0.0;0.000;60;0;0;2.382;2.471;2.419;525;552;531;49.98;49.98;49.98;4223;1000;0.0;0;1.0000;0;0
600;2013-06-13 11:10:00;172602N232;2555;2.236;39;226;226;228;225;3.778;49.98;417.0;3.220;417.3;2.986;0.0;0.000;60;0;0;3.723;3.847;3.765;837;872;843;49.98;49.98;49.98;4223;1000;0.0;0;1.0000;0;0
600;2013-06-13 11:20:00;172602N232;3029;2.742;39;227;226;229;225;4.452;49.98;407.8;3.884;410.4;3.620;0.0;0.000;60;0;0;4.381;4.541;4.435;988;1042;996;49.98;49.98;49.98;4223;1000;0.0;0;1.0000;0;0
600;2013-06-13 11:30:00;172602N232;1646;3.015;40;225;224;228;224;2.468;49.98;410.4;2.069;406.4;1.987;0.0;0.000;60;0;0;2.404;2.534;2.467;531;568;544;49.98;49.98;49.98;4223;1000;0.0;0;1.0000;0;0
600;2013-06-13 11:40:00;172602N232;2355;3.408;40;226;226;229;224;3.481;49.99;411.7;3.051;415.8;2.715;0.0;0.000;60;0;0;3.423;3.559;3.461;771;810;773;49.99;49.99;49.99;4223;1000;0.0;0;1.0000;0;0
600;2013-06-13 11:50:00;172602N232;2029;3.747;41;226;226;228;224;3.017;50.01;403.7;2.649;409.1;2.394;0.0;0.000;60;0;0;2.964;3.079;3.009;662;695;668;50.01;50.01;50.01;4223;1000;0.0;0;1.0000;0;0
600;2013-06-13 12:00:00;172602N232;2717;4.199;41;227;227;230;225;3.996;49.97;409.9;3.458;414.2;3.212;0.0;0.000;60;0;0;3.933;4.079;3.977;889;937;893;49.97;49.97;49.97;4223;1000;0.0;0;1.0000;0;0
600;2013-06-13 12:10:00;172602N232;4061;4.878;42;229;228;232;226;5.923;50.00;394.5;5.325;398.0;5.117;0.0;0.000;60;0;0;5.833;6.053;5.883;1326;1406;1330;50.00;50.00;50.00;4223;1000;0.0;0;1.0000;0;0
600;2013-06-13 12:20:00;172602N232;3565;5.473;42;228;227;231;225;5.211;50.00;391.8;4.706;393.4;4.531;0.0;0.000;60;0;0;5.123;5.332;5.178;1162;1238;1166;50.00;50.00;50.00;4223;1000;0.0;0;1.0000;0;0
600;2013-06-13 12:30:00;172602N232;3901;6.123;43;227;226;230;225;5.706;49.99;386.5;5.147;388.1;5.050;0.0;0.000;60;0;0;5.627;5.835;5.656;1274;1351;1274;49.99;49.99;49.99;4223;1000;0.0;0;1.0000;0;0
600;2013-06-13 12:40:00;172602N232;3157;6.647;43;226;225;229;224;4.658;50.02;392.6;4.084;393.1;4.044;0.0;0.000;60;0;0;4.575;4.757;4.643;1026;1086;1037;50.02;50.02;50.02;4223;1000;0.0;0;1.0000;0;0
600;2013-06-13 12:50:00;172602N232;5191;7.512;43;229;228;233;227;7.533;50.03;385.4;6.893;386.6;6.819;0.0;0.000;60;0;0;7.426;7.698;7.475;1695;1793;1698;50.03;50.03;50.03;4223;1000;0.0;0;1.0000;0;0
600;2013-06-13 13:00:00;172602N232;3357;8.073;44;228;226;231;226;4.918;49.99;384.1;4.502;384.1;4.410;0.0;0.000;60;0;0;4.825;5.029;4.900;1089;1161;1106;49.99;49.99;49.99;4223;1000;0.0;0;1.0000;0;0
600;2013-06-13 13:10:00;172602N232;2151;8.431;44;226;224;229;225;3.188;50.00;402.8;2.773;402.0;2.657;0.0;0.000;60;0;0;3.110;3.260;3.194;695;738;716;50.00;50.00;50.00;4223;1000;0.0;0;1.0000;0;0
600;2013-06-13 13:20:00;172602N232;3755;9.057;44;227;226;231;225;5.509;50.02;400.1;4.831;401.6;4.691;0.0;0.000;60;0;0;5.426;5.628;5.473;1225;1300;1230;50.02;50.02;50.02;4223;1000;0.0;0;1.0000;0;0
600;2013-06-13 13:30:00;172602N232;4547;9.816;44;228;227;232;226;6.636;50.00;388.5;6.026;389.0;5.887;0.0;0.000;60;0;0;6.549;6.781;6.578;1486;1576;1486;50.00;50.00;50.00;4223;1000;0.0;0;1.0000;0;0
600;2013-06-13 13:40:00;172602N232;2517;10.237;44;227;226;230;225;3.703;50.00;399.1;3.222;394.2;3.180;0.0;0.000;60;0;0;3.628;3.788;3.694;817;868;830;50.00;50.00;50.00;4223;1000;0.0;0;1.0000;0;0
600;2013-06-13 13:50:00;172602N232;4832;11.041;44;229;228;232;227;7.015;50.01;391.9;6.306;392.6;6.234;0.0;0.000;60;0;0;6.934;7.153;6.958;1586;1663;1577;50.01;50.01;50.01;4223;1000;0.0;0;1.0000;0;0
600;2013-06-13 14:00:00;172602N232;5557;11.966;45;229;229;232;227;8.079;49.98;377.8;7.537;380.1;7.407;0.0;0.000;60;0;0;8.044;8.203;7.990;1841;1902;1811;49.98;49.98;49.98;4223;1000;0.0;0;1.0000;0;0
600;2013-06-13 14:10:00;172602N232;3327;12.520;45;228;227;231;226;4.861;49.99;387.1;4.432;386.1;4.332;0.0;0.000;60;0;0;4.794;4.966;4.825;1089;1147;1088;49.99;49.99;49.99;4223;1000;0.0;0;1.0000;0;0
600;2013-06-13 14:20:00;172602N232;4384;13.251;45;229;228;231;227;6.377;50.00;391.3;5.700;391.7;5.658;0.0;0.000;60;0;0;6.319;6.474;6.338;1442;1500;1438;50.00;50.00;50.00;4223;1000;0.0;0;1.0000;0;0
600;2013-06-13 14:30:00;172602N232;3418;13.822;45;228;229;230;227;4.982;49.98;390.7;4.448;390.5;4.408;0.0;0.000;60;0;0;4.946;5.053;4.948;1130;1166;1120;49.98;49.98;49.98;4223;1000;0.0;0;1.0000;0;0
600;2013-06-13 14:40:00;172602N232;1437;14.061;45;228;228;229;226;2.140;49.98;404.5;1.806;401.2;1.778;0.0;0.000;60;0;0;2.105;2.169;2.146;470;488;477;49.98;49.98;49.98;4223;1000;0.0;0;1.0000;0;0
600;2013-06-13 14:50:00;172602N232;3649;14.669;45;230;230;232;228;5.292;50.00;406.2;4.552;406.0;4.507;0.0;0.000;60;0;0;5.250;5.374;5.252;1206;1248;1194;50.00;50.00;50.00;4223;1000;0.0;0;1.0000;0;0
600;2013-06-13 15:00:00;172602N232;1923;14.991;45;227;227;229;226;2.851;50.00;401.4;2.444;398.4;2.381;0.0;0.000;60;0;0;2.819;2.887;2.849;631;657;635;50.00;50.00;50.00;4223;1000;0.0;0;1.0000;0;0
600;2013-06-13 15:10:00;172602N232;1301;15.207;45;227;228;228;226;1.959;49.99;408.0;1.608;406.3;1.594;0.0;0.000;60;0;0;1.931;1.982;1.966;423;442;432;49.99;49.99;49.99;4223;1000;0.0;0;1.0000;0;0
600;2013-06-13 15:20:00;172602N232;2540;15.631;45;229;230;231;226;3.712;49.99;411.0;3.150;405.3;3.122;0.0;0.000;60;0;0;3.683;3.789;3.664;841;875;821;49.99;49.99;49.99;4223;1000;0.0;0;1.0000;0;0
600;2013-06-13 15:30:00;172602N232;2138;15.988;45;229;229;231;227;3.142;49.99;398.9;2.687;404.9;2.649;0.0;0.000;60;0;0;3.100;3.203;3.124;699;736;700;49.99;49.99;49.99;4223;1000;0.0;0;1.0000;0;0
600;2013-06-13 15:40:00;172602N232;3338;16.542;45;230;230;233;227;4.836;50.01;399.6;4.256;398.2;4.232;0.0;0.000;60;0;0;4.786;4.942;4.782;1099;1152;1084;50.01;50.01;50.01;4223;1000;0.0;0;1.0000;0;0
600;2013-06-13 15:50:00;172602N232;3678;17.156;45;229;229;232;226;5.363;50.01;402.1;4.666;401.6;4.628;0.0;0.000;60;0;0;5.300;5.475;5.315;1209;1272;1195;50.01;50.01;50.01;4223;1000;0.0;0;1.0000;0;0
600;2013-06-13 16:00:00;172602N232;2130;17.512;45;224;224;227;221;3.186;50.00;397.6;2.736;396.3;2.711;0.0;0.000;60;0;0;3.127;3.260;3.173;694;739;697;50.00;50.00;50.00;4223;1000;0.0;0;1.0000;0;0
600;2013-06-13 16:10:00;172602N232;2482;17.928;44;224;223;227;221;3.710;50.00;410.1;3.057;408.4;3.076;0.0;0.000;60;0;0;3.640;3.802;3.689;806;866;812;50.00;50.00;50.00;4223;1000;0.0;0;1.0000;0;0
600;2013-06-13 16:20:00;172602N232;3259;18.469;44;223;222;228;220;4.863;49.99;397.9;4.157;400.8;4.145;0.0;0.000;60;0;0;4.768;5.002;4.820;1057;1140;1060;49.99;49.99;49.99;4223;1000;0.0;0;1.0000;0;0
600;2013-06-13 16:30:00;172602N232;1503;18.719;44;222;222;225;219;2.278;49.99;400.3;1.877;397.5;1.921;0.0;0.000;60;0;0;2.221;2.343;2.270;486;523;492;49.99;49.99;49.99;4223;1000;0.0;0;1.0000;0;0
600;2013-06-13 16:40:00;172602N232;2967;19.215;44;224;224;227;220;4.427;49.99;398.9;3.720;405.3;3.745;0.0;0.000;60;0;0;4.376;4.531;4.375;975;1030;961;49.99;49.99;49.99;4223;1000;0.0;0;1.0000;0;0
600;2013-06-13 16:50:00;172602N232;1251;19.424;44;222;223;225;220;1.933;49.99;398.9;1.561;401.9;1.569;0.0;0.000;60;0;0;1.887;1.975;1.939;404;431;414;50.00;50.00;50.00;4223;1000;0.0;0;1.0000;0;0
600;2013-06-13 17:00:00;172602N232;719;19.543;44;222;222;224;220;1.228;49.99;405.6;0.885;403.4;0.874;0.0;0.000;60;0;0;1.179;1.287;1.218;226;253;239;49.99;49.99;49.99;4223;1000;0.0;0;1.0000;0;0
600;2013-06-13 17:10:00;172602N232;1233;19.749;44;223;224;224;221;1.875;49.99;408.8;1.510;409.7;1.498;0.0;0.000;60;0;0;1.828;1.917;1.882;400;423;409;49.99;49.99;49.99;4223;1000;0.0;0;1.0000;0;0
600;2013-06-13 17:20:00;172602N232;840;19.889;44;222;222;224;220;1.407;49.98;409.9;1.026;409.2;1.010;0.0;0.000;60;0;0;1.408;1.412;1.401;269;289;280;49.98;49.98;49.98;4223;1000;0.0;0;1.0000;0;0
600;2013-06-13 17:30:00;172602N232;489;19.972;43;222;223;223;219;1.024;49.99;408.4;0.592;403.4;0.587;0.0;0.000;60;0;0;1.048;1.048;0.977;146;175;166;49.99;49.99;49.99;4223;1000;0.0;0;1.0000;0;0
600;2013-06-13 17:40:00;172602N232;713;20.091;43;222;222;224;221;1.204;49.99;406.5;0.870;409.0;0.862;0.0;0.000;60;0;0;1.192;1.220;1.200;227;247;238;49.99;49.99;49.99;4223;1000;0.0;0;1.0000;0;0
600;2013-06-13 17:50:00;172602N232;450;20.166;43;222;222;223;220;1.055;50.01;405.2;0.547;403.3;0.533;0.0;0.000;60;0;0;1.113;1.087;0.966;132;163;154;50.01;50.01;50.01;4223;1000;0.0;0;1.0000;0;0
600;2013-06-13 18:00:00;172602N232;742;20.290;43;220;222;222;218;1.247;50.01;408.6;0.902;412.1;0.888;0.0;0.000;60;0;0;1.251;1.271;1.219;238;257;244;50.01;50.01;50.01;4223;1000;0.0;0;1.0000;0;0
600;2013-06-13 18:10:00;172602N232;1048;20.464;43;220;221;224;217;1.617;50.00;404.0;1.284;412.9;1.276;0.0;0.000;60;0;0;1.563;1.673;1.615;335;367;343;50.00;50.00;50.00;4223;1000;0.0;0;1.0000;0;0
600;2013-06-13 18:20:00;172602N232;990;20.629;43;221;222;224;217;1.522;49.99;407.2;1.202;412.9;1.208;0.0;0.000;60;0;0;1.479;1.573;1.514;320;347;321;49.99;49.99;49.99;4223;1000;0.0;0;1.0000;0;0
600;2013-06-13 18:30:00;172602N232;1067;20.807;43;222;223;223;219;1.637;49.98;410.8;1.280;413.5;1.307;0.0;0.000;60;0;0;1.597;1.678;1.636;346;370;350;49.98;49.98;49.98;4223;1000;0.0;0;1.0000;0;0
600;2013-06-13 18:40:00;172602N232;854;20.950;43;221;221;224;220;1.327;49.99;404.6;1.043;410.8;1.043;0.0;0.000;60;0;0;1.281;1.369;1.333;271;297;284;49.99;49.99;49.99;4223;1000;0.0;0;1.0000;0;0
600;2013-06-13 18:50:00;172602N232;817;21.086;43;222;221;224;220;1.258;49.99;408.6;0.994;412.6;0.983;0.0;0.000;60;0;0;1.199;1.304;1.273;257;286;272;49.99;49.99;49.99;4223;1000;0.0;0;1.0000;0;0
600;2013-06-13 19:00:00;172602N232;751;21.212;43;222;221;224;221;1.162;49.99;410.9;0.910;412.0;0.901;0.0;0.000;60;0;0;1.104;1.205;1.177;235;262;251;49.99;49.99;49.99;4223;1000;0.0;0;1.0000;0;0
600;2013-06-13 19:10:00;172602N232;839;21.351;43;222;222;223;221;1.291;50.01;410.7;1.015;413.3;1.009;0.0;0.000;60;0;0;1.238;1.328;1.307;266;289;282;50.01;50.01;50.01;4223;1000;0.0;0;1.0000;0;0
600;2013-06-13 19:20:00;172602N232;688;21.466;43;222;223;223;221;1.171;50.00;406.7;0.839;410.5;0.826;0.0;0.000;60;0;0;1.157;1.189;1.167;221;236;229;50.00;50.00;50.00;4223;1000;0.0;0;1.0000;0;0
600;2013-06-13 19:30:00;172602N232;639;21.573;43;223;223;224;221;1.090;50.00;407.9;0.772;411.3;0.768;0.0;0.000;60;0;0;1.076;1.118;1.078;203;222;213;50.00;50.00;50.00;4223;1000;0.0;0;1.0000;0;0
600;2013-06-13 19:40:00;172602N232;631;21.678;43;223;225;224;222;1.155;50.00;406.3;0.759;410.3;0.765;0.0;0.000;60;0;0;1.155;1.177;1.134;204;217;208;50.00;50.00;50.00;4223;1000;0.0;0;1.0000;0;0
600;2013-06-13 19:50:00;172602N232;557;21.771;43;224;223;226;222;0.897;50.00;404.0;0.681;410.5;0.666;0.0;0.000;60;0;0;0.835;0.949;0.907;171;198;186;50.00;50.00;50.00;4223;1000;0.0;0;1.0000;0;0
600;2013-06-13 20:00:00;172602N232;521;21.858;42;223;223;225;222;0.907;50.03;404.1;0.636;409.6;0.623;0.0;0.000;60;0;0;0.891;0.904;0.927;164;182;173;50.03;50.03;50.03;4223;1000;0.0;0;1.0000;0;0
600;2013-06-13 20:10:00;172602N232;457;21.935;42;224;224;224;223;1.077;50.04;403.2;0.557;407.3;0.543;0.0;0.000;60;0;0;1.139;1.084;1.010;134;175;146;50.04;50.04;50.04;4223;1000;0.0;0;1.0000;0;0
600;2013-06-13 20:20:00;172602N232;318;21.988;42;223;225;222;222;1.166;50.02;395.1;0.391;402.5;0.376;0.0;0.000;60;0;0;1.380;1.108;1.011;82;131;104;50.02;50.02;50.02;4223;1000;0.0;0;1.0000;0;0
600;2013-06-13 20:30:00;172602N232;259;22.032;42;223;225;222;223;1.059;50.00;391.8;0.312;398.4;0.307;0.0;0.000;60;0;0;1.229;1.016;0.934;53;112;92;50.00;50.00;50.00;4223;1000;0.0;0;1.0000;0;0
600;2013-06-13 20:40:00;172602N232;118;22.051;42;223;224;223;223;0.890;49.99;374.5;0.138;382.2;0.136;0.0;0.000;60;0;0;1.036;0.889;0.745;15;49;55;49.99;49.99;49.99;4223;1000;0.0;0;1.0000;0;0
600;2013-06-13 20:50:00;172602N232;43;22.058;41;223;223;224;222;0.609;50.00;326.3;0.044;334.2;0.043;0.0;0.000;60;0;0;0.674;0.695;0.458;5;11;31;50.00;50.00;50.00;4223;1000;0.0;0;1.0000;0;0
600;2013-06-13 21:00:00;172602N232;29;22.064;41;223;224;224;221;0.474;49.97;308.8;0.025;319.6;0.025;0.0;0.000;60;0;0;0.564;0.501;0.359;2;14;24;49.97;49.97;49.97;4223;1000;0.0;0;1.0000;0;0
600;2013-06-13 21:10:00;172602N232;64;22.074;40;223;222;225;221;0.768;49.98;358.7;0.070;367.5;0.067;0.0;0.000;60;0;0;0.620;1.109;0.577;23;0;44;49.98;49.98;49.98;4223;1000;0.0;0;1.0000;0;0
600;2013-06-13 21:20:00;172602N232;35;22.082;40;224;224;226;223;0.637;50.00;337.0;0.034;329.9;0.033;0.0;0.000;60;0;0;0.536;0.918;0.457;15;0;32;50.00;50.00;50.00;4223;1000;0.0;0;1.0000;0;0
600;2013-06-13 21:30:00;172602N232;6;22.081;40;225;225;226;223;0.187;50.00;265.4;0.004;258.6;0.004;0.0;0.000;60;0;0;0.211;0.223;0.128;1;1;7;50.00;50.00;50.00;4223;1000;0.0;0;1.0000;0;0
600;2013-06-13 21:40:00;172602N232;0;22.081;38;224;224;227;221;0.000;50.03;263.4;0.000;263.5;0.000;0.0;0.000;50;0;0;0.000;0.000;0.000;0;0;0;50.03;50.03;50.03;4223;1000;0.0;0;1.0000;0;0
600;2013-06-13 21:50:00;172602N232;0;22.081;37;224;224;227;221;0.000;50.05;232.9;0.000;233.8;0.000;0.0;0.000;50;0;0;0.000;0.000;0.000;0;0;0;50.05;50.05;50.05;4223;1000;0.0;0;1.0000;0;0
600;2013-06-13 22:00:00;172602N232;0;22.081;36;224;225;227;221;0.000;50.03;227.5;0.000;228.4;0.000;0.0;0.000;50;0;0;0.000;0.000;0.000;0;0;0;50.03;50.03;50.03;4223;1000;0.0;0;1.0000;0;0
600;2013-06-13 22:10:00;172602N232;0;22.081;36;224;225;227;221;0.000;50.04;224.8;0.000;225.7;0.000;0.0;0.000;50;0;0;0.000;0.000;0.000;0;0;0;50.04;50.04;50.04;4223;1000;0.0;0;1.0000;0;0
[wr_ende]
