20160114;230002;172602N232;My Plant;+0100
[wr_def_start]
172602N232;Inverter Type;Inverter Group;72602N232      
[wr_def_end]
[wr]
INTERVAL;TIMESTAMP;SERIAL;P_AC;E_DAY;T_WR;U_AC;U_AC_1;U_AC_2;U_AC_3;I_AC;F_AC;U_DC_1;I_DC_1;U_DC_2;I_DC_2;U_DC_3;I_DC_3;S;E_WR;M_WR;I_AC_1;I_AC_2;I_AC_3;P_AC_1;P_AC_2;P_AC_3;F_AC_1;F_AC_2;F_AC_3;R_DC;PC;PCS;PCS_LL;COS_PHI;COS_PHI_LL;S_COS_PHI
600;2016-01-14 08:00:00;172602N232;0;0.000;0;3;3;3;3;0.000;0.71;3.2;0.000;3.2;0.000;0.0;0.000;50;0;0;0.000;0.000;0.000;0;0;0;0.71;0.71;0.71;61;1000;0.0;0;1.0000;0;0
600;2016-01-14 08:10:00;172602N232;0;0.000;19;221;222;222;218;0.000;49.99;227.0;0.000;228.0;0.000;0.0;0.000;50;0;0;0.000;0.000;0.000;0;0;0;49.99;49.99;49.99;0;1000;0.0;0;1.0000;0;0
600;2016-01-14 08:20:00;172602N232;0;0.000;20;221;220;223;219;0.000;50.00;227.4;0.000;228.3;0.000;0.0;0.000;50;0;0;0.000;0.000;0.000;0;0;0;50.00;50.00;50.00;0;1000;0.0;0;1.0000;0;0
600;2016-01-14 08:30:00;172602N232;0;0.000;21;222;221;224;220;0.000;49.97;230.8;0.000;231.7;0.000;0.0;0.000;50;0;0;0.000;0.000;0.000;0;0;0;49.97;49.97;49.97;0;1000;0.0;0;1.0000;0;0
600;2016-01-14 08:40:00;172602N232;0;0.000;21;223;224;225;220;0.000;49.99;230.1;0.000;231.0;0.000;0.0;0.000;50;0;0;0.000;0.000;0.000;0;0;0;49.99;49.99;49.99;0;1000;0.0;0;1.0000;0;0
600;2016-01-14 08:50:00;172602N232;0;0.000;21;219;220;221;217;0.000;49.99;252.8;0.000;253.6;0.000;0.0;0.000;50;0;0;0.000;0.000;0.000;0;0;0;49.99;49.99;49.99;0;1000;0.0;0;1.0000;0;0
600;2016-01-14 09:00:00;172602N232;0;0.000;21;219;219;220;218;0.001;49.99;279.4;0.000;278.6;0.000;0.0;0.000;60;0;0;0.003;0.001;0.001;0;0;0;49.99;49.99;49.99;6464;1000;0.0;0;1.0000;0;0
600;2016-01-14 09:10:00;172602N232;0;0.000;22;220;218;223;220;0.002;49.98;303.2;0.000;300.7;0.000;0.0;0.000;51;0;0;0.001;0.004;0.001;0;0;0;49.98;49.98;49.98;5866;1000;0.0;0;1.0000;0;0
600;2016-01-14 09:20:00;172602N232;0;0.000;22;220;219;223;219;0.000;49.99;315.3;0.000;311.8;0.000;0.0;0.000;60;0;0;0.001;0.001;0.000;0;0;0;49.98;49.99;49.99;5567;1000;0.0;0;1.0000;0;0
600;2016-01-14 09:30:00;172602N232;0;0.000;22;220;218;222;219;0.021;49.97;299.3;0.000;298.1;0.000;0.0;0.000;60;0;0;0.018;0.036;0.011;0;0;0;49.97;49.97;49.97;5346;1000;0.0;0;1.0000;0;0
600;2016-01-14 09:40:00;172602N232;3;0.001;22;220;218;221;220;0.156;49.98;252.3;0.000;264.7;0.000;0.0;0.000;60;0;0;0.127;0.256;0.087;5;0;3;49.98;49.98;49.98;5409;1000;0.0;0;1.0000;0;0
600;2016-01-14 09:50:00;172602N232;2;0.002;23;220;218;222;220;0.179;50.01;253.0;0.000;262.3;0.000;0.0;0.000;60;0;0;0.135;0.284;0.119;4;0;6;50.01;50.01;50.01;5409;1000;0.0;0;1.0000;0;0
600;2016-01-14 10:00:00;172602N232;6;0.005;23;220;218;222;219;0.258;49.99;254.7;0.001;278.8;0.001;0.0;0.000;60;0;0;0.195;0.401;0.178;6;0;10;49.99;49.99;49.99;5409;1000;0.0;0;1.0000;0;0
600;2016-01-14 10:10:00;172602N232;10;0.008;23;220;219;221;220;0.299;49.98;266.3;0.003;304.5;0.004;0.0;0.000;60;0;0;0.263;0.415;0.221;5;1;11;49.98;49.98;49.98;5409;1000;0.0;0;1.0000;0;0
600;2016-01-14 10:20:00;172602N232;1;0.008;24;220;220;220;221;0.100;49.99;252.1;0.000;253.3;0.000;0.0;0.000;60;0;0;0.090;0.108;0.104;1;5;0;49.99;49.99;49.99;5409;1000;0.0;0;1.0000;0;0
600;2016-01-14 10:30:00;172602N232;0;0.008;24;220;220;219;220;0.012;49.98;272.9;0.000;272.3;0.000;0.0;0.000;60;0;0;0.011;0.014;0.012;0;0;0;49.98;49.98;49.98;5336;1000;0.0;0;1.0000;0;0
600;2016-01-14 10:40:00;172602N232;0;0.008;24;220;220;220;221;0.001;49.98;295.1;0.000;293.1;0.000;0.0;0.000;51;0;0;0.001;0.001;0.002;0;0;0;49.98;49.98;49.98;5280;1000;0.0;0;1.0000;0;0
600;2016-01-14 10:50:00;172602N232;0;0.008;24;220;220;219;220;0.010;49.99;284.2;0.000;282.8;0.000;0.0;0.000;60;0;0;0.012;0.012;0.008;0;0;0;49.99;49.99;49.99;5284;1000;0.0;0;1.0000;0;0
600;2016-01-14 11:00:00;172602N232;6;0.007;24;220;220;218;221;0.196;49.99;251.6;0.002;265.4;0.000;0.0;0.000;60;0;0;0.194;0.197;0.197;1;11;1;49.99;49.99;49.99;5227;1000;0.0;0;1.0000;0;0
600;2016-01-14 11:10:00;172602N232;21;0.009;24;221;220;220;221;0.393;50.00;302.6;0.020;322.1;0.015;0.0;0.000;60;0;0;0.368;0.430;0.381;4;19;1;50.00;50.00;50.00;5227;1000;0.0;0;1.0000;0;0
600;2016-01-14 11:20:00;172602N232;36;0.015;24;221;221;220;222;0.489;50.00;355.5;0.032;394.2;0.022;0.0;0.000;60;0;0;0.522;0.463;0.482;6;28;3;50.00;50.00;50.00;5227;1000;0.0;0;1.0000;0;0
600;2016-01-14 11:30:00;172602N232;21;0.019;24;222;222;221;222;0.376;49.98;330.6;0.020;291.5;0.014;0.0;0.000;60;0;0;0.458;0.326;0.344;2;17;10;49.98;49.98;49.98;5227;1000;0.0;0;1.0000;0;0
600;2016-01-14 11:40:00;172602N232;16;0.022;24;221;222;220;222;0.331;49.97;320.7;0.011;270.1;0.010;0.0;0.000;60;0;0;0.406;0.253;0.334;0;16;8;49.97;49.97;49.97;5227;1000;0.0;0;1.0000;0;0
600;2016-01-14 11:50:00;172602N232;20;0.025;25;222;222;222;222;0.337;50.01;340.4;0.012;288.5;0.014;0.0;0.000;60;0;0;0.413;0.297;0.302;2;14;11;50.01;50.01;50.01;5227;1000;0.0;0;1.0000;0;0
600;2016-01-14 12:00:00;172602N232;32;0.031;25;221;222;222;220;0.491;49.99;390.9;0.022;336.4;0.023;0.0;0.000;60;0;0;0.561;0.552;0.360;3;16;24;49.99;49.99;49.99;5227;1000;0.0;0;1.0000;0;0
600;2016-01-14 12:10:00;172602N232;38;0.038;25;221;221;223;221;0.562;49.99;405.0;0.025;372.0;0.026;0.0;0.000;60;0;0;0.543;0.734;0.411;15;4;27;49.99;49.99;49.99;5227;1000;0.0;0;1.0000;0;0
600;2016-01-14 12:20:00;172602N232;29;0.042;25;221;220;222;220;0.534;49.99;383.5;0.015;372.1;0.018;0.0;0.000;60;0;0;0.555;0.691;0.358;16;0;22;49.99;49.99;49.99;5227;1000;0.0;0;1.0000;0;0
600;2016-01-14 12:30:00;172602N232;42;0.049;25;221;220;222;220;0.578;49.98;416.3;0.027;396.5;0.029;0.0;0.000;60;0;0;0.580;0.704;0.451;9;11;23;49.98;49.98;49.98;5227;1000;0.0;0;1.0000;0;0
600;2016-01-14 12:40:00;172602N232;45;0.057;25;221;220;222;220;0.622;49.99;419.8;0.030;409.5;0.033;0.0;0.000;60;0;0;0.599;0.826;0.443;26;1;27;49.99;49.99;49.99;5227;1000;0.0;0;1.0000;0;0
600;2016-01-14 12:50:00;172602N232;52;0.067;25;220;219;222;220;0.657;50.00;426.9;0.037;422.1;0.039;0.0;0.000;60;0;0;0.579;0.898;0.495;21;2;32;50.00;50.00;50.00;5227;1000;0.0;0;1.0000;0;0
600;2016-01-14 13:00:00;172602N232;48;0.074;25;220;220;221;220;0.571;49.98;422.7;0.031;419.3;0.035;0.0;0.000;60;0;0;0.636;0.616;0.461;6;20;21;49.98;49.98;49.98;5227;1000;0.0;0;1.0000;0;0
600;2016-01-14 13:10:00;172602N232;40;0.082;26;220;221;219;220;0.535;49.97;413.8;0.022;411.0;0.026;0.0;0.000;60;0;0;0.645;0.512;0.450;3;27;15;49.97;49.97;49.97;5227;1000;0.0;0;1.0000;0;0
600;2016-01-14 13:20:00;172602N232;48;0.090;26;221;221;219;222;0.586;49.99;421.5;0.031;419.9;0.035;0.0;0.000;60;0;0;0.601;0.506;0.653;11;36;5;49.99;49.99;49.99;5227;1000;0.0;0;1.0000;0;0
600;2016-01-14 13:30:00;172602N232;47;0.097;26;221;221;219;222;0.555;50.00;421.4;0.029;418.3;0.034;0.0;0.000;60;0;0;0.555;0.510;0.602;9;36;3;50.00;50.00;50.00;5227;1000;0.0;0;1.0000;0;0
600;2016-01-14 13:40:00;172602N232;44;0.106;26;220;221;219;221;0.542;49.98;418.5;0.026;415.4;0.031;0.0;0.000;60;0;0;0.638;0.478;0.511;2;34;13;49.98;49.98;49.98;5227;1000;0.0;0;1.0000;0;0
600;2016-01-14 13:50:00;172602N232;35;0.111;26;221;221;220;221;0.474;49.99;402.0;0.016;407.3;0.022;0.0;0.000;60;0;0;0.565;0.445;0.413;1;25;12;49.99;49.99;49.99;5227;1000;0.0;0;1.0000;0;0
600;2016-01-14 14:00:00;172602N232;39;0.119;26;221;220;221;221;0.514;49.99;409.4;0.021;409.3;0.027;0.0;0.000;60;0;0;0.527;0.594;0.422;11;12;23;49.99;49.99;49.99;5227;1000;0.0;0;1.0000;0;0
600;2016-01-14 14:10:00;172602N232;26;0.122;26;222;220;223;222;0.422;49.98;336.8;0.010;388.4;0.015;0.0;0.000;60;0;0;0.451;0.518;0.299;23;1;13;49.98;49.98;49.98;5227;1000;0.0;0;1.0000;0;0
600;2016-01-14 14:20:00;172602N232;5;0.125;26;221;219;222;220;0.258;49.99;253.8;0.000;284.8;0.000;0.0;0.000;60;0;0;0.210;0.399;0.166;6;0;8;49.99;49.99;49.99;5227;1000;0.0;0;1.0000;0;0
600;2016-01-14 14:30:00;172602N232;8;0.125;26;221;220;222;222;0.279;49.98;258.6;0.000;312.1;0.001;0.0;0.000;60;0;0;0.225;0.402;0.211;7;2;5;49.98;49.98;49.98;5227;1000;0.0;0;1.0000;0;0
600;2016-01-14 14:40:00;172602N232;1;0.126;26;222;220;224;221;0.122;49.99;252.2;0.000;259.0;0.000;0.0;0.000;60;0;0;0.090;0.203;0.075;3;0;4;49.99;49.99;49.99;5227;1000;0.0;0;1.0000;0;0
600;2016-01-14 14:50:00;172602N232;0;0.126;26;222;223;224;219;0.001;49.99;277.3;0.000;276.9;0.000;0.0;0.000;51;0;0;0.003;0.001;0.001;0;0;0;49.99;49.99;49.99;4929;1000;0.0;0;1.0000;0;0
600;2016-01-14 15:00:00;172602N232;0;0.126;25;222;223;225;219;0.000;49.99;352.8;0.000;349.6;0.000;0.0;0.000;51;0;0;0.000;0.000;0.000;0;0;0;49.99;49.99;49.99;4611;1000;0.0;0;1.0000;0;0
600;2016-01-14 15:10:00;172602N232;0;0.126;25;222;222;225;219;0.000;49.98;290.2;0.000;289.6;0.000;0.0;0.000;51;0;0;0.000;0.000;0.000;0;0;0;49.98;49.98;49.98;4608;1000;0.0;0;1.0000;0;0
600;2016-01-14 15:20:00;172602N232;0;0.126;25;222;222;225;219;0.000;49.98;235.7;0.000;236.7;0.000;0.0;0.000;51;0;0;0.000;0.000;0.000;0;0;0;49.98;49.98;49.98;4608;1000;0.0;0;1.0000;0;0
600;2016-01-14 15:30:00;172602N232;0;0.126;25;222;222;225;219;0.000;50.03;231.1;0.000;232.0;0.000;0.0;0.000;51;0;0;0.000;0.000;0.000;0;0;0;50.03;50.03;50.03;4608;1000;0.0;0;1.0000;0;0
600;2016-01-14 15:40:00;172602N232;0;0.126;25;222;222;225;219;0.000;50.01;228.1;0.000;229.0;0.000;0.0;0.000;51;0;0;0.000;0.000;0.000;0;0;0;50.01;50.01;50.01;4608;1000;0.0;0;1.0000;0;0
600;2016-01-14 15:50:00;172602N232;0;0.126;24;221;221;224;219;0.000;49.99;226.7;0.000;227.6;0.000;0.0;0.000;51;0;0;0.000;0.000;0.000;0;0;0;49.99;49.99;49.99;4608;1000;0.0;0;1.0000;0;0
[wr_ende]
