20161028;230003;172602N232;My Plant;+0100
[wr_def_start]
172602N232;Inverter Type;Inverter Group;72602N232      
[wr_def_end]
[wr]
INTERVAL;TIMESTAMP;SERIAL;P_AC;E_DAY;T_WR;U_AC;U_AC_1;U_AC_2;U_AC_3;I_AC;F_AC;U_DC_1;I_DC_1;U_DC_2;I_DC_2;U_DC_3;I_DC_3;S;E_WR;M_WR;I_AC_1;I_AC_2;I_AC_3;P_AC_1;P_AC_2;P_AC_3;F_AC_1;F_AC_2;F_AC_3;R_DC;PC;PCS;PCS_LL;COS_PHI;COS_PHI_LL;S_COS_PHI
600;2016-10-28 07:20:00;172602N232;0;0.000;0;1;1;1;1;0.000;0.44;1.8;0.000;1.8;0.000;0.0;0.000;50;0;0;0.000;0.000;0.000;0;0;0;0.44;0.44;0.44;40;1000;0.0;0;1.0000;0;0
600;2016-10-28 07:30:00;172602N232;0;0.000;20;220;224;223;214;0.000;50.00;229.4;0.000;230.3;0.000;0.0;0.000;50;0;0;0.000;0.000;0.000;0;0;0;50.01;50.01;50.01;0;1000;0.0;0;1.0000;0;0
600;2016-10-28 07:40:00;172602N232;0;0.000;22;220;223;224;214;0.000;50.00;232.0;0.000;232.9;0.000;0.0;0.000;50;0;0;0.000;0.000;0.000;0;0;0;50.00;50.00;50.00;0;1000;0.0;0;1.0000;0;0
600;2016-10-28 07:50:00;172602N232;0;0.000;23;221;224;222;216;0.012;50.01;274.3;0.000;273.9;0.000;0.0;0.000;60;0;0;0.014;0.014;0.008;0;0;0;50.01;50.01;50.01;1813;1000;0.0;0;1.0000;0;0
600;2016-10-28 08:00:00;172602N232;11;0.003;23;222;223;221;222;0.244;50.00;277.1;0.006;274.1;0.006;0.0;0.000;60;0;0;0.310;0.219;0.203;0;13;7;50.00;50.00;50.00;4168;1000;0.0;0;1.0000;0;0
600;2016-10-28 08:10:00;172602N232;23;0.009;24;223;224;224;223;0.398;50.00;319.4;0.020;298.2;0.019;0.0;0.000;60;0;0;0.465;0.380;0.351;0;16;16;50.00;50.00;50.00;4168;1000;0.0;0;1.0000;0;0
600;2016-10-28 08:20:00;172602N232;38;0.015;24;224;224;225;223;0.548;50.00;353.5;0.038;337.4;0.034;0.0;0.000;60;0;0;0.632;0.617;0.397;4;12;25;50.00;50.00;50.00;4168;1000;0.0;0;1.0000;0;0
600;2016-10-28 08:30:00;172602N232;171;0.040;25;224;225;225;222;1.031;50.01;400.4;0.226;402.6;0.161;0.0;0.000;60;0;0;1.364;0.946;0.783;25;73;73;50.01;50.01;50.01;4168;1000;0.0;0;1.0000;0;0
600;2016-10-28 08:40:00;172602N232;208;0.075;25;225;225;226;223;1.039;50.01;407.8;0.278;406.1;0.196;0.0;0.000;60;0;0;1.154;1.173;0.792;42;81;83;50.01;50.01;50.01;4168;1000;0.0;0;1.0000;0;0
600;2016-10-28 08:50:00;172602N232;139;0.098;26;223;224;223;223;0.980;50.01;395.6;0.175;398.0;0.133;0.0;0.000;60;0;0;1.215;0.914;0.812;21;68;59;50.01;50.01;50.01;4168;1000;0.0;0;1.0000;0;0
600;2016-10-28 09:00:00;172602N232;88;0.114;26;223;224;224;220;0.989;50.02;376.1;0.103;389.0;0.092;0.0;0.000;60;0;0;1.319;0.897;0.752;4;40;62;50.02;50.02;50.02;4168;1000;0.0;0;1.0000;0;0
600;2016-10-28 09:10:00;172602N232;210;0.149;26;222;224;224;220;1.093;50.03;406.9;0.258;412.5;0.215;0.0;0.000;60;0;0;1.440;1.004;0.835;30;94;89;50.03;50.03;50.03;4168;1000;0.0;0;1.0000;0;0
600;2016-10-28 09:20:00;172602N232;228;0.187;27;223;224;225;220;1.113;50.03;412.1;0.303;423.9;0.206;0.0;0.000;60;0;0;1.408;1.116;0.815;42;92;93;50.03;50.03;50.03;4168;1000;0.0;0;1.0000;0;0
600;2016-10-28 09:30:00;172602N232;452;0.262;27;223;223;224;222;0.906;50.00;438.9;0.619;438.7;0.381;0.0;0.000;60;0;0;0.877;0.959;0.882;136;159;155;50.00;50.00;50.00;4168;1000;0.0;0;1.0000;0;0
600;2016-10-28 09:40:00;172602N232;363;0.323;27;223;223;222;223;1.126;50.00;414.9;0.503;432.1;0.328;0.0;0.000;60;0;0;1.129;1.128;1.122;109;137;115;50.00;50.00;50.00;4168;1000;0.0;0;1.0000;0;0
600;2016-10-28 09:50:00;172602N232;327;0.378;28;223;222;224;223;1.147;50.00;412.3;0.460;427.3;0.290;0.0;0.000;60;0;0;1.171;1.231;1.041;106;114;106;50.00;50.00;50.00;4168;1000;0.0;0;1.0000;0;0
600;2016-10-28 10:00:00;172602N232;265;0.422;28;223;222;224;222;1.120;50.01;410.9;0.391;411.7;0.219;0.0;0.000;60;0;0;1.143;1.278;0.940;74;93;96;50.01;50.01;50.01;4168;1000;0.0;0;1.0000;0;0
600;2016-10-28 10:10:00;172602N232;240;0.462;29;223;223;225;222;1.118;50.01;405.4;0.323;420.0;0.224;0.0;0.000;60;0;0;1.064;1.440;0.852;63;77;99;50.01;50.01;50.01;4168;1000;0.0;0;1.0000;0;0
600;2016-10-28 10:20:00;172602N232;430;0.534;29;223;223;224;221;0.911;49.99;418.0;0.629;418.1;0.368;0.0;0.000;60;0;0;0.903;0.983;0.849;128;155;144;49.99;49.99;49.99;4168;1000;0.0;0;1.0000;0;0
600;2016-10-28 10:30:00;172602N232;230;0.572;29;222;223;224;221;1.088;50.01;407.1;0.336;345.0;0.243;0.0;0.000;60;0;0;1.206;1.271;0.789;49;89;89;50.01;50.01;50.01;4168;1000;0.0;0;1.0000;0;0
600;2016-10-28 10:40:00;172602N232;1016;0.742;29;224;224;227;222;1.736;50.01;428.7;1.640;288.7;1.072;0.0;0.000;60;0;0;1.699;1.837;1.674;324;351;339;50.01;50.01;50.01;4168;1000;0.0;0;1.0000;0;0
600;2016-10-28 10:50:00;172602N232;1364;0.970;30;224;224;226;222;2.053;50.01;426.9;2.179;305.5;1.469;0.0;0.000;60;0;0;1.996;2.112;2.051;440;472;450;50.01;50.01;50.01;4168;1000;0.0;0;1.0000;0;0
600;2016-10-28 11:00:00;172602N232;1876;1.282;30;225;223;227;223;2.799;50.00;423.7;2.885;316.7;2.125;0.0;0.000;60;0;0;2.724;2.869;2.806;604;647;623;50.00;50.00;50.00;4168;1000;0.0;0;1.0000;0;0
600;2016-10-28 11:10:00;172602N232;1149;1.474;31;223;222;225;223;1.751;50.01;416.0;1.697;355.3;1.271;0.0;0.000;60;0;0;1.685;1.799;1.771;365;395;387;50.01;50.01;50.01;4168;1000;0.0;0;1.0000;0;0
600;2016-10-28 11:20:00;172602N232;1370;1.702;31;224;223;226;224;2.111;50.00;423.8;2.055;347.5;1.467;0.0;0.000;60;0;0;2.052;2.157;2.125;437;471;459;50.00;50.00;50.00;4168;1000;0.0;0;1.0000;0;0
600;2016-10-28 11:30:00;172602N232;1834;2.007;32;225;223;228;224;2.733;50.01;422.8;2.798;266.2;2.562;0.0;0.000;60;0;0;2.651;2.802;2.747;588;633;612;50.01;50.01;50.01;4168;1000;0.0;0;1.0000;0;0
600;2016-10-28 11:40:00;172602N232;1920;2.328;32;224;225;228;220;2.869;50.02;420.9;2.844;281.1;2.666;0.0;0.000;60;0;0;2.812;2.962;2.835;628;669;621;50.02;50.02;50.02;4168;1000;0.0;0;1.0000;0;0
600;2016-10-28 11:50:00;172602N232;2068;2.673;33;224;228;229;215;3.094;50.01;420.1;2.956;316.3;2.744;0.0;0.000;60;0;0;3.078;3.230;2.976;694;737;635;50.01;50.01;50.01;4168;1000;0.0;0;1.0000;0;0
600;2016-10-28 12:00:00;172602N232;1258;2.883;33;222;226;228;213;1.916;50.03;417.2;1.657;415.9;1.397;0.0;0.000;60;0;0;1.891;2.013;1.845;418;452;386;50.03;50.03;50.03;4168;1000;0.0;0;1.0000;0;0
600;2016-10-28 12:10:00;172602N232;1738;3.173;34;223;227;228;214;2.619;50.03;392.6;2.428;375.6;2.263;0.0;0.000;60;0;0;2.601;2.734;2.522;581;619;536;50.03;50.03;50.03;4168;1000;0.0;0;1.0000;0;0
600;2016-10-28 12:20:00;172602N232;2295;3.556;34;225;227;228;219;3.431;50.01;324.2;3.354;349.9;3.565;0.0;0.000;60;0;0;3.406;3.540;3.347;764;803;726;50.01;50.01;50.01;4168;1000;0.0;0;1.0000;0;0
600;2016-10-28 12:30:00;172602N232;1289;3.771;34;224;223;227;223;1.950;50.00;432.3;1.251;392.2;1.970;0.0;0.000;60;0;0;1.881;2.016;1.953;411;450;428;50.00;50.00;50.00;4168;1000;0.0;0;1.0000;0;0
600;2016-10-28 12:40:00;172602N232;964;3.932;35;224;223;226;223;1.471;50.00;434.2;0.928;408.4;1.353;0.0;0.000;60;0;0;1.411;1.524;1.479;305;336;321;50.00;50.00;50.00;4168;1000;0.0;0;1.0000;0;0
600;2016-10-28 12:50:00;172602N232;1100;4.115;35;224;223;227;223;1.732;49.99;433.0;1.078;417.3;1.523;0.0;0.000;60;0;0;1.667;1.798;1.732;348;384;366;49.99;49.99;49.99;4168;1000;0.0;0;1.0000;0;0
600;2016-10-28 13:00:00;172602N232;871;4.260;35;224;223;226;223;1.337;50.00;425.0;1.006;425.1;1.034;0.0;0.000;60;0;0;1.276;1.386;1.350;274;303;291;50.00;50.00;50.00;4168;1000;0.0;0;1.0000;0;0
600;2016-10-28 13:10:00;172602N232;1338;4.482;35;225;224;228;223;2.012;50.01;453.1;0.982;418.8;2.148;0.0;0.000;60;0;0;1.946;2.071;2.019;427;464;444;50.01;50.01;50.01;4168;1000;0.0;0;1.0000;0;0
600;2016-10-28 13:20:00;172602N232;1221;4.687;35;225;224;228;223;1.891;50.01;460.2;0.600;416.6;2.259;0.0;0.000;60;0;0;1.835;1.956;1.884;390;423;405;50.01;50.01;50.01;4168;1000;0.0;0;1.0000;0;0
600;2016-10-28 13:30:00;172602N232;1734;4.976;35;226;225;228;224;2.586;50.00;464.3;1.178;416.7;2.875;0.0;0.000;60;0;0;2.533;2.649;2.578;563;599;571;50.00;50.00;50.00;4168;1000;0.0;0;1.0000;0;0
600;2016-10-28 13:40:00;172602N232;1054;5.152;36;225;225;228;223;1.605;50.00;428.1;1.181;421.1;1.345;0.0;0.000;60;0;0;1.557;1.653;1.605;338;365;349;50.00;50.00;50.00;4168;1000;0.0;0;1.0000;0;0
600;2016-10-28 13:50:00;172602N232;996;5.318;36;225;224;227;224;1.513;50.00;399.4;1.712;450.5;0.721;0.0;0.000;60;0;0;1.454;1.569;1.516;316;348;330;50.00;50.00;50.00;4168;1000;0.0;0;1.0000;0;0
600;2016-10-28 14:00:00;172602N232;1300;5.535;36;226;225;228;224;1.977;50.00;414.6;2.584;467.6;0.484;0.0;0.000;60;0;0;1.936;2.023;1.972;420;448;429;50.00;50.00;50.00;4168;1000;0.0;0;1.0000;0;0
600;2016-10-28 14:10:00;172602N232;1276;5.747;36;225;226;227;224;1.966;50.01;417.7;2.508;459.3;0.494;0.0;0.000;60;0;0;1.937;1.994;1.967;412;438;423;50.01;50.01;50.01;4168;1000;0.0;0;1.0000;0;0
600;2016-10-28 14:20:00;172602N232;800;5.881;36;225;225;226;223;1.414;50.01;407.7;1.223;426.0;0.680;0.0;0.000;60;0;0;1.427;1.457;1.359;258;276;265;50.01;50.01;50.01;4168;1000;0.0;0;1.0000;0;0
600;2016-10-28 14:30:00;172602N232;433;5.953;36;225;225;226;224;1.203;50.01;411.0;0.528;413.9;0.484;0.0;0.000;60;0;0;1.289;1.190;1.131;126;151;154;50.01;50.01;50.01;4168;1000;0.0;0;1.0000;0;0
600;2016-10-28 14:40:00;172602N232;828;6.092;36;225;226;226;224;1.418;50.01;419.1;1.155;431.9;0.798;0.0;0.000;60;0;0;1.465;1.378;1.412;272;278;276;50.01;50.01;50.01;4168;1000;0.0;0;1.0000;0;0
600;2016-10-28 14:50:00;172602N232;939;6.247;36;226;226;227;224;1.660;50.01;393.6;1.491;433.2;0.835;0.0;0.000;60;0;0;1.666;1.672;1.643;298;324;316;50.01;50.01;50.01;4168;1000;0.0;0;1.0000;0;0
600;2016-10-28 15:00:00;172602N232;683;6.363;36;225;226;226;224;1.194;50.01;352.6;1.296;443.4;0.540;0.0;0.000;60;0;0;1.206;1.215;1.163;215;238;228;50.01;50.01;50.01;4168;1000;0.0;0;1.0000;0;0
600;2016-10-28 15:10:00;172602N232;553;6.455;35;225;226;226;224;1.224;49.99;352.3;1.010;425.6;0.499;0.0;0.000;60;0;0;1.346;1.176;1.151;179;188;184;49.99;49.99;49.99;4168;1000;0.0;0;1.0000;0;0
600;2016-10-28 15:20:00;172602N232;604;6.555;35;225;225;227;224;1.272;49.99;436.4;0.680;436.2;0.667;0.0;0.000;60;0;0;1.342;1.261;1.214;195;203;204;49.99;49.99;49.99;4168;1000;0.0;0;1.0000;0;0
600;2016-10-28 15:30:00;172602N232;342;6.612;35;225;225;226;223;1.079;50.00;405.3;0.411;411.5;0.396;0.0;0.000;60;0;0;1.126;1.158;0.954;98;118;124;50.00;50.00;50.00;4168;1000;0.0;0;1.0000;0;0
600;2016-10-28 15:40:00;172602N232;421;6.683;35;226;226;227;223;1.206;49.99;407.0;0.501;416.7;0.491;0.0;0.000;60;0;0;1.343;1.197;1.079;123;144;152;49.99;49.99;49.99;4168;1000;0.0;0;1.0000;0;0
600;2016-10-28 15:50:00;172602N232;427;6.754;35;225;225;226;225;0.930;49.99;410.4;0.499;414.1;0.508;0.0;0.000;60;0;0;0.894;1.002;0.896;129;152;144;49.99;49.99;49.99;4168;1000;0.0;0;1.0000;0;0
600;2016-10-28 16:00:00;172602N232;238;6.794;34;224;224;224;225;1.043;49.99;399.8;0.244;400.7;0.317;0.0;0.000;60;0;0;1.067;1.081;0.981;66;104;66;49.99;49.99;49.99;4168;1000;0.0;0;1.0000;0;0
600;2016-10-28 16:10:00;172602N232;141;6.817;34;224;223;225;223;0.929;49.99;386.6;0.165;396.4;0.157;0.0;0.000;60;0;0;0.852;1.195;0.742;24;46;69;49.99;49.99;49.99;4168;1000;0.0;0;1.0000;0;0
600;2016-10-28 16:20:00;172602N232;109;6.836;34;224;224;224;223;0.951;49.99;376.8;0.125;388.5;0.122;0.0;0.000;60;0;0;1.037;1.040;0.777;16;43;54;49.99;49.99;49.99;4168;1000;0.0;0;1.0000;0;0
600;2016-10-28 16:30:00;172602N232;66;6.847;33;223;225;223;223;0.914;50.00;362.6;0.071;373.8;0.073;0.0;0.000;60;0;0;1.222;0.791;0.729;2;40;46;50.00;50.00;50.00;4168;1000;0.0;0;1.0000;0;0
600;2016-10-28 16:40:00;172602N232;20;6.851;33;223;225;219;224;0.355;49.99;290.9;0.013;300.6;0.016;0.0;0.000;60;0;0;0.455;0.287;0.324;0;21;10;49.99;49.99;49.99;4168;1000;0.0;0;1.0000;0;0
600;2016-10-28 16:50:00;172602N232;4;6.852;32;221;226;222;216;0.143;50.00;256.2;0.000;257.4;0.001;0.0;0.000;60;0;0;0.184;0.127;0.120;0;8;5;50.00;50.00;50.00;4168;1000;0.0;0;1.0000;0;0
600;2016-10-28 17:00:00;172602N232;0;6.852;32;220;225;221;215;0.004;49.98;274.2;0.000;273.4;0.000;0.0;0.000;50;0;0;0.012;0.000;0.000;0;0;0;49.98;49.98;49.98;5843;1000;0.0;0;1.0000;0;0
600;2016-10-28 17:10:00;172602N232;0;6.852;30;220;222;223;215;0.000;49.97;235.2;0.000;236.1;0.000;0.0;0.000;50;0;0;0.000;0.000;0.000;0;0;0;49.97;49.97;49.97;6443;1000;0.0;0;1.0000;0;0
600;2016-10-28 17:20:00;172602N232;0;6.852;30;220;222;224;214;0.000;50.03;229.1;0.000;230.1;0.000;0.0;0.000;50;0;0;0.000;0.000;0.000;0;0;0;50.03;50.03;50.03;6443;1000;0.0;0;1.0000;0;0
600;2016-10-28 17:30:00;172602N232;0;6.852;29;219;221;223;214;0.000;50.03;222.4;0.000;223.3;0.000;0.0;0.000;80;0;0;0.000;0.000;0.000;0;0;0;50.03;50.03;50.03;6443;1000;0.0;0;1.0000;0;0
[wr_ende]
