20171226;230003;172602N232;My Plant;+0100
[wr_def_start]
172602N232;Inverter Type;Inverter Group;72602N232      
[wr_def_end]
[wr]
INTERVAL;TIMESTAMP;SERIAL;P_AC;E_DAY;T_WR;U_AC;U_AC_1;U_AC_2;U_AC_3;I_AC;F_AC;U_DC_1;I_DC_1;U_DC_2;I_DC_2;U_DC_3;I_DC_3;S;E_WR;M_WR;I_AC_1;I_AC_2;I_AC_3;P_AC_1;P_AC_2;P_AC_3;F_AC_1;F_AC_2;F_AC_3;R_DC;PC;PCS;PCS_LL;COS_PHI;COS_PHI_LL;S_COS_PHI
600;2017-12-26 07:50:00;172602N232;0;0.000;0;1;1;1;1;0.000;0.36;1.5;0.000;1.5;0.000;0.0;0.000;50;0;0;0.000;0.000;0.000;0;0;0;0.36;0.35;0.35;18;1000;0.0;0;1.0000;0;0
600;2017-12-26 08:00:00;172602N232;0;0.000;17;223;223;227;219;0.000;49.99;228.1;0.000;229.0;0.000;0.0;0.000;50;0;0;0.000;0.000;0.000;0;0;0;49.99;49.99;49.99;0;1000;0.0;0;1.0000;0;0
600;2017-12-26 08:10:00;172602N232;0;0.000;19;223;223;226;219;0.000;50.01;229.3;0.000;230.2;0.000;0.0;0.000;50;0;0;0.000;0.000;0.000;0;0;0;50.01;50.01;50.01;0;1000;0.0;0;1.0000;0;0
600;2017-12-26 08:20:00;172602N232;0;0.000;19;222;221;225;219;0.000;50.01;231.8;0.000;232.7;0.000;0.0;0.000;50;0;0;0.000;0.000;0.000;0;0;0;50.01;50.01;50.01;0;1000;0.0;0;1.0000;0;0
600;2017-12-26 08:30:00;172602N232;0;0.000;20;221;222;224;219;0.000;49.99;246.0;0.000;246.9;0.000;0.0;0.000;50;0;0;0.000;0.000;0.000;0;0;0;49.99;49.99;49.99;0;1000;0.0;0;1.0000;0;0
600;2017-12-26 08:40:00;172602N232;0;0.000;20;221;222;223;219;0.000;50.01;275.1;0.000;275.1;0.000;0.0;0.000;50;0;0;0.000;0.000;0.000;0;0;0;50.01;50.01;50.01;0;1000;0.0;0;1.0000;0;0
600;2017-12-26 08:50:00;172602N232;0;0.000;20;221;223;222;218;0.000;50.01;338.0;0.000;335.5;0.000;0.0;0.000;51;0;0;0.000;0.000;0.000;0;0;0;50.01;50.01;50.01;3354;1000;0.0;0;1.0000;0;0
600;2017-12-26 09:00:00;172602N232;0;0.000;20;221;222;223;218;0.000;50.00;278.9;0.000;278.4;0.000;0.0;0.000;51;0;0;0.000;0.000;0.000;0;0;0;50.00;50.00;50.00;5657;1000;0.0;0;1.0000;0;0
600;2017-12-26 09:10:00;172602N232;0;0.000;21;221;221;223;219;0.037;49.97;278.9;0.000;278.6;0.000;0.0;0.000;60;0;0;0.033;0.054;0.025;0;0;1;49.97;49.97;49.97;5657;1000;0.0;0;1.0000;0;0
600;2017-12-26 09:20:00;172602N232;19;0.003;21;221;221;222;220;0.358;49.97;296.8;0.012;300.8;0.014;0.0;0.000;60;0;0;0.397;0.409;0.270;2;9;15;49.97;49.97;49.97;5657;1000;0.0;0;1.0000;0;0
600;2017-12-26 09:30:00;172602N232;54;0.011;21;221;221;221;220;0.627;49.99;370.9;0.052;370.2;0.051;0.0;0.000;60;0;0;0.736;0.668;0.477;5;21;28;49.99;49.99;49.99;5657;1000;0.0;0;1.0000;0;0
600;2017-12-26 09:40:00;172602N232;78;0.025;21;220;222;219;220;0.785;50.00;383.7;0.082;389.9;0.078;0.0;0.000;60;0;0;1.061;0.631;0.665;3;49;30;50.00;50.00;50.00;5657;1000;0.0;0;1.0000;0;0
600;2017-12-26 09:50:00;172602N232;79;0.043;22;219;224;221;212;0.819;50.00;387.1;0.082;389.9;0.079;0.0;0.000;60;0;0;1.253;0.609;0.595;0;52;53;50.00;50.00;50.00;5657;1000;0.0;0;1.0000;0;0
600;2017-12-26 10:00:00;172602N232;56;0.054;22;220;224;224;212;0.668;50.01;369.6;0.055;371.7;0.054;0.0;0.000;60;0;0;0.780;0.718;0.507;1;20;44;50.01;50.01;50.01;5657;1000;0.0;0;1.0000;0;0
600;2017-12-26 10:10:00;172602N232;38;0.059;23;221;223;225;217;0.591;50.01;351.4;0.033;350.2;0.034;0.0;0.000;60;0;0;0.641;0.745;0.387;12;3;30;50.01;50.01;50.01;5657;1000;0.0;0;1.0000;0;0
600;2017-12-26 10:20:00;172602N232;56;0.068;23;221;222;222;219;0.712;50.01;371.4;0.056;372.8;0.055;0.0;0.000;60;0;0;0.826;0.793;0.518;5;17;39;50.01;50.01;50.01;5657;1000;0.0;0;1.0000;0;0
600;2017-12-26 10:30:00;172602N232;34;0.074;23;221;222;223;219;0.486;49.99;325.8;0.029;327.3;0.029;0.0;0.000;60;0;0;0.522;0.592;0.346;7;8;26;49.99;49.99;49.99;5657;1000;0.0;0;1.0000;0;0
600;2017-12-26 10:40:00;172602N232;111;0.092;23;221;223;224;217;0.890;49.99;395.8;0.122;401.9;0.115;0.0;0.000;60;0;0;1.142;0.873;0.655;8;43;63;49.99;49.99;49.99;5657;1000;0.0;0;1.0000;0;0
600;2017-12-26 10:50:00;172602N232;157;0.116;23;221;222;224;218;1.026;49.99;407.1;0.176;416.0;0.166;0.0;0.000;60;0;0;1.233;1.110;0.737;27;50;78;49.99;49.99;49.99;5657;1000;0.0;0;1.0000;0;0
600;2017-12-26 11:00:00;172602N232;77;0.128;24;220;221;222;218;0.874;50.00;376.6;0.083;390.1;0.079;0.0;0.000;60;0;0;0.866;1.090;0.666;14;10;54;50.00;50.00;50.00;5657;1000;0.0;0;1.0000;0;0
600;2017-12-26 11:10:00;172602N232;118;0.148;24;221;221;223;218;0.931;49.97;392.4;0.134;401.8;0.123;0.0;0.000;60;0;0;0.949;1.142;0.704;27;25;65;49.97;49.97;49.97;5657;1000;0.0;0;1.0000;0;0
600;2017-12-26 11:20:00;172602N232;127;0.169;24;221;221;223;219;0.956;49.98;400.3;0.142;406.4;0.132;0.0;0.000;60;0;0;1.106;1.044;0.718;24;37;65;49.98;49.98;49.98;5657;1000;0.0;0;1.0000;0;0
600;2017-12-26 11:30:00;172602N232;127;0.191;24;221;222;222;219;0.925;49.98;397.7;0.141;406.7;0.133;0.0;0.000;60;0;0;1.064;0.989;0.722;19;39;69;49.98;49.98;49.98;5657;1000;0.0;0;1.0000;0;0
600;2017-12-26 11:40:00;172602N232;138;0.214;24;221;223;223;219;0.843;50.00;378.6;0.152;385.8;0.143;0.0;0.000;60;0;0;1.046;0.833;0.650;23;54;66;50.00;50.00;50.00;5657;1000;0.0;0;1.0000;0;0
600;2017-12-26 11:50:00;172602N232;264;0.258;25;222;222;224;220;1.121;50.02;423.4;0.300;428.5;0.282;0.0;0.000;60;0;0;1.197;1.243;0.924;66;92;103;50.02;50.02;50.02;5657;1000;0.0;0;1.0000;0;0
600;2017-12-26 12:00:00;172602N232;138;0.281;25;222;222;223;222;0.770;50.02;361.8;0.156;359.0;0.145;0.0;0.000;60;0;0;0.815;0.873;0.622;34;51;55;50.02;50.02;50.02;5657;1000;0.0;0;1.0000;0;0
600;2017-12-26 12:10:00;172602N232;22;0.285;25;222;223;223;222;0.368;50.00;299.6;0.018;303.1;0.019;0.0;0.000;60;0;0;0.424;0.366;0.316;2;12;13;50.00;50.00;50.00;5657;1000;0.0;0;1.0000;0;0
600;2017-12-26 12:20:00;172602N232;29;0.289;25;223;223;223;222;0.447;50.00;331.4;0.021;338.7;0.022;0.0;0.000;60;0;0;0.508;0.476;0.359;3;14;21;50.00;50.00;50.00;5657;1000;0.0;0;1.0000;0;0
600;2017-12-26 12:30:00;172602N232;129;0.312;25;223;223;226;222;0.804;50.01;367.2;0.141;371.2;0.137;0.0;0.000;60;0;0;0.732;1.079;0.602;41;33;61;50.01;50.01;50.01;5657;1000;0.0;0;1.0000;0;0
600;2017-12-26 12:40:00;172602N232;267;0.357;25;224;224;227;221;1.122;50.01;419.1;0.309;429.8;0.286;0.0;0.000;60;0;0;1.120;1.373;0.873;86;78;102;50.01;50.01;50.01;5657;1000;0.0;0;1.0000;0;0
600;2017-12-26 12:50:00;172602N232;143;0.381;25;224;224;227;221;0.990;50.01;408.1;0.164;412.0;0.147;0.0;0.000;60;0;0;0.800;1.397;0.774;46;16;80;50.01;50.01;50.01;5657;1000;0.0;0;1.0000;0;0
600;2017-12-26 13:00:00;172602N232;186;0.412;25;224;224;227;221;0.997;50.01;409.0;0.212;423.8;0.195;0.0;0.000;60;0;0;0.813;1.439;0.741;42;50;92;50.01;50.01;50.01;5657;1000;0.0;0;1.0000;0;0
600;2017-12-26 13:10:00;172602N232;166;0.440;25;224;223;226;222;1.141;50.00;410.8;0.188;420.8;0.174;0.0;0.000;60;0;0;0.816;1.695;0.912;42;14;112;50.00;50.00;50.00;5657;1000;0.0;0;1.0000;0;0
600;2017-12-26 13:20:00;172602N232;208;0.474;26;223;221;227;221;1.086;49.99;418.6;0.234;425.4;0.219;0.0;0.000;60;0;0;1.018;1.493;0.747;85;34;87;49.99;49.99;49.99;5657;1000;0.0;0;1.0000;0;0
600;2017-12-26 13:30:00;172602N232;192;0.507;26;223;222;226;221;1.082;49.99;414.6;0.218;423.4;0.202;0.0;0.000;60;0;0;0.931;1.511;0.804;72;29;92;49.99;49.99;49.99;5657;1000;0.0;0;1.0000;0;0
600;2017-12-26 13:40:00;172602N232;144;0.531;26;224;224;226;221;0.989;50.01;409.6;0.161;417.1;0.150;0.0;0.000;60;0;0;0.840;1.325;0.804;43;20;81;50.01;50.01;50.01;5657;1000;0.0;0;1.0000;0;0
600;2017-12-26 13:50:00;172602N232;163;0.559;26;223;224;225;222;1.030;49.99;406.4;0.185;420.6;0.171;0.0;0.000;60;0;0;1.173;1.119;0.798;30;57;74;49.99;49.99;49.99;5657;1000;0.0;0;1.0000;0;0
600;2017-12-26 14:00:00;172602N232;114;0.578;26;224;224;225;223;0.966;49.99;395.5;0.128;405.7;0.119;0.0;0.000;60;0;0;1.102;1.061;0.737;21;29;62;49.99;49.99;49.99;5657;1000;0.0;0;1.0000;0;0
600;2017-12-26 14:10:00;172602N232;58;0.587;26;224;223;226;222;0.698;50.00;372.2;0.059;365.0;0.058;0.0;0.000;60;0;0;0.654;0.949;0.492;22;2;39;50.00;50.00;50.00;5657;1000;0.0;0;1.0000;0;0
600;2017-12-26 14:20:00;172602N232;30;0.593;26;223;222;226;221;0.492;50.01;327.2;0.026;321.9;0.026;0.0;0.000;60;0;0;0.411;0.737;0.328;19;0;24;50.01;50.01;50.01;5657;1000;0.0;0;1.0000;0;0
600;2017-12-26 14:30:00;172602N232;15;0.595;26;223;223;226;221;0.362;50.00;286.9;0.009;282.7;0.011;0.0;0.000;60;0;0;0.334;0.515;0.238;9;1;16;50.00;50.00;50.00;5657;1000;0.0;0;1.0000;0;0
600;2017-12-26 14:40:00;172602N232;0;0.595;25;223;223;226;220;0.038;49.98;246.2;0.000;246.4;0.000;0.0;0.000;50;0;0;0.034;0.059;0.022;0;0;1;49.98;49.98;49.98;5657;1000;0.0;0;1.0000;0;0
600;2017-12-26 14:50:00;172602N232;0;0.595;25;223;223;227;219;0.000;49.98;240.3;0.000;241.0;0.000;0.0;0.000;50;0;0;0.000;0.000;0.000;0;0;0;49.98;49.98;49.98;5657;1000;0.0;0;1.0000;0;0
600;2017-12-26 15:00:00;172602N232;0;0.595;24;223;223;226;221;0.000;49.98;239.6;0.000;240.5;0.000;0.0;0.000;50;0;0;0.000;0.000;0.000;0;0;0;49.98;49.98;49.98;5657;1000;0.0;0;1.0000;0;0
600;2017-12-26 15:10:00;172602N232;0;0.595;24;224;223;227;222;0.000;50.01;228.9;0.000;229.8;0.000;0.0;0.000;50;0;0;0.000;0.000;0.000;0;0;0;50.01;50.01;50.01;5657;1000;0.0;0;1.0000;0;0
600;2017-12-26 15:20:00;172602N232;0;0.595;24;224;224;227;221;0.000;50.00;227.7;0.000;228.7;0.000;0.0;0.000;50;0;0;0.000;0.000;0.000;0;0;0;50.00;50.00;50.00;5657;1000;0.0;0;1.0000;0;0
[wr_ende]
