20150826;230004;172602N232;My Plant;+0100
[wr_def_start]
172602N232;Inverter Type;Inverter Group;72602N232      
[wr_def_end]
[wr]
INTERVAL;TIMESTAMP;SERIAL;P_AC;E_DAY;T_WR;U_AC;U_AC_1;U_AC_2;U_AC_3;I_AC;F_AC;U_DC_1;I_DC_1;U_DC_2;I_DC_2;U_DC_3;I_DC_3;S;E_WR;M_WR;I_AC_1;I_AC_2;I_AC_3;P_AC_1;P_AC_2;P_AC_3;F_AC_1;F_AC_2;F_AC_3;R_DC;PC;PCS;PCS_LL;COS_PHI;COS_PHI_LL;S_COS_PHI
600;2015-08-26 05:30:00;172602N232;0;0.000;0;2;3;3;2;0.000;0.67;3.0;0.000;3.0;0.000;0.0;0.000;50;0;0;0.000;0.000;0.000;0;0;0;0.67;0.67;0.67;4;1000;0.0;0;1.0000;0;0
600;2015-08-26 05:40:00;172602N232;0;0.000;26;224;224;227;220;0.000;49.99;228.9;0.000;229.8;0.000;0.0;0.000;50;0;0;0.000;0.000;0.000;0;0;0;49.99;49.99;49.99;0;1000;0.0;0;1.0000;0;0
600;2015-08-26 05:50:00;172602N232;0;0.000;28;223;224;226;220;0.000;50.01;242.9;0.000;243.7;0.000;0.0;0.000;50;0;0;0.000;0.000;0.000;0;0;0;50.01;50.01;50.01;0;1000;0.0;0;1.0000;0;0
600;2015-08-26 06:00:00;172602N232;3;0.000;28;224;224;225;222;0.117;50.00;264.9;0.000;265.0;0.000;0.0;0.000;60;0;0;0.129;0.135;0.089;0;1;5;50.00;50.00;50.00;5188;1000;0.0;0;1.0000;0;0
600;2015-08-26 06:10:00;172602N232;0;0.001;29;223;223;224;222;0.050;49.99;266.0;0.000;267.1;0.000;0.0;0.000;60;0;0;0.053;0.070;0.028;0;0;1;49.99;49.99;49.99;5055;1000;0.0;0;1.0000;0;0
600;2015-08-26 06:20:00;172602N232;18;0.004;29;223;223;224;222;0.403;49.99;298.4;0.012;316.7;0.014;0.0;0.000;60;0;0;0.492;0.439;0.280;3;6;18;49.99;49.99;49.99;3745;1000;0.0;0;1.0000;0;0
600;2015-08-26 06:30:00;172602N232;54;0.015;29;222;223;222;221;0.728;50.01;353.3;0.057;363.6;0.059;0.0;0.000;60;0;0;0.953;0.664;0.568;0;30;38;50.01;50.01;50.01;3745;1000;0.0;0;1.0000;0;0
600;2015-08-26 06:40:00;172602N232;163;0.039;30;222;223;223;219;1.083;50.01;395.1;0.192;395.5;0.190;0.0;0.000;60;0;0;1.480;1.032;0.737;25;63;74;50.01;50.01;50.01;3745;1000;0.0;0;1.0000;0;0
600;2015-08-26 06:50:00;172602N232;169;0.067;30;222;223;224;221;1.070;50.01;396.9;0.200;396.8;0.198;0.0;0.000;60;0;0;1.307;1.132;0.773;25;70;73;50.01;50.01;50.01;3745;1000;0.0;0;1.0000;0;0
600;2015-08-26 07:00:00;172602N232;90;0.083;31;221;222;222;220;0.889;50.00;377.7;0.103;379.6;0.104;0.0;0.000;60;0;0;1.195;0.802;0.670;2;42;51;50.00;50.00;50.00;3745;1000;0.0;0;1.0000;0;0
600;2015-08-26 07:10:00;172602N232;96;0.099;31;222;222;222;221;0.899;49.98;380.7;0.110;380.5;0.111;0.0;0.000;60;0;0;1.070;0.907;0.721;13;33;50;49.98;49.98;49.98;3745;1000;0.0;0;1.0000;0;0
600;2015-08-26 07:20:00;172602N232;104;0.116;31;222;222;221;221;0.863;49.98;377.4;0.120;380.2;0.122;0.0;0.000;60;0;0;1.109;0.785;0.695;13;51;41;49.98;49.98;49.98;3745;1000;0.0;0;1.0000;0;0
600;2015-08-26 07:30:00;172602N232;167;0.144;32;224;224;224;224;0.977;50.01;395.8;0.198;395.1;0.196;0.0;0.000;60;0;0;1.081;0.999;0.852;30;82;53;50.01;50.01;50.01;3745;1000;0.0;0;1.0000;0;0
600;2015-08-26 07:40:00;172602N232;164;0.172;32;224;223;224;224;0.959;50.02;395.0;0.192;391.2;0.194;0.0;0.000;60;0;0;0.951;1.172;0.756;32;65;65;50.02;50.02;50.02;3745;1000;0.0;0;1.0000;0;0
600;2015-08-26 07:50:00;172602N232;170;0.200;32;223;223;224;223;0.974;50.01;396.9;0.199;392.8;0.200;0.0;0.000;60;0;0;0.985;1.214;0.724;28;69;71;50.01;50.01;50.01;3745;1000;0.0;0;1.0000;0;0
600;2015-08-26 08:00:00;172602N232;111;0.219;32;223;223;224;222;0.933;50.00;382.4;0.129;381.3;0.130;0.0;0.000;60;0;0;1.066;0.990;0.745;15;36;59;50.00;50.00;50.00;3745;1000;0.0;0;1.0000;0;0
600;2015-08-26 08:10:00;172602N232;211;0.254;33;223;223;223;222;1.019;49.99;400.2;0.250;397.6;0.249;0.0;0.000;60;0;0;1.178;1.092;0.788;47;86;76;49.99;49.99;49.99;3745;1000;0.0;0;1.0000;0;0
600;2015-08-26 08:20:00;172602N232;221;0.291;33;222;222;224;222;1.087;49.99;402.1;0.261;397.1;0.263;0.0;0.000;60;0;0;1.139;1.316;0.807;68;69;82;49.99;49.99;49.99;3745;1000;0.0;0;1.0000;0;0
600;2015-08-26 08:30:00;172602N232;329;0.346;33;222;221;223;222;1.037;49.99;410.0;0.390;405.3;0.390;0.0;0.000;60;0;0;1.022;1.145;0.946;100;115;112;49.99;49.99;49.99;3745;1000;0.0;0;1.0000;0;0
600;2015-08-26 08:40:00;172602N232;576;0.443;34;223;222;225;223;0.913;50.01;420.5;0.683;416.9;0.678;0.0;0.000;60;0;0;0.855;0.955;0.930;177;202;196;50.01;50.01;50.01;3745;1000;0.0;0;1.0000;0;0
600;2015-08-26 08:50:00;172602N232;800;0.575;34;223;222;225;223;1.236;49.99;424.0;0.949;421.8;0.934;0.0;0.000;60;0;0;1.176;1.278;1.255;250;277;270;49.99;49.99;49.99;3745;1000;0.0;0;1.0000;0;0
600;2015-08-26 09:00:00;172602N232;549;0.667;35;222;220;224;221;0.867;49.99;413.5;0.660;411.4;0.659;0.0;0.000;60;0;0;0.805;0.914;0.884;167;194;186;49.99;49.99;49.99;3745;1000;0.0;0;1.0000;0;0
600;2015-08-26 09:10:00;172602N232;572;0.763;35;221;219;224;221;0.980;49.99;416.4;0.684;413.2;0.680;0.0;0.000;60;0;0;0.903;1.043;0.994;174;200;196;49.99;49.99;49.99;3745;1000;0.0;0;1.0000;0;0
600;2015-08-26 09:20:00;172602N232;711;0.882;35;222;220;224;220;1.110;49.98;419.4;0.853;418.5;0.832;0.0;0.000;60;0;0;1.050;1.163;1.119;221;250;238;49.98;49.98;49.98;3745;1000;0.0;0;1.0000;0;0
600;2015-08-26 09:30:00;172602N232;638;0.989;36;222;220;224;221;1.001;50.01;418.2;0.760;415.3;0.757;0.0;0.000;60;0;0;0.935;1.049;1.020;195;224;216;50.01;50.01;50.01;3745;1000;0.0;0;1.0000;0;0
600;2015-08-26 09:40:00;172602N232;875;1.133;36;222;220;224;221;1.353;50.00;420.0;1.046;423.1;1.024;0.0;0.000;60;0;0;1.293;1.395;1.372;275;303;295;50.00;50.00;50.00;3745;1000;0.0;0;1.0000;0;0
600;2015-08-26 09:50:00;172602N232;810;1.269;37;223;222;225;221;1.255;50.01;421.1;0.966;417.9;0.957;0.0;0.000;60;0;0;1.195;1.304;1.268;254;283;271;50.01;50.01;50.01;3745;1000;0.0;0;1.0000;0;0
600;2015-08-26 10:00:00;172602N232;946;1.427;37;223;223;226;222;1.464;50.02;418.9;1.145;419.0;1.108;0.0;0.000;60;0;0;1.412;1.509;1.473;300;328;315;50.02;50.02;50.02;3745;1000;0.0;0;1.0000;0;0
600;2015-08-26 10:10:00;172602N232;1484;1.675;37;224;223;226;222;2.239;49.99;417.4;1.840;420.7;1.716;0.0;0.000;60;0;0;2.189;2.291;2.237;481;511;490;49.99;49.99;49.99;3745;1000;0.0;0;1.0000;0;0
600;2015-08-26 10:20:00;172602N232;1279;1.888;38;223;222;225;222;1.974;50.00;413.8;1.586;416.1;1.506;0.0;0.000;60;0;0;1.922;2.017;1.984;410;441;427;50.00;50.00;50.00;3745;1000;0.0;0;1.0000;0;0
600;2015-08-26 10:30:00;172602N232;1785;2.184;38;224;224;226;223;2.684;50.01;412.6;2.252;416.7;2.081;0.0;0.000;60;0;0;2.631;2.729;2.694;579;610;594;50.01;50.01;50.01;3745;1000;0.0;0;1.0000;0;0
600;2015-08-26 10:40:00;172602N232;2268;2.563;38;225;224;227;223;3.380;49.99;408.8;2.880;412.9;2.714;0.0;0.000;60;0;0;3.323;3.446;3.373;740;779;748;49.99;49.99;49.99;3745;1000;0.0;0;1.0000;0;0
600;2015-08-26 10:50:00;172602N232;1919;2.883;39;224;223;226;221;2.876;49.99;407.9;2.424;414.5;2.278;0.0;0.000;60;0;0;2.820;2.948;2.862;625;662;629;49.99;49.99;49.99;3745;1000;0.0;0;1.0000;0;0
600;2015-08-26 11:00:00;172602N232;1863;3.194;39;224;223;227;221;2.796;50.00;408.4;2.354;416.5;2.195;0.0;0.000;60;0;0;2.734;2.869;2.785;604;645;612;50.00;50.00;50.00;3745;1000;0.0;0;1.0000;0;0
600;2015-08-26 11:10:00;172602N232;1827;3.498;39;223;222;226;222;2.741;50.00;409.6;2.296;416.4;2.159;0.0;0.000;60;0;0;2.677;2.798;2.748;592;626;607;50.00;50.00;50.00;3745;1000;0.0;0;1.0000;0;0
600;2015-08-26 11:20:00;172602N232;2249;3.874;40;224;223;226;223;3.366;49.99;407.9;2.837;415.3;2.679;0.0;0.000;60;0;0;3.311;3.426;3.361;735;769;744;49.99;49.99;49.99;3745;1000;0.0;0;1.0000;0;0
600;2015-08-26 11:30:00;172602N232;2794;4.339;40;225;225;227;223;4.149;50.00;402.9;3.568;410.7;3.387;0.0;0.000;60;0;0;4.104;4.222;4.121;919;958;915;50.00;50.00;50.00;3745;1000;0.0;0;1.0000;0;0
600;2015-08-26 11:40:00;172602N232;1457;4.583;41;224;223;225;222;2.200;50.01;402.6;1.850;404.9;1.778;0.0;0.000;60;0;0;2.145;2.249;2.206;471;500;484;50.01;50.01;50.01;3745;1000;0.0;0;1.0000;0;0
600;2015-08-26 11:50:00;172602N232;2834;5.055;41;225;224;226;223;4.216;50.01;401.3;3.598;404.0;3.516;0.0;0.000;60;0;0;4.170;4.273;4.206;932;962;936;50.01;50.01;50.01;3745;1000;0.0;0;1.0000;0;0
600;2015-08-26 12:00:00;172602N232;2222;5.425;41;224;224;226;222;3.323;50.00;402.6;2.827;408.9;2.699;0.0;0.000;60;0;0;3.276;3.386;3.308;729;761;730;50.00;50.00;50.00;3745;1000;0.0;0;1.0000;0;0
600;2015-08-26 12:10:00;172602N232;2669;5.869;41;224;223;227;222;3.996;49.98;399.4;3.414;403.8;3.308;0.0;0.000;60;0;0;3.957;4.071;3.962;878;917;872;49.98;49.98;49.98;3745;1000;0.0;0;1.0000;0;0
600;2015-08-26 12:20:00;172602N232;1810;6.172;42;223;223;225;221;2.729;50.00;400.2;2.316;407.0;2.209;0.0;0.000;60;0;0;2.673;2.791;2.724;589;623;597;50.00;50.00;50.00;3745;1000;0.0;0;1.0000;0;0
600;2015-08-26 12:30:00;172602N232;4170;6.868;42;225;224;229;223;6.161;49.99;393.9;5.433;396.5;5.337;0.0;0.000;60;0;0;6.082;6.321;6.081;1363;1452;1352;49.99;49.99;49.99;3745;1000;0.0;0;1.0000;0;0
600;2015-08-26 12:40:00;172602N232;2689;7.316;42;224;223;227;222;4.016;49.98;393.7;3.509;395.5;3.399;0.0;0.000;60;0;0;3.947;4.108;3.995;875;930;883;49.98;49.98;49.98;3745;1000;0.0;0;1.0000;0;0
600;2015-08-26 12:50:00;172602N232;2153;7.675;42;224;223;226;222;3.224;50.00;403.7;2.717;402.4;2.685;0.0;0.000;60;0;0;3.166;3.298;3.210;703;742;707;50.00;50.00;50.00;3745;1000;0.0;0;1.0000;0;0
600;2015-08-26 13:00:00;172602N232;2471;8.087;42;224;224;227;222;3.676;50.00;397.4;3.177;396.9;3.137;0.0;0.000;60;0;0;3.619;3.767;3.643;807;857;805;50.00;50.00;50.00;3745;1000;0.0;0;1.0000;0;0
600;2015-08-26 13:10:00;172602N232;937;8.244;42;226;225;228;225;1.452;49.99;408.1;1.145;404.4;1.145;0.0;0.000;60;0;0;1.428;1.481;1.448;298;324;313;49.99;49.99;49.99;3745;1000;0.0;0;1.0000;0;0
600;2015-08-26 13:20:00;172602N232;2933;8.733;42;230;228;234;228;4.252;49.99;416.6;3.609;418.1;3.536;0.0;0.000;60;0;0;4.164;4.371;4.223;949;1022;960;49.99;49.99;49.99;3745;1000;0.0;0;1.0000;0;0
600;2015-08-26 13:30:00;172602N232;3218;9.268;42;231;229;235;228;4.659;50.00;400.6;4.089;402.8;4.036;0.0;0.000;60;0;0;4.573;4.779;4.625;1046;1117;1052;50.00;50.00;50.00;3745;1000;0.0;0;1.0000;0;0
600;2015-08-26 13:40:00;172602N232;2863;9.745;43;230;230;234;228;4.152;49.96;402.8;3.619;401.2;3.605;0.0;0.000;60;0;0;4.088;4.244;4.124;935;989;936;49.96;49.96;49.96;3745;1000;0.0;0;1.0000;0;0
600;2015-08-26 13:50:00;172602N232;1385;9.976;43;229;228;232;227;2.053;49.98;407.0;1.717;404.8;1.715;0.0;0.000;60;0;0;1.996;2.108;2.055;446;479;458;49.98;49.98;49.98;3745;1000;0.0;0;1.0000;0;0
600;2015-08-26 14:00:00;172602N232;1627;10.247;43;229;228;231;227;2.393;49.99;420.5;1.949;413.7;1.972;0.0;0.000;60;0;0;2.333;2.447;2.399;525;560;539;49.99;49.99;49.99;3745;1000;0.0;0;1.0000;0;0
600;2015-08-26 14:10:00;172602N232;1358;10.474;43;228;228;231;225;2.017;49.98;419.7;1.625;417.5;1.617;0.0;0.000;60;0;0;1.966;2.074;2.011;439;471;447;49.98;49.98;49.98;3745;1000;0.0;0;1.0000;0;0
600;2015-08-26 14:20:00;172602N232;1915;10.793;43;226;227;229;223;2.842;50.00;425.1;2.274;422.9;2.274;0.0;0.000;60;0;0;2.792;2.917;2.817;626;663;624;50.00;50.00;50.00;3745;1000;0.0;0;1.0000;0;0
600;2015-08-26 14:30:00;172602N232;1669;11.071;43;226;226;229;224;2.489;49.99;418.9;1.997;409.9;2.048;0.0;0.000;60;0;0;2.433;2.558;2.478;541;579;548;49.99;49.99;49.99;3745;1000;0.0;0;1.0000;0;0
600;2015-08-26 14:40:00;172602N232;1303;11.289;42;225;225;228;223;1.974;49.99;414.9;1.576;408.5;1.598;0.0;0.000;60;0;0;1.919;2.036;1.968;418;454;429;49.99;49.99;49.99;3745;1000;0.0;0;1.0000;0;0
600;2015-08-26 14:50:00;172602N232;1328;11.511;42;226;225;229;223;1.989;50.00;413.8;1.612;407.8;1.630;0.0;0.000;60;0;0;1.927;2.054;1.987;426;464;436;50.00;50.00;50.00;3745;1000;0.0;0;1.0000;0;0
600;2015-08-26 15:00:00;172602N232;1596;11.777;42;226;225;229;223;2.372;50.00;414.9;1.931;406.4;1.977;0.0;0.000;60;0;0;2.308;2.438;2.370;515;553;525;50.00;50.00;50.00;3745;1000;0.0;0;1.0000;0;0
600;2015-08-26 15:10:00;172602N232;1128;11.965;42;225;224;227;223;1.715;50.00;410.4;1.379;407.3;1.381;0.0;0.000;60;0;0;1.660;1.762;1.725;360;391;375;50.00;50.00;50.00;3745;1000;0.0;0;1.0000;0;0
600;2015-08-26 15:20:00;172602N232;828;12.104;42;225;225;227;223;1.269;50.00;404.9;1.020;403.6;1.022;0.0;0.000;60;0;0;1.219;1.315;1.275;263;288;275;50.00;50.00;50.00;3745;1000;0.0;0;1.0000;0;0
600;2015-08-26 15:30:00;172602N232;1445;12.344;42;225;224;227;224;2.181;50.00;416.6;1.747;411.0;1.760;0.0;0.000;60;0;0;2.133;2.221;2.190;468;495;480;50.00;50.00;50.00;3745;1000;0.0;0;1.0000;0;0
600;2015-08-26 15:40:00;172602N232;1220;12.548;42;224;224;226;224;1.855;50.00;414.0;1.478;407.1;1.498;0.0;0.000;60;0;0;1.798;1.900;1.869;390;420;408;50.00;50.00;50.00;3745;1000;0.0;0;1.0000;0;0
600;2015-08-26 15:50:00;172602N232;949;12.706;42;225;224;226;224;1.451;49.97;406.6;1.167;405.2;1.169;0.0;0.000;60;0;0;1.390;1.493;1.470;300;329;319;49.97;49.97;49.97;3745;1000;0.0;0;1.0000;0;0
600;2015-08-26 16:00:00;172602N232;594;12.805;42;223;222;224;221;0.933;49.98;401.9;0.739;401.3;0.726;0.0;0.000;60;0;0;0.876;0.977;0.948;184;208;200;49.98;49.98;49.98;3745;1000;0.0;0;1.0000;0;0
600;2015-08-26 16:10:00;172602N232;845;12.946;42;223;223;224;221;1.326;49.97;401.4;1.044;403.2;1.048;0.0;0.000;60;0;0;1.286;1.355;1.337;269;291;283;49.97;49.97;49.97;3745;1000;0.0;0;1.0000;0;0
600;2015-08-26 16:20:00;172602N232;948;13.105;42;222;223;223;221;1.469;49.99;408.1;1.171;410.6;1.139;0.0;0.000;60;0;0;1.428;1.502;1.478;304;326;315;49.99;49.99;49.99;3745;1000;0.0;0;1.0000;0;0
600;2015-08-26 16:30:00;172602N232;553;13.197;42;221;222;223;220;0.876;50.00;402.8;0.683;400.0;0.680;0.0;0.000;60;0;0;0.826;0.914;0.888;172;194;186;50.00;50.00;50.00;3745;1000;0.0;0;1.0000;0;0
600;2015-08-26 16:40:00;172602N232;609;13.299;42;221;221;223;219;0.983;50.00;403.1;0.749;402.6;0.747;0.0;0.000;60;0;0;0.933;1.028;0.990;191;214;203;50.00;50.00;50.00;3745;1000;0.0;0;1.0000;0;0
600;2015-08-26 16:50:00;172602N232;266;13.343;41;219;221;220;217;1.078;49.99;383.1;0.331;385.3;0.329;0.0;0.000;60;0;0;1.398;0.997;0.839;56;116;96;49.99;49.99;49.99;3745;1000;0.0;0;1.0000;0;0
600;2015-08-26 17:00:00;172602N232;177;13.372;41;219;221;219;217;1.025;49.97;379.1;0.218;382.1;0.216;0.0;0.000;60;0;0;1.433;0.822;0.821;13;85;82;49.97;49.97;49.97;3745;1000;0.0;0;1.0000;0;0
600;2015-08-26 17:10:00;172602N232;151;13.398;41;219;221;218;218;1.117;49.98;377.4;0.184;378.5;0.186;0.0;0.000;60;0;0;1.569;0.906;0.877;4;101;52;49.98;49.98;49.98;3745;1000;0.0;0;1.0000;0;0
600;2015-08-26 17:20:00;172602N232;92;13.414;40;218;220;218;217;0.935;49.98;361.7;0.110;367.3;0.111;0.0;0.000;60;0;0;1.379;0.712;0.714;0;58;51;49.98;49.98;49.98;3745;1000;0.0;0;1.0000;0;0
600;2015-08-26 17:30:00;172602N232;76;13.427;40;220;222;218;220;0.801;50.00;358.2;0.090;366.7;0.087;0.0;0.000;60;0;0;1.190;0.591;0.622;0;51;36;50.00;50.00;50.00;3745;1000;0.0;0;1.0000;0;0
600;2015-08-26 17:40:00;172602N232;51;13.436;39;220;223;218;220;0.671;50.01;343.2;0.054;352.5;0.056;0.0;0.000;60;0;0;0.974;0.478;0.562;0;37;35;50.01;50.01;50.01;3745;1000;0.0;0;1.0000;0;0
600;2015-08-26 17:50:00;172602N232;94;13.452;39;220;222;219;220;0.895;50.00;366.8;0.110;370.0;0.112;0.0;0.000;60;0;0;1.314;0.693;0.678;1;61;41;50.00;50.00;50.00;3745;1000;0.0;0;1.0000;0;0
600;2015-08-26 18:00:00;172602N232;87;13.467;39;220;221;219;220;0.873;49.99;350.9;0.103;360.2;0.104;0.0;0.000;60;0;0;1.261;0.690;0.670;0;61;37;49.99;49.99;49.99;3745;1000;0.0;0;1.0000;0;0
600;2015-08-26 18:10:00;172602N232;42;13.474;38;220;221;221;219;0.588;49.99;336.8;0.042;344.4;0.044;0.0;0.000;60;0;0;0.708;0.621;0.436;2;18;30;49.99;49.99;49.99;3745;1000;0.0;0;1.0000;0;0
600;2015-08-26 18:20:00;172602N232;31;13.479;38;221;221;222;220;0.521;49.99;318.3;0.029;325.1;0.031;0.0;0.000;60;0;0;0.595;0.584;0.385;6;9;19;49.99;49.99;49.99;3745;1000;0.0;0;1.0000;0;0
600;2015-08-26 18:30:00;172602N232;31;13.485;38;222;222;223;220;0.478;50.00;309.0;0.029;319.5;0.031;0.0;0.000;60;0;0;0.589;0.510;0.336;2;14;23;50.00;50.00;50.00;3745;1000;0.0;0;1.0000;0;0
600;2015-08-26 18:40:00;172602N232;36;13.492;37;222;223;223;221;0.536;49.99;322.5;0.036;328.9;0.038;0.0;0.000;60;0;0;0.720;0.482;0.408;1;25;29;49.99;49.99;49.99;3745;1000;0.0;0;1.0000;0;0
600;2015-08-26 18:50:00;172602N232;12;13.493;37;221;223;223;219;0.267;50.00;274.5;0.009;286.6;0.010;0.0;0.000;60;0;0;0.340;0.288;0.174;1;4;12;50.00;50.00;50.00;3745;1000;0.0;0;1.0000;0;0
600;2015-08-26 19:00:00;172602N232;37;13.499;37;221;222;223;218;0.575;49.98;327.3;0.037;339.9;0.040;0.0;0.000;60;0;0;0.691;0.630;0.406;2;14;31;49.98;49.98;49.98;3745;1000;0.0;0;1.0000;0;0
600;2015-08-26 19:10:00;172602N232;42;13.507;37;221;221;224;219;0.624;49.99;334.9;0.043;343.8;0.047;0.0;0.000;60;0;0;0.602;0.837;0.435;11;1;33;49.99;49.99;49.99;3745;1000;0.0;0;1.0000;0;0
600;2015-08-26 19:20:00;172602N232;76;13.519;37;222;222;224;220;0.798;49.98;355.0;0.089;365.4;0.090;0.0;0.000;60;0;0;0.734;1.064;0.596;17;8;50;49.98;49.98;49.98;3745;1000;0.0;0;1.0000;0;0
600;2015-08-26 19:30:00;172602N232;74;13.533;37;223;223;224;221;0.925;50.01;353.7;0.089;365.1;0.089;0.0;0.000;60;0;0;0.927;1.134;0.715;11;10;55;50.01;50.01;50.01;3745;1000;0.0;0;1.0000;0;0
600;2015-08-26 19:40:00;172602N232;47;13.541;37;222;222;223;222;0.665;50.00;333.1;0.052;349.0;0.053;0.0;0.000;60;0;0;0.745;0.694;0.556;3;21;25;50.00;50.00;50.00;3745;1000;0.0;0;1.0000;0;0
600;2015-08-26 19:50:00;172602N232;11;13.543;37;223;223;223;222;0.323;49.99;270.6;0.007;271.3;0.010;0.0;0.000;60;0;0;0.377;0.360;0.232;1;6;12;49.99;49.99;49.99;3745;1000;0.0;0;1.0000;0;0
600;2015-08-26 20:00:00;172602N232;0;13.543;36;222;223;224;221;0.000;49.99;253.7;0.000;253.9;0.000;0.0;0.000;50;0;0;0.002;0.000;0.000;0;0;0;49.99;49.99;49.99;3745;1000;0.0;0;1.0000;0;0
600;2015-08-26 20:10:00;172602N232;0;13.543;36;223;223;225;220;0.000;50.00;228.5;0.000;229.4;0.000;0.0;0.000;50;0;0;0.000;0.000;0.000;0;0;0;50.00;50.00;50.00;3745;1000;0.0;0;1.0000;0;0
600;2015-08-26 20:20:00;172602N232;0;13.543;35;223;223;225;220;0.000;49.99;228.4;0.000;229.3;0.000;0.0;0.000;50;0;0;0.000;0.000;0.000;0;0;0;49.99;49.99;49.99;3745;1000;0.0;0;1.0000;0;0
[wr_ende]
