20140720;230003;172602N232;My Plant;+0100
[wr_def_start]
172602N232;Inverter Type;Inverter Group;72602N232      
[wr_def_end]
[wr]
INTERVAL;TIMESTAMP;SERIAL;P_AC;E_DAY;T_WR;U_AC;U_AC_1;U_AC_2;U_AC_3;I_AC;F_AC;U_DC_1;I_DC_1;U_DC_2;I_DC_2;U_DC_3;I_DC_3;S;E_WR;M_WR;I_AC_1;I_AC_2;I_AC_3;P_AC_1;P_AC_2;P_AC_3;F_AC_1;F_AC_2;F_AC_3;R_DC;PC;PCS;PCS_LL;COS_PHI;COS_PHI_LL;S_COS_PHI
600;2014-07-20 04:10:00;172602N232;0;0.000;0;1;1;1;1;0.000;0.42;1.8;0.000;1.9;0.000;0.0;0.000;50;0;0;0.000;0.000;0.000;0;0;0;0.42;0.42;0.42;17;1000;0.0;0;1.0000;0;0
600;2014-07-20 04:20:00;172602N232;0;0.000;32;225;226;227;222;0.000;50.01;227.7;0.000;228.6;0.000;0.0;0.000;50;0;0;0.000;0.000;0.000;0;0;0;50.01;50.01;50.01;0;1000;0.0;0;1.0000;0;0
600;2014-07-20 04:30:00;172602N232;0;0.000;34;225;226;228;223;0.000;50.01;229.8;0.000;230.7;0.000;0.0;0.000;50;0;0;0.000;0.000;0.000;0;0;0;50.01;50.01;50.01;0;1000;0.0;0;1.0000;0;0
600;2014-07-20 04:40:00;172602N232;0;0.000;35;226;226;228;223;0.000;50.01;244.8;0.000;245.6;0.000;0.0;0.000;50;0;0;0.000;0.000;0.000;0;0;0;50.01;50.01;50.01;0;1000;0.0;0;1.0000;0;0
600;2014-07-20 04:50:00;172602N232;0;0.000;35;226;225;227;224;0.011;50.00;286.8;0.000;285.9;0.000;0.0;0.000;60;0;0;0.010;0.015;0.009;0;0;0;50.00;50.00;50.00;2458;1000;0.0;0;1.0000;0;0
600;2014-07-20 05:00:00;172602N232;6;0.001;36;226;226;227;225;0.221;50.01;273.0;0.000;284.8;0.002;0.0;0.000;60;0;0;0.237;0.269;0.158;2;0;8;50.01;50.01;50.01;3987;1000;0.0;0;1.0000;0;0
600;2014-07-20 05:10:00;172602N232;27;0.006;36;226;226;227;226;0.472;50.02;318.8;0.020;337.2;0.024;0.0;0.000;60;0;0;0.498;0.583;0.335;10;1;19;50.02;50.02;50.02;4025;1000;0.0;0;1.0000;0;0
600;2014-07-20 05:20:00;172602N232;56;0.014;36;227;226;227;226;0.733;50.01;357.5;0.059;366.9;0.061;0.0;0.000;60;0;0;0.709;0.921;0.569;13;8;34;50.01;50.01;50.01;4025;1000;0.0;0;1.0000;0;0
600;2014-07-20 05:30:00;172602N232;90;0.030;37;227;227;228;226;0.890;50.02;372.2;0.104;380.8;0.103;0.0;0.000;60;0;0;0.861;1.086;0.723;18;14;56;50.02;50.02;50.02;4025;1000;0.0;0;1.0000;0;0
600;2014-07-20 05:40:00;172602N232;129;0.051;37;228;227;229;227;0.939;50.01;385.8;0.150;391.3;0.148;0.0;0.000;60;0;0;0.869;1.206;0.744;26;35;66;50.01;50.01;50.01;4025;1000;0.0;0;1.0000;0;0
600;2014-07-20 05:50:00;172602N232;172;0.079;38;228;227;229;227;0.941;50.01;388.3;0.205;399.5;0.197;0.0;0.000;60;0;0;0.976;1.187;0.661;45;59;66;50.01;50.01;50.01;4025;1000;0.0;0;1.0000;0;0
600;2014-07-20 06:00:00;172602N232;214;0.115;38;226;226;227;225;1.019;50.01;392.9;0.258;403.0;0.248;0.0;0.000;60;0;0;1.140;1.083;0.834;75;65;73;50.01;50.01;50.01;4025;1000;0.0;0;1.0000;0;0
600;2014-07-20 06:10:00;172602N232;264;0.159;38;226;226;228;225;1.117;50.01;397.5;0.317;406.5;0.308;0.0;0.000;60;0;0;1.161;1.332;0.858;67;101;93;50.01;50.01;50.01;4025;1000;0.0;0;1.0000;0;0
600;2014-07-20 06:20:00;172602N232;326;0.215;39;226;226;228;225;1.151;50.01;399.2;0.396;409.4;0.384;0.0;0.000;60;0;0;1.230;1.191;1.033;105;108;112;50.01;50.01;50.01;4025;1000;0.0;0;1.0000;0;0
600;2014-07-20 06:30:00;172602N232;407;0.283;39;227;227;228;226;1.162;50.01;401.7;0.498;414.5;0.474;0.0;0.000;60;0;0;1.158;1.249;1.080;119;144;142;50.01;50.01;50.01;4025;1000;0.0;0;1.0000;0;0
600;2014-07-20 06:40:00;172602N232;478;0.362;40;226;226;228;225;0.753;50.02;405.9;0.592;421.4;0.543;0.0;0.000;60;0;0;0.697;0.794;0.769;145;169;162;50.02;50.02;50.02;4025;1000;0.0;0;1.0000;0;0
600;2014-07-20 06:50:00;172602N232;526;0.450;40;226;225;228;225;0.807;50.01;406.6;0.660;424.5;0.590;0.0;0.000;60;0;0;0.748;0.850;0.823;161;186;178;50.01;50.01;50.01;4025;1000;0.0;0;1.0000;0;0
600;2014-07-20 07:00:00;172602N232;554;0.542;41;226;225;228;225;0.846;50.00;414.4;0.686;421.3;0.622;0.0;0.000;60;0;0;0.783;0.893;0.863;169;195;187;50.00;50.00;50.00;4025;1000;0.0;0;1.0000;0;0
600;2014-07-20 07:10:00;172602N232;541;0.633;41;226;225;228;225;0.825;49.99;421.6;0.662;418.1;0.608;0.0;0.000;60;0;0;0.762;0.873;0.841;165;191;183;49.99;49.99;49.99;4025;1000;0.0;0;1.0000;0;0
600;2014-07-20 07:20:00;172602N232;514;0.719;42;225;226;227;224;0.785;50.00;422.1;0.632;409.5;0.583;0.0;0.000;60;0;0;0.727;0.831;0.799;157;182;173;50.00;50.00;50.00;4025;1000;0.0;0;1.0000;0;0
600;2014-07-20 07:30:00;172602N232;493;0.802;42;226;225;227;224;0.755;50.00;424.5;0.613;401.7;0.558;0.0;0.000;60;0;0;0.695;0.800;0.770;150;175;166;50.00;50.00;50.00;4025;1000;0.0;0;1.0000;0;0
600;2014-07-20 07:40:00;172602N232;518;0.888;42;226;225;228;224;0.792;50.01;421.1;0.658;401.0;0.583;0.0;0.000;60;0;0;0.729;0.842;0.806;157;184;175;50.01;50.01;50.01;4025;1000;0.0;0;1.0000;0;0
600;2014-07-20 07:50:00;172602N232;520;0.974;43;225;225;227;224;0.799;50.02;422.7;0.669;402.4;0.570;0.0;0.000;60;0;0;0.736;0.847;0.814;158;184;175;50.02;50.02;50.02;4025;1000;0.0;0;1.0000;0;0
600;2014-07-20 08:00:00;172602N232;522;1.062;43;226;225;228;224;0.802;50.01;439.3;0.659;402.9;0.554;0.0;0.000;60;0;0;0.739;0.853;0.816;159;186;176;50.01;50.01;50.01;4025;1000;0.0;0;1.0000;0;0
600;2014-07-20 08:10:00;172602N232;485;1.142;43;226;226;226;225;0.750;50.01;444.0;0.621;390.1;0.511;0.0;0.000;60;0;0;0.691;0.789;0.771;147;171;165;50.01;50.01;50.01;4025;1000;0.0;0;1.0000;0;0
600;2014-07-20 08:20:00;172602N232;467;1.220;44;225;224;227;224;0.723;50.02;430.4;0.668;378.5;0.454;0.0;0.000;60;0;0;0.657;0.772;0.740;139;167;159;50.02;50.02;50.02;4025;1000;0.0;0;1.0000;0;0
600;2014-07-20 08:30:00;172602N232;567;1.315;44;226;225;228;224;0.892;50.03;389.2;1.039;381.7;0.423;0.0;0.000;60;0;0;0.815;0.945;0.917;173;201;192;50.03;50.03;50.03;4025;1000;0.0;0;1.0000;0;0
600;2014-07-20 08:40:00;172602N232;733;1.437;44;227;227;229;225;1.106;50.02;394.4;1.422;390.7;0.431;0.0;0.000;60;0;0;1.043;1.154;1.121;228;257;246;50.02;50.02;50.02;4025;1000;0.0;0;1.0000;0;0
600;2014-07-20 08:50:00;172602N232;1286;1.651;44;228;227;230;226;1.919;50.01;403.6;2.679;432.3;0.478;0.0;0.000;60;0;0;1.858;1.976;1.923;412;445;427;50.01;50.01;50.01;4025;1000;0.0;0;1.0000;0;0
600;2014-07-20 09:00:00;172602N232;1501;1.902;44;226;226;228;224;2.222;50.00;395.8;3.230;440.0;0.516;0.0;0.000;60;0;0;2.162;2.281;2.224;486;517;496;50.00;50.00;50.00;4025;1000;0.0;0;1.0000;0;0
600;2014-07-20 09:10:00;172602N232;1534;2.157;44;226;225;227;224;2.279;49.99;390.1;3.370;442.6;0.510;0.0;0.000;60;0;0;2.222;2.332;2.283;498;526;508;49.99;49.99;49.99;4025;1000;0.0;0;1.0000;0;0
600;2014-07-20 09:20:00;172602N232;1743;2.448;45;226;226;229;224;2.583;50.00;385.9;3.616;392.7;1.040;0.0;0.000;60;0;0;2.524;2.659;2.568;566;604;571;50.00;50.00;50.00;4025;1000;0.0;0;1.0000;0;0
600;2014-07-20 09:30:00;172602N232;2248;2.823;45;226;226;228;225;3.329;50.01;383.2;3.955;285.5;2.693;0.0;0.000;60;0;0;3.269;3.392;3.327;734;768;744;50.01;50.01;50.01;4025;1000;0.0;0;1.0000;0;0
600;2014-07-20 09:40:00;172602N232;2426;3.228;45;226;226;227;225;3.591;50.00;380.8;4.112;294.9;3.055;0.0;0.000;60;0;0;3.536;3.648;3.590;795;825;804;50.00;50.00;50.00;4025;1000;0.0;0;1.0000;0;0
600;2014-07-20 09:50:00;172602N232;2767;3.689;45;226;225;229;224;4.092;50.01;378.6;4.399;269.0;4.293;0.0;0.000;60;0;0;4.012;4.176;4.088;900;951;913;50.01;50.01;50.01;4025;1000;0.0;0;1.0000;0;0
600;2014-07-20 10:00:00;172602N232;2839;4.163;45;225;224;228;223;4.213;50.00;376.0;4.484;315.3;3.850;0.0;0.000;60;0;0;4.134;4.317;4.189;924;982;931;50.00;50.00;50.00;4025;1000;0.0;0;1.0000;0;0
600;2014-07-20 10:10:00;172602N232;3028;4.667;45;226;226;229;222;4.483;50.00;375.0;4.598;301.4;4.505;0.0;0.000;60;0;0;4.420;4.590;4.439;994;1047;985;50.00;50.00;50.00;4025;1000;0.0;0;1.0000;0;0
600;2014-07-20 10:20:00;172602N232;3187;5.198;45;225;225;229;222;4.720;49.99;375.0;4.738;313.7;4.676;0.0;0.000;60;0;0;4.652;4.844;4.664;1044;1106;1035;49.99;49.99;49.99;4025;1000;0.0;0;1.0000;0;0
600;2014-07-20 10:30:00;172602N232;3451;5.773;45;226;226;230;223;5.092;49.99;372.6;4.947;349.5;4.771;0.0;0.000;60;0;0;5.030;5.228;5.018;1135;1199;1115;49.99;49.99;49.99;4025;1000;0.0;0;1.0000;0;0
600;2014-07-20 10:40:00;172602N232;3481;6.354;46;228;228;231;225;5.099;50.00;371.7;4.836;367.8;4.738;0.0;0.000;60;0;0;5.034;5.207;5.056;1142;1200;1137;50.00;50.00;50.00;4025;1000;0.0;0;1.0000;0;0
600;2014-07-20 10:50:00;172602N232;3436;6.927;46;230;230;233;228;4.983;50.00;374.0;4.694;372.9;4.651;0.0;0.000;60;0;0;4.912;5.080;4.959;1126;1180;1128;50.00;50.00;50.00;4025;1000;0.0;0;1.0000;0;0
600;2014-07-20 11:00:00;172602N232;3659;7.536;46;230;230;232;227;5.313;49.99;373.6;5.006;372.2;4.963;0.0;0.000;60;0;0;5.266;5.397;5.277;1207;1251;1199;49.99;49.99;49.99;4025;1000;0.0;0;1.0000;0;0
600;2014-07-20 11:10:00;172602N232;3620;8.140;46;229;228;232;228;5.263;49.99;371.7;4.974;370.3;4.940;0.0;0.000;60;0;0;5.185;5.364;5.240;1182;1245;1192;49.99;49.99;49.99;4025;1000;0.0;0;1.0000;0;0
600;2014-07-20 11:20:00;172602N232;3393;8.707;46;229;228;232;228;4.942;50.00;372.6;4.649;371.2;4.615;0.0;0.000;60;0;0;4.853;5.032;4.942;1102;1165;1123;50.00;50.00;50.00;4025;1000;0.0;0;1.0000;0;0
600;2014-07-20 11:30:00;172602N232;3748;9.332;46;231;230;234;228;5.416;50.01;372.2;5.148;371.1;5.107;0.0;0.000;60;0;0;5.321;5.533;5.394;1221;1294;1231;50.01;50.01;50.01;4025;1000;0.0;0;1.0000;0;0
600;2014-07-20 11:40:00;172602N232;4122;10.018;46;231;230;234;229;5.954;50.00;366.5;5.753;365.4;5.712;0.0;0.000;60;0;0;5.852;6.088;5.924;1343;1423;1354;50.00;50.00;50.00;4025;1000;0.0;0;1.0000;0;0
600;2014-07-20 11:50:00;172602N232;3788;10.649;46;228;227;231;226;5.545;50.00;365.8;5.297;364.7;5.252;0.0;0.000;60;0;0;5.452;5.668;5.517;1233;1308;1245;50.00;50.00;50.00;4025;1000;0.0;0;1.0000;0;0
600;2014-07-20 12:00:00;172602N232;3571;11.244;46;227;225;230;225;5.256;50.00;367.3;4.973;365.7;4.932;0.0;0.000;60;0;0;5.149;5.381;5.240;1155;1239;1175;50.00;50.00;50.00;4025;1000;0.0;0;1.0000;0;0
600;2014-07-20 12:10:00;172602N232;4152;11.938;46;227;226;230;225;6.101;49.99;365.6;5.815;364.3;5.770;0.0;0.000;60;0;0;6.015;6.231;6.058;1356;1434;1360;49.99;49.99;49.99;4025;1000;0.0;0;1.0000;0;0
600;2014-07-20 12:20:00;172602N232;4265;12.648;47;227;227;230;223;6.274;49.97;361.0;6.050;359.7;6.005;0.0;0.000;60;0;0;6.238;6.407;6.178;1414;1471;1378;49.97;49.97;49.97;4025;1000;0.0;0;1.0000;0;0
600;2014-07-20 12:30:00;172602N232;4264;13.358;47;227;227;230;223;6.259;49.99;361.1;6.054;359.1;6.008;0.0;0.000;60;0;0;6.217;6.403;6.159;1413;1474;1375;49.99;49.99;49.99;4025;1000;0.0;0;1.0000;0;0
600;2014-07-20 12:40:00;172602N232;4452;14.100;47;228;228;231;224;6.516;50.01;360.0;6.340;357.9;6.298;0.0;0.000;60;0;0;6.456;6.685;6.409;1468;1547;1435;50.01;50.01;50.01;4025;1000;0.0;0;1.0000;0;0
600;2014-07-20 12:50:00;172602N232;3730;14.723;47;228;226;231;225;5.464;50.01;360.6;5.296;358.8;5.265;0.0;0.000;60;0;0;5.372;5.599;5.423;1215;1293;1219;50.01;50.01;50.01;4025;1000;0.0;0;1.0000;0;0
600;2014-07-20 13:00:00;172602N232;4009;15.391;47;228;226;231;226;5.869;50.01;367.2;5.590;365.1;5.554;0.0;0.000;60;0;0;5.781;5.998;5.830;1308;1385;1314;50.01;50.01;50.01;4025;1000;0.0;0;1.0000;0;0
600;2014-07-20 13:10:00;172602N232;4191;16.089;47;228;228;230;227;6.120;50.01;360.6;5.954;358.9;5.915;0.0;0.000;60;0;0;6.046;6.224;6.091;1377;1434;1378;50.01;50.01;50.01;4025;1000;0.0;0;1.0000;0;0
600;2014-07-20 13:20:00;172602N232;2894;16.571;47;227;226;229;225;4.261;50.01;371.5;3.978;368.7;3.948;0.0;0.000;60;0;0;4.178;4.353;4.253;940;996;955;50.01;50.01;50.01;4025;1000;0.0;0;1.0000;0;0
600;2014-07-20 13:30:00;172602N232;4675;17.351;47;228;227;232;226;6.822;50.01;362.4;6.623;360.7;6.587;0.0;0.000;60;0;0;6.724;6.988;6.754;1528;1623;1521;50.01;50.01;50.01;4025;1000;0.0;0;1.0000;0;0
600;2014-07-20 13:40:00;172602N232;3608;17.953;47;227;226;230;225;5.308;50.01;359.4;5.136;357.7;5.104;0.0;0.000;60;0;0;5.214;5.418;5.292;1174;1246;1186;50.01;50.01;50.01;4025;1000;0.0;0;1.0000;0;0
600;2014-07-20 13:50:00;172602N232;3263;18.497;47;227;226;229;225;4.812;50.00;370.1;4.508;367.2;4.476;0.0;0.000;60;0;0;4.744;4.901;4.791;1069;1120;1072;50.00;50.00;50.00;4025;1000;0.0;0;1.0000;0;0
600;2014-07-20 14:00:00;172602N232;4207;19.199;47;227;227;228;226;6.180;50.00;366.5;5.885;364.5;5.834;0.0;0.000;60;0;0;6.139;6.251;6.150;1394;1426;1386;50.00;50.00;50.00;4025;1000;0.0;0;1.0000;0;0
600;2014-07-20 14:10:00;172602N232;3832;19.838;48;227;227;227;226;5.637;50.01;364.6;5.391;362.5;5.333;0.0;0.000;60;0;0;5.606;5.677;5.628;1272;1288;1271;50.01;50.01;50.01;4025;1000;0.0;0;1.0000;0;0
600;2014-07-20 14:20:00;172602N232;3628;20.442;48;227;226;230;225;5.342;50.01;369.2;5.039;366.6;4.983;0.0;0.000;60;0;0;5.246;5.460;5.321;1180;1252;1194;50.01;50.01;50.01;4025;1000;0.0;0;1.0000;0;0
600;2014-07-20 14:30:00;172602N232;3420;21.012;48;227;226;231;224;5.026;50.00;371.8;4.709;368.0;4.685;0.0;0.000;60;0;0;4.931;5.150;4.999;1112;1187;1120;50.00;50.00;50.00;4025;1000;0.0;0;1.0000;0;0
600;2014-07-20 14:40:00;172602N232;4107;21.697;48;229;228;233;226;5.983;50.00;367.7;5.720;365.8;5.680;0.0;0.000;60;0;0;5.887;6.126;5.938;1339;1424;1343;50.00;50.00;50.00;4025;1000;0.0;0;1.0000;0;0
600;2014-07-20 14:50:00;172602N232;4646;22.471;48;229;228;234;225;6.774;49.99;358.8;6.643;357.0;6.592;0.0;0.000;60;0;0;6.672;6.993;6.657;1517;1633;1495;49.99;49.99;49.99;4025;1000;0.0;0;1.0000;0;0
600;2014-07-20 15:00:00;172602N232;4444;23.212;48;229;227;234;226;6.477;50.01;354.3;6.434;352.6;6.384;0.0;0.000;60;0;0;6.366;6.657;6.408;1443;1553;1445;50.01;50.01;50.01;4025;1000;0.0;0;1.0000;0;0
600;2014-07-20 15:10:00;172602N232;3417;23.782;48;227;227;231;225;5.012;50.01;360.4;4.859;358.1;4.818;0.0;0.000;60;0;0;4.932;5.133;4.972;1115;1185;1115;50.01;50.01;50.01;4025;1000;0.0;0;1.0000;0;0
600;2014-07-20 15:20:00;172602N232;2617;24.218;48;227;226;229;225;3.865;50.01;376.0;3.550;369.6;3.566;0.0;0.000;60;0;0;3.799;3.933;3.863;854;896;866;50.01;50.01;50.01;4025;1000;0.0;0;1.0000;0;0
600;2014-07-20 15:30:00;172602N232;2177;24.582;47;227;225;229;226;3.226;50.01;389.9;2.819;377.8;2.911;0.0;0.000;60;0;0;3.150;3.291;3.238;702;747;725;50.01;50.01;50.01;4025;1000;0.0;0;1.0000;0;0
600;2014-07-20 15:40:00;172602N232;2523;25.002;47;227;226;230;226;3.718;50.01;389.8;3.279;380.2;3.352;0.0;0.000;60;0;0;3.633;3.795;3.728;814;868;839;50.01;50.01;50.01;4025;1000;0.0;0;1.0000;0;0
600;2014-07-20 15:50:00;172602N232;2156;25.362;47;225;224;227;225;3.213;50.01;393.7;2.761;380.9;2.863;0.0;0.000;60;0;0;3.137;3.270;3.233;696;738;720;50.01;50.01;50.01;4025;1000;0.0;0;1.0000;0;0
600;2014-07-20 16:00:00;172602N232;1864;25.673;46;225;224;227;224;2.779;50.00;399.6;2.339;383.5;2.465;0.0;0.000;60;0;0;2.709;2.832;2.798;602;638;622;50.00;50.00;50.00;4025;1000;0.0;0;1.0000;0;0
600;2014-07-20 16:10:00;172602N232;1668;25.950;46;226;225;229;226;2.470;50.01;402.0;2.072;385.3;2.200;0.0;0.000;60;0;0;2.385;2.530;2.495;533;575;559;50.01;50.01;50.01;4025;1000;0.0;0;1.0000;0;0
600;2014-07-20 16:20:00;172602N232;1543;26.208;46;225;224;228;222;2.302;49.99;404.0;1.903;387.0;2.026;0.0;0.000;60;0;0;2.227;2.376;2.303;495;537;509;49.99;49.99;49.99;4025;1000;0.0;0;1.0000;0;0
600;2014-07-20 16:30:00;172602N232;1436;26.447;46;224;224;227;222;2.143;49.99;405.6;1.759;388.9;1.878;0.0;0.000;60;0;0;2.073;2.209;2.149;461;498;475;49.99;49.99;49.99;4025;1000;0.0;0;1.0000;0;0
600;2014-07-20 16:40:00;172602N232;1490;26.696;45;225;224;227;224;2.221;50.00;388.7;1.915;389.4;1.942;0.0;0.000;60;0;0;2.154;2.279;2.231;480;513;495;50.00;50.00;50.00;4025;1000;0.0;0;1.0000;0;0
600;2014-07-20 16:50:00;172602N232;1492;26.945;45;225;225;228;224;2.218;50.01;384.0;1.942;389.2;1.943;0.0;0.000;60;0;0;2.150;2.277;2.228;480;515;495;50.01;50.01;50.01;4025;1000;0.0;0;1.0000;0;0
600;2014-07-20 17:00:00;172602N232;1192;27.144;45;224;224;226;223;1.826;50.00;385.3;1.547;391.2;1.537;0.0;0.000;60;0;0;1.773;1.870;1.837;383;410;396;50.00;50.00;50.00;4025;1000;0.0;0;1.0000;0;0
600;2014-07-20 17:10:00;172602N232;1080;27.324;45;224;224;225;223;1.630;50.00;390.5;1.375;392.1;1.391;0.0;0.000;60;0;0;1.586;1.665;1.640;348;371;359;50.00;50.00;50.00;4025;1000;0.0;0;1.0000;0;0
600;2014-07-20 17:20:00;172602N232;1035;27.497;44;223;223;224;221;1.565;49.99;388.7;1.323;390.9;1.338;0.0;0.000;60;0;0;1.515;1.604;1.578;333;355;345;49.99;49.99;49.99;4025;1000;0.0;0;1.0000;0;0
600;2014-07-20 17:30:00;172602N232;958;27.656;44;222;221;225;221;1.458;49.99;388.2;1.228;391.2;1.234;0.0;0.000;60;0;0;1.393;1.507;1.474;301;335;320;49.99;49.99;49.99;4025;1000;0.0;0;1.0000;0;0
600;2014-07-20 17:40:00;172602N232;852;27.799;44;224;222;226;223;1.296;50.01;386.5;1.093;391.4;1.092;0.0;0.000;60;0;0;1.226;1.346;1.317;264;299;287;50.01;50.01;50.01;4025;1000;0.0;0;1.0000;0;0
600;2014-07-20 17:50:00;172602N232;756;27.926;44;225;225;225;224;1.164;50.03;384.8;0.973;390.6;0.971;0.0;0.000;60;0;0;1.123;1.192;1.179;239;260;256;50.03;50.03;50.03;4025;1000;0.0;0;1.0000;0;0
600;2014-07-20 18:00:00;172602N232;731;28.047;44;224;224;223;225;1.118;50.01;386.5;0.934;391.2;0.940;0.0;0.000;60;0;0;1.066;1.145;1.145;231;249;250;50.01;50.01;50.01;4025;1000;0.0;0;1.0000;0;0
600;2014-07-20 18:10:00;172602N232;858;28.190;44;224;224;224;223;1.302;50.00;392.9;1.072;392.7;1.107;0.0;0.000;60;0;0;1.251;1.332;1.325;273;293;290;50.00;50.00;50.00;4025;1000;0.0;0;1.0000;0;0
600;2014-07-20 18:20:00;172602N232;1236;28.397;45;224;224;224;224;1.874;49.99;392.7;1.551;398.6;1.585;0.0;0.000;60;0;0;1.817;1.899;1.906;399;418;418;49.99;49.99;49.99;4025;1000;0.0;0;1.0000;0;0
600;2014-07-20 18:30:00;172602N232;1988;28.729;45;227;225;229;226;2.938;50.00;377.7;2.609;394.9;2.607;0.0;0.000;60;0;0;2.869;2.995;2.951;643;681;662;50.00;50.00;50.00;4025;1000;0.0;0;1.0000;0;0
600;2014-07-20 18:40:00;172602N232;2021;29.065;45;227;226;231;225;2.976;50.01;360.8;2.773;379.4;2.753;0.0;0.000;60;0;0;2.890;3.059;2.979;649;702;668;50.01;50.01;50.01;4025;1000;0.0;0;1.0000;0;0
600;2014-07-20 18:50:00;172602N232;1907;29.383;45;226;225;229;226;2.820;50.00;364.8;2.578;378.4;2.614;0.0;0.000;60;0;0;2.736;2.882;2.843;611;656;638;50.00;50.00;50.00;4025;1000;0.0;0;1.0000;0;0
600;2014-07-20 19:00:00;172602N232;1453;29.625;45;225;222;229;225;2.179;50.00;355.0;1.986;376.9;2.017;0.0;0.000;60;0;0;2.079;2.260;2.200;455;507;489;50.00;50.00;50.00;4025;1000;0.0;0;1.0000;0;0
600;2014-07-20 19:10:00;172602N232;813;29.761;45;226;223;228;226;1.225;50.00;353.4;1.114;376.9;1.119;0.0;0.000;60;0;0;1.152;1.273;1.251;250;285;276;50.00;50.00;50.00;4025;1000;0.0;0;1.0000;0;0
600;2014-07-20 19:20:00;172602N232;710;29.880;45;226;224;230;225;1.074;49.99;352.5;0.963;380.3;0.979;0.0;0.000;60;0;0;0.999;1.128;1.096;217;252;240;49.99;49.99;49.99;4025;1000;0.0;0;1.0000;0;0
600;2014-07-20 19:30:00;172602N232;532;29.969;45;227;225;230;226;0.812;50.00;354.6;0.706;378.6;0.739;0.0;0.000;60;0;0;0.741;0.861;0.835;159;189;181;50.00;50.00;50.00;4025;1000;0.0;0;1.0000;0;0
600;2014-07-20 19:40:00;172602N232;507;30.054;45;224;224;225;223;0.822;50.00;349.7;0.666;380.4;0.716;0.0;0.000;60;0;0;0.767;0.863;0.836;155;179;171;50.00;50.00;50.00;4025;1000;0.0;0;1.0000;0;0
600;2014-07-20 19:50:00;172602N232;441;30.127;44;224;224;226;223;0.692;50.03;379.6;0.537;379.8;0.612;0.0;0.000;60;0;0;0.633;0.733;0.711;132;157;150;50.03;50.03;50.03;4025;1000;0.0;0;1.0000;0;0
600;2014-07-20 20:00:00;172602N232;392;30.193;44;224;224;226;223;0.621;50.03;381.7;0.459;379.9;0.553;0.0;0.000;60;0;0;0.563;0.662;0.638;116;141;133;50.03;50.03;50.03;4025;1000;0.0;0;1.0000;0;0
600;2014-07-20 20:10:00;172602N232;308;30.244;44;225;224;227;223;1.061;50.03;375.9;0.376;381.6;0.412;0.0;0.000;60;0;0;1.068;1.239;0.878;95;104;107;50.03;50.03;50.03;4025;1000;0.0;0;1.0000;0;0
600;2014-07-20 20:20:00;172602N232;244;30.284;44;225;225;227;224;1.073;50.01;372.6;0.302;381.9;0.315;0.0;0.000;60;0;0;1.134;1.314;0.773;64;91;87;50.01;50.01;50.01;4025;1000;0.0;0;1.0000;0;0
600;2014-07-20 20:30:00;172602N232;194;30.317;44;225;226;227;224;1.024;49.99;366.4;0.241;380.2;0.248;0.0;0.000;60;0;0;1.320;1.047;0.705;52;68;72;49.99;49.99;49.99;4025;1000;0.0;0;1.0000;0;0
600;2014-07-20 20:40:00;172602N232;131;30.339;44;226;226;227;224;1.012;50.01;369.5;0.156;373.2;0.164;0.0;0.000;60;0;0;1.300;0.992;0.745;13;50;66;50.01;50.01;50.01;4025;1000;0.0;0;1.0000;0;0
600;2014-07-20 20:50:00;172602N232;85;30.353;44;225;225;227;223;0.933;50.01;350.0;0.101;365.2;0.105;0.0;0.000;60;0;0;0.995;1.099;0.705;15;13;57;50.01;50.01;50.01;4025;1000;0.0;0;1.0000;0;0
600;2014-07-20 21:00:00;172602N232;58;30.363;44;224;224;227;223;0.726;50.01;335.1;0.064;356.6;0.067;0.0;0.000;60;0;0;0.598;1.060;0.521;22;0;41;50.01;50.01;50.01;4025;1000;0.0;0;1.0000;0;0
600;2014-07-20 21:10:00;172602N232;26;30.368;44;225;224;227;224;0.588;50.02;299.7;0.023;317.9;0.027;0.0;0.000;60;0;0;0.536;0.835;0.393;14;0;26;50.02;50.02;50.02;4025;1000;0.0;0;1.0000;0;0
600;2014-07-20 21:20:00;172602N232;2;30.369;43;225;225;227;223;0.190;50.00;252.2;0.000;252.5;0.000;0.0;0.000;60;0;0;0.201;0.258;0.111;4;0;6;50.00;50.00;50.00;4025;1000;0.0;0;1.0000;0;0
600;2014-07-20 21:30:00;172602N232;0;30.369;42;224;224;227;221;0.000;50.01;253.8;0.000;254.1;0.000;0.0;0.000;50;0;0;0.000;0.002;0.000;0;0;0;50.01;50.01;50.01;4025;1000;0.0;0;1.0000;0;0
600;2014-07-20 21:40:00;172602N232;0;30.369;42;223;223;226;221;0.000;50.03;228.9;0.000;229.9;0.000;0.0;0.000;50;0;0;0.000;0.000;0.000;0;0;0;50.03;50.03;50.03;4025;1000;0.0;0;1.0000;0;0
600;2014-07-20 21:50:00;172602N232;0;30.369;41;223;223;225;221;0.000;50.02;230.0;0.000;230.9;0.000;0.0;0.000;50;0;0;0.000;0.000;0.000;0;0;0;50.02;50.02;50.02;4025;1000;0.0;0;1.0000;0;0
[wr_ende]
