20160909;230001;172602N232;My Plant;+0100
[wr_def_start]
172602N232;Inverter Type;Inverter Group;72602N232      
[wr_def_end]
[wr]
INTERVAL;TIMESTAMP;SERIAL;P_AC;E_DAY;T_WR;U_AC;U_AC_1;U_AC_2;U_AC_3;I_AC;F_AC;U_DC_1;I_DC_1;U_DC_2;I_DC_2;U_DC_3;I_DC_3;S;E_WR;M_WR;I_AC_1;I_AC_2;I_AC_3;P_AC_1;P_AC_2;P_AC_3;F_AC_1;F_AC_2;F_AC_3;R_DC;PC;PCS;PCS_LL;COS_PHI;COS_PHI_LL;S_COS_PHI
600;2016-09-09 05:50:00;172602N232;0;0.000;0;3;3;3;3;0.000;0.86;3.7;0.000;3.8;0.000;0.0;0.000;50;0;0;0.000;0.000;0.000;0;0;0;0.86;0.86;0.86;11;1000;0.0;0;1.0000;0;0
600;2016-09-09 06:00:00;172602N232;0;0.000;30;224;225;227;219;0.000;49.99;228.9;0.000;229.8;0.000;0.0;0.000;50;0;0;0.000;0.000;0.000;0;0;0;49.99;49.99;49.99;0;1000;0.0;0;1.0000;0;0
600;2016-09-09 06:10:00;172602N232;0;0.000;31;224;224;226;221;0.000;50.00;235.7;0.000;236.6;0.000;0.0;0.000;50;0;0;0.000;0.000;0.000;0;0;0;50.00;50.00;50.00;0;1000;0.0;0;1.0000;0;0
600;2016-09-09 06:20:00;172602N232;0;0.000;31;223;223;225;222;0.045;50.03;272.1;0.000;272.0;0.000;0.0;0.000;60;0;0;0.049;0.061;0.026;0;0;1;50.03;50.03;50.03;2788;1000;0.0;0;1.0000;0;0
600;2016-09-09 06:30:00;172602N232;17;0.001;32;222;222;223;222;0.366;49.99;292.5;0.011;296.3;0.014;0.0;0.000;60;0;0;0.391;0.399;0.310;5;9;9;49.99;49.99;49.99;4846;1000;0.0;0;1.0000;0;0
600;2016-09-09 06:40:00;172602N232;67;0.013;32;222;222;223;222;0.700;49.99;365.9;0.077;374.2;0.069;0.0;0.000;60;0;0;0.783;0.724;0.595;10;27;28;49.99;49.99;49.99;4846;1000;0.0;0;1.0000;0;0
600;2016-09-09 06:50:00;172602N232;114;0.032;33;222;221;223;221;0.881;50.00;384.8;0.140;390.8;0.121;0.0;0.000;60;0;0;0.927;0.977;0.739;19;34;59;50.00;50.00;50.00;4846;1000;0.0;0;1.0000;0;0
600;2016-09-09 07:00:00;172602N232;132;0.055;33;222;222;222;221;0.927;49.99;384.6;0.165;391.1;0.141;0.0;0.000;60;0;0;1.111;0.883;0.789;15;54;62;49.99;49.99;49.99;4846;1000;0.0;0;1.0000;0;0
600;2016-09-09 07:10:00;172602N232;152;0.080;33;222;222;223;220;1.029;49.99;390.5;0.193;396.7;0.161;0.0;0.000;60;0;0;1.364;0.954;0.771;13;75;63;49.99;49.99;49.99;4846;1000;0.0;0;1.0000;0;0
600;2016-09-09 07:20:00;172602N232;193;0.112;34;222;222;223;222;0.974;50.00;400.2;0.262;399.6;0.187;0.0;0.000;60;0;0;1.046;1.162;0.715;49;77;65;50.00;50.00;50.00;4846;1000;0.0;0;1.0000;0;0
600;2016-09-09 07:30:00;172602N232;209;0.147;34;222;221;223;221;0.989;49.99;404.2;0.289;403.7;0.196;0.0;0.000;60;0;0;1.092;1.138;0.739;71;68;68;49.99;49.99;49.99;4846;1000;0.0;0;1.0000;0;0
600;2016-09-09 07:40:00;172602N232;232;0.187;34;222;222;223;221;1.046;49.99;406.2;0.318;403.1;0.222;0.0;0.000;60;0;0;1.153;1.110;0.877;60;87;83;49.99;49.99;49.99;4846;1000;0.0;0;1.0000;0;0
600;2016-09-09 07:50:00;172602N232;238;0.226;35;222;222;223;221;1.033;49.99;407.1;0.330;397.6;0.228;0.0;0.000;60;0;0;1.150;1.118;0.831;67;87;81;49.99;49.99;49.99;4846;1000;0.0;0;1.0000;0;0
600;2016-09-09 08:00:00;172602N232;205;0.261;35;222;222;223;221;0.991;50.00;404.0;0.279;402.4;0.198;0.0;0.000;60;0;0;1.149;0.989;0.836;57;72;75;50.00;50.00;50.00;4846;1000;0.0;0;1.0000;0;0
600;2016-09-09 08:10:00;172602N232;211;0.296;35;222;223;223;222;0.963;50.00;416.1;0.276;395.2;0.210;0.0;0.000;60;0;0;1.109;0.855;0.925;44;70;95;50.00;50.00;50.00;4846;1000;0.0;0;1.0000;0;0
600;2016-09-09 08:20:00;172602N232;236;0.336;36;223;223;224;222;1.052;49.99;440.5;0.294;403.0;0.225;0.0;0.000;60;0;0;1.121;1.192;0.844;56;91;87;49.99;49.99;49.99;4846;1000;0.0;0;1.0000;0;0
600;2016-09-09 08:30:00;172602N232;271;0.381;36;224;224;225;223;1.120;50.00;414.6;0.422;414.8;0.230;0.0;0.000;60;0;0;1.170;1.211;0.980;65;106;97;50.00;50.00;50.00;4846;1000;0.0;0;1.0000;0;0
600;2016-09-09 08:40:00;172602N232;453;0.456;36;223;223;224;222;1.179;49.99;279.3;1.269;439.6;0.217;0.0;0.000;60;0;0;1.203;1.222;1.112;142;163;146;49.99;49.99;49.99;4846;1000;0.0;0;1.0000;0;0
600;2016-09-09 08:50:00;172602N232;660;0.567;36;227;226;228;225;1.048;49.99;344.8;1.620;448.5;0.226;0.0;0.000;60;0;0;1.003;1.090;1.052;207;230;220;49.99;49.99;49.99;4846;1000;0.0;0;1.0000;0;0
600;2016-09-09 09:00:00;172602N232;876;0.712;37;227;227;229;225;1.324;50.00;383.5;2.000;433.5;0.255;0.0;0.000;60;0;0;1.268;1.374;1.332;277;306;291;50.00;50.00;50.00;4846;1000;0.0;0;1.0000;0;0
600;2016-09-09 09:10:00;172602N232;1132;0.901;37;227;228;227;226;1.724;50.00;387.9;2.629;430.1;0.266;0.0;0.000;60;0;0;1.695;1.749;1.728;369;385;376;50.00;50.00;50.00;4846;1000;0.0;0;1.0000;0;0
600;2016-09-09 09:20:00;172602N232;1278;1.115;38;227;227;229;225;1.975;49.99;402.8;2.889;448.3;0.257;0.0;0.000;60;0;0;1.945;2.005;1.977;410;440;426;49.99;49.99;49.99;4846;1000;0.0;0;1.0000;0;0
600;2016-09-09 09:30:00;172602N232;1473;1.360;38;227;227;229;225;2.200;50.00;400.6;3.101;352.3;0.832;0.0;0.000;60;0;0;2.152;2.254;2.195;477;508;486;50.00;50.00;50.00;4846;1000;0.0;0;1.0000;0;0
600;2016-09-09 09:40:00;172602N232;1758;1.654;39;227;227;229;226;2.589;49.99;399.6;3.299;258.0;1.804;0.0;0.000;60;0;0;2.532;2.655;2.582;571;605;579;49.99;49.99;49.99;4846;1000;0.0;0;1.0000;0;0
600;2016-09-09 09:50:00;172602N232;1972;1.983;39;228;227;230;226;2.898;49.99;398.0;3.494;254.5;2.405;0.0;0.000;60;0;0;2.845;2.961;2.890;643;676;650;49.99;49.99;49.99;4846;1000;0.0;0;1.0000;0;0
600;2016-09-09 10:00:00;172602N232;2258;2.359;40;229;228;231;227;3.300;49.99;395.4;3.725;254.0;3.245;0.0;0.000;60;0;0;3.245;3.369;3.288;738;773;744;49.99;49.99;49.99;4846;1000;0.0;0;1.0000;0;0
600;2016-09-09 10:10:00;172602N232;2368;2.754;40;229;229;231;228;3.466;50.01;393.7;3.760;254.1;3.681;0.0;0.000;60;0;0;3.405;3.533;3.460;773;811;783;50.01;50.01;50.01;4846;1000;0.0;0;1.0000;0;0
600;2016-09-09 10:20:00;172602N232;2390;3.153;41;229;229;231;227;3.551;50.00;390.2;3.695;268.2;3.661;0.0;0.000;60;0;0;3.506;3.624;3.523;781;822;786;50.00;50.00;50.00;4846;1000;0.0;0;1.0000;0;0
600;2016-09-09 10:30:00;172602N232;2765;3.613;41;229;229;232;228;4.026;50.01;390.5;4.218;279.6;4.176;0.0;0.000;60;0;0;3.958;4.110;4.012;902;951;910;50.01;50.01;50.01;4846;1000;0.0;0;1.0000;0;0
600;2016-09-09 10:40:00;172602N232;2893;4.096;42;230;229;232;227;4.212;49.99;386.5;4.344;292.4;4.330;0.0;0.000;60;0;0;4.154;4.302;4.181;948;995;948;49.99;49.99;49.99;4846;1000;0.0;0;1.0000;0;0
600;2016-09-09 10:50:00;172602N232;3066;4.607;42;230;229;232;227;4.459;49.99;384.8;4.523;308.1;4.478;0.0;0.000;60;0;0;4.402;4.552;4.425;1006;1055;1003;49.99;49.99;49.99;4846;1000;0.0;0;1.0000;0;0
600;2016-09-09 11:00:00;172602N232;3233;5.145;43;230;229;233;228;4.700;49.99;383.8;4.705;318.1;4.666;0.0;0.000;60;0;0;4.654;4.792;4.655;1064;1110;1057;49.99;49.99;49.99;4846;1000;0.0;0;1.0000;0;0
600;2016-09-09 11:10:00;172602N232;3420;5.716;43;229;229;232;228;4.979;49.99;381.9;4.922;326.3;4.906;0.0;0.000;60;0;0;4.922;5.080;4.936;1123;1176;1120;49.99;49.99;49.99;4846;1000;0.0;0;1.0000;0;0
600;2016-09-09 11:20:00;172602N232;3350;6.274;43;230;229;232;228;4.870;50.00;381.5;4.737;340.9;4.675;0.0;0.000;60;0;0;4.797;4.964;4.851;1094;1152;1102;50.00;50.00;50.00;4846;1000;0.0;0;1.0000;0;0
600;2016-09-09 11:30:00;172602N232;3416;6.844;43;230;229;233;229;4.958;50.00;380.8;4.785;345.3;4.774;0.0;0.000;60;0;0;4.883;5.051;4.940;1116;1173;1127;50.00;50.00;50.00;4846;1000;0.0;0;1.0000;0;0
600;2016-09-09 11:40:00;172602N232;3704;7.461;43;231;230;234;230;5.351;50.00;378.2;5.156;358.2;5.083;0.0;0.000;60;0;0;5.273;5.458;5.323;1211;1272;1218;50.00;50.00;50.00;4846;1000;0.0;0;1.0000;0;0
600;2016-09-09 11:50:00;172602N232;3664;8.073;43;231;229;234;229;5.303;50.00;376.0;5.068;363.0;5.023;0.0;0.000;60;0;0;5.219;5.417;5.275;1194;1266;1204;50.00;50.00;50.00;4846;1000;0.0;0;1.0000;0;0
600;2016-09-09 12:00:00;172602N232;3895;8.720;44;231;229;234;229;5.633;49.99;374.5;5.336;371.1;5.282;0.0;0.000;60;0;0;5.535;5.772;5.592;1267;1349;1276;49.99;49.99;49.99;4846;1000;0.0;0;1.0000;0;0
600;2016-09-09 12:10:00;172602N232;3908;9.371;44;231;230;234;228;5.657;50.00;370.6;5.360;372.0;5.319;0.0;0.000;60;0;0;5.570;5.794;5.609;1277;1353;1275;50.00;50.00;50.00;4846;1000;0.0;0;1.0000;0;0
600;2016-09-09 12:20:00;172602N232;3468;9.950;44;230;230;234;227;5.027;50.00;373.3;4.717;376.0;4.666;0.0;0.000;60;0;0;4.962;5.167;4.952;1139;1208;1119;50.00;50.00;50.00;4846;1000;0.0;0;1.0000;0;0
600;2016-09-09 12:30:00;172602N232;4102;10.633;44;230;231;235;224;5.942;49.99;369.9;5.643;371.3;5.623;0.0;0.000;60;0;0;5.900;6.148;5.779;1362;1443;1295;49.99;49.99;49.99;4846;1000;0.0;0;1.0000;0;0
600;2016-09-09 12:40:00;172602N232;3673;11.245;44;231;230;234;228;5.320;50.00;369.5;5.035;370.7;5.026;0.0;0.000;60;0;0;5.255;5.456;5.249;1206;1273;1191;50.00;50.00;50.00;4846;1000;0.0;0;1.0000;0;0
600;2016-09-09 12:50:00;172602N232;3814;11.880;45;231;230;235;228;5.528;50.00;373.2;5.198;374.7;5.154;0.0;0.000;60;0;0;5.471;5.666;5.449;1249;1327;1234;50.00;50.00;50.00;4846;1000;0.0;0;1.0000;0;0
600;2016-09-09 13:00:00;172602N232;3756;12.507;45;231;230;234;228;5.421;49.99;372.1;5.127;374.2;5.094;0.0;0.000;60;0;0;5.353;5.551;5.360;1231;1301;1222;49.99;49.99;49.99;4846;1000;0.0;0;1.0000;0;0
600;2016-09-09 13:10:00;172602N232;4313;13.226;45;232;231;235;229;6.209;49.99;370.6;5.930;371.9;5.897;0.0;0.000;60;0;0;6.146;6.355;6.126;1421;1493;1398;49.99;49.99;49.99;4846;1000;0.0;0;1.0000;0;0
600;2016-09-09 13:20:00;172602N232;3699;13.841;45;230;230;233;227;5.394;50.01;370.7;5.056;372.0;5.044;0.0;0.000;60;0;0;5.357;5.504;5.321;1218;1274;1203;50.01;50.01;50.01;4846;1000;0.0;0;1.0000;0;0
600;2016-09-09 13:30:00;172602N232;3921;14.496;45;228;228;232;225;5.750;49.99;371.6;5.358;372.7;5.356;0.0;0.000;60;0;0;5.697;5.898;5.657;1289;1362;1267;49.99;49.99;49.99;4846;1000;0.0;0;1.0000;0;0
600;2016-09-09 13:40:00;172602N232;4238;15.200;46;228;228;232;225;6.196;49.99;369.7;5.832;371.2;5.819;0.0;0.000;60;0;0;6.128;6.355;6.105;1390;1473;1372;49.99;49.99;49.99;4846;1000;0.0;0;1.0000;0;0
600;2016-09-09 13:50:00;172602N232;4172;15.897;46;228;228;232;226;6.099;50.00;365.3;5.814;366.8;5.793;0.0;0.000;60;0;0;6.030;6.244;6.024;1368;1447;1356;50.00;50.00;50.00;4846;1000;0.0;0;1.0000;0;0
600;2016-09-09 14:00:00;172602N232;3594;16.496;46;228;228;231;225;5.260;50.00;369.9;4.947;372.1;4.891;0.0;0.000;60;0;0;5.209;5.385;5.187;1184;1245;1163;50.00;50.00;50.00;4846;1000;0.0;0;1.0000;0;0
600;2016-09-09 14:10:00;172602N232;4037;17.168;46;228;228;231;225;5.904;50.00;367.2;5.585;369.6;5.569;0.0;0.000;60;0;0;5.853;6.027;5.833;1332;1391;1312;50.00;50.00;50.00;4846;1000;0.0;0;1.0000;0;0
600;2016-09-09 14:20:00;172602N232;3815;17.805;46;229;229;233;226;5.556;50.00;368.5;5.263;370.2;5.246;0.0;0.000;60;0;0;5.501;5.681;5.488;1256;1319;1238;50.00;50.00;50.00;4846;1000;0.0;0;1.0000;0;0
600;2016-09-09 14:30:00;172602N232;1634;18.077;46;229;229;231;226;2.448;50.00;367.6;2.216;369.9;2.211;0.0;0.000;60;0;0;2.423;2.492;2.429;534;564;535;50.00;50.00;50.00;4846;1000;0.0;0;1.0000;0;0
600;2016-09-09 14:40:00;172602N232;3245;18.619;46;230;231;233;228;4.702;50.01;385.4;4.271;386.8;4.265;0.0;0.000;60;0;0;4.659;4.795;4.654;1072;1115;1056;50.01;50.01;50.01;4846;1000;0.0;0;1.0000;0;0
600;2016-09-09 14:50:00;172602N232;3839;19.259;46;231;231;234;229;5.543;50.01;374.9;5.207;375.9;5.193;0.0;0.000;60;0;0;5.488;5.648;5.494;1265;1318;1254;50.01;50.01;50.01;4846;1000;0.0;0;1.0000;0;0
600;2016-09-09 15:00:00;172602N232;3272;19.805;46;230;230;233;228;4.741;50.00;372.3;4.459;372.0;4.474;0.0;0.000;60;0;0;4.684;4.836;4.705;1075;1125;1070;50.00;50.00;50.00;4846;1000;0.0;0;1.0000;0;0
600;2016-09-09 15:10:00;172602N232;2104;20.155;46;229;229;229;229;3.089;49.99;385.7;2.748;381.4;2.781;0.0;0.000;60;0;0;3.057;3.110;3.101;694;705;703;49.99;49.99;49.99;4846;1000;0.0;0;1.0000;0;0
600;2016-09-09 15:20:00;172602N232;3613;20.758;46;230;230;230;229;5.245;50.00;376.9;4.864;377.4;4.858;0.0;0.000;60;0;0;5.209;5.292;5.234;1196;1219;1197;50.00;50.00;50.00;4846;1000;0.0;0;1.0000;0;0
600;2016-09-09 15:30:00;172602N232;2256;21.134;46;226;226;227;224;3.347;49.98;373.8;3.063;375.4;3.012;0.0;0.000;60;0;0;3.296;3.411;3.336;739;773;742;49.98;49.98;49.98;4846;1000;0.0;0;1.0000;0;0
600;2016-09-09 15:40:00;172602N232;2746;21.592;46;227;227;229;224;4.046;50.00;385.2;3.603;385.6;3.605;0.0;0.000;60;0;0;4.003;4.128;4.008;906;943;895;50.00;50.00;50.00;4846;1000;0.0;0;1.0000;0;0
600;2016-09-09 15:50:00;172602N232;2209;21.961;45;226;226;227;223;3.272;50.00;375.0;2.961;376.0;2.943;0.0;0.000;60;0;0;3.227;3.342;3.247;727;759;721;50.00;50.00;50.00;4846;1000;0.0;0;1.0000;0;0
600;2016-09-09 16:00:00;172602N232;2450;22.368;45;226;227;228;222;3.631;50.00;391.9;3.118;388.1;3.214;0.0;0.000;60;0;0;3.593;3.732;3.570;811;849;788;50.00;50.00;50.00;4846;1000;0.0;0;1.0000;0;0
600;2016-09-09 16:10:00;172602N232;1909;22.687;45;224;226;227;219;2.898;49.99;382.7;2.444;382.7;2.572;0.0;0.000;60;0;0;2.897;2.971;2.826;634;663;609;49.99;49.99;49.99;4846;1000;0.0;0;1.0000;0;0
600;2016-09-09 16:20:00;172602N232;2638;23.127;44;225;226;228;222;3.917;50.02;382.7;3.432;388.1;3.499;0.0;0.000;60;0;0;3.865;4.007;3.880;869;909;858;50.02;50.02;50.02;4846;1000;0.0;0;1.0000;0;0
600;2016-09-09 16:30:00;172602N232;2355;23.520;44;225;225;228;222;3.502;50.01;391.8;3.089;376.4;3.112;0.0;0.000;60;0;0;3.452;3.579;3.477;773;811;768;50.01;50.01;50.01;4846;1000;0.0;0;1.0000;0;0
600;2016-09-09 16:40:00;172602N232;1524;23.775;44;224;224;225;222;2.406;49.99;377.4;2.183;348.9;2.048;0.0;0.000;60;0;0;2.382;2.446;2.392;494;525;503;49.99;49.99;49.99;4846;1000;0.0;0;1.0000;0;0
600;2016-09-09 16:50:00;172602N232;1674;24.054;44;224;224;227;221;2.497;50.00;383.9;2.514;326.9;2.230;0.0;0.000;60;0;0;2.447;2.565;2.481;546;580;546;50.00;50.00;50.00;4846;1000;0.0;0;1.0000;0;0
600;2016-09-09 17:00:00;172602N232;1484;24.302;44;224;225;227;221;2.220;49.99;362.8;2.432;314.1;1.992;0.0;0.000;60;0;0;2.178;2.279;2.203;485;513;483;49.99;49.99;49.99;4846;1000;0.0;0;1.0000;0;0
600;2016-09-09 17:10:00;172602N232;877;24.448;44;223;223;226;220;1.353;50.00;301.8;1.533;343.8;1.237;0.0;0.000;60;0;0;1.305;1.405;1.349;280;308;288;50.00;50.00;50.00;4846;1000;0.0;0;1.0000;0;0
600;2016-09-09 17:20:00;172602N232;365;24.508;44;223;223;225;220;1.093;50.01;345.6;0.430;360.2;0.624;0.0;0.000;60;0;0;1.136;1.139;1.004;97;129;136;50.01;50.01;50.01;4846;1000;0.0;0;1.0000;0;0
600;2016-09-09 17:30:00;172602N232;384;24.572;43;223;225;225;219;1.150;50.01;406.9;0.285;270.0;1.002;0.0;0.000;60;0;0;1.236;1.218;0.998;108;143;131;50.01;50.01;50.01;4846;1000;0.0;0;1.0000;0;0
600;2016-09-09 17:40:00;172602N232;220;24.609;43;222;226;226;215;1.109;49.99;387.0;0.242;391.4;0.299;0.0;0.000;60;0;0;1.453;1.163;0.713;33;97;88;49.99;49.99;49.99;4846;1000;0.0;0;1.0000;0;0
600;2016-09-09 17:50:00;172602N232;187;24.641;42;223;226;224;219;1.025;49.99;377.2;0.210;388.5;0.243;0.0;0.000;60;0;0;1.332;0.974;0.769;6;98;89;49.99;49.99;49.99;4846;1000;0.0;0;1.0000;0;0
600;2016-09-09 18:00:00;172602N232;159;24.667;42;223;225;224;220;1.114;49.99;372.4;0.183;381.0;0.207;0.0;0.000;60;0;0;1.647;0.947;0.750;6;92;69;49.99;49.99;49.99;4846;1000;0.0;0;1.0000;0;0
600;2016-09-09 18:10:00;172602N232;132;24.689;42;223;223;225;222;1.016;49.99;372.4;0.153;379.5;0.167;0.0;0.000;60;0;0;1.149;1.120;0.780;25;48;60;49.99;49.99;49.99;4846;1000;0.0;0;1.0000;0;0
600;2016-09-09 18:20:00;172602N232;111;24.708;41;223;222;226;222;0.964;50.01;363.0;0.131;376.2;0.138;0.0;0.000;60;0;0;0.745;1.395;0.754;49;0;66;50.01;50.01;50.01;4846;1000;0.0;0;1.0000;0;0
600;2016-09-09 18:30:00;172602N232;90;24.724;41;224;223;226;222;0.869;50.02;355.6;0.105;372.8;0.108;0.0;0.000;60;0;0;0.720;1.219;0.669;31;5;55;50.02;50.02;50.02;4846;1000;0.0;0;1.0000;0;0
600;2016-09-09 18:40:00;172602N232;67;24.735;40;224;224;225;223;0.896;49.99;343.4;0.078;369.2;0.081;0.0;0.000;60;0;0;1.025;0.938;0.727;6;26;47;49.99;49.99;49.99;4846;1000;0.0;0;1.0000;0;0
600;2016-09-09 18:50:00;172602N232;46;24.743;40;224;225;226;221;0.769;49.99;329.5;0.047;357.4;0.052;0.0;0.000;60;0;0;0.972;0.751;0.585;3;25;40;49.99;49.99;49.99;4846;1000;0.0;0;1.0000;0;0
600;2016-09-09 19:00:00;172602N232;20;24.746;40;224;224;227;221;0.497;49.98;291.6;0.014;298.9;0.021;0.0;0.000;60;0;0;0.521;0.634;0.338;6;1;23;49.98;49.98;49.98;4846;1000;0.0;0;1.0000;0;0
600;2016-09-09 19:10:00;172602N232;2;24.747;39;224;224;226;222;0.148;49.99;252.2;0.000;252.4;0.000;0.0;0.000;60;0;0;0.125;0.216;0.105;1;0;6;49.99;49.99;49.99;4846;1000;0.0;0;1.0000;0;0
600;2016-09-09 19:20:00;172602N232;0;24.747;38;224;222;227;222;0.000;50.00;256.3;0.000;256.2;0.000;0.0;0.000;50;0;0;0.000;0.000;0.000;0;0;0;50.00;50.00;50.00;4846;1000;0.0;0;1.0000;0;0
600;2016-09-09 19:30:00;172602N232;0;24.747;37;223;222;227;221;0.000;50.01;228.4;0.000;229.3;0.000;0.0;0.000;50;0;0;0.000;0.000;0.000;0;0;0;50.01;50.01;50.01;4846;1000;0.0;0;1.0000;0;0
[wr_ende]
