20140918;230002;172602N232;My Plant;+0100
[wr_def_start]
172602N232;Inverter Type;Inverter Group;72602N232      
[wr_def_end]
[wr]
INTERVAL;TIMESTAMP;SERIAL;P_AC;E_DAY;T_WR;U_AC;U_AC_1;U_AC_2;U_AC_3;I_AC;F_AC;U_DC_1;I_DC_1;U_DC_2;I_DC_2;U_DC_3;I_DC_3;S;E_WR;M_WR;I_AC_1;I_AC_2;I_AC_3;P_AC_1;P_AC_2;P_AC_3;F_AC_1;F_AC_2;F_AC_3;R_DC;PC;PCS;PCS_LL;COS_PHI;COS_PHI_LL;S_COS_PHI
600;2014-09-18 06:20:00;172602N232;0;0.000;0;5;5;5;5;0.000;1.30;5.8;0.000;5.8;0.000;0.0;0.000;50;0;0;0.000;0.000;0.000;0;0;0;1.29;1.29;1.29;56;1000;0.0;0;1.0000;0;0
600;2014-09-18 06:30:00;172602N232;0;0.000;27;224;224;226;221;0.000;49.96;229.9;0.000;230.8;0.000;0.0;0.000;50;0;0;0.000;0.000;0.000;0;0;0;49.96;49.96;49.96;0;1000;0.0;0;1.0000;0;0
600;2014-09-18 06:40:00;172602N232;0;0.000;28;224;223;225;222;0.000;50.02;233.4;0.000;234.3;0.000;0.0;0.000;50;0;0;0.000;0.000;0.000;0;0;0;50.02;50.02;50.02;0;1000;0.0;0;1.0000;0;0
600;2014-09-18 06:50:00;172602N232;0;0.000;29;222;223;222;222;0.047;50.00;277.3;0.000;277.8;0.000;0.0;0.000;60;0;0;0.049;0.048;0.044;0;2;1;50.00;50.00;50.00;2160;1000;0.0;0;1.0000;0;0
600;2014-09-18 07:00:00;172602N232;13;0.004;29;221;222;219;222;0.304;49.99;281.8;0.005;298.2;0.008;0.0;0.000;60;0;0;0.356;0.251;0.306;1;16;7;49.99;49.99;49.99;3453;1000;0.0;0;1.0000;0;0
600;2014-09-18 07:10:00;172602N232;39;0.012;30;223;224;222;223;0.518;49.97;345.8;0.037;354.7;0.038;0.0;0.000;60;0;0;0.614;0.423;0.519;1;28;22;49.97;49.97;49.97;3453;1000;0.0;0;1.0000;0;0
600;2014-09-18 07:20:00;172602N232;114;0.030;30;222;223;221;221;0.950;49.98;391.6;0.134;394.4;0.124;0.0;0.000;60;0;0;1.327;0.769;0.756;6;64;47;49.98;49.98;49.98;3453;1000;0.0;0;1.0000;0;0
600;2014-09-18 07:30:00;172602N232;177;0.057;30;222;223;222;221;1.034;49.98;402.1;0.212;406.9;0.192;0.0;0.000;60;0;0;1.303;1.061;0.740;22;89;63;49.98;49.98;49.98;3453;1000;0.0;0;1.0000;0;0
600;2014-09-18 07:40:00;172602N232;201;0.090;31;223;223;223;222;1.026;50.01;405.5;0.246;410.4;0.217;0.0;0.000;60;0;0;1.277;1.035;0.768;41;86;72;50.01;50.01;50.01;3453;1000;0.0;0;1.0000;0;0
600;2014-09-18 07:50:00;172602N232;271;0.136;31;223;223;224;221;1.111;49.99;410.7;0.331;417.0;0.294;0.0;0.000;60;0;0;1.247;1.208;0.878;68;105;96;49.99;49.99;49.99;3453;1000;0.0;0;1.0000;0;0
600;2014-09-18 08:00:00;172602N232;343;0.193;32;222;222;224;221;1.169;49.99;414.1;0.426;422.0;0.369;0.0;0.000;60;0;0;1.208;1.232;1.067;100;118;124;49.99;49.99;49.99;3453;1000;0.0;0;1.0000;0;0
600;2014-09-18 08:10:00;172602N232;439;0.266;32;223;223;224;222;0.759;50.01;416.4;0.555;422.3;0.473;0.0;0.000;60;0;0;0.713;0.801;0.765;132;154;150;50.01;50.01;50.01;3453;1000;0.0;0;1.0000;0;0
600;2014-09-18 08:20:00;172602N232;453;0.342;33;223;223;225;221;0.785;49.99;416.9;0.578;415.6;0.489;0.0;0.000;60;0;0;0.736;0.833;0.787;139;161;151;49.99;49.99;49.99;3453;1000;0.0;0;1.0000;0;0
600;2014-09-18 08:30:00;172602N232;526;0.431;33;223;224;226;220;0.825;50.00;423.7;0.666;418.7;0.567;0.0;0.000;60;0;0;0.774;0.875;0.826;163;187;174;50.00;50.00;50.00;3453;1000;0.0;0;1.0000;0;0
600;2014-09-18 08:40:00;172602N232;584;0.527;34;224;224;226;221;0.910;50.01;422.4;0.733;432.2;0.620;0.0;0.000;60;0;0;0.861;0.959;0.910;183;207;193;50.01;50.01;50.01;3453;1000;0.0;0;1.0000;0;0
600;2014-09-18 08:50:00;172602N232;607;0.629;35;224;224;226;221;0.944;50.01;421.4;0.733;425.4;0.686;0.0;0.000;60;0;0;0.887;0.997;0.949;188;215;202;50.01;50.01;50.01;3453;1000;0.0;0;1.0000;0;0
600;2014-09-18 09:00:00;172602N232;693;0.745;35;224;224;227;221;1.130;50.01;421.9;0.837;425.8;0.786;0.0;0.000;60;0;0;1.099;1.191;1.101;220;245;226;50.01;50.01;50.01;3453;1000;0.0;0;1.0000;0;0
600;2014-09-18 09:10:00;172602N232;886;0.893;36;224;223;225;222;1.358;50.01;421.8;1.118;433.0;0.946;0.0;0.000;60;0;0;1.307;1.400;1.369;282;307;295;50.01;50.01;50.01;3453;1000;0.0;0;1.0000;0;0
600;2014-09-18 09:20:00;172602N232;1178;1.089;36;224;224;225;222;1.797;50.01;419.9;1.679;436.1;1.089;0.0;0.000;60;0;0;1.756;1.833;1.802;380;404;391;50.01;50.01;50.01;3453;1000;0.0;0;1.0000;0;0
600;2014-09-18 09:30:00;172602N232;973;1.251;37;223;223;225;222;1.489;50.01;411.9;1.323;427.5;0.999;0.0;0.000;60;0;0;1.437;1.535;1.496;311;337;323;50.01;50.01;50.01;3453;1000;0.0;0;1.0000;0;0
600;2014-09-18 09:40:00;172602N232;1014;1.420;37;223;223;225;221;1.555;50.01;412.9;1.309;425.6;1.111;0.0;0.000;60;0;0;1.510;1.601;1.554;326;351;334;50.01;50.01;50.01;3453;1000;0.0;0;1.0000;0;0
600;2014-09-18 09:50:00;172602N232;1414;1.656;37;224;224;226;220;2.136;50.00;415.4;1.837;411.0;1.614;0.0;0.000;60;0;0;2.091;2.205;2.112;460;493;458;50.00;50.00;50.00;3453;1000;0.0;0;1.0000;0;0
600;2014-09-18 10:00:00;172602N232;2074;2.002;38;224;224;227;221;3.106;50.00;411.5;2.869;387.9;2.358;0.0;0.000;60;0;0;3.053;3.195;3.071;678;721;673;50.00;50.00;50.00;3453;1000;0.0;0;1.0000;0;0
600;2014-09-18 10:10:00;172602N232;2004;2.337;38;224;224;227;220;3.004;49.99;407.9;2.765;392.8;2.294;0.0;0.000;60;0;0;2.959;3.090;2.965;657;695;649;49.99;49.99;49.99;3453;1000;0.0;0;1.0000;0;0
600;2014-09-18 10:20:00;172602N232;1739;2.625;39;224;224;227;220;2.612;50.00;404.5;2.345;386.8;2.095;0.0;0.000;60;0;0;2.563;2.694;2.580;568;605;563;50.00;50.00;50.00;3453;1000;0.0;0;1.0000;0;0
600;2014-09-18 10:30:00;172602N232;2242;2.999;39;224;224;228;221;3.347;49.99;404.1;3.016;361.8;2.905;0.0;0.000;60;0;0;3.292;3.441;3.310;733;780;728;49.99;49.99;49.99;3453;1000;0.0;0;1.0000;0;0
600;2014-09-18 10:40:00;172602N232;2389;3.398;39;224;223;227;222;3.583;50.00;400.8;3.169;372.5;3.085;0.0;0.000;60;0;0;3.515;3.674;3.562;775;828;784;50.00;50.00;50.00;3453;1000;0.0;0;1.0000;0;0
600;2014-09-18 10:50:00;172602N232;2641;3.838;40;225;223;228;223;3.943;49.99;398.4;3.484;377.8;3.406;0.0;0.000;60;0;0;3.869;4.028;3.934;855;912;872;49.99;49.99;49.99;3453;1000;0.0;0;1.0000;0;0
600;2014-09-18 11:00:00;172602N232;2782;4.302;40;225;224;228;223;4.141;49.98;397.4;3.633;386.9;3.550;0.0;0.000;60;0;0;4.087;4.225;4.112;910;959;910;49.98;49.98;49.98;3453;1000;0.0;0;1.0000;0;0
600;2014-09-18 11:10:00;172602N232;2920;4.789;41;225;225;229;222;4.346;49.99;394.6;3.774;393.9;3.729;0.0;0.000;60;0;0;4.306;4.453;4.280;962;1013;943;49.99;49.99;49.99;3453;1000;0.0;0;1.0000;0;0
600;2014-09-18 11:20:00;172602N232;3019;5.292;41;226;226;230;222;4.479;49.99;392.8;3.918;392.2;3.880;0.0;0.000;60;0;0;4.433;4.591;4.413;993;1049;975;49.99;49.99;49.99;3453;1000;0.0;0;1.0000;0;0
600;2014-09-18 11:30:00;172602N232;3104;5.810;42;227;226;230;223;4.585;49.99;389.7;4.057;389.3;4.023;0.0;0.000;60;0;0;4.534;4.694;4.528;1021;1076;1006;49.99;49.99;49.99;3453;1000;0.0;0;1.0000;0;0
600;2014-09-18 11:40:00;172602N232;3170;6.338;42;226;227;230;223;4.684;49.98;388.3;4.162;387.4;4.129;0.0;0.000;60;0;0;4.644;4.789;4.621;1047;1096;1025;49.98;49.98;49.98;3453;1000;0.0;0;1.0000;0;0
600;2014-09-18 11:50:00;172602N232;3235;6.877;42;227;227;231;223;4.769;49.99;387.2;4.262;386.3;4.225;0.0;0.000;60;0;0;4.721;4.894;4.694;1065;1127;1041;49.99;49.99;49.99;3453;1000;0.0;0;1.0000;0;0
600;2014-09-18 12:00:00;172602N232;3282;7.425;43;227;227;230;224;4.838;49.99;385.7;4.348;387.4;4.270;0.0;0.000;60;0;0;4.795;4.946;4.775;1083;1135;1063;49.99;49.99;49.99;3453;1000;0.0;0;1.0000;0;0
600;2014-09-18 12:10:00;172602N232;3315;7.977;43;227;226;231;224;4.886;49.97;383.7;4.427;390.4;4.268;0.0;0.000;60;0;0;4.817;5.003;4.839;1081;1151;1081;49.97;49.97;49.97;3453;1000;0.0;0;1.0000;0;0
600;2014-09-18 12:20:00;172602N232;3338;8.534;43;226;226;230;224;4.930;49.97;382.8;4.469;388.5;4.318;0.0;0.000;60;0;0;4.863;5.060;4.867;1092;1160;1084;49.97;49.97;49.97;3453;1000;0.0;0;1.0000;0;0
600;2014-09-18 12:30:00;172602N232;3389;9.100;43;226;225;230;223;5.011;49.99;383.2;4.532;388.0;4.390;0.0;0.000;60;0;0;4.932;5.146;4.956;1104;1181;1102;49.99;49.99;49.99;3453;1000;0.0;0;1.0000;0;0
600;2014-09-18 12:40:00;172602N232;3410;9.668;43;226;225;230;224;5.040;49.99;382.8;4.565;387.1;4.429;0.0;0.000;60;0;0;4.960;5.170;4.990;1110;1187;1112;49.99;49.99;49.99;3453;1000;0.0;0;1.0000;0;0
600;2014-09-18 12:50:00;172602N232;3432;10.240;43;226;224;230;223;5.083;49.99;382.4;4.601;386.6;4.464;0.0;0.000;60;0;0;5.003;5.214;5.033;1116;1194;1120;49.99;49.99;49.99;3453;1000;0.0;0;1.0000;0;0
600;2014-09-18 13:00:00;172602N232;3452;10.815;44;226;224;231;223;5.105;49.99;381.8;4.632;386.3;4.496;0.0;0.000;60;0;0;5.014;5.257;5.045;1120;1208;1121;49.99;49.99;49.99;3453;1000;0.0;0;1.0000;0;0
600;2014-09-18 13:10:00;172602N232;3410;11.383;43;226;226;230;223;5.036;49.99;381.4;4.581;385.5;4.450;0.0;0.000;60;0;0;4.975;5.163;4.970;1118;1185;1105;49.99;49.99;49.99;3453;1000;0.0;0;1.0000;0;0
600;2014-09-18 13:20:00;172602N232;3394;11.949;43;226;226;230;223;5.011;49.99;382.2;4.551;385.8;4.424;0.0;0.000;60;0;0;4.959;5.124;4.952;1115;1176;1101;49.99;49.99;49.99;3453;1000;0.0;0;1.0000;0;0
600;2014-09-18 13:30:00;172602N232;3411;12.518;43;227;226;230;224;5.037;50.01;381.8;4.580;385.4;4.451;0.0;0.000;60;0;0;4.975;5.140;4.996;1118;1177;1114;50.01;50.01;50.01;3453;1000;0.0;0;1.0000;0;0
600;2014-09-18 13:40:00;172602N232;3387;13.083;43;226;225;230;224;5.005;50.00;381.1;4.554;384.6;4.430;0.0;0.000;60;0;0;4.929;5.127;4.961;1104;1176;1105;50.00;50.00;50.00;3453;1000;0.0;0;1.0000;0;0
600;2014-09-18 13:50:00;172602N232;3289;13.630;43;226;225;230;224;4.862;49.98;381.6;4.415;385.1;4.292;0.0;0.000;60;0;0;4.782;4.988;4.818;1070;1143;1073;49.98;49.98;49.98;3453;1000;0.0;0;1.0000;0;0
600;2014-09-18 14:00:00;172602N232;3332;14.186;43;226;225;230;224;4.930;49.98;382.0;4.469;385.4;4.348;0.0;0.000;60;0;0;4.844;5.052;4.896;1082;1156;1091;49.98;49.98;49.98;3453;1000;0.0;0;1.0000;0;0
600;2014-09-18 14:10:00;172602N232;3281;14.733;43;227;226;230;225;4.833;49.99;382.3;4.399;385.7;4.277;0.0;0.000;60;0;0;4.766;4.938;4.797;1072;1133;1074;49.99;49.99;49.99;3453;1000;0.0;0;1.0000;0;0
600;2014-09-18 14:20:00;172602N232;3230;15.272;44;226;225;230;225;4.778;49.99;381.9;4.334;385.5;4.211;0.0;0.000;60;0;0;4.700;4.880;4.756;1050;1116;1063;49.99;49.99;49.99;3453;1000;0.0;0;1.0000;0;0
600;2014-09-18 14:30:00;172602N232;3168;15.800;44;226;225;229;224;4.693;50.00;382.5;4.236;382.8;4.166;0.0;0.000;60;0;0;4.621;4.786;4.674;1034;1091;1041;50.00;50.00;50.00;3453;1000;0.0;0;1.0000;0;0
600;2014-09-18 14:40:00;172602N232;3120;16.320;44;227;227;230;225;4.603;49.99;382.9;4.166;381.9;4.113;0.0;0.000;60;0;0;4.543;4.684;4.583;1023;1071;1024;49.99;49.99;49.99;3453;1000;0.0;0;1.0000;0;0
600;2014-09-18 14:50:00;172602N232;3018;16.823;44;227;227;230;225;4.444;49.99;385.2;4.000;383.5;3.963;0.0;0.000;60;0;0;4.392;4.532;4.409;991;1038;985;49.99;49.99;49.99;3453;1000;0.0;0;1.0000;0;0
600;2014-09-18 15:00:00;172602N232;2952;17.316;44;227;226;231;225;4.349;49.99;384.7;3.918;383.5;3.876;0.0;0.000;60;0;0;4.278;4.449;4.321;961;1021;967;49.99;49.99;49.99;3453;1000;0.0;0;1.0000;0;0
600;2014-09-18 15:10:00;172602N232;2800;17.783;44;227;227;230;225;4.128;49.99;386.3;3.699;384.3;3.665;0.0;0.000;60;0;0;4.074;4.211;4.100;917;965;916;49.99;49.99;49.99;3453;1000;0.0;0;1.0000;0;0
600;2014-09-18 15:20:00;172602N232;2770;18.244;44;226;226;229;223;4.094;49.97;388.3;3.641;386.7;3.601;0.0;0.000;60;0;0;4.052;4.181;4.050;913;955;900;49.97;49.97;49.97;3453;1000;0.0;0;1.0000;0;0
600;2014-09-18 15:30:00;172602N232;2636;18.683;44;225;225;229;222;3.912;49.99;388.0;3.465;386.5;3.431;0.0;0.000;60;0;0;3.857;4.013;3.867;864;914;856;49.99;49.99;49.99;3453;1000;0.0;0;1.0000;0;0
600;2014-09-18 15:40:00;172602N232;2550;19.108;44;226;225;228;224;3.783;50.00;388.6;3.344;387.2;3.312;0.0;0.000;60;0;0;3.724;3.860;3.765;835;876;837;50.00;50.00;50.00;3453;1000;0.0;0;1.0000;0;0
600;2014-09-18 15:50:00;172602N232;2435;19.515;44;225;224;228;223;3.622;49.99;389.5;3.181;388.3;3.153;0.0;0.000;60;0;0;3.567;3.700;3.600;796;839;798;49.99;49.99;49.99;3453;1000;0.0;0;1.0000;0;0
600;2014-09-18 16:00:00;172602N232;2309;19.900;44;225;225;228;223;3.440;49.99;390.5;3.007;389.3;2.982;0.0;0.000;60;0;0;3.387;3.519;3.415;756;796;755;49.99;49.99;49.99;3453;1000;0.0;0;1.0000;0;0
600;2014-09-18 16:10:00;172602N232;2183;20.264;44;225;224;228;222;3.257;49.98;391.4;2.833;390.3;2.813;0.0;0.000;60;0;0;3.204;3.335;3.232;714;754;713;49.98;49.98;49.98;3453;1000;0.0;0;1.0000;0;0
600;2014-09-18 16:20:00;172602N232;2039;20.604;44;225;225;228;223;3.033;49.99;399.2;2.568;390.9;2.646;0.0;0.000;60;0;0;2.974;3.103;3.024;664;702;671;49.99;49.99;49.99;3453;1000;0.0;0;1.0000;0;0
600;2014-09-18 16:30:00;172602N232;1844;20.910;44;225;224;228;223;2.748;49.99;381.9;2.346;392.5;2.461;0.0;0.000;60;0;0;2.681;2.816;2.749;596;636;609;49.99;49.99;49.99;3453;1000;0.0;0;1.0000;0;0
600;2014-09-18 16:40:00;172602N232;1700;21.194;44;224;223;227;221;2.549;49.99;371.0;2.233;394.0;2.254;0.0;0.000;60;0;0;2.485;2.627;2.536;550;591;557;49.99;49.99;49.99;3453;1000;0.0;0;1.0000;0;0
600;2014-09-18 16:50:00;172602N232;1549;21.453;44;223;223;226;220;2.326;50.00;401.9;1.959;385.0;2.008;0.0;0.000;60;0;0;2.272;2.401;2.307;504;539;505;50.00;50.00;50.00;3453;1000;0.0;0;1.0000;0;0
600;2014-09-18 17:00:00;172602N232;1298;21.669;44;222;221;225;219;1.992;49.98;386.9;1.874;349.7;1.667;0.0;0.000;60;0;0;1.930;2.073;1.974;415;456;425;49.98;49.98;49.98;3453;1000;0.0;0;1.0000;0;0
600;2014-09-18 17:10:00;172602N232;1008;21.838;44;220;218;224;219;1.559;49.99;365.1;1.552;356.1;1.267;0.0;0.000;60;0;0;1.478;1.642;1.559;313;360;334;49.99;49.99;49.99;3453;1000;0.0;0;1.0000;0;0
600;2014-09-18 17:20:00;172602N232;671;21.950;44;221;219;224;219;1.073;49.99;283.3;1.126;384.2;0.940;0.0;0.000;60;0;0;1.007;1.131;1.083;208;238;224;49.99;49.99;49.99;3453;1000;0.0;0;1.0000;0;0
600;2014-09-18 17:30:00;172602N232;527;22.038;44;221;220;223;219;1.112;49.99;415.0;0.556;431.3;0.663;0.0;0.000;60;0;0;1.084;1.161;1.092;166;188;172;49.99;49.99;49.99;3453;1000;0.0;0;1.0000;0;0
600;2014-09-18 17:40:00;172602N232;429;22.109;44;221;220;223;221;1.020;50.03;389.5;0.486;430.2;0.535;0.0;0.000;60;0;0;0.990;1.090;0.982;131;152;143;50.03;50.03;50.03;3453;1000;0.0;0;1.0000;0;0
600;2014-09-18 17:50:00;172602N232;355;22.169;43;223;223;223;222;1.176;50.03;379.0;0.414;414.4;0.454;0.0;0.000;60;0;0;1.215;1.197;1.116;99;127;127;50.03;50.03;50.03;3453;1000;0.0;0;1.0000;0;0
600;2014-09-18 18:00:00;172602N232;290;22.217;43;223;223;222;222;1.142;49.99;379.4;0.348;394.6;0.374;0.0;0.000;60;0;0;1.360;1.099;0.969;84;118;85;49.99;49.99;49.99;3453;1000;0.0;0;1.0000;0;0
600;2014-09-18 18:10:00;172602N232;238;22.257;43;223;223;223;221;1.099;49.98;381.6;0.284;387.1;0.309;0.0;0.000;60;0;0;1.230;1.177;0.890;42;102;93;49.98;49.98;49.98;3453;1000;0.0;0;1.0000;0;0
600;2014-09-18 18:20:00;172602N232;190;22.290;43;222;221;225;221;0.971;49.98;372.7;0.230;382.1;0.243;0.0;0.000;60;0;0;0.875;1.281;0.758;60;47;80;49.98;49.98;49.98;3453;1000;0.0;0;1.0000;0;0
600;2014-09-18 18:30:00;172602N232;138;22.312;42;223;222;224;222;0.871;49.97;364.5;0.167;378.1;0.174;0.0;0.000;60;0;0;0.814;1.086;0.713;28;41;67;49.97;49.97;49.97;3453;1000;0.0;0;1.0000;0;0
600;2014-09-18 18:40:00;172602N232;92;22.327;42;223;223;224;223;0.856;50.00;352.5;0.110;370.8;0.115;0.0;0.000;60;0;0;0.835;1.035;0.700;18;18;55;50.00;50.00;50.00;3453;1000;0.0;0;1.0000;0;0
600;2014-09-18 18:50:00;172602N232;49;22.335;42;222;222;222;222;0.809;50.00;332.3;0.054;354.7;0.059;0.0;0.000;60;0;0;0.984;0.780;0.663;0;25;36;50.00;50.00;50.00;3453;1000;0.0;0;1.0000;0;0
600;2014-09-18 19:00:00;172602N232;13;22.339;41;222;223;223;221;0.332;49.97;270.5;0.007;280.9;0.011;0.0;0.000;60;0;0;0.435;0.322;0.240;1;10;14;49.97;49.97;49.97;3453;1000;0.0;0;1.0000;0;0
600;2014-09-18 19:10:00;172602N232;0;22.338;40;222;221;225;221;0.030;49.97;280.8;0.000;280.1;0.000;0.0;0.000;51;0;0;0.026;0.043;0.021;0;0;1;49.97;49.97;49.97;6697;1000;0.0;0;1.0000;0;0
600;2014-09-18 19:20:00;172602N232;0;22.338;39;222;220;225;221;0.000;49.97;235.3;0.000;236.3;0.000;0.0;0.000;51;0;0;0.000;0.000;0.000;0;0;0;49.97;49.97;49.97;11094;1000;0.0;0;1.0000;0;0
600;2014-09-18 19:30:00;172602N232;0;22.338;38;222;221;225;220;0.000;49.97;228.7;0.000;229.7;0.000;0.0;0.000;51;0;0;0.000;0.000;0.000;0;0;0;49.97;49.97;49.97;11094;1000;0.0;0;1.0000;0;0
[wr_ende]
