20140623;230003;172602N232;My Plant;+0100
[wr_def_start]
172602N232;Inverter Type;Inverter Group;72602N232      
[wr_def_end]
[wr]
INTERVAL;TIMESTAMP;SERIAL;P_AC;E_DAY;T_WR;U_AC;U_AC_1;U_AC_2;U_AC_3;I_AC;F_AC;U_DC_1;I_DC_1;U_DC_2;I_DC_2;U_DC_3;I_DC_3;S;E_WR;M_WR;I_AC_1;I_AC_2;I_AC_3;P_AC_1;P_AC_2;P_AC_3;F_AC_1;F_AC_2;F_AC_3;R_DC;PC;PCS;PCS_LL;COS_PHI;COS_PHI_LL;S_COS_PHI
600;2014-06-23 03:40:00;172602N232;0;0.000;0;3;3;3;3;0.000;0.75;3.4;0.000;3.4;0.000;0.0;0.000;50;0;0;0.000;0.000;0.000;0;0;0;0.75;0.75;0.75;80;1000;0.0;0;1.0000;0;0
600;2014-06-23 03:50:00;172602N232;0;0.000;25;224;224;227;222;0.000;49.98;226.9;0.000;227.8;0.000;0.0;0.000;50;0;0;0.000;0.000;0.000;0;0;0;49.98;49.98;49.98;0;1000;0.0;0;1.0000;0;0
600;2014-06-23 04:00:00;172602N232;0;0.000;27;225;225;227;222;0.000;50.02;229.5;0.000;230.4;0.000;0.0;0.000;50;0;0;0.000;0.000;0.000;0;0;0;50.02;50.02;50.02;0;1000;0.0;0;1.0000;0;0
600;2014-06-23 04:10:00;172602N232;0;0.000;28;224;224;227;222;0.000;50.02;235.0;0.000;235.9;0.000;0.0;0.000;50;0;0;0.000;0.000;0.000;0;0;0;50.02;50.02;50.02;0;1000;0.0;0;1.0000;0;0
600;2014-06-23 04:20:00;172602N232;0;0.000;28;225;225;228;223;0.001;50.02;285.2;0.000;284.9;0.000;0.0;0.000;60;0;0;0.002;0.001;0.001;0;0;0;50.02;50.02;50.02;1130;1000;0.0;0;1.0000;0;0
600;2014-06-23 04:30:00;172602N232;1;0.000;28;225;225;226;224;0.066;50.01;266.5;0.000;268.0;0.000;0.0;0.000;60;0;0;0.067;0.083;0.049;0;0;2;50.01;50.01;50.01;4614;1000;0.0;0;1.0000;0;0
600;2014-06-23 04:40:00;172602N232;12;0.002;28;225;225;226;224;0.331;50.01;280.1;0.002;299.6;0.006;0.0;0.000;60;0;0;0.389;0.386;0.218;3;3;11;50.01;50.01;50.01;4797;1000;0.0;0;1.0000;0;0
600;2014-06-23 04:50:00;172602N232;28;0.007;29;224;224;225;223;0.506;50.00;330.6;0.020;346.8;0.023;0.0;0.000;60;0;0;0.562;0.605;0.351;8;1;22;50.00;50.00;50.00;4797;1000;0.0;0;1.0000;0;0
600;2014-06-23 05:00:00;172602N232;41;0.014;29;224;224;225;223;0.605;50.01;353.9;0.035;360.8;0.039;0.0;0.000;60;0;0;0.595;0.777;0.443;10;1;30;50.01;50.01;50.01;4797;1000;0.0;0;1.0000;0;0
600;2014-06-23 05:10:00;172602N232;53;0.023;30;225;226;227;224;0.733;50.00;368.4;0.051;373.0;0.055;0.0;0.000;60;0;0;0.764;0.896;0.541;6;10;37;50.00;50.00;50.00;4797;1000;0.0;0;1.0000;0;0
600;2014-06-23 05:20:00;172602N232;65;0.034;30;228;228;229;227;0.918;50.02;376.3;0.069;380.8;0.072;0.0;0.000;60;0;0;0.905;1.128;0.722;7;6;50;50.02;50.02;50.02;4797;1000;0.0;0;1.0000;0;0
600;2014-06-23 05:30:00;172602N232;78;0.047;30;227;227;228;226;0.892;50.01;384.9;0.082;385.7;0.086;0.0;0.000;60;0;0;0.931;1.026;0.719;7;16;54;50.01;50.01;50.01;4797;1000;0.0;0;1.0000;0;0
600;2014-06-23 05:40:00;172602N232;92;0.062;31;227;227;228;226;0.880;49.99;388.0;0.099;391.2;0.102;0.0;0.000;60;0;0;0.825;1.104;0.712;18;13;59;49.99;49.99;49.99;4797;1000;0.0;0;1.0000;0;0
600;2014-06-23 05:50:00;172602N232;104;0.080;31;225;225;226;224;0.873;49.98;395.6;0.111;395.1;0.116;0.0;0.000;60;0;0;0.844;1.064;0.711;19;23;60;49.98;49.98;49.98;4797;1000;0.0;0;1.0000;0;0
600;2014-06-23 06:00:00;172602N232;114;0.099;31;223;223;225;222;0.865;49.97;399.3;0.122;397.4;0.128;0.0;0.000;60;0;0;0.812;1.075;0.709;25;24;63;49.97;49.97;49.97;4797;1000;0.0;0;1.0000;0;0
600;2014-06-23 06:10:00;172602N232;125;0.120;32;223;223;224;221;0.890;49.99;402.6;0.134;400.8;0.140;0.0;0.000;60;0;0;0.891;1.053;0.728;20;33;69;49.99;49.99;49.99;4797;1000;0.0;0;1.0000;0;0
600;2014-06-23 06:20:00;172602N232;137;0.142;32;223;223;224;221;0.897;49.99;407.7;0.147;405.4;0.152;0.0;0.000;60;0;0;0.897;1.060;0.734;23;38;73;49.99;49.99;49.99;4797;1000;0.0;0;1.0000;0;0
600;2014-06-23 06:30:00;172602N232;148;0.167;32;223;224;224;222;0.901;49.98;408.0;0.161;407.3;0.164;0.0;0.000;60;0;0;0.938;1.012;0.753;23;48;75;49.98;49.98;49.98;4797;1000;0.0;0;1.0000;0;0
600;2014-06-23 06:40:00;172602N232;158;0.193;33;222;222;224;221;0.914;49.99;409.2;0.173;409.2;0.173;0.0;0.000;60;0;0;0.811;1.187;0.746;41;35;80;49.99;49.99;49.99;4797;1000;0.0;0;1.0000;0;0
600;2014-06-23 06:50:00;172602N232;170;0.223;33;223;223;224;221;0.913;49.99;410.5;0.189;411.3;0.185;0.0;0.000;60;0;0;0.874;1.148;0.718;21;67;80;49.99;49.99;49.99;4797;1000;0.0;0;1.0000;0;0
600;2014-06-23 07:00:00;172602N232;184;0.253;33;224;224;225;222;0.990;49.98;412.1;0.206;413.6;0.200;0.0;0.000;60;0;0;1.275;0.981;0.716;40;73;68;49.98;49.98;49.98;4797;1000;0.0;0;1.0000;0;0
600;2014-06-23 07:10:00;172602N232;213;0.289;33;224;224;225;222;1.039;49.99;420.0;0.244;415.1;0.229;0.0;0.000;60;0;0;1.199;1.201;0.717;58;76;77;49.99;49.99;49.99;4797;1000;0.0;0;1.0000;0;0
600;2014-06-23 07:20:00;172602N232;255;0.331;33;225;224;227;223;1.099;49.99;428.9;0.299;413.0;0.271;0.0;0.000;60;0;0;1.108;1.330;0.860;74;88;91;49.99;49.99;49.99;4797;1000;0.0;0;1.0000;0;0
600;2014-06-23 07:30:00;172602N232;247;0.372;33;224;225;226;222;1.089;49.97;432.4;0.284;416.1;0.259;0.0;0.000;60;0;0;1.123;1.295;0.849;64;85;95;49.97;49.97;49.97;4797;1000;0.0;0;1.0000;0;0
600;2014-06-23 07:40:00;172602N232;324;0.427;33;223;224;224;222;1.160;49.98;441.2;0.380;417.2;0.340;0.0;0.000;60;0;0;1.269;1.183;1.028;92;115;115;49.98;49.98;49.98;4797;1000;0.0;0;1.0000;0;0
600;2014-06-23 07:50:00;172602N232;362;0.488;34;223;223;223;222;1.038;50.00;448.9;0.428;417.0;0.373;0.0;0.000;60;0;0;1.081;1.036;0.997;104;131;125;50.00;50.00;50.00;4797;1000;0.0;0;1.0000;0;0
600;2014-06-23 08:00:00;172602N232;392;0.552;34;223;223;224;223;1.045;49.99;464.7;0.457;423.0;0.387;0.0;0.000;60;0;0;1.044;1.094;0.998;117;141;132;49.99;49.99;49.99;4797;1000;0.0;0;1.0000;0;0
600;2014-06-23 08:10:00;172602N232;430;0.624;34;224;224;225;222;1.040;49.98;441.3;0.529;407.9;0.453;0.0;0.000;60;0;0;1.026;1.101;0.995;129;155;144;49.98;49.98;49.98;4797;1000;0.0;0;1.0000;0;0
600;2014-06-23 08:20:00;172602N232;843;0.766;34;225;224;227;223;1.346;49.99;395.0;1.608;420.8;0.539;0.0;0.000;60;0;0;1.298;1.405;1.336;268;295;278;49.99;49.99;49.99;4797;1000;0.0;0;1.0000;0;0
600;2014-06-23 08:30:00;172602N232;1545;1.022;34;225;225;229;223;2.298;49.99;364.6;3.375;449.2;0.717;0.0;0.000;60;0;0;2.238;2.366;2.290;500;536;507;49.99;49.99;49.99;4797;1000;0.0;0;1.0000;0;0
600;2014-06-23 08:40:00;172602N232;1750;1.314;35;226;225;229;224;2.597;49.99;392.5;3.616;448.6;0.758;0.0;0.000;60;0;0;2.537;2.667;2.587;568;606;575;49.99;49.99;49.99;4797;1000;0.0;0;1.0000;0;0
600;2014-06-23 08:50:00;172602N232;1687;1.597;35;227;227;229;225;2.498;50.01;410.1;3.529;430.0;0.581;0.0;0.000;60;0;0;2.444;2.553;2.499;548;579;558;50.01;50.01;50.01;4797;1000;0.0;0;1.0000;0;0
600;2014-06-23 09:00:00;172602N232;1684;1.878;36;226;226;228;225;2.515;49.99;407.2;3.551;387.5;0.705;0.0;0.000;60;0;0;2.473;2.565;2.507;551;576;555;49.99;49.99;49.99;4797;1000;0.0;0;1.0000;0;0
600;2014-06-23 09:10:00;172602N232;2009;2.212;36;226;226;227;225;2.985;49.99;407.2;3.880;285.8;1.594;0.0;0.000;60;0;0;2.944;3.030;2.982;659;683;665;49.99;49.99;49.99;4797;1000;0.0;0;1.0000;0;0
600;2014-06-23 09:20:00;172602N232;2007;2.547;37;225;225;225;223;2.998;49.98;404.0;3.526;300.1;2.053;0.0;0.000;60;0;0;2.966;3.041;2.987;662;682;662;49.99;49.99;49.99;4797;1000;0.0;0;1.0000;0;0
600;2014-06-23 09:30:00;172602N232;2600;2.981;37;225;226;229;222;3.858;49.98;407.0;4.144;282.9;3.438;0.0;0.000;60;0;0;3.810;3.960;3.804;855;902;841;49.98;49.98;49.98;4797;1000;0.0;0;1.0000;0;0
600;2014-06-23 09:40:00;172602N232;3115;3.501;40;226;225;230;224;4.598;49.99;402.7;4.626;292.0;4.470;0.0;0.000;60;0;0;4.530;4.712;4.554;1017;1081;1015;49.99;49.99;49.99;4797;1000;0.0;0;1.0000;0;0
600;2014-06-23 09:50:00;172602N232;3395;4.066;40;225;224;229;223;5.028;49.99;399.4;4.826;319.4;4.769;0.0;0.000;60;0;0;4.938;5.168;4.978;1104;1183;1105;49.99;49.99;49.99;4797;1000;0.0;0;1.0000;0;0
600;2014-06-23 10:00:00;172602N232;3514;4.651;40;225;223;229;223;5.209;49.98;397.2;4.937;329.5;4.888;0.0;0.000;60;0;0;5.109;5.346;5.174;1137;1223;1152;49.98;49.98;49.98;4797;1000;0.0;0;1.0000;0;0
600;2014-06-23 10:10:00;172602N232;3723;5.272;40;226;224;230;224;5.498;50.00;396.6;5.136;343.2;5.089;0.0;0.000;60;0;0;5.401;5.619;5.476;1209;1287;1224;50.00;50.00;50.00;4797;1000;0.0;0;1.0000;0;0
600;2014-06-23 10:20:00;172602N232;3961;5.933;41;226;224;230;224;5.841;50.00;395.3;5.354;361.9;5.277;0.0;0.000;60;0;0;5.719;5.985;5.820;1279;1376;1304;50.00;50.00;50.00;4797;1000;0.0;0;1.0000;0;0
600;2014-06-23 10:30:00;172602N232;4120;6.622;41;226;224;230;224;6.076;49.99;393.2;5.506;371.1;5.452;0.0;0.000;60;0;0;5.964;6.223;6.042;1336;1429;1353;49.99;49.99;49.99;4797;1000;0.0;0;1.0000;0;0
600;2014-06-23 10:40:00;172602N232;4329;7.344;42;225;225;228;223;6.402;49.99;390.9;5.675;387.6;5.626;0.0;0.000;60;0;0;6.356;6.502;6.350;1430;1479;1418;49.99;49.99;49.99;4797;1000;0.0;0;1.0000;0;0
600;2014-06-23 10:50:00;172602N232;4440;8.083;42;225;225;227;224;6.572;49.98;388.3;5.823;388.1;5.801;0.0;0.000;60;0;0;6.523;6.660;6.534;1466;1512;1460;49.98;49.98;49.98;4797;1000;0.0;0;1.0000;0;0
600;2014-06-23 11:00:00;172602N232;4598;8.848;42;226;225;227;224;6.793;49.98;388.3;6.031;388.0;6.012;0.0;0.000;60;0;0;6.749;6.890;6.740;1520;1566;1510;49.98;49.98;49.98;4797;1000;0.0;0;1.0000;0;0
600;2014-06-23 11:10:00;172602N232;4737;9.639;42;230;229;235;226;6.870;49.99;386.5;6.249;386.7;6.218;0.0;0.000;60;0;0;6.766;7.073;6.771;1546;1660;1529;49.99;49.99;49.99;4797;1000;0.0;0;1.0000;0;0
600;2014-06-23 11:20:00;172602N232;4667;10.418;42;230;229;235;227;6.750;49.99;383.9;6.206;382.7;6.185;0.0;0.000;60;0;0;6.646;6.955;6.651;1524;1636;1505;49.99;49.99;49.99;4797;1000;0.0;0;1.0000;0;0
600;2014-06-23 11:30:00;172602N232;4894;11.233;43;230;229;234;227;7.089;49.99;382.3;6.524;382.6;6.498;0.0;0.000;60;0;0;7.004;7.281;6.984;1606;1704;1582;49.99;49.99;49.99;4797;1000;0.0;0;1.0000;0;0
600;2014-06-23 11:40:00;172602N232;4713;12.018;43;229;228;233;225;6.867;49.99;378.3;6.347;378.8;6.317;0.0;0.000;60;0;0;6.777;7.055;6.770;1542;1645;1524;49.99;49.99;49.99;4797;1000;0.0;0;1.0000;0;0
600;2014-06-23 11:50:00;172602N232;3812;12.652;43;228;227;231;225;5.593;50.00;387.5;5.007;388.0;4.972;0.0;0.000;60;0;0;5.513;5.720;5.546;1245;1320;1244;50.00;50.00;50.00;4797;1000;0.0;0;1.0000;0;0
600;2014-06-23 12:00:00;172602N232;4607;13.422;43;229;227;233;226;6.720;50.01;384.7;6.100;385.4;6.062;0.0;0.000;60;0;0;6.628;6.874;6.660;1504;1598;1503;50.01;50.01;50.01;4797;1000;0.0;0;1.0000;0;0
600;2014-06-23 12:10:00;172602N232;4736;14.212;43;229;227;233;226;6.909;50.00;381.8;6.319;382.7;6.289;0.0;0.000;60;0;0;6.824;7.083;6.822;1549;1646;1538;50.00;50.00;50.00;4797;1000;0.0;0;1.0000;0;0
600;2014-06-23 12:20:00;172602N232;4930;15.032;43;227;226;232;224;7.233;49.99;379.2;6.628;380.0;6.605;0.0;0.000;60;0;0;7.153;7.427;7.119;1617;1718;1593;49.99;49.99;49.99;4797;1000;0.0;0;1.0000;0;0
600;2014-06-23 12:30:00;172602N232;5513;15.951;44;227;225;231;223;8.105;50.00;374.0;7.517;374.5;7.492;0.0;0.000;60;0;0;8.008;8.330;7.977;1804;1928;1780;50.00;50.00;50.00;4797;1000;0.0;0;1.0000;0;0
600;2014-06-23 12:40:00;172602N232;5498;16.867;44;226;225;231;223;8.086;50.00;372.4;7.540;372.3;7.510;0.0;0.000;60;0;0;7.973;8.308;7.979;1792;1920;1783;50.00;50.00;50.00;4797;1000;0.0;0;1.0000;0;0
600;2014-06-23 12:50:00;172602N232;5659;17.811;44;230;229;235;227;8.182;49.99;370.5;7.806;370.5;7.773;0.0;0.000;60;0;0;8.063;8.431;8.054;1846;1982;1829;49.99;49.99;49.99;4797;1000;0.0;0;1.0000;0;0
600;2014-06-23 13:00:00;172602N232;4575;18.573;45;230;229;233;227;6.624;50.00;374.5;6.232;374.0;6.205;0.0;0.000;60;0;0;6.551;6.764;6.557;1499;1578;1490;50.00;50.00;50.00;4797;1000;0.0;0;1.0000;0;0
600;2014-06-23 13:10:00;172602N232;5127;19.427;45;229;228;234;226;7.453;50.00;379.1;6.911;379.2;6.878;0.0;0.000;60;0;0;7.370;7.645;7.346;1680;1782;1660;50.00;50.00;50.00;4797;1000;0.0;0;1.0000;0;0
600;2014-06-23 13:20:00;172602N232;4741;20.214;45;228;227;232;226;6.913;49.98;374.5;6.455;374.5;6.428;0.0;0.000;60;0;0;6.819;7.078;6.842;1545;1642;1548;49.98;49.98;49.98;4797;1000;0.0;0;1.0000;0;0
600;2014-06-23 13:30:00;172602N232;3429;20.787;45;229;228;231;228;4.985;50.00;383.7;4.547;381.9;4.550;0.0;0.000;60;0;0;4.918;5.077;4.961;1117;1178;1129;50.00;50.00;50.00;4797;1000;0.0;0;1.0000;0;0
600;2014-06-23 13:40:00;172602N232;5361;21.681;45;231;231;234;229;7.728;50.00;385.4;7.102;385.0;7.088;0.0;0.000;60;0;0;7.677;7.867;7.641;1773;1837;1749;50.00;50.00;50.00;4797;1000;0.0;0;1.0000;0;0
600;2014-06-23 13:50:00;172602N232;4676;22.461;45;231;231;234;228;6.750;49.98;376.6;6.350;376.8;6.327;0.0;0.000;60;0;0;6.715;6.879;6.656;1551;1610;1520;49.98;49.98;49.98;4797;1000;0.0;0;1.0000;0;0
600;2014-06-23 14:00:00;172602N232;3925;23.115;45;231;230;234;228;5.670;49.98;386.4;5.202;383.6;5.162;0.0;0.000;60;0;0;5.617;5.809;5.584;1292;1359;1271;49.98;49.98;49.98;4797;1000;0.0;0;1.0000;0;0
600;2014-06-23 14:10:00;172602N232;5471;24.027;45;231;232;236;226;7.877;49.99;378.4;7.378;378.2;7.354;0.0;0.000;60;0;0;7.831;8.126;7.676;1817;1919;1733;49.99;49.99;49.99;4797;1000;0.0;0;1.0000;0;0
600;2014-06-23 14:20:00;172602N232;4720;24.814;45;230;230;235;225;6.832;49.98;378.3;6.357;378.2;6.331;0.0;0.000;60;0;0;6.773;7.097;6.628;1557;1672;1488;49.98;49.98;49.98;4797;1000;0.0;0;1.0000;0;0
600;2014-06-23 14:30:00;172602N232;5035;25.654;45;228;228;234;222;7.363;49.99;377.3;6.824;376.3;6.795;0.0;0.000;60;0;0;7.314;7.641;7.135;1666;1783;1584;49.99;49.99;49.99;4797;1000;0.0;0;1.0000;0;0
600;2014-06-23 14:40:00;172602N232;4600;26.421;45;227;226;232;223;6.752;50.00;379.1;6.197;378.6;6.172;0.0;0.000;60;0;0;6.677;6.947;6.633;1508;1612;1481;50.00;50.00;50.00;4797;1000;0.0;0;1.0000;0;0
600;2014-06-23 14:50:00;172602N232;4720;27.209;45;227;227;232;222;6.923;49.99;379.0;6.354;378.6;6.340;0.0;0.000;60;0;0;6.851;7.153;6.765;1555;1662;1503;49.99;49.99;49.99;4797;1000;0.0;0;1.0000;0;0
600;2014-06-23 15:00:00;172602N232;4739;27.999;45;228;227;232;224;6.928;50.00;379.6;6.373;378.9;6.342;0.0;0.000;60;0;0;6.855;7.128;6.801;1558;1658;1522;50.00;50.00;50.00;4797;1000;0.0;0;1.0000;0;0
600;2014-06-23 15:10:00;172602N232;4949;28.822;45;229;227;233;226;7.218;49.99;379.0;6.676;377.1;6.651;0.0;0.000;60;0;0;7.131;7.384;7.139;1619;1716;1612;49.99;49.99;49.99;4797;1000;0.0;0;1.0000;0;0
600;2014-06-23 15:20:00;172602N232;4963;29.652;45;228;226;232;224;7.271;49.97;378.3;6.709;376.4;6.678;0.0;0.000;60;0;0;7.199;7.450;7.164;1628;1726;1607;49.97;49.97;49.97;4797;1000;0.0;0;1.0000;0;0
600;2014-06-23 15:30:00;172602N232;4142;30.342;45;226;226;230;223;6.096;49.99;384.0;5.517;380.3;5.509;0.0;0.000;60;0;0;6.026;6.254;6.008;1359;1444;1340;49.99;49.99;49.99;4797;1000;0.0;0;1.0000;0;0
600;2014-06-23 15:40:00;172602N232;4780;31.139;45;227;226;232;224;7.006;50.01;383.8;6.361;382.2;6.335;0.0;0.000;60;0;0;6.935;7.167;6.917;1569;1660;1549;50.01;50.01;50.01;4797;1000;0.0;0;1.0000;0;0
600;2014-06-23 15:50:00;172602N232;4619;31.909;45;227;226;231;223;6.784;50.00;381.7;6.172;381.2;6.145;0.0;0.000;60;0;0;6.724;6.962;6.668;1520;1608;1489;50.00;50.00;50.00;4797;1000;0.0;0;1.0000;0;0
600;2014-06-23 16:00:00;172602N232;4242;32.617;45;226;226;231;222;6.250;49.99;383.1;5.652;380.2;5.664;0.0;0.000;60;0;0;6.193;6.442;6.116;1399;1486;1357;49.99;49.99;49.99;4797;1000;0.0;0;1.0000;0;0
600;2014-06-23 16:10:00;172602N232;3516;33.204;45;226;226;231;222;5.195;49.99;392.5;4.482;386.7;4.648;0.0;0.000;60;0;0;5.129;5.361;5.095;1154;1239;1130;49.99;49.99;49.99;4797;1000;0.0;0;1.0000;0;0
600;2014-06-23 16:20:00;172602N232;2955;33.698;45;226;225;229;223;4.375;49.97;382.4;3.863;390.3;3.843;0.0;0.000;60;0;0;4.311;4.498;4.316;967;1029;958;49.97;49.97;49.97;4797;1000;0.0;0;1.0000;0;0
600;2014-06-23 16:30:00;172602N232;4255;34.406;45;226;226;230;224;6.272;49.98;382.3;5.603;390.7;5.584;0.0;0.000;60;0;0;6.205;6.431;6.181;1400;1475;1379;49.98;49.98;49.98;4797;1000;0.0;0;1.0000;0;0
600;2014-06-23 16:40:00;172602N232;4050;35.081;45;226;226;230;223;5.971;49.99;378.6;5.392;385.9;5.375;0.0;0.000;60;0;0;5.904;6.129;5.882;1331;1406;1311;49.99;49.99;49.99;4797;1000;0.0;0;1.0000;0;0
600;2014-06-23 16:50:00;172602N232;3935;35.739;45;226;226;229;223;5.814;50.00;377.6;5.241;386.6;5.223;0.0;0.000;60;0;0;5.755;5.941;5.748;1297;1356;1280;50.00;50.00;50.00;4797;1000;0.0;0;1.0000;0;0
600;2014-06-23 17:00:00;172602N232;3775;36.367;45;225;225;228;221;5.608;49.99;379.2;5.000;388.9;4.980;0.0;0.000;60;0;0;5.579;5.730;5.516;1253;1303;1218;49.99;49.99;49.99;4797;1000;0.0;0;1.0000;0;0
600;2014-06-23 17:10:00;172602N232;3692;36.983;45;224;223;227;222;5.500;49.99;382.0;4.853;391.3;4.835;0.0;0.000;60;0;0;5.451;5.611;5.439;1215;1271;1203;49.99;49.99;49.99;4797;1000;0.0;0;1.0000;0;0
600;2014-06-23 17:20:00;172602N232;3526;37.571;45;224;223;228;221;5.258;50.00;385.6;4.583;393.1;4.606;0.0;0.000;60;0;0;5.196;5.396;5.182;1156;1228;1140;50.00;50.00;50.00;4797;1000;0.0;0;1.0000;0;0
600;2014-06-23 17:30:00;172602N232;3328;38.125;45;224;225;228;220;4.956;50.00;387.7;4.240;394.7;4.388;0.0;0.000;60;0;0;4.911;5.088;4.870;1099;1158;1069;50.00;50.00;50.00;4797;1000;0.0;0;1.0000;0;0
600;2014-06-23 17:40:00;172602N232;3257;38.669;44;225;225;230;222;4.826;50.01;375.9;4.282;396.0;4.275;0.0;0.000;60;0;0;4.750;4.967;4.761;1064;1140;1051;50.01;50.01;50.01;4797;1000;0.0;0;1.0000;0;0
600;2014-06-23 17:50:00;172602N232;3069;39.180;44;226;226;230;221;4.542;50.01;377.0;4.024;398.7;3.995;0.0;0.000;60;0;0;4.493;4.670;4.465;1012;1071;985;50.01;50.01;50.01;4797;1000;0.0;0;1.0000;0;0
600;2014-06-23 18:00:00;172602N232;2661;39.624;44;225;225;229;222;3.951;50.00;379.7;3.474;407.2;3.372;0.0;0.000;60;42;0;3.895;4.043;3.917;872;921;866;50.00;50.00;50.00;4797;1000;0.0;0;1.0000;0;0
600;2014-06-23 18:10:00;172602N232;1598;39.890;44;224;224;228;220;2.404;49.99;393.0;1.996;414.5;1.982;0.0;0.000;60;42;0;2.355;2.480;2.378;520;558;518;49.99;49.99;49.99;4797;1000;0.0;0;1.0000;0;0
600;2014-06-23 18:20:00;172602N232;1735;40.180;44;225;224;228;222;2.601;49.99;376.9;2.257;395.9;2.257;0.0;0.000;60;42;0;2.541;2.681;2.583;560;606;566;49.99;49.99;49.99;4797;1000;0.0;0;1.0000;0;0
600;2014-06-23 18:30:00;172602N232;1444;40.420;43;224;221;228;223;2.171;49.99;383.8;1.844;398.9;1.865;0.0;0.000;60;42;0;2.082;2.242;2.191;455;504;483;49.99;49.99;49.99;4797;1000;0.0;0;1.0000;0;0
600;2014-06-23 18:40:00;172602N232;954;40.580;43;223;220;228;222;1.477;50.00;386.4;1.183;401.3;1.232;0.0;0.000;60;42;0;1.393;1.549;1.489;295;337;319;50.00;50.00;50.00;4797;1000;0.0;0;1.0000;0;0
600;2014-06-23 18:50:00;172602N232;661;40.690;43;223;219;227;222;1.026;50.00;392.8;0.805;408.1;0.829;0.0;0.000;60;42;0;0.950;1.083;1.046;200;236;223;50.00;50.00;50.00;4797;1000;0.0;0;1.0000;0;0
600;2014-06-23 19:00:00;172602N232;714;40.810;43;223;220;228;222;1.229;50.01;405.1;0.856;409.6;0.881;0.0;0.000;60;42;0;1.112;1.466;1.111;223;265;225;50.01;50.01;50.01;4797;1000;0.0;0;1.0000;0;0
600;2014-06-23 19:10:00;172602N232;617;40.912;43;224;222;227;223;1.037;49.99;406.0;0.741;408.5;0.753;0.0;0.000;60;42;0;0.939;1.101;1.073;190;219;206;49.99;49.99;49.99;4797;1000;0.0;0;1.0000;0;0
600;2014-06-23 19:20:00;172602N232;564;41.007;42;224;223;226;223;0.932;49.99;404.8;0.680;409.8;0.682;0.0;0.000;60;42;0;0.873;0.991;0.934;174;200;188;49.99;49.99;49.99;4797;1000;0.0;0;1.0000;0;0
600;2014-06-23 19:30:00;172602N232;493;41.089;42;224;223;226;224;0.763;50.01;401.3;0.600;410.0;0.592;0.0;0.000;60;42;0;0.700;0.806;0.783;149;175;168;50.01;50.01;50.01;4797;1000;0.0;0;1.0000;0;0
600;2014-06-23 19:40:00;172602N232;502;41.173;42;224;224;226;222;0.800;49.99;408.0;0.595;410.7;0.607;0.0;0.000;60;42;0;0.746;0.842;0.812;154;177;169;49.99;49.99;49.99;4797;1000;0.0;0;1.0000;0;0
600;2014-06-23 19:50:00;172602N232;495;41.256;42;224;225;226;223;0.836;49.98;409.5;0.582;409.2;0.604;0.0;0.000;60;42;0;0.806;0.877;0.826;155;175;164;49.98;49.98;49.98;4797;1000;0.0;0;1.0000;0;0
600;2014-06-23 20:00:00;172602N232;426;41.326;42;225;226;226;224;0.690;50.00;403.2;0.509;406.9;0.517;0.0;0.000;60;42;0;0.636;0.732;0.702;128;151;145;50.00;50.00;50.00;4797;1000;0.0;0;1.0000;0;0
600;2014-06-23 20:10:00;172602N232;301;41.377;42;226;226;227;225;1.139;50.00;395.6;0.360;404.2;0.358;0.0;0.000;60;42;0;1.186;1.226;1.007;87;105;107;50.00;50.00;50.00;4797;1000;0.0;0;1.0000;0;0
600;2014-06-23 20:20:00;172602N232;231;41.416;42;226;225;227;225;1.052;49.99;393.5;0.273;401.9;0.273;0.0;0.000;60;42;0;1.054;1.305;0.799;67;82;80;49.99;49.99;49.99;4797;1000;0.0;0;1.0000;0;0
600;2014-06-23 20:30:00;172602N232;234;41.455;41;225;225;227;224;1.021;50.00;396.1;0.272;403.8;0.277;0.0;0.000;60;42;0;1.072;1.250;0.741;71;83;78;50.00;50.00;50.00;4797;1000;0.0;0;1.0000;0;0
600;2014-06-23 20:40:00;172602N232;233;41.494;41;226;225;227;224;1.062;49.99;392.7;0.275;402.6;0.274;0.0;0.000;60;42;0;1.079;1.218;0.889;58;78;94;49.99;49.99;49.99;4797;1000;0.0;0;1.0000;0;0
600;2014-06-23 20:50:00;172602N232;146;41.519;41;225;226;226;223;1.016;49.97;386.1;0.166;398.8;0.168;0.0;0.000;60;42;0;1.368;0.924;0.757;15;64;65;49.97;49.97;49.97;4797;1000;0.0;0;1.0000;0;0
600;2014-06-23 21:00:00;172602N232;123;41.539;40;225;225;227;224;1.007;49.99;378.9;0.141;390.7;0.142;0.0;0.000;60;42;0;1.174;1.096;0.751;23;40;59;49.99;49.99;49.99;4797;1000;0.0;0;1.0000;0;0
600;2014-06-23 21:10:00;172602N232;65;41.549;40;225;225;227;224;0.882;50.00;361.4;0.069;375.7;0.071;0.0;0.000;60;42;0;0.870;1.102;0.674;15;4;46;50.00;50.00;50.00;4797;1000;0.0;0;1.0000;0;0
600;2014-06-23 21:20:00;172602N232;57;41.560;40;225;225;227;223;0.837;49.99;355.9;0.059;375.4;0.061;0.0;0.000;60;42;0;0.719;1.148;0.644;16;0;48;49.99;49.99;49.99;4797;1000;0.0;0;1.0000;0;0
600;2014-06-23 21:30:00;172602N232;33;41.565;39;225;225;228;223;0.559;50.01;328.2;0.027;337.6;0.030;0.0;0.000;60;42;0;0.435;0.849;0.395;17;0;29;50.01;50.01;50.01;4797;1000;0.0;0;1.0000;0;0
600;2014-06-23 21:40:00;172602N232;7;41.566;39;225;225;228;223;0.244;50.04;259.7;0.001;257.8;0.003;0.0;0.000;60;42;0;0.189;0.371;0.174;4;0;10;50.04;50.04;50.04;4797;1000;0.0;0;1.0000;0;0
600;2014-06-23 21:50:00;172602N232;0;41.566;38;224;224;227;222;0.000;50.01;275.4;0.000;274.7;0.000;0.0;0.000;50;42;0;0.000;0.002;0.000;0;0;0;50.01;50.01;50.01;4797;1000;0.0;0;1.0000;0;0
600;2014-06-23 22:00:00;172602N232;0;41.566;37;223;224;227;220;0.000;50.03;248.8;0.000;249.7;0.000;0.0;0.000;50;42;0;0.000;0.000;0.000;0;0;0;50.03;50.03;50.03;4797;1000;0.0;0;1.0000;0;0
600;2014-06-23 22:10:00;172602N232;0;41.566;36;223;223;226;220;0.000;50.03;234.2;0.000;235.1;0.000;0.0;0.000;50;42;0;0.000;0.000;0.000;0;0;0;50.03;50.03;50.03;4797;1000;0.0;0;1.0000;0;0
600;2014-06-23 22:20:00;172602N232;0;41.566;36;223;222;225;220;0.000;49.99;227.9;0.000;228.8;0.000;0.0;0.000;50;42;0;0.000;0.000;0.000;0;0;0;49.99;49.99;49.99;4797;1000;0.0;0;1.0000;0;0
[wr_ende]
