20140615;230003;172602N232;My Plant;+0100
[wr_def_start]
172602N232;Inverter Type;Inverter Group;72602N232      
[wr_def_end]
[wr]
INTERVAL;TIMESTAMP;SERIAL;P_AC;E_DAY;T_WR;U_AC;U_AC_1;U_AC_2;U_AC_3;I_AC;F_AC;U_DC_1;I_DC_1;U_DC_2;I_DC_2;U_DC_3;I_DC_3;S;E_WR;M_WR;I_AC_1;I_AC_2;I_AC_3;P_AC_1;P_AC_2;P_AC_3;F_AC_1;F_AC_2;F_AC_3;R_DC;PC;PCS;PCS_LL;COS_PHI;COS_PHI_LL;S_COS_PHI
600;2014-06-15 03:40:00;172602N232;0;0.000;0;6;6;6;6;0.000;1.41;6.3;0.000;6.3;0.000;0.0;0.000;50;0;0;0.000;0.000;0.000;0;0;0;1.41;1.41;1.41;148;1000;0.0;0;1.0000;0;0
600;2014-06-15 03:50:00;172602N232;0;0.000;22;226;226;229;224;0.000;50.01;227.4;0.000;228.3;0.000;0.0;0.000;50;0;0;0.000;0.000;0.000;0;0;0;50.01;50.01;50.01;0;1000;0.0;0;1.0000;0;0
600;2014-06-15 04:00:00;172602N232;0;0.000;23;224;224;226;222;0.000;50.00;229.9;0.000;230.8;0.000;0.0;0.000;50;0;0;0.000;0.000;0.000;0;0;0;50.00;50.00;50.00;0;1000;0.0;0;1.0000;0;0
600;2014-06-15 04:10:00;172602N232;0;0.000;24;227;227;229;224;0.000;50.01;244.0;0.000;244.8;0.000;0.0;0.000;50;0;0;0.000;0.000;0.000;0;0;0;50.01;50.01;50.01;0;1000;0.0;0;1.0000;0;0
600;2014-06-15 04:20:00;172602N232;0;0.000;24;227;227;229;226;0.001;50.01;282.8;0.000;282.3;0.000;0.0;0.000;60;0;0;0.002;0.001;0.001;0;0;0;50.01;50.01;50.01;2936;1000;0.0;0;1.0000;0;0
600;2014-06-15 04:30:00;172602N232;2;0.000;24;227;227;228;227;0.159;50.02;269.3;0.000;273.4;0.000;0.0;0.000;60;0;0;0.191;0.178;0.109;1;0;5;50.02;50.02;50.02;5027;1000;0.0;0;1.0000;0;0
600;2014-06-15 04:40:00;172602N232;17;0.004;25;227;227;228;226;0.390;50.00;303.7;0.006;323.5;0.009;0.0;0.000;60;0;0;0.458;0.393;0.321;7;1;20;50.00;50.00;50.00;5026;1000;0.0;0;1.0000;0;0
600;2014-06-15 04:50:00;172602N232;36;0.009;25;225;225;225;224;0.537;49.99;356.0;0.028;367.5;0.030;0.0;0.000;60;0;0;0.634;0.602;0.376;4;11;21;49.99;49.99;49.99;5026;1000;0.0;0;1.0000;0;0
600;2014-06-15 05:00:00;172602N232;51;0.017;26;225;225;226;224;0.556;50.01;377.5;0.045;380.1;0.047;0.0;0.000;60;0;0;0.564;0.711;0.394;8;16;25;50.01;50.01;50.01;5026;1000;0.0;0;1.0000;0;0
600;2014-06-15 05:10:00;172602N232;61;0.028;26;225;225;226;224;0.907;50.03;385.1;0.060;387.1;0.063;0.0;0.000;60;0;0;0.931;1.077;0.714;2;9;48;50.03;50.03;50.03;5026;1000;0.0;0;1.0000;0;0
600;2014-06-15 05:20:00;172602N232;72;0.040;27;225;225;226;224;0.855;50.02;391.6;0.073;390.4;0.076;0.0;0.000;60;0;0;0.842;1.040;0.684;11;12;48;50.02;50.02;50.02;5026;1000;0.0;0;1.0000;0;0
600;2014-06-15 05:30:00;172602N232;83;0.054;27;225;224;225;224;0.856;50.02;394.8;0.086;395.3;0.088;0.0;0.000;60;0;0;0.876;0.991;0.702;12;19;51;50.02;50.02;50.02;5026;1000;0.0;0;1.0000;0;0
600;2014-06-15 05:40:00;172602N232;97;0.070;27;225;225;226;224;0.922;50.01;400.6;0.102;400.3;0.105;0.0;0.000;60;0;0;1.076;0.950;0.742;12;29;54;50.01;50.01;50.01;5026;1000;0.0;0;1.0000;0;0
600;2014-06-15 05:50:00;172602N232;106;0.088;28;225;225;226;225;0.942;50.01;403.4;0.112;402.1;0.116;0.0;0.000;60;0;0;1.114;0.950;0.764;23;35;47;50.01;50.01;50.01;5026;1000;0.0;0;1.0000;0;0
600;2014-06-15 06:00:00;172602N232;116;0.108;28;228;227;229;227;0.916;50.01;406.9;0.123;404.0;0.128;0.0;0.000;60;0;0;0.861;1.133;0.754;26;25;63;50.01;50.01;50.01;5026;1000;0.0;0;1.0000;0;0
600;2014-06-15 06:10:00;172602N232;126;0.129;29;228;227;229;228;0.916;50.01;409.2;0.133;406.4;0.140;0.0;0.000;60;0;0;0.855;1.127;0.768;31;30;64;50.01;50.01;50.01;5026;1000;0.0;0;1.0000;0;0
600;2014-06-15 06:20:00;172602N232;136;0.152;29;228;228;229;226;0.928;50.00;412.4;0.145;410.1;0.150;0.0;0.000;60;0;0;0.919;1.099;0.768;24;37;73;50.00;50.00;50.00;5026;1000;0.0;0;1.0000;0;0
600;2014-06-15 06:30:00;172602N232;145;0.176;29;228;228;229;226;0.949;50.01;413.9;0.155;410.5;0.160;0.0;0.000;60;0;0;0.899;1.165;0.783;30;36;77;50.01;50.01;50.01;5026;1000;0.0;0;1.0000;0;0
600;2014-06-15 06:40:00;172602N232;150;0.201;29;227;226;228;226;0.918;50.01;411.4;0.164;410.4;0.165;0.0;0.000;60;0;0;0.829;1.186;0.741;32;44;73;50.01;50.01;50.01;5026;1000;0.0;0;1.0000;0;0
600;2014-06-15 06:50:00;172602N232;165;0.229;30;226;226;228;225;0.909;50.01;413.4;0.182;414.9;0.179;0.0;0.000;60;0;0;0.716;1.328;0.683;24;64;76;50.01;50.01;50.01;5026;1000;0.0;0;1.0000;0;0
600;2014-06-15 07:00:00;172602N232;180;0.259;30;227;226;228;226;0.958;50.01;414.9;0.201;416.6;0.194;0.0;0.000;60;0;0;1.193;1.042;0.641;57;60;61;50.01;50.01;50.01;5026;1000;0.0;0;1.0000;0;0
600;2014-06-15 07:10:00;172602N232;194;0.292;30;227;226;228;226;0.953;50.01;419.6;0.218;418.2;0.207;0.0;0.000;60;0;0;1.122;0.941;0.796;74;45;73;50.01;50.01;50.01;5026;1000;0.0;0;1.0000;0;0
600;2014-06-15 07:20:00;172602N232;205;0.326;30;226;226;228;225;1.047;50.01;426.7;0.230;417.5;0.219;0.0;0.000;60;0;0;1.182;1.137;0.822;68;60;76;50.01;50.01;50.01;5026;1000;0.0;0;1.0000;0;0
600;2014-06-15 07:30:00;172602N232;219;0.363;30;224;224;226;222;1.043;50.01;431.5;0.247;417.1;0.232;0.0;0.000;60;0;0;1.208;1.231;0.692;62;81;74;50.01;50.01;50.01;5026;1000;0.0;0;1.0000;0;0
600;2014-06-15 07:40:00;172602N232;245;0.403;31;224;223;225;222;1.087;50.01;437.8;0.278;417.2;0.256;0.0;0.000;60;0;0;1.028;1.333;0.900;56;90;97;50.01;50.01;50.01;5026;1000;0.0;0;1.0000;0;0
600;2014-06-15 07:50:00;172602N232;285;0.452;31;223;223;225;221;1.132;50.01;450.7;0.323;420.0;0.294;0.0;0.000;60;0;0;1.213;1.266;0.918;85;100;98;50.01;50.01;50.01;5026;1000;0.0;0;1.0000;0;0
600;2014-06-15 08:00:00;172602N232;393;0.518;31;223;223;225;221;0.996;49.99;464.0;0.449;421.1;0.403;0.0;0.000;60;0;0;0.993;1.058;0.938;120;136;135;49.99;49.99;49.99;5026;1000;0.0;0;1.0000;0;0
600;2014-06-15 08:10:00;172602N232;546;0.608;31;223;222;226;222;0.853;49.99;462.7;0.711;428.8;0.514;0.0;0.000;60;0;0;0.793;0.903;0.863;167;194;183;49.99;49.99;49.99;5026;1000;0.0;0;1.0000;0;0
600;2014-06-15 08:20:00;172602N232;1146;0.800;31;223;223;225;221;1.752;50.00;380.5;2.178;431.9;0.784;0.0;0.000;60;0;0;1.704;1.801;1.752;368;396;379;50.00;50.00;50.00;5026;1000;0.0;0;1.0000;0;0
600;2014-06-15 08:30:00;172602N232;1568;1.062;32;225;225;225;224;2.352;50.00;379.8;3.250;434.2;0.784;0.0;0.000;60;0;0;2.309;2.388;2.360;512;533;522;50.00;50.00;50.00;5026;1000;0.0;0;1.0000;0;0
600;2014-06-15 08:40:00;172602N232;955;1.220;32;225;224;226;224;1.520;50.00;402.8;1.848;400.6;0.538;0.0;0.000;60;0;0;1.491;1.548;1.523;306;328;319;50.00;50.00;50.00;5026;1000;0.0;0;1.0000;0;0
600;2014-06-15 08:50:00;172602N232;1788;1.519;33;226;225;228;223;2.659;50.02;408.8;3.745;440.0;0.601;0.0;0.000;60;0;0;2.589;2.728;2.660;578;618;590;50.02;50.02;50.02;5026;1000;0.0;0;1.0000;0;0
600;2014-06-15 09:00:00;172602N232;1635;1.791;33;225;225;226;224;2.441;50.01;405.2;3.416;358.7;0.777;0.0;0.000;60;0;0;2.394;2.489;2.440;534;559;540;50.01;50.01;50.01;5026;1000;0.0;0;1.0000;0;0
600;2014-06-15 09:10:00;172602N232;1980;2.122;33;225;225;227;222;2.947;50.01;399.8;3.985;289.8;1.428;0.0;0.000;60;0;0;2.904;3.011;2.927;650;680;648;50.01;50.01;50.01;5026;1000;0.0;0;1.0000;0;0
600;2014-06-15 09:20:00;172602N232;2318;2.509;34;226;223;229;226;3.438;50.00;398.2;4.181;305.4;2.256;0.0;0.000;60;0;0;3.345;3.505;3.466;741;798;777;50.00;50.00;50.00;5026;1000;0.0;0;1.0000;0;0
600;2014-06-15 09:30:00;172602N232;2528;2.929;35;226;224;228;226;3.738;50.00;394.8;4.183;309.6;2.997;0.0;0.000;60;0;0;3.648;3.811;3.755;815;868;844;50.00;50.00;50.00;5026;1000;0.0;0;1.0000;0;0
600;2014-06-15 09:40:00;172602N232;1671;3.208;35;225;226;226;224;2.491;50.01;399.7;2.402;344.9;2.208;0.0;0.000;60;0;0;2.454;2.530;2.491;549;568;553;50.01;50.01;50.01;5026;1000;0.0;0;1.0000;0;0
600;2014-06-15 09:50:00;172602N232;3543;3.798;38;226;226;227;225;5.228;50.01;394.2;5.145;309.7;5.091;0.0;0.000;60;0;0;5.193;5.290;5.201;1172;1201;1167;50.01;50.01;50.01;5026;1000;0.0;0;1.0000;0;0
600;2014-06-15 10:00:00;172602N232;2994;4.299;39;224;223;224;225;4.457;50.02;388.6;4.319;332.5;4.220;0.0;0.000;60;0;0;4.399;4.478;4.495;981;1003;1008;50.02;50.02;50.02;5026;1000;0.0;0;1.0000;0;0
600;2014-06-15 10:10:00;172602N232;3857;4.941;38;227;226;229;225;5.673;50.01;388.9;5.483;333.7;5.373;0.0;0.000;60;0;0;5.628;5.769;5.622;1273;1320;1261;50.01;50.01;50.01;5026;1000;0.0;0;1.0000;0;0
600;2014-06-15 10:20:00;172602N232;3561;5.535;39;227;227;230;223;5.240;50.01;380.5;5.025;353.4;4.924;0.0;0.000;60;0;0;5.205;5.375;5.142;1177;1239;1143;50.01;50.01;50.01;5026;1000;0.0;0;1.0000;0;0
600;2014-06-15 10:30:00;172602N232;4015;6.204;40;226;225;231;223;5.920;50.01;381.0;5.532;365.5;5.426;0.0;0.000;60;0;0;5.819;6.096;5.845;1304;1405;1303;50.01;50.01;50.01;5026;1000;0.0;0;1.0000;0;0
600;2014-06-15 10:40:00;172602N232;2325;6.591;39;225;225;227;224;3.457;50.01;389.1;3.059;392.4;2.960;0.0;0.000;60;0;0;3.402;3.520;3.450;759;797;767;50.01;50.01;50.01;5026;1000;0.0;0;1.0000;0;0
600;2014-06-15 10:50:00;172602N232;3288;7.140;40;226;224;229;224;4.856;50.01;393.4;4.331;400.7;4.119;0.0;0.000;60;0;0;4.755;4.986;4.829;1063;1143;1079;50.01;50.01;50.01;5026;1000;0.0;0;1.0000;0;0
600;2014-06-15 11:00:00;172602N232;5023;7.977;41;227;227;230;225;7.367;50.01;374.7;6.838;376.5;6.791;0.0;0.000;60;0;0;7.312;7.526;7.265;1658;1732;1631;50.01;50.01;50.01;5026;1000;0.0;0;1.0000;0;0
600;2014-06-15 11:10:00;172602N232;3281;8.524;41;225;224;228;225;4.849;49.99;380.8;4.362;383.2;4.332;0.0;0.000;60;0;0;4.769;4.941;4.838;1066;1128;1086;49.99;49.99;49.99;5026;1000;0.0;0;1.0000;0;0
600;2014-06-15 11:20:00;172602N232;3209;9.059;41;226;225;228;225;4.725;50.00;383.4;4.281;386.6;4.188;0.0;0.000;60;0;0;4.670;4.829;4.676;1054;1106;1049;50.00;50.00;50.00;5026;1000;0.0;0;1.0000;0;0
600;2014-06-15 11:30:00;172602N232;3691;9.676;41;226;227;228;224;5.428;50.00;375.8;5.015;378.6;4.964;0.0;0.000;60;0;0;5.396;5.523;5.366;1226;1264;1202;50.00;50.00;50.00;5026;1000;0.0;0;1.0000;0;0
600;2014-06-15 11:40:00;172602N232;2528;10.097;41;225;226;226;223;3.740;49.99;390.2;3.306;388.6;3.258;0.0;0.000;60;0;0;3.710;3.802;3.709;837;861;828;49.99;49.99;49.99;5026;1000;0.0;0;1.0000;0;0
600;2014-06-15 11:50:00;172602N232;3007;10.599;41;224;226;226;221;4.458;49.98;394.0;3.900;397.1;3.819;0.0;0.000;60;0;0;4.464;4.559;4.352;1010;1033;961;49.98;49.98;49.98;5026;1000;0.0;0;1.0000;0;0
600;2014-06-15 12:00:00;172602N232;3834;11.238;41;225;226;228;221;5.670;49.99;382.7;5.095;381.8;5.088;0.0;0.000;60;0;0;5.643;5.819;5.548;1274;1331;1229;49.99;49.99;49.99;5026;1000;0.0;0;1.0000;0;0
600;2014-06-15 12:10:00;172602N232;3260;11.781;41;224;225;226;222;4.854;49.99;384.2;4.295;383.9;4.294;0.0;0.000;60;0;0;4.839;4.937;4.788;1082;1118;1059;49.99;49.99;49.99;5026;1000;0.0;0;1.0000;0;0
600;2014-06-15 12:20:00;172602N232;3618;12.385;42;225;226;227;220;5.353;49.98;378.4;4.843;377.7;4.898;0.0;0.000;60;0;0;5.344;5.482;5.234;1212;1250;1156;49.98;49.98;49.98;5026;1000;0.0;0;1.0000;0;0
600;2014-06-15 12:30:00;172602N232;4910;13.204;42;226;226;231;222;7.215;49.99;379.5;6.599;379.7;6.627;0.0;0.000;60;0;0;7.124;7.462;7.061;1610;1729;1568;49.99;49.99;49.99;5026;1000;0.0;0;1.0000;0;0
600;2014-06-15 12:40:00;172602N232;3765;13.832;42;225;225;229;223;5.551;50.00;373.7;5.119;373.8;5.127;0.0;0.000;60;0;0;5.491;5.698;5.466;1238;1311;1217;50.00;50.00;50.00;5026;1000;0.0;0;1.0000;0;0
600;2014-06-15 12:50:00;172602N232;4337;14.556;42;226;227;229;223;6.368;49.98;376.5;5.852;375.3;5.914;0.0;0.000;60;0;0;6.333;6.526;6.246;1438;1504;1394;49.98;49.98;49.98;5026;1000;0.0;0;1.0000;0;0
600;2014-06-15 13:00:00;172602N232;2814;15.025;42;225;225;226;223;4.165;50.01;378.9;3.799;372.5;3.853;0.0;0.000;60;0;0;4.128;4.236;4.133;930;964;920;50.01;50.01;50.01;5026;1000;0.0;0;1.0000;0;0
600;2014-06-15 13:10:00;172602N232;1769;15.320;42;224;225;225;222;2.658;50.01;394.5;2.270;388.6;2.282;0.0;0.000;60;0;0;2.621;2.704;2.649;580;604;583;50.01;50.01;50.01;5026;1000;0.0;0;1.0000;0;0
600;2014-06-15 13:20:00;172602N232;4167;16.015;42;226;226;228;223;6.135;50.00;389.0;5.482;389.9;5.468;0.0;0.000;60;0;0;6.095;6.252;6.059;1380;1430;1354;50.00;50.00;50.00;5026;1000;0.0;0;1.0000;0;0
600;2014-06-15 13:30:00;172602N232;4465;16.758;42;226;226;229;224;6.568;50.01;375.2;6.049;375.1;6.070;0.0;0.000;60;0;0;6.503;6.698;6.504;1470;1536;1456;50.01;50.01;50.01;5026;1000;0.0;0;1.0000;0;0
600;2014-06-15 13:40:00;172602N232;3169;17.286;42;225;224;229;223;4.684;50.00;374.0;4.321;372.9;4.343;0.0;0.000;60;0;0;4.598;4.811;4.643;1029;1104;1033;50.00;50.00;50.00;5026;1000;0.0;0;1.0000;0;0
600;2014-06-15 13:50:00;172602N232;5358;18.179;43;227;227;231;224;7.846;49.98;372.1;7.319;373.3;7.348;0.0;0.000;60;0;0;7.769;8.060;7.711;1764;1864;1725;49.98;49.98;49.98;5026;1000;0.0;0;1.0000;0;0
600;2014-06-15 14:00:00;172602N232;5166;19.040;43;227;227;230;223;7.590;49.99;360.2;7.325;360.9;7.305;0.0;0.000;60;0;0;7.542;7.775;7.453;1713;1791;1660;49.99;49.99;49.99;5026;1000;0.0;0;1.0000;0;0
600;2014-06-15 14:10:00;172602N232;3614;19.643;43;225;228;225;224;5.331;50.00;366.9;5.013;366.7;4.972;0.0;0.000;60;0;0;5.355;5.356;5.282;1220;1208;1183;50.00;50.00;50.00;5026;1000;0.0;0;1.0000;0;0
600;2014-06-15 14:20:00;172602N232;3953;20.302;43;226;227;226;225;5.822;50.01;371.1;5.421;370.0;5.440;0.0;0.000;60;0;0;5.820;5.864;5.783;1322;1327;1301;50.01;50.01;50.01;5026;1000;0.0;0;1.0000;0;0
600;2014-06-15 14:30:00;172602N232;4444;21.042;43;226;226;228;225;6.534;50.01;362.3;6.248;362.1;6.246;0.0;0.000;60;0;0;6.509;6.613;6.481;1476;1507;1458;50.01;50.01;50.01;5026;1000;0.0;0;1.0000;0;0
600;2014-06-15 14:40:00;172602N232;4287;21.757;43;225;224;228;224;6.329;50.01;373.1;5.908;370.7;5.869;0.0;0.000;60;0;0;6.244;6.465;6.280;1401;1478;1405;50.01;50.01;50.01;5026;1000;0.0;0;1.0000;0;0
600;2014-06-15 14:50:00;172602N232;4592;22.522;43;226;224;230;223;6.776;49.99;364.5;6.419;364.5;6.443;0.0;0.000;60;0;0;6.684;6.982;6.664;1499;1610;1483;49.99;49.99;49.99;5026;1000;0.0;0;1.0000;0;0
600;2014-06-15 15:00:00;172602N232;4347;23.248;44;226;225;230;222;6.415;50.00;366.5;6.076;367.0;5.995;0.0;0.000;60;0;0;6.354;6.585;6.308;1431;1513;1402;50.00;50.00;50.00;5026;1000;0.0;0;1.0000;0;0
600;2014-06-15 15:10:00;172602N232;3112;23.767;44;224;225;226;222;4.632;50.01;378.5;4.202;375.4;4.191;0.0;0.000;60;0;0;4.600;4.710;4.586;1030;1064;1017;50.01;50.01;50.01;5026;1000;0.0;0;1.0000;0;0
600;2014-06-15 15:20:00;172602N232;5126;24.622;44;226;226;229;224;7.553;50.00;370.3;7.060;370.8;7.025;0.0;0.000;60;0;0;7.487;7.706;7.467;1689;1762;1673;50.00;50.00;50.00;5026;1000;0.0;0;1.0000;0;0
600;2014-06-15 15:30:00;172602N232;4742;25.412;44;226;226;229;224;6.989;50.01;364.5;6.630;365.5;6.602;0.0;0.000;60;0;0;6.937;7.134;6.896;1566;1634;1541;50.01;50.01;50.01;5026;1000;0.0;0;1.0000;0;0
600;2014-06-15 15:40:00;172602N232;3915;26.064;44;225;225;229;222;5.786;50.01;371.1;5.403;369.2;5.374;0.0;0.000;60;0;0;5.717;5.934;5.708;1285;1361;1267;50.01;50.01;50.01;5026;1000;0.0;0;1.0000;0;0
600;2014-06-15 15:50:00;172602N232;3801;26.697;44;226;226;228;223;5.611;50.02;373.1;5.182;373.1;5.170;0.0;0.000;60;0;0;5.575;5.730;5.529;1259;1309;1231;50.02;50.02;50.02;5026;1000;0.0;0;1.0000;0;0
600;2014-06-15 16:00:00;172602N232;3500;27.281;44;225;225;229;222;5.180;50.00;375.6;4.710;374.4;4.763;0.0;0.000;60;0;0;5.123;5.322;5.096;1152;1217;1130;50.00;50.00;50.00;5026;1000;0.0;0;1.0000;0;0
600;2014-06-15 16:10:00;172602N232;3937;27.938;44;226;225;230;223;5.806;50.00;373.1;5.295;382.4;5.300;0.0;0.000;60;0;0;5.727;5.963;5.729;1289;1371;1277;50.00;50.00;50.00;5026;1000;0.0;0;1.0000;0;0
600;2014-06-15 16:20:00;172602N232;3459;28.514;44;225;224;228;223;5.121;50.00;372.6;4.676;381.4;4.644;0.0;0.000;60;0;0;5.031;5.244;5.088;1125;1196;1135;50.00;50.00;50.00;5026;1000;0.0;0;1.0000;0;0
600;2014-06-15 16:30:00;172602N232;3464;29.091;44;225;225;227;223;5.138;49.99;374.4;4.639;384.7;4.617;0.0;0.000;60;0;0;5.086;5.237;5.092;1140;1189;1133;49.99;49.99;49.99;5026;1000;0.0;0;1.0000;0;0
600;2014-06-15 16:40:00;172602N232;3514;29.678;44;225;225;227;222;5.215;50.00;376.6;4.685;387.3;4.650;0.0;0.000;60;0;0;5.153;5.319;5.175;1156;1207;1149;50.00;50.00;50.00;5026;1000;0.0;0;1.0000;0;0
600;2014-06-15 16:50:00;172602N232;3512;30.264;43;225;224;227;223;5.213;50.01;376.8;4.664;387.0;4.673;0.0;0.000;60;0;0;5.129;5.302;5.210;1146;1203;1162;50.01;50.01;50.01;5026;1000;0.0;0;1.0000;0;0
600;2014-06-15 17:00:00;172602N232;3275;30.809;43;224;223;227;223;4.868;50.00;380.0;4.312;389.7;4.317;0.0;0.000;60;0;0;4.791;4.947;4.867;1068;1119;1085;50.00;50.00;50.00;5026;1000;0.0;0;1.0000;0;0
600;2014-06-15 17:10:00;172602N232;2929;31.298;43;224;222;226;222;4.369;49.99;381.8;3.835;391.7;3.838;0.0;0.000;60;0;0;4.294;4.455;4.358;953;1006;968;49.99;49.99;49.99;5026;1000;0.0;0;1.0000;0;0
600;2014-06-15 17:20:00;172602N232;3154;31.823;43;223;223;226;222;4.711;50.00;388.5;4.043;393.1;4.133;0.0;0.000;60;0;0;4.646;4.793;4.694;1033;1080;1038;50.00;50.00;50.00;5026;1000;0.0;0;1.0000;0;0
600;2014-06-15 17:30:00;172602N232;3076;32.337;43;223;222;226;221;4.595;49.99;381.0;3.977;391.7;4.097;0.0;0.000;60;0;0;4.512;4.700;4.575;1002;1061;1011;49.99;49.99;49.99;5026;1000;0.0;0;1.0000;0;0
600;2014-06-15 17:40:00;172602N232;2835;32.809;43;223;223;225;221;4.245;49.99;373.9;3.737;394.0;3.736;0.0;0.000;60;0;0;4.188;4.325;4.222;930;974;930;49.99;49.99;49.99;5026;1000;0.0;0;1.0000;0;0
600;2014-06-15 17:50:00;172602N232;2818;33.279;43;223;223;225;221;4.220;50.02;376.6;3.699;399.2;3.658;0.0;0.000;60;0;0;4.169;4.284;4.208;927;960;929;50.02;50.02;50.02;5026;1000;0.0;0;1.0000;0;0
600;2014-06-15 18:00:00;172602N232;2634;33.717;43;222;222;224;221;3.962;50.00;379.6;3.459;409.1;3.296;0.0;0.000;60;0;0;3.915;4.014;3.959;865;893;872;50.00;50.00;50.00;5026;1000;0.0;0;1.0000;0;0
600;2014-06-15 18:10:00;172602N232;2180;34.081;43;222;222;223;220;3.289;50.00;373.3;2.861;401.5;2.809;0.0;0.000;60;0;0;3.239;3.356;3.273;714;747;716;50.00;50.00;50.00;5026;1000;0.0;0;1.0000;0;0
600;2014-06-15 18:20:00;172602N232;2202;34.448;43;221;221;223;218;3.335;49.98;369.7;2.932;390.0;2.926;0.0;0.000;60;0;0;3.288;3.408;3.309;724;757;719;49.98;49.98;49.98;5026;1000;0.0;0;1.0000;0;0
600;2014-06-15 18:30:00;172602N232;2211;34.818;43;221;223;222;219;3.337;49.98;372.2;2.923;392.9;2.918;0.0;0.000;60;0;0;3.324;3.388;3.301;739;751;719;49.98;49.98;49.98;5026;1000;0.0;0;1.0000;0;0
600;2014-06-15 18:40:00;172602N232;2021;35.154;42;222;223;224;220;3.039;50.00;366.6;2.686;392.2;2.693;0.0;0.000;60;0;0;2.999;3.099;3.020;666;692;661;50.00;50.00;50.00;5026;1000;0.0;0;1.0000;0;0
600;2014-06-15 18:50:00;172602N232;1768;35.450;42;224;224;226;220;2.647;50.01;363.8;2.358;394.6;2.344;0.0;0.000;60;0;0;2.599;2.717;2.626;579;611;576;50.01;50.01;50.01;5026;1000;0.0;0;1.0000;0;0
600;2014-06-15 19:00:00;172602N232;1571;35.711;42;222;222;226;219;2.374;50.01;359.5;2.082;395.1;2.105;0.0;0.000;60;0;0;2.313;2.456;2.354;508;549;511;50.01;50.01;50.01;5026;1000;0.0;0;1.0000;0;0
600;2014-06-15 19:10:00;172602N232;1667;35.989;42;222;221;225;219;2.525;49.99;357.0;2.200;397.3;2.256;0.0;0.000;60;0;0;2.457;2.603;2.516;537;581;547;49.99;49.99;49.99;5026;1000;0.0;0;1.0000;0;0
600;2014-06-15 19:20:00;172602N232;956;36.149;41;222;222;223;220;1.481;49.99;344.2;1.277;393.5;1.311;0.0;0.000;60;0;0;1.436;1.518;1.491;306;329;319;49.99;49.99;49.99;5026;1000;0.0;0;1.0000;0;0
600;2014-06-15 19:30:00;172602N232;596;36.248;41;222;222;223;221;0.934;50.00;370.7;0.744;394.3;0.809;0.0;0.000;60;0;0;0.882;0.972;0.948;185;208;200;50.00;50.00;50.00;5026;1000;0.0;0;1.0000;0;0
600;2014-06-15 19:40:00;172602N232;459;36.325;41;222;221;224;221;0.738;49.99;393.8;0.557;401.3;0.576;0.0;0.000;60;0;0;0.679;0.783;0.752;138;164;155;49.99;49.99;49.99;5026;1000;0.0;0;1.0000;0;0
600;2014-06-15 19:50:00;172602N232;357;36.384;40;222;220;226;221;1.241;50.01;393.4;0.435;399.0;0.438;0.0;0.000;60;0;0;1.106;1.497;1.120;110;95;150;50.01;50.01;50.01;5026;1000;0.0;0;1.0000;0;0
600;2014-06-15 20:00:00;172602N232;328;36.440;40;222;220;225;220;1.156;50.01;391.7;0.398;397.6;0.401;0.0;0.000;60;0;0;1.107;1.360;1.001;110;93;122;50.01;50.01;50.01;5026;1000;0.0;0;1.0000;0;0
600;2014-06-15 20:10:00;172602N232;295;36.489;39;222;220;225;219;1.137;50.00;389.7;0.357;396.6;0.362;0.0;0.000;60;0;0;1.108;1.321;0.982;97;86;110;50.00;50.00;50.00;5026;1000;0.0;0;1.0000;0;0
600;2014-06-15 20:20:00;172602N232;225;36.526;39;222;221;224;220;1.051;49.98;384.2;0.270;391.1;0.276;0.0;0.000;60;0;0;1.087;1.239;0.829;59;72;92;49.98;49.98;49.98;5026;1000;0.0;0;1.0000;0;0
600;2014-06-15 20:30:00;172602N232;208;36.562;38;222;222;224;220;1.016;49.98;384.7;0.248;390.5;0.254;0.0;0.000;60;0;0;1.139;1.109;0.802;53;67;86;49.98;49.98;49.98;5026;1000;0.0;0;1.0000;0;0
600;2014-06-15 20:40:00;172602N232;133;36.583;38;222;221;224;220;0.911;49.98;373.5;0.156;382.3;0.159;0.0;0.000;60;0;0;0.759;1.247;0.729;31;25;75;49.98;49.98;49.98;5026;1000;0.0;0;1.0000;0;0
600;2014-06-15 20:50:00;172602N232;105;36.600;37;223;223;224;222;0.873;49.98;373.5;0.120;378.2;0.123;0.0;0.000;60;0;0;0.891;1.004;0.724;13;30;60;49.98;49.98;49.98;5026;1000;0.0;0;1.0000;0;0
600;2014-06-15 21:00:00;172602N232;70;36.613;37;224;224;224;223;0.877;49.99;356.9;0.079;369.0;0.081;0.0;0.000;60;0;0;1.005;0.921;0.705;0;25;49;49.99;49.99;49.99;5026;1000;0.0;0;1.0000;0;0
600;2014-06-15 21:10:00;172602N232;46;36.621;37;223;223;224;222;0.678;49.99;340.6;0.046;355.3;0.049;0.0;0.000;60;0;0;0.718;0.811;0.505;4;11;35;49.99;49.99;49.99;5026;1000;0.0;0;1.0000;0;0
600;2014-06-15 21:20:00;172602N232;17;36.625;36;223;224;225;221;0.373;49.99;283.7;0.010;293.9;0.015;0.0;0.000;60;0;0;0.471;0.408;0.241;4;3;16;49.99;49.99;49.99;5026;1000;0.0;0;1.0000;0;0
600;2014-06-15 21:30:00;172602N232;2;36.624;36;223;224;225;221;0.127;50.00;251.4;0.000;251.8;0.000;0.0;0.000;60;0;0;0.170;0.133;0.078;1;0;4;50.00;50.00;50.00;5026;1000;0.0;0;1.0000;0;0
600;2014-06-15 21:40:00;172602N232;0;36.624;35;222;221;225;219;0.000;49.98;270.8;0.000;270.6;0.000;0.0;0.000;51;0;0;0.000;0.000;0.000;0;0;0;49.98;49.98;49.98;11592;1000;0.0;0;1.0000;0;0
600;2014-06-15 21:50:00;172602N232;0;36.624;33;223;223;227;220;0.000;49.99;232.0;0.000;233.0;0.000;0.0;0.000;51;0;0;0.000;0.000;0.000;0;0;0;49.99;49.99;49.99;14928;1000;0.0;0;1.0000;0;0
600;2014-06-15 22:00:00;172602N232;0;36.624;32;225;225;228;222;0.000;50.00;230.0;0.000;231.0;0.000;0.0;0.000;51;0;0;0.000;0.000;0.000;0;0;0;50.00;50.00;50.00;14928;1000;0.0;0;1.0000;0;0
600;2014-06-15 22:10:00;172602N232;0;36.624;32;225;225;228;221;0.000;49.99;227.1;0.000;228.0;0.000;0.0;0.000;51;0;0;0.000;0.000;0.000;0;0;0;49.99;49.99;49.99;14928;1000;0.0;0;1.0000;0;0
[wr_ende]
