20120805;230005;172602N232;My Plant;+0100
[wr_def_start]
172602N232;Inverter Type;Inverter Group;72602N232      
[wr_def_end]
[wr]
INTERVAL;TIMESTAMP;SERIAL;P_AC;E_DAY;T_WR;U_AC;U_AC_1;U_AC_2;U_AC_3;I_AC;F_AC;U_DC_1;I_DC_1;U_DC_2;I_DC_2;U_DC_3;I_DC_3;S;E_WR;M_WR;I_AC_1;I_AC_2;I_AC_3;P_AC_1;P_AC_2;P_AC_3;F_AC_1;F_AC_2;F_AC_3;R_DC;PC;PCS;PCS_LL;COS_PHI;COS_PHI_LL;S_COS_PHI
600;2012-08-05 05:10:00;172602N232;0;0.000;0;3;3;3;3;0.000;0.74;3.2;0.000;3.2;0.000;0.0;0.000;50;0;0;0.000;0.000;0.000;0;0;0;0.74;0.74;0.74;55;1000;0.0;0;1.0000;0;0
600;2012-08-05 05:20:00;172602N232;0;0.000;28;226;227;228;224;0.000;50.03;232.5;0.000;233.4;0.000;0.0;0.000;50;0;0;0.000;0.000;0.000;0;0;0;50.03;50.03;50.03;0;1000;0.0;0;1.0000;0;0
600;2012-08-05 05:30:00;172602N232;0;0.000;30;224;225;226;223;0.041;50.02;267.4;0.000;266.8;0.000;0.0;0.000;60;0;0;0.059;0.034;0.031;0;1;1;50.02;50.02;50.02;8223;1000;0.0;0;1.0000;0;0
600;2012-08-05 05:40:00;172602N232;0;0.000;30;224;225;226;221;0.002;50.02;261.0;0.000;261.2;0.000;0.0;0.000;50;0;0;0.007;0.000;0.000;0;0;0;50.02;50.02;50.02;9530;1000;0.0;0;1.0000;0;0
600;2012-08-05 05:50:00;172602N232;0;0.000;31;225;225;226;222;0.033;50.02;273.7;0.000;273.4;0.000;0.0;0.000;60;0;0;0.042;0.031;0.028;0;1;1;50.02;50.02;50.03;8380;1000;0.0;0;1.0000;0;0
600;2012-08-05 06:00:00;172602N232;16;0.006;31;224;225;225;223;0.331;50.02;292.2;0.010;286.8;0.012;0.0;0.000;60;0;0;0.444;0.278;0.273;0;16;17;50.02;50.02;50.02;7768;1000;0.0;0;1.0000;0;0
600;2012-08-05 06:10:00;172602N232;47;0.017;32;224;224;224;223;0.659;50.01;360.4;0.049;362.0;0.046;0.0;0.000;60;0;0;0.832;0.629;0.516;0;28;35;50.01;50.01;50.01;7768;1000;0.0;0;1.0000;0;0
600;2012-08-05 06:20:00;172602N232;66;0.029;32;223;223;224;222;0.889;50.02;372.3;0.078;379.1;0.068;0.0;0.000;60;0;0;1.115;0.856;0.697;0;27;50;50.02;50.02;50.02;7768;1000;0.0;0;1.0000;0;0
600;2012-08-05 06:30:00;172602N232;99;0.049;32;223;224;224;222;0.963;50.02;387.6;0.119;390.7;0.104;0.0;0.000;60;0;0;1.405;0.763;0.723;0;55;57;50.02;50.02;50.02;7768;1000;0.0;0;1.0000;0;0
600;2012-08-05 06:40:00;172602N232;142;0.072;33;225;225;225;223;0.971;50.02;398.6;0.168;400.8;0.153;0.0;0.000;60;0;0;1.248;0.960;0.707;4;81;56;50.02;50.02;50.02;7768;1000;0.0;0;1.0000;0;0
600;2012-08-05 06:50:00;172602N232;157;0.096;34;224;225;225;223;0.939;50.00;399.9;0.186;403.6;0.170;0.0;0.000;60;0;0;1.070;1.005;0.743;13;71;72;50.00;50.00;50.00;7768;1000;0.0;0;1.0000;0;0
600;2012-08-05 07:00:00;172602N232;138;0.118;35;224;225;225;223;0.887;50.01;395.0;0.166;397.3;0.151;0.0;0.000;60;0;0;1.039;0.869;0.755;10;55;72;50.01;50.01;50.01;7768;1000;0.0;0;1.0000;0;0
600;2012-08-05 07:10:00;172602N232;108;0.137;35;224;225;224;222;0.890;50.01;387.3;0.127;386.4;0.120;0.0;0.000;60;0;0;1.133;0.805;0.733;1;50;64;50.01;50.01;50.01;7768;1000;0.0;0;1.0000;0;0
600;2012-08-05 07:20:00;172602N232;84;0.154;35;224;225;224;222;0.933;50.01;380.7;0.100;380.5;0.089;0.0;0.000;60;0;0;1.309;0.769;0.721;0;46;55;50.01;50.01;50.01;7768;1000;0.0;0;1.0000;0;0
600;2012-08-05 07:30:00;172602N232;118;0.175;36;223;224;224;222;1.005;50.02;391.5;0.140;388.1;0.131;0.0;0.000;60;0;0;1.489;0.771;0.756;1;69;53;50.02;50.02;50.02;7768;1000;0.0;0;1.0000;0;0
600;2012-08-05 07:40:00;172602N232;309;0.216;36;224;225;223;223;1.178;50.01;415.1;0.393;420.2;0.317;0.0;0.000;60;0;0;1.385;1.121;1.030;69;132;107;50.01;50.01;50.01;7768;1000;0.0;0;1.0000;0;0
600;2012-08-05 07:50:00;172602N232;335;0.272;36;223;224;224;222;1.201;50.01;425.4;0.410;422.0;0.350;0.0;0.000;60;0;0;1.333;1.191;1.080;79;131;123;50.01;50.01;50.01;7768;1000;0.0;0;1.0000;0;0
600;2012-08-05 08:00:00;172602N232;257;0.315;37;223;223;223;222;1.139;50.01;429.5;0.301;410.6;0.276;0.0;0.000;60;0;0;1.145;1.241;1.033;31;118;106;50.01;50.01;50.01;7768;1000;0.0;0;1.0000;0;0
600;2012-08-05 08:10:00;172602N232;272;0.361;37;222;224;222;221;1.148;50.04;440.0;0.313;410.3;0.291;0.0;0.000;60;0;0;1.476;1.202;0.767;65;131;74;50.04;50.04;50.04;7768;1000;0.0;0;1.0000;0;0
600;2012-08-05 08:20:00;172602N232;293;0.409;37;222;223;222;222;1.120;50.02;449.8;0.336;413.4;0.308;0.0;0.000;60;0;0;1.312;1.115;0.934;86;118;87;50.02;50.02;50.02;7768;1000;0.0;0;1.0000;0;0
600;2012-08-05 08:30:00;172602N232;310;0.461;37;222;223;222;220;1.142;50.03;460.8;0.350;414.7;0.321;0.0;0.000;60;0;0;1.329;1.036;1.061;87;113;108;50.03;50.03;50.03;7768;1000;0.0;0;1.0000;0;0
600;2012-08-05 08:40:00;172602N232;354;0.520;37;222;223;223;220;1.178;50.04;461.5;0.421;423.9;0.344;0.0;0.000;60;0;0;1.297;1.173;1.065;88;137;127;50.04;50.04;50.04;7768;1000;0.0;0;1.0000;0;0
600;2012-08-05 08:50:00;172602N232;822;0.658;38;225;227;225;224;1.297;50.01;337.5;1.986;436.7;0.369;0.0;0.000;60;0;0;1.273;1.316;1.302;263;279;278;50.01;50.01;50.01;7768;1000;0.0;0;1.0000;0;0
600;2012-08-05 09:00:00;172602N232;1050;0.833;38;225;227;224;224;1.584;50.03;371.9;2.369;451.7;0.378;0.0;0.000;60;0;0;1.544;1.614;1.596;342;356;350;50.03;50.03;50.03;7768;1000;0.0;0;1.0000;0;0
600;2012-08-05 09:10:00;172602N232;1161;1.026;38;225;226;225;222;1.761;50.04;411.0;2.348;428.6;0.458;0.0;0.000;60;0;0;1.723;1.799;1.761;378;398;382;50.04;50.04;50.04;7768;1000;0.0;0;1.0000;0;0
600;2012-08-05 09:20:00;172602N232;1247;1.235;39;225;226;227;223;1.873;50.01;415.7;2.486;366.1;0.616;0.0;0.000;60;0;0;1.819;1.919;1.881;403;428;414;50.01;50.01;50.01;7768;1000;0.0;0;1.0000;0;0
600;2012-08-05 09:30:00;172602N232;1199;1.434;39;225;226;226;223;1.856;50.01;338.6;2.913;428.4;0.529;0.0;0.000;60;0;0;1.829;1.873;1.867;387;409;400;50.01;50.01;50.01;7768;1000;0.0;0;1.0000;0;0
600;2012-08-05 09:40:00;172602N232;957;1.594;40;225;226;226;222;1.451;50.01;290.9;2.551;443.5;0.492;0.0;0.000;60;0;0;1.404;1.492;1.459;308;330;317;50.01;50.01;50.01;7768;1000;0.0;0;1.0000;0;0
600;2012-08-05 09:50:00;172602N232;746;1.719;40;224;225;225;223;1.148;50.01;266.7;2.157;439.2;0.433;0.0;0.000;60;0;0;1.094;1.190;1.160;235;259;249;50.01;50.01;50.01;7768;1000;0.0;0;1.0000;0;0
600;2012-08-05 10:00:00;172602N232;393;1.784;40;225;225;227;224;1.198;50.01;448.8;0.453;439.3;0.396;0.0;0.000;60;0;0;1.169;1.308;1.118;110;134;147;50.01;50.01;50.01;7768;1000;0.0;0;1.0000;0;0
600;2012-08-05 10:10:00;172602N232;1296;2.001;41;224;224;226;223;2.023;50.01;325.5;3.505;438.0;0.464;0.0;0.000;60;0;0;1.975;2.064;2.030;414;447;434;50.01;50.01;50.01;7768;1000;0.0;0;1.0000;0;0
600;2012-08-05 10:20:00;172602N232;1650;2.275;41;225;225;226;224;2.467;49.99;356.4;3.986;435.1;0.553;0.0;0.000;60;0;0;2.412;2.513;2.476;537;562;548;49.99;49.99;49.99;7768;1000;0.0;0;1.0000;0;0
600;2012-08-05 10:30:00;172602N232;1972;2.605;41;225;225;227;224;2.935;50.00;382.9;4.386;441.7;0.695;0.0;0.000;60;0;0;2.860;2.999;2.946;637;677;655;50.00;50.00;50.00;7768;1000;0.0;0;1.0000;0;0
600;2012-08-05 10:40:00;172602N232;2313;2.990;41;225;224;227;223;3.454;50.01;379.7;4.978;442.7;1.001;0.0;0.000;60;0;0;3.377;3.521;3.464;750;793;768;50.01;50.01;50.01;7768;1000;0.0;0;1.0000;0;0
600;2012-08-05 10:50:00;172602N232;2458;3.401;42;224;223;228;222;3.667;50.00;374.4;5.330;436.0;1.117;0.0;0.000;60;0;0;3.578;3.773;3.651;795;856;805;50.00;50.00;50.00;7768;1000;0.0;0;1.0000;0;0
600;2012-08-05 11:00:00;172602N232;2121;3.755;42;224;223;228;223;3.174;49.99;374.3;3.746;420.4;1.756;0.0;0.000;60;0;0;3.082;3.266;3.175;682;735;702;49.99;49.99;49.99;7768;1000;0.0;0;1.0000;0;0
600;2012-08-05 11:10:00;172602N232;1475;4.000;42;224;224;226;223;2.264;50.00;388.7;2.382;419.4;1.332;0.0;0.000;60;0;0;2.211;2.301;2.280;474;505;493;50.00;50.00;50.00;7768;1000;0.0;0;1.0000;0;0
600;2012-08-05 11:20:00;172602N232;2198;4.367;43;225;226;228;223;3.269;49.99;385.2;4.585;392.3;1.192;0.0;0.000;60;0;0;3.217;3.339;3.251;719;754;721;49.99;49.99;49.99;7768;1000;0.0;0;1.0000;0;0
600;2012-08-05 11:30:00;172602N232;2842;4.841;43;226;227;228;223;4.211;49.99;371.7;5.971;439.7;1.492;0.0;0.000;60;0;0;4.168;4.293;4.174;940;974;925;49.99;49.99;49.99;7768;1000;0.0;0;1.0000;0;0
600;2012-08-05 11:40:00;172602N232;1977;5.171;43;225;227;226;223;2.954;50.01;371.7;3.442;379.0;1.967;0.0;0.000;60;0;0;2.916;2.997;2.950;653;671;651;50.01;50.01;50.01;7768;1000;0.0;0;1.0000;0;0
600;2012-08-05 11:50:00;172602N232;1859;5.482;43;225;227;226;223;2.789;50.00;384.1;3.184;390.9;1.723;0.0;0.000;60;0;0;2.761;2.826;2.780;615;631;611;50.00;50.00;50.00;7768;1000;0.0;0;1.0000;0;0
600;2012-08-05 12:00:00;172602N232;1746;5.773;43;225;227;225;223;2.614;50.00;382.8;3.174;423.4;1.274;0.0;0.000;60;0;0;2.591;2.640;2.611;582;588;575;50.00;50.00;50.00;7768;1000;0.0;0;1.0000;0;0
600;2012-08-05 12:10:00;172602N232;1669;6.051;44;225;227;225;223;2.547;49.99;379.9;3.103;405.5;1.225;0.0;0.000;60;0;0;2.546;2.561;2.536;554;560;549;49.99;49.99;49.99;7768;1000;0.0;0;1.0000;0;0
600;2012-08-05 12:20:00;172602N232;1188;6.250;44;224;225;225;222;1.902;49.97;384.8;1.694;379.1;1.468;0.0;0.000;60;0;0;1.896;1.939;1.871;385;408;391;49.97;49.97;49.97;7768;1000;0.0;0;1.0000;0;0
600;2012-08-05 12:30:00;172602N232;3920;6.903;44;226;227;228;224;5.786;49.99;377.6;5.663;341.8;5.467;0.0;0.000;60;0;0;5.740;5.865;5.755;1299;1333;1289;49.99;49.99;49.99;7768;1000;0.0;0;1.0000;0;0
600;2012-08-05 12:40:00;172602N232;4633;7.676;44;227;228;228;224;6.817;49.98;363.5;6.789;336.3;6.718;0.0;0.000;60;0;0;6.797;6.891;6.765;1546;1571;1516;49.98;49.98;49.98;7768;1000;0.0;0;1.0000;0;0
600;2012-08-05 12:50:00;172602N232;2371;8.070;45;225;227;227;222;3.534;50.01;363.8;3.411;356.6;3.346;0.0;0.000;60;0;0;3.513;3.603;3.486;791;815;767;50.01;50.01;50.01;7768;1000;0.0;0;1.0000;0;0
600;2012-08-05 13:00:00;172602N232;1924;8.394;45;225;225;226;224;2.888;50.01;373.8;2.689;379.3;2.506;0.0;0.000;60;0;0;2.848;2.925;2.892;630;658;639;50.01;50.01;50.01;7768;1000;0.0;0;1.0000;0;0
600;2012-08-05 13:10:00;172602N232;1891;8.710;44;225;226;226;223;2.840;49.98;380.8;2.586;392.6;2.335;0.0;0.000;60;0;0;2.802;2.880;2.839;621;640;627;49.98;49.98;49.98;7768;1000;0.0;0;1.0000;0;0
600;2012-08-05 13:20:00;172602N232;2585;9.140;44;225;226;226;224;3.840;50.02;372.6;3.556;382.7;3.364;0.0;0.000;60;0;0;3.791;3.879;3.851;851;872;860;50.02;50.02;50.02;7768;1000;0.0;0;1.0000;0;0
600;2012-08-05 13:30:00;172602N232;4061;9.817;44;226;227;228;225;5.971;50.01;375.8;5.542;380.8;5.440;0.0;0.000;60;0;0;5.913;6.052;5.950;1338;1378;1337;50.01;50.01;50.01;7768;1000;0.0;0;1.0000;0;0
600;2012-08-05 13:40:00;172602N232;4886;10.632;45;227;229;229;222;7.182;50.00;357.5;6.989;360.3;6.895;0.0;0.000;60;0;0;7.179;7.332;7.036;1643;1683;1559;50.00;50.00;50.00;7768;1000;0.0;0;1.0000;0;0
600;2012-08-05 13:50:00;172602N232;4707;11.417;46;227;230;229;221;6.922;50.01;354.6;6.792;356.8;6.713;0.0;0.000;60;0;0;6.935;7.061;6.771;1592;1619;1493;50.01;50.01;50.01;7768;1000;0.0;0;1.0000;0;0
600;2012-08-05 14:00:00;172602N232;4578;12.180;46;227;231;229;220;6.739;50.01;352.6;6.683;354.2;6.535;0.0;0.000;60;0;0;6.771;6.868;6.578;1558;1571;1445;50.01;50.01;50.01;7768;1000;0.0;0;1.0000;0;0
600;2012-08-05 14:10:00;172602N232;3568;12.775;46;226;229;228;222;5.259;50.00;358.3;5.035;357.4;5.114;0.0;0.000;60;0;0;5.256;5.338;5.183;1203;1217;1150;50.00;50.00;50.00;7768;1000;0.0;0;1.0000;0;0
600;2012-08-05 14:20:00;172602N232;4780;13.572;46;227;228;230;225;7.004;50.01;353.4;6.924;354.6;6.856;0.0;0.000;60;0;0;6.933;7.109;6.971;1581;1634;1565;50.01;50.01;50.01;7768;1000;0.0;0;1.0000;0;0
600;2012-08-05 14:30:00;172602N232;3650;14.181;47;227;228;229;223;5.374;50.00;355.0;5.285;354.5;5.180;0.0;0.000;60;0;0;5.335;5.467;5.321;1212;1250;1184;50.00;50.00;50.00;7768;1000;0.0;0;1.0000;0;0
600;2012-08-05 14:40:00;172602N232;2120;14.533;47;226;227;227;223;3.165;50.00;359.9;2.979;358.0;3.028;0.0;0.000;60;0;0;3.133;3.212;3.152;700;723;697;50.00;50.00;50.00;7768;1000;0.0;0;1.0000;0;0
600;2012-08-05 14:50:00;172602N232;2305;14.918;46;226;227;227;224;3.469;50.01;375.0;3.116;374.7;3.079;0.0;0.000;60;0;0;3.452;3.510;3.445;763;781;760;50.01;50.01;50.01;7768;1000;0.0;0;1.0000;0;0
600;2012-08-05 15:00:00;172602N232;3827;15.555;46;227;228;229;224;5.652;50.01;372.6;5.257;373.7;5.163;0.0;0.000;60;0;0;5.622;5.727;5.609;1268;1305;1253;50.01;50.01;50.01;7768;1000;0.0;0;1.0000;0;0
600;2012-08-05 15:10:00;172602N232;4460;16.298;46;227;227;230;224;6.555;50.00;360.3;6.334;361.5;6.261;0.0;0.000;60;0;0;6.468;6.676;6.522;1465;1532;1461;50.00;50.00;50.00;7768;1000;0.0;0;1.0000;0;0
600;2012-08-05 15:20:00;172602N232;4200;17.000;47;227;228;229;225;6.166;50.01;356.4;6.048;357.3;5.949;0.0;0.000;60;0;0;6.107;6.242;6.149;1388;1427;1381;50.01;50.01;50.01;7768;1000;0.0;0;1.0000;0;0
600;2012-08-05 15:30:00;172602N232;2251;17.375;47;226;226;228;224;3.377;50.01;364.0;3.169;364.1;3.100;0.0;0.000;60;0;0;3.332;3.422;3.377;735;768;745;50.01;50.01;50.01;7768;1000;0.0;0;1.0000;0;0
600;2012-08-05 15:40:00;172602N232;1558;17.635;46;225;226;227;223;2.336;50.00;383.3;2.071;376.1;2.074;0.0;0.000;60;0;0;2.282;2.392;2.334;507;537;513;50.00;50.00;50.00;7768;1000;0.0;0;1.0000;0;0
600;2012-08-05 15:50:00;172602N232;756;17.761;46;225;226;226;224;1.211;50.01;374.4;1.010;379.6;0.999;0.0;0.000;60;0;0;1.200;1.220;1.214;242;258;254;50.01;50.01;50.01;7768;1000;0.0;0;1.0000;0;0
600;2012-08-05 16:00:00;172602N232;1232;17.966;46;226;227;227;224;1.874;50.01;395.9;1.580;391.0;1.569;0.0;0.000;60;0;0;1.834;1.904;1.884;398;422;410;50.01;50.01;50.01;7768;1000;0.0;0;1.0000;0;0
600;2012-08-05 16:10:00;172602N232;3997;18.633;46;228;228;229;226;5.855;50.00;382.4;5.411;381.7;5.273;0.0;0.000;60;0;0;5.802;5.921;5.842;1322;1356;1316;50.00;50.00;50.00;7768;1000;0.0;0;1.0000;0;0
600;2012-08-05 16:20:00;172602N232;2308;19.019;46;226;227;228;225;3.448;50.00;377.7;3.096;376.2;3.089;0.0;0.000;60;0;0;3.402;3.486;3.456;753;785;766;50.00;50.00;50.00;7768;1000;0.0;0;1.0000;0;0
600;2012-08-05 16:30:00;172602N232;1281;19.231;46;226;226;227;224;1.981;50.00;375.2;1.735;374.5;1.709;0.0;0.000;60;0;0;1.948;2.002;1.994;411;438;430;50.00;50.00;50.00;7768;1000;0.0;0;1.0000;0;0
600;2012-08-05 16:40:00;172602N232;1496;19.481;46;225;226;227;223;2.251;50.00;388.2;1.953;385.5;1.930;0.0;0.000;60;0;0;2.206;2.298;2.249;487;515;493;50.00;50.00;50.00;7768;1000;0.0;0;1.0000;0;0
600;2012-08-05 16:50:00;172602N232;807;19.615;45;225;226;226;223;1.250;49.98;380.5;1.067;383.0;1.049;0.0;0.000;60;0;0;1.218;1.278;1.256;258;278;269;49.98;49.98;49.98;7768;1000;0.0;0;1.0000;0;0
600;2012-08-05 17:00:00;172602N232;538;19.705;45;225;225;226;224;0.839;50.00;383.4;0.710;383.1;0.682;0.0;0.000;60;0;0;0.781;0.879;0.857;165;189;182;50.00;50.00;50.00;7768;1000;0.0;0;1.0000;0;0
600;2012-08-05 17:10:00;172602N232;600;19.806;45;225;225;226;223;1.082;50.01;381.3;0.787;388.8;0.758;0.0;0.000;60;0;0;1.066;1.122;1.058;187;212;199;50.01;50.01;50.01;7768;1000;0.0;0;1.0000;0;0
600;2012-08-05 17:20:00;172602N232;1252;20.015;45;224;224;226;223;1.908;50.00;399.0;1.579;398.6;1.589;0.0;0.000;60;0;0;1.854;1.954;1.918;401;432;417;50.00;50.00;50.00;7768;1000;0.0;0;1.0000;0;0
600;2012-08-05 17:30:00;172602N232;2498;20.431;45;225;225;227;222;3.724;49.99;371.9;3.303;394.4;3.320;0.0;0.000;60;0;0;3.657;3.823;3.693;817;865;814;49.99;49.99;49.99;7768;1000;0.0;0;1.0000;0;0
600;2012-08-05 17:40:00;172602N232;633;20.537;45;223;224;225;221;1.070;49.98;384.2;0.811;384.5;0.829;0.0;0.000;60;0;0;1.060;1.099;1.052;200;222;209;49.98;49.98;49.98;7768;1000;0.0;0;1.0000;0;0
600;2012-08-05 17:50:00;172602N232;409;20.605;45;223;223;224;222;1.004;49.99;380.3;0.534;386.3;0.516;0.0;0.000;60;0;0;0.986;1.076;0.950;119;148;140;49.99;49.99;49.99;7768;1000;0.0;0;1.0000;0;0
600;2012-08-05 18:00:00;172602N232;629;20.709;45;223;222;224;222;0.981;50.00;400.2;0.795;401.2;0.761;0.0;0.000;60;0;0;0.916;1.030;0.998;194;221;212;50.00;50.00;50.00;7768;1000;0.0;0;1.0000;0;0
600;2012-08-05 18:10:00;172602N232;592;20.808;45;222;224;224;220;1.084;50.04;401.9;0.737;402.1;0.724;0.0;0.000;60;0;0;1.116;1.113;1.023;187;210;194;50.04;50.04;50.04;7768;1000;0.0;0;1.0000;0;0
600;2012-08-05 18:20:00;172602N232;591;20.908;45;223;225;224;221;1.219;50.02;395.9;0.753;399.9;0.721;0.0;0.000;60;0;0;1.273;1.266;1.118;190;210;188;50.02;50.02;50.02;7768;1000;0.0;0;1.0000;0;0
600;2012-08-05 18:30:00;172602N232;1576;21.170;45;224;225;225;221;2.369;50.01;386.7;2.069;412.2;1.896;0.0;0.000;60;0;0;2.320;2.421;2.368;515;539;519;50.01;50.01;50.01;7768;1000;0.0;0;1.0000;0;0
600;2012-08-05 18:40:00;172602N232;2207;21.538;45;224;225;225;222;3.308;49.99;377.7;2.931;390.6;2.885;0.0;0.000;60;0;0;3.263;3.369;3.294;727;753;725;49.99;49.99;49.99;7768;1000;0.0;0;1.0000;0;0
600;2012-08-05 18:50:00;172602N232;2039;21.876;45;224;225;226;221;3.051;49.98;374.7;2.714;383.0;2.727;0.0;0.000;60;0;0;3.005;3.133;3.017;670;704;661;49.98;49.98;49.98;7768;1000;0.0;0;1.0000;0;0
600;2012-08-05 19:00:00;172602N232;1577;22.141;46;224;225;225;223;2.365;50.00;371.2;2.089;384.4;2.126;0.0;0.000;60;0;0;2.309;2.419;2.367;513;540;522;50.00;50.00;50.00;7768;1000;0.0;0;1.0000;0;0
600;2012-08-05 19:10:00;172602N232;1381;22.371;46;225;226;224;224;2.096;50.01;364.5;1.863;385.4;1.856;0.0;0.000;60;0;0;2.062;2.121;2.106;451;468;460;50.01;50.01;50.01;7768;1000;0.0;0;1.0000;0;0
600;2012-08-05 19:20:00;172602N232;1188;22.569;45;225;226;225;223;1.852;50.00;366.5;1.591;385.3;1.595;0.0;0.000;60;0;0;1.825;1.864;1.868;383;405;398;50.00;50.00;50.00;7768;1000;0.0;0;1.0000;0;0
600;2012-08-05 19:30:00;172602N232;893;22.718;45;224;225;225;224;1.377;49.99;360.3;1.173;384.2;1.233;0.0;0.000;60;0;0;1.332;1.408;1.393;284;305;301;49.99;49.99;49.99;7768;1000;0.0;0;1.0000;0;0
600;2012-08-05 19:40:00;172602N232;733;22.840;45;225;226;224;224;1.160;50.00;343.2;0.920;385.3;1.086;0.0;0.000;60;0;0;1.142;1.171;1.167;233;249;248;50.00;50.00;50.00;7768;1000;0.0;0;1.0000;0;0
600;2012-08-05 19:50:00;172602N232;585;22.938;45;225;225;224;224;0.914;50.01;357.2;0.682;385.4;0.882;0.0;0.000;60;0;0;0.861;0.945;0.936;182;202;199;50.01;50.01;50.01;7768;1000;0.0;0;1.0000;0;0
600;2012-08-05 20:00:00;172602N232;600;23.038;45;225;224;226;225;0.926;50.01;356.6;0.765;381.9;0.857;0.0;0.000;60;0;0;0.864;0.967;0.949;185;209;204;50.01;50.01;50.01;7768;1000;0.0;0;1.0000;0;0
600;2012-08-05 20:10:00;172602N232;489;23.120;45;225;225;226;224;0.836;50.03;334.6;0.677;375.6;0.696;0.0;0.000;60;0;0;0.796;0.874;0.840;150;173;164;50.03;50.03;50.03;7768;1000;0.0;0;1.0000;0;0
600;2012-08-05 20:20:00;172602N232;286;23.168;45;226;226;226;225;1.108;50.02;363.6;0.355;376.4;0.400;0.0;0.000;60;0;0;1.206;1.145;0.974;67;119;98;50.02;50.02;50.02;7768;1000;0.0;0;1.0000;0;0
600;2012-08-05 20:30:00;172602N232;226;23.205;45;226;227;226;225;1.037;49.99;372.6;0.265;389.0;0.299;0.0;0.000;60;0;0;1.249;0.989;0.874;43;95;86;49.99;49.99;49.99;7768;1000;0.0;0;1.0000;0;0
600;2012-08-05 20:40:00;172602N232;179;23.235;44;225;225;227;224;0.915;49.99;374.7;0.208;392.6;0.227;0.0;0.000;60;0;0;0.836;1.202;0.709;32;68;77;49.99;49.99;49.99;7768;1000;0.0;0;1.0000;0;0
600;2012-08-05 20:50:00;172602N232;114;23.254;44;226;225;227;225;0.857;49.99;363.8;0.135;372.3;0.142;0.0;0.000;60;0;0;0.709;1.170;0.693;32;26;54;49.99;49.99;49.99;7768;1000;0.0;0;1.0000;0;0
600;2012-08-05 21:00:00;172602N232;49;23.263;44;225;224;228;224;0.695;50.00;334.3;0.054;349.5;0.057;0.0;0.000;60;0;0;0.552;1.028;0.505;22;0;38;50.00;50.00;50.00;7768;1000;0.0;0;1.0000;0;0
600;2012-08-05 21:10:00;172602N232;11;23.265;43;225;224;228;223;0.331;50.01;270.1;0.007;269.1;0.009;0.0;0.000;60;0;0;0.249;0.516;0.229;9;0;14;50.01;50.01;50.01;7768;1000;0.0;0;1.0000;0;0
600;2012-08-05 21:20:00;172602N232;0;23.266;42;225;225;228;222;0.018;50.00;264.3;0.000;263.9;0.000;0.0;0.000;50;0;0;0.017;0.021;0.016;0;0;0;50.00;50.00;50.00;7768;1000;0.0;0;1.0000;0;0
600;2012-08-05 21:30:00;172602N232;0;23.266;40;225;226;227;222;0.000;50.01;230.7;0.000;231.7;0.000;0.0;0.000;50;0;0;0.000;0.000;0.000;0;0;0;50.01;50.01;50.01;7768;1000;0.0;0;1.0000;0;0
600;2012-08-05 21:40:00;172602N232;0;23.266;39;225;225;227;222;0.000;50.00;228.3;0.000;229.2;0.000;0.0;0.000;50;0;0;0.000;0.000;0.000;0;0;0;50.00;50.00;50.00;7768;1000;0.0;0;1.0000;0;0
[wr_ende]
