20150723;230001;172602N232;My Plant;+0100
[wr_def_start]
172602N232;Inverter Type;Inverter Group;72602N232      
[wr_def_end]
[wr]
INTERVAL;TIMESTAMP;SERIAL;P_AC;E_DAY;T_WR;U_AC;U_AC_1;U_AC_2;U_AC_3;I_AC;F_AC;U_DC_1;I_DC_1;U_DC_2;I_DC_2;U_DC_3;I_DC_3;S;E_WR;M_WR;I_AC_1;I_AC_2;I_AC_3;P_AC_1;P_AC_2;P_AC_3;F_AC_1;F_AC_2;F_AC_3;R_DC;PC;PCS;PCS_LL;COS_PHI;COS_PHI_LL;S_COS_PHI
600;2015-07-23 04:10:00;172602N232;0;0.000;0;3;3;3;3;0.000;0.72;3.2;0.000;3.2;0.000;0.0;0.000;50;0;0;0.000;0.000;0.000;0;0;0;0.72;0.72;0.72;5;1000;0.0;0;1.0000;0;0
600;2015-07-23 04:20:00;172602N232;0;0.000;29;226;226;229;223;0.000;50.00;228.6;0.000;229.5;0.000;0.0;0.000;50;0;0;0.000;0.000;0.000;0;0;0;50.00;50.00;50.00;0;1000;0.0;0;1.0000;0;0
600;2015-07-23 04:30:00;172602N232;0;0.000;30;226;226;229;224;0.000;50.01;233.5;0.000;234.5;0.000;0.0;0.000;50;0;0;0.000;0.000;0.000;0;0;0;50.01;50.01;50.01;0;1000;0.0;0;1.0000;0;0
600;2015-07-23 04:40:00;172602N232;0;0.000;30;227;227;230;224;0.001;50.01;282.0;0.000;281.0;0.000;0.0;0.000;60;0;0;0.002;0.001;0.001;0;0;0;50.01;50.01;50.01;764;1000;0.0;0;1.0000;0;0
600;2015-07-23 04:50:00;172602N232;1;0.000;31;227;227;228;225;0.054;50.01;267.0;0.000;267.2;0.000;0.0;0.000;60;0;0;0.048;0.069;0.046;0;0;2;50.01;50.01;50.01;4094;1000;0.0;0;1.0000;0;0
600;2015-07-23 05:00:00;172602N232;12;0.002;31;227;226;228;226;0.306;50.00;282.0;0.004;277.8;0.006;0.0;0.000;60;0;0;0.362;0.364;0.194;5;0;12;50.00;50.00;50.00;4266;1000;0.0;0;1.0000;0;0
600;2015-07-23 05:10:00;172602N232;29;0.006;31;226;226;228;225;0.505;50.00;334.5;0.023;334.2;0.023;0.0;0.000;60;0;0;0.558;0.588;0.370;3;5;25;50.00;50.00;50.00;4266;1000;0.0;0;1.0000;0;0
600;2015-07-23 05:20:00;172602N232;57;0.016;32;227;227;228;226;0.717;50.00;363.5;0.059;372.0;0.055;0.0;0.000;60;0;0;0.693;0.922;0.538;13;4;40;50.00;50.00;50.00;4266;1000;0.0;0;1.0000;0;0
600;2015-07-23 05:30:00;172602N232;110;0.034;32;226;226;228;225;0.921;50.01;389.9;0.126;399.1;0.117;0.0;0.000;60;0;0;0.878;1.144;0.743;23;20;65;50.01;50.01;50.01;4266;1000;0.0;0;1.0000;0;0
600;2015-07-23 05:40:00;172602N232;95;0.051;33;225;226;226;224;0.909;49.97;381.2;0.109;394.3;0.101;0.0;0.000;60;0;0;1.020;0.970;0.739;5;27;62;49.97;49.97;49.97;4266;1000;0.0;0;1.0000;0;0
600;2015-07-23 05:50:00;172602N232;97;0.067;33;225;226;226;224;0.906;49.99;389.1;0.110;389.5;0.103;0.0;0.000;60;0;0;0.960;1.023;0.737;11;22;62;49.99;49.99;49.99;4266;1000;0.0;0;1.0000;0;0
600;2015-07-23 06:00:00;172602N232;106;0.085;33;224;224;225;224;0.909;49.98;392.9;0.121;393.3;0.113;0.0;0.000;60;0;0;0.906;1.088;0.734;20;20;64;49.98;49.98;49.98;4266;1000;0.0;0;1.0000;0;0
600;2015-07-23 06:10:00;172602N232;167;0.113;33;225;225;226;223;0.993;49.98;408.8;0.191;408.6;0.180;0.0;0.000;60;0;0;1.015;1.169;0.797;30;55;81;49.98;49.98;49.98;4266;1000;0.0;0;1.0000;0;0
600;2015-07-23 06:20:00;172602N232;201;0.147;34;224;224;225;223;1.021;49.99;415.5;0.235;406.4;0.214;0.0;0.000;60;0;0;1.025;1.204;0.836;41;68;89;49.99;49.99;49.99;4266;1000;0.0;0;1.0000;0;0
600;2015-07-23 06:30:00;172602N232;142;0.170;34;224;224;225;223;0.933;50.01;408.4;0.163;407.3;0.148;0.0;0.000;60;0;0;0.901;1.143;0.757;32;32;77;50.01;50.01;50.01;4266;1000;0.0;0;1.0000;0;0
600;2015-07-23 06:40:00;172602N232;150;0.196;34;223;221;225;222;0.966;50.02;408.8;0.173;400.5;0.159;0.0;0.000;60;0;0;0.774;1.369;0.755;55;12;80;50.02;50.02;50.02;4266;1000;0.0;0;1.0000;0;0
600;2015-07-23 06:50:00;172602N232;165;0.223;35;222;222;224;221;0.998;49.98;409.9;0.192;397.9;0.179;0.0;0.000;60;0;0;0.815;1.389;0.791;36;33;94;49.98;49.98;49.98;4266;1000;0.0;0;1.0000;0;0
600;2015-07-23 07:00:00;172602N232;185;0.253;35;223;222;225;221;1.079;49.99;413.5;0.216;399.1;0.200;0.0;0.000;60;0;0;0.930;1.572;0.736;43;53;86;49.99;49.99;49.99;4266;1000;0.0;0;1.0000;0;0
600;2015-07-23 07:10:00;172602N232;379;0.318;35;226;226;228;225;1.170;49.99;427.2;0.462;411.3;0.410;0.0;0.000;60;0;0;1.209;1.275;1.028;118;133;126;49.99;49.99;49.99;4266;1000;0.0;0;1.0000;0;0
600;2015-07-23 07:20:00;172602N232;508;0.402;35;226;227;228;225;0.794;49.98;428.7;0.617;422.6;0.553;0.0;0.000;60;0;0;0.744;0.836;0.804;157;179;170;49.98;49.98;49.98;4266;1000;0.0;0;1.0000;0;0
600;2015-07-23 07:30:00;172602N232;526;0.491;36;226;226;227;224;0.821;50.00;431.3;0.651;413.9;0.567;0.0;0.000;60;0;0;0.771;0.864;0.829;163;185;176;50.00;50.00;50.00;4266;1000;0.0;0;1.0000;0;0
600;2015-07-23 07:40:00;172602N232;583;0.587;36;225;226;227;223;0.906;50.01;438.7;0.714;416.4;0.627;0.0;0.000;60;0;0;0.857;0.950;0.911;182;205;194;50.01;50.01;50.01;4266;1000;0.0;0;1.0000;0;0
600;2015-07-23 07:50:00;172602N232;692;0.703;37;225;226;227;223;1.066;49.99;435.7;0.842;426.6;0.742;0.0;0.000;60;0;0;1.020;1.110;1.070;219;241;230;49.99;49.99;49.99;4266;1000;0.0;0;1.0000;0;0
600;2015-07-23 08:00:00;172602N232;920;0.857;37;225;224;227;223;1.399;49.99;430.0;1.115;432.8;1.004;0.0;0.000;60;0;0;1.346;1.448;1.403;293;321;304;49.99;49.99;49.99;4266;1000;0.0;0;1.0000;0;0
600;2015-07-23 08:10:00;172602N232;932;1.012;37;225;225;228;223;1.426;49.99;428.7;1.205;426.7;0.960;0.0;0.000;60;0;0;1.375;1.477;1.426;296;326;308;49.99;49.99;49.99;4266;1000;0.0;0;1.0000;0;0
600;2015-07-23 08:20:00;172602N232;875;1.158;38;225;224;228;224;1.347;49.98;397.2;1.528;416.3;0.703;0.0;0.000;60;0;0;1.286;1.404;1.351;275;307;290;49.98;49.98;49.98;4266;1000;0.0;0;1.0000;0;0
600;2015-07-23 08:30:00;172602N232;1399;1.391;38;226;224;231;225;2.104;50.00;385.1;2.907;430.0;0.665;0.0;0.000;60;0;0;2.018;2.189;2.105;442;490;465;50.00;50.00;50.00;4266;1000;0.0;0;1.0000;0;0
600;2015-07-23 08:40:00;172602N232;1191;1.590;38;227;225;230;225;1.796;50.01;407.6;1.992;419.4;0.900;0.0;0.000;60;0;0;1.731;1.861;1.797;377;417;395;50.01;50.01;50.01;4266;1000;0.0;0;1.0000;0;0
600;2015-07-23 08:50:00;172602N232;1896;1.907;39;227;226;231;224;2.804;49.99;412.7;3.533;443.8;1.008;0.0;0.000;60;0;0;2.734;2.900;2.780;612;665;617;49.99;49.99;49.99;4266;1000;0.0;0;1.0000;0;0
600;2015-07-23 09:00:00;172602N232;1065;2.084;39;226;227;229;222;1.611;50.00;415.4;1.303;421.5;1.236;0.0;0.000;60;0;0;1.570;1.666;1.598;344;373;346;50.00;50.00;50.00;4266;1000;0.0;0;1.0000;0;0
600;2015-07-23 09:10:00;172602N232;1102;2.268;39;225;226;228;221;1.667;49.99;421.1;1.314;418.9;1.305;0.0;0.000;60;0;0;1.629;1.720;1.653;358;385;357;49.99;49.99;49.99;4266;1000;0.0;0;1.0000;0;0
600;2015-07-23 09:20:00;172602N232;1379;2.498;39;225;227;229;221;2.077;50.00;421.5;1.686;428.2;1.567;0.0;0.000;60;0;0;2.050;2.137;2.046;452;482;444;50.00;50.00;50.00;4266;1000;0.0;0;1.0000;0;0
600;2015-07-23 09:30:00;172602N232;1462;2.743;40;225;227;228;220;2.192;50.01;419.9;1.798;428.3;1.660;0.0;0.000;60;0;0;2.163;2.255;2.160;481;508;470;50.01;50.01;50.01;4266;1000;0.0;0;1.0000;0;0
600;2015-07-23 09:40:00;172602N232;1675;3.022;40;225;226;228;221;2.496;50.00;419.1;2.093;429.9;1.872;0.0;0.000;60;0;0;2.456;2.568;2.464;552;580;541;50.00;50.00;50.00;4266;1000;0.0;0;1.0000;0;0
600;2015-07-23 09:50:00;172602N232;1596;3.288;40;225;226;228;222;2.380;50.01;418.0;1.969;425.4;1.829;0.0;0.000;60;0;0;2.329;2.449;2.362;521;554;520;50.01;50.01;50.01;4266;1000;0.0;0;1.0000;0;0
600;2015-07-23 10:00:00;172602N232;1241;3.495;40;225;226;227;222;1.894;50.02;422.2;1.478;417.6;1.477;0.0;0.000;60;0;0;1.856;1.941;1.885;402;430;407;50.02;50.02;50.02;4266;1000;0.0;0;1.0000;0;0
600;2015-07-23 10:10:00;172602N232;1778;3.791;40;226;226;230;223;2.635;50.02;416.1;2.196;421.4;2.077;0.0;0.000;60;0;0;2.580;2.719;2.608;580;619;577;50.02;50.02;50.02;4266;1000;0.0;0;1.0000;0;0
600;2015-07-23 10:20:00;172602N232;3640;4.399;41;228;228;232;224;5.321;50.01;404.5;4.849;391.4;4.492;0.0;0.000;60;0;0;5.263;5.461;5.241;1198;1267;1173;50.01;50.01;50.01;4266;1000;0.0;0;1.0000;0;0
600;2015-07-23 10:30:00;172602N232;1060;4.575;41;225;226;227;223;1.840;50.03;395.2;1.381;403.0;1.246;0.0;0.000;60;0;0;1.876;1.862;1.784;337;371;351;50.03;50.03;50.03;4266;1000;0.0;0;1.0000;0;0
600;2015-07-23 10:40:00;172602N232;924;4.729;41;225;225;229;222;1.432;50.02;407.7;1.120;411.3;1.123;0.0;0.000;60;0;0;1.373;1.499;1.424;292;327;303;50.02;50.02;50.02;4266;1000;0.0;0;1.0000;0;0
600;2015-07-23 10:50:00;172602N232;1724;5.016;41;226;227;230;222;2.554;50.01;425.5;2.050;422.8;2.035;0.0;0.000;60;0;0;2.499;2.636;2.528;562;601;559;50.01;50.01;50.01;4266;1000;0.0;0;1.0000;0;0
600;2015-07-23 11:00:00;172602N232;2098;5.366;41;227;227;230;224;3.097;50.01;413.3;2.630;425.1;2.411;0.0;0.000;60;0;0;3.039;3.181;3.073;685;727;684;50.01;50.01;50.01;4266;1000;0.0;0;1.0000;0;0
600;2015-07-23 11:10:00;172602N232;4749;6.158;42;229;229;234;225;6.900;50.00;397.6;6.118;400.0;6.008;0.0;0.000;60;0;0;6.843;7.079;6.780;1566;1654;1527;50.00;50.00;50.00;4266;1000;0.0;0;1.0000;0;0
600;2015-07-23 11:20:00;172602N232;1237;6.365;42;226;226;227;225;1.855;49.98;397.6;1.592;401.6;1.512;0.0;0.000;60;0;0;1.807;1.896;1.864;399;424;412;49.98;49.98;49.98;4266;1000;0.0;0;1.0000;0;0
600;2015-07-23 11:30:00;172602N232;987;6.530;42;226;226;227;224;1.490;49.99;408.7;1.204;412.4;1.198;0.0;0.000;60;0;0;1.443;1.530;1.499;317;340;328;49.99;49.99;49.99;4266;1000;0.0;0;1.0000;0;0
600;2015-07-23 11:40:00;172602N232;2644;6.970;42;227;228;230;225;3.886;50.00;410.1;3.283;415.9;3.230;0.0;0.000;60;0;0;3.853;3.970;3.837;871;915;858;50.00;50.00;50.00;4266;1000;0.0;0;1.0000;0;0
600;2015-07-23 11:50:00;172602N232;4680;7.751;42;230;229;234;226;6.790;50.00;388.9;6.119;390.3;6.085;0.0;0.000;60;0;0;6.733;6.974;6.665;1542;1636;1504;50.00;50.00;50.00;4266;1000;0.0;0;1.0000;0;0
600;2015-07-23 12:00:00;172602N232;4409;8.487;43;229;229;234;224;6.403;50.01;385.3;5.842;385.2;5.817;0.0;0.000;60;0;0;6.354;6.597;6.258;1457;1543;1404;50.01;50.01;50.01;4266;1000;0.0;0;1.0000;0;0
600;2015-07-23 12:10:00;172602N232;2629;8.924;43;227;227;231;224;3.861;49.99;387.4;3.448;388.3;3.398;0.0;0.000;60;0;0;3.809;3.978;3.796;863;916;847;49.99;49.99;49.99;4266;1000;0.0;0;1.0000;0;0
600;2015-07-23 12:20:00;172602N232;4921;9.743;43;229;229;233;225;7.153;49.99;390.6;6.441;390.5;6.414;0.0;0.000;60;0;0;7.103;7.317;7.041;1625;1706;1587;49.99;49.99;49.99;4266;1000;0.0;0;1.0000;0;0
600;2015-07-23 12:30:00;172602N232;5472;10.654;44;229;229;234;225;7.952;50.00;377.9;7.394;378.1;7.361;0.0;0.000;60;0;0;7.898;8.149;7.810;1808;1902;1757;50.00;50.00;50.00;4266;1000;0.0;0;1.0000;0;0
600;2015-07-23 12:40:00;172602N232;5212;11.523;44;229;228;233;225;7.588;49.98;373.0;7.125;373.6;7.095;0.0;0.000;60;0;0;7.531;7.783;7.451;1721;1817;1672;49.98;49.98;49.98;4266;1000;0.0;0;1.0000;0;0
600;2015-07-23 12:50:00;172602N232;4530;12.280;44;228;228;232;225;6.611;49.99;376.7;6.131;377.7;6.099;0.0;0.000;60;0;0;6.562;6.771;6.500;1496;1571;1460;49.99;49.99;49.99;4266;1000;0.0;0;1.0000;0;0
600;2015-07-23 13:00:00;172602N232;5281;13.160;44;229;228;233;225;7.686;49.99;371.5;7.255;372.6;7.232;0.0;0.000;60;0;0;7.616;7.884;7.560;1736;1840;1704;49.99;49.99;49.99;4266;1000;0.0;0;1.0000;0;0
600;2015-07-23 13:10:00;172602N232;3838;13.798;44;228;227;232;225;5.604;49.98;372.1;5.284;372.1;5.252;0.0;0.000;60;0;0;5.535;5.747;5.530;1257;1337;1244;49.98;49.98;49.98;4266;1000;0.0;0;1.0000;0;0
600;2015-07-23 13:20:00;172602N232;2373;14.194;43;227;226;230;224;3.505;49.99;399.2;2.981;396.4;2.977;0.0;0.000;60;0;0;3.447;3.591;3.478;774;823;775;49.99;49.99;49.99;4266;1000;0.0;0;1.0000;0;0
600;2015-07-23 13:30:00;172602N232;1561;14.455;43;225;225;228;224;2.336;50.00;398.0;1.987;398.4;1.962;0.0;0.000;60;0;0;2.284;2.392;2.334;506;539;515;50.00;50.00;50.00;4266;1000;0.0;0;1.0000;0;0
600;2015-07-23 13:40:00;172602N232;1208;14.656;42;224;225;226;222;1.844;49.97;408.1;1.486;411.7;1.465;0.0;0.000;60;0;0;1.806;1.883;1.845;391;416;399;49.97;49.97;49.97;4266;1000;0.0;0;1.0000;0;0
600;2015-07-23 13:50:00;172602N232;4122;15.345;42;228;227;232;224;6.011;49.95;402.8;5.238;405.2;5.192;0.0;0.000;60;0;0;5.954;6.183;5.897;1357;1446;1321;49.95;49.95;49.95;4266;1000;0.0;0;1.0000;0;0
600;2015-07-23 14:00:00;172602N232;4282;16.060;42;228;228;232;224;6.253;49.97;390.0;5.599;388.6;5.579;0.0;0.000;60;0;0;6.222;6.410;6.129;1419;1495;1372;49.97;49.97;49.97;4266;1000;0.0;0;1.0000;0;0
600;2015-07-23 14:10:00;172602N232;5302;16.944;44;229;229;235;224;7.705;49.99;376.1;7.178;376.5;7.178;0.0;0.000;60;0;0;7.648;7.950;7.517;1751;1867;1684;49.99;49.99;49.99;4266;1000;0.0;0;1.0000;0;0
600;2015-07-23 14:20:00;172602N232;1601;17.211;43;226;226;229;223;2.381;50.00;392.8;2.037;387.2;2.081;0.0;0.000;60;0;0;2.335;2.445;2.365;522;553;523;50.00;50.00;50.00;4266;1000;0.0;0;1.0000;0;0
600;2015-07-23 14:30:00;172602N232;849;17.352;42;226;226;226;224;1.297;50.01;396.5;1.090;403.6;1.027;0.0;0.000;60;0;0;1.252;1.329;1.312;271;292;284;50.01;50.01;50.01;4266;1000;0.0;0;1.0000;0;0
600;2015-07-23 14:40:00;172602N232;687;17.466;42;225;226;226;225;1.060;50.00;408.3;0.836;407.5;0.833;0.0;0.000;60;0;0;1.010;1.092;1.079;216;237;232;50.00;50.00;50.00;4266;1000;0.0;0;1.0000;0;0
600;2015-07-23 14:50:00;172602N232;4240;18.173;42;229;229;232;226;6.168;49.99;400.6;5.410;402.7;5.379;0.0;0.000;60;0;0;6.133;6.293;6.080;1403;1460;1373;49.99;49.99;49.99;4266;1000;0.0;0;1.0000;0;0
600;2015-07-23 15:00:00;172602N232;3900;18.827;42;229;228;231;227;5.682;50.00;385.5;5.156;382.8;5.195;0.0;0.000;60;0;0;5.639;5.773;5.635;1288;1343;1275;50.00;50.00;50.00;4266;1000;0.0;0;1.0000;0;0
600;2015-07-23 15:10:00;172602N232;2305;19.211;42;227;227;230;226;3.395;50.00;394.3;2.957;392.2;2.943;0.0;0.000;60;0;0;3.347;3.456;3.383;753;793;758;50.00;50.00;50.00;4266;1000;0.0;0;1.0000;0;0
600;2015-07-23 15:20:00;172602N232;1599;19.478;42;227;227;228;225;2.377;50.00;401.2;2.018;397.4;2.024;0.0;0.000;60;0;0;2.335;2.421;2.376;520;549;528;50.00;50.00;50.00;4266;1000;0.0;0;1.0000;0;0
600;2015-07-23 15:30:00;172602N232;1187;19.675;42;225;226;226;224;1.798;50.01;402.3;1.465;406.2;1.473;0.0;0.000;60;0;0;1.770;1.819;1.807;387;403;395;50.01;50.01;50.01;4266;1000;0.0;0;1.0000;0;0
600;2015-07-23 15:40:00;172602N232;3409;20.243;42;227;228;230;225;5.003;49.99;401.4;4.310;400.1;4.304;0.0;0.000;60;0;0;4.974;5.095;4.942;1127;1172;1107;49.99;49.99;49.99;4266;1000;0.0;0;1.0000;0;0
600;2015-07-23 15:50:00;172602N232;3842;20.884;42;228;228;230;226;5.606;50.00;394.6;4.970;392.6;4.981;0.0;0.000;60;0;0;5.570;5.697;5.552;1272;1315;1252;50.00;50.00;50.00;4266;1000;0.0;0;1.0000;0;0
600;2015-07-23 16:00:00;172602N232;4250;21.592;42;228;228;232;225;6.204;50.00;388.3;5.564;388.1;5.563;0.0;0.000;60;0;0;6.157;6.330;6.127;1404;1465;1377;50.00;50.00;50.00;4266;1000;0.0;0;1.0000;0;0
600;2015-07-23 16:10:00;172602N232;2690;22.041;43;227;227;230;224;3.955;50.00;388.3;3.443;384.0;3.574;0.0;0.000;60;0;0;3.902;4.040;3.925;883;928;877;50.00;50.00;50.00;4266;1000;0.0;0;1.0000;0;0
600;2015-07-23 16:20:00;172602N232;1518;22.294;42;226;227;227;224;2.274;49.99;396.0;1.924;399.2;1.924;0.0;0.000;60;0;0;2.246;2.308;2.269;499;517;501;49.99;49.99;49.99;4266;1000;0.0;0;1.0000;0;0
600;2015-07-23 16:30:00;172602N232;2776;22.756;42;227;228;228;225;4.077;50.00;394.2;3.518;401.1;3.547;0.0;0.000;60;0;0;4.054;4.114;4.063;923;935;914;50.00;50.00;50.00;4266;1000;0.0;0;1.0000;0;0
600;2015-07-23 16:40:00;172602N232;2905;23.240;42;226;226;227;225;4.336;50.02;389.9;3.746;397.6;3.732;0.0;0.000;60;0;0;4.294;4.365;4.350;954;980;966;50.02;50.02;50.02;4266;1000;0.0;0;1.0000;0;0
600;2015-07-23 16:50:00;172602N232;3086;23.754;42;226;225;229;223;4.571;50.01;382.6;4.048;391.4;4.016;0.0;0.000;60;0;0;4.515;4.659;4.540;1012;1064;1009;50.01;50.01;50.01;4266;1000;0.0;0;1.0000;0;0
600;2015-07-23 17:00:00;172602N232;924;23.908;42;223;224;224;222;1.436;50.00;398.5;1.159;397.2;1.160;0.0;0.000;60;0;0;1.402;1.467;1.440;298;317;308;50.00;50.00;50.00;4266;1000;0.0;0;1.0000;0;0
600;2015-07-23 17:10:00;172602N232;1379;24.138;42;223;224;225;221;2.093;50.01;402.3;1.701;403.9;1.725;0.0;0.000;60;0;0;2.054;2.131;2.095;449;473;455;50.01;50.01;50.01;4266;1000;0.0;0;1.0000;0;0
600;2015-07-23 17:20:00;172602N232;1146;24.329;42;222;222;224;220;1.778;49.99;407.4;1.381;406.7;1.434;0.0;0.000;60;0;0;1.744;1.811;1.779;370;395;379;49.99;49.99;49.99;4266;1000;0.0;0;1.0000;0;0
600;2015-07-23 17:30:00;172602N232;1365;24.557;42;223;223;225;221;2.066;50.00;401.7;1.682;405.9;1.691;0.0;0.000;60;0;0;2.021;2.114;2.064;444;470;449;50.00;50.00;50.00;4266;1000;0.0;0;1.0000;0;0
600;2015-07-23 17:40:00;172602N232;914;24.709;42;222;223;223;221;1.401;50.02;400.3;1.131;404.6;1.133;0.0;0.000;60;0;0;1.353;1.436;1.416;293;314;305;50.02;50.02;50.02;4266;1000;0.0;0;1.0000;0;0
600;2015-07-23 17:50:00;172602N232;2051;25.051;42;224;224;227;220;3.071;50.01;387.9;2.604;406.1;2.582;0.0;0.000;60;0;0;3.021;3.149;3.044;672;710;666;50.01;50.01;50.01;4266;1000;0.0;0;1.0000;0;0
600;2015-07-23 18:00:00;172602N232;919;25.204;42;222;222;224;221;1.407;49.99;394.8;1.134;402.9;1.165;0.0;0.000;60;0;0;1.358;1.445;1.419;294;317;306;49.99;49.99;49.99;4266;1000;0.0;0;1.0000;0;0
600;2015-07-23 18:10:00;172602N232;926;25.359;41;222;222;225;219;1.420;49.98;402.1;1.137;406.6;1.147;0.0;0.000;60;0;0;1.372;1.469;1.420;296;325;304;49.98;49.98;49.98;4266;1000;0.0;0;1.0000;0;0
600;2015-07-23 18:20:00;172602N232;719;25.480;41;222;221;225;219;1.119;49.99;402.2;0.875;406.4;0.884;0.0;0.000;60;0;0;1.063;1.173;1.122;225;254;238;49.99;49.99;49.99;4266;1000;0.0;0;1.0000;0;0
600;2015-07-23 18:30:00;172602N232;1595;25.745;41;223;222;227;219;2.441;49.98;392.8;2.014;408.2;2.019;0.0;0.000;60;0;0;2.384;2.537;2.403;518;561;515;49.98;49.98;49.98;4266;1000;0.0;0;1.0000;0;0
600;2015-07-23 18:40:00;172602N232;1768;26.040;41;224;223;228;220;2.648;50.00;381.0;2.270;399.9;2.292;0.0;0.000;60;0;0;2.584;2.733;2.629;574;618;574;50.00;50.00;50.00;4266;1000;0.0;0;1.0000;0;0
600;2015-07-23 18:50:00;172602N232;1560;26.300;41;224;224;226;221;2.338;50.00;371.2;2.027;398.7;2.055;0.0;0.000;60;0;0;2.294;2.390;2.331;510;536;512;50.00;50.00;50.00;4266;1000;0.0;0;1.0000;0;0
600;2015-07-23 19:00:00;172602N232;1435;26.540;41;224;224;227;222;2.148;50.00;365.9;1.881;398.2;1.899;0.0;0.000;60;0;0;2.092;2.207;2.145;464;497;472;50.00;50.00;50.00;4266;1000;0.0;0;1.0000;0;0
600;2015-07-23 19:10:00;172602N232;1158;26.732;41;224;225;227;221;1.765;49.99;360.9;1.518;399.1;1.543;0.0;0.000;60;0;0;1.736;1.806;1.754;376;402;379;49.99;49.99;49.99;4266;1000;0.0;0;1.0000;0;0
600;2015-07-23 19:20:00;172602N232;1053;26.909;41;224;225;226;221;1.586;49.99;351.8;1.391;400.0;1.418;0.0;0.000;60;0;0;1.544;1.630;1.585;342;365;344;49.99;49.99;49.99;4266;1000;0.0;0;1.0000;0;0
600;2015-07-23 19:30:00;172602N232;874;27.055;41;224;224;225;222;1.402;49.99;337.8;1.175;399.2;1.201;0.0;0.000;60;0;0;1.416;1.399;1.393;283;297;292;49.99;49.99;49.99;4266;1000;0.0;0;1.0000;0;0
600;2015-07-23 19:40:00;172602N232;421;27.125;40;223;223;224;222;1.099;50.00;368.2;0.484;391.9;0.616;0.0;0.000;60;0;0;1.135;1.139;1.023;126;144;149;50.00;50.00;50.00;4266;1000;0.0;0;1.0000;0;0
600;2015-07-23 19:50:00;172602N232;385;27.189;40;222;222;224;222;1.174;50.00;419.1;0.245;389.7;0.693;0.0;0.000;60;0;0;1.136;1.252;1.134;112;133;138;50.00;50.00;50.00;4266;1000;0.0;0;1.0000;0;0
600;2015-07-23 20:00:00;172602N232;309;27.241;39;223;221;225;222;1.169;50.01;418.8;0.211;388.1;0.533;0.0;0.000;60;0;0;1.124;1.398;0.986;97;97;113;50.01;50.01;50.01;4266;1000;0.0;0;1.0000;0;0
600;2015-07-23 20:10:00;172602N232;265;27.285;39;224;223;226;222;1.120;50.00;395.8;0.218;377.2;0.440;0.0;0.000;60;0;0;1.080;1.346;0.935;76;83;103;50.00;50.00;50.00;4266;1000;0.0;0;1.0000;0;0
600;2015-07-23 20:20:00;172602N232;121;27.306;38;224;224;226;222;0.983;49.99;369.7;0.125;360.4;0.176;0.0;0.000;60;0;0;1.138;1.103;0.708;26;29;63;49.99;49.99;49.99;4266;1000;0.0;0;1.0000;0;0
600;2015-07-23 20:30:00;172602N232;60;27.315;38;223;222;225;223;0.856;49.98;349.1;0.066;362.6;0.070;0.0;0.000;60;0;0;0.714;1.190;0.665;25;1;42;49.98;49.98;49.98;4266;1000;0.0;0;1.0000;0;0
600;2015-07-23 20:40:00;172602N232;39;27.322;37;223;222;224;222;0.638;49.99;335.8;0.036;352.5;0.038;0.0;0.000;60;0;0;0.620;0.837;0.459;11;0;32;49.99;49.99;49.99;4266;1000;0.0;0;1.0000;0;0
600;2015-07-23 20:50:00;172602N232;13;27.325;37;223;223;225;220;0.315;49.99;274.6;0.006;275.4;0.009;0.0;0.000;60;0;0;0.429;0.359;0.157;12;0;10;49.99;49.99;49.99;4266;1000;0.0;0;1.0000;0;0
600;2015-07-23 21:00:00;172602N232;1;27.325;37;223;223;225;221;0.070;50.00;251.3;0.000;251.6;0.000;0.0;0.000;60;0;0;0.070;0.092;0.050;0;0;2;50.00;50.00;50.00;4266;1000;0.0;0;1.0000;0;0
600;2015-07-23 21:10:00;172602N232;0;27.325;35;223;223;226;221;0.002;50.00;242.9;0.000;243.5;0.000;0.0;0.000;50;0;0;0.000;0.008;0.000;0;0;0;50.00;50.00;50.00;4266;1000;0.0;0;1.0000;0;0
600;2015-07-23 21:20:00;172602N232;0;27.325;35;223;223;226;221;0.000;50.01;232.3;0.000;233.3;0.000;0.0;0.000;50;0;0;0.000;0.000;0.000;0;0;0;50.01;50.01;50.01;4266;1000;0.0;0;1.0000;0;0
600;2015-07-23 21:30:00;172602N232;0;27.325;34;224;223;226;221;0.000;50.02;231.6;0.000;232.5;0.000;0.0;0.000;50;0;0;0.000;0.000;0.000;0;0;0;50.02;50.02;50.02;4266;1000;0.0;0;1.0000;0;0
600;2015-07-23 21:40:00;172602N232;0;27.325;34;223;223;227;220;0.000;49.99;228.2;0.000;229.1;0.000;0.0;0.000;50;0;0;0.000;0.000;0.000;0;0;0;49.99;49.99;49.99;4266;1000;0.0;0;1.0000;0;0
[wr_ende]
