20130131;230009;172602N232;My Plant;+0100
[wr_def_start]
172602N232;Inverter Type;Inverter Group;72602N232      
[wr_def_end]
[wr]
INTERVAL;TIMESTAMP;SERIAL;P_AC;E_DAY;T_WR;U_AC;U_AC_1;U_AC_2;U_AC_3;I_AC;F_AC;U_DC_1;I_DC_1;U_DC_2;I_DC_2;U_DC_3;I_DC_3;S;E_WR;M_WR;I_AC_1;I_AC_2;I_AC_3;P_AC_1;P_AC_2;P_AC_3;F_AC_1;F_AC_2;F_AC_3;R_DC;PC;PCS;PCS_LL;COS_PHI;COS_PHI_LL;S_COS_PHI
600;2013-01-31 08:00:00;172602N232;0;0.000;0;1;1;1;1;0.000;0.41;1.7;0.000;1.7;0.000;0.0;0.000;50;0;0;0.000;0.000;0.000;0;0;0;0.41;0.41;0.41;29;1000;0.0;0;1.0000;0;0
600;2013-01-31 08:10:00;172602N232;0;0.000;17;220;220;223;217;0.000;50.01;229.8;0.000;230.8;0.000;0.0;0.000;50;0;0;0.000;0.000;0.000;0;0;0;50.01;50.01;50.01;0;1000;0.0;0;1.0000;0;0
600;2013-01-31 08:20:00;172602N232;0;0.000;18;220;220;223;217;0.000;50.00;244.3;0.000;245.2;0.000;0.0;0.000;50;0;0;0.000;0.000;0.000;0;0;0;50.00;50.00;50.00;0;1000;0.0;0;1.0000;0;0
600;2013-01-31 08:30:00;172602N232;8;0.001;19;221;221;223;219;0.212;49.99;295.8;0.005;295.1;0.005;0.0;0.000;60;0;0;0.238;0.251;0.147;1;0;9;49.99;49.99;49.99;6269;1000;0.0;0;1.0000;0;0
600;2013-01-31 08:40:00;172602N232;63;0.010;19;221;221;222;220;0.767;49.99;376.6;0.072;380.5;0.063;0.0;0.000;60;0;0;0.869;0.858;0.575;5;16;41;49.99;49.99;49.99;8049;1000;0.0;0;1.0000;0;0
600;2013-01-31 08:50:00;172602N232;86;0.025;20;221;220;223;221;0.795;49.99;388.2;0.101;393.4;0.088;0.0;0.000;60;0;0;0.771;0.999;0.616;19;17;47;49.99;49.99;49.99;8049;1000;0.0;0;1.0000;0;0
600;2013-01-31 09:00:00;172602N232;94;0.041;21;220;220;222;219;0.890;50.00;394.0;0.110;395.6;0.098;0.0;0.000;60;0;0;0.853;1.122;0.696;20;15;57;50.00;50.00;50.00;8049;1000;0.0;0;1.0000;0;0
600;2013-01-31 09:10:00;172602N232;149;0.066;21;221;221;222;219;0.983;50.01;404.3;0.180;409.5;0.157;0.0;0.000;60;0;0;1.083;1.100;0.768;18;53;76;50.01;50.01;50.01;8049;1000;0.0;0;1.0000;0;0
600;2013-01-31 09:20:00;172602N232;162;0.093;22;221;221;222;219;0.968;50.01;409.3;0.190;411.2;0.175;0.0;0.000;60;0;0;1.027;1.118;0.759;24;56;79;50.01;50.01;50.01;8049;1000;0.0;0;1.0000;0;0
600;2013-01-31 09:30:00;172602N232;117;0.113;23;220;221;222;219;0.946;50.01;396.7;0.135;399.7;0.130;0.0;0.000;60;0;0;1.095;1.004;0.741;8;44;66;50.01;50.01;50.01;8049;1000;0.0;0;1.0000;0;0
600;2013-01-31 09:40:00;172602N232;220;0.150;23;220;221;220;219;1.065;50.01;413.6;0.263;414.9;0.240;0.0;0.000;60;0;0;1.371;0.955;0.869;46;99;74;50.01;50.01;50.01;8049;1000;0.0;0;1.0000;0;0
600;2013-01-31 09:50:00;172602N232;284;0.197;24;220;220;222;218;1.098;50.01;430.0;0.339;422.3;0.296;0.0;0.000;60;0;0;1.172;1.222;0.901;70;106;107;50.01;50.01;50.01;8049;1000;0.0;0;1.0000;0;0
600;2013-01-31 10:00:00;172602N232;350;0.256;24;221;220;222;219;1.158;50.01;440.7;0.418;436.5;0.352;0.0;0.000;60;0;0;1.176;1.241;1.059;99;119;130;50.01;50.01;50.01;8049;1000;0.0;0;1.0000;0;0
600;2013-01-31 10:10:00;172602N232;404;0.324;25;222;223;224;220;1.153;50.02;423.6;0.487;428.5;0.438;0.0;0.000;60;0;0;1.202;1.206;1.051;123;144;135;50.02;50.02;50.02;8049;1000;0.0;0;1.0000;0;0
600;2013-01-31 10:20:00;172602N232;473;0.402;25;222;223;224;220;1.158;50.01;429.3;0.569;434.2;0.506;0.0;0.000;60;0;0;1.208;1.179;1.089;147;166;158;50.01;50.01;50.01;8049;1000;0.0;0;1.0000;0;0
600;2013-01-31 10:30:00;172602N232;575;0.498;26;223;223;225;221;0.943;50.00;430.2;0.687;432.8;0.628;0.0;0.000;60;0;0;0.912;0.980;0.938;180;201;192;50.00;50.00;50.00;8049;1000;0.0;0;1.0000;0;0
600;2013-01-31 10:40:00;172602N232;364;0.559;26;223;222;224;222;1.143;49.99;421.6;0.430;420.7;0.411;0.0;0.000;60;0;0;1.160;1.228;1.043;107;128;128;49.99;49.99;49.99;8049;1000;0.0;0;1.0000;0;0
600;2013-01-31 10:50:00;172602N232;502;0.643;27;223;222;224;222;0.955;50.00;429.2;0.593;427.0;0.564;0.0;0.000;60;0;0;0.936;0.989;0.941;151;177;172;50.00;50.00;50.00;8049;1000;0.0;0;1.0000;0;0
600;2013-01-31 11:00:00;172602N232;633;0.749;27;223;222;225;222;1.007;49.99;437.0;0.751;432.0;0.689;0.0;0.000;60;0;0;0.952;1.049;1.021;197;221;213;49.99;49.99;49.99;8049;1000;0.0;0;1.0000;0;0
600;2013-01-31 11:10:00;172602N232;612;0.851;28;222;222;223;221;0.970;50.00;429.4;0.812;436.7;0.593;0.0;0.000;60;0;0;0.922;1.005;0.984;192;212;206;50.00;50.00;50.00;8049;1000;0.0;0;1.0000;0;0
600;2013-01-31 11:20:00;172602N232;830;0.990;28;223;222;224;222;1.288;50.00;435.2;1.175;448.0;0.702;0.0;0.000;60;0;0;1.238;1.326;1.300;264;286;278;50.00;50.00;50.00;8049;1000;0.0;0;1.0000;0;0
600;2013-01-31 11:30:00;172602N232;888;1.138;28;223;222;225;222;1.374;49.99;452.3;1.289;462.8;0.636;0.0;0.000;60;0;0;1.317;1.416;1.389;281;307;298;49.99;49.99;49.99;8049;1000;0.0;0;1.0000;0;0
600;2013-01-31 11:40:00;172602N232;871;1.282;29;224;223;225;222;1.349;50.00;434.5;1.072;440.4;0.902;0.0;0.000;60;0;0;1.303;1.385;1.359;277;301;291;50.00;50.00;50.00;8049;1000;0.0;0;1.0000;0;0
600;2013-01-31 11:50:00;172602N232;621;1.386;29;224;224;225;222;1.157;50.01;425.9;0.765;431.4;0.669;0.0;0.000;60;0;0;1.189;1.164;1.119;202;214;204;50.01;50.01;50.01;8049;1000;0.0;0;1.0000;0;0
600;2013-01-31 12:00:00;172602N232;436;1.459;29;223;223;224;221;1.077;49.99;420.0;0.530;422.1;0.478;0.0;0.000;60;0;0;1.092;1.133;1.008;127;155;152;49.99;49.99;49.99;8049;1000;0.0;0;1.0000;0;0
600;2013-01-31 12:10:00;172602N232;386;1.524;30;223;222;224;221;1.108;50.00;417.5;0.457;416.3;0.435;0.0;0.000;60;0;0;1.134;1.254;0.936;110;140;133;50.00;50.00;50.00;8049;1000;0.0;0;1.0000;0;0
600;2013-01-31 12:20:00;172602N232;580;1.621;30;223;223;225;221;1.221;50.01;428.2;0.688;426.4;0.646;0.0;0.000;60;0;0;1.225;1.264;1.174;177;203;197;50.01;50.01;50.01;8049;1000;0.0;0;1.0000;0;0
600;2013-01-31 12:30:00;172602N232;238;1.660;30;222;222;224;221;1.060;49.99;413.8;0.276;409.3;0.272;0.0;0.000;60;0;0;1.155;1.215;0.810;56;93;87;49.99;49.99;49.99;8049;1000;0.0;0;1.0000;0;0
600;2013-01-31 12:40:00;172602N232;164;1.687;30;222;222;223;221;1.007;50.00;403.1;0.190;401.1;0.188;0.0;0.000;60;0;0;1.276;0.939;0.807;31;70;60;50.00;50.00;50.00;8049;1000;0.0;0;1.0000;0;0
600;2013-01-31 12:50:00;172602N232;334;1.743;29;222;222;223;222;1.122;50.01;422.7;0.387;418.5;0.381;0.0;0.000;60;0;0;1.186;1.175;1.007;99;125;108;50.01;50.01;50.01;8049;1000;0.0;0;1.0000;0;0
600;2013-01-31 13:00:00;172602N232;237;1.783;29;220;221;222;218;1.078;49.99;416.3;0.274;411.3;0.270;0.0;0.000;60;0;0;1.204;1.190;0.842;49;92;94;49.99;49.99;49.99;8049;1000;0.0;0;1.0000;0;0
600;2013-01-31 13:10:00;172602N232;176;1.814;29;220;220;221;219;0.968;50.01;407.7;0.204;405.1;0.200;0.0;0.000;60;0;0;1.040;1.110;0.755;29;72;73;50.01;50.01;50.01;8049;1000;0.0;0;1.0000;0;0
600;2013-01-31 13:20:00;172602N232;258;1.857;29;220;220;221;219;1.030;50.01;417.3;0.300;416.3;0.290;0.0;0.000;60;0;0;1.088;1.096;0.908;59;100;97;50.01;50.01;50.01;8049;1000;0.0;0;1.0000;0;0
600;2013-01-31 13:30:00;172602N232;454;1.932;29;220;221;220;220;0.899;49.99;430.1;0.532;430.6;0.502;0.0;0.000;60;0;0;0.886;0.927;0.886;140;162;151;49.99;49.99;49.99;8049;1000;0.0;0;1.0000;0;0
600;2013-01-31 13:40:00;172602N232;526;2.020;29;221;222;222;219;1.060;50.00;433.2;0.612;432.4;0.586;0.0;0.000;60;0;0;1.096;1.074;1.010;169;184;172;50.00;50.00;50.00;8049;1000;0.0;0;1.0000;0;0
600;2013-01-31 13:50:00;172602N232;568;2.115;29;222;223;223;220;1.178;50.01;436.2;0.654;431.2;0.638;0.0;0.000;60;0;0;1.285;1.124;1.127;188;190;187;50.01;50.01;50.01;8049;1000;0.0;0;1.0000;0;0
600;2013-01-31 14:00:00;172602N232;411;2.183;29;222;223;223;221;1.160;49.98;426.6;0.476;423.4;0.464;0.0;0.000;60;0;0;1.246;1.167;1.068;128;148;133;49.98;49.98;49.98;8049;1000;0.0;0;1.0000;0;0
600;2013-01-31 14:10:00;172602N232;322;2.238;29;221;222;222;220;1.144;49.99;419.9;0.377;419.7;0.364;0.0;0.000;60;0;0;1.246;1.163;1.024;85;122;113;49.99;49.99;49.99;8049;1000;0.0;0;1.0000;0;0
600;2013-01-31 14:20:00;172602N232;317;2.290;29;221;221;222;219;1.153;50.00;417.2;0.371;418.2;0.362;0.0;0.000;60;0;0;1.277;1.132;1.051;87;113;115;50.00;50.00;50.00;8049;1000;0.0;0;1.0000;0;0
600;2013-01-31 14:30:00;172602N232;267;2.334;29;220;221;222;218;1.140;50.01;413.6;0.312;415.0;0.305;0.0;0.000;60;0;0;1.293;1.203;0.925;64;99;101;50.01;50.01;50.01;8049;1000;0.0;0;1.0000;0;0
600;2013-01-31 14:40:00;172602N232;213;2.371;29;220;220;221;220;1.073;50.00;411.7;0.248;410.3;0.242;0.0;0.000;60;0;0;1.138;1.214;0.868;44;84;83;50.00;50.00;50.00;8049;1000;0.0;0;1.0000;0;0
600;2013-01-31 14:50:00;172602N232;339;2.427;29;221;221;222;220;1.122;50.02;424.6;0.389;420.2;0.388;0.0;0.000;60;0;0;1.208;1.129;1.029;97;127;112;50.02;50.02;50.02;8049;1000;0.0;0;1.0000;0;0
600;2013-01-31 15:00:00;172602N232;322;2.481;29;221;222;222;220;1.140;50.01;425.8;0.369;420.7;0.365;0.0;0.000;60;0;0;1.256;1.142;1.023;95;119;106;50.01;50.01;50.01;8049;1000;0.0;0;1.0000;0;0
600;2013-01-31 15:10:00;172602N232;237;2.521;29;220;220;221;219;1.066;50.01;419.5;0.271;414.4;0.268;0.0;0.000;60;0;0;1.202;1.213;0.783;55;98;82;50.01;50.01;50.01;8049;1000;0.0;0;1.0000;0;0
600;2013-01-31 15:20:00;172602N232;207;2.556;29;219;219;220;218;1.003;50.01;417.9;0.234;411.7;0.234;0.0;0.000;60;0;0;1.180;1.093;0.737;45;83;77;50.01;50.01;50.01;8049;1000;0.0;0;1.0000;0;0
600;2013-01-31 15:30:00;172602N232;179;2.585;29;220;219;222;218;0.964;50.00;412.3;0.204;410.2;0.200;0.0;0.000;60;0;0;0.878;1.301;0.714;32;63;83;50.00;50.00;50.00;8049;1000;0.0;0;1.0000;0;0
600;2013-01-31 15:40:00;172602N232;126;2.606;29;219;220;220;218;0.926;49.97;403.3;0.143;401.9;0.140;0.0;0.000;60;0;0;1.138;0.926;0.714;13;53;61;49.97;49.97;49.97;8049;1000;0.0;0;1.0000;0;0
600;2013-01-31 15:50:00;172602N232;63;2.617;29;220;220;220;219;0.687;49.97;378.0;0.066;381.0;0.065;0.0;0.000;60;0;0;0.821;0.718;0.522;3;25;35;49.97;49.97;49.97;8049;1000;0.0;0;1.0000;0;0
600;2013-01-31 16:00:00;172602N232;31;2.622;28;220;220;222;219;0.528;50.04;333.3;0.029;352.7;0.028;0.0;0.000;60;0;0;0.527;0.696;0.362;8;2;25;50.04;50.04;50.04;8049;1000;0.0;0;1.0000;0;0
600;2013-01-31 16:10:00;172602N232;25;2.627;28;220;220;221;219;0.480;50.03;335.6;0.019;353.4;0.019;0.0;0.000;60;0;0;0.505;0.602;0.335;6;4;21;50.03;50.03;50.03;8049;1000;0.0;0;1.0000;0;0
600;2013-01-31 16:20:00;172602N232;18;2.630;28;220;220;221;218;0.387;49.98;306.2;0.014;310.5;0.015;0.0;0.000;60;0;0;0.481;0.417;0.264;2;5;18;49.98;49.98;49.98;8049;1000;0.0;0;1.0000;0;0
600;2013-01-31 16:30:00;172602N232;7;2.632;28;219;220;220;218;0.240;50.00;266.9;0.000;253.9;0.003;0.0;0.000;60;0;0;0.329;0.229;0.164;1;4;9;50.00;50.00;50.00;8049;1000;0.0;0;1.0000;0;0
600;2013-01-31 16:40:00;172602N232;5;2.633;28;219;218;221;217;0.158;49.99;262.5;0.002;258.1;0.003;0.0;0.000;60;0;0;0.136;0.230;0.109;2;0;6;49.99;49.99;49.99;8049;1000;0.0;0;1.0000;0;0
600;2013-01-31 16:50:00;172602N232;0;2.633;27;218;217;222;215;0.000;49.98;268.2;0.000;267.8;0.000;0.0;0.000;51;0;0;0.000;0.000;0.000;0;0;0;49.98;49.98;49.99;6592;1000;0.0;0;1.0000;0;0
600;2013-01-31 17:00:00;172602N232;0;2.633;25;221;221;224;218;0.000;50.03;229.3;0.000;230.3;0.000;0.0;0.000;51;0;0;0.000;0.000;0.000;0;0;0;50.03;50.03;50.03;5600;1000;0.0;0;1.0000;0;0
[wr_ende]
