20160416;230000;172602N232;My Plant;+0100
[wr_def_start]
172602N232;Inverter Type;Inverter Group;72602N232      
[wr_def_end]
[wr]
INTERVAL;TIMESTAMP;SERIAL;P_AC;E_DAY;T_WR;U_AC;U_AC_1;U_AC_2;U_AC_3;I_AC;F_AC;U_DC_1;I_DC_1;U_DC_2;I_DC_2;U_DC_3;I_DC_3;S;E_WR;M_WR;I_AC_1;I_AC_2;I_AC_3;P_AC_1;P_AC_2;P_AC_3;F_AC_1;F_AC_2;F_AC_3;R_DC;PC;PCS;PCS_LL;COS_PHI;COS_PHI_LL;S_COS_PHI
600;2016-04-16 05:40:00;172602N232;0;0.000;0;6;6;6;5;0.000;1.34;6.0;0.000;6.1;0.000;0.0;0.000;50;0;0;0.000;0.000;0.000;0;0;0;1.34;1.34;1.34;51;1000;0.0;0;1.0000;0;0
600;2016-04-16 05:50:00;172602N232;0;0.000;20;226;226;228;223;0.000;50.00;227.7;0.000;228.7;0.000;0.0;0.000;50;0;0;0.000;0.000;0.000;0;0;0;50.00;50.00;50.00;0;1000;0.0;0;1.0000;0;0
600;2016-04-16 06:00:00;172602N232;0;0.000;21;226;226;228;222;0.000;50.00;229.6;0.000;230.5;0.000;0.0;0.000;50;0;0;0.000;0.000;0.000;0;0;0;50.00;50.00;50.00;0;1000;0.0;0;1.0000;0;0
600;2016-04-16 06:10:00;172602N232;0;0.000;22;225;227;228;222;0.000;49.99;231.8;0.000;232.7;0.000;0.0;0.000;50;0;0;0.000;0.000;0.000;0;0;0;49.99;49.99;49.99;0;1000;0.0;0;1.0000;0;0
600;2016-04-16 06:20:00;172602N232;0;0.000;22;225;225;227;223;0.001;49.98;276.0;0.000;275.8;0.000;0.0;0.000;60;0;0;0.002;0.001;0.001;0;0;0;49.98;49.98;49.98;2184;1000;0.0;0;1.0000;0;0
600;2016-04-16 06:30:00;172602N232;0;0.000;22;225;225;226;224;0.000;50.02;281.5;0.000;280.5;0.000;0.0;0.000;51;0;0;0.001;0.000;0.000;0;0;0;50.02;50.02;50.02;4933;1000;0.0;0;1.0000;0;0
600;2016-04-16 06:40:00;172602N232;0;0.000;22;224;224;226;223;0.001;50.00;279.3;0.000;278.5;0.000;0.0;0.000;60;0;0;0.002;0.002;0.001;0;0;0;50.00;50.00;50.00;4635;1000;0.0;0;1.0000;0;0
600;2016-04-16 06:50:00;172602N232;0;0.000;23;224;224;225;223;0.042;49.99;269.1;0.000;268.5;0.000;0.0;0.000;60;0;0;0.057;0.035;0.035;0;1;1;49.99;49.99;49.99;4632;1000;0.0;0;1.0000;0;0
600;2016-04-16 07:00:00;172602N232;25;0.004;23;224;224;225;223;0.460;49.99;316.8;0.017;330.0;0.020;0.0;0.000;60;0;0;0.487;0.577;0.318;8;0;21;49.99;49.99;49.99;4511;1000;0.0;0;1.0000;0;0
600;2016-04-16 07:10:00;172602N232;49;0.013;23;224;224;225;222;0.712;49.98;362.0;0.046;371.6;0.049;0.0;0.000;60;0;0;0.858;0.741;0.538;1;19;39;49.98;49.98;49.98;4511;1000;0.0;0;1.0000;0;0
600;2016-04-16 07:20:00;172602N232;33;0.018;24;224;224;226;222;0.560;49.98;337.8;0.027;354.2;0.030;0.0;0.000;60;0;0;0.586;0.710;0.384;8;5;27;49.98;49.98;49.98;4511;1000;0.0;0;1.0000;0;0
600;2016-04-16 07:30:00;172602N232;25;0.022;24;223;223;225;221;0.488;50.00;317.4;0.017;347.6;0.020;0.0;0.000;60;0;0;0.534;0.582;0.348;7;3;22;50.00;50.00;50.00;4511;1000;0.0;0;1.0000;0;0
600;2016-04-16 07:40:00;172602N232;53;0.030;24;223;223;225;221;0.749;50.00;360.0;0.051;370.3;0.055;0.0;0.000;60;0;0;0.808;0.877;0.564;3;10;42;50.00;50.00;50.00;4511;1000;0.0;0;1.0000;0;0
600;2016-04-16 07:50:00;172602N232;65;0.042;25;223;223;225;221;0.903;49.99;377.0;0.068;381.3;0.071;0.0;0.000;60;0;0;0.970;1.041;0.700;3;12;53;49.99;49.99;49.99;4511;1000;0.0;0;1.0000;0;0
600;2016-04-16 08:00:00;172602N232;70;0.053;25;222;222;224;221;0.893;50.00;381.1;0.073;383.4;0.076;0.0;0.000;60;0;0;0.929;1.033;0.719;6;13;50;50.00;50.00;50.00;4511;1000;0.0;0;1.0000;0;0
600;2016-04-16 08:10:00;172602N232;97;0.070;25;222;223;223;221;0.891;49.99;392.5;0.105;392.1;0.108;0.0;0.000;60;0;0;1.052;0.888;0.734;9;36;57;49.99;49.99;49.99;4511;1000;0.0;0;1.0000;0;0
600;2016-04-16 08:20:00;172602N232;94;0.086;25;222;222;223;221;0.893;49.99;389.7;0.102;391.6;0.104;0.0;0.000;60;0;0;1.050;0.904;0.726;4;33;58;49.99;49.99;49.99;4511;1000;0.0;0;1.0000;0;0
600;2016-04-16 08:30:00;172602N232;74;0.098;26;222;222;223;221;0.888;50.00;384.7;0.077;383.9;0.081;0.0;0.000;60;0;0;1.110;0.835;0.719;4;32;42;50.00;50.00;50.00;4511;1000;0.0;0;1.0000;0;0
600;2016-04-16 08:40:00;172602N232;101;0.115;26;222;222;223;221;0.881;50.00;393.8;0.109;392.6;0.112;0.0;0.000;60;0;0;0.962;0.965;0.717;10;29;60;50.00;50.00;50.00;4511;1000;0.0;0;1.0000;0;0
600;2016-04-16 08:50:00;172602N232;273;0.161;26;221;221;223;221;1.088;50.01;421.5;0.306;415.9;0.312;0.0;0.000;60;0;0;1.138;1.181;0.946;79;95;98;50.01;50.01;50.01;4511;1000;0.0;0;1.0000;0;0
600;2016-04-16 09:00:00;172602N232;316;0.214;26;222;222;223;221;1.148;50.01;425.0;0.354;417.9;0.363;0.0;0.000;60;0;0;1.252;1.206;0.986;86;120;109;50.01;50.01;50.01;4511;1000;0.0;0;1.0000;0;0
600;2016-04-16 09:10:00;172602N232;371;0.276;27;222;222;223;220;1.156;50.03;428.6;0.417;420.3;0.427;0.0;0.000;60;0;0;1.205;1.205;1.060;101;137;131;50.03;50.03;50.03;4511;1000;0.0;0;1.0000;0;0
600;2016-04-16 09:20:00;172602N232;358;0.336;27;221;222;222;220;0.971;50.02;427.9;0.402;419.3;0.414;0.0;0.000;60;0;0;1.028;0.977;0.910;103;131;122;50.02;50.02;50.02;4511;1000;0.0;0;1.0000;0;0
600;2016-04-16 09:30:00;172602N232;430;0.407;27;221;222;222;220;0.970;49.99;429.0;0.487;422.1;0.498;0.0;0.000;60;0;0;0.981;1.009;0.920;133;157;138;49.99;49.99;49.99;4511;1000;0.0;0;1.0000;0;0
600;2016-04-16 09:40:00;172602N232;370;0.469;28;220;219;222;220;0.764;50.00;423.2;0.420;418.9;0.430;0.0;0.000;60;0;0;0.721;0.838;0.733;111;129;128;50.00;50.00;50.00;4511;1000;0.0;0;1.0000;0;0
600;2016-04-16 09:50:00;172602N232;422;0.540;28;220;218;222;219;0.923;50.00;417.8;0.490;420.9;0.490;0.0;0.000;60;0;0;0.874;1.013;0.882;130;145;145;50.00;50.00;50.00;4511;1000;0.0;0;1.0000;0;0
600;2016-04-16 10:00:00;172602N232;555;0.633;28;220;219;222;219;0.881;50.01;418.9;0.649;426.7;0.645;0.0;0.000;60;0;0;0.822;0.926;0.896;170;195;187;50.01;50.01;50.01;4511;1000;0.0;0;1.0000;0;0
600;2016-04-16 10:10:00;172602N232;463;0.710;29;220;218;224;219;0.743;50.00;421.6;0.535;424.0;0.537;0.0;0.000;60;0;0;0.678;0.793;0.759;138;166;157;50.00;50.00;50.00;4511;1000;0.0;0;1.0000;0;0
600;2016-04-16 10:20:00;172602N232;484;0.790;29;220;218;223;219;0.773;50.00;423.3;0.557;424.4;0.561;0.0;0.000;60;0;0;0.712;0.823;0.785;146;173;163;50.00;50.00;50.00;4511;1000;0.0;0;1.0000;0;0
600;2016-04-16 10:30:00;172602N232;489;0.873;29;220;221;223;215;0.911;49.99;421.9;0.565;424.4;0.567;0.0;0.000;60;0;0;0.906;0.962;0.865;154;176;156;49.99;49.99;49.99;4511;1000;0.0;0;1.0000;0;0
600;2016-04-16 10:40:00;172602N232;436;0.945;29;220;222;222;215;0.927;49.97;424.3;0.499;421.2;0.507;0.0;0.000;60;0;0;0.927;0.966;0.890;136;159;139;49.97;49.97;49.97;4511;1000;0.0;0;1.0000;0;0
600;2016-04-16 10:50:00;172602N232;380;1.009;30;220;222;223;216;1.238;50.00;426.5;0.428;418.3;0.443;0.0;0.000;60;0;0;1.405;1.277;1.034;106;137;135;50.00;50.00;50.00;4511;1000;0.0;0;1.0000;0;0
600;2016-04-16 11:00:00;172602N232;439;1.082;30;220;221;223;217;0.945;49.99;429.1;0.495;419.7;0.511;0.0;0.000;60;0;0;0.977;0.996;0.862;137;161;139;49.99;49.99;49.99;4511;1000;0.0;0;1.0000;0;0
600;2016-04-16 11:10:00;172602N232;478;1.162;30;221;220;222;219;0.763;50.01;429.3;0.542;419.3;0.560;0.0;0.000;60;0;0;0.707;0.806;0.778;145;169;161;50.01;50.01;50.01;4511;1000;0.0;0;1.0000;0;0
600;2016-04-16 11:20:00;172602N232;423;1.233;30;223;223;224;221;0.681;50.02;425.9;0.482;416.4;0.498;0.0;0.000;60;0;0;0.633;0.718;0.692;129;150;143;50.02;50.02;50.02;4511;1000;0.0;0;1.0000;0;0
600;2016-04-16 11:30:00;172602N232;357;1.293;30;223;223;223;222;0.897;50.00;422.1;0.407;413.8;0.420;0.0;0.000;60;0;0;0.921;0.909;0.863;106;132;117;50.00;50.00;50.00;4511;1000;0.0;0;1.0000;0;0
600;2016-04-16 11:40:00;172602N232;324;1.346;30;223;223;222;223;1.177;49.99;420.3;0.368;411.6;0.381;0.0;0.000;60;0;0;1.252;1.101;1.180;88;129;104;49.99;49.99;49.99;4511;1000;0.0;0;1.0000;0;0
600;2016-04-16 11:50:00;172602N232;260;1.390;30;223;224;223;223;1.094;49.99;415.3;0.294;406.5;0.305;0.0;0.000;60;0;0;1.312;1.131;0.841;69;115;74;49.99;49.99;49.99;4511;1000;0.0;0;1.0000;0;0
600;2016-04-16 12:00:00;172602N232;205;1.424;30;223;223;223;223;0.987;49.98;409.7;0.230;401.2;0.239;0.0;0.000;60;0;0;1.206;0.981;0.775;54;84;65;49.98;49.98;49.98;4511;1000;0.0;0;1.0000;0;0
600;2016-04-16 12:10:00;172602N232;235;1.463;30;223;223;224;223;1.053;50.01;415.1;0.265;405.2;0.275;0.0;0.000;60;0;0;1.156;1.158;0.846;59;97;77;50.01;50.01;50.01;4511;1000;0.0;0;1.0000;0;0
600;2016-04-16 12:20:00;172602N232;297;1.513;30;223;223;224;223;1.132;50.01;420.4;0.336;410.8;0.347;0.0;0.000;60;0;0;1.155;1.260;0.982;85;106;104;50.01;50.01;50.01;4511;1000;0.0;0;1.0000;0;0
600;2016-04-16 12:30:00;172602N232;507;1.597;30;223;223;224;223;1.175;49.98;429.7;0.574;420.0;0.593;0.0;0.000;60;0;0;1.238;1.168;1.121;164;174;167;49.98;49.98;49.98;4511;1000;0.0;0;1.0000;0;0
600;2016-04-16 12:40:00;172602N232;727;1.720;30;224;225;225;223;1.115;50.02;429.9;0.831;423.6;0.854;0.0;0.000;60;0;0;1.068;1.153;1.124;230;252;243;50.02;50.02;50.02;4511;1000;0.0;0;1.0000;0;0
600;2016-04-16 12:50:00;172602N232;655;1.828;30;224;224;225;224;1.171;50.01;426.6;0.754;422.3;0.768;0.0;0.000;60;0;0;1.116;1.224;1.174;207;229;216;50.01;50.01;50.01;4511;1000;0.0;0;1.0000;0;0
600;2016-04-16 13:00:00;172602N232;990;1.994;30;224;224;225;223;1.518;49.99;430.0;1.139;429.4;1.156;0.0;0.000;60;0;0;1.477;1.543;1.535;317;338;333;49.99;49.99;49.99;4511;1000;0.0;0;1.0000;0;0
600;2016-04-16 13:10:00;172602N232;875;2.140;30;224;223;226;223;1.334;50.02;435.2;0.993;425.1;1.030;0.0;0.000;60;0;0;1.284;1.368;1.352;277;302;295;50.02;50.02;50.02;4511;1000;0.0;0;1.0000;0;0
600;2016-04-16 13:20:00;172602N232;741;2.264;31;224;223;226;223;1.213;50.03;428.7;0.848;418.3;0.882;0.0;0.000;60;0;0;1.242;1.209;1.188;239;255;245;50.03;50.03;50.03;4511;1000;0.0;0;1.0000;0;0
600;2016-04-16 13:30:00;172602N232;612;2.366;31;224;224;225;223;0.956;49.98;425.6;0.707;416.5;0.728;0.0;0.000;60;0;0;0.906;0.995;0.968;191;214;206;49.98;49.98;49.98;4511;1000;0.0;0;1.0000;0;0
600;2016-04-16 13:40:00;172602N232;436;2.438;31;224;224;224;223;1.119;49.99;418.7;0.503;410.0;0.520;0.0;0.000;60;0;0;1.161;1.153;1.045;136;164;134;49.99;49.99;49.99;4511;1000;0.0;0;1.0000;0;0
600;2016-04-16 13:50:00;172602N232;311;2.490;31;223;223;223;223;1.020;49.99;410.8;0.361;404.7;0.371;0.0;0.000;60;0;0;1.119;1.091;0.851;91;132;86;49.99;49.99;49.99;4511;1000;0.0;0;1.0000;0;0
600;2016-04-16 14:00:00;172602N232;495;2.574;31;223;224;223;224;1.016;49.99;425.5;0.568;415.6;0.586;0.0;0.000;60;0;0;0.907;1.002;1.141;147;176;170;49.99;49.99;49.99;4511;1000;0.0;0;1.0000;0;0
600;2016-04-16 14:10:00;172602N232;531;2.662;31;224;224;224;223;1.026;50.01;427.7;0.608;418.5;0.624;0.0;0.000;60;0;0;1.056;1.024;1.000;171;182;177;50.01;50.01;50.01;4511;1000;0.0;0;1.0000;0;0
600;2016-04-16 14:20:00;172602N232;528;2.750;31;223;222;224;224;0.907;50.01;426.9;0.603;418.0;0.624;0.0;0.000;60;0;0;0.869;0.932;0.922;162;184;179;50.01;50.01;50.01;4511;1000;0.0;0;1.0000;0;0
600;2016-04-16 14:30:00;172602N232;477;2.830;31;223;223;223;224;1.056;50.00;423.2;0.546;415.8;0.562;0.0;0.000;60;0;0;1.061;1.051;1.056;150;171;154;50.00;50.00;50.00;4511;1000;0.0;0;1.0000;0;0
600;2016-04-16 14:40:00;172602N232;213;2.865;31;223;223;223;223;0.990;49.99;405.7;0.243;399.3;0.250;0.0;0.000;60;0;0;1.015;1.074;0.883;57;92;62;49.99;49.99;49.99;4511;1000;0.0;0;1.0000;0;0
600;2016-04-16 14:50:00;172602N232;409;2.934;31;224;224;224;223;0.924;50.00;422.1;0.470;416.0;0.479;0.0;0.000;60;0;0;0.922;0.950;0.902;123;147;137;50.00;50.00;50.00;4511;1000;0.0;0;1.0000;0;0
600;2016-04-16 15:00:00;172602N232;410;3.002;31;224;223;225;224;0.986;50.00;418.4;0.473;414.6;0.481;0.0;0.000;60;0;0;0.956;1.062;0.940;130;144;134;50.00;50.00;50.00;4511;1000;0.0;0;1.0000;0;0
600;2016-04-16 15:10:00;172602N232;556;3.094;31;224;222;226;223;1.187;49.99;425.2;0.634;419.2;0.650;0.0;0.000;60;0;0;1.138;1.294;1.131;175;194;184;49.99;49.99;49.99;4511;1000;0.0;0;1.0000;0;0
600;2016-04-16 15:20:00;172602N232;1003;3.262;31;224;223;227;223;1.545;50.00;434.8;1.140;429.5;1.168;0.0;0.000;60;0;0;1.488;1.598;1.549;318;350;334;50.00;50.00;50.00;4511;1000;0.0;0;1.0000;0;0
600;2016-04-16 15:30:00;172602N232;1319;3.482;31;225;223;228;223;1.994;50.01;426.5;1.526;431.0;1.549;0.0;0.000;60;0;0;1.928;2.059;1.997;420;459;438;50.01;50.01;50.01;4511;1000;0.0;0;1.0000;0;0
600;2016-04-16 15:40:00;172602N232;3159;4.010;31;225;223;230;223;4.671;50.01;425.0;3.725;425.3;3.773;0.0;0.000;60;0;0;4.556;4.814;4.643;1016;1111;1034;50.01;50.01;50.01;4511;1000;0.0;0;1.0000;0;0
600;2016-04-16 15:50:00;172602N232;3306;4.562;34;226;225;228;224;4.884;50.01;417.8;4.003;414.5;4.039;0.0;0.000;60;0;0;4.819;4.985;4.850;1084;1137;1082;50.01;50.01;50.01;4511;1000;0.0;0;1.0000;0;0
600;2016-04-16 16:00:00;172602N232;3520;5.149;37;226;225;229;225;5.183;50.00;409.6;4.370;409.3;4.344;0.0;0.000;60;0;0;5.093;5.288;5.169;1144;1214;1162;50.00;50.00;50.00;4511;1000;0.0;0;1.0000;0;0
600;2016-04-16 16:10:00;172602N232;1722;5.435;35;225;224;229;223;2.575;49.99;404.4;2.125;405.2;2.140;0.0;0.000;60;0;0;2.501;2.668;2.557;552;604;564;49.99;49.99;49.99;4511;1000;0.0;0;1.0000;0;0
600;2016-04-16 16:20:00;172602N232;2082;5.783;34;225;224;228;223;3.112;49.99;413.7;2.528;416.9;2.538;0.0;0.000;60;0;0;3.043;3.206;3.087;673;727;680;49.99;49.99;49.99;4511;1000;0.0;0;1.0000;0;0
600;2016-04-16 16:30:00;172602N232;1958;6.110;34;225;223;228;223;2.941;50.03;406.7;2.399;412.7;2.397;0.0;0.000;60;0;0;2.854;3.053;2.918;627;685;642;50.03;50.03;50.03;4511;1000;0.0;0;1.0000;0;0
600;2016-04-16 16:40:00;172602N232;2920;6.596;35;226;225;229;223;4.316;50.01;404.9;3.602;414.0;3.593;0.0;0.000;60;0;0;4.235;4.424;4.290;949;1011;955;50.01;50.01;50.01;4511;1000;0.0;0;1.0000;0;0
600;2016-04-16 16:50:00;172602N232;1471;6.841;35;224;224;225;224;2.208;50.00;402.4;1.821;406.8;1.826;0.0;0.000;60;0;0;2.156;2.260;2.209;476;507;486;50.00;50.00;50.00;4511;1000;0.0;0;1.0000;0;0
600;2016-04-16 17:00:00;172602N232;725;6.963;35;223;223;223;222;1.122;50.01;411.5;0.853;414.5;0.878;0.0;0.000;60;0;0;1.076;1.159;1.131;230;250;243;50.01;50.01;50.01;4511;1000;0.0;0;1.0000;0;0
600;2016-04-16 17:10:00;172602N232;860;7.106;35;223;223;223;222;1.322;50.00;414.1;1.014;420.3;1.026;0.0;0.000;60;0;0;1.275;1.361;1.331;275;296;288;50.00;50.00;50.00;4511;1000;0.0;0;1.0000;0;0
600;2016-04-16 17:20:00;172602N232;1175;7.301;35;223;223;225;222;2.014;49.99;409.1;1.422;415.3;1.401;0.0;0.000;60;0;0;1.987;2.079;1.976;380;399;393;49.99;49.99;49.99;4511;1000;0.0;0;1.0000;0;0
600;2016-04-16 17:30:00;172602N232;512;7.386;35;223;222;225;222;1.211;50.05;404.1;0.604;413.7;0.617;0.0;0.000;60;0;0;1.156;1.308;1.169;158;175;176;50.05;50.05;50.05;4511;1000;0.0;0;1.0000;0;0
600;2016-04-16 17:40:00;172602N232;2364;7.781;35;224;223;227;222;3.535;50.01;424.6;2.789;419.0;2.859;0.0;0.000;60;0;0;3.466;3.617;3.523;768;815;778;50.01;50.01;50.01;4511;1000;0.0;0;1.0000;0;0
600;2016-04-16 17:50:00;172602N232;1803;8.081;35;224;223;227;223;2.716;49.98;410.3;2.111;413.9;2.294;0.0;0.000;60;0;0;2.664;2.773;2.712;582;622;598;49.98;49.98;49.98;4511;1000;0.0;0;1.0000;0;0
600;2016-04-16 18:00:00;172602N232;1369;8.310;35;224;224;225;222;2.128;50.01;395.8;1.775;391.1;1.718;0.0;0.000;60;0;0;2.088;2.176;2.121;442;472;454;50.01;50.01;50.01;4511;1000;0.0;0;1.0000;0;0
600;2016-04-16 18:10:00;172602N232;345;8.368;35;222;223;224;220;1.081;49.98;399.7;0.425;403.9;0.410;0.0;0.000;60;0;0;1.111;1.190;0.942;89;120;134;49.98;49.98;49.98;4511;1000;0.0;0;1.0000;0;0
600;2016-04-16 18:20:00;172602N232;289;8.416;34;222;223;224;220;1.105;49.99;406.6;0.333;409.7;0.338;0.0;0.000;60;0;0;1.262;1.127;0.926;70;111;107;49.99;49.99;49.99;4511;1000;0.0;0;1.0000;0;0
600;2016-04-16 18:30:00;172602N232;172;8.445;34;223;222;226;221;0.996;50.05;395.9;0.197;401.4;0.198;0.0;0.000;60;0;0;0.975;1.295;0.719;49;44;77;50.05;50.05;50.05;4511;1000;0.0;0;1.0000;0;0
600;2016-04-16 18:40:00;172602N232;142;8.468;33;223;223;226;221;0.996;50.04;392.2;0.160;398.7;0.163;0.0;0.000;60;0;0;0.784;1.420;0.786;38;15;87;50.04;50.04;50.04;4511;1000;0.0;0;1.0000;0;0
600;2016-04-16 18:50:00;172602N232;205;8.503;33;223;222;227;221;1.058;50.01;400.0;0.233;407.3;0.236;0.0;0.000;60;0;0;0.875;1.498;0.803;69;38;96;50.01;50.01;50.01;4511;1000;0.0;0;1.0000;0;0
600;2016-04-16 19:00:00;172602N232;82;8.517;33;223;224;226;220;0.908;50.00;375.1;0.088;385.3;0.090;0.0;0.000;60;0;0;0.869;1.154;0.703;19;8;58;50.00;50.00;50.00;4511;1000;0.0;0;1.0000;0;0
600;2016-04-16 19:10:00;172602N232;53;8.526;32;223;225;225;220;0.712;49.99;358.9;0.051;365.9;0.054;0.0;0.000;60;0;0;0.847;0.745;0.544;1;19;41;49.99;49.99;49.99;4511;1000;0.0;0;1.0000;0;0
600;2016-04-16 19:20:00;172602N232;57;8.536;32;223;224;224;221;0.800;49.97;363.7;0.056;376.2;0.060;0.0;0.000;60;0;0;0.967;0.814;0.619;1;23;45;49.97;49.97;49.97;4511;1000;0.0;0;1.0000;0;0
600;2016-04-16 19:30:00;172602N232;7;8.537;31;223;225;224;220;0.158;50.03;264.0;0.004;268.1;0.005;0.0;0.000;60;0;0;0.213;0.142;0.121;0;6;7;50.03;50.03;50.03;4511;1000;0.0;0;1.0000;0;0
600;2016-04-16 19:40:00;172602N232;0;8.536;31;223;224;225;220;0.003;50.00;277.5;0.000;277.0;0.000;0.0;0.000;50;0;0;0.010;0.000;0.000;0;0;0;50.00;50.00;50.00;8628;1000;0.0;0;1.0000;0;0
600;2016-04-16 19:50:00;172602N232;0;8.536;29;223;223;225;220;0.000;50.01;269.8;0.000;269.5;0.000;0.0;0.000;50;0;0;0.000;0.000;0.000;0;0;0;50.01;50.01;50.01;9007;1000;0.0;0;1.0000;0;0
600;2016-04-16 20:00:00;172602N232;0;8.536;29;223;223;225;221;0.000;49.99;229.1;0.000;230.0;0.000;0.0;0.000;50;0;0;0.000;0.000;0.000;0;0;0;49.99;49.99;49.99;9007;1000;0.0;0;1.0000;0;0
600;2016-04-16 20:10:00;172602N232;0;8.536;28;222;222;224;221;0.000;50.01;229.2;0.000;230.2;0.000;0.0;0.000;50;0;0;0.000;0.000;0.000;0;0;0;50.01;50.01;50.01;9007;1000;0.0;0;1.0000;0;0
[wr_ende]
