20130510;230000;172602N232;My Plant;+0100
[wr_def_start]
172602N232;Inverter Type;Inverter Group;72602N232      
[wr_def_end]
[wr]
INTERVAL;TIMESTAMP;SERIAL;P_AC;E_DAY;T_WR;U_AC;U_AC_1;U_AC_2;U_AC_3;I_AC;F_AC;U_DC_1;I_DC_1;U_DC_2;I_DC_2;U_DC_3;I_DC_3;S;E_WR;M_WR;I_AC_1;I_AC_2;I_AC_3;P_AC_1;P_AC_2;P_AC_3;F_AC_1;F_AC_2;F_AC_3;R_DC;PC;PCS;PCS_LL;COS_PHI;COS_PHI_LL;S_COS_PHI
600;2013-05-10 04:50:00;172602N232;0;0.000;0;6;6;6;6;0.000;1.39;6.2;0.000;6.2;0.000;0.0;0.000;50;0;0;0.000;0.000;0.000;0;0;0;1.39;1.39;1.39;31;1000;0.0;0;1.0000;0;0
600;2013-05-10 05:00:00;172602N232;0;0.000;25;226;227;229;223;0.000;50.01;229.2;0.000;230.2;0.000;0.0;0.000;50;0;0;0.000;0.000;0.000;0;0;0;50.01;50.01;50.01;0;1000;0.0;0;1.0000;0;0
600;2013-05-10 05:10:00;172602N232;0;0.000;26;225;226;228;222;0.000;50.01;246.0;0.000;246.8;0.000;0.0;0.000;50;0;0;0.000;0.000;0.000;0;0;0;50.01;50.01;50.01;0;1000;0.0;0;1.0000;0;0
600;2013-05-10 05:20:00;172602N232;0;0.000;27;226;226;228;223;0.002;50.01;295.1;0.000;294.2;0.000;0.0;0.000;51;0;0;0.004;0.002;0.002;0;0;0;50.00;50.01;50.01;4301;1000;0.0;0;1.0000;0;0
600;2013-05-10 05:30:00;172602N232;7;0.001;27;226;226;227;224;0.228;49.99;269.0;0.001;275.8;0.002;0.0;0.000;60;0;0;0.299;0.222;0.165;2;4;9;49.99;49.99;49.99;5456;1000;0.0;0;1.0000;0;0
600;2013-05-10 05:40:00;172602N232;26;0.007;28;226;226;227;225;0.457;49.99;342.1;0.015;345.5;0.017;0.0;0.000;60;0;0;0.517;0.509;0.347;2;9;23;49.99;49.99;49.99;5456;1000;0.0;0;1.0000;0;0
600;2013-05-10 05:50:00;172602N232;45;0.015;28;227;227;227;225;0.624;49.99;372.3;0.039;374.2;0.040;0.0;0.000;60;0;0;0.753;0.657;0.462;0;21;30;49.99;49.99;49.99;5456;1000;0.0;0;1.0000;0;0
600;2013-05-10 06:00:00;172602N232;63;0.028;28;227;227;227;226;0.837;49.98;389.2;0.062;386.6;0.065;0.0;0.000;60;0;0;1.004;0.854;0.653;0;25;44;49.98;49.98;49.98;5456;1000;0.0;0;1.0000;0;0
600;2013-05-10 06:10:00;172602N232;83;0.042;29;226;227;227;224;0.954;49.99;398.7;0.085;394.3;0.089;0.0;0.000;60;0;0;1.117;0.998;0.749;0;27;58;49.99;49.99;49.99;5456;1000;0.0;0;1.0000;0;0
600;2013-05-10 06:20:00;172602N232;98;0.057;29;225;226;226;224;0.938;49.98;403.9;0.101;397.2;0.107;0.0;0.000;60;0;0;1.048;1.022;0.744;7;28;62;49.98;49.98;49.98;5456;1000;0.0;0;1.0000;0;0
600;2013-05-10 06:30:00;172602N232;113;0.073;30;225;225;226;224;0.956;49.99;408.2;0.119;401.0;0.126;0.0;0.000;60;0;0;0.976;1.111;0.781;22;26;63;49.99;49.99;49.99;5456;1000;0.0;0;1.0000;0;0
600;2013-05-10 06:40:00;172602N232;130;0.095;31;224;225;225;223;0.938;50.00;412.1;0.138;405.1;0.145;0.0;0.000;60;0;0;1.087;0.978;0.750;12;52;65;50.00;50.00;50.00;5456;1000;0.0;0;1.0000;0;0
600;2013-05-10 06:50:00;172602N232;151;0.121;31;225;225;226;224;1.068;50.01;415.3;0.162;408.2;0.168;0.0;0.000;60;0;0;1.387;1.048;0.770;11;79;58;50.01;50.01;50.01;5456;1000;0.0;0;1.0000;0;0
600;2013-05-10 07:00:00;172602N232;190;0.152;31;225;225;226;223;1.113;50.04;419.4;0.207;413.3;0.212;0.0;0.000;60;0;0;1.578;0.992;0.769;28;84;75;50.04;50.04;50.04;5456;1000;0.0;0;1.0000;0;0
600;2013-05-10 07:10:00;172602N232;237;0.192;32;223;223;225;222;1.078;49.99;424.1;0.261;418.2;0.266;0.0;0.000;60;0;0;1.209;1.243;0.782;54;97;83;49.99;49.99;49.99;5456;1000;0.0;0;1.0000;0;0
600;2013-05-10 07:20:00;172602N232;230;0.230;32;222;223;224;221;1.068;49.96;425.8;0.253;417.4;0.257;0.0;0.000;60;0;0;1.240;1.213;0.753;50;99;80;49.96;49.96;49.96;5456;1000;0.0;0;1.0000;0;0
600;2013-05-10 07:30:00;172602N232;325;0.285;32;222;222;223;220;1.113;49.97;438.1;0.366;425.7;0.352;0.0;0.000;60;0;0;1.228;1.106;1.006;93;123;108;49.97;49.97;49.97;5456;1000;0.0;0;1.0000;0;0
600;2013-05-10 07:40:00;172602N232;268;0.329;32;222;222;223;221;1.144;49.99;442.8;0.296;424.3;0.285;0.0;0.000;60;0;0;1.217;1.236;0.981;57;108;100;49.99;49.99;49.99;5456;1000;0.0;0;1.0000;0;0
600;2013-05-10 07:50:00;172602N232;272;0.375;33;221;222;222;220;1.126;49.98;454.1;0.297;425.4;0.283;0.0;0.000;60;0;0;1.242;1.216;0.920;65;110;95;49.98;49.98;49.98;5456;1000;0.0;0;1.0000;0;0
600;2013-05-10 08:00:00;172602N232;285;0.423;33;222;223;223;220;1.152;50.00;464.1;0.305;427.9;0.292;0.0;0.000;60;0;0;1.364;1.240;0.852;78;115;89;50.00;50.00;50.00;5456;1000;0.0;0;1.0000;0;0
600;2013-05-10 08:10:00;172602N232;316;0.476;33;221;221;222;219;1.139;49.99;470.8;0.346;433.9;0.313;0.0;0.000;60;0;0;1.253;1.115;1.050;92;111;111;49.99;49.99;49.99;5456;1000;0.0;0;1.0000;0;0
600;2013-05-10 08:20:00;172602N232;353;0.535;33;223;223;224;222;1.160;50.00;466.3;0.429;438.9;0.323;0.0;0.000;60;0;0;1.193;1.206;1.083;108;126;118;50.00;50.00;50.00;5456;1000;0.0;0;1.0000;0;0
600;2013-05-10 08:30:00;172602N232;899;0.684;33;226;226;227;224;1.423;49.99;363.0;2.022;454.3;0.378;0.0;0.000;60;0;0;1.400;1.447;1.422;290;308;299;49.99;49.99;49.99;5456;1000;0.0;0;1.0000;0;0
600;2013-05-10 08:40:00;172602N232;1237;0.891;34;226;227;227;225;1.925;49.99;387.3;2.598;467.6;0.493;0.0;0.000;60;0;0;1.915;1.923;1.937;400;419;415;49.99;49.99;49.99;5456;1000;0.0;0;1.0000;0;0
600;2013-05-10 08:50:00;172602N232;1514;1.143;34;226;226;228;224;2.263;49.99;414.8;2.898;462.5;0.677;0.0;0.000;60;0;0;2.221;2.307;2.263;493;520;500;49.99;49.99;49.99;5456;1000;0.0;0;1.0000;0;0
600;2013-05-10 09:00:00;172602N232;1853;1.452;35;226;226;228;225;2.752;49.98;413.2;3.401;455.3;0.998;0.0;0.000;60;0;0;2.696;2.806;2.754;603;635;613;49.98;49.98;49.98;5456;1000;0.0;0;1.0000;0;0
600;2013-05-10 09:10:00;172602N232;2035;1.791;35;227;226;229;225;3.008;49.97;374.4;3.492;454.1;1.646;0.0;0.000;60;0;0;2.950;3.064;3.011;663;696;674;49.97;49.97;49.97;5456;1000;0.0;0;1.0000;0;0
600;2013-05-10 09:20:00;172602N232;1844;2.099;36;227;227;229;224;2.725;49.98;420.4;2.381;432.4;1.962;0.0;0.000;60;0;0;2.681;2.781;2.714;606;631;605;49.98;49.98;49.98;5456;1000;0.0;0;1.0000;0;0
600;2013-05-10 09:30:00;172602N232;1767;2.394;36;226;226;229;225;2.617;49.99;422.3;2.237;427.2;1.942;0.0;0.000;60;0;0;2.550;2.671;2.632;571;605;588;49.99;49.99;49.99;5456;1000;0.0;0;1.0000;0;0
600;2013-05-10 09:40:00;172602N232;1076;2.573;36;225;225;226;224;1.653;50.01;418.5;1.323;417.1;1.251;0.0;0.000;60;0;0;1.614;1.685;1.660;347;369;359;50.01;50.01;50.01;5456;1000;0.0;0;1.0000;0;0
600;2013-05-10 09:50:00;172602N232;1043;2.748;37;225;225;226;225;1.628;50.00;422.4;1.249;414.7;1.241;0.0;0.000;60;0;0;1.605;1.646;1.633;337;355;349;50.00;50.00;50.00;5456;1000;0.0;0;1.0000;0;0
600;2013-05-10 10:00:00;172602N232;2300;3.131;37;226;227;228;224;3.406;49.98;419.0;3.136;429.4;2.337;0.0;0.000;60;0;0;3.374;3.455;3.391;762;780;756;49.98;49.98;49.98;5456;1000;0.0;0;1.0000;0;0
600;2013-05-10 10:10:00;172602N232;1930;3.452;37;225;225;227;222;2.883;50.00;412.4;2.583;425.1;2.062;0.0;0.000;60;0;0;2.839;2.937;2.873;634;661;634;50.00;50.00;50.00;5456;1000;0.0;0;1.0000;0;0
600;2013-05-10 10:20:00;172602N232;1270;3.665;38;223;224;225;221;1.956;49.99;416.9;1.564;414.5;1.495;0.0;0.000;60;0;0;1.927;1.981;1.960;413;434;421;49.99;49.99;49.99;5456;1000;0.0;0;1.0000;0;0
600;2013-05-10 10:30:00;172602N232;764;3.792;38;223;222;226;222;1.182;49.98;416.8;0.928;410.7;0.904;0.0;0.000;60;0;0;1.128;1.225;1.195;241;266;255;49.98;49.98;49.98;5456;1000;0.0;0;1.0000;0;0
600;2013-05-10 10:40:00;172602N232;713;3.911;38;223;223;226;222;1.104;49.98;421.7;0.845;410.3;0.853;0.0;0.000;60;0;0;1.045;1.153;1.116;223;250;238;49.98;49.98;49.98;5456;1000;0.0;0;1.0000;0;0
600;2013-05-10 10:50:00;172602N232;692;4.026;38;224;223;225;223;1.085;49.99;407.4;0.847;411.3;0.831;0.0;0.000;60;0;0;1.046;1.119;1.092;217;240;232;49.99;49.99;49.99;5456;1000;0.0;0;1.0000;0;0
600;2013-05-10 11:00:00;172602N232;952;4.185;38;223;222;225;222;1.471;49.98;415.0;1.145;415.3;1.137;0.0;0.000;60;0;0;1.414;1.515;1.486;302;329;318;49.98;49.98;49.98;5456;1000;0.0;0;1.0000;0;0
600;2013-05-10 11:10:00;172602N232;1355;4.411;38;223;222;225;222;2.088;49.98;425.7;1.606;417.0;1.618;0.0;0.000;60;0;0;2.043;2.121;2.102;436;464;454;49.98;49.98;49.98;5456;1000;0.0;0;1.0000;0;0
600;2013-05-10 11:20:00;172602N232;2102;4.761;38;224;223;226;222;3.147;50.00;420.2;2.639;424.1;2.368;0.0;0.000;60;0;0;3.089;3.208;3.144;684;721;694;50.00;50.00;50.00;5456;1000;0.0;0;1.0000;0;0
600;2013-05-10 11:30:00;172602N232;2390;5.160;38;224;224;228;221;3.564;50.00;414.6;3.177;428.1;2.554;0.0;0.000;60;0;0;3.508;3.645;3.541;781;826;780;50.00;50.00;50.00;5456;1000;0.0;0;1.0000;0;0
600;2013-05-10 11:40:00;172602N232;2188;5.524;38;224;225;227;221;3.258;50.00;405.9;3.133;417.6;2.276;0.0;0.000;60;0;0;3.218;3.322;3.235;721;750;714;50.00;50.00;50.00;5456;1000;0.0;0;1.0000;0;0
600;2013-05-10 11:50:00;172602N232;1241;5.732;39;224;225;227;221;1.886;49.99;411.4;1.559;406.7;1.469;0.0;0.000;60;0;0;1.855;1.930;1.875;404;430;406;49.99;49.99;49.99;5456;1000;0.0;0;1.0000;0;0
600;2013-05-10 12:00:00;172602N232;894;5.881;39;223;224;224;221;1.377;49.99;417.8;1.091;412.5;1.052;0.0;0.000;60;0;0;1.336;1.412;1.383;288;308;296;49.99;49.99;49.99;5456;1000;0.0;0;1.0000;0;0
600;2013-05-10 12:10:00;172602N232;726;6.002;39;222;223;224;220;1.220;49.99;419.7;0.876;416.2;0.840;0.0;0.000;60;0;0;1.235;1.232;1.195;233;251;240;49.99;49.99;49.99;5456;1000;0.0;0;1.0000;0;0
600;2013-05-10 12:20:00;172602N232;882;6.149;39;222;223;222;221;1.367;50.00;421.3;1.047;423.4;1.031;0.0;0.000;60;0;0;1.331;1.393;1.378;285;301;294;50.00;50.00;50.00;5456;1000;0.0;0;1.0000;0;0
600;2013-05-10 12:30:00;172602N232;1187;6.347;39;222;224;222;220;1.817;49.98;434.7;1.381;428.8;1.359;0.0;0.000;60;0;0;1.799;1.839;1.814;393;402;390;49.98;49.98;49.98;5456;1000;0.0;0;1.0000;0;0
600;2013-05-10 12:40:00;172602N232;590;6.446;39;222;224;222;219;1.190;50.03;418.3;0.704;417.4;0.665;0.0;0.000;60;0;0;1.295;1.159;1.117;178;209;202;50.03;50.03;50.03;5456;1000;0.0;0;1.0000;0;0
600;2013-05-10 12:50:00;172602N232;1104;6.630;39;222;224;223;220;1.684;50.01;431.2;1.288;428.0;1.265;0.0;0.000;60;0;0;1.652;1.716;1.686;361;376;364;50.01;50.01;50.01;5456;1000;0.0;0;1.0000;0;0
600;2013-05-10 13:00:00;172602N232;1661;6.907;39;224;225;225;221;2.498;49.97;434.8;1.929;431.2;1.918;0.0;0.000;60;0;0;2.464;2.540;2.491;546;567;546;49.97;49.97;49.97;5456;1000;0.0;0;1.0000;0;0
600;2013-05-10 13:10:00;172602N232;1832;7.213;39;224;224;227;222;2.738;49.98;437.6;2.118;428.2;2.124;0.0;0.000;60;0;0;2.684;2.796;2.734;597;630;603;49.98;49.98;49.98;5456;1000;0.0;0;1.0000;0;0
600;2013-05-10 13:20:00;172602N232;1897;7.530;39;223;223;226;221;2.843;49.99;430.4;2.233;422.1;2.243;0.0;0.000;60;0;0;2.791;2.905;2.834;619;654;623;49.99;49.99;49.99;5456;1000;0.0;0;1.0000;0;0
600;2013-05-10 13:30:00;172602N232;3224;8.066;39;224;224;227;222;4.798;49.98;420.1;3.960;418.7;3.812;0.0;0.000;60;0;0;4.760;4.875;4.761;1064;1102;1053;49.98;49.98;49.98;5456;1000;0.0;0;1.0000;0;0
600;2013-05-10 13:40:00;172602N232;2803;8.534;39;224;224;226;223;4.174;50.00;414.6;3.498;411.6;3.360;0.0;0.000;60;0;0;4.134;4.217;4.172;924;953;928;50.00;50.00;50.00;5456;1000;0.0;0;1.0000;0;0
600;2013-05-10 13:50:00;172602N232;1996;8.866;40;224;223;225;223;2.985;50.01;407.7;2.467;407.5;2.419;0.0;0.000;60;0;0;2.945;3.027;2.985;654;682;660;50.01;50.01;50.01;5456;1000;0.0;0;1.0000;0;0
600;2013-05-10 14:00:00;172602N232;379;8.931;40;223;222;224;222;1.024;49.96;399.5;0.465;398.7;0.457;0.0;0.000;60;0;0;1.034;1.104;0.934;116;134;127;49.96;49.96;49.96;5456;1000;0.0;0;1.0000;0;0
600;2013-05-10 14:10:00;172602N232;1590;9.195;40;223;222;224;222;2.513;49.97;429.9;1.851;427.9;1.827;0.0;0.000;60;0;0;2.465;2.571;2.505;517;540;531;49.97;49.97;49.97;5456;1000;0.0;0;1.0000;0;0
600;2013-05-10 14:20:00;172602N232;3901;9.846;40;225;224;227;223;5.768;50.00;424.7;4.653;422.2;4.607;0.0;0.000;60;0;0;5.708;5.840;5.756;1282;1332;1287;50.00;50.00;50.00;5456;1000;0.0;0;1.0000;0;0
600;2013-05-10 14:30:00;172602N232;2618;10.284;40;224;223;228;223;3.888;49.98;414.9;3.206;414.2;3.133;0.0;0.000;60;0;0;3.797;3.977;3.892;844;909;867;49.98;49.98;49.98;5456;1000;0.0;0;1.0000;0;0
600;2013-05-10 14:40:00;172602N232;2503;10.701;41;224;223;228;223;3.730;49.99;418.8;3.056;412.2;3.012;0.0;0.000;60;0;0;3.645;3.815;3.730;807;867;827;49.99;49.99;49.99;5456;1000;0.0;0;1.0000;0;0
600;2013-05-10 14:50:00;172602N232;3048;11.208;41;225;223;229;222;4.520;50.00;419.6;3.656;415.1;3.646;0.0;0.000;60;0;0;4.447;4.637;4.477;993;1058;992;50.00;50.00;50.00;5456;1000;0.0;0;1.0000;0;0
600;2013-05-10 15:00:00;172602N232;2772;11.670;41;224;223;228;222;4.126;49.99;419.3;3.331;414.5;3.341;0.0;0.000;60;0;0;4.052;4.236;4.091;902;965;904;49.99;49.99;49.99;5456;1000;0.0;0;1.0000;0;0
600;2013-05-10 15:10:00;172602N232;1596;11.937;41;223;222;227;221;2.403;49.99;420.9;1.936;411.6;1.914;0.0;0.000;60;0;0;2.338;2.472;2.400;513;556;525;49.99;49.99;49.99;5456;1000;0.0;0;1.0000;0;0
600;2013-05-10 15:20:00;172602N232;1956;12.263;41;223;222;228;221;2.938;49.99;420.8;2.351;417.6;2.349;0.0;0.000;60;0;0;2.858;3.035;2.921;629;686;640;49.99;49.99;49.99;5456;1000;0.0;0;1.0000;0;0
600;2013-05-10 15:30:00;172602N232;3127;12.785;41;225;224;229;221;4.641;49.99;414.5;3.813;410.1;3.833;0.0;0.000;60;0;0;4.563;4.776;4.584;1018;1097;1013;49.99;49.99;49.99;5456;1000;0.0;0;1.0000;0;0
600;2013-05-10 15:40:00;172602N232;992;12.950;41;223;222;226;220;1.524;50.00;412.2;1.212;407.8;1.205;0.0;0.000;60;0;0;1.468;1.580;1.526;315;348;328;50.00;50.00;50.00;5456;1000;0.0;0;1.0000;0;0
600;2013-05-10 15:50:00;172602N232;1109;13.136;41;223;224;225;220;1.699;50.01;421.4;1.313;415.6;1.325;0.0;0.000;60;0;0;1.659;1.746;1.694;359;384;363;50.01;50.01;50.01;5456;1000;0.0;0;1.0000;0;0
600;2013-05-10 16:00:00;172602N232;461;13.212;41;223;224;226;219;1.082;49.98;409.5;0.557;406.0;0.539;0.0;0.000;60;0;0;1.141;1.151;0.956;138;164;157;49.98;49.98;49.98;5456;1000;0.0;0;1.0000;0;0
600;2013-05-10 16:10:00;172602N232;3233;13.751;41;225;225;229;221;4.776;49.97;419.9;3.925;418.7;3.899;0.0;0.000;60;0;0;4.720;4.911;4.699;1062;1128;1038;49.97;49.97;49.97;5456;1000;0.0;0;1.0000;0;0
600;2013-05-10 16:20:00;172602N232;1408;13.986;41;224;224;228;221;2.121;49.99;407.2;1.733;406.5;1.732;0.0;0.000;60;0;0;2.067;2.186;2.110;454;492;459;49.99;49.99;49.99;5456;1000;0.0;0;1.0000;0;0
600;2013-05-10 16:30:00;172602N232;1165;14.180;41;224;224;227;220;1.798;49.99;410.4;1.420;413.8;1.402;0.0;0.000;60;0;0;1.783;1.841;1.770;379;407;379;49.99;49.99;49.99;5456;1000;0.0;0;1.0000;0;0
600;2013-05-10 16:40:00;172602N232;3057;14.689;41;226;225;228;223;4.520;49.99;411.1;3.766;416.7;3.745;0.0;0.000;60;0;0;4.477;4.603;4.481;1008;1049;998;49.99;49.99;49.99;5456;1000;0.0;0;1.0000;0;0
600;2013-05-10 16:50:00;172602N232;1133;14.878;41;224;224;226;223;1.743;49.99;406.7;1.407;407.4;1.377;0.0;0.000;60;0;0;1.699;1.784;1.748;365;391;376;49.99;49.99;49.99;5456;1000;0.0;0;1.0000;0;0
600;2013-05-10 17:00:00;172602N232;424;14.949;41;223;223;225;222;0.930;50.00;406.0;0.514;403.2;0.507;0.0;0.000;60;0;0;0.928;0.967;0.897;125;153;144;50.00;50.00;50.00;5456;1000;0.0;0;1.0000;0;0
600;2013-05-10 17:10:00;172602N232;272;14.995;41;223;222;225;221;0.978;49.99;391.2;0.331;396.5;0.321;0.0;0.000;60;0;0;0.944;1.152;0.840;79;86;106;49.99;49.99;49.99;5456;1000;0.0;0;1.0000;0;0
600;2013-05-10 17:20:00;172602N232;1335;15.217;40;223;222;225;221;2.030;49.98;420.4;1.572;423.2;1.584;0.0;0.000;60;0;0;1.981;2.076;2.035;430;460;442;49.98;49.98;49.98;5456;1000;0.0;0;1.0000;0;0
600;2013-05-10 17:30:00;172602N232;1230;15.422;40;223;222;227;220;1.898;50.00;415.2;1.478;419.6;1.469;0.0;0.000;60;0;0;1.840;1.974;1.880;393;433;402;50.00;50.00;50.00;5456;1000;0.0;0;1.0000;0;0
600;2013-05-10 17:40:00;172602N232;1087;15.604;40;222;222;226;217;1.691;50.00;418.9;1.301;417.9;1.294;0.0;0.000;60;0;0;1.637;1.771;1.665;348;386;351;50.00;50.00;50.00;5456;1000;0.0;0;1.0000;0;0
600;2013-05-10 17:50:00;172602N232;1006;15.772;40;223;221;229;218;1.551;50.00;414.6;1.212;417.1;1.200;0.0;0.000;60;0;0;1.479;1.632;1.542;316;361;328;50.00;50.00;50.00;5456;1000;0.0;0;1.0000;0;0
600;2013-05-10 18:00:00;172602N232;803;15.906;40;220;219;225;216;1.269;50.01;424.0;0.948;415.7;0.947;0.0;0.000;60;0;0;1.215;1.345;1.248;254;287;260;50.01;50.01;50.01;5456;1000;0.0;0;1.0000;0;0
600;2013-05-10 18:10:00;172602N232;293;15.954;40;220;220;223;216;1.009;50.00;399.2;0.358;403.1;0.334;0.0;0.000;60;0;0;1.023;1.189;0.815;86;97;108;50.00;50.00;50.00;5456;1000;0.0;0;1.0000;0;0
600;2013-05-10 18:20:00;172602N232;667;16.066;39;220;223;222;216;1.322;49.99;413.9;0.800;417.7;0.785;0.0;0.000;60;0;0;1.424;1.258;1.284;224;220;220;49.99;49.99;49.99;5456;1000;0.0;0;1.0000;0;0
600;2013-05-10 18:30:00;172602N232;369;16.127;39;220;222;221;217;1.133;49.99;401.1;0.444;404.5;0.431;0.0;0.000;60;0;0;1.403;1.046;0.951;96;142;132;49.99;49.99;49.99;5456;1000;0.0;0;1.0000;0;0
600;2013-05-10 18:40:00;172602N232;395;16.194;39;221;222;223;220;1.140;49.98;409.2;0.474;410.4;0.462;0.0;0.000;60;0;0;1.186;1.166;1.068;114;143;136;49.98;49.98;49.98;5456;1000;0.0;0;1.0000;0;0
600;2013-05-10 18:50:00;172602N232;528;16.281;39;223;223;224;221;1.066;49.99;406.5;0.641;414.0;0.623;0.0;0.000;60;0;0;1.068;1.094;1.037;160;186;180;49.99;49.99;49.99;5456;1000;0.0;0;1.0000;0;0
600;2013-05-10 19:00:00;172602N232;404;16.350;38;221;222;222;219;1.163;50.00;412.5;0.480;411.2;0.471;0.0;0.000;60;0;0;1.238;1.192;1.061;115;157;129;50.00;50.00;50.00;5456;1000;0.0;0;1.0000;0;0
600;2013-05-10 19:10:00;172602N232;358;16.409;38;221;223;221;220;1.140;50.00;404.7;0.429;407.9;0.421;0.0;0.000;60;0;0;1.283;1.124;1.013;98;142;115;50.00;50.00;50.00;5456;1000;0.0;0;1.0000;0;0
600;2013-05-10 19:20:00;172602N232;201;16.443;38;221;222;222;220;1.033;49.98;396.7;0.240;399.5;0.228;0.0;0.000;60;0;0;1.364;0.973;0.764;34;89;76;49.98;49.98;49.98;5456;1000;0.0;0;1.0000;0;0
600;2013-05-10 19:30:00;172602N232;235;16.482;38;221;222;222;220;1.087;49.98;398.0;0.279;402.1;0.272;0.0;0.000;60;0;0;1.394;0.987;0.881;44;102;89;49.98;49.98;49.98;5456;1000;0.0;0;1.0000;0;0
600;2013-05-10 19:40:00;172602N232;241;16.522;37;222;223;223;220;1.046;49.99;392.6;0.286;403.8;0.284;0.0;0.000;60;0;0;1.227;0.985;0.926;52;86;100;49.99;49.99;49.99;5456;1000;0.0;0;1.0000;0;0
600;2013-05-10 19:50:00;172602N232;439;16.596;37;222;223;223;221;1.043;49.97;391.2;0.529;408.9;0.557;0.0;0.000;60;0;0;1.081;1.069;0.979;129;155;154;49.97;49.97;49.97;5456;1000;0.0;0;1.0000;0;0
600;2013-05-10 20:00:00;172602N232;186;16.628;37;221;222;222;220;0.979;50.01;390.7;0.218;394.9;0.215;0.0;0.000;60;0;0;1.158;0.979;0.800;33;79;74;50.01;50.01;50.01;5456;1000;0.0;0;1.0000;0;0
600;2013-05-10 20:10:00;172602N232;133;16.650;37;222;222;222;221;0.955;49.99;383.9;0.155;392.0;0.152;0.0;0.000;60;0;0;1.335;0.770;0.762;11;73;48;49.99;49.99;49.99;5456;1000;0.0;0;1.0000;0;0
600;2013-05-10 20:20:00;172602N232;109;16.668;37;222;223;222;221;0.933;49.98;382.0;0.124;387.7;0.121;0.0;0.000;60;0;0;1.369;0.720;0.710;0;59;54;49.98;49.98;49.98;5456;1000;0.0;0;1.0000;0;0
600;2013-05-10 20:30:00;172602N232;61;16.679;36;222;222;223;220;0.848;49.97;366.3;0.064;370.7;0.064;0.0;0.000;60;0;0;1.120;0.790;0.635;1;28;46;49.97;49.97;49.97;5456;1000;0.0;0;1.0000;0;0
600;2013-05-10 20:40:00;172602N232;37;16.685;36;222;223;224;220;0.556;49.98;338.7;0.033;351.4;0.034;0.0;0.000;60;0;0;0.656;0.608;0.405;0;15;29;49.98;49.98;49.98;5456;1000;0.0;0;1.0000;0;0
600;2013-05-10 20:50:00;172602N232;12;16.687;36;223;223;225;221;0.348;49.99;276.4;0.007;275.9;0.009;0.0;0.000;60;0;0;0.414;0.389;0.242;2;3;15;49.99;49.99;49.99;5456;1000;0.0;0;1.0000;0;0
600;2013-05-10 21:00:00;172602N232;0;16.687;36;223;224;224;221;0.033;49.98;251.3;0.000;251.4;0.000;0.0;0.000;60;0;0;0.036;0.033;0.030;0;0;1;49.98;49.98;49.98;5456;1000;0.0;0;1.0000;0;0
600;2013-05-10 21:10:00;172602N232;0;16.687;34;222;222;224;219;0.000;49.98;277.4;0.000;276.6;0.000;0.0;0.000;50;0;0;0.000;0.000;0.000;0;0;0;49.98;49.98;49.98;5456;1000;0.0;0;1.0000;0;0
600;2013-05-10 21:20:00;172602N232;0;16.687;33;221;222;223;219;0.000;49.99;231.9;0.000;232.9;0.000;0.0;0.000;50;0;0;0.000;0.000;0.000;0;0;0;49.99;49.99;49.99;5456;1000;0.0;0;1.0000;0;0
600;2013-05-10 21:30:00;172602N232;0;16.687;32;220;221;221;218;0.000;49.99;230.1;0.000;231.1;0.000;0.0;0.000;50;0;0;0.000;0.000;0.000;0;0;0;49.99;49.99;49.99;5456;1000;0.0;0;1.0000;0;0
600;2013-05-10 21:40:00;172602N232;0;16.687;32;221;221;223;219;0.000;50.00;228.2;0.000;229.1;0.000;0.0;0.000;50;0;0;0.000;0.000;0.000;0;0;0;50.00;50.00;50.00;5456;1000;0.0;0;1.0000;0;0
[wr_ende]
