20130428;230001;172602N232;My Plant;+0100
[wr_def_start]
172602N232;Inverter Type;Inverter Group;72602N232      
[wr_def_end]
[wr]
INTERVAL;TIMESTAMP;SERIAL;P_AC;E_DAY;T_WR;U_AC;U_AC_1;U_AC_2;U_AC_3;I_AC;F_AC;U_DC_1;I_DC_1;U_DC_2;I_DC_2;U_DC_3;I_DC_3;S;E_WR;M_WR;I_AC_1;I_AC_2;I_AC_3;P_AC_1;P_AC_2;P_AC_3;F_AC_1;F_AC_2;F_AC_3;R_DC;PC;PCS;PCS_LL;COS_PHI;COS_PHI_LL;S_COS_PHI
600;2013-04-28 05:10:00;172602N232;0;0.000;0;3;3;3;3;0.000;0.71;3.1;0.000;3.1;0.000;0.0;0.000;50;0;0;0.000;0.000;0.000;0;0;0;0.71;0.71;0.71;78;1000;0.0;0;1.0000;0;0
600;2013-04-28 05:20:00;172602N232;0;0.000;19;224;224;227;221;0.000;50.02;227.7;0.000;228.6;0.000;0.0;0.000;50;0;0;0.000;0.000;0.000;0;0;0;50.02;50.02;50.02;0;1000;0.0;0;1.0000;0;0
600;2013-04-28 05:30:00;172602N232;0;0.000;21;224;224;226;221;0.000;50.02;230.8;0.000;231.8;0.000;0.0;0.000;50;0;0;0.000;0.000;0.000;0;0;0;50.02;50.02;50.02;0;1000;0.0;0;1.0000;0;0
600;2013-04-28 05:40:00;172602N232;0;0.000;22;224;225;227;221;0.000;50.02;252.1;0.000;252.9;0.000;0.0;0.000;50;0;0;0.000;0.000;0.000;0;0;0;50.02;50.02;50.02;0;1000;0.0;0;1.0000;0;0
600;2013-04-28 05:50:00;172602N232;0;0.000;22;224;224;226;222;0.046;50.01;276.2;0.000;275.9;0.000;0.0;0.000;60;0;0;0.058;0.049;0.031;0;0;1;50.01;50.01;50.01;4565;1000;0.0;0;1.0000;0;0
600;2013-04-28 06:00:00;172602N232;12;0.002;22;224;224;225;223;0.299;50.01;291.5;0.004;278.6;0.007;0.0;0.000;60;0;0;0.376;0.308;0.214;2;4;13;50.01;50.01;50.01;6410;1000;0.0;0;1.0000;0;0
600;2013-04-28 06:10:00;172602N232;35;0.008;23;224;224;225;223;0.539;50.02;350.1;0.028;357.3;0.029;0.0;0.000;60;0;0;0.654;0.590;0.375;1;11;24;50.02;50.02;50.02;6410;1000;0.0;0;1.0000;0;0
600;2013-04-28 06:20:00;172602N232;61;0.019;23;224;224;225;222;0.789;50.00;381.5;0.062;386.1;0.060;0.0;0.000;60;0;0;0.874;0.889;0.604;1;16;44;50.00;50.00;50.00;6410;1000;0.0;0;1.0000;0;0
600;2013-04-28 06:30:00;172602N232;114;0.038;24;223;223;224;222;0.921;50.00;405.1;0.126;406.7;0.120;0.0;0.000;60;0;0;0.968;1.042;0.754;15;33;65;50.00;50.00;50.00;6410;1000;0.0;0;1.0000;0;0
600;2013-04-28 06:40:00;172602N232;158;0.063;24;223;223;225;222;0.980;50.01;413.8;0.177;414.2;0.169;0.0;0.000;60;0;0;1.097;1.118;0.726;19;70;67;50.01;50.01;50.01;6410;1000;0.0;0;1.0000;0;0
600;2013-04-28 06:50:00;172602N232;188;0.095;25;223;223;224;221;1.014;50.01;416.5;0.211;416.6;0.204;0.0;0.000;60;0;0;1.189;1.146;0.708;39;75;72;50.01;50.01;50.01;6410;1000;0.0;0;1.0000;0;0
600;2013-04-28 07:00:00;172602N232;258;0.138;26;223;223;224;221;1.084;50.01;426.4;0.289;422.9;0.283;0.0;0.000;60;0;0;1.174;1.254;0.824;70;97;89;50.01;50.01;50.01;6410;1000;0.0;0;1.0000;0;0
600;2013-04-28 07:10:00;172602N232;285;0.186;26;224;224;225;223;1.133;50.00;426.0;0.323;425.1;0.314;0.0;0.000;60;0;0;1.237;1.238;0.924;70;114;98;50.00;50.00;50.00;6410;1000;0.0;0;1.0000;0;0
600;2013-04-28 07:20:00;172602N232;292;0.234;27;225;224;227;224;1.151;50.00;427.2;0.331;425.9;0.322;0.0;0.000;60;0;0;1.211;1.325;0.919;89;102;99;50.00;50.00;50.00;6410;1000;0.0;0;1.0000;0;0
600;2013-04-28 07:30:00;172602N232;389;0.299;27;225;224;227;224;1.205;50.00;434.9;0.439;430.1;0.430;0.0;0.000;60;0;0;1.139;1.346;1.130;111;127;149;50.00;50.00;50.00;6410;1000;0.0;0;1.0000;0;0
600;2013-04-28 07:40:00;172602N232;396;0.366;27;225;225;227;224;1.182;49.99;433.6;0.449;427.3;0.442;0.0;0.000;60;0;0;1.142;1.290;1.116;114;135;144;49.99;49.99;49.99;6410;1000;0.0;0;1.0000;0;0
600;2013-04-28 07:50:00;172602N232;417;0.435;28;224;224;226;223;1.001;49.99;431.8;0.474;426.4;0.468;0.0;0.000;60;0;0;0.980;1.068;0.955;124;151;139;49.99;49.99;49.99;6410;1000;0.0;0;1.0000;0;0
600;2013-04-28 08:00:00;172602N232;421;0.506;28;224;224;227;222;1.105;50.02;431.4;0.482;425.8;0.473;0.0;0.000;60;0;0;1.076;1.187;1.053;124;147;148;50.02;50.02;50.02;6410;1000;0.0;0;1.0000;0;0
600;2013-04-28 08:10:00;172602N232;550;0.598;29;223;224;226;220;0.976;49.99;435.6;0.628;428.2;0.623;0.0;0.000;60;0;0;0.963;1.016;0.951;175;195;179;49.99;49.99;49.99;6410;1000;0.0;0;1.0000;0;0
600;2013-04-28 08:20:00;172602N232;553;0.690;29;223;222;226;222;0.904;50.00;434.1;0.636;427.7;0.627;0.0;0.000;60;0;0;0.839;0.957;0.918;170;196;185;50.00;50.00;50.00;6410;1000;0.0;0;1.0000;0;0
600;2013-04-28 08:30:00;172602N232;705;0.808;29;223;221;225;223;1.094;49.99;437.9;0.808;430.4;0.796;0.0;0.000;60;0;0;1.031;1.138;1.113;218;247;238;49.99;49.99;49.99;6410;1000;0.0;0;1.0000;0;0
600;2013-04-28 08:40:00;172602N232;924;0.961;30;224;222;226;223;1.408;50.00;437.9;1.072;433.1;1.037;0.0;0.000;60;0;0;1.351;1.447;1.426;292;320;310;50.00;50.00;50.00;6410;1000;0.0;0;1.0000;0;0
600;2013-04-28 08:50:00;172602N232;1104;1.146;30;223;224;226;219;1.690;49.99;437.4;1.303;438.0;1.216;0.0;0.000;60;0;0;1.661;1.738;1.673;360;385;357;49.99;49.99;49.99;6410;1000;0.0;0;1.0000;0;0
600;2013-04-28 09:00:00;172602N232;1182;1.344;30;223;223;226;220;1.835;50.01;436.9;1.390;435.8;1.314;0.0;0.000;60;0;0;1.793;1.881;1.832;379;410;391;50.01;50.01;50.01;6410;1000;0.0;0;1.0000;0;0
600;2013-04-28 09:10:00;172602N232;1378;1.574;31;223;223;226;221;2.111;50.00;435.9;1.649;440.1;1.498;0.0;0.000;60;0;0;2.068;2.155;2.112;445;475;456;50.00;50.00;50.00;6410;1000;0.0;0;1.0000;0;0
600;2013-04-28 09:20:00;172602N232;1253;1.781;31;223;223;225;222;1.951;49.99;434.5;1.514;438.5;1.355;0.0;0.000;60;0;0;1.925;1.976;1.954;404;430;417;49.99;49.99;49.99;6410;1000;0.0;0;1.0000;0;0
600;2013-04-28 09:30:00;172602N232;1468;2.027;31;224;223;225;223;2.226;49.99;434.6;1.782;440.3;1.580;0.0;0.000;60;0;0;2.178;2.266;2.234;474;503;489;49.99;49.99;49.99;6410;1000;0.0;0;1.0000;0;0
600;2013-04-28 09:40:00;172602N232;1426;2.264;32;223;223;224;222;2.171;49.99;436.0;1.703;436.8;1.566;0.0;0.000;60;0;0;2.130;2.205;2.179;462;486;476;49.99;49.99;49.99;6410;1000;0.0;0;1.0000;0;0
600;2013-04-28 09:50:00;172602N232;1591;2.530;32;223;223;224;223;2.402;50.00;431.9;1.935;434.9;1.749;0.0;0.000;60;0;0;2.365;2.433;2.409;520;539;531;50.00;50.00;50.00;6410;1000;0.0;0;1.0000;0;0
600;2013-04-28 10:00:00;172602N232;1629;2.803;32;223;223;225;222;2.455;50.01;437.4;1.963;434.1;1.782;0.0;0.000;60;0;0;2.405;2.502;2.458;529;556;542;50.01;50.01;50.01;6410;1000;0.0;0;1.0000;0;0
600;2013-04-28 10:10:00;172602N232;1329;3.023;33;223;223;225;222;2.042;50.00;431.7;1.567;426.2;1.537;0.0;0.000;60;0;0;2.018;2.068;2.041;432;455;441;50.00;50.00;50.00;6410;1000;0.0;0;1.0000;0;0
600;2013-04-28 10:20:00;172602N232;1183;3.221;33;223;223;225;221;1.844;50.00;436.7;1.358;426.1;1.383;0.0;0.000;60;0;0;1.846;1.858;1.829;390;403;388;50.00;50.00;50.00;6410;1000;0.0;0;1.0000;0;0
600;2013-04-28 10:30:00;172602N232;1227;3.426;33;223;224;224;220;1.882;50.00;431.6;1.427;427.2;1.431;0.0;0.000;60;0;0;1.865;1.914;1.869;403;421;401;50.00;50.00;50.00;6410;1000;0.0;0;1.0000;0;0
600;2013-04-28 10:40:00;172602N232;993;3.591;33;222;222;224;221;1.523;50.01;433.8;1.151;425.7;1.153;0.0;0.000;60;0;0;1.485;1.559;1.526;321;342;329;50.01;50.01;50.01;6410;1000;0.0;0;1.0000;0;0
600;2013-04-28 10:50:00;172602N232;1199;3.792;33;223;222;225;220;1.825;50.01;438.9;1.372;428.5;1.392;0.0;0.000;60;0;0;1.777;1.873;1.825;386;415;396;50.01;50.01;50.01;6410;1000;0.0;0;1.0000;0;0
600;2013-04-28 11:00:00;172602N232;1642;4.067;33;223;222;226;221;2.468;49.99;438.7;1.891;429.5;1.902;0.0;0.000;60;0;0;2.405;2.539;2.460;531;569;540;49.99;49.99;49.99;6410;1000;0.0;0;1.0000;0;0
600;2013-04-28 11:10:00;172602N232;1469;4.310;33;223;223;224;221;2.218;49.98;435.7;1.715;427.0;1.699;0.0;0.000;60;0;0;2.179;2.257;2.220;479;501;487;49.98;49.98;49.98;6410;1000;0.0;0;1.0000;0;0
600;2013-04-28 11:20:00;172602N232;1712;4.596;34;224;223;225;223;2.567;50.00;428.1;2.106;433.6;1.876;0.0;0.000;60;0;0;2.514;2.611;2.577;557;583;570;50.00;50.00;50.00;6410;1000;0.0;0;1.0000;0;0
600;2013-04-28 11:30:00;172602N232;1850;4.904;34;224;223;226;223;2.780;50.01;424.2;2.618;443.6;1.666;0.0;0.000;60;0;0;2.714;2.841;2.787;597;635;614;50.01;50.01;50.01;6410;1000;0.0;0;1.0000;0;0
600;2013-04-28 11:40:00;172602N232;2612;5.340;34;225;225;227;222;3.885;50.01;419.4;4.348;363.6;2.675;0.0;0.000;60;0;0;3.837;3.971;3.849;859;901;850;50.01;50.01;50.01;6410;1000;0.0;0;1.0000;0;0
600;2013-04-28 11:50:00;172602N232;3865;5.985;37;226;226;230;223;5.707;50.01;405.1;5.894;293.6;5.283;0.0;0.000;60;0;0;5.655;5.846;5.620;1275;1341;1248;50.01;50.01;50.01;6410;1000;0.0;0;1.0000;0;0
600;2013-04-28 12:00:00;172602N232;4258;6.695;40;227;227;230;222;6.264;49.98;395.6;6.341;297.4;6.160;0.0;0.000;60;0;0;6.249;6.414;6.130;1419;1474;1361;49.98;49.98;49.98;6410;1000;0.0;0;1.0000;0;0
600;2013-04-28 12:10:00;172602N232;4284;7.410;39;226;227;229;223;6.310;50.00;394.2;6.018;342.1;5.840;0.0;0.000;60;0;0;6.282;6.455;6.194;1426;1482;1378;50.00;50.00;50.00;6410;1000;0.0;0;1.0000;0;0
600;2013-04-28 12:20:00;172602N232;2972;7.906;37;225;225;226;223;4.411;50.02;397.0;3.959;395.1;3.694;0.0;0.000;60;0;0;4.375;4.486;4.374;984;1017;973;50.02;50.02;50.02;6410;1000;0.0;0;1.0000;0;0
600;2013-04-28 12:30:00;172602N232;5367;8.802;39;226;227;229;222;7.901;50.00;391.7;7.001;394.4;6.892;0.0;0.000;60;0;0;7.905;8.080;7.720;1795;1855;1714;50.00;50.00;50.00;6410;1000;0.0;0;1.0000;0;0
600;2013-04-28 12:40:00;172602N232;4993;9.634;40;226;227;230;222;7.338;50.01;382.4;6.650;384.6;6.603;0.0;0.000;60;0;0;7.332;7.502;7.180;1668;1731;1594;50.01;50.01;50.01;6410;1000;0.0;0;1.0000;0;0
600;2013-04-28 12:50:00;172602N232;3676;10.247;39;225;226;228;222;5.428;50.02;393.4;4.760;399.4;4.661;0.0;0.000;60;0;0;5.402;5.538;5.344;1223;1265;1187;50.02;50.02;50.02;6410;1000;0.0;0;1.0000;0;0
600;2013-04-28 13:00:00;172602N232;5100;11.097;40;226;228;230;220;7.512;50.00;388.2;6.703;389.1;6.664;0.0;0.000;60;0;0;7.534;7.709;7.295;1719;1773;1605;50.00;50.00;50.00;6410;1000;0.0;0;1.0000;0;0
600;2013-04-28 13:10:00;172602N232;4787;11.895;40;225;227;229;220;7.075;50.02;387.5;6.292;388.7;6.253;0.0;0.000;60;0;0;7.088;7.249;6.889;1610;1659;1516;50.02;50.02;50.02;6410;1000;0.0;0;1.0000;0;0
600;2013-04-28 13:20:00;172602N232;5083;12.743;41;226;227;229;221;7.495;50.03;384.5;6.728;387.8;6.664;0.0;0.000;60;0;0;7.502;7.653;7.332;1703;1757;1621;50.03;50.03;50.03;6410;1000;0.0;0;1.0000;0;0
600;2013-04-28 13:30:00;172602N232;5104;13.596;41;225;227;228;222;7.541;50.03;384.5;6.752;387.5;6.701;0.0;0.000;60;0;0;7.534;7.661;7.428;1707;1746;1649;50.03;50.03;50.03;6410;1000;0.0;0;1.0000;0;0
600;2013-04-28 13:40:00;172602N232;5131;14.448;41;226;227;229;222;7.568;50.04;386.4;6.779;387.8;6.707;0.0;0.000;60;0;0;7.559;7.722;7.425;1713;1771;1644;50.04;50.04;50.04;6410;1000;0.0;0;1.0000;0;0
600;2013-04-28 13:50:00;172602N232;4472;15.196;42;225;227;229;220;6.617;50.05;390.1;5.850;391.2;5.783;0.0;0.000;60;0;0;6.627;6.777;6.449;1502;1555;1417;50.05;50.05;50.05;6410;1000;0.0;0;1.0000;0;0
600;2013-04-28 14:00:00;172602N232;4489;15.944;42;225;226;228;220;6.645;50.01;394.5;5.823;394.9;5.751;0.0;0.000;60;0;0;6.649;6.797;6.490;1507;1552;1427;50.01;50.01;50.01;6410;1000;0.0;0;1.0000;0;0
600;2013-04-28 14:10:00;172602N232;4805;16.745;42;224;226;227;221;7.128;50.02;397.6;6.159;398.4;6.124;0.0;0.000;60;0;0;7.114;7.260;7.010;1605;1650;1548;50.02;50.02;50.02;6410;1000;0.0;0;1.0000;0;0
600;2013-04-28 14:20:00;172602N232;5104;17.596;42;225;225;228;222;7.549;50.01;390.2;6.667;392.3;6.598;0.0;0.000;60;0;0;7.500;7.682;7.467;1691;1751;1659;50.01;50.01;50.01;6410;1000;0.0;0;1.0000;0;0
600;2013-04-28 14:30:00;172602N232;4708;18.380;43;225;225;228;221;6.976;50.01;390.2;6.135;391.3;6.116;0.0;0.000;60;0;0;6.944;7.137;6.848;1565;1629;1513;50.01;50.01;50.01;6410;1000;0.0;0;1.0000;0;0
600;2013-04-28 14:40:00;172602N232;4998;19.213;43;225;226;227;221;7.409;50.01;391.7;6.506;392.8;6.453;0.0;0.000;60;0;0;7.407;7.524;7.296;1674;1708;1614;50.01;50.01;50.01;6410;1000;0.0;0;1.0000;0;0
600;2013-04-28 14:50:00;172602N232;4876;20.026;43;225;226;228;221;7.215;50.01;390.9;6.346;392.5;6.303;0.0;0.000;60;0;0;7.198;7.360;7.087;1624;1678;1570;50.01;50.01;50.01;6410;1000;0.0;0;1.0000;0;0
600;2013-04-28 15:00:00;172602N232;4622;20.797;43;226;226;229;223;6.807;49.99;394.1;5.974;395.2;5.912;0.0;0.000;60;0;0;6.791;6.920;6.710;1538;1586;1499;49.99;49.99;49.99;6410;1000;0.0;0;1.0000;0;0
600;2013-04-28 15:10:00;172602N232;4748;21.589;43;227;227;229;225;6.966;50.01;395.3;6.143;396.4;6.059;0.0;0.000;60;0;0;6.937;7.073;6.889;1578;1621;1546;50.01;50.01;50.01;6410;1000;0.0;0;1.0000;0;0
600;2013-04-28 15:20:00;172602N232;4564;22.349;43;227;227;229;225;6.707;50.00;396.0;5.861;396.8;5.826;0.0;0.000;60;0;0;6.656;6.816;6.651;1508;1559;1495;50.00;50.00;50.00;6410;1000;0.0;0;1.0000;0;0
600;2013-04-28 15:30:00;172602N232;4735;23.139;43;227;227;229;225;6.951;50.01;396.7;6.088;397.0;6.038;0.0;0.000;60;0;0;6.914;7.045;6.894;1571;1613;1549;50.01;50.01;50.01;6410;1000;0.0;0;1.0000;0;0
600;2013-04-28 15:40:00;172602N232;3929;23.793;43;226;226;227;224;5.796;50.00;400.0;4.994;400.4;4.944;0.0;0.000;60;0;0;5.771;5.852;5.767;1305;1329;1293;50.00;50.00;50.00;6410;1000;0.0;0;1.0000;0;0
600;2013-04-28 15:50:00;172602N232;4233;24.501;43;226;226;228;224;6.241;50.00;400.3;5.385;401.8;5.337;0.0;0.000;60;0;0;6.193;6.319;6.213;1398;1445;1392;50.00;50.00;50.00;6410;1000;0.0;0;1.0000;0;0
600;2013-04-28 16:00:00;172602N232;4295;25.217;43;226;226;230;223;6.328;49.99;402.9;5.421;403.5;5.376;0.0;0.000;60;0;0;6.280;6.478;6.226;1419;1489;1385;49.99;49.99;49.99;6410;1000;0.0;0;1.0000;0;0
600;2013-04-28 16:10:00;172602N232;4211;25.919;43;226;226;229;223;6.217;49.98;402.7;5.323;403.5;5.286;0.0;0.000;60;0;0;6.185;6.359;6.107;1397;1459;1357;49.98;49.98;49.98;6410;1000;0.0;0;1.0000;0;0
600;2013-04-28 16:20:00;172602N232;3215;26.455;43;225;226;228;222;4.768;49.98;400.4;4.025;402.6;4.000;0.0;0.000;60;0;0;4.766;4.848;4.692;1074;1103;1037;49.98;49.98;49.98;6410;1000;0.0;0;1.0000;0;0
600;2013-04-28 16:30:00;172602N232;3601;27.056;43;225;225;228;223;5.334;49.98;406.4;4.457;406.7;4.463;0.0;0.000;60;0;0;5.301;5.429;5.274;1193;1234;1171;49.98;49.98;49.98;6410;1000;0.0;0;1.0000;0;0
600;2013-04-28 16:40:00;172602N232;3862;27.701;43;225;226;229;221;5.720;50.00;418.6;4.634;409.9;4.819;0.0;0.000;60;0;0;5.686;5.864;5.611;1280;1341;1239;50.00;50.00;50.00;6410;1000;0.0;0;1.0000;0;0
600;2013-04-28 16:50:00;172602N232;3685;28.314;43;225;226;229;221;5.464;50.01;399.6;4.625;410.5;4.599;0.0;0.000;60;0;0;5.454;5.584;5.356;1229;1273;1180;50.01;50.01;50.01;6410;1000;0.0;0;1.0000;0;0
600;2013-04-28 17:00:00;172602N232;3542;28.905;43;224;226;227;220;5.280;50.03;399.3;4.449;409.7;4.424;0.0;0.000;60;0;0;5.287;5.381;5.172;1191;1218;1131;50.03;50.03;50.03;6410;1000;0.0;0;1.0000;0;0
600;2013-04-28 17:10:00;172602N232;3382;29.467;43;223;225;226;219;5.062;50.02;398.7;4.247;410.2;4.225;0.0;0.000;60;0;0;5.052;5.173;4.962;1131;1167;1082;50.02;50.02;50.02;6410;1000;0.0;0;1.0000;0;0
600;2013-04-28 17:20:00;172602N232;2931;29.957;43;222;224;225;218;4.408;49.99;399.8;3.661;411.2;3.635;0.0;0.000;60;0;0;4.405;4.500;4.319;982;1008;939;49.99;49.99;49.99;6410;1000;0.0;0;1.0000;0;0
600;2013-04-28 17:30:00;172602N232;3072;30.469;43;223;224;225;221;4.613;50.00;404.5;3.802;415.2;3.780;0.0;0.000;60;0;0;4.593;4.666;4.580;1024;1043;1003;50.00;50.00;50.00;6410;1000;0.0;0;1.0000;0;0
600;2013-04-28 17:40:00;172602N232;2889;30.950;43;222;224;223;220;4.353;50.00;406.3;3.569;422.6;3.479;0.0;0.000;60;0;0;4.360;4.369;4.332;972;968;947;50.00;50.00;50.00;6410;1000;0.0;0;1.0000;0;0
600;2013-04-28 17:50:00;172602N232;2672;31.397;43;221;223;220;221;4.052;49.99;406.8;3.326;422.7;3.185;0.0;0.000;60;0;0;4.040;4.053;4.063;896;888;886;49.99;49.99;49.99;6410;1000;0.0;0;1.0000;0;0
600;2013-04-28 18:00:00;172602N232;2465;31.807;42;222;224;223;220;3.722;50.03;415.3;2.976;408.7;3.064;0.0;0.000;60;0;0;3.716;3.748;3.704;825;831;807;50.03;50.03;50.03;6410;1000;0.0;0;1.0000;0;0
600;2013-04-28 18:10:00;172602N232;2189;32.172;42;222;222;224;221;3.306;50.01;399.9;2.727;410.6;2.718;0.0;0.000;60;0;0;3.263;3.344;3.312;718;742;727;50.01;50.01;50.01;6410;1000;0.0;0;1.0000;0;0
600;2013-04-28 18:20:00;172602N232;2073;32.520;42;222;222;222;221;3.132;50.00;401.3;2.573;412.4;2.563;0.0;0.000;60;0;0;3.106;3.152;3.139;685;696;690;50.00;50.00;50.00;6410;1000;0.0;0;1.0000;0;0
600;2013-04-28 18:30:00;172602N232;1918;32.838;41;222;223;222;220;2.898;50.00;402.4;2.372;412.8;2.365;0.0;0.000;60;0;0;2.883;2.923;2.890;639;645;632;50.00;50.00;50.00;6410;1000;0.0;0;1.0000;0;0
600;2013-04-28 18:40:00;172602N232;1548;33.097;41;222;223;223;219;2.405;50.00;401.5;1.904;411.6;1.906;0.0;0.000;60;0;0;2.390;2.448;2.377;508;531;508;50.00;50.00;50.00;6410;1000;0.0;0;1.0000;0;0
600;2013-04-28 18:50:00;172602N232;1302;33.314;41;221;221;223;221;2.061;50.00;395.6;1.599;413.6;1.610;0.0;0.000;60;0;0;2.050;2.095;2.038;416;448;436;50.00;50.00;50.00;6410;1000;0.0;0;1.0000;0;0
600;2013-04-28 19:00:00;172602N232;1281;33.527;41;222;221;225;221;1.969;50.04;396.3;1.578;416.2;1.586;0.0;0.000;60;0;0;1.908;2.018;1.983;409;441;428;50.04;50.04;50.04;6410;1000;0.0;0;1.0000;0;0
600;2013-04-28 19:10:00;172602N232;1022;33.698;40;223;223;226;219;1.568;50.02;368.4;1.262;416.1;1.341;0.0;0.000;60;0;0;1.515;1.630;1.559;328;360;333;50.02;50.02;50.02;6410;1000;0.0;0;1.0000;0;0
600;2013-04-28 19:20:00;172602N232;746;33.823;40;223;224;225;221;1.168;50.01;298.8;0.954;416.3;1.111;0.0;0.000;60;0;0;1.138;1.199;1.168;238;259;247;50.01;50.01;50.01;6410;1000;0.0;0;1.0000;0;0
600;2013-04-28 19:30:00;172602N232;549;33.914;40;224;224;225;222;0.859;49.99;401.4;0.455;410.3;0.880;0.0;0.000;60;0;0;0.808;0.898;0.872;170;193;184;49.99;49.99;49.99;6410;1000;0.0;0;1.0000;0;0
600;2013-04-28 19:40:00;172602N232;364;33.975;40;224;224;226;223;0.997;49.98;409.8;0.368;325.9;0.628;0.0;0.000;60;0;0;1.013;1.059;0.921;105;128;129;49.98;49.98;49.98;6410;1000;0.0;0;1.0000;0;0
600;2013-04-28 19:50:00;172602N232;267;34.019;39;224;225;225;222;1.125;49.98;367.2;0.352;402.4;0.321;0.0;0.000;60;0;0;1.311;1.199;0.866;55;117;93;49.98;49.98;49.98;6410;1000;0.0;0;1.0000;0;0
600;2013-04-28 20:00:00;172602N232;215;34.055;39;223;225;223;222;0.995;50.02;355.0;0.304;409.1;0.233;0.0;0.000;60;0;0;1.184;0.834;0.967;23;84;105;50.02;50.02;50.02;6410;1000;0.0;0;1.0000;0;0
600;2013-04-28 20:10:00;172602N232;152;34.082;38;224;225;224;222;1.021;50.01;320.8;0.205;386.8;0.197;0.0;0.000;60;0;0;1.458;0.883;0.722;6;84;68;50.01;50.01;50.01;6410;1000;0.0;0;1.0000;0;0
600;2013-04-28 20:20:00;172602N232;72;34.094;38;224;225;225;223;0.841;50.00;328.0;0.079;369.7;0.099;0.0;0.000;60;0;0;1.235;0.660;0.630;0;43;46;50.00;50.00;50.00;6410;1000;0.0;0;1.0000;0;0
600;2013-04-28 20:30:00;172602N232;27;34.098;37;224;226;224;223;0.462;50.00;314.1;0.018;339.5;0.022;0.0;0.000;60;0;0;0.620;0.372;0.396;0;25;25;50.00;50.00;50.00;6410;1000;0.0;0;1.0000;0;0
600;2013-04-28 20:40:00;172602N232;6;34.100;36;224;227;225;221;0.261;49.99;257.3;0.000;261.9;0.002;0.0;0.000;60;0;0;0.369;0.216;0.198;0;12;11;49.99;49.99;49.99;6410;1000;0.0;0;1.0000;0;0
600;2013-04-28 20:50:00;172602N232;0;34.099;35;224;225;227;222;0.013;50.00;297.1;0.000;295.9;0.000;0.0;0.000;51;0;0;0.023;0.009;0.009;0;0;0;50.00;50.00;50.00;10780;1000;0.0;0;1.0000;0;0
600;2013-04-28 21:00:00;172602N232;0;34.099;33;223;223;226;220;0.000;49.99;234.6;0.000;235.6;0.000;0.0;0.000;51;0;0;0.000;0.000;0.000;0;0;0;49.99;49.99;49.99;14632;1000;0.0;0;1.0000;0;0
600;2013-04-28 21:10:00;172602N232;0;34.099;32;223;223;226;220;0.000;50.00;228.1;0.000;229.0;0.000;0.0;0.000;51;0;0;0.000;0.000;0.000;0;0;0;50.00;50.00;50.00;14632;1000;0.0;0;1.0000;0;0
[wr_ende]
