20170620;230002;172602N232;My Plant;+0100
[wr_def_start]
172602N232;Inverter Type;Inverter Group;72602N232      
[wr_def_end]
[wr]
INTERVAL;TIMESTAMP;SERIAL;P_AC;E_DAY;T_WR;U_AC;U_AC_1;U_AC_2;U_AC_3;I_AC;F_AC;U_DC_1;I_DC_1;U_DC_2;I_DC_2;U_DC_3;I_DC_3;S;E_WR;M_WR;I_AC_1;I_AC_2;I_AC_3;P_AC_1;P_AC_2;P_AC_3;F_AC_1;F_AC_2;F_AC_3;R_DC;PC;PCS;PCS_LL;COS_PHI;COS_PHI_LL;S_COS_PHI
600;2017-06-20 03:10:00;172602N232;0;0.000;0;3;3;4;3;0.000;0.88;4.0;0.000;4.0;0.000;0.0;0.000;50;0;0;0.000;0.000;0.000;0;0;0;0.88;0.88;0.88;23;1000;0.0;0;1.0000;0;0
600;2017-06-20 03:20:00;172602N232;0;0.000;31;227;227;230;224;0.000;49.99;227.4;0.000;228.3;0.000;0.0;0.000;50;0;0;0.000;0.000;0.000;0;0;0;49.99;49.99;49.99;0;1000;0.0;0;1.0000;0;0
600;2017-06-20 03:30:00;172602N232;0;0.000;33;228;227;231;225;0.000;50.00;230.6;0.000;231.5;0.000;0.0;0.000;50;0;0;0.000;0.000;0.000;0;0;0;50.00;50.00;50.00;0;1000;0.0;0;1.0000;0;0
600;2017-06-20 03:40:00;172602N232;0;0.000;33;228;227;231;225;0.000;50.01;237.2;0.000;238.1;0.000;0.0;0.000;50;0;0;0.000;0.000;0.000;0;0;0;50.01;50.01;50.01;0;1000;0.0;0;1.0000;0;0
600;2017-06-20 03:50:00;172602N232;0;0.000;34;228;227;231;225;0.000;50.00;286.9;0.000;285.8;0.000;0.0;0.000;51;0;0;0.001;0.000;0.000;0;0;0;50.00;50.00;50.00;851;1000;0.0;0;1.0000;0;0
600;2017-06-20 04:00:00;172602N232;0;0.000;34;227;227;229;226;0.032;50.01;265.6;0.000;265.0;0.000;0.0;0.000;60;0;0;0.025;0.047;0.026;0;0;1;50.01;50.01;50.01;3919;1000;0.0;0;1.0000;0;0
600;2017-06-20 04:10:00;172602N232;1;0.001;34;227;227;228;226;0.111;50.01;251.7;0.000;251.7;0.000;0.0;0.000;60;0;0;0.105;0.147;0.082;1;0;4;50.01;50.01;50.01;3884;1000;0.0;0;1.0000;0;0
600;2017-06-20 04:20:00;172602N232;4;0.002;34;227;227;228;226;0.212;50.02;251.8;0.000;253.6;0.000;0.0;0.000;60;0;0;0.236;0.264;0.137;4;0;8;50.02;50.02;50.02;3884;1000;0.0;0;1.0000;0;0
600;2017-06-20 04:30:00;172602N232;10;0.006;35;227;227;228;226;0.310;50.02;269.5;0.003;259.4;0.004;0.0;0.000;60;0;0;0.391;0.369;0.171;9;0;10;50.02;50.02;50.02;3884;1000;0.0;0;1.0000;0;0
600;2017-06-20 04:40:00;172602N232;18;0.011;35;227;227;228;227;0.505;50.02;306.7;0.014;283.2;0.015;0.0;0.000;60;0;0;0.517;0.684;0.316;16;0;19;50.02;50.02;50.02;3884;1000;0.0;0;1.0000;0;0
600;2017-06-20 04:50:00;172602N232;28;0.018;35;227;227;228;226;0.584;50.01;325.0;0.024;331.3;0.021;0.0;0.000;60;0;0;0.558;0.803;0.393;10;0;26;50.01;50.01;50.01;3884;1000;0.0;0;1.0000;0;0
600;2017-06-20 05:00:00;172602N232;47;0.026;35;227;227;228;226;0.668;50.01;357.9;0.048;359.9;0.043;0.0;0.000;60;0;0;0.590;0.939;0.475;13;2;34;50.01;50.01;50.01;3884;1000;0.0;0;1.0000;0;0
600;2017-06-20 05:10:00;172602N232;56;0.035;36;226;226;228;225;0.741;50.03;365.4;0.061;370.7;0.053;0.0;0.000;60;0;0;0.715;0.962;0.548;12;7;38;50.03;50.03;50.03;3884;1000;0.0;0;1.0000;0;0
600;2017-06-20 05:20:00;172602N232;73;0.045;36;226;226;227;225;0.875;50.03;373.1;0.086;373.9;0.076;0.0;0.000;60;0;0;0.811;1.127;0.689;16;6;51;50.03;50.03;50.03;3884;1000;0.0;0;1.0000;0;0
600;2017-06-20 05:30:00;172602N232;78;0.058;36;225;224;226;224;0.899;49.99;380.8;0.090;381.8;0.076;0.0;0.000;60;0;0;0.800;1.177;0.720;21;5;51;49.99;49.99;49.99;3884;1000;0.0;0;1.0000;0;0
600;2017-06-20 05:40:00;172602N232;83;0.070;36;224;225;225;223;0.888;49.98;382.9;0.097;382.2;0.082;0.0;0.000;60;0;0;0.911;1.042;0.712;8;17;55;49.98;49.98;49.98;3884;1000;0.0;0;1.0000;0;0
600;2017-06-20 05:50:00;172602N232;107;0.089;36;223;221;226;222;0.962;49.99;393.0;0.124;384.5;0.113;0.0;0.000;60;0;0;0.717;1.448;0.722;48;1;65;49.99;49.99;49.99;3884;1000;0.0;0;1.0000;0;0
600;2017-06-20 06:00:00;172602N232;118;0.108;37;222;221;225;221;0.934;49.99;398.4;0.138;384.7;0.125;0.0;0.000;60;0;0;0.709;1.377;0.716;49;4;67;49.99;49.99;49.99;3884;1000;0.0;0;1.0000;0;0
600;2017-06-20 06:10:00;172602N232;128;0.129;37;221;220;224;220;0.921;50.00;402.7;0.151;385.6;0.136;0.0;0.000;60;0;0;0.710;1.340;0.714;50;7;69;50.00;50.00;50.00;3884;1000;0.0;0;1.0000;0;0
600;2017-06-20 06:20:00;172602N232;146;0.152;37;224;223;226;224;0.962;50.03;403.6;0.174;392.1;0.154;0.0;0.000;60;0;0;0.749;1.400;0.738;45;27;72;50.03;50.03;50.03;3884;1000;0.0;0;1.0000;0;0
600;2017-06-20 06:30:00;172602N232;156;0.178;37;224;223;226;223;1.027;49.99;407.3;0.190;390.3;0.163;0.0;0.000;60;0;0;1.041;1.290;0.752;39;48;68;49.99;49.99;49.99;3884;1000;0.0;0;1.0000;0;0
600;2017-06-20 06:40:00;172602N232;153;0.204;37;224;223;225;222;1.064;49.99;405.9;0.183;393.4;0.161;0.0;0.000;60;0;0;1.159;1.271;0.762;33;45;73;49.99;49.99;49.99;3884;1000;0.0;0;1.0000;0;0
600;2017-06-20 06:50:00;172602N232;165;0.231;37;223;223;225;222;1.090;50.00;412.3;0.196;395.0;0.173;0.0;0.000;60;0;0;1.203;1.306;0.761;33;58;71;50.00;50.00;50.00;3884;1000;0.0;0;1.0000;0;0
600;2017-06-20 07:00:00;172602N232;183;0.262;38;223;222;224;222;1.055;49.99;417.8;0.217;396.8;0.194;0.0;0.000;60;0;0;1.100;1.316;0.750;48;61;72;49.99;49.99;49.99;3884;1000;0.0;0;1.0000;0;0
600;2017-06-20 07:10:00;172602N232;238;0.302;38;224;223;225;222;1.076;50.01;421.2;0.285;399.9;0.256;0.0;0.000;60;0;0;1.054;1.286;0.888;70;72;94;50.01;50.01;50.01;3884;1000;0.0;0;1.0000;0;0
600;2017-06-20 07:20:00;172602N232;276;0.347;38;224;224;226;222;1.132;50.02;434.9;0.338;392.5;0.290;0.0;0.000;60;0;0;1.179;1.283;0.936;76;97;100;50.02;50.02;50.02;3884;1000;0.0;0;1.0000;0;0
600;2017-06-20 07:30:00;172602N232;286;0.396;38;225;225;226;223;1.132;50.00;448.1;0.345;393.2;0.293;0.0;0.000;60;0;0;1.189;1.303;0.905;82;103;98;50.00;50.00;50.00;3884;1000;0.0;0;1.0000;0;0
600;2017-06-20 07:40:00;172602N232;522;0.483;38;226;226;229;224;0.903;50.00;451.1;0.675;399.0;0.517;0.0;0.000;60;0;0;0.852;0.962;0.896;160;184;176;50.00;50.00;50.00;3884;1000;0.0;0;1.0000;0;0
600;2017-06-20 07:50:00;172602N232;973;0.644;38;227;226;230;224;1.470;50.01;366.0;1.937;414.8;0.749;0.0;0.000;60;0;0;1.413;1.526;1.472;309;340;321;50.01;50.01;50.01;3884;1000;0.0;0;1.0000;0;0
600;2017-06-20 08:00:00;172602N232;1164;0.840;39;226;226;228;224;1.755;50.01;411.5;1.706;405.6;1.186;0.0;0.000;60;0;0;1.702;1.802;1.761;373;402;386;50.01;50.01;50.01;3884;1000;0.0;0;1.0000;0;0
600;2017-06-20 08:10:00;172602N232;1242;1.046;39;226;225;229;224;1.866;50.00;416.9;1.771;409.8;1.246;0.0;0.000;60;0;0;1.802;1.930;1.867;396;433;411;50.00;50.00;50.00;3884;1000;0.0;0;1.0000;0;0
600;2017-06-20 08:20:00;172602N232;1185;1.244;39;226;224;230;225;1.821;49.99;414.9;1.760;408.3;1.119;0.0;0.000;60;0;0;1.745;1.911;1.808;376;416;392;49.99;49.99;49.99;3884;1000;0.0;0;1.0000;0;0
600;2017-06-20 08:30:00;172602N232;1666;1.522;40;227;225;230;226;2.539;50.00;414.9;2.840;416.3;1.176;0.0;0.000;60;0;0;2.463;2.621;2.533;534;580;552;50.00;50.00;50.00;3884;1000;0.0;0;1.0000;0;0
600;2017-06-20 08:40:00;172602N232;873;1.668;40;225;224;226;224;1.340;50.01;409.7;1.123;408.2;1.002;0.0;0.000;60;0;0;1.286;1.384;1.350;276;303;292;50.01;50.01;50.01;3884;1000;0.0;0;1.0000;0;0
600;2017-06-20 08:50:00;172602N232;1004;1.836;41;225;225;228;224;1.535;49.99;414.0;1.341;411.3;1.091;0.0;0.000;60;0;0;1.479;1.588;1.539;319;349;334;49.99;49.99;49.99;3884;1000;0.0;0;1.0000;0;0
600;2017-06-20 09:00:00;172602N232;2198;2.202;41;227;225;230;225;3.250;50.00;412.1;3.576;332.9;2.434;0.0;0.000;60;0;0;3.177;3.333;3.240;710;764;723;50.00;50.00;50.00;3884;1000;0.0;0;1.0000;0;0
600;2017-06-20 09:10:00;172602N232;1590;2.467;41;226;225;230;225;2.379;50.00;414.8;2.358;412.9;1.490;0.0;0.000;60;0;0;2.307;2.455;2.375;507;557;524;50.00;50.00;50.00;3884;1000;0.0;0;1.0000;0;0
600;2017-06-20 09:20:00;172602N232;1535;2.723;42;225;223;229;224;2.306;50.00;414.8;2.137;403.1;1.652;0.0;0.000;60;0;0;2.223;2.389;2.306;488;535;510;50.00;50.00;50.00;3884;1000;0.0;0;1.0000;0;0
600;2017-06-20 09:30:00;172602N232;3221;3.261;42;228;226;231;226;4.725;50.00;408.1;4.787;289.3;4.641;0.0;0.000;60;0;0;4.639;4.832;4.706;1046;1113;1058;50.00;50.00;50.00;3884;1000;0.0;0;1.0000;0;0
600;2017-06-20 09:40:00;172602N232;2624;3.697;42;227;226;231;225;3.861;49.99;399.6;3.928;302.8;3.806;0.0;0.000;60;0;0;3.779;3.960;3.845;848;909;862;49.99;49.99;49.99;3884;1000;0.0;0;1.0000;0;0
600;2017-06-20 09:50:00;172602N232;3256;4.240;43;228;226;231;225;4.774;49.99;397.4;4.780;317.7;4.531;0.0;0.000;60;0;0;4.688;4.906;4.730;1059;1136;1061;49.99;49.99;49.99;3884;1000;0.0;0;1.0000;0;0
600;2017-06-20 10:00:00;172602N232;2434;4.646;43;227;226;229;224;3.603;50.00;400.1;3.489;338.3;3.247;0.0;0.000;60;0;0;3.550;3.680;3.580;797;837;797;50.00;50.00;50.00;3884;1000;0.0;0;1.0000;0;0
600;2017-06-20 10:10:00;172602N232;4329;5.367;43;229;228;233;226;6.308;50.00;396.3;6.142;331.5;5.987;0.0;0.000;60;0;0;6.233;6.469;6.223;1418;1505;1403;50.00;50.00;50.00;3884;1000;0.0;0;1.0000;0;0
600;2017-06-20 10:20:00;172602N232;2871;5.847;43;227;226;230;225;4.205;49.97;400.0;3.900;380.0;3.642;0.0;0.000;60;0;0;4.144;4.304;4.169;937;995;937;49.97;49.97;49.97;3884;1000;0.0;0;1.0000;0;0
600;2017-06-20 10:30:00;172602N232;2962;6.340;43;228;226;231;226;4.341;49.99;393.4;4.040;376.4;3.825;0.0;0.000;60;0;0;4.271;4.448;4.305;965;1025;969;49.99;49.99;49.99;3884;1000;0.0;0;1.0000;0;0
600;2017-06-20 10:40:00;172602N232;3681;6.953;43;228;227;232;226;5.369;49.99;393.7;4.955;379.8;4.756;0.0;0.000;60;0;0;5.282;5.493;5.332;1198;1275;1206;49.99;49.99;49.99;3884;1000;0.0;0;1.0000;0;0
600;2017-06-20 10:50:00;172602N232;4173;7.650;44;229;227;233;226;6.080;49.99;394.2;5.577;381.7;5.404;0.0;0.000;60;0;0;5.998;6.241;6.002;1362;1456;1355;49.99;49.99;49.99;3884;1000;0.0;0;1.0000;0;0
600;2017-06-20 11:00:00;172602N232;4472;8.396;44;230;228;234;227;6.489;49.99;387.8;5.981;378.2;5.911;0.0;0.000;60;0;0;6.405;6.660;6.402;1460;1561;1449;49.99;49.99;49.99;3884;1000;0.0;0;1.0000;0;0
600;2017-06-20 11:10:00;172602N232;4181;9.093;44;230;228;234;227;6.068;49.99;389.3;5.586;391.0;5.374;0.0;0.000;60;0;0;5.994;6.223;5.987;1369;1458;1356;49.99;49.99;49.99;3884;1000;0.0;0;1.0000;0;0
600;2017-06-20 11:20:00;172602N232;3818;9.729;44;229;228;233;227;5.539;49.99;388.3;5.089;391.4;4.931;0.0;0.000;60;0;0;5.462;5.673;5.483;1245;1328;1243;49.99;49.99;49.99;3884;1000;0.0;0;1.0000;0;0
600;2017-06-20 11:30:00;172602N232;3539;10.318;45;229;228;233;226;5.145;50.01;400.7;4.493;405.2;4.336;0.0;0.000;60;0;0;5.066;5.274;5.095;1152;1227;1152;50.01;50.01;50.01;3884;1000;0.0;0;1.0000;0;0
600;2017-06-20 11:40:00;172602N232;2890;10.801;45;228;227;232;225;4.237;50.00;403.5;3.670;409.6;3.476;0.0;0.000;60;0;0;4.165;4.342;4.204;942;1006;943;50.00;50.00;50.00;3884;1000;0.0;0;1.0000;0;0
600;2017-06-20 11:50:00;172602N232;3681;11.414;44;228;227;232;225;5.375;50.00;401.5;4.695;404.5;4.586;0.0;0.000;60;0;0;5.289;5.524;5.313;1199;1285;1194;50.00;50.00;50.00;3884;1000;0.0;0;1.0000;0;0
600;2017-06-20 12:00:00;172602N232;3347;11.972;44;227;226;231;224;4.923;49.99;406.4;4.206;411.1;4.029;0.0;0.000;60;0;0;4.865;5.039;4.867;1099;1164;1085;49.99;49.99;49.99;3884;1000;0.0;0;1.0000;0;0
600;2017-06-20 12:10:00;172602N232;4130;12.661;44;228;227;232;225;6.033;50.00;395.1;5.325;398.3;5.247;0.0;0.000;60;0;0;5.961;6.186;5.952;1353;1443;1336;50.00;50.00;50.00;3884;1000;0.0;0;1.0000;0;0
600;2017-06-20 12:20:00;172602N232;4064;13.340;45;228;226;233;224;5.946;49.99;397.2;5.203;396.9;5.178;0.0;0.000;60;0;0;5.846;6.140;5.854;1320;1429;1313;49.99;49.99;49.99;3884;1000;0.0;0;1.0000;0;0
600;2017-06-20 12:30:00;172602N232;4618;14.110;45;228;227;233;224;6.733;50.00;391.9;6.022;394.1;5.967;0.0;0.000;60;0;0;6.644;6.944;6.613;1508;1624;1484;50.00;50.00;50.00;3884;1000;0.0;0;1.0000;0;0
600;2017-06-20 12:40:00;172602N232;3671;14.722;45;227;226;231;224;5.369;50.00;390.5;4.787;393.4;4.705;0.0;0.000;60;0;0;5.311;5.517;5.280;1204;1282;1183;50.00;50.00;50.00;3884;1000;0.0;0;1.0000;0;0
600;2017-06-20 12:50:00;172602N232;4589;15.486;45;228;228;232;224;6.698;49.99;397.6;5.844;397.3;5.830;0.0;0.000;60;0;0;6.666;6.865;6.563;1520;1596;1471;49.99;49.99;49.99;3884;1000;0.0;0;1.0000;0;0
600;2017-06-20 13:00:00;172602N232;3824;16.124;45;229;228;232;226;5.564;50.00;395.2;4.949;398.4;4.839;0.0;0.000;60;0;0;5.512;5.682;5.499;1258;1319;1243;50.00;50.00;50.00;3884;1000;0.0;0;1.0000;0;0
600;2017-06-20 13:10:00;172602N232;5491;17.041;46;231;230;236;228;7.913;50.00;387.2;7.226;387.1;7.226;0.0;0.000;60;0;0;7.847;8.113;7.780;1804;1917;1771;50.00;50.00;50.00;3884;1000;0.0;0;1.0000;0;0
600;2017-06-20 13:20:00;172602N232;4003;17.708;46;229;228;233;227;5.815;49.99;396.3;5.127;397.0;5.063;0.0;0.000;60;0;0;5.763;5.934;5.749;1315;1382;1303;49.99;49.99;49.99;3884;1000;0.0;0;1.0000;0;0
600;2017-06-20 13:30:00;172602N232;4636;18.482;46;230;229;235;226;6.705;49.99;391.9;6.039;391.7;6.018;0.0;0.000;60;0;0;6.623;6.919;6.574;1517;1633;1486;49.99;49.99;49.99;3884;1000;0.0;0;1.0000;0;0
600;2017-06-20 13:40:00;172602N232;5222;19.351;46;231;229;236;227;7.529;50.00;385.6;6.917;386.0;6.892;0.0;0.000;60;0;0;7.441;7.755;7.393;1708;1832;1680;50.00;50.00;50.00;3884;1000;0.0;0;1.0000;0;0
600;2017-06-20 13:50:00;172602N232;3834;19.990;46;231;230;235;227;5.537;49.99;392.7;4.975;391.3;4.963;0.0;0.000;60;0;0;5.477;5.682;5.453;1258;1332;1238;49.99;49.99;49.99;3884;1000;0.0;0;1.0000;0;0
600;2017-06-20 14:00:00;172602N232;2169;20.351;46;229;228;233;227;3.163;50.01;407.8;2.700;406.1;2.668;0.0;0.000;60;0;0;3.097;3.240;3.154;704;749;713;50.01;50.01;50.01;3884;1000;0.0;0;1.0000;0;0
600;2017-06-20 14:10:00;172602N232;3345;20.909;45;230;230;234;228;4.830;50.00;409.1;4.172;407.2;4.155;0.0;0.000;60;0;0;4.765;4.954;4.773;1095;1164;1086;50.00;50.00;50.00;3884;1000;0.0;0;1.0000;0;0
600;2017-06-20 14:20:00;172602N232;4900;21.725;45;231;233;239;222;7.054;50.00;393.3;6.356;392.7;6.359;0.0;0.000;60;0;0;7.028;7.407;6.727;1640;1768;1487;50.00;50.00;50.00;3884;1000;0.0;0;1.0000;0;0
600;2017-06-20 14:30:00;172602N232;4757;22.518;46;231;234;239;220;6.848;50.00;381.6;6.375;379.4;6.405;0.0;0.000;60;0;0;6.835;7.217;6.494;1599;1732;1425;50.00;50.00;50.00;3884;1000;0.0;0;1.0000;0;0
600;2017-06-20 14:40:00;172602N232;4138;23.208;46;230;233;239;219;5.976;49.99;399.0;5.269;396.7;5.260;0.0;0.000;60;0;0;5.957;6.306;5.665;1388;1502;1241;49.99;49.99;49.99;3884;1000;0.0;0;1.0000;0;0
600;2017-06-20 14:50:00;172602N232;3265;23.752;46;227;231;235;216;4.792;49.98;404.6;4.067;397.9;4.139;0.0;0.000;60;0;0;4.780;5.051;4.547;1100;1188;979;49.98;49.98;49.98;3884;1000;0.0;0;1.0000;0;0
600;2017-06-20 15:00:00;172602N232;2899;24.237;46;226;230;234;216;4.270;49.99;405.2;3.576;401.5;3.604;0.0;0.000;60;0;0;4.255;4.495;4.061;973;1052;872;49.99;49.99;49.99;3884;1000;0.0;0;1.0000;0;0
600;2017-06-20 15:10:00;172602N232;3252;24.777;46;227;231;233;217;4.757;50.01;406.8;4.078;406.8;4.047;0.0;0.000;60;0;0;4.765;4.968;4.540;1101;1161;987;50.01;50.01;50.01;3884;1000;0.0;0;1.0000;0;0
600;2017-06-20 15:20:00;172602N232;4780;25.574;46;230;231;236;224;6.922;50.00;390.8;6.202;390.5;6.240;0.0;0.000;60;0;0;6.905;7.154;6.709;1597;1685;1497;50.00;50.00;50.00;3884;1000;0.0;0;1.0000;0;0
600;2017-06-20 15:30:00;172602N232;3702;26.192;46;229;229;233;226;5.377;50.00;391.2;4.765;390.7;4.833;0.0;0.000;60;0;0;5.323;5.514;5.294;1220;1287;1192;50.00;50.00;50.00;3884;1000;0.0;0;1.0000;0;0
600;2017-06-20 15:40:00;172602N232;2668;26.636;46;228;228;232;225;3.900;49.99;392.5;3.356;395.7;3.449;0.0;0.000;60;0;0;3.841;4.004;3.855;872;928;863;49.99;49.99;49.99;3884;1000;0.0;0;1.0000;0;0
600;2017-06-20 15:50:00;172602N232;3102;27.153;46;228;228;232;225;4.527;49.98;395.0;3.937;399.6;3.983;0.0;0.000;60;0;0;4.456;4.652;4.473;1013;1081;1005;49.98;49.98;49.98;3884;1000;0.0;0;1.0000;0;0
600;2017-06-20 16:00:00;172602N232;2091;27.500;45;227;226;231;224;3.083;49.99;397.6;2.612;402.7;2.638;0.0;0.000;60;0;0;3.002;3.184;3.065;674;728;683;49.99;49.99;49.99;3884;1000;0.0;0;1.0000;0;0
600;2017-06-20 16:10:00;172602N232;3593;28.098;45;228;228;232;226;5.241;50.00;393.9;4.579;400.4;4.603;0.0;0.000;60;0;0;5.176;5.361;5.187;1178;1243;1168;50.00;50.00;50.00;3884;1000;0.0;0;1.0000;0;0
600;2017-06-20 16:20:00;172602N232;1549;28.357;45;226;225;229;225;2.315;50.01;400.5;1.932;409.6;1.902;0.0;0.000;60;0;0;2.249;2.371;2.325;498;536;515;50.01;50.01;50.01;3884;1000;0.0;0;1.0000;0;0
600;2017-06-20 16:30:00;172602N232;1773;28.652;45;226;226;229;224;2.625;50.00;402.5;2.188;410.3;2.179;0.0;0.000;60;0;0;2.561;2.693;2.622;572;615;583;50.00;50.00;50.00;3884;1000;0.0;0;1.0000;0;0
600;2017-06-20 16:40:00;172602N232;920;28.805;44;225;225;227;224;1.444;50.00;407.9;1.142;417.1;1.076;0.0;0.000;60;0;0;1.412;1.475;1.445;294;318;307;50.00;50.00;50.00;3884;1000;0.0;0;1.0000;0;0
600;2017-06-20 16:50:00;172602N232;1506;29.055;44;226;226;227;224;2.253;49.99;408.4;1.806;415.9;1.839;0.0;0.000;60;0;0;2.205;2.299;2.255;488;514;498;49.99;49.99;49.99;3884;1000;0.0;0;1.0000;0;0
600;2017-06-20 17:00:00;172602N232;2044;29.397;44;226;226;229;225;3.055;50.00;393.4;2.521;410.0;2.555;0.0;0.000;60;0;0;3.009;3.108;3.049;662;701;676;50.00;50.00;50.00;3884;1000;0.0;0;1.0000;0;0
600;2017-06-20 17:10:00;172602N232;1987;29.728;44;227;227;230;223;2.941;50.00;390.7;2.483;410.0;2.480;0.0;0.000;60;0;0;2.887;3.029;2.908;647;694;643;50.00;50.00;50.00;3884;1000;0.0;0;1.0000;0;0
600;2017-06-20 17:20:00;172602N232;1363;29.954;44;226;227;228;223;2.073;50.02;385.9;1.710;408.1;1.687;0.0;0.000;60;0;0;2.045;2.120;2.054;445;473;444;50.02;50.02;50.02;3884;1000;0.0;0;1.0000;0;0
600;2017-06-20 17:30:00;172602N232;2489;30.369;44;227;228;230;223;3.669;50.00;391.4;3.125;415.7;3.065;0.0;0.000;60;0;0;3.636;3.752;3.621;824;858;803;50.00;50.00;50.00;3884;1000;0.0;0;1.0000;0;0
600;2017-06-20 17:40:00;172602N232;2380;30.768;44;226;227;228;225;3.529;49.99;394.8;2.962;417.7;2.924;0.0;0.000;60;0;0;3.488;3.577;3.524;783;810;785;49.99;49.99;49.99;3884;1000;0.0;0;1.0000;0;0
600;2017-06-20 17:50:00;172602N232;2420;31.170;44;226;227;228;224;3.604;49.99;377.4;3.140;399.3;3.149;0.0;0.000;60;0;0;3.583;3.649;3.581;801;824;793;49.99;49.99;49.99;3884;1000;0.0;0;1.0000;0;0
600;2017-06-20 18:00:00;172602N232;2466;31.582;44;227;228;229;226;3.629;50.00;379.0;3.201;399.6;3.206;0.0;0.000;60;0;0;3.585;3.672;3.631;812;837;816;50.00;50.00;50.00;3884;1000;0.0;0;1.0000;0;0
600;2017-06-20 18:10:00;172602N232;2306;31.966;44;227;228;228;226;3.404;49.99;383.8;2.920;399.4;3.032;0.0;0.000;60;0;0;3.362;3.442;3.408;760;782;764;49.99;49.99;49.99;3884;1000;0.0;0;1.0000;0;0
600;2017-06-20 18:20:00;172602N232;2196;32.333;43;226;227;227;225;3.246;50.01;368.1;2.887;398.5;2.905;0.0;0.000;60;0;0;3.197;3.279;3.264;721;742;731;50.01;50.01;50.01;3884;1000;0.0;0;1.0000;0;0
600;2017-06-20 18:30:00;172602N232;1642;32.607;43;226;225;228;226;2.492;49.99;364.9;2.149;399.5;2.172;0.0;0.000;60;0;0;2.419;2.551;2.506;529;563;548;49.99;49.99;49.99;3884;1000;0.0;0;1.0000;0;0
600;2017-06-20 18:40:00;172602N232;1499;32.856;43;226;227;227;226;2.302;49.99;364.3;1.958;402.0;1.988;0.0;0.000;60;0;0;2.259;2.338;2.311;487;510;499;49.99;49.99;49.99;3884;1000;0.0;0;1.0000;0;0
600;2017-06-20 18:50:00;172602N232;981;33.020;43;226;226;227;225;1.622;49.99;360.7;1.263;402.8;1.313;0.0;0.000;60;0;0;1.599;1.655;1.612;315;338;325;49.99;49.99;49.99;3884;1000;0.0;0;1.0000;0;0
600;2017-06-20 19:00:00;172602N232;1115;33.206;43;227;227;228;225;1.792;50.00;344.9;1.471;403.1;1.535;0.0;0.000;60;0;0;1.777;1.834;1.765;359;386;367;50.00;50.00;50.00;3884;1000;0.0;0;1.0000;0;0
600;2017-06-20 19:10:00;172602N232;1098;33.389;43;228;229;231;225;1.645;50.01;318.0;1.488;404.6;1.565;0.0;0.000;60;0;0;1.597;1.696;1.643;353;382;360;50.01;50.01;50.01;3884;1000;0.0;0;1.0000;0;0
600;2017-06-20 19:20:00;172602N232;456;33.464;43;224;225;225;224;1.137;50.02;392.0;0.485;400.7;0.671;0.0;0.000;60;0;0;1.164;1.182;1.066;142;164;148;50.02;50.02;50.02;3884;1000;0.0;0;1.0000;0;0
600;2017-06-20 19:30:00;172602N232;322;33.518;43;223;223;224;222;0.901;50.00;405.1;0.213;393.5;0.547;0.0;0.000;60;0;0;0.827;1.070;0.806;93;108;119;50.00;50.00;50.00;3884;1000;0.0;0;1.0000;0;0
600;2017-06-20 19:40:00;172602N232;184;33.550;42;223;223;225;222;1.003;50.01;378.1;0.216;396.1;0.220;0.0;0.000;60;0;0;0.992;1.246;0.772;58;45;79;50.00;50.01;50.01;3884;1000;0.0;0;1.0000;0;0
600;2017-06-20 19:50:00;172602N232;299;33.600;42;223;222;224;224;0.863;50.00;390.4;0.339;403.7;0.377;0.0;0.000;60;0;0;0.757;1.060;0.772;91;103;102;50.00;50.00;50.00;3884;1000;0.0;0;1.0000;0;0
600;2017-06-20 20:00:00;172602N232;175;33.629;42;224;223;224;224;0.904;49.99;383.4;0.208;398.7;0.199;0.0;0.000;60;0;0;0.806;1.119;0.789;45;73;55;49.99;49.99;49.99;3884;1000;0.0;0;1.0000;0;0
600;2017-06-20 20:10:00;172602N232;256;33.671;41;222;225;227;215;1.091;50.00;389.7;0.298;404.2;0.309;0.0;0.000;60;0;0;1.103;1.245;0.926;59;86;108;50.00;50.00;50.00;3884;1000;0.0;0;1.0000;0;0
600;2017-06-20 20:20:00;172602N232;172;33.701;41;222;225;226;214;1.004;49.97;382.7;0.202;399.8;0.196;0.0;0.000;60;0;0;1.235;0.994;0.784;28;58;85;49.97;49.97;49.97;3884;1000;0.0;0;1.0000;0;0
600;2017-06-20 20:30:00;172602N232;67;33.712;41;222;225;226;215;0.836;49.99;361.7;0.069;373.7;0.072;0.0;0.000;60;0;0;0.952;0.920;0.637;5;18;53;49.99;49.99;49.99;3884;1000;0.0;0;1.0000;0;0
600;2017-06-20 20:40:00;172602N232;139;33.736;41;223;226;227;216;0.985;50.01;380.8;0.156;390.6;0.162;0.0;0.000;60;0;0;1.301;0.920;0.735;14;58;73;50.01;50.01;50.01;3884;1000;0.0;0;1.0000;0;0
600;2017-06-20 20:50:00;172602N232;56;33.745;40;223;226;227;216;0.801;50.01;357.8;0.052;367.6;0.061;0.0;0.000;60;0;0;0.969;0.828;0.606;3;20;48;50.01;50.01;50.01;3884;1000;0.0;0;1.0000;0;0
600;2017-06-20 21:00:00;172602N232;37;33.751;40;223;226;226;215;0.511;50.01;330.1;0.029;348.5;0.034;0.0;0.000;60;0;0;0.633;0.516;0.386;0;23;30;50.01;50.01;50.01;3884;1000;0.0;0;1.0000;0;0
600;2017-06-20 21:10:00;172602N232;6;33.753;40;223;228;227;215;0.206;50.02;260.0;0.002;261.5;0.003;0.0;0.000;60;0;0;0.286;0.174;0.159;0;9;10;50.02;50.02;50.02;3884;1000;0.0;0;1.0000;0;0
600;2017-06-20 21:20:00;172602N232;0;33.752;39;222;226;227;214;0.005;49.99;276.4;0.000;275.5;0.000;0.0;0.000;51;0;0;0.008;0.004;0.004;0;0;0;49.99;49.99;49.99;5130;1000;0.0;0;1.0000;0;0
600;2017-06-20 21:30:00;172602N232;0;33.752;38;223;224;228;217;0.000;50.01;266.4;0.000;266.6;0.000;0.0;0.000;51;0;0;0.000;0.000;0.000;0;0;0;50.01;50.01;50.01;8469;1000;0.0;0;1.0000;0;0
600;2017-06-20 21:40:00;172602N232;0;33.752;38;223;224;228;217;0.000;50.02;230.9;0.000;231.9;0.000;0.0;0.000;51;0;0;0.000;0.000;0.000;0;0;0;50.02;50.02;50.02;8469;1000;0.0;0;1.0000;0;0
600;2017-06-20 21:50:00;172602N232;0;33.752;37;223;224;227;217;0.000;50.00;229.6;0.000;230.5;0.000;0.0;0.000;51;0;0;0.000;0.000;0.000;0;0;0;50.00;50.00;50.00;8469;1000;0.0;0;1.0000;0;0
600;2017-06-20 22:00:00;172602N232;0;33.752;37;223;224;227;217;0.000;50.01;227.8;0.000;228.7;0.000;0.0;0.000;51;0;0;0.000;0.000;0.000;0;0;0;50.01;50.01;50.01;8469;1000;0.0;0;1.0000;0;0
[wr_ende]
