20171115;230002;172602N232;My Plant;+0100
[wr_def_start]
172602N232;Inverter Type;Inverter Group;72602N232      
[wr_def_end]
[wr]
INTERVAL;TIMESTAMP;SERIAL;P_AC;E_DAY;T_WR;U_AC;U_AC_1;U_AC_2;U_AC_3;I_AC;F_AC;U_DC_1;I_DC_1;U_DC_2;I_DC_2;U_DC_3;I_DC_3;S;E_WR;M_WR;I_AC_1;I_AC_2;I_AC_3;P_AC_1;P_AC_2;P_AC_3;F_AC_1;F_AC_2;F_AC_3;R_DC;PC;PCS;PCS_LL;COS_PHI;COS_PHI_LL;S_COS_PHI
600;2017-11-15 06:40:00;172602N232;0;0.000;0;0;0;0;0;0.000;0.22;0.9;0.000;0.9;0.000;0.0;0.000;50;0;0;0.000;0.000;0.000;0;0;0;0.22;0.22;0.22;9;1000;0.0;0;1.0000;0;0
600;2017-11-15 06:50:00;172602N232;0;0.000;15;225;226;227;222;0.000;49.98;229.1;0.000;230.0;0.000;0.0;0.000;50;0;0;0.000;0.000;0.000;0;0;0;49.98;49.98;49.98;0;1000;0.0;0;1.0000;0;0
600;2017-11-15 07:00:00;172602N232;0;0.000;17;225;225;229;222;0.000;49.97;237.5;0.000;238.4;0.000;0.0;0.000;50;0;0;0.000;0.000;0.000;0;0;0;49.97;49.97;49.97;0;1000;0.0;0;1.0000;0;0
600;2017-11-15 07:10:00;172602N232;0;0.000;18;225;225;227;223;0.020;50.02;288.6;0.000;286.7;0.000;0.0;0.000;51;0;0;0.026;0.021;0.014;0;0;0;50.02;50.02;50.02;2632;1000;0.0;0;1.0000;0;0
600;2017-11-15 07:20:00;172602N232;12;0.003;18;225;226;226;225;0.250;50.01;313.6;0.007;268.9;0.006;0.0;0.000;60;0;0;0.289;0.253;0.210;0;13;7;50.01;50.01;50.01;4491;1000;0.0;0;1.0000;0;0
600;2017-11-15 07:30:00;172602N232;38;0.009;19;225;225;224;225;0.486;49.98;375.2;0.042;296.2;0.031;0.0;0.000;60;0;0;0.525;0.493;0.441;4;24;12;49.98;49.98;49.98;4511;1000;0.0;0;1.0000;0;0
600;2017-11-15 07:40:00;172602N232;66;0.019;19;224;225;225;224;0.739;49.99;394.2;0.075;380.1;0.052;0.0;0.000;60;0;0;0.852;0.799;0.567;5;23;37;49.99;49.99;49.99;4511;1000;0.0;0;1.0000;0;0
600;2017-11-15 07:50:00;172602N232;136;0.042;20;225;225;225;224;0.945;49.98;410.6;0.167;405.2;0.127;0.0;0.000;60;0;0;1.170;0.889;0.778;25;53;56;49.98;49.98;49.98;4511;1000;0.0;0;1.0000;0;0
600;2017-11-15 08:00:00;172602N232;147;0.066;20;225;225;224;226;1.084;49.99;411.7;0.173;400.1;0.153;0.0;0.000;60;0;0;1.196;0.987;1.069;31;92;21;49.99;49.99;49.99;4511;1000;0.0;0;1.0000;0;0
600;2017-11-15 08:10:00;172602N232;138;0.089;21;226;226;225;227;1.020;49.98;409.6;0.159;404.4;0.144;0.0;0.000;60;0;0;1.046;0.916;1.099;42;66;27;49.98;49.98;49.98;4511;1000;0.0;0;1.0000;0;0
600;2017-11-15 08:20:00;172602N232;103;0.107;21;225;223;226;226;0.847;49.99;394.4;0.114;393.5;0.104;0.0;0.000;60;0;0;0.671;1.118;0.753;48;16;38;49.99;49.99;49.99;4511;1000;0.0;0;1.0000;0;0
600;2017-11-15 08:30:00;172602N232;83;0.121;21;225;224;225;226;0.881;50.00;386.8;0.091;399.3;0.084;0.0;0.000;60;0;0;0.972;0.890;0.781;21;33;28;50.00;50.00;50.00;4511;1000;0.0;0;1.0000;0;0
600;2017-11-15 08:40:00;172602N232;70;0.132;22;225;224;225;225;0.822;50.00;382.6;0.075;377.8;0.072;0.0;0.000;60;0;0;0.892;0.910;0.665;18;25;33;50.00;50.00;50.00;4511;1000;0.0;0;1.0000;0;0
600;2017-11-15 08:50:00;172602N232;93;0.149;22;225;226;224;224;0.938;50.01;389.7;0.102;396.2;0.096;0.0;0.000;60;0;0;1.323;0.758;0.734;2;57;43;50.01;50.01;50.01;4511;1000;0.0;0;1.0000;0;0
600;2017-11-15 09:00:00;172602N232;74;0.161;22;224;225;225;223;0.819;50.00;383.4;0.079;388.3;0.075;0.0;0.000;60;0;0;1.004;0.832;0.621;4;30;43;50.00;50.00;50.00;4511;1000;0.0;0;1.0000;0;0
600;2017-11-15 09:10:00;172602N232;175;0.190;22;224;225;224;224;0.974;49.99;399.7;0.200;414.0;0.192;0.0;0.000;60;0;0;1.127;0.909;0.888;33;70;71;49.99;49.99;49.99;4511;1000;0.0;0;1.0000;0;0
600;2017-11-15 09:20:00;172602N232;171;0.219;23;224;224;224;224;0.965;49.99;399.6;0.198;416.3;0.184;0.0;0.000;60;0;0;1.072;0.905;0.920;40;67;62;49.99;49.99;49.99;4511;1000;0.0;0;1.0000;0;0
600;2017-11-15 09:30:00;172602N232;179;0.249;23;225;224;226;224;0.946;50.00;407.9;0.203;416.9;0.191;0.0;0.000;60;0;0;0.882;1.242;0.715;37;69;70;50.00;50.00;50.00;4511;1000;0.0;0;1.0000;0;0
600;2017-11-15 09:40:00;172602N232;310;0.301;23;224;224;225;224;1.135;49.98;424.4;0.357;428.2;0.335;0.0;0.000;60;0;0;1.161;1.199;1.046;91;110;106;49.98;49.98;49.98;4511;1000;0.0;0;1.0000;0;0
600;2017-11-15 09:50:00;172602N232;389;0.365;23;224;224;225;223;1.125;49.99;423.7;0.461;432.0;0.418;0.0;0.000;60;0;0;1.134;1.171;1.071;119;141;127;49.99;49.99;49.99;4511;1000;0.0;0;1.0000;0;0
600;2017-11-15 10:00:00;172602N232;469;0.443;24;224;225;225;223;1.055;49.99;427.6;0.557;435.2;0.502;0.0;0.000;60;0;0;1.060;1.093;1.013;150;167;149;49.99;49.99;49.99;4511;1000;0.0;0;1.0000;0;0
600;2017-11-15 10:10:00;172602N232;470;0.522;24;226;226;227;224;0.820;49.99;425.9;0.559;434.8;0.507;0.0;0.000;60;0;0;0.777;0.861;0.823;144;167;158;49.99;49.99;49.99;4511;1000;0.0;0;1.0000;0;0
600;2017-11-15 10:20:00;172602N232;706;0.641;24;226;226;228;225;1.083;49.99;438.7;1.021;436.7;0.561;0.0;0.000;60;0;0;1.031;1.127;1.093;222;246;236;49.99;49.99;49.99;4511;1000;0.0;0;1.0000;0;0
600;2017-11-15 10:30:00;172602N232;959;0.801;25;226;226;227;225;1.451;49.98;426.5;1.776;440.7;0.449;0.0;0.000;60;0;0;1.405;1.492;1.458;307;331;319;49.98;49.98;49.98;4511;1000;0.0;0;1.0000;0;0
600;2017-11-15 10:40:00;172602N232;984;0.965;25;226;226;228;225;1.483;49.98;379.7;1.986;446.0;0.520;0.0;0.000;60;0;0;1.437;1.523;1.491;316;340;327;49.98;49.98;49.98;4511;1000;0.0;0;1.0000;0;0
600;2017-11-15 10:50:00;172602N232;958;1.124;26;226;226;227;226;1.448;49.97;341.6;2.163;449.5;0.494;0.0;0.000;60;0;0;1.399;1.483;1.462;307;328;321;49.97;49.97;49.97;4511;1000;0.0;0;1.0000;0;0
600;2017-11-15 11:00:00;172602N232;983;1.289;26;227;227;228;226;1.479;49.97;307.2;2.231;459.5;0.662;0.0;0.000;60;0;0;1.429;1.516;1.492;315;338;328;49.97;49.97;49.97;4511;1000;0.0;0;1.0000;0;0
600;2017-11-15 11:10:00;172602N232;794;1.421;27;227;227;228;226;1.346;49.97;335.0;1.599;418.6;0.784;0.0;0.000;60;0;0;1.361;1.366;1.312;254;276;262;49.97;49.97;49.97;4511;1000;0.0;0;1.0000;0;0
600;2017-11-15 11:20:00;172602N232;779;1.551;27;228;228;229;227;1.249;49.99;455.7;0.699;296.3;1.563;0.0;0.000;60;0;0;1.215;1.289;1.245;248;270;259;49.99;49.99;49.99;4511;1000;0.0;0;1.0000;0;0
600;2017-11-15 11:30:00;172602N232;753;1.677;28;228;228;228;227;1.148;50.00;459.0;0.517;323.5;1.597;0.0;0.000;60;0;0;1.101;1.186;1.159;239;260;252;50.00;50.00;50.00;4511;1000;0.0;0;1.0000;0;0
600;2017-11-15 11:40:00;172602N232;725;1.798;28;228;228;228;227;1.138;49.99;456.9;0.438;338.4;1.548;0.0;0.000;60;0;0;1.108;1.165;1.141;229;250;243;49.99;49.99;49.99;4511;1000;0.0;0;1.0000;0;0
600;2017-11-15 11:50:00;172602N232;730;1.918;28;227;227;230;226;1.119;50.00;456.0;0.422;358.9;1.493;0.0;0.000;60;0;0;1.067;1.167;1.124;230;255;243;50.00;50.00;50.00;4511;1000;0.0;0;1.0000;0;0
600;2017-11-15 12:00:00;172602N232;884;2.067;28;228;227;229;226;1.370;50.00;454.2;0.628;380.2;1.567;0.0;0.000;60;0;0;1.339;1.398;1.373;282;304;296;50.00;50.00;50.00;4511;1000;0.0;0;1.0000;0;0
600;2017-11-15 12:10:00;172602N232;676;2.179;29;227;227;228;226;1.049;50.00;431.0;0.729;396.9;0.904;0.0;0.000;60;0;0;1.002;1.087;1.059;213;234;227;50.00;50.00;50.00;4511;1000;0.0;0;1.0000;0;0
600;2017-11-15 12:20:00;172602N232;799;2.313;29;227;227;229;227;1.229;49.98;454.9;0.810;428.5;0.988;0.0;0.000;60;0;0;1.182;1.266;1.240;253;277;268;49.98;49.98;49.98;4511;1000;0.0;0;1.0000;0;0
600;2017-11-15 12:30:00;172602N232;1025;2.484;29;227;226;229;226;1.560;49.99;454.5;1.085;449.8;1.164;0.0;0.000;60;0;0;1.502;1.605;1.574;325;355;343;49.99;49.99;49.99;4511;1000;0.0;0;1.0000;0;0
600;2017-11-15 12:40:00;172602N232;585;2.581;29;227;225;228;226;0.911;50.00;421.9;0.699;426.3;0.658;0.0;0.000;60;0;0;0.849;0.959;0.925;180;206;198;50.00;50.00;50.00;4511;1000;0.0;0;1.0000;0;0
600;2017-11-15 12:50:00;172602N232;414;2.651;29;226;226;226;226;1.140;50.00;416.7;0.494;420.7;0.457;0.0;0.000;60;0;0;1.116;1.180;1.126;122;150;140;50.00;50.00;50.00;4511;1000;0.0;0;1.0000;0;0
600;2017-11-15 13:00:00;172602N232;305;2.701;29;227;226;228;226;1.080;50.01;412.3;0.373;413.2;0.330;0.0;0.000;60;0;0;1.027;1.239;0.975;92;105;106;50.01;50.01;50.01;4511;1000;0.0;0;1.0000;0;0
600;2017-11-15 13:10:00;172602N232;565;2.795;29;227;227;228;226;0.883;50.00;423.5;0.710;427.1;0.594;0.0;0.000;60;0;0;0.829;0.922;0.898;175;197;191;50.00;50.00;50.00;4511;1000;0.0;0;1.0000;0;0
600;2017-11-15 13:20:00;172602N232;544;2.887;29;226;226;226;226;0.878;49.97;418.8;0.662;428.2;0.598;0.0;0.000;60;0;0;0.835;0.914;0.885;169;189;184;49.97;49.97;49.97;4511;1000;0.0;0;1.0000;0;0
600;2017-11-15 13:30:00;172602N232;430;2.958;29;226;225;228;225;0.813;49.99;422.7;0.533;425.5;0.449;0.0;0.000;60;0;0;0.782;0.863;0.794;128;152;147;49.99;49.99;49.99;4511;1000;0.0;0;1.0000;0;0
600;2017-11-15 13:40:00;172602N232;279;3.005;29;226;225;228;225;1.097;49.99;411.6;0.341;415.2;0.299;0.0;0.000;60;0;0;1.030;1.309;0.954;81;89;107;49.99;49.99;49.99;4511;1000;0.0;0;1.0000;0;0
600;2017-11-15 13:50:00;172602N232;260;3.049;29;226;225;227;225;1.098;49.99;404.3;0.346;424.1;0.249;0.0;0.000;60;0;0;1.136;1.243;0.915;83;87;89;49.99;49.99;49.99;4511;1000;0.0;0;1.0000;0;0
600;2017-11-15 14:00:00;172602N232;263;3.093;29;226;226;227;225;1.126;49.99;354.9;0.405;434.3;0.247;0.0;0.000;60;0;0;1.274;1.244;0.860;76;107;78;49.99;49.99;49.99;4511;1000;0.0;0;1.0000;0;0
600;2017-11-15 14:10:00;172602N232;236;3.133;28;226;227;226;226;1.070;50.00;300.2;0.384;417.9;0.269;0.0;0.000;60;0;0;1.296;1.155;0.760;65;109;60;50.00;50.00;50.00;4511;1000;0.0;0;1.0000;0;0
600;2017-11-15 14:20:00;172602N232;246;3.173;28;227;227;228;226;1.104;50.01;423.2;0.277;406.5;0.281;0.0;0.000;60;0;0;1.077;1.310;0.927;59;93;91;50.01;50.01;50.01;4511;1000;0.0;0;1.0000;0;0
600;2017-11-15 14:30:00;172602N232;234;3.212;28;226;230;230;218;1.143;49.99;422.3;0.252;424.4;0.263;0.0;0.000;60;0;0;1.495;1.179;0.757;37;101;93;49.99;49.99;49.99;4511;1000;0.0;0;1.0000;0;0
600;2017-11-15 14:40:00;172602N232;183;3.243;28;225;230;230;217;1.258;49.98;405.4;0.205;406.1;0.209;0.0;0.000;60;0;0;1.966;0.938;0.872;4;88;108;49.98;49.98;49.98;4511;1000;0.0;0;1.0000;0;0
600;2017-11-15 14:50:00;172602N232;133;3.265;28;222;226;226;213;0.973;49.99;402.4;0.147;388.3;0.153;0.0;0.000;60;0;0;1.436;0.752;0.732;0;64;71;49.99;49.99;49.99;4511;1000;0.0;0;1.0000;0;0
600;2017-11-15 15:00:00;172602N232;84;3.281;28;222;225;226;214;0.840;49.99;385.0;0.089;379.2;0.089;0.0;0.000;60;0;0;1.136;0.754;0.632;1;38;54;49.99;49.99;49.99;4511;1000;0.0;0;1.0000;0;0
600;2017-11-15 15:10:00;172602N232;18;3.284;27;221;225;226;214;0.337;50.03;295.5;0.012;283.9;0.016;0.0;0.000;60;0;0;0.501;0.295;0.217;0;13;16;50.03;50.03;50.03;4511;1000;0.0;0;1.0000;0;0
600;2017-11-15 15:20:00;172602N232;0;3.284;27;221;224;226;214;0.007;50.00;279.9;0.000;278.9;0.000;0.0;0.000;50;0;0;0.010;0.006;0.005;0;0;0;50.00;50.00;50.00;4511;1000;0.0;0;1.0000;0;0
600;2017-11-15 15:30:00;172602N232;0;3.284;26;221;222;225;216;0.000;49.97;234.2;0.000;235.2;0.000;0.0;0.000;50;0;0;0.000;0.000;0.000;0;0;0;49.97;49.97;49.97;4511;1000;0.0;0;1.0000;0;0
600;2017-11-15 15:40:00;172602N232;0;3.284;25;221;221;225;217;0.000;49.97;228.1;0.000;229.0;0.000;0.0;0.000;50;0;0;0.000;0.000;0.000;0;0;0;49.97;49.97;49.97;4511;1000;0.0;0;1.0000;0;0
[wr_ende]
