20170512;230000;172602N232;My Plant;+0100
[wr_def_start]
172602N232;Inverter Type;Inverter Group;72602N232      
[wr_def_end]
[wr]
INTERVAL;TIMESTAMP;SERIAL;P_AC;E_DAY;T_WR;U_AC;U_AC_1;U_AC_2;U_AC_3;I_AC;F_AC;U_DC_1;I_DC_1;U_DC_2;I_DC_2;U_DC_3;I_DC_3;S;E_WR;M_WR;I_AC_1;I_AC_2;I_AC_3;P_AC_1;P_AC_2;P_AC_3;F_AC_1;F_AC_2;F_AC_3;R_DC;PC;PCS;PCS_LL;COS_PHI;COS_PHI_LL;S_COS_PHI
600;2017-05-12 04:00:00;172602N232;0;0.000;0;5;5;5;5;0.000;1.28;5.7;0.000;5.8;0.000;0.0;0.000;50;0;0;0.000;0.000;0.000;0;0;0;1.28;1.28;1.28;106;1000;0.0;0;1.0000;0;0
600;2017-05-12 04:10:00;172602N232;0;0.000;21;227;227;229;223;0.000;50.00;227.7;0.000;228.7;0.000;0.0;0.000;50;0;0;0.000;0.000;0.000;0;0;0;50.00;50.00;50.00;0;1000;0.0;0;1.0000;0;0
600;2017-05-12 04:20:00;172602N232;0;0.000;22;226;227;229;223;0.000;50.01;232.7;0.000;233.6;0.000;0.0;0.000;50;0;0;0.000;0.000;0.000;0;0;0;50.01;50.01;50.01;0;1000;0.0;0;1.0000;0;0
600;2017-05-12 04:30:00;172602N232;0;0.000;23;226;226;229;223;0.001;50.00;281.7;0.000;281.5;0.000;0.0;0.000;60;0;0;0.002;0.001;0.001;0;0;0;50.00;50.00;50.00;2643;1000;0.0;0;1.0000;0;0
600;2017-05-12 04:40:00;172602N232;4;0.001;23;227;227;228;225;0.130;49.99;283.3;0.000;274.9;0.001;0.0;0.000;60;0;0;0.149;0.132;0.110;0;3;6;49.99;49.99;49.99;6858;1000;0.0;0;1.0000;0;0
600;2017-05-12 04:50:00;172602N232;29;0.006;23;227;227;227;226;0.433;50.00;340.8;0.021;335.7;0.020;0.0;0.000;60;0;0;0.510;0.463;0.327;1;13;20;50.00;50.00;50.00;5100;1000;0.0;0;1.0000;0;0
600;2017-05-12 05:00:00;172602N232;51;0.016;24;227;227;227;226;0.778;50.00;377.7;0.049;374.2;0.045;0.0;0.000;60;0;0;0.840;0.896;0.599;1;12;39;50.00;50.00;50.00;5100;1000;0.0;0;1.0000;0;0
600;2017-05-12 05:10:00;172602N232;81;0.029;24;226;227;227;225;0.940;49.99;396.8;0.087;388.1;0.080;0.0;0.000;60;0;0;1.068;1.007;0.747;5;25;55;49.99;49.99;49.99;5100;1000;0.0;0;1.0000;0;0
600;2017-05-12 05:20:00;172602N232;119;0.047;25;227;227;228;226;0.953;50.02;413.0;0.134;394.6;0.121;0.0;0.000;60;0;0;0.844;1.247;0.768;34;18;64;50.02;50.02;50.02;5100;1000;0.0;0;1.0000;0;0
600;2017-05-12 05:30:00;172602N232;171;0.076;25;227;227;228;226;1.012;50.00;420.8;0.198;400.2;0.178;0.0;0.000;60;0;0;1.154;1.148;0.734;42;57;70;50.00;50.00;50.00;5100;1000;0.0;0;1.0000;0;0
600;2017-05-12 05:40:00;172602N232;181;0.105;25;227;226;228;225;0.972;49.98;421.9;0.213;399.4;0.189;0.0;0.000;60;0;0;0.986;1.222;0.708;48;56;76;49.98;49.98;49.98;5100;1000;0.0;0;1.0000;0;0
600;2017-05-12 05:50:00;172602N232;227;0.145;26;226;226;228;224;1.068;49.99;426.8;0.270;402.1;0.240;0.0;0.000;60;0;0;1.079;1.281;0.845;56;74;95;49.99;49.99;49.99;5100;1000;0.0;0;1.0000;0;0
600;2017-05-12 06:00:00;172602N232;289;0.192;26;226;227;228;225;1.148;49.98;430.8;0.344;405.9;0.310;0.0;0.000;60;0;0;1.263;1.255;0.926;73;111;104;49.98;49.98;49.98;5100;1000;0.0;0;1.0000;0;0
600;2017-05-12 06:10:00;172602N232;350;0.250;26;227;226;228;226;1.130;49.98;433.0;0.422;409.2;0.375;0.0;0.000;60;0;0;1.160;1.243;0.987;108;119;121;49.98;49.98;49.98;5100;1000;0.0;0;1.0000;0;0
600;2017-05-12 06:20:00;172602N232;293;0.300;27;226;226;227;225;1.150;50.02;430.1;0.356;399.2;0.314;0.0;0.000;60;0;0;1.191;1.287;0.974;86;100;105;50.02;50.02;50.02;5100;1000;0.0;0;1.0000;0;0
600;2017-05-12 06:30:00;172602N232;265;0.345;27;226;226;227;224;1.131;49.98;428.4;0.320;402.1;0.281;0.0;0.000;60;0;0;1.199;1.279;0.915;66;97;100;49.98;49.98;49.98;5100;1000;0.0;0;1.0000;0;0
600;2017-05-12 06:40:00;172602N232;314;0.397;27;225;226;226;224;1.155;49.98;431.3;0.384;404.0;0.332;0.0;0.000;60;0;0;1.325;1.177;0.964;87;120;105;49.98;49.98;49.98;5100;1000;0.0;0;1.0000;0;0
600;2017-05-12 06:50:00;172602N232;313;0.449;28;225;226;226;224;1.171;49.99;434.0;0.380;404.7;0.330;0.0;0.000;60;0;0;1.338;1.173;1.002;87;118;105;49.99;49.99;49.99;5100;1000;0.0;0;1.0000;0;0
600;2017-05-12 07:00:00;172602N232;273;0.495;28;225;225;226;223;1.155;49.98;439.1;0.326;394.7;0.289;0.0;0.000;60;0;0;1.262;1.268;0.936;66;101;103;49.98;49.98;49.98;5100;1000;0.0;0;1.0000;0;0
600;2017-05-12 07:10:00;172602N232;292;0.543;28;225;225;227;223;1.175;49.97;446.3;0.350;389.1;0.309;0.0;0.000;60;0;0;1.251;1.333;0.942;83;99;109;49.97;49.97;49.97;5100;1000;0.0;0;1.0000;0;0
600;2017-05-12 07:20:00;172602N232;347;0.601;28;224;224;226;223;1.143;50.01;455.8;0.416;392.0;0.364;0.0;0.000;60;0;0;1.193;1.249;0.989;107;118;120;50.01;50.01;50.01;5100;1000;0.0;0;1.0000;0;0
600;2017-05-12 07:30:00;172602N232;371;0.662;29;224;225;224;224;1.191;49.99;465.3;0.443;393.7;0.379;0.0;0.000;60;0;0;1.245;1.218;1.110;96;145;127;49.99;49.99;49.99;5100;1000;0.0;0;1.0000;0;0
600;2017-05-12 07:40:00;172602N232;413;0.733;29;223;222;224;224;1.052;49.99;474.3;0.498;395.9;0.409;0.0;0.000;60;0;0;1.039;1.098;1.021;129;150;132;49.99;49.99;49.99;5100;1000;0.0;0;1.0000;0;0
600;2017-05-12 07:50:00;172602N232;471;0.812;29;223;221;225;223;0.792;49.99;478.2;0.588;393.4;0.452;0.0;0.000;60;0;0;0.739;0.832;0.806;142;167;160;49.99;49.99;49.99;5100;1000;0.0;0;1.0000;0;0
600;2017-05-12 08:00:00;172602N232;638;0.918;29;224;222;227;224;1.020;50.00;402.0;1.286;386.1;0.501;0.0;0.000;60;0;0;0.955;1.067;1.039;196;224;216;50.00;50.00;50.00;5100;1000;0.0;0;1.0000;0;0
600;2017-05-12 08:10:00;172602N232;960;1.077;30;224;223;226;223;1.465;50.00;314.7;2.396;392.1;0.546;0.0;0.000;60;0;0;1.407;1.507;1.483;304;333;322;50.00;50.00;50.00;5100;1000;0.0;0;1.0000;0;0
600;2017-05-12 08:20:00;172602N232;1217;1.280;30;224;222;228;223;1.857;50.01;374.7;2.638;403.5;0.576;0.0;0.000;60;0;0;1.777;1.932;1.863;382;427;405;50.01;50.01;50.01;5100;1000;0.0;0;1.0000;0;0
600;2017-05-12 08:30:00;172602N232;1438;1.520;30;224;222;227;224;2.157;50.00;397.7;2.978;411.3;0.626;0.0;0.000;60;0;0;2.073;2.218;2.182;456;497;483;50.00;50.00;50.00;5100;1000;0.0;0;1.0000;0;0
600;2017-05-12 08:40:00;172602N232;1621;1.791;31;224;222;228;223;2.427;50.00;415.5;3.180;397.3;0.769;0.0;0.000;60;0;0;2.345;2.500;2.438;517;565;538;50.00;50.00;50.00;5100;1000;0.0;0;1.0000;0;0
600;2017-05-12 08:50:00;172602N232;1987;2.122;31;224;222;228;223;2.972;50.00;417.1;3.494;296.2;1.878;0.0;0.000;60;0;0;2.889;3.050;2.977;638;690;658;50.00;50.00;50.00;5100;1000;0.0;0;1.0000;0;0
600;2017-05-12 09:00:00;172602N232;2065;2.466;32;224;222;227;223;3.093;50.00;414.6;3.481;311.1;2.098;0.0;0.000;60;0;0;3.013;3.174;3.093;664;715;684;50.00;50.00;50.00;5100;1000;0.0;0;1.0000;0;0
600;2017-05-12 09:10:00;172602N232;2373;2.862;32;225;223;229;222;3.547;50.00;412.5;3.870;314.4;2.583;0.0;0.000;60;0;0;3.464;3.656;3.523;764;831;777;50.00;50.00;50.00;5100;1000;0.0;0;1.0000;0;0
600;2017-05-12 09:20:00;172602N232;2582;3.293;34;225;223;229;223;3.848;49.99;408.4;4.105;352.4;2.660;0.0;0.000;60;0;0;3.764;3.954;3.826;834;899;848;49.99;49.99;49.99;5100;1000;0.0;0;1.0000;0;0
600;2017-05-12 09:30:00;172602N232;2573;3.722;35;225;224;230;223;3.819;50.00;407.0;3.898;345.7;2.946;0.0;0.000;60;0;0;3.730;3.918;3.810;829;894;847;50.00;50.00;50.00;5100;1000;0.0;0;1.0000;0;0
600;2017-05-12 09:40:00;172602N232;2756;4.181;36;225;226;230;220;4.094;49.99;408.5;4.038;344.9;3.412;0.0;0.000;60;0;0;4.049;4.230;4.004;910;970;877;49.99;49.99;49.99;5100;1000;0.0;0;1.0000;0;0
600;2017-05-12 09:50:00;172602N232;2910;4.667;38;225;226;229;220;4.327;49.98;404.0;4.131;352.6;3.670;0.0;0.000;60;0;0;4.307;4.455;4.219;970;1017;923;49.98;49.98;49.98;5100;1000;0.0;0;1.0000;0;0
600;2017-05-12 10:00:00;172602N232;3438;5.240;38;225;226;230;220;5.104;49.99;404.1;4.679;361.6;4.431;0.0;0.000;60;0;0;5.083;5.248;4.983;1146;1201;1090;49.99;49.99;49.99;5100;1000;0.0;0;1.0000;0;0
600;2017-05-12 10:10:00;172602N232;3450;5.816;38;225;226;229;221;5.120;50.00;398.4;4.672;376.2;4.367;0.0;0.000;60;0;0;5.086;5.260;5.015;1145;1204;1103;50.00;50.00;50.00;5100;1000;0.0;0;1.0000;0;0
600;2017-05-12 10:20:00;172602N232;3892;6.466;38;226;225;229;223;5.761;50.00;397.5;5.210;386.8;4.864;0.0;0.000;60;0;0;5.706;5.876;5.701;1280;1341;1267;50.00;50.00;50.00;5100;1000;0.0;0;1.0000;0;0
600;2017-05-12 10:30:00;172602N232;3643;7.071;38;227;227;229;225;5.365;50.01;395.5;4.789;394.8;4.549;0.0;0.000;60;0;0;5.326;5.437;5.332;1205;1240;1197;50.01;50.01;50.01;5100;1000;0.0;0;1.0000;0;0
600;2017-05-12 10:40:00;172602N232;4270;7.784;39;228;228;229;225;6.262;50.00;393.2;5.580;400.1;5.350;0.0;0.000;60;0;0;6.238;6.341;6.209;1419;1452;1397;50.00;50.00;50.00;5100;1000;0.0;0;1.0000;0;0
600;2017-05-12 10:50:00;172602N232;4343;8.508;40;228;228;231;225;6.350;50.00;390.9;5.688;390.0;5.615;0.0;0.000;60;0;0;6.309;6.477;6.266;1437;1497;1408;50.00;50.00;50.00;5100;1000;0.0;0;1.0000;0;0
600;2017-05-12 11:00:00;172602N232;4374;9.236;40;228;227;232;225;6.394;50.00;389.4;5.743;387.1;5.706;0.0;0.000;60;0;0;6.312;6.537;6.333;1432;1515;1425;50.00;50.00;50.00;5100;1000;0.0;0;1.0000;0;0
600;2017-05-12 11:10:00;172602N232;4473;9.981;40;228;228;232;225;6.533;50.01;387.4;5.900;385.0;5.875;0.0;0.000;60;0;0;6.469;6.650;6.480;1473;1541;1458;50.01;50.01;50.01;5100;1000;0.0;0;1.0000;0;0
600;2017-05-12 11:20:00;172602N232;4510;10.734;41;228;229;233;223;6.588;49.99;385.9;5.967;383.6;5.951;0.0;0.000;60;0;0;6.541;6.785;6.440;1495;1579;1434;49.99;49.99;49.99;5100;1000;0.0;0;1.0000;0;0
600;2017-05-12 11:30:00;172602N232;4540;11.491;41;228;229;233;222;6.636;50.01;384.3;6.027;382.0;6.022;0.0;0.000;60;0;0;6.607;6.820;6.482;1510;1589;1438;50.01;50.01;50.01;5100;1000;0.0;0;1.0000;0;0
600;2017-05-12 11:40:00;172602N232;4571;12.251;41;228;228;232;225;6.680;50.01;384.3;6.070;381.7;6.066;0.0;0.000;60;0;0;6.628;6.828;6.585;1507;1586;1476;50.01;50.01;50.01;5100;1000;0.0;0;1.0000;0;0
600;2017-05-12 11:50:00;172602N232;4721;13.040;41;228;227;232;224;6.904;49.99;382.7;6.303;379.5;6.301;0.0;0.000;60;0;0;6.847;7.066;6.799;1554;1640;1524;49.99;49.99;49.99;5100;1000;0.0;0;1.0000;0;0
600;2017-05-12 12:00:00;172602N232;4734;13.831;41;229;228;233;225;6.906;49.99;381.6;6.338;378.4;6.341;0.0;0.000;60;0;0;6.822;7.079;6.817;1550;1649;1531;49.99;49.99;49.99;5100;1000;0.0;0;1.0000;0;0
600;2017-05-12 12:10:00;172602N232;4764;14.623;41;228;227;233;224;6.962;50.01;381.1;6.386;377.7;6.390;0.0;0.000;60;0;0;6.875;7.154;6.859;1559;1665;1537;50.01;50.01;50.01;5100;1000;0.0;0;1.0000;0;0
600;2017-05-12 12:20:00;172602N232;4649;15.398;41;228;227;234;224;6.786;49.98;380.4;6.247;376.6;6.252;0.0;0.000;60;0;0;6.704;6.992;6.663;1522;1634;1492;49.98;49.98;49.98;5100;1000;0.0;0;1.0000;0;0
600;2017-05-12 12:30:00;172602N232;5114;16.250;41;228;229;232;224;7.467;49.99;375.3;6.969;372.1;6.977;0.0;0.000;60;0;0;7.445;7.626;7.331;1700;1771;1641;49.99;49.99;49.99;5100;1000;0.0;0;1.0000;0;0
600;2017-05-12 12:40:00;172602N232;3895;16.900;41;227;227;230;223;5.725;50.02;377.3;5.283;372.8;5.308;0.0;0.000;60;0;0;5.688;5.846;5.642;1291;1345;1258;50.02;50.02;50.02;5100;1000;0.0;0;1.0000;0;0
600;2017-05-12 12:50:00;172602N232;4265;17.611;41;228;228;232;224;6.234;50.00;389.2;5.592;385.5;5.620;0.0;0.000;60;0;0;6.205;6.377;6.120;1415;1479;1368;50.00;50.00;50.00;5100;1000;0.0;0;1.0000;0;0
600;2017-05-12 13:00:00;172602N232;4536;18.367;41;228;228;233;224;6.624;49.99;382.6;6.064;379.0;6.055;0.0;0.000;60;0;0;6.582;6.784;6.506;1500;1577;1455;49.99;49.99;49.99;5100;1000;0.0;0;1.0000;0;0
600;2017-05-12 13:10:00;172602N232;4844;19.174;41;229;229;233;225;7.058;50.02;379.4;6.520;375.9;6.537;0.0;0.000;60;0;0;7.017;7.225;6.934;1603;1683;1556;50.02;50.02;50.02;5100;1000;0.0;0;1.0000;0;0
600;2017-05-12 13:20:00;172602N232;4853;19.984;42;229;229;234;225;7.064;49.98;377.6;6.580;373.7;6.578;0.0;0.000;60;0;0;7.000;7.262;6.932;1597;1698;1555;49.98;49.98;49.98;5100;1000;0.0;0;1.0000;0;0
600;2017-05-12 13:30:00;172602N232;4718;20.768;42;229;229;233;226;6.872;49.98;377.7;6.381;374.0;6.395;0.0;0.000;60;0;0;6.832;7.005;6.779;1558;1629;1529;49.98;49.98;49.98;5100;1000;0.0;0;1.0000;0;0
600;2017-05-12 13:40:00;172602N232;4572;21.533;41;229;228;232;226;6.664;49.98;381.5;6.119;377.4;6.135;0.0;0.000;60;0;0;6.608;6.781;6.604;1505;1572;1492;49.98;49.98;49.98;5100;1000;0.0;0;1.0000;0;0
600;2017-05-12 13:50:00;172602N232;4926;22.354;42;230;229;233;227;7.154;49.98;378.4;6.659;374.4;6.665;0.0;0.000;60;0;0;7.093;7.303;7.068;1619;1703;1602;49.98;49.98;49.98;5100;1000;0.0;0;1.0000;0;0
600;2017-05-12 14:00:00;172602N232;4791;23.152;42;230;229;233;227;6.954;49.98;376.8;6.502;372.5;6.516;0.0;0.000;60;0;0;6.920;7.093;6.849;1584;1653;1551;49.98;49.98;49.98;5100;1000;0.0;0;1.0000;0;0
600;2017-05-12 14:10:00;172602N232;4500;23.902;42;230;229;233;227;6.528;50.03;380.9;6.041;376.1;6.054;0.0;0.000;60;0;0;6.464;6.657;6.463;1480;1552;1467;50.03;50.03;50.03;5100;1000;0.0;0;1.0000;0;0
600;2017-05-12 14:20:00;172602N232;4391;24.634;42;229;228;233;225;6.406;50.02;382.3;5.867;378.0;5.875;0.0;0.000;60;0;0;6.332;6.550;6.338;1440;1523;1427;50.02;50.02;50.02;5100;1000;0.0;0;1.0000;0;0
600;2017-05-12 14:30:00;172602N232;3771;25.264;42;227;225;231;226;5.540;49.99;384.8;4.992;381.1;5.000;0.0;0.000;60;0;0;5.439;5.644;5.538;1220;1299;1250;49.99;49.99;49.99;5100;1000;0.0;0;1.0000;0;0
600;2017-05-12 14:40:00;172602N232;4551;26.021;42;228;226;231;227;6.658;50.01;382.2;6.077;378.9;6.091;0.0;0.000;60;0;0;6.575;6.768;6.631;1486;1562;1501;50.01;50.01;50.01;5100;1000;0.0;0;1.0000;0;0
600;2017-05-12 14:50:00;172602N232;4181;26.718;42;229;227;233;225;6.104;50.00;381.4;5.590;378.0;5.607;0.0;0.000;60;0;0;6.031;6.244;6.039;1366;1454;1358;50.00;50.00;50.00;5100;1000;0.0;0;1.0000;0;0
600;2017-05-12 15:00:00;172602N232;4272;27.431;42;229;228;234;226;6.222;49.99;382.7;5.698;378.6;5.712;0.0;0.000;60;0;0;6.169;6.361;6.138;1402;1485;1383;49.99;49.99;49.99;5100;1000;0.0;0;1.0000;0;0
600;2017-05-12 15:10:00;172602N232;3979;28.093;42;229;228;233;226;5.806;50.00;383.9;5.284;380.0;5.301;0.0;0.000;60;0;0;5.741;5.942;5.735;1304;1383;1291;50.00;50.00;50.00;5100;1000;0.0;0;1.0000;0;0
600;2017-05-12 15:20:00;172602N232;3624;28.698;42;229;227;233;227;5.289;50.00;393.5;4.662;385.0;4.782;0.0;0.000;60;0;0;5.215;5.401;5.251;1180;1255;1186;50.00;50.00;50.00;5100;1000;0.0;0;1.0000;0;0
600;2017-05-12 15:30:00;172602N232;3952;29.357;42;229;229;233;226;5.760;49.99;390.0;5.148;385.2;5.204;0.0;0.000;60;0;0;5.713;5.878;5.689;1300;1369;1281;49.99;49.99;49.99;5100;1000;0.0;0;1.0000;0;0
600;2017-05-12 15:40:00;172602N232;3485;29.938;42;230;229;233;227;5.076;49.99;394.3;4.490;384.7;4.602;0.0;0.000;60;0;0;5.026;5.178;5.026;1145;1204;1133;49.99;49.99;49.99;5100;1000;0.0;0;1.0000;0;0
600;2017-05-12 15:50:00;172602N232;3370;30.500;42;230;229;234;227;4.906;49.99;402.5;4.190;389.6;4.458;0.0;0.000;60;0;0;4.833;5.038;4.847;1101;1174;1093;49.99;49.99;49.99;5100;1000;0.0;0;1.0000;0;0
600;2017-05-12 16:00:00;172602N232;3772;31.128;42;230;229;234;227;5.483;49.99;379.1;4.995;386.2;5.013;0.0;0.000;60;0;0;5.430;5.608;5.411;1239;1310;1221;49.99;49.99;49.99;5100;1000;0.0;0;1.0000;0;0
600;2017-05-12 16:10:00;172602N232;3424;31.701;42;230;229;233;226;4.988;49.99;379.2;4.533;385.6;4.550;0.0;0.000;60;0;0;4.940;5.101;4.925;1127;1185;1110;49.99;49.99;49.99;5100;1000;0.0;0;1.0000;0;0
600;2017-05-12 16:20:00;172602N232;3161;32.227;42;228;227;231;224;4.644;50.00;383.0;4.137;389.4;4.161;0.0;0.000;60;0;0;4.591;4.751;4.592;1039;1095;1024;50.00;50.00;50.00;5100;1000;0.0;0;1.0000;0;0
600;2017-05-12 16:30:00;172602N232;3312;32.779;42;227;226;230;224;4.879;50.01;384.3;4.322;391.2;4.338;0.0;0.000;60;0;0;4.815;4.976;4.848;1086;1141;1083;50.01;50.01;50.01;5100;1000;0.0;0;1.0000;0;0
600;2017-05-12 16:40:00;172602N232;3309;33.330;42;227;226;231;224;4.875;50.00;384.2;4.318;390.9;4.339;0.0;0.000;60;0;0;4.817;4.973;4.835;1086;1142;1079;50.00;50.00;50.00;5100;1000;0.0;0;1.0000;0;0
600;2017-05-12 16:50:00;172602N232;2975;33.841;42;226;227;229;222;4.404;49.98;385.5;3.864;390.3;3.904;0.0;0.000;60;0;0;4.385;4.498;4.330;989;1029;956;49.98;49.98;49.98;5100;1000;0.0;0;1.0000;0;0
600;2017-05-12 17:00:00;172602N232;2603;34.264;42;225;227;229;221;3.861;50.00;393.1;3.305;394.5;3.373;0.0;0.000;60;0;0;3.841;3.953;3.790;867;900;833;50.00;50.00;50.00;5100;1000;0.0;0;1.0000;0;0
600;2017-05-12 17:10:00;172602N232;1322;34.484;42;225;226;226;222;1.997;50.01;395.8;1.638;397.2;1.700;0.0;0.000;60;0;0;1.966;2.036;1.990;433;454;434;50.01;50.01;50.01;5100;1000;0.0;0;1.0000;0;0
600;2017-05-12 17:20:00;172602N232;1035;34.657;42;225;226;226;222;1.562;50.03;398.1;1.285;409.1;1.275;0.0;0.000;60;0;0;1.523;1.596;1.568;336;356;341;50.03;50.03;50.03;5100;1000;0.0;0;1.0000;0;0
600;2017-05-12 17:30:00;172602N232;734;34.779;41;224;224;225;221;1.154;50.00;398.1;0.919;413.9;0.872;0.0;0.000;60;0;0;1.109;1.195;1.159;233;256;243;50.00;50.00;50.00;5100;1000;0.0;0;1.0000;0;0
600;2017-05-12 17:40:00;172602N232;447;34.854;41;224;225;226;221;0.873;50.00;397.3;0.550;407.1;0.534;0.0;0.000;60;0;0;0.847;0.920;0.854;137;160;147;50.00;50.00;50.00;5100;1000;0.0;0;1.0000;0;0
600;2017-05-12 17:50:00;172602N232;619;34.957;40;225;226;225;223;0.962;49.99;408.1;0.745;412.7;0.742;0.0;0.000;60;0;0;0.913;0.999;0.974;194;215;207;49.99;49.99;49.99;5100;1000;0.0;0;1.0000;0;0
600;2017-05-12 18:00:00;172602N232;832;35.097;40;225;226;225;223;1.271;49.99;411.6;0.992;416.4;1.002;0.0;0.000;60;0;0;1.227;1.304;1.283;267;285;278;49.99;49.99;49.99;5100;1000;0.0;0;1.0000;0;0
600;2017-05-12 18:10:00;172602N232;827;35.234;40;224;225;224;224;1.268;49.99;410.5;0.994;419.5;0.983;0.0;0.000;60;0;0;1.222;1.295;1.288;264;282;279;49.99;49.99;49.99;5100;1000;0.0;0;1.0000;0;0
600;2017-05-12 18:20:00;172602N232;687;35.349;40;223;225;224;222;1.066;50.01;404.7;0.833;417.7;0.818;0.0;0.000;60;0;0;1.018;1.097;1.084;217;236;232;50.01;50.01;50.01;5100;1000;0.0;0;1.0000;0;0
600;2017-05-12 18:30:00;172602N232;443;35.423;39;224;223;225;223;1.018;49.99;402.4;0.541;414.4;0.513;0.0;0.000;60;0;0;0.962;1.113;0.979;137;149;155;49.99;49.99;49.99;5100;1000;0.0;0;1.0000;0;0
600;2017-05-12 18:40:00;172602N232;263;35.466;39;224;224;226;223;1.127;49.99;398.5;0.319;407.8;0.297;0.0;0.000;60;0;0;1.101;1.344;0.937;67;91;103;49.99;49.99;49.99;5100;1000;0.0;0;1.0000;0;0
600;2017-05-12 18:50:00;172602N232;222;35.504;38;224;224;226;223;1.032;49.99;402.5;0.259;403.1;0.252;0.0;0.000;60;0;0;1.063;1.229;0.805;67;73;79;49.99;49.99;49.99;5100;1000;0.0;0;1.0000;0;0
600;2017-05-12 19:00:00;172602N232;207;35.539;38;224;224;226;221;1.032;49.98;397.6;0.240;399.2;0.241;0.0;0.000;60;0;0;1.186;1.099;0.811;67;56;83;49.98;49.98;49.98;5100;1000;0.0;0;1.0000;0;0
600;2017-05-12 19:10:00;172602N232;197;35.571;37;224;224;225;222;0.922;49.98;384.4;0.238;401.1;0.226;0.0;0.000;60;0;0;0.941;0.942;0.885;46;50;99;49.98;49.98;49.98;5100;1000;0.0;0;1.0000;0;0
600;2017-05-12 19:20:00;172602N232;136;35.594;37;224;223;225;223;0.946;50.00;384.3;0.157;393.9;0.152;0.0;0.000;60;0;0;0.814;1.266;0.758;31;31;72;50.00;50.00;50.00;5100;1000;0.0;0;1.0000;0;0
600;2017-05-12 19:30:00;172602N232;88;35.609;37;223;225;226;219;0.888;50.00;367.9;0.098;383.5;0.096;0.0;0.000;60;0;0;0.968;0.995;0.701;9;24;58;50.00;50.00;50.00;5100;1000;0.0;0;1.0000;0;0
600;2017-05-12 19:40:00;172602N232;68;35.621;36;223;227;228;213;0.766;50.01;359.6;0.073;377.6;0.072;0.0;0.000;60;0;0;0.881;0.826;0.591;2;22;53;50.01;50.01;50.01;5100;1000;0.0;0;1.0000;0;0
600;2017-05-12 19:50:00;172602N232;33;35.628;36;223;227;227;216;0.541;49.98;318.5;0.028;336.4;0.029;0.0;0.000;60;0;0;0.709;0.500;0.416;0;23;32;49.98;49.98;49.98;5100;1000;0.0;0;1.0000;0;0
600;2017-05-12 20:00:00;172602N232;1;35.627;35;224;225;226;221;0.090;49.99;251.3;0.000;251.6;0.000;0.0;0.000;60;0;0;0.136;0.089;0.046;2;0;2;49.99;49.99;49.99;5100;1000;0.0;0;1.0000;0;0
600;2017-05-12 20:10:00;172602N232;0;35.627;34;224;224;226;222;0.000;50.00;295.9;0.000;294.8;0.000;0.0;0.000;51;0;0;0.000;0.000;0.000;0;0;0;50.00;50.00;50.00;6069;1000;0.0;0;1.0000;0;0
600;2017-05-12 20:20:00;172602N232;0;35.627;33;223;224;225;221;0.000;49.99;242.0;0.000;242.9;0.000;0.0;0.000;51;0;0;0.000;0.000;0.000;0;0;0;49.99;49.99;49.99;6177;1000;0.0;0;1.0000;0;0
600;2017-05-12 20:30:00;172602N232;0;35.627;33;223;224;225;220;0.000;50.00;230.7;0.000;231.7;0.000;0.0;0.000;51;0;0;0.000;0.000;0.000;0;0;0;50.00;50.00;50.00;6177;1000;0.0;0;1.0000;0;0
600;2017-05-12 20:40:00;172602N232;0;35.627;33;223;223;226;220;0.000;50.01;228.6;0.000;229.6;0.000;0.0;0.000;51;0;0;0.000;0.000;0.000;0;0;0;50.01;50.01;50.01;6177;1000;0.0;0;1.0000;0;0
600;2017-05-12 20:50:00;172602N232;0;35.627;32;224;223;227;221;0.000;50.01;226.9;0.000;227.8;0.000;0.0;0.000;51;0;0;0.000;0.000;0.000;0;0;0;50.01;50.01;50.01;6177;1000;0.0;0;1.0000;0;0
[wr_ende]
