20141210;230003;172602N232;My Plant;+0100
[wr_def_start]
172602N232;Inverter Type;Inverter Group;72602N232      
[wr_def_end]
[wr]
INTERVAL;TIMESTAMP;SERIAL;P_AC;E_DAY;T_WR;U_AC;U_AC_1;U_AC_2;U_AC_3;I_AC;F_AC;U_DC_1;I_DC_1;U_DC_2;I_DC_2;U_DC_3;I_DC_3;S;E_WR;M_WR;I_AC_1;I_AC_2;I_AC_3;P_AC_1;P_AC_2;P_AC_3;F_AC_1;F_AC_2;F_AC_3;R_DC;PC;PCS;PCS_LL;COS_PHI;COS_PHI_LL;S_COS_PHI
600;2014-12-10 08:00:00;172602N232;0;0.000;0;2;2;2;2;0.000;0.46;2.0;0.000;2.0;0.000;0.0;0.000;50;0;0;0.000;0.000;0.000;0;0;0;0.46;0.46;0.46;8;1000;0.0;0;1.0000;0;0
600;2014-12-10 08:10:00;172602N232;0;0.000;14;220;222;223;216;0.000;49.98;227.9;0.000;228.9;0.000;0.0;0.000;50;0;0;0.000;0.000;0.000;0;0;0;49.98;49.98;49.98;0;1000;0.0;0;1.0000;0;0
600;2014-12-10 08:20:00;172602N232;0;0.000;15;221;221;223;218;0.000;49.97;241.0;0.000;241.9;0.000;0.0;0.000;50;0;0;0.000;0.000;0.000;0;0;0;49.97;49.97;49.97;0;1000;0.0;0;1.0000;0;0
600;2014-12-10 08:30:00;172602N232;0;0.000;16;222;222;223;221;0.001;49.99;298.4;0.000;297.4;0.000;0.0;0.000;60;0;0;0.002;0.001;0.001;0;0;0;49.99;49.99;49.99;2952;1000;0.0;0;1.0000;0;0
600;2014-12-10 08:40:00;172602N232;0;0.000;16;222;222;221;222;0.016;49.98;268.3;0.000;267.8;0.000;0.0;0.000;60;0;0;0.014;0.023;0.013;0;1;0;49.98;49.98;49.98;5091;1000;0.0;0;1.0000;0;0
600;2014-12-10 08:50:00;172602N232;0;0.000;17;222;222;223;221;0.007;49.98;269.9;0.000;269.5;0.000;0.0;0.000;50;0;0;0.006;0.010;0.006;0;0;0;49.98;49.98;49.98;4960;1000;0.0;0;1.0000;0;0
600;2014-12-10 09:00:00;172602N232;0;0.000;17;220;221;223;218;0.001;49.99;289.5;0.000;288.6;0.000;0.0;0.000;60;0;0;0.001;0.001;0.001;0;0;0;49.99;49.99;49.99;5021;1000;0.0;0;1.0000;0;0
600;2014-12-10 09:10:00;172602N232;1;0.000;17;220;220;221;220;0.053;50.00;258.8;0.000;259.1;0.000;0.0;0.000;50;0;0;0.062;0.069;0.028;1;0;1;50.00;50.00;50.00;5263;1000;0.0;0;1.0000;0;0
600;2014-12-10 09:20:00;172602N232;6;0.001;18;221;220;221;220;0.145;50.00;301.7;0.002;298.0;0.004;0.0;0.000;60;0;0;0.146;0.145;0.145;1;6;1;50.00;50.00;50.00;5236;1000;0.0;0;1.0000;0;0
600;2014-12-10 09:30:00;172602N232;36;0.006;18;220;221;218;221;0.469;50.01;332.4;0.031;343.2;0.034;0.0;0.000;60;0;0;0.486;0.389;0.533;7;29;4;50.01;50.01;50.01;5224;1000;0.0;0;1.0000;0;0
600;2014-12-10 09:40:00;172602N232;47;0.014;18;220;221;219;221;0.562;50.00;354.3;0.043;368.1;0.046;0.0;0.000;60;0;0;0.692;0.499;0.497;2;31;15;50.00;50.00;50.00;5224;1000;0.0;0;1.0000;0;0
600;2014-12-10 09:50:00;172602N232;76;0.027;19;220;220;220;220;0.774;50.00;386.4;0.078;384.7;0.081;0.0;0.000;60;0;0;0.878;0.782;0.662;8;33;34;50.00;50.00;50.00;5224;1000;0.0;0;1.0000;0;0
600;2014-12-10 10:00:00;172602N232;100;0.044;19;220;220;221;220;0.836;50.00;397.5;0.109;399.5;0.107;0.0;0.000;60;0;0;0.867;0.931;0.711;22;30;46;50.00;50.00;50.00;5224;1000;0.0;0;1.0000;0;0
600;2014-12-10 10:10:00;172602N232;101;0.061;19;221;220;221;221;0.840;50.00;396.1;0.108;398.4;0.111;0.0;0.000;60;0;0;0.812;0.930;0.779;26;34;40;50.00;50.00;50.00;5224;1000;0.0;0;1.0000;0;0
600;2014-12-10 10:20:00;172602N232;289;0.109;20;220;220;221;220;1.093;50.01;424.1;0.325;425.0;0.323;0.0;0.000;60;0;0;1.112;1.216;0.952;85;107;95;50.01;50.01;50.01;5224;1000;0.0;0;1.0000;0;0
600;2014-12-10 10:30:00;172602N232;414;0.178;20;221;221;222;220;0.779;50.01;431.3;0.471;431.3;0.464;0.0;0.000;60;0;0;0.695;0.840;0.802;124;148;139;50.01;50.01;50.01;5224;1000;0.0;0;1.0000;0;0
600;2014-12-10 10:40:00;172602N232;492;0.260;21;221;221;222;220;0.782;50.00;437.3;0.557;433.3;0.550;0.0;0.000;60;0;0;0.732;0.816;0.799;152;172;166;50.00;50.00;50.00;5224;1000;0.0;0;1.0000;0;0
600;2014-12-10 10:50:00;172602N232;650;0.369;21;221;222;222;220;1.018;49.99;456.3;0.730;439.2;0.698;0.0;0.000;60;0;0;0.972;1.052;1.032;205;224;218;49.99;49.99;49.99;5224;1000;0.0;0;1.0000;0;0
600;2014-12-10 11:00:00;172602N232;647;0.477;22;221;220;223;220;1.014;49.99;427.1;0.835;443.5;0.631;0.0;0.000;60;0;0;0.964;1.050;1.028;202;225;217;49.99;49.99;49.99;5224;1000;0.0;0;1.0000;0;0
600;2014-12-10 11:10:00;172602N232;773;0.605;23;221;220;222;220;1.203;49.99;443.2;1.272;449.9;0.441;0.0;0.000;60;0;0;1.156;1.240;1.213;246;267;258;49.99;49.99;49.99;5224;1000;0.0;0;1.0000;0;0
600;2014-12-10 11:20:00;172602N232;671;0.718;23;221;221;222;220;1.091;49.99;424.5;1.113;451.9;0.420;0.0;0.000;60;0;0;1.051;1.127;1.097;212;233;225;49.99;49.99;49.99;5224;1000;0.0;0;1.0000;0;0
600;2014-12-10 11:30:00;172602N232;561;0.811;24;221;220;223;220;1.129;49.99;409.9;0.771;414.1;0.616;0.0;0.000;60;0;0;1.104;1.197;1.086;177;194;188;49.99;49.99;49.99;5224;1000;0.0;0;1.0000;0;0
600;2014-12-10 11:40:00;172602N232;557;0.904;24;222;220;224;221;0.945;50.01;348.5;0.763;349.7;0.867;0.0;0.000;60;0;0;0.890;1.006;0.940;172;195;187;50.01;50.01;50.01;5224;1000;0.0;0;1.0000;0;0
600;2014-12-10 11:50:00;172602N232;827;1.043;24;223;221;225;222;1.276;50.01;373.4;0.868;374.8;1.387;0.0;0.000;60;0;0;1.216;1.322;1.292;259;288;278;50.01;50.01;50.01;5224;1000;0.0;0;1.0000;0;0
600;2014-12-10 12:00:00;172602N232;961;1.203;25;222;221;225;222;1.488;50.00;453.2;0.814;380.7;1.555;0.0;0.000;60;0;0;1.425;1.546;1.493;304;336;320;50.00;50.00;50.00;5224;1000;0.0;0;1.0000;0;0
600;2014-12-10 12:10:00;172602N232;391;1.267;25;221;219;223;221;0.988;50.00;421.6;0.334;398.8;0.605;0.0;0.000;60;0;0;0.940;1.132;0.894;131;123;135;50.00;50.00;50.00;5224;1000;0.0;0;1.0000;0;0
600;2014-12-10 12:20:00;172602N232;339;1.326;26;221;220;223;219;1.010;50.00;415.9;0.386;415.2;0.387;0.0;0.000;60;0;0;0.910;1.240;0.880;102;109;126;50.00;50.00;50.00;5224;1000;0.0;0;1.0000;0;0
600;2014-12-10 12:30:00;172602N232;539;1.415;26;221;220;223;220;1.167;50.02;428.1;0.595;437.4;0.611;0.0;0.000;60;0;0;1.129;1.272;1.100;167;186;184;50.02;50.02;50.02;5224;1000;0.0;0;1.0000;0;0
600;2014-12-10 12:40:00;172602N232;549;1.506;26;222;221;224;221;0.863;50.03;433.0;0.597;444.4;0.626;0.0;0.000;60;0;0;0.806;0.907;0.877;168;194;185;50.03;50.03;50.03;5224;1000;0.0;0;1.0000;0;0
600;2014-12-10 12:50:00;172602N232;357;1.566;26;222;222;224;220;1.087;50.00;430.9;0.403;425.3;0.399;0.0;0.000;60;0;0;1.113;1.157;0.992;101;129;125;50.00;50.00;50.00;5224;1000;0.0;0;1.0000;0;0
600;2014-12-10 13:00:00;172602N232;249;1.608;26;222;221;224;221;0.952;50.01;412.0;0.283;411.1;0.274;0.0;0.000;60;0;0;0.858;1.183;0.815;77;73;99;50.01;50.01;50.01;5224;1000;0.0;0;1.0000;0;0
600;2014-12-10 13:10:00;172602N232;430;1.680;26;222;222;225;221;0.687;49.99;440.7;0.497;432.1;0.462;0.0;0.000;60;0;0;0.639;0.723;0.701;131;152;145;49.99;49.99;49.99;5224;1000;0.0;0;1.0000;0;0
600;2014-12-10 13:20:00;172602N232;359;1.740;26;223;222;225;222;0.671;49.98;452.8;0.411;429.5;0.371;0.0;0.000;60;0;0;0.634;0.709;0.670;109;126;121;49.98;49.98;49.98;5224;1000;0.0;0;1.0000;0;0
600;2014-12-10 13:30:00;172602N232;330;1.795;26;222;221;225;222;1.165;50.01;463.5;0.378;429.6;0.324;0.0;0.000;60;0;0;1.127;1.343;1.027;111;105;112;50.01;50.01;50.01;5224;1000;0.0;0;1.0000;0;0
600;2014-12-10 13:40:00;172602N232;335;1.851;26;222;220;225;220;1.188;50.01;423.4;0.465;431.0;0.297;0.0;0.000;60;0;0;1.157;1.373;1.034;113;98;121;50.01;50.01;50.01;5224;1000;0.0;0;1.0000;0;0
600;2014-12-10 13:50:00;172602N232;310;1.903;26;222;220;226;221;1.167;50.01;388.7;0.483;426.2;0.266;0.0;0.000;60;0;0;1.061;1.456;0.985;106;87;114;50.01;50.01;50.01;5224;1000;0.0;0;1.0000;0;0
600;2014-12-10 14:00:00;172602N232;227;1.940;26;222;221;225;221;1.022;49.99;407.6;0.307;416.4;0.208;0.0;0.000;60;0;0;0.867;1.366;0.834;79;55;95;49.99;49.99;49.99;5224;1000;0.0;0;1.0000;0;0
600;2014-12-10 14:10:00;172602N232;412;2.010;26;223;221;224;222;1.090;49.98;436.1;0.530;436.1;0.382;0.0;0.000;60;0;0;1.062;1.173;1.035;129;146;135;49.98;49.98;49.98;5224;1000;0.0;0;1.0000;0;0
600;2014-12-10 14:20:00;172602N232;379;2.073;26;223;221;226;222;1.098;49.98;436.4;0.495;427.5;0.342;0.0;0.000;60;0;0;0.999;1.295;1.001;119;127;131;49.98;49.98;49.98;5224;1000;0.0;0;1.0000;0;0
600;2014-12-10 14:30:00;172602N232;165;2.101;26;222;222;225;221;0.986;49.99;412.7;0.207;417.8;0.152;0.0;0.000;60;0;0;0.974;1.226;0.759;50;38;76;49.99;49.99;49.99;5224;1000;0.0;0;1.0000;0;0
600;2014-12-10 14:40:00;172602N232;73;2.113;26;222;222;223;221;0.792;50.00;382.8;0.077;391.2;0.075;0.0;0.000;60;0;0;0.835;0.919;0.624;13;21;43;50.00;50.00;50.00;5224;1000;0.0;0;1.0000;0;0
600;2014-12-10 14:50:00;172602N232;59;2.123;26;221;221;223;220;0.687;49.99;361.2;0.060;373.8;0.059;0.0;0.000;60;0;0;0.613;0.935;0.515;17;5;41;49.99;49.99;49.99;5224;1000;0.0;0;1.0000;0;0
600;2014-12-10 15:00:00;172602N232;13;2.126;25;221;220;223;219;0.340;49.99;277.9;0.005;305.5;0.008;0.0;0.000;60;0;0;0.311;0.477;0.232;6;0;15;49.99;49.99;49.99;5224;1000;0.0;0;1.0000;0;0
600;2014-12-10 15:10:00;172602N232;2;2.126;25;221;220;224;219;0.188;49.98;251.9;0.000;255.5;0.000;0.0;0.000;60;0;0;0.139;0.297;0.130;3;0;7;49.98;49.98;49.98;5224;1000;0.0;0;1.0000;0;0
600;2014-12-10 15:20:00;172602N232;0;2.125;25;220;220;224;218;0.020;49.98;268.9;0.000;268.8;0.000;0.0;0.000;60;0;0;0.014;0.034;0.013;0;0;0;49.98;49.98;49.98;5488;1000;0.0;0;1.0000;0;0
600;2014-12-10 15:30:00;172602N232;0;2.125;23;219;220;222;215;0.002;49.99;237.8;0.000;238.5;0.000;0.0;0.000;50;0;0;0.008;0.000;0.000;0;0;0;49.99;49.99;49.99;5755;1000;0.0;0;1.0000;0;0
600;2014-12-10 15:40:00;172602N232;0;2.125;23;219;220;223;215;0.000;50.03;230.4;0.000;231.3;0.000;0.0;0.000;50;0;0;0.000;0.000;0.000;0;0;0;50.03;50.03;50.03;5755;1000;0.0;0;1.0000;0;0
600;2014-12-10 15:50:00;172602N232;0;2.125;22;219;219;221;216;0.000;50.03;229.3;0.000;230.2;0.000;0.0;0.000;50;0;0;0.000;0.000;0.000;0;0;0;50.03;50.03;50.03;5755;1000;0.0;0;1.0000;0;0
600;2014-12-10 16:00:00;172602N232;0;2.125;20;205;206;207;202;0.000;47.01;200.7;0.000;201.3;0.000;0.0;0.000;80;0;0;0.000;0.000;0.000;0;0;0;47.01;47.01;47.01;2271;1000;0.0;0;1.0000;0;0
[wr_ende]
