20170122;230002;172602N232;My Plant;+0100
[wr_def_start]
172602N232;Inverter Type;Inverter Group;72602N232      
[wr_def_end]
[wr]
INTERVAL;TIMESTAMP;SERIAL;P_AC;E_DAY;T_WR;U_AC;U_AC_1;U_AC_2;U_AC_3;I_AC;F_AC;U_DC_1;I_DC_1;U_DC_2;I_DC_2;U_DC_3;I_DC_3;S;E_WR;M_WR;I_AC_1;I_AC_2;I_AC_3;P_AC_1;P_AC_2;P_AC_3;F_AC_1;F_AC_2;F_AC_3;R_DC;PC;PCS;PCS_LL;COS_PHI;COS_PHI_LL;S_COS_PHI
600;2017-01-22 07:30:00;172602N232;0;0.000;0;1;1;1;1;0.000;0.27;1.1;0.000;1.1;0.000;0.0;0.000;50;0;0;0.000;0.000;0.000;0;0;0;0.27;0.27;0.27;3;1000;0.0;0;1.0000;0;0
600;2017-01-22 07:40:00;172602N232;0;0.000;17;222;221;224;219;0.000;49.98;226.8;0.000;227.8;0.000;0.0;0.000;50;0;0;0.000;0.000;0.000;0;0;0;49.98;49.98;49.98;0;1000;0.0;0;1.0000;0;0
600;2017-01-22 07:50:00;172602N232;0;0.000;18;222;222;224;219;0.000;49.98;228.6;0.000;229.5;0.000;0.0;0.000;50;0;0;0.000;0.000;0.000;0;0;0;49.98;49.98;49.98;0;1000;0.0;0;1.0000;0;0
600;2017-01-22 08:00:00;172602N232;0;0.000;19;221;221;224;219;0.000;49.98;229.5;0.000;230.4;0.000;0.0;0.000;50;0;0;0.000;0.000;0.000;0;0;0;49.98;49.98;49.98;0;1000;0.0;0;1.0000;0;0
600;2017-01-22 08:10:00;172602N232;0;0.000;19;223;222;225;220;0.000;49.98;238.9;0.000;239.8;0.000;0.0;0.000;50;0;0;0.000;0.000;0.000;0;0;0;49.98;49.98;49.98;0;1000;0.0;0;1.0000;0;0
600;2017-01-22 08:20:00;172602N232;0;0.000;19;223;223;226;221;0.000;50.02;284.8;0.000;284.5;0.000;0.0;0.000;51;0;0;0.000;0.000;0.000;0;0;0;50.02;50.02;50.02;513;1000;0.0;0;1.0000;0;0
600;2017-01-22 08:30:00;172602N232;0;0.000;20;223;222;224;222;0.012;49.99;278.2;0.000;277.6;0.000;0.0;0.000;60;0;0;0.012;0.017;0.008;0;0;0;49.99;49.99;49.99;5490;1000;0.0;0;1.0000;0;0
600;2017-01-22 08:40:00;172602N232;2;0.001;20;222;221;225;222;0.169;49.98;252.3;0.000;253.7;0.000;0.0;0.000;60;0;0;0.123;0.272;0.112;3;0;5;49.98;49.98;49.98;5657;1000;0.0;0;1.0000;0;0
600;2017-01-22 08:50:00;172602N232;4;0.002;20;222;222;224;221;0.223;49.99;254.1;0.000;260.3;0.000;0.0;0.000;60;0;0;0.237;0.280;0.152;2;1;8;49.99;49.99;49.99;5657;1000;0.0;0;1.0000;0;0
600;2017-01-22 09:00:00;172602N232;16;0.006;21;222;221;224;221;0.383;49.98;302.8;0.007;300.8;0.012;0.0;0.000;60;0;0;0.350;0.527;0.272;7;1;17;49.98;49.98;49.98;5657;1000;0.0;0;1.0000;0;0
600;2017-01-22 09:10:00;172602N232;31;0.011;21;221;225;225;214;0.473;49.98;338.0;0.023;359.3;0.025;0.0;0.000;60;0;0;0.632;0.444;0.343;0;21;27;49.98;49.98;49.98;5657;1000;0.0;0;1.0000;0;0
600;2017-01-22 09:20:00;172602N232;40;0.020;21;220;225;225;212;0.535;50.00;347.7;0.035;366.8;0.036;0.0;0.000;60;0;0;0.726;0.482;0.399;0;27;33;50.00;50.00;50.00;5657;1000;0.0;0;1.0000;0;0
600;2017-01-22 09:30:00;172602N232;43;0.030;22;220;223;224;213;0.585;49.99;356.2;0.038;372.4;0.039;0.0;0.000;60;0;0;0.746;0.601;0.408;2;20;34;49.99;49.99;49.99;5657;1000;0.0;0;1.0000;0;0
600;2017-01-22 09:40:00;172602N232;41;0.041;22;220;223;222;214;0.570;50.00;357.6;0.036;369.3;0.037;0.0;0.000;60;0;0;0.791;0.487;0.433;0;32;34;50.00;50.00;50.00;5657;1000;0.0;0;1.0000;0;0
600;2017-01-22 09:50:00;172602N232;48;0.053;22;220;224;224;212;0.609;49.99;361.4;0.044;376.4;0.045;0.0;0.000;60;0;0;0.778;0.589;0.460;0;27;39;49.99;49.99;49.99;5657;1000;0.0;0;1.0000;0;0
600;2017-01-22 10:00:00;172602N232;75;0.069;22;221;226;226;212;0.777;49.99;383.1;0.078;393.7;0.077;0.0;0.000;60;0;0;1.075;0.691;0.566;0;40;52;49.99;49.99;49.99;5657;1000;0.0;0;1.0000;0;0
600;2017-01-22 10:10:00;172602N232;85;0.087;23;220;226;224;211;0.793;50.00;392.9;0.086;397.9;0.087;0.0;0.000;60;0;0;1.190;0.608;0.581;0;52;56;50.00;50.00;50.00;5657;1000;0.0;0;1.0000;0;0
600;2017-01-22 10:20:00;172602N232;98;0.108;23;221;226;225;212;1.014;49.99;395.9;0.105;400.7;0.105;0.0;0.000;60;0;0;1.580;0.746;0.716;0;57;68;49.99;49.99;49.99;5657;1000;0.0;0;1.0000;0;0
600;2017-01-22 10:30:00;172602N232;101;0.130;23;221;226;224;214;1.034;49.99;393.5;0.110;400.5;0.110;0.0;0.000;60;0;0;1.621;0.740;0.741;0;62;66;49.99;49.99;49.99;5657;1000;0.0;0;1.0000;0;0
600;2017-01-22 10:40:00;172602N232;100;0.150;23;222;224;222;220;0.974;49.98;391.2;0.110;400.1;0.108;0.0;0.000;60;0;0;1.467;0.729;0.726;0;58;59;49.98;49.98;49.98;5657;1000;0.0;0;1.0000;0;0
600;2017-01-22 10:50:00;172602N232;106;0.169;24;222;223;220;221;0.937;49.99;394.9;0.117;401.5;0.116;0.0;0.000;60;0;0;1.394;0.710;0.707;0;63;54;49.99;49.99;49.99;5657;1000;0.0;0;1.0000;0;0
600;2017-01-22 11:00:00;172602N232;99;0.188;24;221;223;221;220;0.942;50.00;388.7;0.109;400.0;0.107;0.0;0.000;60;0;0;1.417;0.707;0.703;0;60;54;50.00;50.00;50.00;5657;1000;0.0;0;1.0000;0;0
600;2017-01-22 11:10:00;172602N232;95;0.205;24;222;223;224;220;0.962;49.99;384.0;0.106;398.4;0.103;0.0;0.000;60;0;0;1.288;0.873;0.727;1;38;59;49.99;49.99;49.99;5657;1000;0.0;0;1.0000;0;0
600;2017-01-22 11:20:00;172602N232;104;0.222;24;221;222;223;219;0.956;49.98;391.1;0.115;400.9;0.113;0.0;0.000;60;0;0;1.251;0.896;0.723;5;36;62;49.98;49.98;49.98;5657;1000;0.0;0;1.0000;0;0
600;2017-01-22 11:30:00;172602N232;110;0.236;24;222;221;223;220;0.947;50.01;392.0;0.122;402.2;0.121;0.0;0.000;60;0;0;1.051;1.072;0.720;26;21;61;50.01;50.01;50.01;5657;1000;0.0;0;1.0000;0;0
600;2017-01-22 11:40:00;172602N232;123;0.252;25;222;222;224;221;0.954;50.02;402.8;0.135;405.8;0.135;0.0;0.000;60;0;0;1.094;1.034;0.736;26;31;64;50.02;50.02;50.02;5657;1000;0.0;0;1.0000;0;0
600;2017-01-22 11:50:00;172602N232;128;0.269;25;221;222;223;219;0.938;50.00;403.6;0.140;406.6;0.140;0.0;0.000;60;0;0;1.134;0.958;0.722;22;38;66;50.00;50.00;50.00;5657;1000;0.0;0;1.0000;0;0
600;2017-01-22 12:00:00;172602N232;130;0.285;25;221;221;223;221;0.890;50.01;407.0;0.142;407.1;0.142;0.0;0.000;60;0;0;0.948;1.002;0.720;40;31;57;50.01;50.01;50.01;5657;1000;0.0;0;1.0000;0;0
600;2017-01-22 12:10:00;172602N232;109;0.296;25;221;220;223;221;0.919;50.01;399.5;0.119;401.6;0.119;0.0;0.000;60;0;0;0.844;1.197;0.717;44;10;54;50.01;50.01;50.01;5657;1000;0.0;0;1.0000;0;0
600;2017-01-22 12:20:00;172602N232;115;0.307;25;221;220;224;220;0.944;49.97;402.7;0.124;403.4;0.125;0.0;0.000;60;0;0;0.871;1.239;0.723;42;9;62;49.97;49.97;49.97;5657;1000;0.0;0;1.0000;0;0
600;2017-01-22 12:30:00;172602N232;112;0.325;25;221;219;224;221;0.961;49.98;402.2;0.122;403.0;0.122;0.0;0.000;60;0;0;0.755;1.396;0.732;53;1;61;49.98;49.98;49.98;5657;1000;0.0;0;1.0000;0;0
600;2017-01-22 12:40:00;172602N232;89;0.339;25;221;220;224;220;0.933;50.01;387.0;0.097;396.4;0.096;0.0;0.000;60;0;0;0.753;1.362;0.686;44;0;54;50.01;50.01;50.01;5657;1000;0.0;0;1.0000;0;0
600;2017-01-22 12:50:00;172602N232;85;0.355;25;222;221;225;220;0.872;50.00;388.1;0.090;396.4;0.090;0.0;0.000;60;0;0;0.693;1.271;0.653;32;0;56;50.00;50.00;50.00;5657;1000;0.0;0;1.0000;0;0
600;2017-01-22 13:00:00;172602N232;88;0.368;25;222;222;224;221;0.878;50.00;388.2;0.095;397.3;0.094;0.0;0.000;60;0;0;0.738;1.211;0.687;28;6;57;50.00;50.00;50.00;5657;1000;0.0;0;1.0000;0;0
600;2017-01-22 13:10:00;172602N232;94;0.384;25;222;223;224;220;0.881;50.03;392.0;0.101;399.0;0.101;0.0;0.000;60;0;0;0.939;0.997;0.709;9;25;60;50.03;50.03;50.03;5657;1000;0.0;0;1.0000;0;0
600;2017-01-22 13:20:00;172602N232;79;0.398;25;223;223;225;220;0.892;50.00;386.1;0.084;394.5;0.084;0.0;0.000;60;0;0;0.758;1.223;0.697;22;1;56;50.00;50.00;50.00;5657;1000;0.0;0;1.0000;0;0
600;2017-01-22 13:30:00;172602N232;68;0.410;25;222;223;223;220;0.774;49.99;378.8;0.070;388.2;0.070;0.0;0.000;60;0;0;0.854;0.884;0.585;8;17;45;49.99;49.99;49.99;5657;1000;0.0;0;1.0000;0;0
600;2017-01-22 13:40:00;172602N232;60;0.420;25;222;223;222;220;0.712;50.00;378.8;0.059;385.0;0.061;0.0;0.000;60;0;0;1.045;0.586;0.506;0;36;39;50.00;50.00;50.00;5657;1000;0.0;0;1.0000;0;0
600;2017-01-22 13:50:00;172602N232;52;0.429;25;222;224;224;220;0.676;50.00;367.5;0.049;380.2;0.050;0.0;0.000;60;0;0;0.763;0.781;0.485;2;15;38;50.00;50.00;50.00;5657;1000;0.0;0;1.0000;0;0
600;2017-01-22 14:00:00;172602N232;46;0.437;25;222;222;224;220;0.666;49.99;356.3;0.043;371.6;0.044;0.0;0.000;60;0;0;0.604;0.929;0.465;14;1;36;49.99;49.99;49.99;5657;1000;0.0;0;1.0000;0;0
600;2017-01-22 14:10:00;172602N232;39;0.444;25;221;221;223;220;0.607;49.98;351.2;0.035;366.1;0.036;0.0;0.000;60;0;0;0.607;0.824;0.392;18;1;27;49.98;49.98;49.98;5657;1000;0.0;0;1.0000;0;0
600;2017-01-22 14:20:00;172602N232;29;0.449;25;221;221;221;221;0.468;49.99;331.9;0.022;346.3;0.024;0.0;0.000;60;0;0;0.519;0.479;0.406;3;18;11;49.99;49.99;49.99;5657;1000;0.0;0;1.0000;0;0
600;2017-01-22 14:30:00;172602N232;20;0.453;25;222;221;223;221;0.404;50.01;308.0;0.013;312.8;0.017;0.0;0.000;60;0;0;0.404;0.513;0.296;6;5;15;50.01;50.01;50.01;5657;1000;0.0;0;1.0000;0;0
600;2017-01-22 14:40:00;172602N232;11;0.455;25;221;220;223;221;0.319;49.99;273.5;0.003;269.1;0.007;0.0;0.000;60;0;0;0.259;0.474;0.226;5;2;12;49.99;49.99;49.99;5657;1000;0.0;0;1.0000;0;0
600;2017-01-22 14:50:00;172602N232;3;0.455;25;222;221;223;221;0.165;49.99;253.2;0.000;253.3;0.000;0.0;0.000;60;0;0;0.136;0.246;0.115;2;0;6;49.99;49.99;49.99;5657;1000;0.0;0;1.0000;0;0
600;2017-01-22 15:00:00;172602N232;0;0.455;25;222;220;224;221;0.019;49.99;266.2;0.000;265.7;0.000;0.0;0.000;60;0;0;0.015;0.028;0.015;0;0;0;49.99;49.99;49.99;5560;1000;0.0;0;1.0000;0;0
600;2017-01-22 15:10:00;172602N232;0;0.455;24;222;221;225;220;0.000;49.99;269.1;0.000;268.9;0.000;0.0;0.000;51;0;0;0.000;0.000;0.000;0;0;0;49.99;49.99;49.99;4935;1000;0.0;0;1.0000;0;0
600;2017-01-22 15:20:00;172602N232;0;0.455;24;222;222;225;218;0.000;50.00;231.2;0.000;232.2;0.000;0.0;0.000;51;0;0;0.000;0.000;0.000;0;0;0;50.00;50.00;50.00;4948;1000;0.0;0;1.0000;0;0
600;2017-01-22 15:30:00;172602N232;0;0.455;24;221;221;225;219;0.000;49.97;232.3;0.000;233.3;0.000;0.0;0.000;51;0;0;0.000;0.000;0.000;0;0;0;49.97;49.97;49.97;4948;1000;0.0;0;1.0000;0;0
600;2017-01-22 15:40:00;172602N232;0;0.455;23;221;220;225;219;0.000;49.99;229.5;0.000;230.4;0.000;0.0;0.000;51;0;0;0.000;0.000;0.000;0;0;0;49.99;49.99;49.99;4948;1000;0.0;0;1.0000;0;0
600;2017-01-22 15:50:00;172602N232;0;0.455;23;221;219;225;218;0.000;49.99;227.8;0.000;228.8;0.000;0.0;0.000;51;0;0;0.000;0.000;0.000;0;0;0;49.99;49.99;49.99;4948;1000;0.0;0;1.0000;0;0
600;2017-01-22 16:00:00;172602N232;0;0.455;23;220;219;224;215;0.000;49.97;227.5;0.000;228.4;0.000;0.0;0.000;51;0;0;0.000;0.000;0.000;0;0;0;49.97;49.97;49.97;4948;1000;0.0;0;1.0000;0;0
[wr_ende]
