20160219;230001;172602N232;My Plant;+0100
[wr_def_start]
172602N232;Inverter Type;Inverter Group;72602N232      
[wr_def_end]
[wr]
INTERVAL;TIMESTAMP;SERIAL;P_AC;E_DAY;T_WR;U_AC;U_AC_1;U_AC_2;U_AC_3;I_AC;F_AC;U_DC_1;I_DC_1;U_DC_2;I_DC_2;U_DC_3;I_DC_3;S;E_WR;M_WR;I_AC_1;I_AC_2;I_AC_3;P_AC_1;P_AC_2;P_AC_3;F_AC_1;F_AC_2;F_AC_3;R_DC;PC;PCS;PCS_LL;COS_PHI;COS_PHI_LL;S_COS_PHI
600;2016-02-19 07:00:00;172602N232;0;0.000;0;3;3;3;3;0.000;0.87;3.9;0.000;4.0;0.000;0.0;0.000;50;0;0;0.000;0.000;0.000;0;0;0;0.87;0.87;0.87;78;1000;0.0;0;1.0000;0;0
600;2016-02-19 07:10:00;172602N232;0;0.000;17;222;221;225;219;0.000;49.98;227.4;0.000;228.3;0.000;0.0;0.000;50;0;0;0.000;0.000;0.000;0;0;0;49.98;49.98;49.98;0;1000;0.0;0;1.0000;0;0
600;2016-02-19 07:20:00;172602N232;0;0.000;18;221;219;225;220;0.000;49.99;229.9;0.000;230.9;0.000;0.0;0.000;50;0;0;0.000;0.000;0.000;0;0;0;49.99;49.99;49.99;0;1000;0.0;0;1.0000;0;0
600;2016-02-19 07:30:00;172602N232;0;0.000;19;222;222;224;219;0.000;50.01;230.2;0.000;231.1;0.000;0.0;0.000;50;0;0;0.000;0.000;0.000;0;0;0;50.01;50.01;50.01;0;1000;0.0;0;1.0000;0;0
600;2016-02-19 07:40:00;172602N232;0;0.000;19;221;221;224;218;0.000;49.99;232.3;0.000;233.3;0.000;0.0;0.000;50;0;0;0.000;0.000;0.000;0;0;0;49.99;49.99;49.99;0;1000;0.0;0;1.0000;0;0
600;2016-02-19 07:50:00;172602N232;0;0.000;19;221;221;224;218;0.000;49.99;250.0;0.000;250.7;0.000;0.0;0.000;50;0;0;0.000;0.000;0.000;0;0;0;49.99;49.99;49.99;0;1000;0.0;0;1.0000;0;0
600;2016-02-19 08:00:00;172602N232;1;0.000;19;221;221;223;219;0.086;49.98;274.7;0.000;275.2;0.000;0.0;0.000;60;0;0;0.099;0.093;0.066;0;1;3;49.98;49.98;49.98;5046;1000;0.0;0;1.0000;0;0
600;2016-02-19 08:10:00;172602N232;15;0.004;20;221;222;222;220;0.327;49.98;294.1;0.007;300.1;0.010;0.0;0.000;60;0;0;0.446;0.313;0.224;0;11;13;49.98;49.98;49.98;5859;1000;0.0;0;1.0000;0;0
600;2016-02-19 08:20:00;172602N232;24;0.009;20;221;221;221;221;0.405;49.99;327.4;0.017;314.2;0.022;0.0;0.000;60;0;0;0.444;0.442;0.330;4;12;14;49.99;49.99;49.99;5859;1000;0.0;0;1.0000;0;0
600;2016-02-19 08:30:00;172602N232;72;0.021;20;221;221;222;221;0.773;49.99;385.4;0.074;392.5;0.074;0.0;0.000;60;0;0;0.959;0.752;0.609;4;29;39;49.99;49.99;49.99;5859;1000;0.0;0;1.0000;0;0
600;2016-02-19 08:40:00;172602N232;58;0.030;21;222;222;221;221;0.639;50.00;377.2;0.056;385.0;0.057;0.0;0.000;60;0;0;0.800;0.593;0.524;3;30;26;50.00;50.00;50.00;5859;1000;0.0;0;1.0000;0;0
600;2016-02-19 08:50:00;172602N232;71;0.040;21;221;220;222;220;0.785;50.02;383.4;0.073;390.0;0.073;0.0;0.000;60;0;0;0.809;0.932;0.616;12;15;43;50.02;50.02;50.02;5859;1000;0.0;0;1.0000;0;0
600;2016-02-19 09:00:00;172602N232;127;0.062;21;220;220;221;219;0.946;50.01;406.0;0.140;403.4;0.140;0.0;0.000;60;0;0;0.977;1.090;0.773;22;38;65;50.01;50.01;50.01;5859;1000;0.0;0;1.0000;0;0
600;2016-02-19 09:10:00;172602N232;125;0.082;22;220;220;222;220;0.961;50.01;409.0;0.136;401.8;0.139;0.0;0.000;60;0;0;0.905;1.197;0.782;31;26;65;50.01;50.01;50.01;5859;1000;0.0;0;1.0000;0;0
600;2016-02-19 09:20:00;172602N232;75;0.096;22;220;220;220;219;0.925;50.03;382.4;0.080;390.8;0.080;0.0;0.000;60;0;0;1.031;0.979;0.765;7;25;47;50.03;50.03;50.03;5859;1000;0.0;0;1.0000;0;0
600;2016-02-19 09:30:00;172602N232;62;0.106;22;220;220;221;219;0.922;49.99;378.0;0.065;387.4;0.065;0.0;0.000;60;0;0;0.968;1.069;0.730;9;13;48;49.99;49.99;49.99;5859;1000;0.0;0;1.0000;0;0
600;2016-02-19 09:40:00;172602N232;59;0.117;23;220;219;221;219;0.879;50.00;380.1;0.059;384.7;0.061;0.0;0.000;60;0;0;0.838;1.111;0.690;11;3;45;50.00;50.00;50.00;5859;1000;0.0;0;1.0000;0;0
600;2016-02-19 09:50:00;172602N232;70;0.127;23;220;219;221;219;0.787;49.99;382.2;0.072;388.6;0.073;0.0;0.000;60;0;0;0.757;0.986;0.618;15;9;45;49.99;49.99;49.99;5859;1000;0.0;0;1.0000;0;0
600;2016-02-19 10:00:00;172602N232;74;0.140;23;220;219;222;220;0.731;49.98;383.1;0.078;389.7;0.078;0.0;0.000;60;0;0;0.634;1.008;0.552;25;5;43;49.98;49.98;49.98;5859;1000;0.0;0;1.0000;0;0
600;2016-02-19 10:10:00;172602N232;109;0.159;23;220;219;221;219;0.847;49.99;393.5;0.120;396.8;0.119;0.0;0.000;60;0;0;0.760;1.082;0.701;34;20;54;49.99;49.99;49.99;5859;1000;0.0;0;1.0000;0;0
600;2016-02-19 10:20:00;172602N232;211;0.194;24;220;219;222;220;1.002;50.01;409.3;0.243;411.9;0.238;0.0;0.000;60;0;0;0.983;1.278;0.746;60;80;70;50.01;50.01;50.01;5859;1000;0.0;0;1.0000;0;0
600;2016-02-19 10:30:00;172602N232;391;0.259;24;221;220;222;220;1.121;49.98;422.2;0.453;422.3;0.445;0.0;0.000;60;0;0;1.135;1.183;1.047;122;137;129;49.98;49.98;49.98;5859;1000;0.0;0;1.0000;0;0
600;2016-02-19 10:40:00;172602N232;394;0.325;24;221;220;222;220;1.128;50.01;422.5;0.456;421.2;0.451;0.0;0.000;60;0;0;1.119;1.193;1.072;120;141;131;50.01;50.01;50.01;5859;1000;0.0;0;1.0000;0;0
600;2016-02-19 10:50:00;172602N232;552;0.417;24;221;220;223;221;0.974;50.00;433.0;0.632;425.8;0.633;0.0;0.000;60;0;0;0.919;1.005;1.000;169;194;186;50.00;50.00;50.00;5859;1000;0.0;0;1.0000;0;0
600;2016-02-19 11:00:00;172602N232;755;0.543;25;221;220;222;219;1.183;50.01;447.6;0.842;426.8;0.869;0.0;0.000;60;0;0;1.130;1.228;1.191;238;263;252;50.01;50.01;50.01;5859;1000;0.0;0;1.0000;0;0
600;2016-02-19 11:10:00;172602N232;1020;0.713;25;221;221;223;220;1.574;50.02;443.9;1.155;427.0;1.182;0.0;0.000;60;0;0;1.531;1.616;1.577;327;353;337;50.02;50.02;50.02;5859;1000;0.0;0;1.0000;0;0
600;2016-02-19 11:20:00;172602N232;1113;0.899;26;221;221;224;219;1.729;50.01;447.3;1.249;426.0;1.298;0.0;0.000;60;0;0;1.684;1.783;1.720;357;389;366;50.01;50.01;50.01;5859;1000;0.0;0;1.0000;0;0
600;2016-02-19 11:30:00;172602N232;826;1.037;26;222;221;224;221;1.293;49.97;437.0;0.945;421.5;0.967;0.0;0.000;60;0;0;1.241;1.350;1.289;262;288;274;49.97;49.97;49.97;5859;1000;0.0;0;1.0000;0;0
600;2016-02-19 11:40:00;172602N232;815;1.172;27;222;222;224;221;1.310;50.02;430.6;0.946;422.2;0.953;0.0;0.000;60;0;0;1.292;1.344;1.294;261;281;271;50.02;50.02;50.02;5859;1000;0.0;0;1.0000;0;0
600;2016-02-19 11:50:00;172602N232;695;1.289;27;222;221;223;220;1.090;50.04;424.3;0.816;420.6;0.813;0.0;0.000;60;0;0;1.037;1.137;1.098;218;243;232;50.04;50.04;50.04;5859;1000;0.0;0;1.0000;0;0
600;2016-02-19 12:00:00;172602N232;764;1.415;27;222;222;224;220;1.189;50.01;437.7;0.870;421.5;0.893;0.0;0.000;60;0;0;1.141;1.236;1.192;242;266;253;50.01;50.01;50.01;5859;1000;0.0;0;1.0000;0;0
600;2016-02-19 12:10:00;172602N232;685;1.531;28;222;222;223;220;1.080;50.00;434.0;0.785;420.3;0.803;0.0;0.000;60;0;0;1.044;1.115;1.081;218;237;228;50.00;50.00;50.00;5859;1000;0.0;0;1.0000;0;0
600;2016-02-19 12:20:00;172602N232;693;1.646;28;222;222;223;222;1.086;50.01;425.7;0.812;420.2;0.811;0.0;0.000;60;0;0;1.034;1.130;1.095;218;240;233;50.01;50.01;50.01;5859;1000;0.0;0;1.0000;0;0
600;2016-02-19 12:30:00;172602N232;738;1.770;28;223;223;223;222;1.188;49.98;441.1;0.832;419.9;0.866;0.0;0.000;60;0;0;1.161;1.207;1.196;235;252;248;49.98;49.98;49.98;5859;1000;0.0;0;1.0000;0;0
600;2016-02-19 12:40:00;172602N232;692;1.885;28;223;223;224;222;1.080;49.99;426.3;0.809;418.7;0.814;0.0;0.000;60;0;0;1.028;1.122;1.090;218;241;232;49.99;49.99;49.99;5859;1000;0.0;0;1.0000;0;0
600;2016-02-19 12:50:00;172602N232;766;2.013;29;223;223;224;223;1.192;50.00;427.0;0.897;420.3;0.899;0.0;0.000;60;0;0;1.148;1.228;1.201;243;265;256;50.00;50.00;50.00;5859;1000;0.0;0;1.0000;0;0
600;2016-02-19 13:00:00;172602N232;1003;2.180;29;225;224;226;223;1.527;50.00;438.3;1.151;421.9;1.177;0.0;0.000;60;0;0;1.486;1.564;1.533;322;346;333;50.00;50.00;50.00;5859;1000;0.0;0;1.0000;0;0
600;2016-02-19 13:10:00;172602N232;1308;2.399;29;225;224;227;223;2.006;50.00;439.5;1.494;422.1;1.540;0.0;0.000;60;0;0;1.947;2.084;1.989;420;455;432;50.00;50.00;50.00;5859;1000;0.0;0;1.0000;0;0
600;2016-02-19 13:20:00;172602N232;728;2.520;29;224;223;226;223;1.197;49.99;426.9;0.849;416.2;0.862;0.0;0.000;60;0;0;1.150;1.257;1.185;229;256;241;49.99;49.99;49.99;5859;1000;0.0;0;1.0000;0;0
600;2016-02-19 13:30:00;172602N232;718;2.640;29;224;223;225;223;1.141;49.99;430.9;0.829;417.2;0.847;0.0;0.000;60;0;0;1.098;1.180;1.145;226;249;240;49.99;49.99;49.99;5859;1000;0.0;0;1.0000;0;0
600;2016-02-19 13:40:00;172602N232;582;2.736;29;224;223;225;223;0.979;49.98;432.2;0.665;414.9;0.688;0.0;0.000;60;0;0;0.973;0.988;0.978;182;201;197;49.98;49.98;49.98;5859;1000;0.0;0;1.0000;0;0
600;2016-02-19 13:50:00;172602N232;721;2.857;30;225;224;227;224;1.113;49.98;430.6;0.834;419.7;0.847;0.0;0.000;60;0;0;1.056;1.157;1.126;225;251;242;49.99;49.99;49.99;5859;1000;0.0;0;1.0000;0;0
600;2016-02-19 14:00:00;172602N232;798;2.991;30;225;224;226;224;1.225;49.98;433.1;0.918;420.2;0.936;0.0;0.000;60;0;0;1.168;1.267;1.240;250;277;268;49.98;49.98;49.98;5859;1000;0.0;0;1.0000;0;0
600;2016-02-19 14:10:00;172602N232;815;3.126;30;225;225;227;224;1.247;49.98;429.5;0.951;419.9;0.956;0.0;0.000;60;0;0;1.195;1.292;1.255;258;284;272;49.98;49.98;49.98;5859;1000;0.0;0;1.0000;0;0
600;2016-02-19 14:20:00;172602N232;868;3.271;30;226;225;229;224;1.325;49.99;430.6;1.015;423.5;1.003;0.0;0.000;60;0;0;1.268;1.381;1.326;273;305;288;49.99;49.99;49.99;5859;1000;0.0;0;1.0000;0;0
600;2016-02-19 14:30:00;172602N232;994;3.437;30;226;224;230;224;1.579;50.00;427.7;1.299;427.1;1.032;0.0;0.000;60;0;0;1.492;1.679;1.566;312;353;327;50.00;50.00;50.00;5859;1000;0.0;0;1.0000;0;0
600;2016-02-19 14:40:00;172602N232;821;3.574;30;226;226;229;225;1.368;50.02;419.3;1.069;432.1;0.902;0.0;0.000;60;0;0;1.272;1.457;1.377;259;291;269;50.02;50.02;50.02;5859;1000;0.0;0;1.0000;0;0
600;2016-02-19 14:50:00;172602N232;1125;3.762;30;226;225;229;225;1.718;50.00;309.1;1.863;382.6;1.473;0.0;0.000;60;0;0;1.657;1.781;1.717;356;395;373;50.00;50.00;50.00;5859;1000;0.0;0;1.0000;0;0
600;2016-02-19 15:00:00;172602N232;937;3.918;30;226;225;229;225;1.416;49.98;266.0;1.416;414.9;1.381;0.0;0.000;60;0;0;1.358;1.470;1.421;296;329;310;49.98;49.98;49.98;5859;1000;0.0;0;1.0000;0;0
600;2016-02-19 15:10:00;172602N232;588;4.015;30;227;227;228;226;1.114;49.98;387.1;0.595;412.3;0.878;0.0;0.000;60;0;0;1.107;1.152;1.083;181;205;200;49.98;49.98;49.98;5859;1000;0.0;0;1.0000;0;0
600;2016-02-19 15:20:00;172602N232;575;4.111;30;226;227;229;223;0.964;49.99;433.7;0.603;421.9;0.719;0.0;0.000;60;0;0;0.928;1.016;0.949;178;204;191;49.99;49.99;49.99;5859;1000;0.0;0;1.0000;0;0
600;2016-02-19 15:30:00;172602N232;611;4.214;30;226;228;229;221;1.154;50.00;442.9;0.543;436.9;0.822;0.0;0.000;60;0;0;1.187;1.164;1.113;201;212;196;50.00;50.00;50.00;5859;1000;0.0;0;1.0000;0;0
600;2016-02-19 15:40:00;172602N232;595;4.314;30;223;224;225;220;0.975;49.99;440.6;0.499;454.2;0.800;0.0;0.000;60;0;0;0.955;0.999;0.972;189;208;197;49.99;49.99;49.99;5859;1000;0.0;0;1.0000;0;0
600;2016-02-19 15:50:00;172602N232;383;4.377;30;223;223;224;220;0.975;49.99;431.2;0.331;434.1;0.518;0.0;0.000;60;0;0;1.006;1.022;0.899;105;139;137;49.99;49.99;49.99;5859;1000;0.0;0;1.0000;0;0
600;2016-02-19 16:00:00;172602N232;148;4.402;30;223;222;224;221;0.951;49.99;397.4;0.164;395.9;0.173;0.0;0.000;60;0;0;0.940;1.166;0.747;32;42;71;49.99;49.99;49.99;5859;1000;0.0;0;1.0000;0;0
600;2016-02-19 16:10:00;172602N232;175;4.432;30;222;223;223;221;1.023;49.98;413.7;0.191;416.3;0.192;0.0;0.000;60;0;0;1.317;0.971;0.783;26;74;73;49.98;49.98;49.98;5859;1000;0.0;0;1.0000;0;0
600;2016-02-19 16:20:00;172602N232;174;4.461;29;222;222;221;222;1.015;49.98;410.6;0.195;406.1;0.194;0.0;0.000;60;0;0;1.273;0.885;0.889;31;86;54;49.98;49.98;49.98;5859;1000;0.0;0;1.0000;0;0
600;2016-02-19 16:30:00;172602N232;109;4.479;29;222;222;223;220;0.909;50.03;392.7;0.121;394.4;0.120;0.0;0.000;60;0;0;1.134;0.902;0.693;12;41;55;50.03;50.03;50.03;5859;1000;0.0;0;1.0000;0;0
600;2016-02-19 16:40:00;172602N232;36;4.485;29;221;222;222;219;0.506;50.01;336.2;0.030;355.1;0.034;0.0;0.000;60;0;0;0.651;0.459;0.409;0;21;30;50.01;50.01;50.01;5859;1000;0.0;0;1.0000;0;0
600;2016-02-19 16:50:00;172602N232;5;4.487;28;220;221;220;218;0.172;49.99;258.2;0.000;266.1;0.002;0.0;0.000;60;0;0;0.254;0.157;0.105;1;5;6;49.99;49.99;49.99;5859;1000;0.0;0;1.0000;0;0
600;2016-02-19 17:00:00;172602N232;0;4.487;27;219;219;222;217;0.000;49.99;284.3;0.000;283.6;0.000;0.0;0.000;51;0;0;0.000;0.000;0.000;0;0;0;49.99;49.99;49.99;5621;1000;0.0;0;1.0000;0;0
600;2016-02-19 17:10:00;172602N232;0;4.487;26;218;218;220;217;0.000;49.99;230.8;0.000;231.8;0.000;0.0;0.000;51;0;0;0.000;0.000;0.000;0;0;0;49.99;49.99;49.99;5503;1000;0.0;0;1.0000;0;0
600;2016-02-19 17:20:00;172602N232;0;4.487;26;218;218;219;217;0.000;49.98;228.1;0.000;229.1;0.000;0.0;0.000;51;0;0;0.000;0.000;0.000;0;0;0;49.98;49.98;49.98;5503;1000;0.0;0;1.0000;0;0
[wr_ende]
