20161224;230003;172602N232;My Plant;+0100
[wr_def_start]
172602N232;Inverter Type;Inverter Group;72602N232      
[wr_def_end]
[wr]
INTERVAL;TIMESTAMP;SERIAL;P_AC;E_DAY;T_WR;U_AC;U_AC_1;U_AC_2;U_AC_3;I_AC;F_AC;U_DC_1;I_DC_1;U_DC_2;I_DC_2;U_DC_3;I_DC_3;S;E_WR;M_WR;I_AC_1;I_AC_2;I_AC_3;P_AC_1;P_AC_2;P_AC_3;F_AC_1;F_AC_2;F_AC_3;R_DC;PC;PCS;PCS_LL;COS_PHI;COS_PHI_LL;S_COS_PHI
600;2016-12-24 07:40:00;172602N232;0;0.000;0;2;2;2;2;0.000;0.49;2.1;0.000;2.1;0.000;0.0;0.000;50;0;0;0.000;0.000;0.000;0;0;0;0.49;0.49;0.49;45;1000;0.0;0;1.0000;0;0
600;2016-12-24 07:50:00;172602N232;0;0.000;15;221;220;224;219;0.000;49.99;227.2;0.000;228.2;0.000;0.0;0.000;50;0;0;0.000;0.000;0.000;0;0;0;49.99;49.99;49.99;0;1000;0.0;0;1.0000;0;0
600;2016-12-24 08:00:00;172602N232;0;0.000;17;220;220;223;217;0.000;50.01;231.1;0.000;232.0;0.000;0.0;0.000;50;0;0;0.000;0.000;0.000;0;0;0;50.01;50.01;50.01;0;1000;0.0;0;1.0000;0;0
600;2016-12-24 08:10:00;172602N232;0;0.000;18;220;220;223;216;0.000;50.01;261.8;0.000;262.3;0.000;0.0;0.000;51;0;0;0.000;0.000;0.000;0;0;0;50.01;50.01;50.01;0;1000;0.0;0;1.0000;0;0
600;2016-12-24 08:20:00;172602N232;0;0.000;18;219;219;220;218;0.030;50.01;285.4;0.000;284.0;0.000;0.0;0.000;60;0;0;0.028;0.040;0.022;0;0;0;50.01;50.01;50.01;4843;1000;0.0;0;1.0000;0;0
600;2016-12-24 08:30:00;172602N232;16;0.003;18;220;219;221;220;0.321;50.01;301.5;0.010;282.0;0.009;0.0;0.000;60;0;0;0.331;0.394;0.239;6;3;10;50.01;50.01;50.01;5096;1000;0.0;0;1.0000;0;0
600;2016-12-24 08:40:00;172602N232;64;0.013;19;221;221;222;221;0.755;50.01;385.9;0.071;392.2;0.052;0.0;0.000;60;0;0;0.815;0.866;0.586;14;17;36;50.01;50.01;50.01;5096;1000;0.0;0;1.0000;0;0
600;2016-12-24 08:50:00;172602N232;91;0.027;19;221;221;221;220;0.949;50.01;398.3;0.107;403.8;0.084;0.0;0.000;60;0;0;1.292;0.822;0.735;5;44;45;50.01;50.01;50.01;5096;1000;0.0;0;1.0000;0;0
600;2016-12-24 09:00:00;172602N232;98;0.044;20;220;220;222;219;0.882;50.00;400.2;0.116;406.3;0.090;0.0;0.000;60;0;0;0.838;1.112;0.698;23;17;58;50.00;50.00;50.00;5096;1000;0.0;0;1.0000;0;0
600;2016-12-24 09:10:00;172602N232;140;0.068;20;220;218;221;219;0.913;50.00;419.2;0.173;429.0;0.116;0.0;0.000;60;0;0;0.790;1.202;0.747;43;26;69;50.00;50.00;50.00;5096;1000;0.0;0;1.0000;0;0
600;2016-12-24 09:20:00;172602N232;181;0.099;21;220;219;222;219;1.003;50.01;436.3;0.219;438.9;0.154;0.0;0.000;60;0;0;0.882;1.393;0.735;45;52;83;50.01;50.01;50.01;5096;1000;0.0;0;1.0000;0;0
600;2016-12-24 09:30:00;172602N232;342;0.155;21;221;221;223;220;1.047;50.01;448.9;0.406;454.5;0.313;0.0;0.000;60;0;0;1.065;1.148;0.930;96;122;122;50.01;50.01;50.01;5096;1000;0.0;0;1.0000;0;0
600;2016-12-24 09:40:00;172602N232;104;0.174;21;222;223;224;220;0.755;50.01;371.1;0.119;375.8;0.101;0.0;0.000;60;0;0;0.840;0.839;0.588;20;35;55;50.01;50.01;50.01;5096;1000;0.0;0;1.0000;0;0
600;2016-12-24 09:50:00;172602N232;193;0.205;22;222;222;221;222;0.981;50.01;408.7;0.223;417.3;0.192;0.0;0.000;60;0;0;1.076;0.993;0.876;44;80;69;50.01;50.01;50.01;5096;1000;0.0;0;1.0000;0;0
600;2016-12-24 10:00:00;172602N232;688;0.321;22;222;223;222;222;1.257;50.02;442.6;0.802;448.7;0.687;0.0;0.000;60;0;0;1.270;1.258;1.245;221;235;229;50.02;50.02;50.02;5096;1000;0.0;0;1.0000;0;0
600;2016-12-24 10:10:00;172602N232;7;0.322;22;221;221;222;221;0.168;50.03;282.9;0.005;269.8;0.006;0.0;0.000;50;0;0;0.160;0.228;0.118;4;1;6;50.03;50.03;50.03;5096;1000;0.0;0;1.0000;0;0
600;2016-12-24 10:20:00;172602N232;13;0.325;22;221;221;222;220;0.255;50.00;301.8;0.008;308.9;0.010;0.0;0.000;60;0;0;0.299;0.283;0.183;2;5;11;50.00;50.00;50.00;5213;1000;0.0;0;1.0000;0;0
600;2016-12-24 10:30:00;172602N232;13;0.327;22;221;223;221;218;0.208;50.01;300.5;0.011;302.7;0.012;0.0;0.000;60;0;0;0.305;0.162;0.159;0;11;11;50.01;50.01;50.01;5221;1000;0.0;0;1.0000;0;0
600;2016-12-24 10:40:00;172602N232;148;0.352;22;221;222;222;219;0.897;50.01;381.1;0.165;390.7;0.163;0.0;0.000;60;0;0;1.084;0.919;0.690;28;58;64;50.01;50.01;50.01;5178;1000;0.0;0;1.0000;0;0
600;2016-12-24 10:50:00;172602N232;66;0.363;23;221;222;221;220;0.741;50.02;365.2;0.067;372.7;0.067;0.0;0.000;60;0;0;0.985;0.683;0.555;2;34;41;50.02;50.02;50.02;5178;1000;0.0;0;1.0000;0;0
600;2016-12-24 11:00:00;172602N232;96;0.379;23;221;222;222;220;0.699;50.00;350.1;0.107;358.7;0.105;0.0;0.000;60;0;0;0.923;0.649;0.526;11;43;45;50.00;50.00;50.00;5178;1000;0.0;0;1.0000;0;0
600;2016-12-24 11:10:00;172602N232;467;0.457;23;221;222;220;220;1.197;50.01;424.5;0.545;429.3;0.466;0.0;0.000;60;0;0;1.397;1.115;1.080;135;177;156;50.01;50.01;50.01;5178;1000;0.0;0;1.0000;0;0
600;2016-12-24 11:20:00;172602N232;958;0.617;23;221;221;223;220;1.490;49.99;455.9;1.151;461.6;0.912;0.0;0.000;60;0;0;1.443;1.533;1.495;306;332;318;49.99;49.99;49.99;5178;1000;0.0;0;1.0000;0;0
600;2016-12-24 11:30:00;172602N232;670;0.728;24;221;221;223;220;1.085;50.01;438.7;0.801;446.4;0.685;0.0;0.000;60;0;0;1.037;1.126;1.092;210;235;224;50.01;50.01;50.01;5178;1000;0.0;0;1.0000;0;0
600;2016-12-24 11:40:00;172602N232;565;0.823;24;222;220;225;220;1.105;50.02;443.7;0.669;454.2;0.558;0.0;0.000;60;0;0;1.030;1.182;1.103;175;203;185;50.02;50.02;50.02;5178;1000;0.0;0;1.0000;0;0
600;2016-12-24 11:50:00;172602N232;627;0.928;25;222;220;226;220;1.348;50.00;438.5;0.718;450.2;0.634;0.0;0.000;60;0;0;1.281;1.542;1.222;198;211;216;50.00;50.00;50.00;5178;1000;0.0;0;1.0000;0;0
600;2016-12-24 12:00:00;172602N232;597;1.028;25;222;221;225;219;1.332;50.01;434.8;0.682;441.6;0.616;0.0;0.000;60;0;0;1.297;1.461;1.239;182;205;208;50.01;50.01;50.01;5178;1000;0.0;0;1.0000;0;0
600;2016-12-24 12:10:00;172602N232;189;1.059;25;221;222;223;220;1.037;50.01;402.0;0.216;412.5;0.211;0.0;0.000;60;0;0;1.238;1.113;0.761;44;70;72;50.01;50.01;50.01;5178;1000;0.0;0;1.0000;0;0
600;2016-12-24 12:20:00;172602N232;202;1.093;25;220;220;222;219;1.007;49.99;409.1;0.231;414.6;0.223;0.0;0.000;60;0;0;1.084;1.110;0.829;46;69;85;49.99;49.99;49.99;5178;1000;0.0;0;1.0000;0;0
600;2016-12-24 12:30:00;172602N232;568;1.188;26;222;221;224;220;1.072;50.00;427.7;0.661;437.8;0.622;0.0;0.000;60;0;0;1.061;1.113;1.042;175;198;192;50.00;50.00;50.00;5178;1000;0.0;0;1.0000;0;0
600;2016-12-24 12:40:00;172602N232;579;1.285;26;222;221;223;221;1.077;50.02;431.9;0.678;438.1;0.623;0.0;0.000;60;0;0;1.066;1.119;1.048;180;201;195;50.02;50.02;50.02;5178;1000;0.0;0;1.0000;0;0
600;2016-12-24 12:50:00;172602N232;386;1.349;26;221;222;223;219;1.129;50.02;434.7;0.448;436.5;0.406;0.0;0.000;60;0;0;1.161;1.163;1.063;100;136;148;50.02;50.02;50.02;5178;1000;0.0;0;1.0000;0;0
600;2016-12-24 13:00:00;172602N232;363;1.409;26;222;223;225;220;1.113;50.01;442.0;0.406;435.7;0.383;0.0;0.000;60;0;0;1.140;1.200;1.000;100;126;135;50.01;50.01;50.01;5178;1000;0.0;0;1.0000;0;0
600;2016-12-24 13:10:00;172602N232;325;1.463;26;223;223;225;220;1.155;50.01;451.9;0.356;427.0;0.345;0.0;0.000;60;0;0;1.266;1.182;1.017;90;114;118;50.01;50.01;50.01;5178;1000;0.0;0;1.0000;0;0
600;2016-12-24 13:20:00;172602N232;322;1.517;26;223;222;226;220;1.121;49.99;448.1;0.372;427.3;0.327;0.0;0.000;60;0;0;1.185;1.253;0.925;109;107;104;49.99;49.99;49.99;5178;1000;0.0;0;1.0000;0;0
600;2016-12-24 13:30:00;172602N232;289;1.566;26;222;222;225;220;1.147;49.99;426.8;0.365;429.5;0.276;0.0;0.000;60;0;0;1.205;1.363;0.875;89;98;101;49.99;49.99;49.99;5178;1000;0.0;0;1.0000;0;0
600;2016-12-24 13:40:00;172602N232;357;1.626;26;222;222;225;220;1.140;50.00;442.6;0.425;429.8;0.356;0.0;0.000;60;0;0;1.147;1.275;1.000;104;120;131;50.00;50.00;50.00;5178;1000;0.0;0;1.0000;0;0
600;2016-12-24 13:50:00;172602N232;199;1.659;26;223;223;226;219;1.059;50.00;421.2;0.233;412.7;0.199;0.0;0.000;60;0;0;0.992;1.334;0.852;58;48;92;50.00;50.00;50.00;5178;1000;0.0;0;1.0000;0;0
600;2016-12-24 14:00:00;172602N232;70;1.671;26;221;223;224;217;0.727;50.00;374.5;0.072;382.0;0.072;0.0;0.000;60;0;0;0.789;0.846;0.546;16;16;47;50.00;50.00;50.00;5178;1000;0.0;0;1.0000;0;0
600;2016-12-24 14:10:00;172602N232;63;1.682;26;221;226;226;210;0.716;50.01;365.7;0.063;384.0;0.065;0.0;0.000;60;0;0;0.930;0.658;0.560;1;34;52;50.01;50.01;50.01;5178;1000;0.0;0;1.0000;0;0
600;2016-12-24 14:20:00;172602N232;30;1.687;26;220;225;224;211;0.445;50.00;307.7;0.026;316.2;0.028;0.0;0.000;60;0;0;0.656;0.354;0.327;0;23;26;50.00;50.00;50.00;5178;1000;0.0;0;1.0000;0;0
600;2016-12-24 14:30:00;172602N232;0;1.687;25;217;221;221;210;0.020;49.38;238.8;0.000;239.2;0.000;0.0;0.000;50;0;0;0.058;0.002;0.001;0;0;0;49.38;49.38;49.38;3061;1000;0.0;0;1.0000;0;0
600;2016-12-24 14:40:00;172602N232;0;1.687;24;220;224;223;213;0.000;50.00;242.1;0.000;243.0;0.000;0.0;0.000;50;0;0;0.000;0.000;0.000;0;0;0;50.00;50.00;50.00;0;1000;0.0;0;1.0000;0;0
600;2016-12-24 15:00:00;172602N232;0;1.687;13;132;135;134;129;0.000;30.17;139.4;0.000;140.0;0.000;0.0;0.000;50;0;0;0.000;0.000;0.000;0;0;0;30.12;30.12;30.12;0;1000;0.0;0;1.0000;0;0
600;2016-12-24 15:10:00;172602N232;0;1.687;22;219;222;221;212;0.000;50.00;231.8;0.000;232.7;0.000;0.0;0.000;50;0;0;0.000;0.000;0.000;0;0;0;50.00;50.00;50.00;0;1000;0.0;0;1.0000;0;0
600;2016-12-24 15:20:00;172602N232;0;1.687;23;218;223;221;211;0.000;50.03;228.6;0.000;229.5;0.000;0.0;0.000;50;0;0;0.000;0.000;0.000;0;0;0;50.03;50.03;50.03;0;1000;0.0;0;1.0000;0;0
600;2016-12-24 15:30:00;172602N232;0;1.687;22;218;221;222;212;0.000;50.00;228.7;0.000;229.6;0.000;0.0;0.000;50;0;0;0.000;0.000;0.000;0;0;0;50.00;50.00;50.00;0;1000;0.0;0;1.0000;0;0
[wr_ende]
