20150504;230000;172602N232;My Plant;+0100
[wr_def_start]
172602N232;Inverter Type;Inverter Group;72602N232      
[wr_def_end]
[wr]
INTERVAL;TIMESTAMP;SERIAL;P_AC;E_DAY;T_WR;U_AC;U_AC_1;U_AC_2;U_AC_3;I_AC;F_AC;U_DC_1;I_DC_1;U_DC_2;I_DC_2;U_DC_3;I_DC_3;S;E_WR;M_WR;I_AC_1;I_AC_2;I_AC_3;P_AC_1;P_AC_2;P_AC_3;F_AC_1;F_AC_2;F_AC_3;R_DC;PC;PCS;PCS_LL;COS_PHI;COS_PHI_LL;S_COS_PHI
600;2015-05-04 04:50:00;172602N232;0;0.000;0;2;2;2;2;0.000;0.52;2.3;0.000;2.3;0.000;0.0;0.000;50;0;0;0.000;0.000;0.000;0;0;0;0.52;0.52;0.52;12;1000;0.0;0;1.0000;0;0
600;2015-05-04 05:00:00;172602N232;0;0.000;22;226;227;229;223;0.000;50.01;227.5;0.000;228.4;0.000;0.0;0.000;50;0;0;0.000;0.000;0.000;0;0;0;50.01;50.01;50.01;0;1000;0.0;0;1.0000;0;0
600;2015-05-04 05:10:00;172602N232;0;0.000;23;226;227;228;223;0.000;50.01;229.4;0.000;230.4;0.000;0.0;0.000;50;0;0;0.000;0.000;0.000;0;0;0;50.01;50.01;50.01;0;1000;0.0;0;1.0000;0;0
600;2015-05-04 05:20:00;172602N232;0;0.000;24;226;226;228;222;0.000;50.00;230.0;0.000;230.9;0.000;0.0;0.000;50;0;0;0.000;0.000;0.000;0;0;0;50.00;50.00;50.00;0;1000;0.0;0;1.0000;0;0
600;2015-05-04 05:30:00;172602N232;0;0.000;24;226;227;229;223;0.000;50.01;247.9;0.000;248.7;0.000;0.0;0.000;50;0;0;0.000;0.000;0.000;0;0;0;50.01;50.01;50.01;0;1000;0.0;0;1.0000;0;0
600;2015-05-04 05:40:00;172602N232;1;0.000;25;226;227;228;224;0.050;50.03;283.9;0.000;284.6;0.000;0.0;0.000;60;0;0;0.054;0.055;0.041;0;0;2;50.03;50.03;50.03;4308;1000;0.0;0;1.0000;0;0
600;2015-05-04 05:50:00;172602N232;16;0.003;25;225;226;227;223;0.343;50.00;286.9;0.008;302.9;0.011;0.0;0.000;60;0;0;0.386;0.398;0.247;2;2;16;50.00;50.00;50.00;7245;1000;0.0;0;1.0000;0;0
600;2015-05-04 06:00:00;172602N232;42;0.011;25;225;225;226;223;0.582;50.01;334.7;0.040;349.1;0.043;0.0;0.000;60;0;0;0.705;0.585;0.458;1;16;32;50.01;50.01;50.01;7245;1000;0.0;0;1.0000;0;0
600;2015-05-04 06:10:00;172602N232;59;0.021;26;224;224;225;223;0.661;49.99;354.9;0.060;365.9;0.062;0.0;0.000;60;0;0;0.720;0.730;0.533;6;21;40;49.99;49.99;49.99;7245;1000;0.0;0;1.0000;0;0
600;2015-05-04 06:20:00;172602N232;73;0.033;26;223;224;225;222;0.776;49.99;363.8;0.078;371.7;0.081;0.0;0.000;60;0;0;0.903;0.834;0.593;6;23;47;49.99;49.99;49.99;7245;1000;0.0;0;1.0000;0;0
600;2015-05-04 06:30:00;172602N232;110;0.050;26;222;223;224;221;0.948;50.00;385.4;0.124;390.0;0.126;0.0;0.000;60;0;0;1.038;1.051;0.755;9;34;66;50.00;50.00;50.00;7245;1000;0.0;0;1.0000;0;0
600;2015-05-04 06:40:00;172602N232;191;0.082;27;222;222;223;220;1.027;50.03;398.2;0.221;404.1;0.220;0.0;0.000;60;0;0;1.219;1.049;0.814;30;73;86;50.03;50.03;50.03;7245;1000;0.0;0;1.0000;0;0
600;2015-05-04 06:50:00;172602N232;402;0.150;27;221;221;223;219;0.963;49.98;421.2;0.463;418.5;0.467;0.0;0.000;60;0;0;0.985;1.013;0.893;118;145;137;49.98;49.98;49.98;7245;1000;0.0;0;1.0000;0;0
600;2015-05-04 07:00:00;172602N232;589;0.248;27;220;221;222;218;0.974;49.99;429.4;0.675;421.3;0.690;0.0;0.000;60;0;0;0.967;0.991;0.964;188;203;196;49.99;49.99;49.99;7245;1000;0.0;0;1.0000;0;0
600;2015-05-04 07:10:00;172602N232;543;0.339;28;223;223;225;222;0.918;49.99;425.6;0.628;419.2;0.637;0.0;0.000;60;0;0;0.881;0.958;0.917;169;191;181;49.99;49.99;49.99;7245;1000;0.0;0;1.0000;0;0
600;2015-05-04 07:20:00;172602N232;360;0.399;29;226;226;226;225;1.103;50.00;418.1;0.415;410.1;0.427;0.0;0.000;60;0;0;1.150;1.090;1.070;104;132;123;50.00;50.00;50.00;7245;1000;0.0;0;1.0000;0;0
600;2015-05-04 07:30:00;172602N232;391;0.465;29;225;225;226;225;1.154;50.00;420.1;0.450;411.5;0.463;0.0;0.000;60;0;0;1.154;1.225;1.085;111;142;136;50.00;50.00;50.00;7245;1000;0.0;0;1.0000;0;0
600;2015-05-04 07:40:00;172602N232;464;0.542;30;226;226;227;224;0.791;50.01;420.5;0.540;414.0;0.551;0.0;0.000;60;0;0;0.745;0.835;0.793;141;165;156;50.01;50.01;50.01;7245;1000;0.0;0;1.0000;0;0
600;2015-05-04 07:50:00;172602N232;565;0.636;30;227;226;228;226;0.885;49.99;421.9;0.663;420.0;0.660;0.0;0.000;60;0;0;0.838;0.921;0.896;175;197;191;49.99;49.99;49.99;7245;1000;0.0;0;1.0000;0;0
600;2015-05-04 08:00:00;172602N232;754;0.762;31;224;224;225;222;1.183;50.00;429.6;0.867;420.9;0.889;0.0;0.000;60;0;0;1.152;1.212;1.186;239;260;252;50.00;50.00;50.00;7245;1000;0.0;0;1.0000;0;0
600;2015-05-04 08:10:00;172602N232;1353;0.988;31;224;224;224;224;2.038;50.00;432.3;1.597;433.0;1.528;0.0;0.000;60;0;0;1.993;2.068;2.053;439;459;453;50.00;50.00;50.00;7245;1000;0.0;0;1.0000;0;0
600;2015-05-04 08:20:00;172602N232;1137;1.178;32;224;225;224;222;1.739;49.99;427.0;1.367;429.1;1.286;0.0;0.000;60;0;0;1.717;1.757;1.745;374;384;377;49.99;49.99;49.99;7245;1000;0.0;0;1.0000;0;0
600;2015-05-04 08:30:00;172602N232;892;1.326;32;224;225;225;222;1.359;50.00;426.3;1.041;418.6;1.059;0.0;0.000;60;0;0;1.318;1.397;1.363;288;307;295;50.00;50.00;50.00;7245;1000;0.0;0;1.0000;0;0
600;2015-05-04 08:40:00;172602N232;876;1.472;33;224;225;225;223;1.333;50.02;427.5;1.019;420.0;1.036;0.0;0.000;60;0;0;1.288;1.369;1.344;281;301;292;50.02;50.02;50.02;7245;1000;0.0;0;1.0000;0;0
600;2015-05-04 08:50:00;172602N232;833;1.611;33;224;224;226;223;1.272;50.01;426.7;0.970;419.6;0.986;0.0;0.000;60;0;0;1.221;1.312;1.285;264;288;278;50.01;50.01;50.01;7245;1000;0.0;0;1.0000;0;0
600;2015-05-04 09:00:00;172602N232;995;1.777;33;223;222;225;222;1.513;50.00;427.9;1.165;423.7;1.164;0.0;0.000;60;0;0;1.452;1.562;1.525;315;346;331;50.00;50.00;50.00;7245;1000;0.0;0;1.0000;0;0
600;2015-05-04 09:10:00;172602N232;1146;1.968;33;223;222;223;223;1.745;50.01;426.0;1.367;428.1;1.312;0.0;0.000;60;0;0;1.691;1.777;1.767;367;391;386;50.01;50.01;50.01;7245;1000;0.0;0;1.0000;0;0
600;2015-05-04 09:20:00;172602N232;1512;2.220;34;223;222;225;222;2.293;49.99;427.1;1.805;428.1;1.739;0.0;0.000;60;0;0;2.241;2.335;2.305;489;517;504;49.99;49.99;49.99;7245;1000;0.0;0;1.0000;0;0
600;2015-05-04 09:30:00;172602N232;1337;2.444;34;223;222;225;222;2.042;49.99;424.4;1.592;422.3;1.569;0.0;0.000;60;0;0;1.980;2.093;2.053;428;462;445;49.99;49.99;49.99;7245;1000;0.0;0;1.0000;0;0
600;2015-05-04 09:40:00;172602N232;1808;2.746;34;224;223;226;222;2.708;50.01;423.5;2.184;428.2;2.081;0.0;0.000;60;0;0;2.636;2.779;2.709;583;625;598;50.01;50.01;50.01;7245;1000;0.0;0;1.0000;0;0
600;2015-05-04 09:50:00;172602N232;1030;2.917;34;223;222;224;222;1.594;50.01;420.5;1.222;412.3;1.245;0.0;0.000;60;0;0;1.545;1.628;1.610;328;354;345;50.01;50.01;50.01;7245;1000;0.0;0;1.0000;0;0
600;2015-05-04 10:00:00;172602N232;896;3.066;35;223;223;225;222;1.366;49.99;417.3;1.067;413.2;1.081;0.0;0.000;60;0;0;1.312;1.406;1.381;284;310;300;49.99;49.99;49.99;7245;1000;0.0;0;1.0000;0;0
600;2015-05-04 10:10:00;172602N232;1144;3.257;35;223;223;224;222;1.757;50.00;421.9;1.349;417.9;1.370;0.0;0.000;60;0;0;1.719;1.786;1.768;369;391;382;50.00;50.00;50.00;7245;1000;0.0;0;1.0000;0;0
600;2015-05-04 10:20:00;172602N232;983;3.421;35;223;223;224;222;1.555;50.00;421.8;1.157;413.9;1.182;0.0;0.000;60;0;0;1.531;1.578;1.557;318;336;328;50.00;50.00;50.00;7245;1000;0.0;0;1.0000;0;0
600;2015-05-04 10:30:00;172602N232;942;3.579;35;223;223;224;222;1.499;50.01;422.5;1.106;415.2;1.132;0.0;0.000;60;0;0;1.465;1.529;1.504;302;323;315;50.01;50.01;50.01;7245;1000;0.0;0;1.0000;0;0
600;2015-05-04 10:40:00;172602N232;789;3.710;35;222;222;224;222;1.220;49.99;422.0;0.925;413.2;0.950;0.0;0.000;60;0;0;1.163;1.262;1.236;249;273;265;49.99;49.99;49.99;7245;1000;0.0;0;1.0000;0;0
600;2015-05-04 10:50:00;172602N232;1324;3.931;35;223;222;225;223;2.011;50.00;426.3;1.560;422.7;1.556;0.0;0.000;60;0;0;1.954;2.055;2.024;425;454;443;50.00;50.00;50.00;7245;1000;0.0;0;1.0000;0;0
600;2015-05-04 11:00:00;172602N232;1605;4.198;35;224;223;226;223;2.421;50.00;425.6;1.893;420.8;1.912;0.0;0.000;60;0;0;2.370;2.466;2.428;520;550;533;50.00;50.00;50.00;7245;1000;0.0;0;1.0000;0;0
600;2015-05-04 11:10:00;172602N232;1756;4.492;35;224;222;227;223;2.625;50.01;425.6;2.072;419.5;2.102;0.0;0.000;60;0;0;2.547;2.689;2.641;563;606;585;50.01;50.01;50.01;7245;1000;0.0;0;1.0000;0;0
600;2015-05-04 11:20:00;172602N232;1735;4.782;36;223;221;226;223;2.609;49.99;421.1;2.077;418.2;2.075;0.0;0.000;60;0;0;2.527;2.674;2.626;555;599;579;49.99;49.99;49.99;7245;1000;0.0;0;1.0000;0;0
600;2015-05-04 11:30:00;172602N232;1348;5.006;36;223;221;226;223;2.043;49.99;423.4;1.588;415.1;1.631;0.0;0.000;60;0;0;1.966;2.099;2.064;427;467;452;49.99;49.99;49.99;7245;1000;0.0;0;1.0000;0;0
600;2015-05-04 11:40:00;172602N232;1252;5.214;36;224;221;227;223;1.901;49.99;423.1;1.476;414.8;1.513;0.0;0.000;60;0;0;1.810;1.987;1.907;392;440;418;49.99;49.99;49.99;7245;1000;0.0;0;1.0000;0;0
600;2015-05-04 11:50:00;172602N232;824;5.351;36;224;221;226;223;1.261;50.01;416.7;0.977;411.9;0.997;0.0;0.000;60;0;0;1.191;1.311;1.283;255;288;278;50.01;50.01;50.01;7245;1000;0.0;0;1.0000;0;0
600;2015-05-04 12:00:00;172602N232;1288;5.567;36;223;222;226;223;1.953;50.01;428.7;1.496;419.7;1.537;0.0;0.000;60;0;0;1.884;2.003;1.972;410;445;432;50.01;50.01;50.01;7245;1000;0.0;0;1.0000;0;0
600;2015-05-04 12:10:00;172602N232;1564;5.828;36;224;223;226;223;2.345;49.99;426.8;1.826;421.1;1.862;0.0;0.000;60;0;0;2.277;2.396;2.363;502;538;523;49.99;49.99;49.99;7245;1000;0.0;0;1.0000;0;0
600;2015-05-04 12:20:00;172602N232;814;5.964;36;223;223;224;222;1.258;50.01;422.4;0.951;413.0;0.982;0.0;0.000;60;0;0;1.208;1.290;1.276;258;280;274;50.01;50.01;50.01;7245;1000;0.0;0;1.0000;0;0
600;2015-05-04 12:30:00;172602N232;2343;6.355;36;224;223;227;223;3.496;50.02;434.4;2.703;425.1;2.789;0.0;0.000;60;0;0;3.433;3.562;3.495;763;804;774;50.02;50.02;50.02;7245;1000;0.0;0;1.0000;0;0
600;2015-05-04 12:40:00;172602N232;2767;6.816;36;225;223;228;223;4.111;50.00;424.8;3.289;418.3;3.341;0.0;0.000;60;0;0;4.034;4.199;4.100;898;955;911;50.00;50.00;50.00;7245;1000;0.0;0;1.0000;0;0
600;2015-05-04 12:50:00;172602N232;2949;7.307;37;224;223;228;222;4.385;50.00;415.8;3.589;410.9;3.625;0.0;0.000;60;0;0;4.312;4.489;4.354;962;1021;965;50.00;50.00;50.00;7245;1000;0.0;0;1.0000;0;0
600;2015-05-04 13:00:00;172602N232;2325;7.695;37;224;224;226;221;3.470;50.01;411.3;2.857;407.1;2.880;0.0;0.000;60;0;0;3.415;3.547;3.448;761;801;761;50.01;50.01;50.01;7245;1000;0.0;0;1.0000;0;0
600;2015-05-04 13:10:00;172602N232;2030;8.034;38;224;223;226;221;3.044;50.00;423.5;2.399;413.9;2.473;0.0;0.000;60;0;0;2.994;3.111;3.028;663;700;665;50.00;50.00;50.00;7245;1000;0.0;0;1.0000;0;0
600;2015-05-04 13:20:00;172602N232;1844;8.341;38;223;223;226;221;2.781;50.01;419.7;2.208;415.6;2.228;0.0;0.000;60;0;0;2.731;2.839;2.774;601;635;607;50.01;50.01;50.01;7245;1000;0.0;0;1.0000;0;0
600;2015-05-04 13:30:00;172602N232;1794;8.640;38;223;222;226;222;2.726;50.01;422.8;2.124;416.0;2.169;0.0;0.000;60;0;0;2.670;2.767;2.743;577;615;598;50.01;50.01;50.01;7245;1000;0.0;0;1.0000;0;0
600;2015-05-04 13:40:00;172602N232;3095;9.157;38;225;222;229;223;4.598;49.99;414.8;3.774;410.1;3.818;0.0;0.000;60;0;0;4.489;4.719;4.588;994;1079;1020;49.99;49.99;49.99;7245;1000;0.0;0;1.0000;0;0
600;2015-05-04 13:50:00;172602N232;2783;9.621;38;224;223;227;222;4.154;50.00;411.3;3.404;406.4;3.473;0.0;0.000;60;0;0;4.077;4.261;4.126;905;965;911;50.00;50.00;50.00;7245;1000;0.0;0;1.0000;0;0
600;2015-05-04 14:00:00;172602N232;2806;10.088;39;224;225;228;221;4.183;50.01;410.9;3.460;405.8;3.484;0.0;0.000;60;0;0;4.145;4.283;4.121;926;973;905;50.01;50.01;50.01;7245;1000;0.0;0;1.0000;0;0
600;2015-05-04 14:10:00;172602N232;2153;10.447;39;223;224;226;220;3.226;50.00;410.0;2.637;405.4;2.690;0.0;0.000;60;0;0;3.198;3.303;3.178;712;744;695;50.00;50.00;50.00;7245;1000;0.0;0;1.0000;0;0
600;2015-05-04 14:20:00;172602N232;2221;10.818;39;223;224;226;221;3.325;50.01;416.3;2.662;411.9;2.699;0.0;0.000;60;0;0;3.285;3.401;3.289;731;767;722;50.01;50.01;50.01;7245;1000;0.0;0;1.0000;0;0
600;2015-05-04 14:30:00;172602N232;1862;11.128;39;224;224;225;221;2.793;50.01;414.4;2.239;409.6;2.306;0.0;0.000;60;0;0;2.753;2.848;2.779;612;637;611;50.01;50.01;50.01;7245;1000;0.0;0;1.0000;0;0
600;2015-05-04 14:40:00;172602N232;1675;11.408;39;224;224;227;222;2.521;49.99;416.4;1.991;412.3;2.065;0.0;0.000;60;0;0;2.480;2.581;2.503;546;577;548;49.99;49.99;49.99;7245;1000;0.0;0;1.0000;0;0
600;2015-05-04 14:50:00;172602N232;3380;11.969;39;226;226;230;221;4.995;49.99;413.8;4.120;408.3;4.201;0.0;0.000;60;0;0;4.950;5.140;4.895;1116;1178;1082;49.99;49.99;49.99;7245;1000;0.0;0;1.0000;0;0
600;2015-05-04 15:00:00;172602N232;3566;12.565;39;226;227;229;223;5.258;49.99;412.7;4.356;404.6;4.468;0.0;0.000;60;0;0;5.229;5.382;5.163;1184;1233;1147;49.99;49.99;49.99;7245;1000;0.0;0;1.0000;0;0
600;2015-05-04 15:10:00;172602N232;2565;12.992;40;225;226;227;224;3.808;49.99;410.0;3.166;399.1;3.253;0.0;0.000;60;0;0;3.773;3.869;3.782;847;876;840;49.99;49.99;49.99;7245;1000;0.0;0;1.0000;0;0
600;2015-05-04 15:20:00;172602N232;1009;13.161;40;224;223;226;223;1.535;49.98;401.9;1.241;403.4;1.258;0.0;0.000;60;0;0;1.480;1.575;1.551;321;349;337;49.98;49.98;49.98;7245;1000;0.0;0;1.0000;0;0
600;2015-05-04 15:30:00;172602N232;799;13.294;40;224;224;224;223;1.300;50.00;412.1;0.959;406.7;0.976;0.0;0.000;60;0;0;1.275;1.323;1.302;255;275;267;50.00;50.00;50.00;7245;1000;0.0;0;1.0000;0;0
600;2015-05-04 15:40:00;172602N232;882;13.441;39;222;223;223;221;1.367;50.00;411.8;1.055;410.5;1.071;0.0;0.000;60;0;0;1.331;1.396;1.375;283;302;294;50.00;50.00;50.00;7245;1000;0.0;0;1.0000;0;0
600;2015-05-04 15:50:00;172602N232;1795;13.741;39;223;224;223;223;2.695;49.99;429.2;2.086;417.4;2.177;0.0;0.000;60;0;0;2.658;2.726;2.701;591;605;597;49.99;49.99;49.99;7245;1000;0.0;0;1.0000;0;0
600;2015-05-04 16:00:00;172602N232;1798;14.041;39;223;224;225;221;2.696;49.99;425.6;2.100;413.1;2.208;0.0;0.000;60;0;0;2.658;2.747;2.684;591;614;590;49.99;49.99;49.99;7245;1000;0.0;0;1.0000;0;0
600;2015-05-04 16:10:00;172602N232;1621;14.311;39;224;224;225;222;2.436;49.99;422.1;1.915;411.9;1.988;0.0;0.000;60;0;0;2.400;2.476;2.434;532;552;535;49.99;49.99;49.99;7245;1000;0.0;0;1.0000;0;0
600;2015-05-04 16:20:00;172602N232;1065;14.489;39;222;224;223;220;1.694;49.99;411.7;1.284;410.1;1.304;0.0;0.000;60;0;0;1.685;1.711;1.686;345;365;354;49.99;49.99;49.99;7245;1000;0.0;0;1.0000;0;0
600;2015-05-04 16:30:00;172602N232;986;14.652;39;222;224;224;218;1.545;50.00;414.7;1.176;411.5;1.202;0.0;0.000;60;0;0;1.519;1.595;1.522;319;345;320;50.00;50.00;50.00;7245;1000;0.0;0;1.0000;0;0
600;2015-05-04 16:40:00;172602N232;1659;14.930;39;223;225;224;220;2.513;50.01;413.3;1.979;414.9;2.039;0.0;0.000;60;0;0;2.492;2.556;2.493;550;567;541;50.01;50.01;50.01;7245;1000;0.0;0;1.0000;0;0
600;2015-05-04 16:50:00;172602N232;1494;15.179;39;222;223;224;220;2.288;49.99;409.5;1.799;411.1;1.853;0.0;0.000;60;0;0;2.248;2.327;2.289;486;512;494;49.99;49.99;49.99;7245;1000;0.0;0;1.0000;0;0
600;2015-05-04 17:00:00;172602N232;1714;15.465;39;222;222;224;220;2.594;49.99;405.5;2.089;411.4;2.125;0.0;0.000;60;0;0;2.556;2.641;2.585;561;589;563;49.99;49.99;49.99;7245;1000;0.0;0;1.0000;0;0
600;2015-05-04 17:10:00;172602N232;1507;15.715;39;222;223;222;221;2.290;50.00;406.9;1.825;409.6;1.874;0.0;0.000;60;0;0;2.267;2.314;2.291;497;508;500;50.00;50.00;50.00;7245;1000;0.0;0;1.0000;0;0
600;2015-05-04 17:20:00;172602N232;812;15.852;39;221;223;220;219;1.264;49.99;402.3;0.985;404.9;1.011;0.0;0.000;60;0;0;1.239;1.284;1.269;265;274;270;49.99;49.99;49.99;7245;1000;0.0;0;1.0000;0;0
600;2015-05-04 17:30:00;172602N232;557;15.945;39;221;222;221;220;0.979;49.99;408.2;0.665;406.3;0.679;0.0;0.000;60;0;0;0.955;1.010;0.972;173;194;187;49.99;49.99;49.99;7245;1000;0.0;0;1.0000;0;0
600;2015-05-04 17:40:00;172602N232;841;16.085;38;222;223;222;221;1.341;50.01;411.2;1.001;412.2;1.031;0.0;0.000;60;0;0;1.313;1.367;1.344;270;288;282;50.01;50.01;50.01;7245;1000;0.0;0;1.0000;0;0
600;2015-05-04 17:50:00;172602N232;926;16.240;38;223;224;223;221;1.433;50.00;403.6;1.119;410.5;1.149;0.0;0.000;60;0;0;1.399;1.463;1.439;299;317;308;50.00;50.00;50.00;7245;1000;0.0;0;1.0000;0;0
600;2015-05-04 18:00:00;172602N232;1608;16.507;38;223;223;224;221;2.441;49.97;399.8;1.998;410.4;1.997;0.0;0.000;60;0;0;2.413;2.484;2.428;529;549;528;49.97;49.97;49.97;7245;1000;0.0;0;1.0000;0;0
600;2015-05-04 18:10:00;172602N232;1806;16.809;38;223;223;225;220;2.730;49.99;393.2;2.282;404.3;2.279;0.0;0.000;60;0;0;2.707;2.783;2.702;596;620;588;49.99;49.99;49.99;7245;1000;0.0;0;1.0000;0;0
600;2015-05-04 18:20:00;172602N232;1520;17.063;38;223;221;227;220;2.321;49.98;389.2;1.912;402.7;1.940;0.0;0.000;60;0;0;2.268;2.401;2.294;491;532;495;49.98;49.98;49.98;7245;1000;0.0;0;1.0000;0;0
600;2015-05-04 18:30:00;172602N232;1080;17.243;38;223;222;226;222;1.821;49.99;380.9;1.371;402.0;1.379;0.0;0.000;60;0;0;1.762;1.918;1.784;347;372;359;49.99;49.99;49.99;7245;1000;0.0;0;1.0000;0;0
600;2015-05-04 18:40:00;172602N232;1275;17.456;38;224;222;227;221;1.947;50.01;382.4;1.626;404.2;1.631;0.0;0.000;60;0;0;1.880;2.018;1.943;406;446;422;50.01;50.01;50.01;7245;1000;0.0;0;1.0000;0;0
600;2015-05-04 18:50:00;172602N232;565;17.549;38;223;222;226;221;1.318;50.00;377.5;0.714;398.7;0.718;0.0;0.000;60;0;0;1.295;1.476;1.183;180;190;193;50.00;50.00;50.00;7245;1000;0.0;0;1.0000;0;0
600;2015-05-04 19:00:00;172602N232;1047;17.724;38;223;223;226;219;1.615;50.00;373.8;1.346;405.5;1.344;0.0;0.000;60;0;0;1.576;1.673;1.597;338;368;339;50.00;50.00;50.00;7245;1000;0.0;0;1.0000;0;0
600;2015-05-04 19:10:00;172602N232;778;17.855;38;222;222;225;220;1.199;49.99;379.2;0.932;403.7;1.047;0.0;0.000;60;0;0;1.148;1.245;1.204;247;273;257;49.99;49.99;49.99;7245;1000;0.0;0;1.0000;0;0
600;2015-05-04 19:20:00;172602N232;652;17.963;38;223;222;224;221;1.046;49.99;370.5;0.803;393.9;0.890;0.0;0.000;60;0;0;1.004;1.088;1.047;204;229;217;49.99;49.99;49.99;7245;1000;0.0;0;1.0000;0;0
600;2015-05-04 19:30:00;172602N232;219;17.999;38;222;223;223;220;1.080;50.00;376.4;0.266;392.1;0.273;0.0;0.000;60;0;0;1.403;1.010;0.829;39;92;87;50.00;50.00;50.00;7245;1000;0.0;0;1.0000;0;0
600;2015-05-04 19:40:00;172602N232;190;18.031;37;223;224;224;220;1.025;50.01;378.1;0.224;391.3;0.234;0.0;0.000;60;0;0;1.346;0.935;0.796;25;84;83;50.01;50.01;50.01;7245;1000;0.0;0;1.0000;0;0
600;2015-05-04 19:50:00;172602N232;122;18.052;37;223;224;224;221;0.951;50.01;365.0;0.142;386.2;0.149;0.0;0.000;60;0;0;1.370;0.760;0.724;2;58;65;50.01;50.01;50.01;7245;1000;0.0;0;1.0000;0;0
600;2015-05-04 20:00:00;172602N232;119;18.073;37;223;224;224;221;0.936;50.01;369.3;0.136;388.2;0.145;0.0;0.000;60;0;0;1.332;0.754;0.722;1;56;63;50.01;50.01;50.01;7245;1000;0.0;0;1.0000;0;0
600;2015-05-04 20:10:00;172602N232;75;18.085;36;223;224;225;221;0.826;49.99;358.1;0.081;377.1;0.087;0.0;0.000;60;0;0;1.043;0.806;0.631;3;29;49;49.99;49.99;49.99;7245;1000;0.0;0;1.0000;0;0
600;2015-05-04 20:20:00;172602N232;35;18.091;36;223;223;225;221;0.554;50.01;318.8;0.029;346.5;0.036;0.0;0.000;60;0;0;0.581;0.680;0.401;7;3;29;50.01;50.01;50.01;7245;1000;0.0;0;1.0000;0;0
600;2015-05-04 20:30:00;172602N232;2;18.092;35;223;224;225;221;0.112;50.02;252.0;0.000;252.9;0.000;0.0;0.000;60;0;0;0.142;0.104;0.092;0;3;5;50.02;50.02;50.02;7245;1000;0.0;0;1.0000;0;0
600;2015-05-04 20:40:00;172602N232;0;18.092;34;223;223;227;221;0.000;49.99;280.6;0.000;280.2;0.000;0.0;0.000;51;0;0;0.000;0.000;0.000;0;0;0;49.99;49.99;49.99;5247;1000;0.0;0;1.0000;0;0
600;2015-05-04 20:50:00;172602N232;0;18.092;33;223;223;226;221;0.000;50.00;230.3;0.000;231.3;0.000;0.0;0.000;51;0;0;0.000;0.000;0.000;0;0;0;50.00;50.00;50.00;5068;1000;0.0;0;1.0000;0;0
600;2015-05-04 21:00:00;172602N232;0;18.092;33;223;223;226;220;0.000;50.02;227.6;0.000;228.5;0.000;0.0;0.000;51;0;0;0.000;0.000;0.000;0;0;0;50.02;50.02;50.02;5068;1000;0.0;0;1.0000;0;0
[wr_ende]
