20121203;230003;172602N232;My Plant;+0100
[wr_def_start]
172602N232;Inverter Type;Inverter Group;72602N232      
[wr_def_end]
[wr]
INTERVAL;TIMESTAMP;SERIAL;P_AC;E_DAY;T_WR;U_AC;U_AC_1;U_AC_2;U_AC_3;I_AC;F_AC;U_DC_1;I_DC_1;U_DC_2;I_DC_2;U_DC_3;I_DC_3;S;E_WR;M_WR;I_AC_1;I_AC_2;I_AC_3;P_AC_1;P_AC_2;P_AC_3;F_AC_1;F_AC_2;F_AC_3;R_DC;PC;PCS;PCS_LL;COS_PHI;COS_PHI_LL;S_COS_PHI
600;2012-12-03 08:20:00;172602N232;0;0.000;0;0;0;0;0;0.000;0.19;0.8;0.000;0.8;0.000;0.0;0.000;50;0;0;0.000;0.000;0.000;0;0;0;0.19;0.19;0.19;11;1000;0.0;0;1.0000;0;0
600;2012-12-03 08:30:00;172602N232;0;0.000;9;221;222;224;218;0.000;49.99;227.3;0.000;228.3;0.000;0.0;0.000;50;0;0;0.000;0.000;0.000;0;0;0;49.99;49.99;49.99;0;1000;0.0;0;1.0000;0;0
600;2012-12-03 08:40:00;172602N232;0;0.000;11;221;222;223;218;0.000;49.99;226.9;0.000;227.9;0.000;0.0;0.000;50;0;0;0.000;0.000;0.000;0;0;0;49.99;49.99;49.99;0;1000;0.0;0;1.0000;0;0
600;2012-12-03 08:50:00;172602N232;0;0.000;12;222;223;224;219;0.000;50.00;230.7;0.000;231.6;0.000;0.0;0.000;50;0;0;0.000;0.000;0.000;0;0;0;50.00;50.00;50.00;0;1000;0.0;0;1.0000;0;0
600;2012-12-03 09:00:00;172602N232;0;0.000;13;222;224;224;218;0.000;50.01;234.0;0.000;235.0;0.000;0.0;0.000;50;0;0;0.000;0.000;0.000;0;0;0;50.01;50.01;50.01;0;1000;0.0;0;1.0000;0;0
600;2012-12-03 09:10:00;172602N232;0;0.000;13;221;223;224;218;0.000;50.02;232.7;0.000;233.6;0.000;0.0;0.000;50;0;0;0.000;0.000;0.000;0;0;0;50.02;50.02;50.02;0;1000;0.0;0;1.0000;0;0
600;2012-12-03 09:20:00;172602N232;0;0.000;13;222;222;224;219;0.000;50.00;232.8;0.000;233.7;0.000;0.0;0.000;50;0;0;0.000;0.000;0.000;0;0;0;50.00;50.00;50.00;0;1000;0.0;0;1.0000;0;0
600;2012-12-03 09:30:00;172602N232;0;0.000;13;221;222;224;218;0.000;50.00;242.7;0.000;243.6;0.000;0.0;0.000;50;0;0;0.000;0.000;0.000;0;0;0;50.00;50.00;50.00;0;1000;0.0;0;1.0000;0;0
600;2012-12-03 09:40:00;172602N232;0;0.000;13;222;222;225;218;0.000;50.00;288.2;0.000;288.7;0.000;0.0;0.000;50;0;0;0.000;0.000;0.000;0;0;0;50.00;50.00;50.00;0;1000;0.0;0;1.0000;0;0
600;2012-12-03 09:50:00;172602N232;0;0.000;13;221;221;223;220;0.001;50.01;297.0;0.000;298.0;0.000;0.0;0.000;60;0;0;0.003;0.001;0.001;0;0;0;50.01;50.01;50.01;5792;1000;0.0;0;1.0000;0;0
600;2012-12-03 10:00:00;172602N232;0;0.000;14;221;221;223;219;0.000;50.00;288.5;0.000;289.1;0.000;0.0;0.000;51;0;0;0.000;0.000;0.000;0;0;0;50.00;50.00;50.00;7077;1000;0.0;0;1.0000;0;0
600;2012-12-03 10:10:00;172602N232;6;0.002;14;221;221;222;220;0.164;50.00;279.9;0.001;290.7;0.004;0.0;0.000;60;0;0;0.177;0.168;0.148;0;6;8;50.00;50.00;50.00;7456;1000;0.0;0;1.0000;0;0
600;2012-12-03 10:20:00;172602N232;30;0.008;14;221;221;220;221;0.449;50.00;351.8;0.023;347.4;0.028;0.0;0.000;60;0;0;0.554;0.402;0.393;0;22;16;50.00;50.00;50.00;7456;1000;0.0;0;1.0000;0;0
600;2012-12-03 10:30:00;172602N232;18;0.011;15;221;221;221;221;0.362;50.00;314.6;0.010;321.5;0.015;0.0;0.000;60;0;0;0.408;0.341;0.338;4;13;7;50.00;50.00;50.00;7456;1000;0.0;0;1.0000;0;0
600;2012-12-03 10:40:00;172602N232;3;0.012;15;220;220;221;220;0.161;50.01;253.0;0.000;265.4;0.001;0.0;0.000;60;0;0;0.178;0.193;0.112;1;3;4;50.01;50.01;50.01;7456;1000;0.0;0;1.0000;0;0
600;2012-12-03 10:50:00;172602N232;15;0.015;15;220;221;219;221;0.286;50.01;288.6;0.009;306.9;0.014;0.0;0.000;60;0;0;0.313;0.247;0.300;4;14;2;50.01;50.01;50.01;7456;1000;0.0;0;1.0000;0;0
600;2012-12-03 11:00:00;172602N232;131;0.035;16;221;221;221;222;0.882;50.03;408.2;0.135;418.1;0.151;0.0;0.000;60;0;0;0.857;0.920;0.869;26;63;41;50.03;50.03;50.03;7456;1000;0.0;0;1.0000;0;0
600;2012-12-03 11:10:00;172602N232;166;0.062;17;221;221;223;219;0.980;50.02;413.8;0.174;421.1;0.194;0.0;0.000;60;0;0;1.205;0.957;0.778;34;55;75;50.02;50.02;50.02;7456;1000;0.0;0;1.0000;0;0
600;2012-12-03 11:20:00;172602N232;105;0.079;17;221;221;222;220;0.922;50.00;401.0;0.106;408.0;0.122;0.0;0.000;60;0;0;1.100;0.938;0.729;16;34;53;50.00;50.00;50.00;7456;1000;0.0;0;1.0000;0;0
600;2012-12-03 11:30:00;172602N232;62;0.089;18;221;222;222;220;0.756;50.00;384.8;0.056;396.1;0.069;0.0;0.000;60;0;0;0.995;0.710;0.563;0;32;41;50.00;50.00;50.00;7456;1000;0.0;0;1.0000;0;0
600;2012-12-03 11:40:00;172602N232;34;0.096;18;222;223;223;219;0.468;50.01;347.8;0.022;370.4;0.034;0.0;0.000;60;0;0;0.588;0.472;0.345;0;21;24;50.01;50.01;50.01;7456;1000;0.0;0;1.0000;0;0
600;2012-12-03 11:50:00;172602N232;8;0.097;18;222;222;223;222;0.212;50.01;268.8;0.000;313.3;0.005;0.0;0.000;60;0;0;0.270;0.215;0.152;1;6;6;50.01;50.01;50.01;7456;1000;0.0;0;1.0000;0;0
600;2012-12-03 12:00:00;172602N232;6;0.100;18;222;222;224;222;0.243;49.99;258.3;0.000;303.7;0.002;0.0;0.000;60;0;0;0.263;0.297;0.170;3;1;7;49.99;49.99;49.99;7456;1000;0.0;0;1.0000;0;0
600;2012-12-03 12:10:00;172602N232;18;0.102;19;224;223;225;223;0.392;49.98;312.8;0.006;349.4;0.015;0.0;0.000;60;0;0;0.383;0.496;0.297;9;0;17;49.98;49.98;49.98;7456;1000;0.0;0;1.0000;0;0
600;2012-12-03 12:20:00;172602N232;16;0.105;19;223;223;224;222;0.409;50.00;303.1;0.003;347.4;0.013;0.0;0.000;60;0;0;0.498;0.453;0.277;2;4;17;50.00;50.00;50.00;7456;1000;0.0;0;1.0000;0;0
600;2012-12-03 12:30:00;172602N232;38;0.112;19;223;223;224;222;0.554;50.01;358.9;0.027;377.6;0.040;0.0;0.000;60;0;0;0.703;0.575;0.386;2;16;25;50.01;50.01;50.01;7456;1000;0.0;0;1.0000;0;0
600;2012-12-03 12:40:00;172602N232;74;0.125;19;223;223;223;222;0.772;50.00;385.7;0.070;397.7;0.086;0.0;0.000;60;0;0;0.995;0.706;0.615;3;36;38;50.00;50.00;50.00;7456;1000;0.0;0;1.0000;0;0
600;2012-12-03 12:50:00;172602N232;50;0.133;19;223;223;223;222;0.582;50.01;374.7;0.041;389.4;0.055;0.0;0.000;60;0;0;0.775;0.524;0.449;0;30;25;50.01;50.01;50.01;7456;1000;0.0;0;1.0000;0;0
600;2012-12-03 13:00:00;172602N232;62;0.144;19;223;223;224;222;0.876;50.00;388.4;0.057;401.9;0.072;0.0;0.000;60;0;0;0.962;0.996;0.672;1;14;48;50.00;50.00;50.00;7456;1000;0.0;0;1.0000;0;0
600;2012-12-03 13:10:00;172602N232;41;0.151;19;222;224;222;221;0.608;50.01;367.1;0.030;386.9;0.043;0.0;0.000;60;0;0;0.813;0.554;0.459;0;25;30;50.01;50.01;50.01;7456;1000;0.0;0;1.0000;0;0
600;2012-12-03 13:20:00;172602N232;23;0.156;19;222;223;221;222;0.404;50.01;336.8;0.009;367.2;0.020;0.0;0.000;60;0;0;0.524;0.298;0.392;0;20;16;50.01;50.01;50.01;7456;1000;0.0;0;1.0000;0;0
600;2012-12-03 13:30:00;172602N232;46;0.163;20;222;223;221;222;0.585;49.98;371.2;0.035;391.6;0.048;0.0;0.000;60;0;0;0.811;0.449;0.495;0;33;25;49.98;49.98;49.98;7456;1000;0.0;0;1.0000;0;0
600;2012-12-03 13:40:00;172602N232;45;0.170;20;222;223;222;222;0.601;49.99;377.0;0.033;395.9;0.047;0.0;0.000;60;0;0;0.738;0.578;0.488;3;24;24;49.99;49.99;49.99;7456;1000;0.0;0;1.0000;0;0
600;2012-12-03 13:50:00;172602N232;34;0.178;20;222;221;222;223;0.474;50.00;364.1;0.019;386.1;0.031;0.0;0.000;60;0;0;0.416;0.494;0.512;13;18;6;50.00;50.00;50.00;7456;1000;0.0;0;1.0000;0;0
600;2012-12-03 14:00:00;172602N232;27;0.182;20;222;222;221;223;0.410;50.01;338.5;0.012;381.1;0.024;0.0;0.000;60;0;0;0.370;0.416;0.444;8;19;3;50.01;50.01;50.01;7456;1000;0.0;0;1.0000;0;0
600;2012-12-03 14:10:00;172602N232;19;0.186;20;223;222;223;223;0.381;50.01;313.5;0.005;373.6;0.016;0.0;0.000;60;0;0;0.342;0.433;0.368;8;8;8;50.01;50.01;50.01;7456;1000;0.0;0;1.0000;0;0
600;2012-12-03 14:20:00;172602N232;23;0.189;20;223;223;224;222;0.467;50.01;344.1;0.007;384.2;0.020;0.0;0.000;60;0;0;0.541;0.519;0.341;3;8;17;50.01;50.01;50.01;7456;1000;0.0;0;1.0000;0;0
600;2012-12-03 14:30:00;172602N232;18;0.192;20;222;222;224;222;0.409;49.98;309.4;0.003;378.9;0.014;0.0;0.000;60;0;0;0.444;0.498;0.285;7;4;16;49.98;49.98;49.98;7456;1000;0.0;0;1.0000;0;0
600;2012-12-03 14:40:00;172602N232;11;0.195;20;223;222;225;223;0.349;49.98;259.3;0.000;368.9;0.008;0.0;0.000;60;0;0;0.336;0.460;0.251;6;0;14;49.98;49.98;49.98;7456;1000;0.0;0;1.0000;0;0
600;2012-12-03 14:50:00;172602N232;10;0.196;20;223;223;224;223;0.320;49.99;271.5;0.000;330.6;0.007;0.0;0.000;60;0;0;0.363;0.365;0.234;2;3;9;49.99;49.99;49.99;7456;1000;0.0;0;1.0000;0;0
600;2012-12-03 15:00:00;172602N232;12;0.199;20;223;224;224;223;0.298;50.01;272.1;0.000;350.9;0.009;0.0;0.000;60;0;0;0.352;0.309;0.235;0;8;10;50.01;50.01;50.01;7456;1000;0.0;0;1.0000;0;0
600;2012-12-03 15:10:00;172602N232;3;0.200;20;223;224;224;223;0.154;50.00;252.1;0.000;277.3;0.003;0.0;0.000;60;0;0;0.196;0.144;0.123;0;7;5;50.00;50.00;50.00;7456;1000;0.0;0;1.0000;0;0
600;2012-12-03 15:20:00;172602N232;0;0.200;19;224;224;226;222;0.000;50.00;304.5;0.000;307.6;0.000;0.0;0.000;51;0;0;0.000;0.000;0.000;0;0;0;50.00;50.00;50.00;6587;1000;0.0;0;1.0000;0;0
600;2012-12-03 15:30:00;172602N232;0;0.200;18;224;224;226;221;0.000;49.99;239.5;0.000;240.5;0.000;0.0;0.000;51;0;0;0.000;0.000;0.000;0;0;0;49.99;49.99;49.99;6122;1000;0.0;0;1.0000;0;0
600;2012-12-03 15:40:00;172602N232;0;0.200;18;222;223;224;221;0.000;49.99;227.3;0.000;228.2;0.000;0.0;0.000;51;0;0;0.000;0.000;0.000;0;0;0;49.99;49.99;49.99;6122;1000;0.0;0;1.0000;0;0
600;2012-12-03 15:50:00;172602N232;0;0.200;17;222;222;225;220;0.000;49.98;229.9;0.000;230.8;0.000;0.0;0.000;51;0;0;0.000;0.000;0.000;0;0;0;49.98;49.98;49.98;6122;1000;0.0;0;1.0000;0;0
600;2012-12-03 16:00:00;172602N232;0;0.200;17;222;223;223;219;0.000;50.01;227.1;0.000;228.0;0.000;0.0;0.000;51;0;0;0.000;0.000;0.000;0;0;0;50.01;50.01;50.01;6122;1000;0.0;0;1.0000;0;0
600;2012-12-03 16:10:00;172602N232;0;0.200;17;221;222;222;219;0.000;50.01;228.2;0.000;229.1;0.000;0.0;0.000;80;0;0;0.000;0.000;0.000;0;0;0;50.01;50.01;50.01;6122;1000;0.0;0;1.0000;0;0
[wr_ende]
