20160102;230000;172602N232;My Plant;+0100
[wr_def_start]
172602N232;Inverter Type;Inverter Group;72602N232      
[wr_def_end]
[wr]
INTERVAL;TIMESTAMP;SERIAL;P_AC;E_DAY;T_WR;U_AC;U_AC_1;U_AC_2;U_AC_3;I_AC;F_AC;U_DC_1;I_DC_1;U_DC_2;I_DC_2;U_DC_3;I_DC_3;S;E_WR;M_WR;I_AC_1;I_AC_2;I_AC_3;P_AC_1;P_AC_2;P_AC_3;F_AC_1;F_AC_2;F_AC_3;R_DC;PC;PCS;PCS_LL;COS_PHI;COS_PHI_LL;S_COS_PHI
600;2016-01-02 07:50:00;172602N232;0;0.000;0;1;1;1;1;0.000;0.42;1.8;0.000;1.8;0.000;0.0;0.000;50;0;0;0.000;0.000;0.000;0;0;0;0.42;0.42;0.42;39;1000;0.0;0;1.0000;0;0
600;2016-01-02 08:00:00;172602N232;0;0.000;13;225;225;230;220;0.000;50.00;227.9;0.000;228.9;0.000;0.0;0.000;50;0;0;0.000;0.000;0.000;0;0;0;50.00;50.00;50.00;0;1000;0.0;0;1.0000;0;0
600;2016-01-02 08:10:00;172602N232;0;0.000;16;225;225;228;221;0.000;50.01;230.7;0.000;231.6;0.000;0.0;0.000;50;0;0;0.000;0.000;0.000;0;0;0;50.01;50.01;50.01;0;1000;0.0;0;1.0000;0;0
600;2016-01-02 08:20:00;172602N232;0;0.000;17;225;225;227;222;0.000;50.00;234.3;0.000;235.3;0.000;0.0;0.000;50;0;0;0.000;0.000;0.000;0;0;0;50.00;50.00;50.00;0;1000;0.0;0;1.0000;0;0
600;2016-01-02 08:30:00;172602N232;0;0.000;17;225;225;228;222;0.000;49.99;234.7;0.000;235.6;0.000;0.0;0.000;50;0;0;0.000;0.000;0.000;0;0;0;49.99;49.99;49.99;0;1000;0.0;0;1.0000;0;0
600;2016-01-02 08:40:00;172602N232;0;0.000;17;225;225;228;222;0.000;49.99;254.5;0.000;254.7;0.000;0.0;0.000;50;0;0;0.000;0.000;0.000;0;0;0;49.99;49.99;49.99;0;1000;0.0;0;1.0000;0;0
600;2016-01-02 08:50:00;172602N232;0;0.000;17;225;225;228;222;0.000;50.00;255.7;0.000;256.3;0.000;0.0;0.000;50;0;0;0.000;0.000;0.000;0;0;0;50.00;50.00;50.00;0;1000;0.0;0;1.0000;0;0
600;2016-01-02 09:00:00;172602N232;0;0.000;18;224;225;227;221;0.001;49.99;294.9;0.000;294.1;0.000;0.0;0.000;51;0;0;0.002;0.001;0.001;0;0;0;49.99;49.99;49.99;5380;1000;0.0;0;1.0000;0;0
600;2016-01-02 09:10:00;172602N232;0;0.000;18;224;225;226;221;0.008;49.98;281.0;0.000;280.3;0.000;0.0;0.000;60;0;0;0.011;0.007;0.007;0;0;0;49.98;49.98;49.98;5258;1000;0.0;0;1.0000;0;0
600;2016-01-02 09:20:00;172602N232;3;0.001;18;224;225;225;222;0.119;49.99;253.7;0.000;255.8;0.000;0.0;0.000;60;0;0;0.161;0.102;0.095;0;4;5;49.99;49.99;49.99;5576;1000;0.0;0;1.0000;0;0
600;2016-01-02 09:30:00;172602N232;12;0.004;19;223;224;225;221;0.297;49.99;289.7;0.003;293.2;0.007;0.0;0.000;60;0;0;0.366;0.320;0.207;3;6;13;49.99;49.99;49.99;5576;1000;0.0;0;1.0000;0;0
600;2016-01-02 09:40:00;172602N232;22;0.006;19;223;222;225;222;0.419;49.99;324.4;0.014;328.8;0.017;0.0;0.000;60;0;0;0.357;0.594;0.308;12;1;16;49.99;49.99;49.99;5576;1000;0.0;0;1.0000;0;0
600;2016-01-02 09:50:00;172602N232;48;0.014;19;223;222;225;223;0.625;49.98;373.0;0.044;378.1;0.045;0.0;0.000;60;0;0;0.602;0.824;0.450;23;3;28;49.98;49.98;49.98;5576;1000;0.0;0;1.0000;0;0
600;2016-01-02 10:00:00;172602N232;58;0.023;19;222;223;223;220;0.742;49.99;379.6;0.058;386.4;0.058;0.0;0.000;60;0;0;1.015;0.668;0.544;0;32;38;49.99;49.99;49.99;5576;1000;0.0;0;1.0000;0;0
600;2016-01-02 10:10:00;172602N232;86;0.039;20;222;223;222;220;0.894;50.00;397.3;0.091;396.3;0.091;0.0;0.000;60;0;0;1.284;0.741;0.657;0;47;52;50.00;50.00;50.00;5576;1000;0.0;0;1.0000;0;0
600;2016-01-02 10:20:00;172602N232;85;0.055;20;222;224;223;219;0.878;49.99;397.9;0.090;396.1;0.089;0.0;0.000;60;0;0;1.198;0.792;0.645;0;39;55;49.99;49.99;49.99;5576;1000;0.0;0;1.0000;0;0
600;2016-01-02 10:30:00;172602N232;77;0.072;20;222;224;224;218;0.909;49.99;394.2;0.081;393.6;0.081;0.0;0.000;60;0;0;1.364;0.710;0.655;0;46;53;49.99;49.99;49.99;5576;1000;0.0;0;1.0000;0;0
600;2016-01-02 10:40:00;172602N232;72;0.088;20;222;223;223;219;0.852;49.98;391.0;0.075;391.8;0.075;0.0;0.000;60;0;0;1.181;0.722;0.654;0;41;52;49.98;49.98;49.98;5576;1000;0.0;0;1.0000;0;0
600;2016-01-02 10:50:00;172602N232;59;0.101;21;221;222;222;219;0.770;49.99;383.0;0.059;386.0;0.059;0.0;0.000;60;0;0;1.078;0.663;0.571;0;36;42;49.99;49.99;49.99;5576;1000;0.0;0;1.0000;0;0
600;2016-01-02 11:00:00;172602N232;67;0.114;21;221;222;222;219;0.827;49.99;391.1;0.068;389.7;0.069;0.0;0.000;60;0;0;1.067;0.802;0.613;1;29;46;49.99;49.99;49.99;5576;1000;0.0;0;1.0000;0;0
600;2016-01-02 11:10:00;172602N232;85;0.130;21;221;222;222;220;0.945;49.99;400.5;0.090;395.9;0.091;0.0;0.000;60;0;0;1.303;0.822;0.712;1;43;53;49.99;49.99;49.99;5576;1000;0.0;0;1.0000;0;0
600;2016-01-02 11:20:00;172602N232;106;0.150;21;221;222;222;219;0.965;49.99;408.4;0.114;401.2;0.115;0.0;0.000;60;0;0;1.399;0.774;0.722;0;55;60;49.99;49.99;49.99;5576;1000;0.0;0;1.0000;0;0
600;2016-01-02 11:30:00;172602N232;98;0.165;22;221;221;223;218;0.915;49.98;402.9;0.105;399.0;0.105;0.0;0.000;60;0;0;1.164;0.896;0.686;9;34;58;49.98;49.98;49.98;5576;1000;0.0;0;1.0000;0;0
600;2016-01-02 11:40:00;172602N232;76;0.178;22;221;222;223;218;0.794;49.99;391.6;0.078;393.2;0.079;0.0;0.000;60;0;0;0.999;0.810;0.574;2;29;47;49.99;49.99;49.99;5576;1000;0.0;0;1.0000;0;0
600;2016-01-02 11:50:00;172602N232;81;0.195;22;221;222;222;219;0.954;50.00;398.9;0.085;396.3;0.086;0.0;0.000;60;0;0;1.414;0.752;0.698;0;46;53;50.00;50.00;50.00;5576;1000;0.0;0;1.0000;0;0
600;2016-01-02 12:00:00;172602N232;103;0.216;22;222;223;222;219;1.001;49.98;406.7;0.110;400.9;0.111;0.0;0.000;60;0;0;1.512;0.772;0.720;0;55;63;49.98;49.98;49.98;5576;1000;0.0;0;1.0000;0;0
600;2016-01-02 12:10:00;172602N232;97;0.234;22;221;222;221;220;0.970;49.99;404.2;0.105;399.7;0.105;0.0;0.000;60;0;0;1.462;0.716;0.733;1;60;48;49.99;49.99;49.99;5576;1000;0.0;0;1.0000;0;0
600;2016-01-02 12:20:00;172602N232;136;0.252;22;222;222;223;221;0.994;50.00;417.2;0.147;407.7;0.148;0.0;0.000;60;0;0;1.271;0.934;0.777;21;58;56;50.00;50.00;50.00;5576;1000;0.0;0;1.0000;0;0
600;2016-01-02 12:30:00;172602N232;120;0.267;22;222;221;223;221;0.968;49.99;413.3;0.130;404.6;0.131;0.0;0.000;60;0;0;1.072;1.083;0.750;32;29;57;49.99;49.99;49.99;5576;1000;0.0;0;1.0000;0;0
600;2016-01-02 12:40:00;172602N232;138;0.284;23;221;220;223;221;0.973;50.00;414.8;0.151;407.6;0.151;0.0;0.000;60;0;0;1.083;1.079;0.757;38;39;60;50.00;50.00;50.00;5576;1000;0.0;0;1.0000;0;0
600;2016-01-02 12:50:00;172602N232;104;0.296;23;222;220;224;221;0.928;50.01;407.4;0.112;401.2;0.112;0.0;0.000;60;0;0;0.911;1.165;0.710;34;17;54;50.01;50.01;50.01;5576;1000;0.0;0;1.0000;0;0
600;2016-01-02 13:00:00;172602N232;94;0.309;23;221;219;224;220;0.904;50.00;402.4;0.100;398.7;0.100;0.0;0.000;60;0;0;0.689;1.357;0.668;44;0;58;50.00;50.00;50.00;5576;1000;0.0;0;1.0000;0;0
600;2016-01-02 13:10:00;172602N232;93;0.325;23;222;221;225;221;0.913;50.01;399.9;0.099;398.9;0.099;0.0;0.000;60;0;0;0.756;1.298;0.685;32;4;58;50.01;50.01;50.01;5576;1000;0.0;0;1.0000;0;0
600;2016-01-02 13:20:00;172602N232;76;0.338;23;222;222;224;221;0.910;50.00;397.2;0.078;394.1;0.079;0.0;0.000;60;0;0;0.904;1.124;0.703;13;10;53;50.00;50.00;50.00;5576;1000;0.0;0;1.0000;0;0
600;2016-01-02 13:30:00;172602N232;98;0.355;23;222;222;224;221;0.942;49.99;405.9;0.105;400.4;0.105;0.0;0.000;60;0;0;0.846;1.240;0.742;24;10;63;49.99;49.99;49.99;5576;1000;0.0;0;1.0000;0;0
600;2016-01-02 13:40:00;172602N232;67;0.366;23;221;221;223;220;0.873;49.99;391.2;0.069;392.4;0.069;0.0;0.000;60;0;0;0.867;1.081;0.671;9;6;52;49.99;49.99;49.99;5576;1000;0.0;0;1.0000;0;0
600;2016-01-02 13:50:00;172602N232;43;0.373;23;221;221;223;219;0.638;50.01;367.3;0.039;375.1;0.040;0.0;0.000;60;0;0;0.699;0.761;0.456;5;8;34;50.01;50.01;50.01;5576;1000;0.0;0;1.0000;0;0
600;2016-01-02 14:00:00;172602N232;29;0.378;23;222;222;223;220;0.471;49.99;345.8;0.021;340.7;0.024;0.0;0.000;60;0;0;0.543;0.520;0.351;2;9;26;49.99;49.99;49.99;5576;1000;0.0;0;1.0000;0;0
600;2016-01-02 14:10:00;172602N232;51;0.386;23;223;223;224;222;0.615;50.00;380.5;0.046;379.8;0.048;0.0;0.000;60;0;0;0.743;0.648;0.456;2;22;32;50.00;50.00;50.00;5576;1000;0.0;0;1.0000;0;0
600;2016-01-02 14:20:00;172602N232;28;0.392;23;224;223;225;223;0.464;50.01;340.9;0.021;344.0;0.023;0.0;0.000;60;0;0;0.481;0.575;0.338;7;12;22;50.01;50.01;50.01;5576;1000;0.0;0;1.0000;0;0
600;2016-01-02 14:30:00;172602N232;21;0.397;23;224;223;227;223;0.439;50.00;329.5;0.013;330.1;0.017;0.0;0.000;60;0;0;0.358;0.679;0.281;17;0;20;50.00;50.00;50.00;5576;1000;0.0;0;1.0000;0;0
600;2016-01-02 14:40:00;172602N232;12;0.398;23;224;223;226;223;0.351;50.00;296.0;0.006;279.5;0.010;0.0;0.000;60;0;0;0.319;0.511;0.225;9;0;14;50.00;50.00;50.00;5576;1000;0.0;0;1.0000;0;0
600;2016-01-02 14:50:00;172602N232;1;0.398;23;224;224;226;222;0.149;50.00;252.8;0.000;252.9;0.000;0.0;0.000;60;0;0;0.156;0.195;0.097;1;0;5;50.00;50.00;50.00;5576;1000;0.0;0;1.0000;0;0
600;2016-01-02 15:00:00;172602N232;0;0.399;22;224;225;226;223;0.036;50.00;264.2;0.000;263.9;0.000;0.0;0.000;50;0;0;0.032;0.054;0.024;0;0;1;50.00;50.00;50.00;5576;1000;0.0;0;1.0000;0;0
600;2016-01-02 15:10:00;172602N232;0;0.399;22;224;224;227;222;0.000;49.99;244.4;0.000;245.3;0.000;0.0;0.000;50;0;0;0.000;0.000;0.000;0;0;0;49.99;49.99;49.99;5576;1000;0.0;0;1.0000;0;0
600;2016-01-02 15:20:00;172602N232;0;0.399;21;224;224;226;222;0.000;49.99;233.6;0.000;234.6;0.000;0.0;0.000;50;0;0;0.000;0.000;0.000;0;0;0;49.99;49.99;49.99;5576;1000;0.0;0;1.0000;0;0
600;2016-01-02 15:30:00;172602N232;0;0.399;21;223;222;226;221;0.000;50.01;227.6;0.000;228.5;0.000;0.0;0.000;50;0;0;0.000;0.000;0.000;0;0;0;50.01;50.01;50.01;5576;1000;0.0;0;1.0000;0;0
600;2016-01-02 15:40:00;172602N232;0;0.399;21;224;222;227;222;0.000;50.00;227.7;0.000;228.7;0.000;0.0;0.000;50;0;0;0.000;0.000;0.000;0;0;0;50.00;50.00;50.00;5576;1000;0.0;0;1.0000;0;0
[wr_ende]
