20170629;230004;172602N232;My Plant;+0100
[wr_def_start]
172602N232;Inverter Type;Inverter Group;72602N232      
[wr_def_end]
[wr]
INTERVAL;TIMESTAMP;SERIAL;P_AC;E_DAY;T_WR;U_AC;U_AC_1;U_AC_2;U_AC_3;I_AC;F_AC;U_DC_1;I_DC_1;U_DC_2;I_DC_2;U_DC_3;I_DC_3;S;E_WR;M_WR;I_AC_1;I_AC_2;I_AC_3;P_AC_1;P_AC_2;P_AC_3;F_AC_1;F_AC_2;F_AC_3;R_DC;PC;PCS;PCS_LL;COS_PHI;COS_PHI_LL;S_COS_PHI
600;2017-06-29 03:40:00;172602N232;0;0.000;0;4;4;5;4;0.000;1.10;4.9;0.000;4.9;0.000;0.0;0.000;50;0;0;0.000;0.000;0.000;0;0;0;1.09;1.09;1.09;49;1000;0.0;0;1.0000;0;0
600;2017-06-29 03:50:00;172602N232;0;0.000;27;224;225;227;221;0.000;49.99;227.8;0.000;228.7;0.000;0.0;0.000;50;0;0;0.000;0.000;0.000;0;0;0;49.99;49.99;49.99;0;1000;0.0;0;1.0000;0;0
600;2017-06-29 04:00:00;172602N232;0;0.000;29;225;225;227;222;0.000;49.99;227.3;0.000;228.2;0.000;0.0;0.000;50;0;0;0.000;0.000;0.000;0;0;0;49.99;49.99;49.99;0;1000;0.0;0;1.0000;0;0
600;2017-06-29 04:10:00;172602N232;0;0.000;29;225;225;227;222;0.000;49.99;227.7;0.000;228.6;0.000;0.0;0.000;50;0;0;0.000;0.000;0.000;0;0;0;50.00;50.00;50.00;0;1000;0.0;0;1.0000;0;0
600;2017-06-29 04:20:00;172602N232;0;0.000;30;225;224;227;222;0.000;50.00;229.0;0.000;229.9;0.000;0.0;0.000;50;0;0;0.000;0.000;0.000;0;0;0;50.00;50.00;50.00;0;1000;0.0;0;1.0000;0;0
600;2017-06-29 04:30:00;172602N232;0;0.000;30;225;225;228;223;0.000;50.01;226.9;0.000;227.8;0.000;0.0;0.000;50;0;0;0.000;0.000;0.000;0;0;0;50.01;50.01;50.01;0;1000;0.0;0;1.0000;0;0
600;2017-06-29 04:40:00;172602N232;0;0.000;30;225;225;228;223;0.000;50.00;233.8;0.000;234.7;0.000;0.0;0.000;50;0;0;0.000;0.000;0.000;0;0;0;50.00;50.00;50.00;0;1000;0.0;0;1.0000;0;0
600;2017-06-29 04:50:00;172602N232;0;0.000;30;226;225;228;224;0.015;50.01;276.0;0.000;275.5;0.000;0.0;0.000;60;0;0;0.012;0.021;0.013;0;0;0;50.01;50.01;50.01;2061;1000;0.0;0;1.0000;0;0
600;2017-06-29 05:00:00;172602N232;9;0.002;30;225;225;226;224;0.265;50.01;281.1;0.003;279.5;0.005;0.0;0.000;60;0;0;0.269;0.328;0.200;1;1;12;50.01;50.01;50.01;3896;1000;0.0;0;1.0000;0;0
600;2017-06-29 05:10:00;172602N232;9;0.004;31;225;225;226;224;0.294;50.01;270.1;0.005;273.7;0.006;0.0;0.000;60;0;0;0.324;0.362;0.197;3;1;12;50.01;50.01;50.01;3934;1000;0.0;0;1.0000;0;0
600;2017-06-29 05:20:00;172602N232;0;0.004;31;224;224;227;222;0.000;50.03;276.8;0.000;276.4;0.000;0.0;0.000;50;0;0;0.000;0.000;0.000;0;0;0;50.03;50.03;50.03;3934;1000;0.0;0;1.0000;0;0
600;2017-06-29 05:30:00;172602N232;0;0.004;31;223;223;223;222;0.067;49.99;261.9;0.000;262.0;0.000;0.0;0.000;60;0;0;0.087;0.068;0.047;0;2;2;49.99;49.99;49.99;4429;1000;0.0;0;1.0000;0;0
600;2017-06-29 05:40:00;172602N232;3;0.005;31;223;223;224;221;0.161;49.99;267.4;0.000;270.0;0.000;0.0;0.000;60;0;0;0.168;0.202;0.113;1;1;6;49.99;49.99;49.99;4015;1000;0.0;0;1.0000;0;0
600;2017-06-29 05:50:00;172602N232;9;0.007;31;222;223;224;221;0.263;49.99;260.9;0.002;263.8;0.003;0.0;0.000;60;0;0;0.358;0.274;0.159;5;3;9;49.99;49.99;49.99;3874;1000;0.0;0;1.0000;0;0
600;2017-06-29 06:00:00;172602N232;37;0.014;32;221;222;223;220;0.521;49.97;334.6;0.034;341.8;0.034;0.0;0.000;60;0;0;0.583;0.596;0.386;4;12;28;49.97;49.97;49.97;3874;1000;0.0;0;1.0000;0;0
600;2017-06-29 06:10:00;172602N232;101;0.028;32;222;221;223;221;0.884;49.98;380.0;0.116;386.2;0.108;0.0;0.000;60;0;0;0.902;1.070;0.680;22;26;51;49.98;49.98;49.98;3874;1000;0.0;0;1.0000;0;0
600;2017-06-29 06:20:00;172602N232;71;0.040;32;222;223;222;222;0.746;50.03;364.0;0.079;377.2;0.074;0.0;0.000;60;0;0;0.913;0.673;0.652;6;36;27;50.03;50.03;50.03;3874;1000;0.0;0;1.0000;0;0
600;2017-06-29 06:30:00;172602N232;89;0.056;32;224;223;225;223;0.843;49.98;375.9;0.101;380.6;0.095;0.0;0.000;60;0;0;0.823;1.047;0.660;23;18;48;49.98;49.98;49.98;3874;1000;0.0;0;1.0000;0;0
600;2017-06-29 06:40:00;172602N232;100;0.072;32;224;224;225;222;0.916;49.98;380.9;0.116;380.9;0.110;0.0;0.000;60;0;0;0.968;1.070;0.711;14;23;61;49.98;49.98;49.98;3874;1000;0.0;0;1.0000;0;0
600;2017-06-29 06:50:00;172602N232;105;0.091;33;222;222;223;221;0.929;49.97;383.4;0.122;380.7;0.117;0.0;0.000;60;0;0;0.977;1.062;0.750;17;29;62;49.97;49.97;49.97;3874;1000;0.0;0;1.0000;0;0
600;2017-06-29 07:00:00;172602N232;73;0.103;33;223;224;225;221;0.808;49.96;368.9;0.082;372.4;0.077;0.0;0.000;60;0;0;0.858;0.976;0.591;9;14;49;49.96;49.96;49.96;3874;1000;0.0;0;1.0000;0;0
600;2017-06-29 07:10:00;172602N232;116;0.121;33;224;228;227;218;0.942;50.01;383.8;0.135;384.8;0.128;0.0;0.000;60;0;0;1.333;0.806;0.688;3;56;63;50.01;50.01;50.01;3874;1000;0.0;0;1.0000;0;0
600;2017-06-29 07:20:00;172602N232;130;0.144;33;225;230;230;217;0.939;50.02;388.6;0.154;389.3;0.145;0.0;0.000;60;0;0;1.255;0.836;0.727;2;57;77;50.02;50.02;50.02;3874;1000;0.0;0;1.0000;0;0
600;2017-06-29 07:30:00;172602N232;186;0.175;33;224;229;229;215;1.079;49.98;396.4;0.223;394.4;0.211;0.0;0.000;60;0;0;1.436;0.995;0.808;19;78;95;49.98;49.98;49.98;3874;1000;0.0;0;1.0000;0;0
600;2017-06-29 07:40:00;172602N232;256;0.218;34;224;229;229;214;1.219;50.01;402.6;0.311;402.5;0.290;0.0;0.000;60;0;0;1.682;1.100;0.877;41;113;105;50.01;50.01;50.01;3874;1000;0.0;0;1.0000;0;0
600;2017-06-29 07:50:00;172602N232;258;0.262;34;224;230;230;212;1.169;50.00;406.8;0.311;402.0;0.292;0.0;0.000;60;0;0;1.573;1.054;0.880;45;114;105;50.00;50.00;50.00;3874;1000;0.0;0;1.0000;0;0
600;2017-06-29 08:00:00;172602N232;277;0.308;34;223;228;230;213;1.095;50.00;407.0;0.330;407.6;0.314;0.0;0.000;60;0;0;1.159;1.227;0.901;66;102;106;50.00;50.00;50.00;3874;1000;0.0;0;1.0000;0;0
600;2017-06-29 08:10:00;172602N232;188;0.339;34;224;227;228;217;1.022;50.01;396.4;0.223;394.6;0.213;0.0;0.000;60;0;0;1.088;1.172;0.808;38;59;90;50.01;50.01;50.01;3874;1000;0.0;0;1.0000;0;0
600;2017-06-29 08:20:00;172602N232;99;0.357;35;226;225;228;225;0.890;50.00;375.1;0.116;375.7;0.108;0.0;0.000;60;0;0;0.709;1.300;0.661;39;8;58;50.00;50.00;50.00;3874;1000;0.0;0;1.0000;0;0
600;2017-06-29 08:30:00;172602N232;343;0.413;35;226;225;228;225;1.136;50.00;412.8;0.414;406.4;0.390;0.0;0.000;60;0;0;1.126;1.295;0.988;109;113;119;50.00;50.00;50.00;3874;1000;0.0;0;1.0000;0;0
600;2017-06-29 08:40:00;172602N232;271;0.458;35;225;224;227;224;1.076;50.00;406.5;0.328;401.1;0.310;0.0;0.000;60;0;0;1.114;1.252;0.864;89;93;88;50.00;50.00;50.00;3874;1000;0.0;0;1.0000;0;0
600;2017-06-29 08:50:00;172602N232;357;0.518;35;225;224;227;224;0.936;50.01;412.9;0.431;405.8;0.413;0.0;0.000;60;0;0;0.903;1.057;0.849;108;122;125;50.01;50.01;50.01;3874;1000;0.0;0;1.0000;0;0
600;2017-06-29 09:00:00;172602N232;319;0.573;35;225;225;227;223;1.008;50.01;410.5;0.386;401.8;0.369;0.0;0.000;60;0;0;1.056;1.108;0.860;108;119;91;50.01;50.01;50.01;3874;1000;0.0;0;1.0000;0;0
600;2017-06-29 09:10:00;172602N232;375;0.634;35;225;224;226;223;1.220;50.01;414.5;0.453;406.1;0.430;0.0;0.000;60;0;0;1.218;1.317;1.125;105;126;142;50.01;50.01;50.01;3874;1000;0.0;0;1.0000;0;0
600;2017-06-29 09:20:00;172602N232;307;0.686;36;224;224;225;223;1.108;49.98;408.6;0.371;401.9;0.353;0.0;0.000;60;0;0;1.202;1.172;0.951;97;113;94;49.98;49.98;49.98;3874;1000;0.0;0;1.0000;0;0
600;2017-06-29 09:30:00;172602N232;267;0.730;36;224;224;225;224;1.075;49.99;405.2;0.324;397.3;0.308;0.0;0.000;60;0;0;1.055;1.202;0.969;75;95;95;49.99;49.99;49.99;3874;1000;0.0;0;1.0000;0;0
600;2017-06-29 09:40:00;172602N232;403;0.798;36;224;221;227;224;1.123;50.01;411.7;0.490;404.4;0.462;0.0;0.000;60;0;0;1.043;1.351;0.976;126;141;134;50.01;50.01;50.01;3874;1000;0.0;0;1.0000;0;0
600;2017-06-29 09:50:00;172602N232;558;0.890;36;224;221;227;224;1.111;50.00;416.6;0.681;411.1;0.643;0.0;0.000;60;0;0;1.052;1.191;1.091;174;201;182;50.00;50.00;50.00;3874;1000;0.0;0;1.0000;0;0
600;2017-06-29 10:00:00;172602N232;551;0.983;36;224;223;226;224;0.952;49.99;414.9;0.671;411.4;0.638;0.0;0.000;60;0;0;0.889;1.037;0.932;170;197;182;49.99;49.99;49.99;3874;1000;0.0;0;1.0000;0;0
600;2017-06-29 10:10:00;172602N232;454;1.059;36;224;223;225;225;0.969;50.00;412.6;0.558;398.9;0.535;0.0;0.000;60;0;0;0.940;1.009;0.960;140;164;148;50.00;50.00;50.00;3874;1000;0.0;0;1.0000;0;0
600;2017-06-29 10:20:00;172602N232;458;1.135;36;224;222;227;224;0.885;50.01;403.5;0.574;396.7;0.547;0.0;0.000;60;0;0;0.828;0.978;0.851;140;161;155;50.01;50.01;50.01;3874;1000;0.0;0;1.0000;0;0
600;2017-06-29 10:30:00;172602N232;356;1.195;37;224;220;227;224;1.171;50.00;406.5;0.438;400.6;0.413;0.0;0.000;60;0;0;1.097;1.413;1.004;123;109;122;50.00;50.00;50.00;3874;1000;0.0;0;1.0000;0;0
600;2017-06-29 10:40:00;172602N232;605;1.296;37;225;224;227;225;1.059;50.00;420.4;0.733;412.2;0.695;0.0;0.000;60;0;0;1.010;1.110;1.057;188;212;203;50.00;50.00;50.00;3874;1000;0.0;0;1.0000;0;0
600;2017-06-29 10:50:00;172602N232;900;1.446;37;225;225;226;224;1.371;50.00;427.2;1.092;409.3;1.051;0.0;0.000;60;0;0;1.319;1.411;1.385;286;311;301;50.00;50.00;50.00;3874;1000;0.0;0;1.0000;0;0
600;2017-06-29 11:00:00;172602N232;756;1.572;37;225;225;226;225;1.162;50.01;418.5;0.929;404.5;0.893;0.0;0.000;60;0;0;1.107;1.201;1.178;238;262;254;50.01;50.01;50.01;3874;1000;0.0;0;1.0000;0;0
600;2017-06-29 11:10:00;172602N232;622;1.676;37;225;224;226;225;0.995;50.01;409.2;0.779;410.2;0.721;0.0;0.000;60;0;0;0.947;1.029;1.011;193;216;211;50.01;50.01;50.01;3874;1000;0.0;0;1.0000;0;0
600;2017-06-29 11:20:00;172602N232;823;1.812;38;226;226;226;226;1.319;50.00;418.7;1.006;416.3;0.950;0.0;0.000;60;0;0;1.327;1.325;1.307;264;280;277;50.00;50.00;50.00;3874;1000;0.0;0;1.0000;0;0
600;2017-06-29 11:30:00;172602N232;934;1.969;38;227;226;228;226;1.410;50.02;420.8;1.140;417.7;1.077;0.0;0.000;60;0;0;1.358;1.449;1.425;297;321;313;50.02;50.02;50.02;3874;1000;0.0;0;1.0000;0;0
600;2017-06-29 11:40:00;172602N232;788;2.101;38;226;225;227;226;1.204;50.03;417.7;0.964;414.0;0.913;0.0;0.000;60;0;0;1.148;1.242;1.224;248;272;266;50.03;50.03;50.03;3874;1000;0.0;0;1.0000;0;0
600;2017-06-29 11:50:00;172602N232;659;2.210;38;225;226;226;223;1.031;50.00;416.0;0.813;408.2;0.768;0.0;0.000;60;0;0;0.984;1.070;1.039;207;229;220;50.00;50.00;50.00;3874;1000;0.0;0;1.0000;0;0
600;2017-06-29 12:00:00;172602N232;608;2.312;38;224;228;227;217;0.949;50.01;417.2;0.747;407.4;0.708;0.0;0.000;60;0;0;0.909;1.002;0.936;195;217;194;50.01;50.01;50.01;3874;1000;0.0;0;1.0000;0;0
600;2017-06-29 12:10:00;172602N232;656;2.422;39;224;224;228;221;1.071;50.03;419.2;0.806;406.5;0.765;0.0;0.000;60;0;0;1.022;1.147;1.044;207;234;213;50.03;50.03;50.03;3874;1000;0.0;0;1.0000;0;0
600;2017-06-29 12:20:00;172602N232;655;2.530;39;225;226;226;224;1.015;50.01;417.4;0.805;409.7;0.759;0.0;0.000;60;0;0;0.969;1.052;1.026;207;227;220;50.01;50.01;50.01;3874;1000;0.0;0;1.0000;0;0
600;2017-06-29 12:30:00;172602N232;590;2.630;39;225;225;226;225;0.971;50.02;417.7;0.723;407.8;0.685;0.0;0.000;60;0;0;0.936;1.002;0.975;186;204;198;50.02;50.02;50.02;3874;1000;0.0;0;1.0000;0;0
600;2017-06-29 12:40:00;172602N232;556;2.722;39;225;225;224;226;0.868;50.05;417.5;0.681;411.0;0.640;0.0;0.000;60;0;0;0.818;0.897;0.890;173;191;190;50.05;50.05;50.05;3874;1000;0.0;0;1.0000;0;0
600;2017-06-29 12:50:00;172602N232;466;2.800;39;225;226;225;226;0.817;50.05;414.6;0.568;407.2;0.541;0.0;0.000;60;0;0;0.776;0.855;0.820;143;162;159;50.05;50.05;50.05;3874;1000;0.0;0;1.0000;0;0
600;2017-06-29 13:00:00;172602N232;455;2.876;38;226;226;227;225;0.978;50.04;413.8;0.558;403.7;0.528;0.0;0.000;60;0;0;0.965;1.033;0.936;139;160;153;50.04;50.04;50.04;3874;1000;0.0;0;1.0000;0;0
600;2017-06-29 13:10:00;172602N232;441;2.950;38;226;226;226;226;0.703;50.03;410.9;0.544;405.6;0.512;0.0;0.000;60;0;0;0.653;0.733;0.723;134;154;151;50.03;50.03;50.03;3874;1000;0.0;0;1.0000;0;0
600;2017-06-29 13:20:00;172602N232;343;3.007;38;225;228;227;220;1.052;49.99;407.0;0.418;403.4;0.395;0.0;0.000;60;0;0;1.311;0.996;0.851;82;137;121;49.99;49.99;49.99;3874;1000;0.0;0;1.0000;0;0
600;2017-06-29 13:30:00;172602N232;291;3.055;38;225;228;225;221;1.193;49.98;404.9;0.354;398.5;0.337;0.0;0.000;60;0;0;1.598;1.035;0.947;66;116;107;49.98;49.98;49.98;3874;1000;0.0;0;1.0000;0;0
600;2017-06-29 13:40:00;172602N232;295;3.105;37;224;225;222;224;1.182;49.99;404.4;0.361;400.9;0.338;0.0;0.000;60;0;0;1.288;1.124;1.134;90;129;75;49.99;49.99;49.99;3874;1000;0.0;0;1.0000;0;0
600;2017-06-29 13:50:00;172602N232;361;3.165;37;224;224;224;223;1.192;50.00;409.4;0.443;403.2;0.414;0.0;0.000;60;0;0;1.245;1.174;1.158;97;133;128;50.00;50.00;50.00;3874;1000;0.0;0;1.0000;0;0
600;2017-06-29 14:00:00;172602N232;428;3.237;37;224;225;225;223;1.103;50.01;412.7;0.521;404.6;0.496;0.0;0.000;60;0;0;1.132;1.125;1.054;133;155;138;50.01;50.01;50.01;3874;1000;0.0;0;1.0000;0;0
600;2017-06-29 14:10:00;172602N232;427;3.308;37;225;226;226;224;0.741;50.01;412.5;0.524;404.8;0.495;0.0;0.000;60;0;0;0.704;0.771;0.749;128;151;145;50.01;50.01;50.01;3874;1000;0.0;0;1.0000;0;0
600;2017-06-29 14:20:00;172602N232;469;3.387;37;226;226;227;224;0.746;50.00;414.3;0.576;409.2;0.540;0.0;0.000;60;0;0;0.694;0.789;0.755;143;166;158;50.00;50.00;50.00;3874;1000;0.0;0;1.0000;0;0
600;2017-06-29 14:30:00;172602N232;441;3.460;37;226;227;227;225;0.820;49.99;411.6;0.543;402.0;0.518;0.0;0.000;60;0;0;0.783;0.862;0.815;135;158;146;49.99;49.99;49.99;3874;1000;0.0;0;1.0000;0;0
600;2017-06-29 14:40:00;172602N232;434;3.533;37;226;227;225;226;1.157;50.00;413.8;0.528;408.4;0.499;0.0;0.000;60;0;0;1.167;1.185;1.119;133;164;135;50.00;50.00;50.00;3874;1000;0.0;0;1.0000;0;0
600;2017-06-29 14:50:00;172602N232;578;3.629;37;227;227;226;227;1.091;49.99;417.9;0.706;412.1;0.666;0.0;0.000;60;0;0;1.107;1.078;1.090;183;200;194;49.99;49.99;49.99;3874;1000;0.0;0;1.0000;0;0
600;2017-06-29 15:00:00;172602N232;640;3.736;37;228;228;228;227;0.983;49.99;417.2;0.782;411.8;0.743;0.0;0.000;60;0;0;0.928;1.024;0.999;200;222;216;49.99;49.99;49.99;3874;1000;0.0;0;1.0000;0;0
600;2017-06-29 15:10:00;172602N232;678;3.850;37;227;227;228;226;1.042;50.00;415.5;0.835;410.4;0.791;0.0;0.000;60;0;0;0.988;1.083;1.055;212;236;228;50.00;50.00;50.00;3874;1000;0.0;0;1.0000;0;0
600;2017-06-29 15:20:00;172602N232;661;3.960;37;227;227;228;227;1.013;49.99;415.0;0.808;411.1;0.776;0.0;0.000;60;0;0;0.959;1.055;1.027;207;230;222;49.99;49.99;49.99;3874;1000;0.0;0;1.0000;0;0
600;2017-06-29 15:30:00;172602N232;617;4.063;37;227;227;229;226;0.948;49.99;413.1;0.761;410.0;0.720;0.0;0.000;60;0;0;0.890;0.993;0.962;191;216;208;49.99;49.99;49.99;3874;1000;0.0;0;1.0000;0;0
600;2017-06-29 15:40:00;172602N232;671;4.175;37;226;227;229;222;1.086;49.98;415.0;0.818;414.1;0.781;0.0;0.000;60;0;0;1.055;1.116;1.087;213;235;221;49.98;49.98;49.98;3874;1000;0.0;0;1.0000;0;0
600;2017-06-29 15:50:00;172602N232;620;4.278;37;225;228;230;217;0.975;49.99;414.0;0.756;410.5;0.728;0.0;0.000;60;0;0;0.932;1.042;0.952;198;225;195;49.99;49.99;49.99;3874;1000;0.0;0;1.0000;0;0
600;2017-06-29 16:00:00;172602N232;613;4.381;37;225;227;231;217;1.083;49.99;413.6;0.755;408.9;0.717;0.0;0.000;60;0;0;0.995;1.166;1.090;193;224;195;49.99;49.99;49.99;3874;1000;0.0;0;1.0000;0;0
600;2017-06-29 16:10:00;172602N232;613;4.482;37;225;229;231;216;0.950;50.00;412.9;0.755;409.5;0.713;0.0;0.000;60;0;0;0.904;1.022;0.924;195;224;192;50.00;50.00;50.00;3874;1000;0.0;0;1.0000;0;0
600;2017-06-29 16:20:00;172602N232;575;4.578;37;225;229;230;217;0.896;50.01;412.1;0.713;407.7;0.670;0.0;0.000;60;0;0;0.852;0.961;0.877;183;209;181;50.01;50.01;50.01;3874;1000;0.0;0;1.0000;0;0
600;2017-06-29 16:30:00;172602N232;507;4.664;37;225;228;230;216;0.906;49.98;408.0;0.639;398.0;0.599;0.0;0.000;60;0;0;0.904;0.967;0.849;161;188;156;49.98;49.98;49.98;3874;1000;0.0;0;1.0000;0;0
600;2017-06-29 16:40:00;172602N232;565;4.757;37;224;226;230;216;0.935;49.98;412.5;0.699;407.5;0.659;0.0;0.000;60;0;0;0.898;0.992;0.917;179;206;178;49.98;49.98;49.98;3874;1000;0.0;0;1.0000;0;0
600;2017-06-29 16:50:00;172602N232;495;4.841;37;224;227;229;215;0.785;49.98;410.0;0.611;404.7;0.579;0.0;0.000;60;0;0;0.735;0.847;0.774;154;182;156;49.98;49.98;49.98;3874;1000;0.0;0;1.0000;0;0
600;2017-06-29 17:00:00;172602N232;437;4.913;37;224;228;230;214;0.885;49.99;409.3;0.535;405.1;0.512;0.0;0.000;60;0;0;0.867;0.938;0.850;138;162;135;49.99;49.99;49.99;3874;1000;0.0;0;1.0000;0;0
600;2017-06-29 17:10:00;172602N232;325;4.968;37;222;227;225;216;1.208;50.01;401.5;0.400;402.2;0.378;0.0;0.000;60;0;0;1.479;1.118;1.029;75;129;120;50.01;50.01;50.01;3874;1000;0.0;0;1.0000;0;0
600;2017-06-29 17:20:00;172602N232;379;5.031;37;221;222;222;218;1.131;50.01;406.8;0.462;407.9;0.438;0.0;0.000;60;0;0;1.183;1.156;1.056;109;145;124;50.01;50.01;50.01;3874;1000;0.0;0;1.0000;0;0
600;2017-06-29 17:30:00;172602N232;358;5.090;37;222;222;221;222;1.123;49.98;407.3;0.434;407.1;0.413;0.0;0.000;60;0;0;1.134;1.153;1.084;108;140;108;49.98;49.98;49.98;3874;1000;0.0;0;1.0000;0;0
600;2017-06-29 17:40:00;172602N232;333;5.147;36;221;220;222;222;1.110;49.98;405.0;0.407;404.1;0.385;0.0;0.000;60;0;0;1.113;1.182;1.035;107;122;102;49.98;49.98;49.98;3874;1000;0.0;0;1.0000;0;0
600;2017-06-29 17:50:00;172602N232;248;5.189;36;221;218;223;222;1.043;49.98;398.5;0.299;400.7;0.285;0.0;0.000;60;0;0;0.958;1.272;0.899;98;71;77;49.98;49.98;49.98;3874;1000;0.0;0;1.0000;0;0
600;2017-06-29 18:00:00;172602N232;186;5.219;36;221;217;223;223;0.960;49.99;388.4;0.224;394.3;0.212;0.0;0.000;60;0;0;0.725;1.292;0.863;70;65;49;49.99;49.99;49.99;3874;1000;0.0;0;1.0000;0;0
600;2017-06-29 18:10:00;172602N232;124;5.241;36;221;221;224;218;0.918;50.00;384.1;0.144;385.1;0.141;0.0;0.000;60;0;0;0.829;1.123;0.804;37;28;58;50.00;50.00;50.00;3874;1000;0.0;0;1.0000;0;0
600;2017-06-29 18:20:00;172602N232;95;5.256;35;221;224;225;215;0.875;50.02;372.7;0.111;378.4;0.106;0.0;0.000;60;0;0;1.001;0.936;0.690;6;29;63;50.02;50.02;50.02;3874;1000;0.0;0;1.0000;0;0
600;2017-06-29 18:30:00;172602N232;102;5.274;35;221;225;225;213;0.939;50.00;376.6;0.119;380.5;0.113;0.0;0.000;60;0;0;1.313;0.795;0.711;0;45;67;50.00;50.00;50.00;3874;1000;0.0;0;1.0000;0;0
600;2017-06-29 18:40:00;172602N232;82;5.288;35;222;226;226;213;0.977;49.99;369.8;0.095;378.7;0.088;0.0;0.000;60;0;0;1.421;0.789;0.723;0;40;59;49.99;49.99;49.99;3874;1000;0.0;0;1.0000;0;0
600;2017-06-29 18:50:00;172602N232;90;5.303;35;223;226;227;215;0.960;49.99;373.7;0.105;380.2;0.098;0.0;0.000;60;0;0;1.302;0.851;0.729;2;37;61;49.99;49.99;49.99;3874;1000;0.0;0;1.0000;0;0
600;2017-06-29 19:00:00;172602N232;107;5.321;35;221;224;225;213;0.862;49.99;379.6;0.126;379.9;0.117;0.0;0.000;60;0;0;1.013;0.876;0.697;5;35;69;49.99;49.99;49.99;3874;1000;0.0;0;1.0000;0;0
600;2017-06-29 19:10:00;172602N232;111;5.339;35;221;225;223;214;0.880;50.01;382.3;0.131;380.5;0.124;0.0;0.000;60;0;0;1.196;0.746;0.699;0;51;70;50.01;50.01;50.01;3874;1000;0.0;0;1.0000;0;0
600;2017-06-29 19:20:00;172602N232;70;5.352;35;221;225;225;214;0.769;50.04;360.4;0.079;370.0;0.075;0.0;0.000;60;0;0;0.851;0.850;0.607;3;21;52;50.04;50.04;50.04;3874;1000;0.0;0;1.0000;0;0
600;2017-06-29 19:30:00;172602N232;52;5.360;35;222;224;225;216;0.695;50.02;350.6;0.056;360.7;0.051;0.0;0.000;60;0;0;0.720;0.858;0.508;11;5;39;50.02;50.02;50.02;3874;1000;0.0;0;1.0000;0;0
600;2017-06-29 19:40:00;172602N232;42;5.368;35;222;222;223;222;0.580;50.01;340.8;0.042;353.4;0.039;0.0;0.000;60;0;0;0.561;0.748;0.431;10;10;24;50.01;50.01;50.01;3874;1000;0.0;0;1.0000;0;0
600;2017-06-29 19:50:00;172602N232;41;5.375;34;222;221;223;221;0.617;49.99;332.3;0.043;349.1;0.039;0.0;0.000;60;0;0;0.484;0.920;0.449;23;0;31;49.99;49.99;49.99;3874;1000;0.0;0;1.0000;0;0
600;2017-06-29 20:00:00;172602N232;32;5.381;34;221;219;224;221;0.594;49.98;326.2;0.030;330.9;0.029;0.0;0.000;60;0;0;0.447;0.925;0.412;27;0;27;49.98;49.98;49.98;3874;1000;0.0;0;1.0000;0;0
600;2017-06-29 20:10:00;172602N232;13;5.383;34;222;220;223;222;0.371;49.99;275.5;0.008;270.7;0.009;0.0;0.000;60;0;0;0.260;0.604;0.251;14;0;14;49.99;49.99;49.99;3874;1000;0.0;0;1.0000;0;0
600;2017-06-29 20:20:00;172602N232;0;5.383;34;222;222;223;221;0.022;49.96;259.8;0.000;259.5;0.000;0.0;0.000;50;0;0;0.018;0.046;0.004;0;0;0;49.96;49.96;49.96;3874;1000;0.0;0;1.0000;0;0
600;2017-06-29 20:30:00;172602N232;0;5.383;33;222;221;225;220;0.000;49.99;245.1;0.000;246.0;0.000;0.0;0.000;50;0;0;0.000;0.000;0.000;0;0;0;49.99;49.99;49.99;3874;1000;0.0;0;1.0000;0;0
600;2017-06-29 20:40:00;172602N232;0;5.383;33;221;221;224;218;0.000;50.00;237.5;0.000;238.5;0.000;0.0;0.000;50;0;0;0.000;0.000;0.000;0;0;0;50.00;50.00;50.00;3874;1000;0.0;0;1.0000;0;0
600;2017-06-29 20:50:00;172602N232;0;5.383;32;220;222;225;213;0.000;49.99;229.4;0.000;230.3;0.000;0.0;0.000;50;0;0;0.000;0.000;0.000;0;0;0;49.99;49.99;49.99;3874;1000;0.0;0;1.0000;0;0
600;2017-06-29 21:00:00;172602N232;0;5.383;32;220;221;225;214;0.000;50.00;230.6;0.000;231.6;0.000;0.0;0.000;50;0;0;0.000;0.000;0.000;0;0;0;50.00;50.00;50.00;3874;1000;0.0;0;1.0000;0;0
600;2017-06-29 21:10:00;172602N232;0;5.383;32;220;221;225;215;0.000;50.02;228.8;0.000;229.8;0.000;0.0;0.000;50;0;0;0.000;0.000;0.000;0;0;0;50.02;50.02;50.02;3874;1000;0.0;0;1.0000;0;0
600;2017-06-29 21:20:00;172602N232;0;5.383;32;221;221;226;216;0.000;49.98;227.7;0.000;228.6;0.000;0.0;0.000;50;0;0;0.000;0.000;0.000;0;0;0;49.98;49.98;49.98;3874;1000;0.0;0;1.0000;0;0
600;2017-06-29 21:30:00;172602N232;0;5.383;31;222;223;226;216;0.000;50.00;230.5;0.000;231.4;0.000;0.0;0.000;50;0;0;0.000;0.000;0.000;0;0;0;50.00;50.00;50.00;3874;1000;0.0;0;1.0000;0;0
[wr_ende]
