20131005;230004;172602N232;My Plant;+0100
[wr_def_start]
172602N232;Inverter Type;Inverter Group;72602N232      
[wr_def_end]
[wr]
INTERVAL;TIMESTAMP;SERIAL;P_AC;E_DAY;T_WR;U_AC;U_AC_1;U_AC_2;U_AC_3;I_AC;F_AC;U_DC_1;I_DC_1;U_DC_2;I_DC_2;U_DC_3;I_DC_3;S;E_WR;M_WR;I_AC_1;I_AC_2;I_AC_3;P_AC_1;P_AC_2;P_AC_3;F_AC_1;F_AC_2;F_AC_3;R_DC;PC;PCS;PCS_LL;COS_PHI;COS_PHI_LL;S_COS_PHI
600;2013-10-05 07:10:00;172602N232;0;0.000;0;3;3;3;3;0.000;0.70;3.1;0.000;3.1;0.000;0.0;0.000;50;0;0;0.000;0.000;0.000;0;0;0;0.70;0.70;0.70;32;1000;0.0;0;1.0000;0;0
600;2013-10-05 07:20:00;172602N232;0;0.000;21;222;223;225;219;0.000;49.99;227.6;0.000;228.5;0.000;0.0;0.000;50;0;0;0.000;0.000;0.000;0;0;0;49.99;49.99;49.99;0;1000;0.0;0;1.0000;0;0
600;2013-10-05 07:30:00;172602N232;0;0.000;22;222;223;224;219;0.000;49.99;233.1;0.000;234.0;0.000;0.0;0.000;50;0;0;0.000;0.000;0.000;0;0;0;49.99;49.99;49.99;0;1000;0.0;0;1.0000;0;0
600;2013-10-05 07:40:00;172602N232;0;0.000;23;222;223;224;220;0.010;50.00;262.1;0.000;262.2;0.000;0.0;0.000;60;0;0;0.013;0.012;0.006;0;0;0;50.00;50.00;50.00;1337;1000;0.0;0;1.0000;0;0
600;2013-10-05 07:50:00;172602N232;9;0.004;23;222;223;222;221;0.248;49.99;265.7;0.003;273.6;0.005;0.0;0.000;60;0;0;0.340;0.201;0.203;0;11;11;49.99;49.99;49.99;4677;1000;0.0;0;1.0000;0;0
600;2013-10-05 08:00:00;172602N232;17;0.008;24;222;223;224;221;0.365;50.02;286.8;0.009;311.4;0.012;0.0;0.000;60;0;0;0.476;0.361;0.260;1;11;17;50.02;50.02;50.02;4677;1000;0.0;0;1.0000;0;0
600;2013-10-05 08:10:00;172602N232;43;0.016;24;223;223;224;221;0.542;49.99;344.3;0.042;353.6;0.044;0.0;0.000;60;0;0;0.658;0.573;0.397;1;23;28;49.99;49.99;49.99;4677;1000;0.0;0;1.0000;0;0
600;2013-10-05 08:20:00;172602N232;54;0.028;25;222;223;222;220;0.671;49.97;360.1;0.056;361.6;0.060;0.0;0.000;60;0;0;0.889;0.600;0.525;0;35;34;49.97;49.97;49.97;4677;1000;0.0;0;1.0000;0;0
600;2013-10-05 08:30:00;172602N232;72;0.041;25;222;222;221;221;0.826;49.97;369.0;0.080;369.5;0.083;0.0;0.000;60;0;0;1.157;0.642;0.679;0;47;30;49.97;49.97;49.97;4677;1000;0.0;0;1.0000;0;0
600;2013-10-05 08:40:00;172602N232;138;0.064;26;222;223;222;220;0.974;49.97;385.6;0.160;384.1;0.165;0.0;0.000;60;0;0;1.323;0.861;0.738;12;72;60;49.97;49.97;49.97;4677;1000;0.0;0;1.0000;0;0
600;2013-10-05 08:50:00;172602N232;157;0.087;26;223;223;224;222;0.973;50.01;390.8;0.184;386.3;0.188;0.0;0.000;60;0;0;1.030;1.154;0.737;21;62;73;50.01;50.01;50.01;4677;1000;0.0;0;1.0000;0;0
600;2013-10-05 09:00:00;172602N232;119;0.103;27;221;221;223;220;0.899;49.99;385.4;0.136;380.0;0.142;0.0;0.000;60;0;0;0.846;1.109;0.742;28;25;64;49.99;49.99;49.99;4677;1000;0.0;0;1.0000;0;0
600;2013-10-05 09:10:00;172602N232;233;0.141;27;220;220;222;219;1.071;50.01;399.3;0.274;394.6;0.281;0.0;0.000;60;0;0;1.229;1.130;0.855;57;89;86;50.01;50.01;50.01;4677;1000;0.0;0;1.0000;0;0
600;2013-10-05 09:20:00;172602N232;195;0.174;28;220;221;221;219;1.032;50.00;396.3;0.228;390.1;0.235;0.0;0.000;60;0;0;1.378;0.954;0.765;48;82;66;50.00;50.00;50.00;4677;1000;0.0;0;1.0000;0;0
600;2013-10-05 09:30:00;172602N232;153;0.200;28;220;221;219;221;0.941;50.00;392.2;0.177;385.8;0.183;0.0;0.000;60;0;0;1.073;0.854;0.898;29;87;36;50.00;50.00;50.00;4677;1000;0.0;0;1.0000;0;0
600;2013-10-05 09:40:00;172602N232;139;0.224;28;220;220;219;221;0.873;49.99;387.4;0.161;382.1;0.168;0.0;0.000;60;0;0;0.862;0.875;0.883;24;82;31;49.99;49.99;49.99;4677;1000;0.0;0;1.0000;0;0
600;2013-10-05 09:50:00;172602N232;267;0.268;29;220;220;220;220;1.025;49.98;403.6;0.313;395.4;0.323;0.0;0.000;60;0;0;1.162;1.011;0.903;71;109;84;49.98;49.98;49.98;4677;1000;0.0;0;1.0000;0;0
600;2013-10-05 10:00:00;172602N232;237;0.307;29;220;220;221;220;1.040;50.00;402.0;0.278;393.2;0.288;0.0;0.000;60;0;0;1.083;1.191;0.847;60;97;78;50.00;50.00;50.00;4677;1000;0.0;0;1.0000;0;0
600;2013-10-05 10:10:00;172602N232;262;0.352;29;220;221;221;219;1.085;50.00;404.3;0.307;396.0;0.318;0.0;0.000;60;0;0;1.217;1.117;0.923;57;110;92;50.00;50.00;50.00;4677;1000;0.0;0;1.0000;0;0
600;2013-10-05 10:20:00;172602N232;212;0.388;30;220;220;222;219;0.984;49.99;397.5;0.247;390.5;0.257;0.0;0.000;60;0;0;1.075;1.056;0.823;45;82;83;49.99;49.99;49.99;4677;1000;0.0;0;1.0000;0;0
600;2013-10-05 10:30:00;172602N232;156;0.412;30;221;221;222;220;0.906;50.00;392.4;0.180;384.2;0.188;0.0;0.000;60;0;0;1.035;0.943;0.742;17;65;73;50.00;50.00;50.00;4677;1000;0.0;0;1.0000;0;0
600;2013-10-05 10:40:00;172602N232;277;0.459;30;221;222;222;220;1.123;50.00;405.4;0.325;397.2;0.337;0.0;0.000;60;0;0;1.342;1.143;0.884;71;117;87;50.00;50.00;50.00;4677;1000;0.0;0;1.0000;0;0
600;2013-10-05 10:50:00;172602N232;269;0.505;30;221;222;222;220;1.109;49.99;403.7;0.317;396.0;0.328;0.0;0.000;60;0;0;1.288;1.130;0.910;66;107;94;49.99;49.99;49.99;4677;1000;0.0;0;1.0000;0;0
600;2013-10-05 11:00:00;172602N232;275;0.550;30;221;222;222;221;1.087;49.98;404.0;0.323;396.5;0.334;0.0;0.000;60;0;0;1.234;1.052;0.975;72;108;92;49.98;49.98;49.98;4677;1000;0.0;0;1.0000;0;0
600;2013-10-05 11:10:00;172602N232;252;0.593;31;221;223;220;221;1.063;49.98;391.3;0.304;394.9;0.308;0.0;0.000;60;0;0;1.255;0.959;0.975;58;110;82;49.98;49.98;49.98;4677;1000;0.0;0;1.0000;0;0
600;2013-10-05 11:20:00;172602N232;299;0.643;31;222;222;222;221;1.126;49.99;393.4;0.364;399.2;0.365;0.0;0.000;60;0;0;1.300;1.110;0.969;84;123;90;49.99;49.99;49.99;4677;1000;0.0;0;1.0000;0;0
600;2013-10-05 11:30:00;172602N232;249;0.684;31;221;221;220;222;1.055;49.99;391.5;0.300;394.5;0.303;0.0;0.000;60;0;0;1.074;1.122;0.971;77;116;54;49.99;49.99;49.99;4677;1000;0.0;0;1.0000;0;0
600;2013-10-05 11:40:00;172602N232;332;0.740;31;221;221;221;221;1.127;50.00;405.4;0.392;401.2;0.404;0.0;0.000;60;0;0;1.160;1.148;1.075;100;130;100;50.00;50.00;50.00;4677;1000;0.0;0;1.0000;0;0
600;2013-10-05 11:50:00;172602N232;304;0.791;31;221;221;221;223;1.136;49.99;401.5;0.362;401.0;0.369;0.0;0.000;60;0;0;1.043;1.159;1.206;98;123;82;49.99;49.99;49.99;4677;1000;0.0;0;1.0000;0;0
600;2013-10-05 12:00:00;172602N232;316;0.844;31;221;221;220;223;1.161;50.00;402.3;0.376;401.4;0.383;0.0;0.000;60;0;0;1.032;1.168;1.283;103;130;80;50.00;50.00;50.00;4677;1000;0.0;0;1.0000;0;0
600;2013-10-05 12:10:00;172602N232;319;0.897;31;221;221;220;223;1.147;50.01;408.7;0.373;401.1;0.388;0.0;0.000;60;0;0;1.105;1.147;1.190;100;134;83;50.01;50.01;50.01;4677;1000;0.0;0;1.0000;0;0
600;2013-10-05 12:20:00;172602N232;280;0.944;32;221;221;219;222;1.153;50.00;403.6;0.329;399.0;0.340;0.0;0.000;60;0;0;1.190;1.139;1.130;87;131;60;50.00;50.00;50.00;4677;1000;0.0;0;1.0000;0;0
600;2013-10-05 12:30:00;172602N232;309;0.995;32;221;221;220;222;1.106;50.01;399.1;0.370;400.3;0.375;0.0;0.000;60;0;0;1.044;1.146;1.128;91;135;80;50.01;50.01;50.01;4677;1000;0.0;0;1.0000;0;0
600;2013-10-05 12:40:00;172602N232;374;1.058;32;222;222;222;221;0.980;50.02;401.9;0.449;404.4;0.453;0.0;0.000;60;0;0;0.997;0.979;0.965;110;137;125;50.02;50.02;50.02;4677;1000;0.0;0;1.0000;0;0
600;2013-10-05 12:50:00;172602N232;307;1.109;32;221;221;221;222;1.100;50.01;404.6;0.363;400.3;0.373;0.0;0.000;60;0;0;1.108;1.121;1.072;96;120;90;50.01;50.01;50.01;4677;1000;0.0;0;1.0000;0;0
600;2013-10-05 13:00:00;172602N232;326;1.164;32;221;221;221;221;1.117;50.01;406.4;0.385;398.8;0.397;0.0;0.000;60;0;0;1.160;1.143;1.050;106;124;94;50.01;50.01;50.01;4677;1000;0.0;0;1.0000;0;0
600;2013-10-05 13:10:00;172602N232;244;1.204;32;221;221;223;220;1.055;50.02;399.6;0.288;391.8;0.299;0.0;0.000;60;0;0;1.088;1.200;0.879;69;90;83;50.02;50.02;50.02;4677;1000;0.0;0;1.0000;0;0
600;2013-10-05 13:20:00;172602N232;208;1.239;32;222;221;223;221;1.002;50.00;396.0;0.245;388.3;0.254;0.0;0.000;60;0;0;1.141;1.071;0.796;59;77;70;50.00;50.00;50.00;4677;1000;0.0;0;1.0000;0;0
600;2013-10-05 13:30:00;172602N232;253;1.281;32;222;222;223;220;1.091;50.01;401.9;0.297;393.5;0.308;0.0;0.000;60;0;0;1.308;1.096;0.870;59;104;88;50.01;50.01;50.01;4677;1000;0.0;0;1.0000;0;0
600;2013-10-05 13:40:00;172602N232;290;1.331;32;222;222;223;221;1.097;50.02;401.6;0.345;396.3;0.353;0.0;0.000;60;0;0;1.217;1.155;0.919;79;114;95;50.02;50.02;50.02;4677;1000;0.0;0;1.0000;0;0
600;2013-10-05 13:50:00;172602N232;608;1.432;32;223;223;223;222;1.067;49.99;413.7;0.719;408.1;0.739;0.0;0.000;60;0;0;1.061;1.087;1.055;190;213;203;49.99;49.99;49.99;4677;1000;0.0;0;1.0000;0;0
600;2013-10-05 14:00:00;172602N232;1975;1.761;32;222;222;224;221;2.979;49.98;420.0;2.391;416.7;2.368;0.0;0.000;60;0;0;2.931;3.027;2.981;644;674;655;49.98;49.98;49.98;4677;1000;0.0;0;1.0000;0;0
600;2013-10-05 14:10:00;172602N232;2256;2.138;33;222;222;224;221;3.411;50.00;406.7;2.799;403.9;2.801;0.0;0.000;60;0;0;3.375;3.452;3.406;741;768;746;50.00;50.00;50.00;4677;1000;0.0;0;1.0000;0;0
600;2013-10-05 14:20:00;172602N232;1019;2.308;34;221;222;223;218;1.613;50.01;412.1;1.232;403.8;1.260;0.0;0.000;60;0;0;1.595;1.640;1.604;329;351;336;50.01;50.01;50.01;4677;1000;0.0;0;1.0000;0;0
600;2013-10-05 14:30:00;172602N232;1144;2.498;34;221;222;223;218;1.766;50.00;407.8;1.401;406.1;1.397;0.0;0.000;60;0;0;1.734;1.808;1.756;373;394;375;50.00;50.00;50.00;4677;1000;0.0;0;1.0000;0;0
600;2013-10-05 14:40:00;172602N232;801;2.632;35;221;221;222;219;1.298;50.01;406.3;0.976;402.4;0.977;0.0;0.000;60;0;0;1.264;1.341;1.291;255;279;265;50.01;50.01;50.01;4677;1000;0.0;0;1.0000;0;0
600;2013-10-05 14:50:00;172602N232;1915;2.952;35;223;222;225;221;2.880;50.00;408.8;2.383;404.8;2.322;0.0;0.000;60;0;0;2.821;2.955;2.864;623;664;627;50.00;50.00;50.00;4677;1000;0.0;0;1.0000;0;0
600;2013-10-05 15:00:00;172602N232;3217;3.489;36;224;224;227;221;4.793;50.00;403.0;4.260;378.6;4.087;0.0;0.000;60;0;0;4.729;4.904;4.748;1055;1112;1048;50.00;50.00;50.00;4677;1000;0.0;0;1.0000;0;0
600;2013-10-05 15:10:00;172602N232;1628;3.759;37;222;221;224;220;2.513;50.01;394.4;2.185;379.0;2.129;0.0;0.000;60;0;0;2.460;2.568;2.512;525;559;541;50.01;50.01;50.01;4677;1000;0.0;0;1.0000;0;0
600;2013-10-05 15:20:00;172602N232;432;3.831;37;221;221;223;219;1.054;50.00;388.7;0.574;395.1;0.496;0.0;0.000;60;0;0;1.091;1.113;0.958;131;153;145;50.00;50.00;50.00;4677;1000;0.0;0;1.0000;0;0
600;2013-10-05 15:30:00;172602N232;1108;4.016;37;222;222;223;220;1.714;50.00;412.3;1.463;420.2;1.165;0.0;0.000;60;0;0;1.666;1.752;1.724;355;380;369;50.00;50.00;50.00;4677;1000;0.0;0;1.0000;0;0
600;2013-10-05 15:40:00;172602N232;957;4.176;37;222;222;224;220;1.492;50.00;411.3;1.211;412.7;1.103;0.0;0.000;60;0;0;1.451;1.529;1.497;306;332;318;50.00;50.00;50.00;4677;1000;0.0;0;1.0000;0;0
600;2013-10-05 15:50:00;172602N232;945;4.332;37;221;221;223;220;1.477;50.00;414.9;1.144;409.8;1.144;0.0;0.000;60;0;0;1.433;1.515;1.483;302;327;315;50.00;50.00;50.00;4677;1000;0.0;0;1.0000;0;0
600;2013-10-05 16:00:00;172602N232;569;4.428;37;221;222;222;219;0.919;49.99;406.2;0.689;402.4;0.696;0.0;0.000;60;0;0;0.873;0.956;0.928;178;199;189;49.99;49.99;49.99;4677;1000;0.0;0;1.0000;0;0
600;2013-10-05 16:10:00;172602N232;451;4.504;37;221;220;222;220;0.825;49.99;405.3;0.547;401.6;0.549;0.0;0.000;60;0;0;0.779;0.865;0.831;138;160;151;49.99;49.99;49.99;4677;1000;0.0;0;1.0000;0;0
600;2013-10-05 16:20:00;172602N232;290;4.552;37;220;220;219;221;1.080;49.99;395.8;0.351;393.8;0.353;0.0;0.000;60;0;0;1.167;1.069;1.005;88;121;79;49.99;49.99;49.99;4677;1000;0.0;0;1.0000;0;0
600;2013-10-05 16:30:00;172602N232;633;4.658;37;221;220;221;221;1.297;49.98;401.5;0.692;406.2;0.847;0.0;0.000;60;0;0;1.285;1.339;1.267;202;225;203;49.98;49.98;49.98;4677;1000;0.0;0;1.0000;0;0
600;2013-10-05 16:40:00;172602N232;617;4.761;37;221;222;221;220;1.135;49.98;402.9;0.746;407.1;0.761;0.0;0.000;60;0;0;1.163;1.103;1.139;198;208;209;49.98;49.98;49.98;4677;1000;0.0;0;1.0000;0;0
600;2013-10-05 16:50:00;172602N232;344;4.818;37;221;221;221;220;0.909;50.02;394.2;0.416;395.3;0.426;0.0;0.000;60;0;0;0.966;0.964;0.799;101;133;108;50.02;50.02;50.02;4677;1000;0.0;0;1.0000;0;0
600;2013-10-05 17:00:00;172602N232;528;4.906;37;221;222;220;221;1.207;50.02;413.5;0.450;388.3;0.890;0.0;0.000;60;0;0;1.258;1.204;1.161;160;197;169;50.02;50.02;50.02;4677;1000;0.0;0;1.0000;0;0
600;2013-10-05 17:10:00;172602N232;260;4.950;36;221;222;220;221;1.119;50.00;385.1;0.316;391.8;0.322;0.0;0.000;60;0;0;1.388;1.073;0.897;59;125;74;50.00;50.00;50.00;4677;1000;0.0;0;1.0000;0;0
600;2013-10-05 17:20:00;172602N232;241;4.990;36;221;222;219;221;1.099;49.99;383.0;0.291;394.5;0.298;0.0;0.000;60;0;0;1.429;1.049;0.821;50;119;70;49.99;49.99;49.99;4677;1000;0.0;0;1.0000;0;0
600;2013-10-05 17:30:00;172602N232;281;5.036;36;220;222;218;221;1.115;49.98;388.5;0.339;399.3;0.344;0.0;0.000;60;0;0;1.289;1.047;1.011;77;121;81;49.98;49.98;49.98;4677;1000;0.0;0;1.0000;0;0
600;2013-10-05 17:40:00;172602N232;182;5.068;36;220;223;216;220;1.014;49.99;382.9;0.217;388.4;0.220;0.0;0.000;60;0;0;1.367;0.843;0.833;23;93;68;49.99;49.99;49.99;4677;1000;0.0;0;1.0000;0;0
600;2013-10-05 17:50:00;172602N232;145;5.091;36;219;222;218;218;1.002;50.03;379.7;0.169;383.0;0.175;0.0;0.000;60;0;0;1.473;0.785;0.748;5;81;68;50.03;50.03;50.03;4677;1000;0.0;0;1.0000;0;0
600;2013-10-05 18:00:00;172602N232;124;5.113;35;218;221;218;216;0.991;50.02;367.0;0.145;381.6;0.151;0.0;0.000;60;0;0;1.476;0.761;0.738;1;80;60;50.02;50.02;50.02;4677;1000;0.0;0;1.0000;0;0
600;2013-10-05 18:10:00;172602N232;92;5.128;35;219;220;218;220;0.860;49.99;361.7;0.104;375.0;0.111;0.0;0.000;60;0;0;1.151;0.677;0.752;5;59;28;49.99;49.99;49.99;4677;1000;0.0;0;1.0000;0;0
600;2013-10-05 18:20:00;172602N232;34;5.134;35;219;220;218;219;0.470;49.98;314.5;0.028;335.8;0.034;0.0;0.000;60;0;0;0.545;0.384;0.481;4;24;14;49.98;49.98;49.98;4677;1000;0.0;0;1.0000;0;0
600;2013-10-05 18:30:00;172602N232;2;5.135;34;219;219;218;219;0.131;49.97;252.2;0.000;252.6;0.000;0.0;0.000;60;0;0;0.163;0.124;0.108;0;5;1;49.97;49.97;49.97;4677;1000;0.0;0;1.0000;0;0
600;2013-10-05 18:40:00;172602N232;0;5.135;33;218;219;219;217;0.000;49.98;270.8;0.000;270.5;0.000;0.0;0.000;50;0;0;0.000;0.000;0.000;0;0;0;49.98;49.98;49.98;4677;1000;0.0;0;1.0000;0;0
600;2013-10-05 18:50:00;172602N232;0;5.135;32;218;218;221;216;0.000;50.01;229.6;0.000;230.6;0.000;0.0;0.000;50;0;0;0.000;0.000;0.000;0;0;0;50.01;50.01;50.01;4677;1000;0.0;0;1.0000;0;0
[wr_ende]
