20120831;230000;172602N232;My Plant;+0100
[wr_def_start]
172602N232;Inverter Type;Inverter Group;72602N232      
[wr_def_end]
[wr]
INTERVAL;TIMESTAMP;SERIAL;P_AC;E_DAY;T_WR;U_AC;U_AC_1;U_AC_2;U_AC_3;I_AC;F_AC;U_DC_1;I_DC_1;U_DC_2;I_DC_2;U_DC_3;I_DC_3;S;E_WR;M_WR;I_AC_1;I_AC_2;I_AC_3;P_AC_1;P_AC_2;P_AC_3;F_AC_1;F_AC_2;F_AC_3;R_DC;PC;PCS;PCS_LL;COS_PHI;COS_PHI_LL;S_COS_PHI
600;2012-08-31 06:10:00;172602N232;0;0.000;0;5;5;5;5;0.000;1.18;5.3;0.000;5.3;0.000;0.0;0.000;50;0;0;0.000;0.000;0.000;0;0;0;1.18;1.18;1.18;105;1000;0.0;0;1.0000;0;0
600;2012-08-31 06:20:00;172602N232;0;0.000;26;227;228;230;224;0.000;49.99;229.2;0.000;230.2;0.000;0.0;0.000;50;0;0;0.000;0.000;0.000;0;0;0;49.99;49.99;49.99;0;1000;0.0;0;1.0000;0;0
600;2012-08-31 06:30:00;172602N232;0;0.000;27;227;227;229;224;0.000;49.99;241.8;0.000;242.6;0.000;0.0;0.000;50;0;0;0.000;0.000;0.000;0;0;0;49.99;49.99;49.99;0;1000;0.0;0;1.0000;0;0
600;2012-08-31 06:40:00;172602N232;0;0.000;28;225;226;227;223;0.004;49.99;284.3;0.000;283.2;0.000;0.0;0.000;80;0;0;0.006;0.004;0.004;0;0;0;49.99;49.99;49.99;3772;1000;0.0;0;1.0000;0;0
600;2012-08-31 06:50:00;172602N232;4;0.002;28;224;225;224;222;0.160;49.99;266.5;0.000;271.8;0.001;0.0;0.000;60;0;0;0.226;0.136;0.118;0;7;7;49.99;49.99;49.99;5592;1000;0.0;0;1.0000;0;0
600;2012-08-31 07:00:00;172602N232;51;0.013;28;225;226;226;224;0.623;50.00;359.7;0.052;363.1;0.048;0.0;0.000;60;0;0;0.810;0.548;0.512;0;35;32;50.00;50.00;50.00;5605;1000;0.0;0;1.0000;0;0
600;2012-08-31 07:10:00;172602N232;90;0.032;29;224;225;224;222;0.930;50.02;388.6;0.102;389.3;0.095;0.0;0.000;60;0;0;1.370;0.710;0.710;0;57;50;50.02;50.02;50.02;5605;1000;0.0;0;1.0000;0;0
600;2012-08-31 07:20:00;172602N232;107;0.050;29;222;224;223;221;0.956;50.00;398.1;0.120;396.3;0.116;0.0;0.000;60;0;0;1.400;0.750;0.719;0;58;55;50.00;50.00;50.00;5605;1000;0.0;0;1.0000;0;0
600;2012-08-31 07:30:00;172602N232;104;0.069;30;222;223;222;221;0.955;49.99;396.7;0.115;391.3;0.114;0.0;0.000;60;0;0;1.377;0.769;0.719;1;56;54;49.99;49.99;49.99;5605;1000;0.0;0;1.0000;0;0
600;2012-08-31 07:40:00;172602N232;120;0.088;31;222;223;223;221;0.930;49.99;402.3;0.135;393.6;0.132;0.0;0.000;60;0;0;1.177;0.917;0.697;9;53;57;49.99;49.99;49.99;5605;1000;0.0;0;1.0000;0;0
600;2012-08-31 07:50:00;172602N232;135;0.106;31;221;221;223;221;0.947;49.99;403.4;0.153;394.7;0.150;0.0;0.000;60;0;0;1.064;1.032;0.747;27;44;61;49.99;49.99;49.99;5605;1000;0.0;0;1.0000;0;0
600;2012-08-31 08:00:00;172602N232;147;0.127;32;221;221;223;220;1.006;50.00;403.1;0.166;396.0;0.167;0.0;0.000;60;0;0;0.935;1.276;0.807;23;37;85;50.00;50.00;50.00;5605;1000;0.0;0;1.0000;0;0
600;2012-08-31 08:10:00;172602N232;151;0.152;32;221;221;222;220;0.952;50.02;404.0;0.172;396.3;0.169;0.0;0.000;60;0;0;0.985;1.115;0.757;17;58;74;50.02;50.02;50.02;5605;1000;0.0;0;1.0000;0;0
600;2012-08-31 08:20:00;172602N232;162;0.180;33;221;221;221;220;1.028;49.99;406.7;0.187;400.6;0.180;0.0;0.000;60;0;0;1.269;1.010;0.807;21;82;57;49.99;49.99;49.99;5605;1000;0.0;0;1.0000;0;0
600;2012-08-31 08:30:00;172602N232;180;0.210;33;221;221;222;220;0.986;49.99;414.6;0.205;406.6;0.194;0.0;0.000;60;0;0;1.333;0.847;0.780;48;65;64;49.99;49.99;49.99;5605;1000;0.0;0;1.0000;0;0
600;2012-08-31 08:40:00;172602N232;198;0.243;33;221;221;221;220;1.007;49.98;425.1;0.221;419.8;0.209;0.0;0.000;60;0;0;1.248;0.953;0.820;43;78;75;49.98;49.98;49.98;5605;1000;0.0;0;1.0000;0;0
600;2012-08-31 08:50:00;172602N232;223;0.280;34;221;221;223;220;1.021;49.99;448.3;0.237;442.1;0.224;0.0;0.000;60;0;0;1.098;1.181;0.785;55;83;83;49.99;49.99;49.99;5605;1000;0.0;0;1.0000;0;0
600;2012-08-31 09:00:00;172602N232;298;0.330;34;222;223;223;221;1.136;49.99;431.9;0.394;456.5;0.250;0.0;0.000;60;0;0;1.242;1.143;1.024;76;113;106;49.99;49.99;49.99;5605;1000;0.0;0;1.0000;0;0
600;2012-08-31 09:10:00;172602N232;399;0.397;34;223;224;224;221;1.047;50.00;344.0;0.804;458.7;0.284;0.0;0.000;60;0;0;1.041;1.095;1.006;109;143;145;50.00;50.00;50.00;5605;1000;0.0;0;1.0000;0;0
600;2012-08-31 09:20:00;172602N232;331;0.452;34;223;224;224;221;1.181;50.01;404.3;0.471;462.9;0.306;0.0;0.000;60;0;0;1.305;1.135;1.105;87;116;126;50.01;50.01;50.01;5605;1000;0.0;0;1.0000;0;0
600;2012-08-31 09:30:00;172602N232;316;0.505;35;223;223;224;221;1.150;50.00;454.0;0.346;462.0;0.303;0.0;0.000;60;0;0;1.286;1.101;1.065;93;106;115;50.00;50.00;50.00;5605;1000;0.0;0;1.0000;0;0
600;2012-08-31 09:40:00;172602N232;315;0.557;35;222;222;224;220;1.154;50.00;443.9;0.341;458.2;0.318;0.0;0.000;60;0;0;1.264;1.167;1.032;95;103;115;50.00;50.00;50.00;5605;1000;0.0;0;1.0000;0;0
600;2012-08-31 09:50:00;172602N232;326;0.611;35;222;222;224;221;1.137;50.00;440.1;0.352;460.4;0.334;0.0;0.000;60;0;0;1.216;1.168;1.028;99;111;114;50.00;50.00;50.00;5605;1000;0.0;0;1.0000;0;0
600;2012-08-31 10:00:00;172602N232;341;0.668;35;221;222;223;219;1.127;49.99;443.7;0.360;460.6;0.354;0.0;0.000;60;0;0;1.242;1.137;1.003;96;129;114;49.99;49.99;49.99;5605;1000;0.0;0;1.0000;0;0
600;2012-08-31 10:10:00;172602N232;351;0.728;35;224;225;225;221;1.214;50.01;443.9;0.369;457.4;0.371;0.0;0.000;60;0;0;1.379;1.197;1.067;86;136;126;50.01;50.01;50.01;5605;1000;0.0;0;1.0000;0;0
600;2012-08-31 10:20:00;172602N232;364;0.788;35;224;227;226;220;1.192;49.99;447.6;0.399;446.0;0.387;0.0;0.000;60;0;0;1.354;1.173;1.049;89;146;127;49.99;49.99;49.99;5605;1000;0.0;0;1.0000;0;0
600;2012-08-31 10:30:00;172602N232;377;0.851;36;225;227;227;220;1.246;49.99;458.5;0.423;430.0;0.390;0.0;0.000;60;0;0;1.380;1.250;1.109;91;143;141;49.99;49.99;49.99;5605;1000;0.0;0;1.0000;0;0
600;2012-08-31 10:40:00;172602N232;1087;1.032;36;225;226;228;222;1.690;49.99;294.5;3.254;422.7;0.420;0.0;0.000;60;0;0;1.649;1.743;1.679;350;379;355;49.99;49.99;49.99;5605;1000;0.0;0;1.0000;0;0
600;2012-08-31 10:50:00;172602N232;1189;1.230;36;225;225;228;224;1.803;50.00;323.5;3.181;420.1;0.433;0.0;0.000;60;0;0;1.745;1.856;1.808;380;413;394;50.00;50.00;50.00;5605;1000;0.0;0;1.0000;0;0
600;2012-08-31 11:00:00;172602N232;1478;1.477;36;226;226;227;224;2.219;50.00;348.5;3.699;427.9;0.464;0.0;0.000;60;0;0;2.163;2.273;2.221;478;508;489;50.00;50.00;50.00;5605;1000;0.0;0;1.0000;0;0
600;2012-08-31 11:10:00;172602N232;1883;1.791;37;226;226;228;224;2.804;49.99;386.5;4.205;431.3;0.632;0.0;0.000;60;0;0;2.755;2.859;2.799;616;644;621;49.99;49.99;49.99;5605;1000;0.0;0;1.0000;0;0
600;2012-08-31 11:20:00;172602N232;1792;2.091;37;225;225;228;223;2.672;50.00;391.5;3.904;438.3;0.631;0.0;0.000;60;0;0;2.600;2.750;2.666;580;623;589;50.01;50.00;50.01;5605;1000;0.0;0;1.0000;0;0
600;2012-08-31 11:30:00;172602N232;2243;2.465;38;226;226;230;224;3.331;49.99;385.7;4.975;442.4;0.772;0.0;0.000;60;0;0;3.260;3.417;3.316;727;778;736;49.99;49.99;49.99;5605;1000;0.0;0;1.0000;0;0
600;2012-08-31 11:40:00;172602N232;2161;2.825;38;227;226;230;225;3.204;49.99;385.5;4.935;436.9;0.628;0.0;0.000;60;0;0;3.131;3.280;3.203;698;747;714;49.99;49.99;49.99;5605;1000;0.0;0;1.0000;0;0
600;2012-08-31 11:50:00;172602N232;2195;3.191;39;228;227;231;226;3.246;50.01;383.7;5.050;441.3;0.613;0.0;0.000;60;0;0;3.173;3.318;3.249;710;757;725;50.01;50.01;50.01;5605;1000;0.0;0;1.0000;0;0
600;2012-08-31 12:00:00;172602N232;2405;3.592;39;228;228;230;227;3.536;50.00;381.9;5.457;447.9;0.761;0.0;0.000;60;0;0;3.470;3.602;3.537;784;823;796;50.00;50.00;50.00;5605;1000;0.0;0;1.0000;0;0
600;2012-08-31 12:10:00;172602N232;2543;4.017;40;228;227;229;227;3.754;50.01;379.2;5.701;427.0;0.961;0.0;0.000;60;0;0;3.694;3.808;3.761;830;867;845;50.01;50.01;50.01;5605;1000;0.0;0;1.0000;0;0
600;2012-08-31 12:20:00;172602N232;2611;4.452;40;227;226;228;226;3.857;50.02;374.8;5.838;369.6;1.318;0.0;0.000;60;0;0;3.787;3.907;3.878;851;886;871;50.02;50.02;50.02;5605;1000;0.0;0;1.0000;0;0
600;2012-08-31 12:30:00;172602N232;2982;4.950;41;227;227;230;225;4.398;50.03;374.6;6.047;253.6;3.036;0.0;0.000;60;0;0;4.326;4.470;4.400;974;1020;986;50.03;50.03;50.03;5605;1000;0.0;0;1.0000;0;0
600;2012-08-31 12:40:00;172602N232;3624;5.554;41;227;227;230;226;5.335;50.02;373.2;6.148;262.0;5.379;0.0;0.000;60;0;0;5.253;5.420;5.333;1185;1240;1198;50.02;50.02;50.02;5605;1000;0.0;0;1.0000;0;0
600;2012-08-31 12:50:00;172602N232;3555;6.147;42;227;226;230;225;5.234;50.02;372.0;5.835;277.8;5.257;0.0;0.000;60;0;0;5.157;5.313;5.234;1163;1216;1175;50.02;50.02;50.02;5605;1000;0.0;0;1.0000;0;0
600;2012-08-31 13:00:00;172602N232;3639;6.754;42;227;227;229;225;5.359;50.03;374.4;5.622;298.9;5.376;0.0;0.000;60;0;0;5.289;5.437;5.351;1194;1243;1201;50.03;50.03;50.03;5605;1000;0.0;0;1.0000;0;0
600;2012-08-31 13:10:00;172602N232;2227;7.126;43;226;227;229;223;3.305;49.98;383.5;3.106;371.6;2.881;0.0;0.000;60;0;0;3.252;3.381;3.282;731;767;728;49.98;49.98;49.98;5605;1000;0.0;0;1.0000;0;0
600;2012-08-31 13:20:00;172602N232;4121;7.813;43;227;226;230;226;6.046;50.00;383.9;5.501;384.8;5.398;0.0;0.000;60;0;0;5.948;6.146;6.044;1343;1412;1364;50.00;50.00;50.00;5605;1000;0.0;0;1.0000;0;0
600;2012-08-31 13:30:00;172602N232;2972;8.308;43;227;227;229;224;4.384;50.00;384.6;3.934;386.5;3.873;0.0;0.000;60;0;0;4.325;4.457;4.370;977;1016;977;50.00;50.00;50.00;5605;1000;0.0;0;1.0000;0;0
600;2012-08-31 13:40:00;172602N232;1870;8.620;43;226;227;228;223;2.786;50.02;391.4;2.407;391.2;2.389;0.0;0.000;60;0;0;2.737;2.845;2.778;612;643;614;50.02;50.02;50.02;5605;1000;0.0;0;1.0000;0;0
600;2012-08-31 13:50:00;172602N232;1629;8.892;43;226;226;228;225;2.438;50.00;395.7;2.098;396.3;2.037;0.0;0.000;60;0;0;2.383;2.488;2.443;528;558;540;50.00;50.00;50.00;5605;1000;0.0;0;1.0000;0;0
600;2012-08-31 14:00:00;172602N232;1908;9.211;43;227;227;229;225;2.824;50.01;405.2;2.414;407.7;2.314;0.0;0.000;60;0;0;2.759;2.886;2.828;621;653;632;50.01;50.01;50.01;5605;1000;0.0;0;1.0000;0;0
600;2012-08-31 14:10:00;172602N232;2072;9.555;42;227;228;229;225;3.057;50.00;402.8;2.675;406.7;2.477;0.0;0.000;60;0;0;3.006;3.111;3.054;680;706;684;50.00;50.00;50.00;5605;1000;0.0;0;1.0000;0;0
600;2012-08-31 14:20:00;172602N232;2979;10.052;42;228;229;230;226;4.366;50.00;393.6;4.092;376.6;3.813;0.0;0.000;60;0;0;4.325;4.426;4.348;986;1012;979;50.00;50.00;50.00;5605;1000;0.0;0;1.0000;0;0
600;2012-08-31 14:30:00;172602N232;1863;10.363;43;227;229;229;223;2.750;50.01;401.3;2.420;394.8;2.325;0.0;0.000;60;0;0;2.708;2.819;2.723;616;641;604;50.01;50.01;50.01;5605;1000;0.0;0;1.0000;0;0
600;2012-08-31 14:40:00;172602N232;2173;10.724;43;227;228;228;225;3.205;49.99;402.9;2.977;397.9;2.533;0.0;0.000;60;0;0;3.159;3.258;3.199;716;739;716;49.99;49.99;49.99;5605;1000;0.0;0;1.0000;0;0
600;2012-08-31 14:50:00;172602N232;2117;11.078;43;227;228;228;226;3.123;50.00;397.8;3.027;393.7;2.409;0.0;0.000;60;0;0;3.071;3.170;3.129;695;719;701;50.00;50.00;50.00;5605;1000;0.0;0;1.0000;0;0
600;2012-08-31 15:00:00;172602N232;3077;11.591;43;228;229;230;226;4.511;50.00;392.0;4.906;323.3;3.735;0.0;0.000;60;0;0;4.454;4.583;4.497;1013;1049;1013;50.00;50.00;50.00;5605;1000;0.0;0;1.0000;0;0
600;2012-08-31 15:10:00;172602N232;3230;12.129;43;228;228;230;226;4.730;49.99;385.2;5.420;335.1;3.578;0.0;0.000;60;0;0;4.686;4.786;4.719;1067;1095;1065;49.99;49.99;49.99;5605;1000;0.0;0;1.0000;0;0
600;2012-08-31 15:20:00;172602N232;3168;12.658;43;229;228;231;227;4.637;50.00;377.7;5.727;337.0;3.145;0.0;0.000;60;0;0;4.561;4.720;4.630;1035;1088;1046;50.00;50.00;50.00;5605;1000;0.0;0;1.0000;0;0
600;2012-08-31 15:30:00;172602N232;2938;13.148;43;228;228;230;226;4.307;49.99;376.1;5.467;302.4;3.096;0.0;0.000;60;0;0;4.240;4.386;4.295;962;1007;967;49.99;49.99;49.99;5605;1000;0.0;0;1.0000;0;0
600;2012-08-31 15:40:00;172602N232;2997;13.648;43;228;228;230;226;4.389;50.01;376.6;5.532;285.8;3.396;0.0;0.000;60;0;0;4.330;4.452;4.385;986;1022;987;50.01;50.01;50.01;5605;1000;0.0;0;1.0000;0;0
600;2012-08-31 15:50:00;172602N232;2973;14.143;44;228;228;230;226;4.357;50.01;374.6;5.444;279.6;3.534;0.0;0.000;60;0;0;4.289;4.417;4.365;974;1013;984;50.01;50.01;50.01;5605;1000;0.0;0;1.0000;0;0
600;2012-08-31 16:00:00;172602N232;3040;14.650;44;229;228;230;227;4.447;50.00;374.7;5.287;282.9;4.011;0.0;0.000;60;0;0;4.387;4.500;4.456;999;1032;1008;50.00;50.00;50.00;5605;1000;0.0;0;1.0000;0;0
600;2012-08-31 16:10:00;172602N232;1721;14.938;44;227;229;228;226;2.546;50.01;377.8;2.540;366.7;2.208;0.0;0.000;60;0;0;2.509;2.575;2.555;567;582;572;50.01;50.01;50.01;5605;1000;0.0;0;1.0000;0;0
600;2012-08-31 16:20:00;172602N232;3113;15.459;44;228;229;230;226;4.554;49.99;389.5;4.386;355.3;4.140;0.0;0.000;60;0;0;4.505;4.619;4.539;1027;1061;1023;49.99;49.99;49.99;5605;1000;0.0;0;1.0000;0;0
600;2012-08-31 16:30:00;172602N232;2380;15.856;44;228;228;230;225;3.515;49.99;390.1;3.146;384.4;3.056;0.0;0.000;60;0;0;3.467;3.582;3.498;778;819;782;49.99;49.99;49.99;5605;1000;0.0;0;1.0000;0;0
600;2012-08-31 16:40:00;172602N232;3199;16.389;44;228;228;229;226;4.700;49.98;376.6;4.211;391.0;4.239;0.0;0.000;60;0;0;4.650;4.766;4.684;1055;1088;1054;49.98;49.98;49.98;5605;1000;0.0;0;1.0000;0;0
600;2012-08-31 16:50:00;172602N232;2893;16.870;44;228;229;229;226;4.255;49.99;305.7;4.071;386.1;4.405;0.0;0.000;60;0;0;4.230;4.303;4.233;963;979;949;49.99;49.99;49.99;5605;1000;0.0;0;1.0000;0;0
600;2012-08-31 17:00:00;172602N232;1522;17.124;44;227;228;227;225;2.266;50.01;317.6;1.946;385.8;2.573;0.0;0.000;60;0;0;2.226;2.301;2.271;499;516;504;50.01;50.01;50.01;5605;1000;0.0;0;1.0000;0;0
600;2012-08-31 17:10:00;172602N232;1468;17.369;44;226;228;227;224;2.201;49.99;427.1;0.825;398.1;2.815;0.0;0.000;60;0;0;2.174;2.244;2.187;484;502;481;49.99;49.99;49.99;5605;1000;0.0;0;1.0000;0;0
600;2012-08-31 17:20:00;172602N232;1003;17.537;43;226;226;227;223;1.770;49.99;414.4;0.474;388.6;2.041;0.0;0.000;60;0;0;1.776;1.813;1.721;320;346;336;49.99;49.99;49.99;5605;1000;0.0;0;1.0000;0;0
600;2012-08-31 17:30:00;172602N232;283;17.584;43;225;225;226;224;1.148;50.00;378.5;0.350;382.7;0.366;0.0;0.000;60;0;0;1.189;1.263;0.993;73;107;101;50.00;50.00;50.00;5605;1000;0.0;0;1.0000;0;0
600;2012-08-31 17:40:00;172602N232;532;17.673;42;225;227;226;223;0.836;49.99;429.1;0.467;389.0;0.914;0.0;0.000;60;0;0;0.791;0.870;0.848;165;187;178;49.99;49.99;49.99;5605;1000;0.0;0;1.0000;0;0
600;2012-08-31 17:50:00;172602N232;332;17.728;42;225;226;225;225;0.922;50.00;393.7;0.396;400.2;0.408;0.0;0.000;60;0;0;0.972;0.916;0.879;97;117;115;50.00;50.00;50.00;5605;1000;0.0;0;1.0000;0;0
600;2012-08-31 18:00:00;172602N232;358;17.789;42;226;226;227;225;1.200;50.02;454.8;0.379;434.7;0.388;0.0;0.000;60;0;0;1.263;1.258;1.081;98;130;128;50.02;50.02;50.02;5605;1000;0.0;0;1.0000;0;0
600;2012-08-31 18:10:00;172602N232;430;17.859;41;226;226;227;225;0.962;50.01;272.0;1.087;425.3;0.344;0.0;0.000;60;0;0;0.951;1.012;0.924;128;153;146;50.01;50.01;50.01;5605;1000;0.0;0;1.0000;0;0
600;2012-08-31 18:20:00;172602N232;473;17.939;41;224;226;226;221;1.075;50.01;293.2;1.130;420.7;0.342;0.0;0.000;60;0;0;1.078;1.145;1.004;154;172;145;50.01;50.01;50.01;5605;1000;0.0;0;1.0000;0;0
600;2012-08-31 18:30:00;172602N232;356;17.999;40;222;224;222;220;1.180;49.99;367.5;0.516;404.4;0.398;0.0;0.000;60;0;0;1.324;1.166;1.050;87;143;125;49.99;49.99;49.99;5605;1000;0.0;0;1.0000;0;0
600;2012-08-31 18:40:00;172602N232;409;18.067;40;223;225;223;220;1.100;49.99;406.3;0.493;418.6;0.468;0.0;0.000;60;0;0;1.213;1.107;0.980;118;156;133;49.99;49.99;49.99;5605;1000;0.0;0;1.0000;0;0
600;2012-08-31 18:50:00;172602N232;549;18.158;40;222;223;223;220;1.197;49.99;369.7;1.118;427.1;0.300;0.0;0.000;60;0;0;1.363;1.106;1.123;177;182;188;49.99;49.99;49.99;5605;1000;0.0;0;1.0000;0;0
600;2012-08-31 19:00:00;172602N232;228;18.197;40;222;223;222;220;1.039;49.99;360.0;0.412;388.5;0.165;0.0;0.000;60;0;0;1.367;0.911;0.839;49;97;87;49.99;49.99;49.99;5605;1000;0.0;0;1.0000;0;0
600;2012-08-31 19:10:00;172602N232;90;18.213;39;222;224;220;221;0.934;50.02;353.2;0.110;363.4;0.112;0.0;0.000;60;0;0;1.411;0.714;0.678;0;61;47;50.02;50.02;50.02;5605;1000;0.0;0;1.0000;0;0
600;2012-08-31 19:20:00;172602N232;91;18.227;39;222;223;221;222;0.910;49.99;351.6;0.112;367.5;0.112;0.0;0.000;60;0;0;1.301;0.709;0.720;0;57;41;49.99;49.99;49.99;5605;1000;0.0;0;1.0000;0;0
600;2012-08-31 19:30:00;172602N232;67;18.240;39;222;221;222;221;0.855;49.98;342.7;0.081;359.0;0.081;0.0;0.000;60;0;0;0.978;0.864;0.724;7;25;33;49.98;49.98;49.98;5605;1000;0.0;0;1.0000;0;0
600;2012-08-31 19:40:00;172602N232;52;18.249;38;222;222;222;221;0.753;49.99;345.2;0.057;354.0;0.058;0.0;0.000;60;0;0;0.946;0.737;0.577;3;24;36;49.99;49.99;49.99;5605;1000;0.0;0;1.0000;0;0
600;2012-08-31 19:50:00;172602N232;24;18.252;38;222;221;221;222;0.426;49.99;298.7;0.020;306.4;0.021;0.0;0.000;60;0;0;0.458;0.444;0.377;2;18;12;49.99;49.99;49.99;5605;1000;0.0;0;1.0000;0;0
600;2012-08-31 20:00:00;172602N232;1;18.253;37;221;219;222;223;0.112;49.99;251.4;0.000;252.2;0.000;0.0;0.000;60;0;0;0.086;0.165;0.086;3;4;0;49.99;49.99;49.99;5605;1000;0.0;0;1.0000;0;0
600;2012-08-31 20:10:00;172602N232;0;18.253;37;222;219;224;222;0.055;50.00;250.3;0.000;250.6;0.000;0.0;0.000;60;0;0;0.036;0.112;0.018;1;0;0;50.00;50.00;50.00;5605;1000;0.0;0;1.0000;0;0
600;2012-08-31 20:20:00;172602N232;0;18.253;36;222;221;225;221;0.002;50.01;244.6;0.000;245.2;0.000;0.0;0.000;50;0;0;0.000;0.007;0.000;0;0;0;50.01;50.01;50.01;5605;1000;0.0;0;1.0000;0;0
600;2012-08-31 20:30:00;172602N232;0;18.253;34;222;222;225;220;0.000;50.01;229.4;0.000;230.3;0.000;0.0;0.000;50;0;0;0.000;0.000;0.000;0;0;0;50.01;50.01;50.01;5605;1000;0.0;0;1.0000;0;0
600;2012-08-31 20:40:00;172602N232;0;18.253;33;222;223;225;219;0.000;50.01;224.1;0.000;225.0;0.000;0.0;0.000;50;0;0;0.000;0.000;0.000;0;0;0;50.01;50.01;50.01;5605;1000;0.0;0;1.0000;0;0
[wr_ende]
