20121006;230003;172602N232;My Plant;+0100
[wr_def_start]
172602N232;Inverter Type;Inverter Group;72602N232      
[wr_def_end]
[wr]
INTERVAL;TIMESTAMP;SERIAL;P_AC;E_DAY;T_WR;U_AC;U_AC_1;U_AC_2;U_AC_3;I_AC;F_AC;U_DC_1;I_DC_1;U_DC_2;I_DC_2;U_DC_3;I_DC_3;S;E_WR;M_WR;I_AC_1;I_AC_2;I_AC_3;P_AC_1;P_AC_2;P_AC_3;F_AC_1;F_AC_2;F_AC_3;R_DC;PC;PCS;PCS_LL;COS_PHI;COS_PHI_LL;S_COS_PHI
600;2012-10-06 07:20:00;172602N232;0;0.000;0;4;4;4;4;0.000;1.09;4.7;0.000;4.7;0.000;0.0;0.000;50;0;0;0.000;0.000;0.000;0;0;0;1.09;1.09;1.09;56;1000;0.0;0;1.0000;0;0
600;2012-10-06 07:30:00;172602N232;0;0.000;20;227;229;230;223;0.000;50.00;229.7;0.000;230.6;0.000;0.0;0.000;50;0;0;0.000;0.000;0.000;0;0;0;50.00;50.00;50.00;0;1000;0.0;0;1.0000;0;0
600;2012-10-06 07:40:00;172602N232;0;0.000;21;227;229;230;223;0.000;50.01;233.7;0.000;234.6;0.000;0.0;0.000;50;0;0;0.000;0.000;0.000;0;0;0;50.01;50.01;50.01;0;1000;0.0;0;1.0000;0;0
600;2012-10-06 07:50:00;172602N232;2;0.000;22;227;228;228;224;0.112;50.00;274.6;0.000;273.5;0.000;0.0;0.000;60;0;0;0.142;0.103;0.091;0;4;5;50.00;50.00;50.00;6114;1000;0.0;0;1.0000;0;0
600;2012-10-06 08:00:00;172602N232;20;0.004;22;227;227;228;225;0.372;50.03;314.2;0.014;297.8;0.016;0.0;0.000;60;0;0;0.551;0.348;0.218;7;10;14;50.03;50.03;50.03;10251;1000;0.0;0;1.0000;0;0
600;2012-10-06 08:10:00;172602N232;35;0.010;23;226;226;227;225;0.529;50.02;352.5;0.029;354.3;0.028;0.0;0.000;60;0;0;0.613;0.580;0.395;3;12;26;50.02;50.02;50.02;10251;1000;0.0;0;1.0000;0;0
600;2012-10-06 08:20:00;172602N232;94;0.026;23;225;226;226;225;0.910;50.00;388.3;0.108;395.7;0.098;0.0;0.000;60;0;0;1.010;0.989;0.733;8;30;55;50.00;50.00;50.00;10251;1000;0.0;0;1.0000;0;0
600;2012-10-06 08:30:00;172602N232;100;0.042;24;225;225;226;224;0.945;49.98;391.3;0.115;398.2;0.105;0.0;0.000;60;0;0;1.013;1.056;0.767;10;28;60;49.98;49.98;49.98;10251;1000;0.0;0;1.0000;0;0
600;2012-10-06 08:40:00;172602N232;201;0.075;24;224;224;226;221;1.065;49.99;412.0;0.233;413.2;0.219;0.0;0.000;60;0;0;1.125;1.252;0.820;47;62;91;49.99;49.99;49.99;10251;1000;0.0;0;1.0000;0;0
600;2012-10-06 08:50:00;172602N232;307;0.127;25;225;225;227;222;1.193;49.97;420.9;0.362;423.5;0.335;0.0;0.000;60;0;0;1.218;1.384;0.979;81;105;119;49.97;49.97;49.97;10251;1000;0.0;0;1.0000;0;0
600;2012-10-06 09:00:00;172602N232;464;0.204;26;223;220;227;223;1.061;49.99;426.7;0.554;431.5;0.503;0.0;0.000;60;0;0;1.007;1.129;1.048;141;165;156;49.99;49.99;49.99;10251;1000;0.0;0;1.0000;0;0
600;2012-10-06 09:10:00;172602N232;369;0.266;27;222;218;225;223;1.121;49.98;418.8;0.443;425.3;0.402;0.0;0.000;60;0;0;1.045;1.307;1.012;124;121;121;49.98;49.98;49.98;10251;1000;0.0;0;1.0000;0;0
600;2012-10-06 09:20:00;172602N232;222;0.303;28;222;219;224;222;1.020;49.99;409.8;0.262;413.0;0.244;0.0;0.000;60;0;0;1.015;1.222;0.824;88;55;77;49.99;49.99;49.99;10251;1000;0.0;0;1.0000;0;0
600;2012-10-06 09:30:00;172602N232;237;0.343;28;222;220;224;222;1.057;49.99;412.6;0.276;413.3;0.266;0.0;0.000;60;0;0;1.019;1.281;0.871;77;75;83;49.99;49.99;49.99;10251;1000;0.0;0;1.0000;0;0
600;2012-10-06 09:40:00;172602N232;239;0.382;28;224;222;226;223;1.072;49.99;416.0;0.276;413.9;0.267;0.0;0.000;60;0;0;0.999;1.352;0.866;71;75;92;49.99;49.99;49.99;10251;1000;0.0;0;1.0000;0;0
600;2012-10-06 09:50:00;172602N232;261;0.426;29;223;222;226;223;1.119;49.99;417.2;0.303;416.4;0.292;0.0;0.000;60;0;0;0.975;1.405;0.977;72;81;107;49.99;49.99;49.99;10251;1000;0.0;0;1.0000;0;0
600;2012-10-06 10:00:00;172602N232;276;0.473;29;223;221;224;223;1.129;50.00;418.9;0.319;417.3;0.309;0.0;0.000;60;0;0;1.105;1.317;0.965;87;102;85;50.00;50.00;50.00;10251;1000;0.0;0;1.0000;0;0
600;2012-10-06 10:10:00;172602N232;290;0.522;29;222;221;224;223;1.138;50.00;417.6;0.338;419.0;0.324;0.0;0.000;60;0;0;1.176;1.275;0.963;94;103;91;50.00;50.00;50.00;10251;1000;0.0;0;1.0000;0;0
600;2012-10-06 10:20:00;172602N232;400;0.589;29;222;221;223;223;1.073;49.99;415.3;0.474;425.6;0.451;0.0;0.000;60;0;0;1.052;1.134;1.035;125;144;129;49.99;49.99;49.99;10251;1000;0.0;0;1.0000;0;0
600;2012-10-06 10:30:00;172602N232;550;0.681;30;223;223;222;223;1.139;49.99;434.0;0.637;431.7;0.612;0.0;0.000;60;0;0;1.158;1.103;1.156;177;186;184;49.99;49.99;49.99;10251;1000;0.0;0;1.0000;0;0
600;2012-10-06 10:40:00;172602N232;590;0.779;30;222;221;221;223;1.004;49.99;432.5;0.684;430.7;0.664;0.0;0.000;60;0;0;0.971;0.994;1.048;185;200;203;49.99;49.99;49.99;10251;1000;0.0;0;1.0000;0;0
600;2012-10-06 10:50:00;172602N232;621;0.882;30;222;222;220;222;1.202;49.99;431.5;0.724;429.4;0.698;0.0;0.000;60;0;0;1.070;1.128;1.408;182;209;228;49.99;49.99;49.99;10251;1000;0.0;0;1.0000;0;0
600;2012-10-06 11:00:00;172602N232;654;0.991;31;223;224;222;221;1.243;49.99;432.7;0.763;431.1;0.733;0.0;0.000;60;0;0;1.330;1.171;1.229;216;215;222;49.99;49.99;49.99;10251;1000;0.0;0;1.0000;0;0
600;2012-10-06 11:10:00;172602N232;607;1.093;31;224;225;224;222;1.220;49.98;429.8;0.711;428.1;0.686;0.0;0.000;60;0;0;1.297;1.168;1.197;199;203;203;49.98;49.98;49.98;10251;1000;0.0;0;1.0000;0;0
600;2012-10-06 11:20:00;172602N232;589;1.191;31;224;225;223;223;1.122;49.98;426.7;0.698;427.1;0.664;0.0;0.000;60;0;0;1.179;1.128;1.061;184;207;196;49.98;49.98;49.98;10251;1000;0.0;0;1.0000;0;0
600;2012-10-06 11:30:00;172602N232;509;1.276;31;224;224;224;223;1.076;49.99;424.6;0.601;426.0;0.573;0.0;0.000;60;0;0;1.110;1.106;1.014;159;181;167;49.99;49.99;49.99;10251;1000;0.0;0;1.0000;0;0
600;2012-10-06 11:40:00;172602N232;453;1.352;32;224;224;225;223;1.147;49.99;416.2;0.538;423.7;0.516;0.0;0.000;60;0;0;1.170;1.193;1.079;132;163;157;49.99;49.99;49.99;10251;1000;0.0;0;1.0000;0;0
600;2012-10-06 11:50:00;172602N232;696;1.468;32;224;225;224;222;1.118;49.99;431.0;0.820;431.6;0.777;0.0;0.000;60;0;0;1.103;1.130;1.121;223;238;233;49.99;49.99;49.99;10251;1000;0.0;0;1.0000;0;0
600;2012-10-06 12:00:00;172602N232;705;1.586;32;224;225;224;224;1.084;49.98;431.3;0.823;429.3;0.800;0.0;0.000;60;0;0;1.034;1.117;1.103;223;242;238;49.98;49.98;49.98;10251;1000;0.0;0;1.0000;0;0
600;2012-10-06 12:10:00;172602N232;747;1.710;32;225;222;227;225;1.161;49.99;429.6;0.880;430.5;0.841;0.0;0.000;60;0;0;1.093;1.215;1.176;231;262;252;49.99;49.99;49.99;10251;1000;0.0;0;1.0000;0;0
600;2012-10-06 12:20:00;172602N232;912;1.864;33;225;224;227;225;1.382;50.01;433.7;1.068;433.6;1.026;0.0;0.000;60;0;0;1.317;1.423;1.406;287;316;308;50.01;50.01;50.01;10251;1000;0.0;0;1.0000;0;0
600;2012-10-06 12:30:00;172602N232;918;2.016;33;224;223;226;223;1.406;49.99;431.5;1.085;432.8;1.031;0.0;0.000;60;0;0;1.347;1.445;1.426;289;318;309;49.99;49.99;49.99;10251;1000;0.0;0;1.0000;0;0
600;2012-10-06 12:40:00;172602N232;722;2.136;33;224;224;225;223;1.172;49.99;427.7;0.851;426.0;0.826;0.0;0.000;60;0;0;1.186;1.165;1.165;231;245;243;49.99;49.99;49.99;10251;1000;0.0;0;1.0000;0;0
600;2012-10-06 12:50:00;172602N232;703;2.253;34;224;223;225;224;1.170;50.01;421.5;0.839;425.8;0.803;0.0;0.000;60;0;0;1.142;1.201;1.169;222;243;236;50.01;50.01;50.01;10251;1000;0.0;0;1.0000;0;0
600;2012-10-06 13:00:00;172602N232;929;2.409;34;224;224;225;224;1.413;50.00;431.5;1.100;433.1;1.039;0.0;0.000;60;0;0;1.359;1.443;1.438;296;317;314;50.00;50.00;50.00;10251;1000;0.0;0;1.0000;0;0
600;2012-10-06 13:10:00;172602N232;863;2.552;34;225;225;225;224;1.326;49.97;430.0;1.023;430.2;0.974;0.0;0.000;60;0;0;1.274;1.356;1.348;275;296;290;49.97;49.97;49.97;10251;1000;0.0;0;1.0000;0;0
600;2012-10-06 13:20:00;172602N232;1051;2.728;35;225;226;225;225;1.624;50.00;429.8;1.249;433.7;1.183;0.0;0.000;60;0;0;1.597;1.643;1.633;343;356;350;50.00;50.00;50.00;10251;1000;0.0;0;1.0000;0;0
600;2012-10-06 13:30:00;172602N232;923;2.882;35;224;225;224;224;1.419;49.99;429.4;1.096;430.4;1.042;0.0;0.000;60;0;0;1.377;1.444;1.437;297;314;310;49.99;49.99;49.99;10251;1000;0.0;0;1.0000;0;0
600;2012-10-06 13:40:00;172602N232;844;3.023;35;225;226;226;223;1.407;50.00;431.8;0.987;429.1;0.961;0.0;0.000;60;0;0;1.445;1.387;1.389;272;286;284;50.00;50.00;50.00;10251;1000;0.0;0;1.0000;0;0
600;2012-10-06 13:50:00;172602N232;1008;3.191;36;225;226;227;223;1.558;50.00;433.0;1.179;431.7;1.144;0.0;0.000;60;0;0;1.519;1.593;1.562;324;347;334;50.00;50.00;50.00;10251;1000;0.0;0;1.0000;0;0
600;2012-10-06 14:00:00;172602N232;908;3.342;36;226;226;227;224;1.408;50.00;430.1;1.074;428.8;1.030;0.0;0.000;60;0;0;1.374;1.437;1.413;290;314;302;50.00;50.00;50.00;10251;1000;0.0;0;1.0000;0;0
600;2012-10-06 14:10:00;172602N232;989;3.508;36;225;226;225;225;1.524;49.97;428.3;1.179;429.1;1.123;0.0;0.000;60;0;0;1.488;1.545;1.541;319;337;332;49.97;49.97;49.97;10251;1000;0.0;0;1.0000;0;0
600;2012-10-06 14:20:00;172602N232;1178;3.705;36;226;227;225;226;1.797;49.98;436.5;1.382;438.8;1.307;0.0;0.000;60;0;0;1.769;1.801;1.823;383;395;397;49.98;49.98;49.98;10251;1000;0.0;0;1.0000;0;0
600;2012-10-06 14:30:00;172602N232;1253;3.913;37;225;226;224;224;1.920;49.99;314.6;2.687;468.7;0.925;0.0;0.000;60;0;0;1.899;1.921;1.941;411;419;421;49.99;49.99;49.99;10251;1000;0.0;0;1.0000;0;0
600;2012-10-06 14:40:00;172602N232;971;4.074;37;222;222;223;222;1.507;49.99;340.4;1.981;375.7;1.024;0.0;0.000;60;0;0;1.456;1.537;1.530;311;331;327;49.99;49.99;49.99;10251;1000;0.0;0;1.0000;0;0
600;2012-10-06 14:50:00;172602N232;1282;4.288;37;222;221;223;223;1.961;49.98;402.5;1.935;450.1;1.149;0.0;0.000;60;0;0;1.887;1.999;1.998;409;437;434;49.98;49.98;49.98;10251;1000;0.0;0;1.0000;0;0
600;2012-10-06 15:00:00;172602N232;941;4.445;37;221;222;220;222;1.481;49.98;397.1;1.347;435.3;0.934;0.0;0.000;60;0;0;1.436;1.495;1.513;304;317;318;49.98;49.98;49.98;10251;1000;0.0;0;1.0000;0;0
600;2012-10-06 15:10:00;172602N232;1146;4.637;38;221;221;222;220;1.777;49.97;435.8;1.376;436.5;1.240;0.0;0.000;60;0;0;1.742;1.803;1.786;372;390;382;49.97;49.97;49.97;10251;1000;0.0;0;1.0000;0;0
600;2012-10-06 15:20:00;172602N232;946;4.795;38;221;220;223;219;1.478;49.99;425.0;1.169;431.4;1.025;0.0;0.000;60;0;0;1.425;1.525;1.484;300;330;314;49.99;49.99;49.99;10251;1000;0.0;0;1.0000;0;0
600;2012-10-06 15:30:00;172602N232;770;4.923;38;221;220;222;221;1.198;49.99;419.9;0.928;415.0;0.900;0.0;0.000;60;0;0;1.141;1.234;1.219;242;266;260;49.99;49.99;49.99;10251;1000;0.0;0;1.0000;0;0
600;2012-10-06 15:40:00;172602N232;728;5.045;38;220;220;220;221;1.216;49.99;411.3;0.903;415.0;0.843;0.0;0.000;60;0;0;1.177;1.230;1.243;231;249;246;49.99;49.99;49.99;10251;1000;0.0;0;1.0000;0;0
600;2012-10-06 15:50:00;172602N232;184;5.076;38;219;221;217;220;0.968;49.99;385.6;0.230;390.1;0.205;0.0;0.000;60;0;0;1.136;0.848;0.920;41;91;51;49.99;49.99;49.99;10251;1000;0.0;0;1.0000;0;0
600;2012-10-06 16:00:00;172602N232;270;5.121;38;220;221;220;220;1.093;49.98;401.0;0.330;408.9;0.301;0.0;0.000;60;0;0;1.268;1.081;0.932;71;121;76;49.98;49.98;49.98;10251;1000;0.0;0;1.0000;0;0
600;2012-10-06 16:10:00;172602N232;524;5.208;38;220;219;221;220;0.957;50.00;447.8;0.650;443.4;0.495;0.0;0.000;60;0;0;0.916;0.997;0.958;162;185;175;50.00;50.00;50.00;10251;1000;0.0;0;1.0000;0;0
600;2012-10-06 16:20:00;172602N232;305;5.260;37;220;219;221;219;1.063;50.00;395.7;0.478;420.7;0.285;0.0;0.000;60;0;0;1.064;1.168;0.958;87;110;106;50.00;50.00;50.00;10251;1000;0.0;0;1.0000;0;0
600;2012-10-06 16:30:00;172602N232;297;5.309;37;220;219;222;219;1.138;49.97;394.6;0.416;437.8;0.275;0.0;0.000;60;0;0;1.197;1.274;0.945;93;99;103;49.97;49.97;49.97;10251;1000;0.0;0;1.0000;0;0
600;2012-10-06 16:40:00;172602N232;261;5.353;37;220;223;222;216;1.157;49.98;441.3;0.304;435.4;0.254;0.0;0.000;60;0;0;1.526;1.029;0.916;51;112;100;49.98;49.98;49.98;10251;1000;0.0;0;1.0000;0;0
600;2012-10-06 16:50:00;172602N232;273;5.399;36;220;222;220;218;1.168;49.97;445.2;0.296;422.3;0.297;0.0;0.000;60;0;0;1.526;1.077;0.903;60;118;93;49.97;49.97;49.97;10251;1000;0.0;0;1.0000;0;0
600;2012-10-06 17:00:00;172602N232;271;5.445;36;219;222;220;216;1.142;49.99;439.7;0.273;438.3;0.304;0.0;0.000;60;0;0;1.460;1.031;0.936;58;111;100;49.99;49.99;49.99;10251;1000;0.0;0;1.0000;0;0
600;2012-10-06 17:10:00;172602N232;311;5.496;36;222;223;222;220;1.154;50.00;422.5;0.321;432.4;0.377;0.0;0.000;60;0;0;1.334;1.134;0.995;77;130;102;50.00;50.00;50.00;10251;1000;0.0;0;1.0000;0;0
600;2012-10-06 17:20:00;172602N232;241;5.536;36;223;225;223;222;1.056;49.98;395.2;0.272;422.1;0.280;0.0;0.000;60;0;0;1.275;0.982;0.913;40;101;99;49.98;49.98;49.98;10251;1000;0.0;0;1.0000;0;0
600;2012-10-06 17:30:00;172602N232;329;5.591;36;223;224;223;221;1.115;49.98;418.8;0.359;431.1;0.379;0.0;0.000;60;0;0;1.247;1.100;0.998;92;125;110;49.98;49.98;49.98;10251;1000;0.0;0;1.0000;0;0
600;2012-10-06 17:40:00;172602N232;156;5.618;36;223;224;224;222;1.054;49.97;408.9;0.157;418.0;0.183;0.0;0.000;60;0;0;1.464;0.915;0.784;11;79;67;49.97;49.97;49.97;10251;1000;0.0;0;1.0000;0;0
600;2012-10-06 17:50:00;172602N232;120;5.638;35;223;223;225;221;0.911;49.98;384.7;0.123;401.5;0.146;0.0;0.000;60;0;0;1.004;1.029;0.701;25;29;64;49.98;49.98;49.98;10251;1000;0.0;0;1.0000;0;0
600;2012-10-06 18:00:00;172602N232;93;5.654;35;222;222;225;220;0.834;50.02;375.0;0.097;385.0;0.113;0.0;0.000;60;0;0;0.680;1.183;0.639;33;5;56;50.02;50.02;50.02;10251;1000;0.0;0;1.0000;0;0
600;2012-10-06 18:10:00;172602N232;59;5.664;35;223;223;225;220;0.791;50.00;357.5;0.062;371.1;0.068;0.0;0.000;60;0;0;0.772;1.001;0.601;11;6;46;50.00;50.00;50.00;10251;1000;0.0;0;1.0000;0;0
600;2012-10-06 18:20:00;172602N232;57;5.673;35;223;222;224;221;0.747;49.97;351.3;0.059;373.9;0.062;0.0;0.000;60;0;0;0.825;0.875;0.543;12;13;38;49.97;49.97;49.97;10251;1000;0.0;0;1.0000;0;0
600;2012-10-06 18:30:00;172602N232;47;5.681;34;222;224;222;221;0.578;49.95;314.6;0.048;326.3;0.048;0.0;0.000;60;0;0;0.844;0.444;0.446;0;33;29;49.95;49.95;49.95;10251;1000;0.0;0;1.0000;0;0
600;2012-10-06 18:40:00;172602N232;0;5.681;34;222;222;223;221;0.026;49.97;250.6;0.000;251.4;0.000;0.0;0.000;60;0;0;0.029;0.031;0.018;0;0;0;49.97;49.97;49.97;10251;1000;0.0;0;1.0000;0;0
600;2012-10-06 18:50:00;172602N232;0;5.681;33;223;224;226;220;0.000;49.94;254.8;0.000;254.9;0.000;0.0;0.000;50;0;0;0.000;0.000;0.000;0;0;0;49.94;49.94;49.94;10251;1000;0.0;0;1.0000;0;0
600;2012-10-06 19:00:00;172602N232;0;5.681;31;222;221;225;219;0.000;49.95;228.6;0.000;229.6;0.000;0.0;0.000;50;0;0;0.000;0.000;0.000;0;0;0;49.95;49.95;49.95;10251;1000;0.0;0;1.0000;0;0
[wr_ende]
