20150815;230000;172602N232;My Plant;+0100
[wr_def_start]
172602N232;Inverter Type;Inverter Group;72602N232      
[wr_def_end]
[wr]
INTERVAL;TIMESTAMP;SERIAL;P_AC;E_DAY;T_WR;U_AC;U_AC_1;U_AC_2;U_AC_3;I_AC;F_AC;U_DC_1;I_DC_1;U_DC_2;I_DC_2;U_DC_3;I_DC_3;S;E_WR;M_WR;I_AC_1;I_AC_2;I_AC_3;P_AC_1;P_AC_2;P_AC_3;F_AC_1;F_AC_2;F_AC_3;R_DC;PC;PCS;PCS_LL;COS_PHI;COS_PHI_LL;S_COS_PHI
600;2015-08-15 05:00:00;172602N232;0;0.000;1;8;8;8;8;0.000;1.80;8.1;0.000;8.1;0.000;0.0;0.000;50;0;0;0.000;0.000;0.000;0;0;0;1.80;1.80;1.80;175;1000;0.0;0;1.0000;0;0
600;2015-08-15 05:10:00;172602N232;1;0.000;30;229;229;231;226;0.078;50.01;263.6;0.000;263.2;0.000;0.0;0.000;60;0;0;0.075;0.103;0.057;0;0;3;50.01;50.01;50.01;2006;1000;0.0;0;1.0000;0;0
600;2015-08-15 05:20:00;172602N232;29;0.005;31;229;229;230;228;0.504;50.01;329.7;0.026;315.2;0.027;0.0;0.000;60;0;0;0.525;0.646;0.343;6;2;23;50.01;50.01;50.01;4366;1000;0.0;0;1.0000;0;0
600;2015-08-15 05:30:00;172602N232;50;0.013;32;228;228;230;227;0.716;50.00;360.0;0.051;365.7;0.047;0.0;0.000;60;0;0;0.695;0.925;0.529;8;3;38;50.00;50.00;50.00;4366;1000;0.0;0;1.0000;0;0
600;2015-08-15 05:40:00;172602N232;37;0.019;33;227;227;228;226;0.583;49.99;342.7;0.034;347.1;0.034;0.0;0.000;60;0;0;0.678;0.687;0.386;12;2;27;49.99;49.99;49.99;4366;1000;0.0;0;1.0000;0;0
600;2015-08-15 05:50:00;172602N232;26;0.024;33;226;226;227;225;0.466;50.00;316.5;0.021;320.7;0.022;0.0;0.000;60;0;0;0.576;0.518;0.306;7;2;20;50.00;50.00;50.00;4366;1000;0.0;0;1.0000;0;0
600;2015-08-15 06:00:00;172602N232;37;0.030;34;225;226;227;223;0.571;49.99;338.1;0.034;345.1;0.034;0.0;0.000;60;0;0;0.625;0.677;0.413;3;8;30;49.99;49.99;49.99;4366;1000;0.0;0;1.0000;0;0
600;2015-08-15 06:10:00;172602N232;72;0.043;34;225;226;227;224;0.962;50.00;369.2;0.082;373.8;0.081;0.0;0.000;60;0;0;0.952;1.188;0.748;8;7;56;50.00;50.00;50.00;4366;1000;0.0;0;1.0000;0;0
600;2015-08-15 06:20:00;172602N232;91;0.057;34;226;225;227;225;0.930;50.00;368.7;0.108;378.1;0.104;0.0;0.000;60;0;0;0.914;1.135;0.742;14;16;59;50.00;50.00;50.00;4366;1000;0.0;0;1.0000;0;0
600;2015-08-15 06:30:00;172602N232;74;0.070;35;225;225;226;224;0.920;50.00;360.6;0.087;371.3;0.085;0.0;0.000;60;0;0;0.955;1.081;0.724;5;13;54;50.00;50.00;50.00;4366;1000;0.0;0;1.0000;0;0
600;2015-08-15 06:40:00;172602N232;81;0.084;35;224;225;226;221;0.909;50.00;371.1;0.093;373.9;0.092;0.0;0.000;60;0;0;0.934;1.076;0.718;7;14;59;50.00;50.00;50.00;4366;1000;0.0;0;1.0000;0;0
600;2015-08-15 06:50:00;172602N232;53;0.093;35;224;225;225;222;0.730;49.99;346.3;0.057;357.2;0.057;0.0;0.000;60;0;0;0.847;0.792;0.553;1;15;41;49.99;49.99;49.99;4366;1000;0.0;0;1.0000;0;0
600;2015-08-15 07:00:00;172602N232;32;0.099;35;224;224;225;223;0.510;49.99;330.0;0.028;334.1;0.031;0.0;0.000;60;0;0;0.575;0.585;0.370;3;8;26;49.99;49.99;49.99;4366;1000;0.0;0;1.0000;0;0
600;2015-08-15 07:10:00;172602N232;92;0.114;36;224;225;225;222;0.838;50.01;369.3;0.106;371.5;0.106;0.0;0.000;60;0;0;0.972;0.908;0.634;6;33;53;50.01;50.01;50.01;4366;1000;0.0;0;1.0000;0;0
600;2015-08-15 07:20:00;172602N232;126;0.135;36;224;224;226;222;1.011;50.00;376.2;0.149;378.7;0.151;0.0;0.000;60;0;0;1.251;1.047;0.737;17;46;61;50.00;50.00;50.00;4366;1000;0.0;0;1.0000;0;0
600;2015-08-15 07:30:00;172602N232;10;0.138;36;223;224;225;222;0.265;50.00;266.9;0.007;275.0;0.008;0.0;0.000;60;0;0;0.293;0.310;0.194;1;2;12;50.00;50.00;50.00;4366;1000;0.0;0;1.0000;0;0
600;2015-08-15 07:40:00;172602N232;18;0.140;36;223;224;225;221;0.342;50.01;288.4;0.013;297.1;0.016;0.0;0.000;60;0;0;0.439;0.341;0.246;0;10;17;50.01;50.01;50.01;4366;1000;0.0;0;1.0000;0;0
600;2015-08-15 07:50:00;172602N232;35;0.147;36;224;226;226;221;0.497;50.00;312.2;0.036;317.4;0.038;0.0;0.000;60;0;0;0.672;0.459;0.362;1;20;28;50.00;50.00;50.00;4366;1000;0.0;0;1.0000;0;0
600;2015-08-15 08:00:00;172602N232;145;0.172;36;224;226;225;222;1.097;49.99;379.1;0.174;383.4;0.176;0.0;0.000;60;0;0;1.667;0.866;0.758;3;83;66;49.99;49.99;49.99;4366;1000;0.0;0;1.0000;0;0
600;2015-08-15 08:10:00;172602N232;49;0.180;36;224;226;225;222;0.600;49.99;314.2;0.055;323.4;0.059;0.0;0.000;60;0;0;0.915;0.452;0.433;0;30;32;49.99;49.99;49.99;4366;1000;0.0;0;1.0000;0;0
600;2015-08-15 08:20:00;172602N232;0;0.179;36;224;224;226;222;0.027;49.98;275.1;0.000;274.3;0.000;0.0;0.000;50;0;0;0.039;0.023;0.020;0;0;1;49.98;49.98;49.98;4366;1000;0.0;0;1.0000;0;0
600;2015-08-15 08:30:00;172602N232;0;0.179;36;223;224;226;220;0.000;49.98;317.7;0.000;314.5;0.000;0.0;0.000;50;0;0;0.000;0.000;0.000;0;0;0;49.98;49.98;49.98;4366;1000;0.0;0;1.0000;0;0
600;2015-08-15 08:40:00;172602N232;0;0.180;36;223;224;225;220;0.049;49.97;274.6;0.000;274.0;0.000;0.0;0.000;60;0;0;0.057;0.053;0.038;0;0;2;49.97;49.97;49.97;3354;1000;0.0;0;1.0000;0;0
600;2015-08-15 08:50:00;172602N232;16;0.184;36;223;224;225;221;0.341;49.99;282.7;0.010;292.2;0.013;0.0;0.000;60;0;0;0.420;0.356;0.247;1;9;16;49.99;49.99;49.99;3320;1000;0.0;0;1.0000;0;0
600;2015-08-15 09:00:00;172602N232;64;0.195;36;222;223;225;219;0.758;49.99;358.0;0.071;355.6;0.074;0.0;0.000;60;0;0;0.775;0.930;0.570;8;11;47;49.99;49.99;49.99;3320;1000;0.0;0;1.0000;0;0
600;2015-08-15 09:10:00;172602N232;152;0.220;36;223;224;225;219;1.037;50.00;385.4;0.181;382.7;0.181;0.0;0.000;60;0;0;1.385;0.964;0.762;14;59;81;50.00;50.00;50.00;3320;1000;0.0;0;1.0000;0;0
600;2015-08-15 09:20:00;172602N232;213;0.255;36;223;224;225;218;1.110;50.01;391.8;0.255;389.5;0.257;0.0;0.000;60;0;0;1.396;1.118;0.817;36;84;95;50.01;50.01;50.01;3320;1000;0.0;0;1.0000;0;0
600;2015-08-15 09:30:00;172602N232;128;0.276;36;222;223;224;220;0.993;50.01;383.2;0.150;376.6;0.155;0.0;0.000;60;0;0;1.335;0.888;0.756;13;50;64;50.01;50.01;50.01;3320;1000;0.0;0;1.0000;0;0
600;2015-08-15 09:40:00;172602N232;221;0.314;36;222;222;223;221;1.041;49.99;393.3;0.265;389.3;0.267;0.0;0.000;60;0;0;1.117;1.125;0.882;47;84;88;49.99;49.99;49.99;3320;1000;0.0;0;1.0000;0;0
600;2015-08-15 09:50:00;172602N232;287;0.362;37;223;222;224;222;1.121;49.99;401.3;0.348;401.3;0.336;0.0;0.000;60;0;0;1.166;1.192;1.006;86;100;100;49.99;49.99;49.99;3320;1000;0.0;0;1.0000;0;0
600;2015-08-15 10:00:00;172602N232;259;0.405;37;223;223;223;222;1.105;49.99;398.0;0.315;396.7;0.306;0.0;0.000;60;0;0;1.296;1.193;0.827;62;118;77;49.99;49.99;49.99;3320;1000;0.0;0;1.0000;0;0
600;2015-08-15 10:10:00;172602N232;419;0.476;37;222;225;223;220;1.192;49.99;405.8;0.506;405.0;0.496;0.0;0.000;60;0;0;1.395;1.157;1.026;121;159;137;49.99;49.99;49.99;3320;1000;0.0;0;1.0000;0;0
600;2015-08-15 10:20:00;172602N232;1392;0.708;37;224;226;224;221;2.117;49.99;425.9;1.660;426.7;1.606;0.0;0.000;60;0;0;2.102;2.144;2.105;461;473;457;49.99;49.99;49.99;3320;1000;0.0;0;1.0000;0;0
600;2015-08-15 10:30:00;172602N232;1437;0.947;38;224;225;226;221;2.174;50.00;419.7;1.749;422.5;1.671;0.0;0.000;60;0;0;2.144;2.212;2.168;471;492;472;50.00;50.00;50.00;3320;1000;0.0;0;1.0000;0;0
600;2015-08-15 10:40:00;172602N232;1308;1.165;38;224;223;227;222;2.003;49.99;412.4;1.620;415.8;1.545;0.0;0.000;60;0;0;1.942;2.063;2.005;418;454;434;49.99;49.99;49.99;3320;1000;0.0;0;1.0000;0;0
600;2015-08-15 10:50:00;172602N232;679;1.279;39;224;224;226;222;1.113;49.98;405.1;0.835;399.1;0.838;0.0;0.000;60;0;0;1.079;1.155;1.107;214;238;225;49.98;49.98;49.98;3320;1000;0.0;0;1.0000;0;0
600;2015-08-15 11:00:00;172602N232;1270;1.490;39;224;225;225;221;1.952;49.99;412.7;1.551;411.0;1.516;0.0;0.000;60;0;0;1.930;1.986;1.941;414;435;418;49.99;49.99;49.99;3320;1000;0.0;0;1.0000;0;0
600;2015-08-15 11:10:00;172602N232;1756;1.783;40;224;223;227;222;2.629;49.99;413.1;2.166;413.3;2.105;0.0;0.000;60;0;0;2.554;2.700;2.633;565;609;580;49.99;49.99;49.99;3320;1000;0.0;0;1.0000;0;0
600;2015-08-15 11:20:00;172602N232;1270;1.995;40;223;223;227;221;1.924;49.99;410.9;1.564;408.2;1.540;0.0;0.000;60;0;0;1.865;1.991;1.916;408;443;416;49.99;49.99;49.99;3320;1000;0.0;0;1.0000;0;0
600;2015-08-15 11:30:00;172602N232;897;2.145;40;224;223;227;222;1.369;50.00;407.1;1.105;402.2;1.103;0.0;0.000;60;0;0;1.309;1.422;1.377;283;315;297;50.00;50.00;50.00;3320;1000;0.0;0;1.0000;0;0
600;2015-08-15 11:40:00;172602N232;707;2.263;41;224;223;225;223;1.092;50.00;407.1;0.865;400.3;0.873;0.0;0.000;60;0;0;1.034;1.132;1.112;221;246;238;50.00;50.00;50.00;3320;1000;0.0;0;1.0000;0;0
600;2015-08-15 11:50:00;172602N232;751;2.388;41;224;224;227;222;1.156;50.01;408.6;0.920;405.1;0.911;0.0;0.000;60;0;0;1.102;1.202;1.166;236;263;250;50.01;50.01;50.01;3320;1000;0.0;0;1.0000;0;0
600;2015-08-15 12:00:00;172602N232;1035;2.561;41;224;227;226;218;1.609;49.99;412.7;1.260;408.9;1.252;0.0;0.000;60;0;0;1.616;1.643;1.568;342;360;331;49.99;49.99;49.99;3320;1000;0.0;0;1.0000;0;0
600;2015-08-15 12:10:00;172602N232;1629;2.832;42;225;226;227;222;2.436;49.99;412.9;1.999;410.1;1.973;0.0;0.000;60;0;0;2.407;2.482;2.420;537;557;532;49.99;49.99;49.99;3320;1000;0.0;0;1.0000;0;0
600;2015-08-15 12:20:00;172602N232;2820;3.303;42;227;227;228;225;4.155;50.01;400.9;3.606;402.9;3.492;0.0;0.000;60;0;0;4.123;4.203;4.141;934;957;927;50.01;50.01;50.01;3320;1000;0.0;0;1.0000;0;0
600;2015-08-15 12:30:00;172602N232;3853;3.945;42;227;228;230;224;5.652;49.99;383.0;5.149;384.3;5.063;0.0;0.000;60;0;0;5.628;5.747;5.583;1282;1324;1250;49.99;49.99;49.99;3320;1000;0.0;0;1.0000;0;0
600;2015-08-15 12:40:00;172602N232;1877;4.259;43;225;225;228;224;2.797;49.99;390.2;2.457;387.7;2.414;0.0;0.000;60;0;0;2.734;2.865;2.794;607;648;619;49.99;49.99;49.99;3320;1000;0.0;0;1.0000;0;0
600;2015-08-15 12:50:00;172602N232;2030;4.597;43;225;225;229;222;3.033;50.00;398.5;2.601;396.1;2.564;0.0;0.000;60;0;0;2.965;3.137;2.999;656;714;658;50.00;50.00;50.00;3320;1000;0.0;0;1.0000;0;0
600;2015-08-15 13:00:00;172602N232;1572;4.859;43;225;223;228;223;2.359;50.00;397.6;2.016;397.4;1.964;0.0;0.000;60;0;0;2.285;2.431;2.361;503;547;520;50.00;50.00;50.00;3320;1000;0.0;0;1.0000;0;0
600;2015-08-15 13:10:00;172602N232;2325;5.247;43;226;225;229;224;3.445;50.01;400.9;2.958;398.0;2.922;0.0;0.000;60;0;0;3.378;3.522;3.436;757;801;765;50.01;50.01;50.01;3320;1000;0.0;0;1.0000;0;0
600;2015-08-15 13:20:00;172602N232;2863;5.724;43;227;226;230;224;4.222;49.99;393.9;3.711;390.5;3.677;0.0;0.000;60;0;0;4.162;4.308;4.198;938;985;937;49.99;49.99;49.99;3320;1000;0.0;0;1.0000;0;0
600;2015-08-15 13:30:00;172602N232;3270;6.270;43;227;227;231;224;4.807;49.99;387.7;4.324;386.1;4.270;0.0;0.000;60;0;0;4.757;4.925;4.739;1077;1134;1056;49.99;49.99;49.99;3320;1000;0.0;0;1.0000;0;0
600;2015-08-15 13:40:00;172602N232;3305;6.821;44;227;227;231;223;4.847;49.99;382.9;4.422;380.3;4.377;0.0;0.000;60;0;0;4.794;4.983;4.765;1088;1152;1062;49.99;49.99;49.99;3320;1000;0.0;0;1.0000;0;0
600;2015-08-15 13:50:00;172602N232;4149;7.512;44;229;228;233;225;6.049;49.99;372.0;5.715;371.3;5.642;0.0;0.000;60;0;0;5.990;6.194;5.963;1367;1440;1340;49.99;49.99;49.99;3320;1000;0.0;0;1.0000;0;0
600;2015-08-15 14:00:00;172602N232;2430;7.918;45;227;227;230;224;3.579;49.99;381.1;3.247;373.5;3.292;0.0;0.000;60;0;0;3.528;3.655;3.556;796;837;794;49.99;49.99;49.99;3320;1000;0.0;0;1.0000;0;0
600;2015-08-15 14:10:00;172602N232;2057;8.259;44;227;226;230;224;3.040;49.99;390.6;2.672;384.9;2.681;0.0;0.000;60;0;0;2.984;3.108;3.028;670;709;675;49.99;49.99;49.99;3320;1000;0.0;0;1.0000;0;0
600;2015-08-15 14:20:00;172602N232;1898;8.577;44;227;227;229;225;2.806;50.00;398.3;2.409;389.3;2.454;0.0;0.000;60;0;0;2.750;2.865;2.805;618;651;626;50.00;50.00;50.00;3320;1000;0.0;0;1.0000;0;0
600;2015-08-15 14:30:00;172602N232;1572;8.838;44;227;227;229;224;2.331;49.99;405.3;1.943;394.1;2.012;0.0;0.000;60;0;0;2.284;2.386;2.324;513;540;517;49.99;49.99;49.99;3320;1000;0.0;0;1.0000;0;0
600;2015-08-15 14:40:00;172602N232;1313;9.057;44;226;227;228;224;1.968;49.99;395.6;1.648;393.2;1.691;0.0;0.000;60;0;0;1.928;2.010;1.966;427;451;433;49.99;49.99;49.99;3320;1000;0.0;0;1.0000;0;0
600;2015-08-15 14:50:00;172602N232;880;9.204;44;226;225;229;224;1.333;50.00;404.5;1.078;391.8;1.126;0.0;0.000;60;0;0;1.274;1.386;1.341;277;309;292;50.00;50.00;50.00;3320;1000;0.0;0;1.0000;0;0
600;2015-08-15 15:00:00;172602N232;786;9.335;44;226;225;229;224;1.198;49.99;405.0;0.960;394.2;0.996;0.0;0.000;60;0;0;1.138;1.252;1.204;246;277;261;49.99;49.99;49.99;3320;1000;0.0;0;1.0000;0;0
600;2015-08-15 15:10:00;172602N232;722;9.456;44;226;224;229;224;1.107;49.99;404.5;0.884;395.4;0.908;0.0;0.000;60;0;0;1.045;1.159;1.119;224;254;241;49.99;49.99;49.99;3320;1000;0.0;0;1.0000;0;0
600;2015-08-15 15:20:00;172602N232;786;9.587;44;226;226;228;224;1.202;49.99;407.5;0.958;400.4;0.976;0.0;0.000;60;0;0;1.150;1.248;1.209;248;275;261;49.99;49.99;49.99;3320;1000;0.0;0;1.0000;0;0
600;2015-08-15 15:30:00;172602N232;737;9.710;44;225;225;227;223;1.138;49.99;409.2;0.894;403.3;0.905;0.0;0.000;60;0;0;1.091;1.177;1.146;233;257;246;49.99;49.99;49.99;3320;1000;0.0;0;1.0000;0;0
600;2015-08-15 15:40:00;172602N232;991;9.875;44;225;226;227;223;1.508;49.99;414.8;1.189;408.5;1.208;0.0;0.000;60;0;0;1.466;1.545;1.514;319;342;328;49.99;49.99;49.99;3320;1000;0.0;0;1.0000;0;0
600;2015-08-15 15:50:00;172602N232;1093;10.058;44;226;226;228;223;1.666;50.00;401.2;1.354;408.1;1.347;0.0;0.000;60;0;0;1.620;1.711;1.667;351;379;361;50.00;50.00;50.00;3320;1000;0.0;0;1.0000;0;0
600;2015-08-15 16:00:00;172602N232;1092;10.239;44;226;226;228;224;1.661;50.01;416.1;1.310;410.1;1.331;0.0;0.000;60;0;0;1.619;1.701;1.663;353;377;361;50.01;50.01;50.01;3320;1000;0.0;0;1.0000;0;0
600;2015-08-15 16:10:00;172602N232;970;10.402;44;226;226;228;223;1.460;50.00;415.3;1.166;410.9;1.174;0.0;0.000;60;0;0;1.411;1.503;1.467;311;337;320;50.00;50.00;50.00;3320;1000;0.0;0;1.0000;0;0
600;2015-08-15 16:20:00;172602N232;792;10.534;44;225;226;227;223;1.211;49.99;412.2;0.952;404.5;0.974;0.0;0.000;60;0;0;1.162;1.256;1.217;251;276;263;49.99;49.99;49.99;3320;1000;0.0;0;1.0000;0;0
600;2015-08-15 16:30:00;172602N232;583;10.631;44;224;225;225;223;0.906;49.99;405.7;0.713;403.1;0.709;0.0;0.000;60;0;0;0.857;0.946;0.916;182;203;195;49.99;49.99;49.99;3320;1000;0.0;0;1.0000;0;0
600;2015-08-15 16:40:00;172602N232;408;10.700;44;224;224;225;222;1.097;50.00;401.5;0.495;395.3;0.500;0.0;0.000;60;0;0;1.115;1.143;1.033;109;147;150;50.00;50.00;50.00;3320;1000;0.0;0;1.0000;0;0
600;2015-08-15 16:50:00;172602N232;329;10.754;44;223;223;223;222;0.869;49.99;397.5;0.397;390.7;0.405;0.0;0.000;60;0;0;0.893;0.924;0.791;96;120;111;49.99;49.99;49.99;3320;1000;0.0;0;1.0000;0;0
600;2015-08-15 17:00:00;172602N232;136;10.776;43;223;224;223;221;1.030;49.99;376.8;0.162;373.3;0.165;0.0;0.000;60;0;0;1.536;0.805;0.749;2;74;65;49.99;49.99;49.99;3320;1000;0.0;0;1.0000;0;0
600;2015-08-15 17:10:00;172602N232;142;10.800;43;222;224;222;220;1.060;49.98;377.2;0.172;376.0;0.171;0.0;0.000;60;0;0;1.630;0.820;0.732;0;84;70;49.98;49.98;49.98;3320;1000;0.0;0;1.0000;0;0
600;2015-08-15 17:20:00;172602N232;170;10.830;43;222;223;224;220;1.060;49.99;384.2;0.204;381.0;0.205;0.0;0.000;60;0;0;1.457;0.933;0.791;25;68;76;49.99;49.99;49.99;3320;1000;0.0;0;1.0000;0;0
600;2015-08-15 17:30:00;172602N232;96;10.846;42;222;223;223;220;0.965;49.99;361.2;0.113;363.6;0.117;0.0;0.000;60;0;0;1.348;0.817;0.731;6;47;51;49.99;49.99;49.99;3320;1000;0.0;0;1.0000;0;0
600;2015-08-15 17:40:00;172602N232;133;10.868;42;222;222;223;220;0.969;50.00;374.5;0.158;373.2;0.160;0.0;0.000;60;0;0;1.217;0.963;0.727;16;55;64;50.00;50.00;50.00;3320;1000;0.0;0;1.0000;0;0
600;2015-08-15 17:50:00;172602N232;320;10.921;42;222;222;225;220;1.187;50.01;398.5;0.389;394.6;0.389;0.0;0.000;60;0;0;1.178;1.332;1.053;83;105;130;50.01;50.01;50.01;3320;1000;0.0;0;1.0000;0;0
600;2015-08-15 18:00:00;172602N232;370;10.984;42;222;223;224;220;1.283;49.99;403.4;0.447;396.8;0.451;0.0;0.000;60;0;0;1.269;1.382;1.200;78;126;165;49.99;49.99;49.99;3320;1000;0.0;0;1.0000;0;0
600;2015-08-15 18:10:00;172602N232;355;11.043;42;222;222;223;221;1.151;49.99;400.8;0.432;395.8;0.433;0.0;0.000;60;0;0;1.190;1.197;1.066;96;131;127;49.99;49.99;49.99;3320;1000;0.0;0;1.0000;0;0
600;2015-08-15 18:20:00;172602N232;311;11.095;42;222;222;223;223;1.134;49.98;399.6;0.375;392.7;0.381;0.0;0.000;60;0;0;1.160;1.131;1.111;99;113;97;49.98;49.98;49.98;3320;1000;0.0;0;1.0000;0;0
600;2015-08-15 18:30:00;172602N232;295;11.144;41;223;221;225;222;1.129;50.00;395.9;0.359;392.1;0.359;0.0;0.000;60;0;0;1.115;1.349;0.924;100;96;97;50.00;50.00;50.00;3320;1000;0.0;0;1.0000;0;0
600;2015-08-15 18:40:00;172602N232;332;11.200;41;223;223;225;223;1.182;50.02;402.5;0.398;394.7;0.406;0.0;0.000;60;0;0;1.215;1.262;1.071;105;114;111;50.02;50.02;50.02;3320;1000;0.0;0;1.0000;0;0
600;2015-08-15 18:50:00;172602N232;292;11.249;41;224;224;226;223;1.155;50.00;382.6;0.367;394.0;0.357;0.0;0.000;60;0;0;1.245;1.268;0.952;79;103;107;50.00;50.00;50.00;3320;1000;0.0;0;1.0000;0;0
600;2015-08-15 19:00:00;172602N232;222;11.286;41;224;225;226;222;1.082;50.01;386.8;0.270;388.6;0.270;0.0;0.000;60;0;0;1.232;1.163;0.851;43;84;94;50.01;50.01;50.01;3320;1000;0.0;0;1.0000;0;0
600;2015-08-15 19:10:00;172602N232;189;11.318;41;225;225;227;223;1.071;50.00;382.5;0.230;385.2;0.229;0.0;0.000;60;0;0;1.327;1.178;0.708;44;63;80;50.00;50.00;50.00;3320;1000;0.0;0;1.0000;0;0
600;2015-08-15 19:20:00;172602N232;193;11.351;41;225;224;227;224;1.017;49.99;375.3;0.240;386.6;0.235;0.0;0.000;60;0;0;1.099;1.253;0.701;70;46;76;49.99;49.99;49.99;3320;1000;0.0;0;1.0000;0;0
600;2015-08-15 19:30:00;172602N232;170;11.378;41;225;224;226;224;1.032;49.99;374.8;0.208;384.2;0.206;0.0;0.000;60;0;0;1.145;1.136;0.816;51;45;72;49.99;49.99;49.99;3320;1000;0.0;0;1.0000;0;0
600;2015-08-15 19:40:00;172602N232;95;11.395;41;224;224;226;223;0.982;49.99;358.8;0.114;370.2;0.114;0.0;0.000;60;0;0;1.046;1.150;0.752;27;15;54;49.99;49.99;49.99;3320;1000;0.0;0;1.0000;0;0
600;2015-08-15 19:50:00;172602N232;43;11.402;41;225;225;227;224;0.699;49.98;328.3;0.045;343.2;0.047;0.0;0.000;60;0;0;0.765;0.830;0.503;5;7;34;49.98;49.98;49.98;3320;1000;0.0;0;1.0000;0;0
600;2015-08-15 20:00:00;172602N232;8;11.403;40;225;225;226;224;0.306;49.97;263.9;0.004;265.4;0.007;0.0;0.000;60;0;0;0.352;0.343;0.225;1;3;13;49.97;49.97;49.97;3320;1000;0.0;0;1.0000;0;0
600;2015-08-15 20:10:00;172602N232;0;11.403;40;225;224;227;222;0.000;49.98;290.5;0.000;288.3;0.000;0.0;0.000;50;0;0;0.000;0.000;0.000;0;0;0;49.98;49.98;49.98;3320;1000;0.0;0;1.0000;0;0
600;2015-08-15 20:20:00;172602N232;0;11.403;39;224;224;227;221;0.000;49.98;263.2;0.000;263.0;0.000;0.0;0.000;50;0;0;0.000;0.000;0.000;0;0;0;49.98;49.98;49.99;3320;1000;0.0;0;1.0000;0;0
600;2015-08-15 20:30:00;172602N232;0;11.403;39;225;225;227;221;0.000;50.00;230.8;0.000;231.8;0.000;0.0;0.000;50;0;0;0.000;0.000;0.000;0;0;0;50.00;50.00;50.00;3320;1000;0.0;0;1.0000;0;0
600;2015-08-15 20:40:00;172602N232;0;11.403;38;225;226;228;222;0.000;50.00;227.4;0.000;228.3;0.000;0.0;0.000;50;0;0;0.000;0.000;0.000;0;0;0;50.00;50.00;50.00;3320;1000;0.0;0;1.0000;0;0
600;2015-08-15 20:50:00;172602N232;0;11.403;38;225;226;227;222;0.000;50.00;220.0;0.000;218.9;0.000;0.0;0.000;50;0;0;0.000;0.000;0.000;0;0;0;50.00;50.00;50.00;3320;1000;0.0;0;1.0000;0;0
[wr_ende]
