20141110;230005;172602N232;My Plant;+0100
[wr_def_start]
172602N232;Inverter Type;Inverter Group;72602N232      
[wr_def_end]
[wr]
INTERVAL;TIMESTAMP;SERIAL;P_AC;E_DAY;T_WR;U_AC;U_AC_1;U_AC_2;U_AC_3;I_AC;F_AC;U_DC_1;I_DC_1;U_DC_2;I_DC_2;U_DC_3;I_DC_3;S;E_WR;M_WR;I_AC_1;I_AC_2;I_AC_3;P_AC_1;P_AC_2;P_AC_3;F_AC_1;F_AC_2;F_AC_3;R_DC;PC;PCS;PCS_LL;COS_PHI;COS_PHI_LL;S_COS_PHI
600;2014-11-10 07:20:00;172602N232;0;0.000;0;3;3;3;3;0.000;0.84;3.7;0.000;3.8;0.000;0.0;0.000;50;0;0;0.000;0.000;0.000;0;0;0;0.84;0.84;0.84;64;1000;0.0;0;1.0000;0;0
600;2014-11-10 07:30:00;172602N232;0;0.000;20;223;224;226;220;0.000;50.00;228.0;0.000;228.9;0.000;0.0;0.000;50;0;0;0.000;0.000;0.000;0;0;0;50.00;50.00;50.00;0;1000;0.0;0;1.0000;0;0
600;2014-11-10 07:40:00;172602N232;0;0.000;21;223;223;225;220;0.000;50.01;230.3;0.000;231.2;0.000;0.0;0.000;50;0;0;0.000;0.000;0.000;0;0;0;50.01;50.01;50.01;0;1000;0.0;0;1.0000;0;0
600;2014-11-10 07:50:00;172602N232;0;0.000;22;222;224;224;218;0.000;50.01;234.8;0.000;235.8;0.000;0.0;0.000;50;0;0;0.000;0.000;0.000;0;0;0;50.01;50.01;50.01;0;1000;0.0;0;1.0000;0;0
600;2014-11-10 08:00:00;172602N232;0;0.000;22;222;223;225;218;0.000;49.99;277.1;0.000;277.3;0.000;0.0;0.000;51;0;0;0.000;0.000;0.001;0;0;0;49.99;49.99;49.99;542;1000;0.0;0;1.0000;0;0
600;2014-11-10 08:10:00;172602N232;2;0.000;22;222;222;224;221;0.109;49.99;272.0;0.000;270.6;0.001;0.0;0.000;60;0;0;0.094;0.160;0.074;2;0;4;49.99;49.99;49.99;6267;1000;0.0;0;1.0000;0;0
600;2014-11-10 08:20:00;172602N232;18;0.005;23;223;222;224;222;0.473;49.98;298.5;0.012;324.3;0.015;0.0;0.000;60;0;0;0.497;0.604;0.318;9;0;18;49.98;49.98;49.98;4121;1000;0.0;0;1.0000;0;0
600;2014-11-10 08:30:00;172602N232;28;0.010;23;223;222;224;222;0.554;49.99;327.2;0.021;343.9;0.025;0.0;0.000;60;0;0;0.596;0.683;0.384;5;2;24;49.99;49.99;49.99;4121;1000;0.0;0;1.0000;0;0
600;2014-11-10 08:40:00;172602N232;61;0.020;23;223;223;225;221;0.802;50.00;372.2;0.064;377.0;0.066;0.0;0.000;60;0;0;0.753;1.045;0.609;13;3;45;50.00;50.00;50.00;4121;1000;0.0;0;1.0000;0;0
600;2014-11-10 08:50:00;172602N232;100;0.034;24;223;223;224;223;0.929;50.00;390.2;0.111;391.4;0.113;0.0;0.000;60;0;0;0.947;1.090;0.752;19;25;54;50.00;50.00;50.00;4121;1000;0.0;0;1.0000;0;0
600;2014-11-10 09:00:00;172602N232;115;0.054;24;223;222;224;222;0.934;49.99;393.7;0.129;393.8;0.131;0.0;0.000;60;0;0;0.860;1.205;0.737;30;22;61;49.99;49.99;49.99;4121;1000;0.0;0;1.0000;0;0
600;2014-11-10 09:10:00;172602N232;207;0.088;25;223;223;224;221;1.027;49.99;411.6;0.235;407.9;0.238;0.0;0.000;60;0;0;1.195;1.202;0.685;58;72;75;49.99;49.99;49.99;4121;1000;0.0;0;1.0000;0;0
600;2014-11-10 09:20:00;172602N232;208;0.124;25;222;222;224;221;1.024;50.00;411.3;0.236;407.7;0.240;0.0;0.000;60;0;0;1.168;1.185;0.721;58;76;72;50.00;50.00;50.00;4121;1000;0.0;0;1.0000;0;0
600;2014-11-10 09:30:00;172602N232;209;0.159;25;222;221;224;222;0.997;50.00;410.5;0.238;407.1;0.241;0.0;0.000;60;0;0;1.055;1.143;0.794;89;47;70;50.00;50.00;50.00;4121;1000;0.0;0;1.0000;0;0
600;2014-11-10 09:40:00;172602N232;197;0.191;26;222;221;224;221;1.001;49.99;408.3;0.224;405.3;0.227;0.0;0.000;60;0;0;1.136;1.115;0.752;68;59;68;49.99;49.99;49.99;4121;1000;0.0;0;1.0000;0;0
600;2014-11-10 09:50:00;172602N232;170;0.220;26;222;221;224;221;0.946;49.99;404.3;0.192;401.8;0.195;0.0;0.000;60;0;0;0.946;1.185;0.708;45;51;72;49.99;49.99;49.99;4121;1000;0.0;0;1.0000;0;0
600;2014-11-10 10:00:00;172602N232;147;0.244;27;222;221;224;222;0.924;49.99;401.5;0.165;398.1;0.169;0.0;0.000;60;0;0;0.749;1.290;0.733;41;31;73;49.99;49.99;49.99;4121;1000;0.0;0;1.0000;0;0
600;2014-11-10 10:10:00;172602N232;156;0.271;27;222;221;224;222;0.882;50.00;402.3;0.177;399.3;0.180;0.0;0.000;60;0;0;0.719;1.241;0.687;34;51;70;50.00;50.00;50.00;4121;1000;0.0;0;1.0000;0;0
600;2014-11-10 10:20:00;172602N232;142;0.294;27;222;221;223;222;0.903;49.99;400.2;0.160;396.7;0.164;0.0;0.000;60;0;0;0.761;1.154;0.794;50;30;61;49.99;49.99;49.99;4121;1000;0.0;0;1.0000;0;0
600;2014-11-10 10:30:00;172602N232;180;0.325;27;222;222;223;222;0.921;50.01;405.5;0.203;401.7;0.208;0.0;0.000;60;0;0;1.029;1.004;0.732;53;65;59;50.01;50.01;50.01;4121;1000;0.0;0;1.0000;0;0
600;2014-11-10 10:40:00;172602N232;243;0.365;28;222;222;224;221;1.055;49.99;413.9;0.278;408.1;0.284;0.0;0.000;60;0;0;1.082;1.243;0.840;69;86;86;49.99;49.99;49.99;4121;1000;0.0;0;1.0000;0;0
600;2014-11-10 10:50:00;172602N232;263;0.409;28;222;222;224;220;1.143;49.99;415.4;0.301;409.7;0.307;0.0;0.000;60;0;0;1.259;1.319;0.852;75;89;97;49.99;49.99;49.99;4121;1000;0.0;0;1.0000;0;0
600;2014-11-10 11:00:00;172602N232;346;0.467;28;222;222;224;221;1.148;50.00;422.3;0.395;414.8;0.405;0.0;0.000;60;0;0;1.154;1.235;1.057;105;116;123;50.00;50.00;50.00;4121;1000;0.0;0;1.0000;0;0
600;2014-11-10 11:10:00;172602N232;456;0.543;28;222;221;224;221;0.731;50.00;427.2;0.522;418.5;0.536;0.0;0.000;60;0;0;0.675;0.775;0.743;138;162;154;50.00;50.00;50.00;4121;1000;0.0;0;1.0000;0;0
600;2014-11-10 11:20:00;172602N232;398;0.611;29;222;222;223;222;0.902;50.00;421.9;0.457;414.8;0.468;0.0;0.000;60;0;0;0.896;0.944;0.867;120;141;135;50.00;50.00;50.00;4121;1000;0.0;0;1.0000;0;0
600;2014-11-10 11:30:00;172602N232;160;0.637;29;223;222;224;222;0.929;50.01;398.7;0.182;396.0;0.186;0.0;0.000;60;0;0;0.847;1.235;0.706;34;54;70;50.01;50.01;50.01;4121;1000;0.0;0;1.0000;0;0
600;2014-11-10 11:40:00;172602N232;195;0.670;29;223;223;224;223;0.987;49.99;406.1;0.222;401.4;0.227;0.0;0.000;60;0;0;0.991;1.261;0.710;49;76;67;49.99;49.99;49.99;4121;1000;0.0;0;1.0000;0;0
600;2014-11-10 11:50:00;172602N232;122;0.690;29;224;223;225;223;0.970;50.01;393.4;0.138;390.4;0.142;0.0;0.000;60;0;0;0.882;1.261;0.767;25;26;70;50.01;50.01;50.01;4121;1000;0.0;0;1.0000;0;0
600;2014-11-10 12:00:00;172602N232;341;0.747;29;224;224;226;223;1.038;50.01;417.7;0.392;412.0;0.401;0.0;0.000;60;0;0;1.028;1.191;0.896;102;120;117;50.01;50.01;50.01;4121;1000;0.0;0;1.0000;0;0
600;2014-11-10 12:10:00;172602N232;417;0.817;29;224;224;225;222;1.099;49.99;422.3;0.479;415.7;0.492;0.0;0.000;60;0;0;1.122;1.134;1.041;127;149;140;49.99;49.99;49.99;4121;1000;0.0;0;1.0000;0;0
600;2014-11-10 12:20:00;172602N232;445;0.890;29;224;224;225;222;0.897;49.99;420.4;0.516;416.4;0.526;0.0;0.000;60;0;0;0.864;0.961;0.868;136;156;151;49.99;49.99;49.99;4121;1000;0.0;0;1.0000;0;0
600;2014-11-10 12:30:00;172602N232;599;0.991;30;224;224;225;222;0.988;50.01;427.6;0.689;420.6;0.707;0.0;0.000;60;0;0;0.964;1.016;0.984;189;209;200;50.01;50.01;50.01;4121;1000;0.0;0;1.0000;0;0
600;2014-11-10 12:40:00;172602N232;365;1.052;30;223;223;224;222;0.839;49.98;415.4;0.422;411.3;0.433;0.0;0.000;60;0;0;0.854;0.896;0.769;109;132;121;49.98;49.98;49.98;4121;1000;0.0;0;1.0000;0;0
600;2014-11-10 12:50:00;172602N232;444;1.126;30;223;223;225;222;0.978;49.97;421.7;0.512;414.2;0.524;0.0;0.000;60;0;0;0.983;1.030;0.922;133;160;149;49.97;49.97;49.97;4121;1000;0.0;0;1.0000;0;0
600;2014-11-10 13:00:00;172602N232;686;1.241;30;223;223;225;222;1.133;49.99;429.1;0.788;421.6;0.807;0.0;0.000;60;0;0;1.130;1.147;1.122;218;237;229;49.99;49.99;49.99;4121;1000;0.0;0;1.0000;0;0
600;2014-11-10 13:10:00;172602N232;430;1.313;31;223;223;225;222;0.810;49.99;419.5;0.499;414.5;0.511;0.0;0.000;60;0;0;0.764;0.869;0.798;129;153;147;49.99;49.99;49.99;4121;1000;0.0;0;1.0000;0;0
600;2014-11-10 13:20:00;172602N232;535;1.402;31;223;223;226;222;0.837;49.99;419.4;0.625;419.3;0.634;0.0;0.000;60;0;0;0.779;0.885;0.849;164;189;180;49.99;49.99;49.99;4121;1000;0.0;0;1.0000;0;0
600;2014-11-10 13:30:00;172602N232;391;1.468;31;223;223;225;222;1.065;50.01;419.1;0.450;413.8;0.462;0.0;0.000;60;0;0;1.074;1.123;1.000;115;135;139;50.01;50.01;50.01;4121;1000;0.0;0;1.0000;0;0
600;2014-11-10 13:40:00;172602N232;505;1.551;31;223;223;226;222;0.796;50.00;426.0;0.578;419.2;0.597;0.0;0.000;60;0;0;0.740;0.841;0.808;154;179;170;50.00;50.00;50.00;4121;1000;0.0;0;1.0000;0;0
600;2014-11-10 13:50:00;172602N232;352;1.611;31;223;223;225;222;0.904;49.98;416.7;0.402;412.6;0.413;0.0;0.000;60;0;0;0.982;0.966;0.766;107;122;122;49.98;49.98;49.98;4121;1000;0.0;0;1.0000;0;0
600;2014-11-10 14:00:00;172602N232;213;1.646;31;223;222;224;222;1.017;49.99;400.4;0.247;404.3;0.249;0.0;0.000;60;0;0;1.027;1.167;0.858;57;66;88;49.99;49.99;49.99;4121;1000;0.0;0;1.0000;0;0
600;2014-11-10 14:10:00;172602N232;99;1.663;31;223;222;224;223;0.874;50.00;384.3;0.110;383.7;0.114;0.0;0.000;60;0;0;0.748;1.147;0.727;33;12;52;50.00;50.00;50.00;4121;1000;0.0;0;1.0000;0;0
600;2014-11-10 14:20:00;172602N232;59;1.673;31;223;222;224;222;0.768;50.00;367.0;0.062;370.9;0.066;0.0;0.000;60;0;0;0.728;0.980;0.597;14;5;40;50.00;50.00;50.00;4121;1000;0.0;0;1.0000;0;0
600;2014-11-10 14:30:00;172602N232;50;1.681;31;223;222;224;222;0.705;50.01;357.9;0.050;364.0;0.053;0.0;0.000;60;0;0;0.706;0.906;0.504;18;3;34;50.01;50.01;50.01;4121;1000;0.0;0;1.0000;0;0
600;2014-11-10 14:40:00;172602N232;64;1.692;31;223;223;224;223;0.821;50.01;370.3;0.068;374.7;0.070;0.0;0.000;60;0;0;0.853;0.977;0.635;9;11;43;50.01;50.01;50.01;4121;1000;0.0;0;1.0000;0;0
600;2014-11-10 14:50:00;172602N232;75;1.704;30;224;223;225;224;0.881;50.00;376.2;0.082;379.9;0.084;0.0;0.000;60;0;0;0.873;1.030;0.740;14;17;42;50.00;50.00;50.00;4121;1000;0.0;0;1.0000;0;0
600;2014-11-10 15:00:00;172602N232;53;1.713;30;224;224;226;223;0.680;49.99;361.7;0.053;367.4;0.057;0.0;0.000;60;0;0;0.651;0.892;0.497;16;3;35;49.99;49.99;49.99;4121;1000;0.0;0;1.0000;0;0
600;2014-11-10 15:10:00;172602N232;33;1.719;30;223;223;225;221;0.570;50.00;332.1;0.030;343.5;0.033;0.0;0.000;60;0;0;0.591;0.730;0.389;9;3;28;50.00;50.00;50.00;4121;1000;0.0;0;1.0000;0;0
600;2014-11-10 15:20:00;172602N232;17;1.723;30;223;223;225;222;0.342;49.99;287.0;0.013;300.4;0.015;0.0;0.000;60;0;0;0.337;0.474;0.217;11;0;15;49.99;49.99;49.99;4121;1000;0.0;0;1.0000;0;0
600;2014-11-10 15:30:00;172602N232;0;1.722;29;223;222;225;220;0.001;50.00;273.8;0.000;273.1;0.000;0.0;0.000;51;0;0;0.000;0.004;0.000;0;0;0;50.00;50.00;50.00;4130;1000;0.0;0;1.0000;0;0
600;2014-11-10 15:40:00;172602N232;0;1.722;28;223;223;225;220;0.006;50.02;278.5;0.000;277.8;0.000;0.0;0.000;50;0;0;0.002;0.017;0.000;0;0;0;50.02;50.02;50.02;4322;1000;0.0;0;1.0000;0;0
600;2014-11-10 15:50:00;172602N232;0;1.722;28;222;224;224;219;0.000;50.02;236.3;0.000;237.3;0.000;0.0;0.000;50;0;0;0.000;0.000;0.000;0;0;0;50.01;50.02;50.02;4322;1000;0.0;0;1.0000;0;0
600;2014-11-10 16:00:00;172602N232;0;1.722;27;222;222;224;219;0.000;49.98;228.4;0.000;229.3;0.000;0.0;0.000;50;0;0;0.000;0.000;0.000;0;0;0;49.98;49.98;49.98;4322;1000;0.0;0;1.0000;0;0
600;2014-11-10 16:10:00;172602N232;0;1.722;27;222;223;224;218;0.000;49.96;227.8;0.000;228.7;0.000;0.0;0.000;50;0;0;0.000;0.000;0.000;0;0;0;49.96;49.96;49.96;4322;1000;0.0;0;1.0000;0;0
[wr_ende]
