20170823;230003;172602N232;My Plant;+0100
[wr_def_start]
172602N232;Inverter Type;Inverter Group;72602N232      
[wr_def_end]
[wr]
INTERVAL;TIMESTAMP;SERIAL;P_AC;E_DAY;T_WR;U_AC;U_AC_1;U_AC_2;U_AC_3;I_AC;F_AC;U_DC_1;I_DC_1;U_DC_2;I_DC_2;U_DC_3;I_DC_3;S;E_WR;M_WR;I_AC_1;I_AC_2;I_AC_3;P_AC_1;P_AC_2;P_AC_3;F_AC_1;F_AC_2;F_AC_3;R_DC;PC;PCS;PCS_LL;COS_PHI;COS_PHI_LL;S_COS_PHI
600;2017-08-23 04:50:00;172602N232;0;0.000;0;4;4;4;4;0.000;0.96;4.2;0.000;4.2;0.000;0.0;0.000;50;0;0;0.000;0.000;0.000;0;0;0;0.96;0.96;0.96;81;1000;0.0;0;1.0000;0;0
600;2017-08-23 05:00:00;172602N232;0;0.000;26;224;225;226;222;0.000;50.01;228.1;0.000;229.1;0.000;0.0;0.000;50;0;0;0.000;0.000;0.000;0;0;0;50.01;50.01;50.01;0;1000;0.0;0;1.0000;0;0
600;2017-08-23 05:10:00;172602N232;0;0.000;28;224;225;227;221;0.000;50.01;240.1;0.000;241.0;0.000;0.0;0.000;50;0;0;0.000;0.000;0.000;0;0;0;50.01;50.01;50.01;0;1000;0.0;0;1.0000;0;0
600;2017-08-23 05:20:00;172602N232;0;0.000;29;224;223;225;222;0.011;49.99;281.3;0.000;280.1;0.000;0.0;0.000;60;0;0;0.016;0.008;0.011;0;0;0;49.99;49.99;49.99;2385;1000;0.0;0;1.0000;0;0
600;2017-08-23 05:30:00;172602N232;9;0.001;29;223;223;223;223;0.219;50.00;298.5;0.004;278.0;0.004;0.0;0.000;60;0;0;0.258;0.206;0.193;0;10;4;50.00;50.00;50.00;4359;1000;0.0;0;1.0000;0;0
600;2017-08-23 05:40:00;172602N232;38;0.011;30;222;224;223;221;0.534;50.01;356.6;0.037;332.6;0.030;0.0;0.000;60;0;0;0.706;0.485;0.411;0;28;25;50.01;50.01;50.01;4441;1000;0.0;0;1.0000;0;0
600;2017-08-23 05:50:00;172602N232;74;0.025;30;221;223;224;215;0.827;50.00;384.8;0.088;374.6;0.069;0.0;0.000;60;0;0;0.999;0.841;0.642;3;27;54;50.00;50.00;50.00;4441;1000;0.0;0;1.0000;0;0
600;2017-08-23 06:00:00;172602N232;115;0.039;30;221;220;223;220;0.891;50.00;398.3;0.142;386.3;0.115;0.0;0.000;60;0;0;0.757;1.163;0.753;39;18;56;50.00;50.00;50.00;4441;1000;0.0;0;1.0000;0;0
600;2017-08-23 06:10:00;172602N232;164;0.066;31;221;219;223;221;0.983;50.02;406.0;0.206;395.0;0.165;0.0;0.000;60;0;0;0.714;1.495;0.742;50;34;78;50.02;50.02;50.02;4441;1000;0.0;0;1.0000;0;0
600;2017-08-23 06:20:00;172602N232;209;0.102;31;221;218;224;220;1.085;50.01;411.3;0.266;401.8;0.212;0.0;0.000;60;0;0;1.012;1.532;0.713;83;46;78;50.01;50.01;50.01;4441;1000;0.0;0;1.0000;0;0
600;2017-08-23 06:30:00;172602N232;225;0.140;32;220;218;223;220;1.049;49.99;411.6;0.287;401.6;0.230;0.0;0.000;60;0;0;1.035;1.374;0.740;93;53;77;49.99;49.99;49.99;4441;1000;0.0;0;1.0000;0;0
600;2017-08-23 06:40:00;172602N232;264;0.184;32;220;218;223;220;1.123;49.99;413.6;0.338;404.3;0.271;0.0;0.000;60;0;0;1.002;1.392;0.977;87;74;101;49.99;49.99;49.99;4441;1000;0.0;0;1.0000;0;0
600;2017-08-23 06:50:00;172602N232;340;0.240;32;219;217;221;220;1.123;49.99;418.4;0.445;411.6;0.341;0.0;0.000;60;0;0;1.085;1.243;1.042;117;113;108;49.99;49.99;49.99;4441;1000;0.0;0;1.0000;0;0
600;2017-08-23 07:00:00;172602N232;418;0.310;32;224;223;224;224;1.053;49.99;421.3;0.559;415.5;0.410;0.0;0.000;60;0;0;1.049;1.114;0.998;131;153;131;49.99;49.99;49.99;4441;1000;0.0;0;1.0000;0;0
600;2017-08-23 07:10:00;172602N232;445;0.384;33;224;224;223;224;0.709;50.00;424.2;0.612;418.7;0.419;0.0;0.000;60;0;0;0.665;0.741;0.723;136;156;151;50.00;50.00;50.00;4441;1000;0.0;0;1.0000;0;0
600;2017-08-23 07:20:00;172602N232;485;0.465;33;224;224;224;224;0.767;50.01;425.7;0.672;419.6;0.449;0.0;0.000;60;0;0;0.720;0.800;0.782;149;169;165;50.01;50.01;50.01;4441;1000;0.0;0;1.0000;0;0
600;2017-08-23 07:30:00;172602N232;487;0.547;34;224;224;223;225;0.773;50.00;426.9;0.683;420.2;0.442;0.0;0.000;60;0;0;0.723;0.803;0.793;150;169;167;50.00;50.00;50.00;4441;1000;0.0;0;1.0000;0;0
600;2017-08-23 07:40:00;172602N232;418;0.616;34;225;224;224;225;0.671;50.00;423.9;0.580;413.0;0.391;0.0;0.000;60;0;0;0.622;0.701;0.691;126;146;144;50.00;50.00;50.00;4441;1000;0.0;0;1.0000;0;0
600;2017-08-23 07:50:00;172602N232;380;0.680;35;226;226;226;226;0.614;50.00;427.4;0.527;414.9;0.344;0.0;0.000;60;0;0;0.566;0.647;0.630;113;135;130;50.00;50.00;50.00;4441;1000;0.0;0;1.0000;0;0
600;2017-08-23 08:00:00;172602N232;395;0.746;35;226;226;225;227;0.986;50.00;429.8;0.537;417.4;0.363;0.0;0.000;60;0;0;0.976;1.007;0.977;122;154;118;50.00;50.00;50.00;4441;1000;0.0;0;1.0000;0;0
600;2017-08-23 08:10:00;172602N232;422;0.816;36;226;227;225;227;0.965;49.99;444.6;0.555;420.8;0.384;0.0;0.000;60;0;0;0.948;0.990;0.959;132;155;133;49.99;49.99;49.99;4441;1000;0.0;0;1.0000;0;0
600;2017-08-23 08:20:00;172602N232;502;0.901;36;227;227;227;228;0.785;50.02;453.1;0.693;426.0;0.423;0.0;0.000;60;0;0;0.733;0.819;0.803;153;175;172;50.02;50.02;50.02;4441;1000;0.0;0;1.0000;0;0
600;2017-08-23 08:30:00;172602N232;731;1.022;36;227;226;228;227;1.120;50.00;379.8;1.413;417.0;0.482;0.0;0.000;60;0;0;1.064;1.162;1.136;229;254;247;50.00;50.00;50.00;4441;1000;0.0;0;1.0000;0;0
600;2017-08-23 08:40:00;172602N232;1016;1.192;36;227;226;229;226;1.533;50.00;384.1;2.088;397.4;0.557;0.0;0.000;60;0;0;1.484;1.578;1.539;324;351;338;50.00;50.00;50.00;4441;1000;0.0;0;1.0000;0;0
600;2017-08-23 08:50:00;172602N232;1308;1.410;37;227;227;230;225;1.970;50.01;382.1;2.813;397.6;0.604;0.0;0.000;60;0;0;1.911;2.039;1.962;419;455;432;50.01;50.01;50.01;4441;1000;0.0;0;1.0000;0;0
600;2017-08-23 09:00:00;172602N232;1451;1.652;37;227;226;229;225;2.149;50.01;397.1;3.022;427.2;0.598;0.0;0.000;60;0;0;2.086;2.213;2.148;468;502;479;50.01;50.01;50.01;4441;1000;0.0;0;1.0000;0;0
600;2017-08-23 09:10:00;172602N232;1570;1.915;37;227;226;227;227;2.325;50.02;403.1;3.228;437.1;0.629;0.0;0.000;60;0;0;2.276;2.359;2.341;511;532;526;50.02;50.02;50.02;4441;1000;0.0;0;1.0000;0;0
600;2017-08-23 09:20:00;172602N232;1753;2.205;38;226;225;227;226;2.609;50.00;400.6;3.406;272.6;1.508;0.0;0.000;60;0;0;2.549;2.656;2.624;567;597;586;50.00;50.00;50.00;4441;1000;0.0;0;1.0000;0;0
600;2017-08-23 09:30:00;172602N232;1916;2.525;38;226;225;227;226;2.844;49.99;398.5;3.497;269.2;2.038;0.0;0.000;60;0;0;2.778;2.895;2.860;620;653;641;49.99;49.99;49.99;4441;1000;0.0;0;1.0000;0;0
600;2017-08-23 09:40:00;172602N232;2000;2.859;38;226;225;227;226;2.968;50.00;396.7;3.634;259.0;2.270;0.0;0.000;60;0;0;2.908;3.017;2.980;650;681;667;50.00;50.00;50.00;4441;1000;0.0;0;1.0000;0;0
600;2017-08-23 09:50:00;172602N232;2254;3.234;39;226;225;229;225;3.332;50.00;394.8;3.803;253.0;3.123;0.0;0.000;60;0;0;3.264;3.403;3.331;731;774;746;50.00;50.00;50.00;4441;1000;0.0;0;1.0000;0;0
600;2017-08-23 10:00:00;172602N232;2445;3.642;39;226;225;229;226;3.624;50.01;392.7;3.952;259.8;3.608;0.0;0.000;60;0;0;3.539;3.698;3.637;788;840;815;50.01;50.01;50.01;4441;1000;0.0;0;1.0000;0;0
600;2017-08-23 10:10:00;172602N232;2586;4.074;40;227;226;231;225;3.823;50.02;390.5;4.093;255.7;4.049;0.0;0.000;60;0;0;3.745;3.924;3.801;838;899;847;50.02;50.02;50.02;4441;1000;0.0;0;1.0000;0;0
600;2017-08-23 10:20:00;172602N232;2743;4.532;40;227;226;231;225;4.049;50.00;389.2;4.235;274.9;4.160;0.0;0.000;60;0;0;3.971;4.159;4.017;891;954;896;50.00;50.00;50.00;4441;1000;0.0;0;1.0000;0;0
600;2017-08-23 10:30:00;172602N232;2863;5.009;40;227;226;231;225;4.220;50.00;387.6;4.377;283.3;4.295;0.0;0.000;60;0;0;4.145;4.325;4.190;932;991;938;50.00;50.00;50.00;4441;1000;0.0;0;1.0000;0;0
600;2017-08-23 10:40:00;172602N232;2998;5.509;41;227;226;230;225;4.422;49.99;385.5;4.519;294.8;4.441;0.0;0.000;60;0;0;4.350;4.528;4.390;976;1037;983;49.99;49.99;49.99;4441;1000;0.0;0;1.0000;0;0
600;2017-08-23 10:50:00;172602N232;3145;6.034;41;227;226;230;226;4.638;49.98;383.2;4.684;306.0;4.593;0.0;0.000;60;0;0;4.567;4.733;4.616;1025;1083;1036;49.98;49.98;49.98;4441;1000;0.0;0;1.0000;0;0
600;2017-08-23 11:00:00;172602N232;3261;6.577;42;227;226;231;226;4.801;49.99;381.3;4.824;313.5;4.719;0.0;0.000;60;0;0;4.724;4.912;4.769;1061;1129;1069;49.99;49.99;49.99;4441;1000;0.0;0;1.0000;0;0
600;2017-08-23 11:10:00;172602N232;3403;7.145;42;228;226;231;226;4.998;50.00;378.7;4.977;322.9;4.890;0.0;0.000;60;0;0;4.904;5.121;4.971;1103;1181;1118;50.00;50.00;50.00;4441;1000;0.0;0;1.0000;0;0
600;2017-08-23 11:20:00;172602N232;3526;7.733;42;228;226;232;226;5.171;49.99;375.9;5.173;324.5;5.072;0.0;0.000;60;0;0;5.088;5.297;5.130;1147;1223;1154;49.99;49.99;49.99;4441;1000;0.0;0;1.0000;0;0
600;2017-08-23 11:30:00;172602N232;3672;8.344;42;229;227;232;227;5.371;50.00;373.3;5.296;337.4;5.220;0.0;0.000;60;0;0;5.277;5.497;5.340;1192;1273;1206;50.00;50.00;50.00;4441;1000;0.0;0;1.0000;0;0
600;2017-08-23 11:40:00;172602N232;3733;8.967;42;228;226;232;226;5.469;50.00;370.6;5.393;339.4;5.307;0.0;0.000;60;0;0;5.374;5.588;5.445;1212;1291;1229;50.00;50.00;50.00;4441;1000;0.0;0;1.0000;0;0
600;2017-08-23 11:50:00;172602N232;3872;9.612;42;228;226;232;225;5.681;49.99;369.4;5.500;352.3;5.420;0.0;0.000;60;0;0;5.589;5.829;5.627;1259;1348;1264;49.99;49.99;49.99;4441;1000;0.0;0;1.0000;0;0
600;2017-08-23 12:00:00;172602N232;3904;10.263;42;227;227;231;224;5.735;50.01;367.1;5.559;354.5;5.452;0.0;0.000;60;0;0;5.673;5.855;5.677;1283;1348;1270;50.01;50.01;50.01;4441;1000;0.0;0;1.0000;0;0
600;2017-08-23 12:10:00;172602N232;3979;10.926;42;227;227;231;225;5.841;50.00;366.2;5.575;365.9;5.485;0.0;0.000;60;0;0;5.776;5.959;5.788;1306;1373;1297;50.00;50.00;50.00;4441;1000;0.0;0;1.0000;0;0
600;2017-08-23 12:20:00;172602N232;3979;11.589;42;227;226;231;225;5.843;49.99;365.6;5.558;367.1;5.492;0.0;0.000;60;0;0;5.777;5.957;5.795;1303;1372;1302;49.99;49.99;49.99;4441;1000;0.0;0;1.0000;0;0
600;2017-08-23 12:30:00;172602N232;3965;12.251;43;227;226;231;225;5.821;50.01;366.1;5.532;366.9;5.474;0.0;0.000;60;0;0;5.734;5.951;5.780;1293;1373;1297;50.01;50.01;50.01;4441;1000;0.0;0;1.0000;0;0
600;2017-08-23 12:40:00;172602N232;3975;12.912;43;228;226;231;226;5.834;50.00;365.2;5.555;366.1;5.506;0.0;0.000;60;0;0;5.736;5.964;5.802;1291;1377;1306;50.00;50.00;50.00;4441;1000;0.0;0;1.0000;0;0
600;2017-08-23 12:50:00;172602N232;4023;13.583;43;228;226;231;226;5.897;50.00;365.8;5.613;366.0;5.575;0.0;0.000;60;0;0;5.817;6.015;5.860;1313;1387;1321;50.00;50.00;50.00;4441;1000;0.0;0;1.0000;0;0
600;2017-08-23 13:00:00;172602N232;4033;14.256;43;228;226;231;226;5.909;50.00;364.8;5.640;365.2;5.606;0.0;0.000;60;0;0;5.817;6.025;5.886;1312;1390;1329;50.00;50.00;50.00;4441;1000;0.0;0;1.0000;0;0
600;2017-08-23 13:10:00;172602N232;4051;14.931;43;228;225;233;227;5.931;50.00;364.8;5.665;365.2;5.632;0.0;0.000;60;0;0;5.805;6.072;5.916;1303;1409;1337;50.00;50.00;50.00;4441;1000;0.0;0;1.0000;0;0
600;2017-08-23 13:20:00;172602N232;4050;15.606;43;228;223;232;227;5.942;49.99;364.4;5.668;364.8;5.640;0.0;0.000;60;0;0;5.788;6.089;5.950;1289;1411;1349;49.99;49.99;49.99;4441;1000;0.0;0;1.0000;0;0
600;2017-08-23 13:30:00;172602N232;4013;16.276;43;228;226;232;226;5.884;49.99;364.2;5.618;364.2;5.597;0.0;0.000;60;0;0;5.791;6.014;5.847;1303;1390;1319;49.99;49.99;49.99;4441;1000;0.0;0;1.0000;0;0
600;2017-08-23 13:40:00;172602N232;3988;16.940;43;228;226;232;226;5.839;49.99;364.7;5.580;363.9;5.561;0.0;0.000;60;0;0;5.758;5.977;5.783;1300;1384;1302;49.99;49.99;49.99;4441;1000;0.0;0;1.0000;0;0
600;2017-08-23 13:50:00;172602N232;3966;17.601;43;228;226;233;226;5.802;50.00;364.0;5.556;363.5;5.540;0.0;0.000;60;0;0;5.704;5.954;5.748;1287;1382;1295;50.00;50.00;50.00;4441;1000;0.0;0;1.0000;0;0
600;2017-08-23 14:00:00;172602N232;3951;18.261;44;229;227;233;226;5.770;50.01;364.0;5.531;363.7;5.519;0.0;0.000;60;0;0;5.679;5.918;5.715;1284;1376;1289;50.01;50.01;50.01;4441;1000;0.0;0;1.0000;0;0
600;2017-08-23 14:10:00;172602N232;3947;18.919;44;229;227;233;227;5.766;50.00;364.5;5.518;364.4;5.505;0.0;0.000;60;0;0;5.682;5.897;5.720;1285;1367;1292;50.00;50.00;50.00;4441;1000;0.0;0;1.0000;0;0
600;2017-08-23 14:20:00;172602N232;3939;19.575;44;229;227;233;227;5.747;50.01;365.5;5.490;364.8;5.486;0.0;0.000;60;0;0;5.653;5.884;5.705;1278;1368;1291;50.01;50.01;50.01;4441;1000;0.0;0;1.0000;0;0
600;2017-08-23 14:30:00;172602N232;3925;20.229;44;229;227;233;227;5.731;50.00;365.2;5.471;364.9;5.467;0.0;0.000;60;0;0;5.629;5.872;5.692;1272;1363;1287;50.00;50.00;50.00;4441;1000;0.0;0;1.0000;0;0
600;2017-08-23 14:40:00;172602N232;3846;20.870;44;229;227;233;227;5.614;49.99;365.4;5.359;364.8;5.359;0.0;0.000;60;0;0;5.531;5.743;5.569;1253;1331;1259;49.99;49.99;49.99;4441;1000;0.0;0;1.0000;0;0
600;2017-08-23 14:50:00;172602N232;3794;21.504;44;229;227;233;227;5.532;50.00;367.5;5.258;366.3;5.259;0.0;0.000;60;0;0;5.431;5.674;5.493;1230;1320;1242;50.00;50.00;50.00;4441;1000;0.0;0;1.0000;0;0
600;2017-08-23 15:00:00;172602N232;3691;22.118;44;228;230;234;220;5.406;50.00;366.9;5.117;366.7;5.117;0.0;0.000;60;0;0;5.373;5.620;5.226;1231;1312;1146;50.00;50.00;50.00;4441;1000;0.0;0;1.0000;0;0
600;2017-08-23 15:10:00;172602N232;3637;22.724;45;228;232;233;218;5.341;50.01;369.3;5.011;368.9;5.007;0.0;0.000;60;0;0;5.365;5.545;5.115;1239;1285;1111;50.01;50.01;50.01;4441;1000;0.0;0;1.0000;0;0
600;2017-08-23 15:20:00;172602N232;3505;23.308;45;228;232;233;218;5.144;50.02;369.9;4.813;369.6;4.821;0.0;0.000;60;0;0;5.164;5.343;4.925;1194;1239;1070;50.02;50.02;50.02;4441;1000;0.0;0;1.0000;0;0
600;2017-08-23 15:30:00;172602N232;3419;23.878;45;228;231;232;220;5.009;50.01;370.9;4.677;371.0;4.686;0.0;0.000;60;0;0;5.008;5.179;4.840;1155;1200;1062;50.01;50.01;50.01;4441;1000;0.0;0;1.0000;0;0
600;2017-08-23 15:40:00;172602N232;3378;24.443;45;229;228;231;228;4.934;49.99;372.6;4.596;372.3;4.614;0.0;0.000;60;0;0;4.880;5.015;4.907;1109;1155;1112;49.99;49.99;49.99;4441;1000;0.0;0;1.0000;0;0
600;2017-08-23 15:50:00;172602N232;3212;24.979;44;228;228;231;226;4.702;49.99;373.7;4.358;373.6;4.363;0.0;0.000;60;0;0;4.664;4.789;4.654;1061;1101;1048;49.99;49.99;49.99;4441;1000;0.0;0;1.0000;0;0
600;2017-08-23 16:00:00;172602N232;2888;25.460;44;227;227;230;224;4.254;49.98;380.8;3.826;376.9;3.908;0.0;0.000;60;0;0;4.202;4.354;4.208;950;997;939;49.98;49.98;49.98;4441;1000;0.0;0;1.0000;0;0
600;2017-08-23 16:10:00;172602N232;2899;25.943;44;228;228;231;225;4.262;50.00;392.1;3.693;378.9;3.931;0.0;0.000;60;0;0;4.204;4.355;4.228;951;999;947;50.00;50.00;50.00;4441;1000;0.0;0;1.0000;0;0
600;2017-08-23 16:20:00;172602N232;2148;26.301;44;227;227;229;226;3.175;50.02;368.3;2.894;375.8;2.918;0.0;0.000;60;0;0;3.106;3.241;3.178;699;737;710;50.02;50.02;50.02;4441;1000;0.0;0;1.0000;0;0
600;2017-08-23 16:30:00;172602N232;1606;26.569;44;226;225;228;225;2.450;50.01;380.1;2.063;386.3;2.114;0.0;0.000;60;0;0;2.396;2.513;2.441;517;556;530;50.01;50.01;50.01;4441;1000;0.0;0;1.0000;0;0
600;2017-08-23 16:40:00;172602N232;2473;26.981;44;226;227;229;223;3.657;49.99;380.8;3.237;390.1;3.253;0.0;0.000;60;0;0;3.622;3.745;3.604;818;852;801;49.99;49.99;49.99;4441;1000;0.0;0;1.0000;0;0
600;2017-08-23 16:50:00;172602N232;2289;27.363;44;226;228;230;222;3.387;49.99;380.8;2.999;393.3;2.979;0.0;0.000;60;0;0;3.355;3.491;3.315;759;797;731;49.99;49.99;49.99;4441;1000;0.0;0;1.0000;0;0
600;2017-08-23 17:00:00;172602N232;2063;27.706;44;227;228;230;224;3.042;49.99;381.8;2.723;403.6;2.583;0.0;0.000;60;0;0;2.994;3.131;3.002;676;717;667;49.99;49.99;49.99;4441;1000;0.0;0;1.0000;0;0
600;2017-08-23 17:10:00;172602N232;1906;28.025;44;227;227;229;225;2.816;50.01;382.8;2.508;382.1;2.524;0.0;0.000;60;0;0;2.763;2.881;2.804;623;655;626;50.01;50.01;50.01;4441;1000;0.0;0;1.0000;0;0
600;2017-08-23 17:20:00;172602N232;1763;28.319;44;226;225;228;225;2.619;50.02;385.7;2.295;383.2;2.330;0.0;0.000;60;0;0;2.551;2.683;2.623;570;607;585;50.02;50.02;50.02;4441;1000;0.0;0;1.0000;0;0
600;2017-08-23 17:30:00;172602N232;1542;28.576;44;226;224;228;225;2.290;49.99;393.0;1.916;384.3;2.081;0.0;0.000;60;0;0;2.216;2.354;2.301;492;533;514;49.99;49.99;49.99;4441;1000;0.0;0;1.0000;0;0
600;2017-08-23 17:40:00;172602N232;1371;28.804;44;225;224;227;224;2.052;49.99;379.0;1.746;387.2;1.857;0.0;0.000;60;0;0;1.990;2.115;2.053;439;475;455;49.99;49.99;49.99;4441;1000;0.0;0;1.0000;0;0
600;2017-08-23 17:50:00;172602N232;1176;29.000;44;225;225;227;224;1.807;49.97;388.8;1.632;346.4;1.587;0.0;0.000;60;0;0;1.769;1.848;1.805;379;406;390;49.97;49.97;49.97;4441;1000;0.0;0;1.0000;0;0
600;2017-08-23 18:00:00;172602N232;974;29.164;44;225;224;228;224;1.475;49.99;389.0;1.376;336.3;1.324;0.0;0.000;60;0;0;1.411;1.533;1.482;306;343;323;49.99;49.99;49.99;4441;1000;0.0;0;1.0000;0;0
600;2017-08-23 18:10:00;172602N232;872;29.309;44;225;221;230;225;1.322;50.01;371.9;1.254;350.4;1.170;0.0;0.000;60;0;0;1.236;1.383;1.348;266;310;295;50.01;50.01;50.01;4441;1000;0.0;0;1.0000;0;0
600;2017-08-23 18:20:00;172602N232;697;29.425;44;226;222;229;227;1.068;50.02;370.6;0.975;358.5;0.933;0.0;0.000;60;0;0;0.980;1.129;1.097;209;248;239;50.02;50.02;50.02;4441;1000;0.0;0;1.0000;0;0
600;2017-08-23 18:30:00;172602N232;367;29.487;43;226;224;228;226;1.135;50.01;396.0;0.405;411.7;0.475;0.0;0.000;60;0;0;1.109;1.215;1.081;115;125;125;50.01;50.01;50.01;4441;1000;0.0;0;1.0000;0;0
600;2017-08-23 18:40:00;172602N232;322;29.540;43;226;224;229;226;1.158;50.00;386.9;0.335;394.4;0.463;0.0;0.000;60;0;0;1.152;1.344;0.979;110;101;108;50.00;50.00;50.00;4441;1000;0.0;0;1.0000;0;0
600;2017-08-23 18:50:00;172602N232;233;29.579;43;227;226;228;226;1.053;50.01;360.7;0.263;391.9;0.324;0.0;0.000;60;0;0;1.009;1.189;0.962;66;71;94;50.01;50.01;50.01;4441;1000;0.0;0;1.0000;0;0
600;2017-08-23 19:00:00;172602N232;182;29.610;42;222;226;224;217;1.049;49.99;353.1;0.222;383.9;0.236;0.0;0.000;60;0;0;1.431;0.981;0.736;9;91;87;49.99;49.99;49.99;4441;1000;0.0;0;1.0000;0;0
600;2017-08-23 19:10:00;172602N232;139;29.634;42;220;221;225;215;0.981;49.99;360.1;0.166;379.8;0.176;0.0;0.000;60;0;0;0.939;1.263;0.741;41;25;72;49.99;49.99;49.99;4441;1000;0.0;0;1.0000;0;0
600;2017-08-23 19:20:00;172602N232;94;29.649;42;220;223;225;213;0.892;50.01;351.5;0.109;375.6;0.113;0.0;0.000;60;0;0;1.052;0.946;0.680;15;28;61;50.01;50.01;50.01;4441;1000;0.0;0;1.0000;0;0
600;2017-08-23 19:30:00;172602N232;47;29.657;41;220;224;224;212;0.636;49.99;328.6;0.046;355.2;0.049;0.0;0.000;60;0;0;0.858;0.565;0.486;0;32;38;49.99;49.99;49.99;4441;1000;0.0;0;1.0000;0;0
600;2017-08-23 19:40:00;172602N232;8;29.659;41;220;224;225;211;0.211;50.00;263.2;0.003;259.1;0.006;0.0;0.000;60;0;0;0.328;0.171;0.134;0;6;9;50.00;50.00;50.00;4441;1000;0.0;0;1.0000;0;0
600;2017-08-23 19:50:00;172602N232;0;29.659;40;220;222;224;213;0.004;50.00;243.9;0.000;244.2;0.000;0.0;0.000;50;0;0;0.012;0.000;0.000;0;0;0;50.00;50.00;50.00;4441;1000;0.0;0;1.0000;0;0
600;2017-08-23 20:00:00;172602N232;0;29.659;39;220;221;224;214;0.000;50.01;232.1;0.000;233.1;0.000;0.0;0.000;50;0;0;0.000;0.000;0.000;0;0;0;50.01;50.01;50.01;4441;1000;0.0;0;1.0000;0;0
600;2017-08-23 20:10:00;172602N232;0;29.659;38;220;221;224;215;0.000;49.98;228.2;0.000;229.2;0.000;0.0;0.000;50;0;0;0.000;0.000;0.000;0;0;0;49.98;49.98;49.98;4441;1000;0.0;0;1.0000;0;0
[wr_ende]
