20150224;230003;172602N232;My Plant;+0100
[wr_def_start]
172602N232;Inverter Type;Inverter Group;72602N232      
[wr_def_end]
[wr]
INTERVAL;TIMESTAMP;SERIAL;P_AC;E_DAY;T_WR;U_AC;U_AC_1;U_AC_2;U_AC_3;I_AC;F_AC;U_DC_1;I_DC_1;U_DC_2;I_DC_2;U_DC_3;I_DC_3;S;E_WR;M_WR;I_AC_1;I_AC_2;I_AC_3;P_AC_1;P_AC_2;P_AC_3;F_AC_1;F_AC_2;F_AC_3;R_DC;PC;PCS;PCS_LL;COS_PHI;COS_PHI_LL;S_COS_PHI
600;2015-02-24 06:40:00;172602N232;0;0.000;0;0;0;0;0;0.000;0.22;0.9;0.000;0.9;0.000;0.0;0.000;50;0;0;0.000;0.000;0.000;0;0;0;0.22;0.22;0.22;20;1000;0.0;0;1.0000;0;0
600;2015-02-24 06:50:00;172602N232;0;0.000;13;221;221;224;218;0.000;49.98;227.9;0.000;228.8;0.000;0.0;0.000;50;0;0;0.000;0.000;0.000;0;0;0;49.98;49.98;49.98;0;1000;0.0;0;1.0000;0;0
600;2015-02-24 07:00:00;172602N232;0;0.000;16;221;222;222;219;0.019;49.99;263.3;0.000;263.6;0.000;0.0;0.000;60;0;0;0.025;0.017;0.015;0;0;0;49.99;49.99;49.99;2381;1000;0.0;0;1.0000;0;0
600;2015-02-24 07:10:00;172602N232;0;0.000;17;222;223;222;221;0.010;49.99;273.1;0.000;272.6;0.000;0.0;0.000;60;0;0;0.015;0.011;0.005;0;0;0;49.99;49.99;49.99;7227;1000;0.0;0;1.0000;0;0
600;2015-02-24 07:20:00;172602N232;21;0.004;17;222;222;222;221;0.322;49.99;334.6;0.015;333.9;0.017;0.0;0.000;60;0;0;0.362;0.352;0.252;1;13;13;49.99;49.99;49.99;5257;1000;0.0;0;1.0000;0;0
600;2015-02-24 07:30:00;172602N232;3;0.005;18;221;221;220;221;0.106;49.99;260.4;0.001;255.5;0.002;0.0;0.000;60;0;0;0.117;0.102;0.100;0;5;1;49.99;49.99;49.99;5043;1000;0.0;0;1.0000;0;0
600;2015-02-24 07:40:00;172602N232;5;0.007;18;221;221;221;220;0.127;50.00;280.6;0.000;283.4;0.002;0.0;0.000;60;0;0;0.161;0.124;0.096;0;5;3;50.00;50.00;50.00;4963;1000;0.0;0;1.0000;0;0
600;2015-02-24 07:50:00;172602N232;30;0.011;19;220;220;220;220;0.410;49.98;340.0;0.022;342.0;0.026;0.0;0.000;60;0;0;0.466;0.426;0.339;3;13;14;49.98;49.98;49.98;4935;1000;0.0;0;1.0000;0;0
600;2015-02-24 08:00:00;172602N232;53;0.017;19;221;221;221;222;0.607;49.99;373.1;0.050;384.4;0.052;0.0;0.000;60;0;0;0.605;0.603;0.615;14;24;14;49.99;49.99;49.99;4935;1000;0.0;0;1.0000;0;0
600;2015-02-24 08:10:00;172602N232;75;0.030;19;223;223;222;223;0.768;49.98;390.3;0.078;395.2;0.080;0.0;0.000;60;0;0;0.836;0.688;0.782;16;35;22;49.98;49.98;49.98;4935;1000;0.0;0;1.0000;0;0
600;2015-02-24 08:20:00;172602N232;85;0.046;20;223;224;223;222;0.856;49.98;391.1;0.090;398.5;0.092;0.0;0.000;60;0;0;1.154;0.727;0.689;4;42;43;49.98;49.98;49.98;4935;1000;0.0;0;1.0000;0;0
600;2015-02-24 08:30:00;172602N232;95;0.061;20;223;224;223;222;0.866;49.99;396.8;0.102;399.7;0.104;0.0;0.000;60;0;0;1.117;0.812;0.669;5;42;51;49.99;49.99;49.99;4935;1000;0.0;0;1.0000;0;0
600;2015-02-24 08:40:00;172602N232;210;0.097;20;224;224;224;223;1.066;50.01;418.6;0.232;418.9;0.235;0.0;0.000;60;0;0;1.225;1.097;0.877;51;83;74;50.01;50.01;50.01;4935;1000;0.0;0;1.0000;0;0
600;2015-02-24 08:50:00;172602N232;121;0.117;21;224;225;224;224;0.712;50.00;361.7;0.129;365.4;0.133;0.0;0.000;60;0;0;0.854;0.711;0.571;26;56;47;50.00;50.00;50.00;4935;1000;0.0;0;1.0000;0;0
600;2015-02-24 09:00:00;172602N232;61;0.127;21;223;223;223;222;0.695;50.00;372.2;0.060;383.7;0.063;0.0;0.000;60;0;0;0.778;0.745;0.563;8;23;29;50.00;50.00;50.00;4935;1000;0.0;0;1.0000;0;0
600;2015-02-24 09:10:00;172602N232;104;0.145;21;223;223;224;222;0.897;50.00;393.6;0.111;398.9;0.114;0.0;0.000;60;0;0;0.943;1.075;0.673;24;25;53;50.00;50.00;50.00;4935;1000;0.0;0;1.0000;0;0
600;2015-02-24 09:20:00;172602N232;181;0.175;22;223;222;224;222;0.977;50.01;415.2;0.200;415.7;0.203;0.0;0.000;60;0;0;0.898;1.315;0.720;48;59;72;50.01;50.01;50.01;4935;1000;0.0;0;1.0000;0;0
600;2015-02-24 09:30:00;172602N232;306;0.227;22;223;222;223;222;1.089;50.01;431.3;0.338;426.3;0.346;0.0;0.000;60;0;0;1.090;1.143;1.036;90;115;100;50.01;50.01;50.01;4935;1000;0.0;0;1.0000;0;0
600;2015-02-24 09:40:00;172602N232;275;0.272;22;224;224;224;223;1.065;49.99;425.1;0.305;422.1;0.310;0.0;0.000;60;0;0;1.136;1.136;0.923;74;109;90;49.99;49.99;49.99;4935;1000;0.0;0;1.0000;0;0
600;2015-02-24 09:50:00;172602N232;140;0.296;23;225;224;225;225;0.922;49.99;406.7;0.154;408.2;0.157;0.0;0.000;60;0;0;0.939;1.030;0.797;29;56;53;49.99;49.99;49.99;4935;1000;0.0;0;1.0000;0;0
600;2015-02-24 10:00:00;172602N232;193;0.328;23;221;222;221;221;0.979;50.00;418.7;0.212;415.9;0.217;0.0;0.000;60;0;0;1.169;0.989;0.780;41;81;69;50.00;50.00;50.00;4935;1000;0.0;0;1.0000;0;0
600;2015-02-24 10:10:00;172602N232;206;0.363;23;220;220;221;220;0.957;49.98;410.6;0.231;414.4;0.233;0.0;0.000;60;0;0;1.070;0.922;0.881;52;80;73;49.98;49.98;49.98;4935;1000;0.0;0;1.0000;0;0
600;2015-02-24 10:20:00;172602N232;353;0.421;23;221;221;222;221;0.945;50.00;428.0;0.395;428.3;0.401;0.0;0.000;60;0;0;0.982;0.944;0.911;110;122;119;50.00;50.00;50.00;4935;1000;0.0;0;1.0000;0;0
600;2015-02-24 10:30:00;172602N232;441;0.495;23;221;221;222;220;1.091;50.01;431.0;0.493;430.7;0.500;0.0;0.000;60;0;0;1.147;1.078;1.048;133;154;152;50.01;50.01;50.01;4935;1000;0.0;0;1.0000;0;0
600;2015-02-24 10:40:00;172602N232;699;0.612;24;221;222;222;220;1.096;49.98;436.5;0.789;439.3;0.791;0.0;0.000;60;0;0;1.054;1.132;1.104;222;242;234;49.98;49.98;49.98;4935;1000;0.0;0;1.0000;0;0
600;2015-02-24 10:50:00;172602N232;553;0.704;24;221;222;223;219;0.878;49.98;428.2;0.630;433.8;0.633;0.0;0.000;60;0;0;0.834;0.918;0.882;173;194;184;49.98;49.98;49.98;4935;1000;0.0;0;1.0000;0;0
600;2015-02-24 11:00:00;172602N232;549;0.795;25;222;221;223;220;0.866;49.98;434.7;0.617;431.0;0.628;0.0;0.000;60;0;0;0.815;0.909;0.876;170;193;184;49.98;49.98;49.98;4935;1000;0.0;0;1.0000;0;0
600;2015-02-24 11:10:00;172602N232;696;0.912;25;222;221;223;220;1.087;49.97;436.6;0.785;433.6;0.800;0.0;0.000;60;0;0;1.032;1.131;1.100;218;243;233;49.97;49.97;49.97;4935;1000;0.0;0;1.0000;0;0
600;2015-02-24 11:20:00;172602N232;796;1.045;25;221;221;222;221;1.236;50.00;440.8;0.893;433.8;0.914;0.0;0.000;60;0;0;1.184;1.275;1.251;252;275;267;50.00;50.00;50.00;4935;1000;0.0;0;1.0000;0;0
600;2015-02-24 11:30:00;172602N232;561;1.138;26;221;220;223;220;0.909;50.00;432.9;0.635;429.5;0.645;0.0;0.000;60;0;0;0.861;0.953;0.915;174;196;189;50.00;50.00;50.00;4935;1000;0.0;0;1.0000;0;0
600;2015-02-24 11:40:00;172602N232;354;1.197;26;222;222;223;220;0.973;49.98;422.0;0.402;422.8;0.407;0.0;0.000;60;0;0;0.961;1.064;0.895;101;126;125;49.98;49.98;49.98;4935;1000;0.0;0;1.0000;0;0
600;2015-02-24 11:50:00;172602N232;319;1.251;26;222;221;223;221;1.038;49.99;417.9;0.364;421.3;0.367;0.0;0.000;60;0;0;1.088;1.082;0.945;98;109;110;49.99;49.99;49.99;4935;1000;0.0;0;1.0000;0;0
600;2015-02-24 12:00:00;172602N232;454;1.328;26;222;221;223;221;0.830;50.01;431.8;0.512;425.8;0.523;0.0;0.000;60;0;0;0.802;0.886;0.804;142;161;149;50.01;50.01;50.01;4935;1000;0.0;0;1.0000;0;0
600;2015-02-24 12:10:00;172602N232;441;1.400;26;221;221;223;220;1.052;49.99;423.7;0.503;424.5;0.509;0.0;0.000;60;0;0;1.059;1.118;0.979;139;153;146;49.99;49.99;49.99;4935;1000;0.0;0;1.0000;0;0
600;2015-02-24 12:20:00;172602N232;653;1.509;26;221;221;223;220;1.025;50.00;433.8;0.739;431.0;0.754;0.0;0.000;60;0;0;0.972;1.068;1.035;204;228;219;50.00;50.00;50.00;4935;1000;0.0;0;1.0000;0;0
600;2015-02-24 12:30:00;172602N232;549;1.602;26;221;221;223;220;0.869;50.01;433.7;0.621;427.1;0.635;0.0;0.000;60;0;0;0.815;0.913;0.879;170;193;184;50.01;50.01;50.01;4935;1000;0.0;0;1.0000;0;0
600;2015-02-24 12:40:00;172602N232;409;1.670;27;221;221;222;220;0.787;49.98;427.7;0.464;422.6;0.474;0.0;0.000;60;0;0;0.759;0.812;0.791;124;143;140;49.98;49.98;49.98;4935;1000;0.0;0;1.0000;0;0
600;2015-02-24 12:50:00;172602N232;335;1.726;27;221;221;223;220;1.151;49.99;421.9;0.381;420.3;0.387;0.0;0.000;60;0;0;1.183;1.209;1.063;92;113;128;49.99;49.99;49.99;4935;1000;0.0;0;1.0000;0;0
600;2015-02-24 13:00:00;172602N232;334;1.782;27;221;221;222;220;1.008;50.00;420.0;0.380;419.8;0.386;0.0;0.000;60;0;0;1.071;1.076;0.878;102;119;111;50.00;50.00;50.00;4935;1000;0.0;0;1.0000;0;0
600;2015-02-24 13:10:00;172602N232;397;1.848;27;222;221;224;221;0.897;50.00;422.7;0.452;423.9;0.459;0.0;0.000;60;0;0;0.874;0.971;0.847;121;139;134;50.00;50.00;50.00;4935;1000;0.0;0;1.0000;0;0
600;2015-02-24 13:20:00;172602N232;245;1.889;27;222;222;224;221;1.050;50.01;415.4;0.277;414.8;0.281;0.0;0.000;60;0;0;1.129;1.216;0.807;73;86;84;50.01;50.01;50.01;4935;1000;0.0;0;1.0000;0;0
600;2015-02-24 13:30:00;172602N232;271;1.933;27;222;222;224;220;1.120;50.02;420.8;0.304;417.5;0.310;0.0;0.000;60;0;0;1.122;1.297;0.941;68;94;106;50.02;50.02;50.02;4935;1000;0.0;0;1.0000;0;0
600;2015-02-24 13:40:00;172602N232;511;2.019;26;222;221;225;221;1.193;50.00;424.8;0.585;426.8;0.590;0.0;0.000;60;0;0;1.144;1.399;1.037;164;183;162;50.00;50.00;50.00;4935;1000;0.0;0;1.0000;0;0
600;2015-02-24 13:50:00;172602N232;678;2.133;26;221;220;224;221;1.162;49.98;433.7;0.770;429.3;0.786;0.0;0.000;60;0;0;1.137;1.187;1.164;214;234;228;49.98;49.98;49.98;4935;1000;0.0;0;1.0000;0;0
600;2015-02-24 14:00:00;172602N232;397;2.199;27;222;220;223;222;0.755;49.99;428.5;0.448;421.3;0.461;0.0;0.000;60;0;0;0.704;0.807;0.756;120;140;135;49.99;49.99;49.99;4935;1000;0.0;0;1.0000;0;0
600;2015-02-24 14:10:00;172602N232;372;2.262;27;222;221;224;222;1.034;49.99;417.4;0.428;421.7;0.432;0.0;0.000;60;0;0;1.022;1.112;0.968;117;130;122;49.99;49.99;49.99;4935;1000;0.0;0;1.0000;0;0
600;2015-02-24 14:20:00;172602N232;899;2.411;27;223;223;225;222;1.402;50.01;433.5;1.023;432.8;1.044;0.0;0.000;60;0;0;1.349;1.449;1.409;286;312;299;50.01;50.01;50.01;4935;1000;0.0;0;1.0000;0;0
600;2015-02-24 14:30:00;172602N232;982;2.575;27;223;222;224;222;1.506;50.03;436.7;1.132;431.4;1.104;0.0;0.000;60;0;0;1.455;1.547;1.517;314;339;328;50.03;50.03;50.03;4935;1000;0.0;0;1.0000;0;0
600;2015-02-24 14:40:00;172602N232;716;2.695;27;223;223;224;222;1.110;50.00;432.9;0.813;427.3;0.834;0.0;0.000;60;0;0;1.056;1.151;1.125;225;248;241;50.00;50.00;50.00;4935;1000;0.0;0;1.0000;0;0
600;2015-02-24 14:50:00;172602N232;523;2.782;27;224;223;225;223;0.823;49.98;430.6;0.593;423.4;0.611;0.0;0.000;60;0;0;0.765;0.864;0.841;160;184;177;49.98;49.98;49.98;4935;1000;0.0;0;1.0000;0;0
600;2015-02-24 15:00:00;172602N232;437;2.855;27;223;223;225;223;0.774;50.00;429.1;0.495;421.6;0.508;0.0;0.000;60;0;0;0.730;0.822;0.772;132;155;148;50.00;50.00;50.00;4935;1000;0.0;0;1.0000;0;0
600;2015-02-24 15:10:00;172602N232;429;2.926;28;224;223;225;223;1.115;50.00;426.9;0.488;422.5;0.498;0.0;0.000;60;0;0;1.152;1.103;1.091;138;148;142;50.00;50.00;50.00;4935;1000;0.0;0;1.0000;0;0
600;2015-02-24 15:20:00;172602N232;376;2.990;28;224;223;225;223;0.979;49.99;423.6;0.427;420.4;0.436;0.0;0.000;60;0;0;0.970;1.048;0.921;113;133;128;49.99;49.99;49.99;4935;1000;0.0;0;1.0000;0;0
600;2015-02-24 15:30:00;172602N232;333;3.045;28;224;223;225;223;0.915;50.00;421.3;0.379;418.5;0.388;0.0;0.000;60;0;0;0.912;1.006;0.829;101;111;120;50.00;50.00;50.00;4935;1000;0.0;0;1.0000;0;0
600;2015-02-24 15:40:00;172602N232;229;3.083;27;223;223;225;222;1.048;50.01;415.0;0.259;411.7;0.263;0.0;0.000;60;0;0;1.099;1.265;0.780;67;76;84;50.01;50.01;50.01;4935;1000;0.0;0;1.0000;0;0
600;2015-02-24 15:50:00;172602N232;228;3.121;27;222;222;224;221;1.045;50.00;415.6;0.257;412.4;0.261;0.0;0.000;60;0;0;1.087;1.298;0.750;67;77;82;50.00;50.00;50.00;4935;1000;0.0;0;1.0000;0;0
600;2015-02-24 16:00:00;172602N232;76;3.134;27;223;223;224;221;0.814;49.99;377.6;0.080;383.6;0.083;0.0;0.000;60;0;0;0.857;0.963;0.623;9;17;48;49.99;49.99;49.99;4935;1000;0.0;0;1.0000;0;0
600;2015-02-24 16:10:00;172602N232;132;3.156;27;222;222;223;222;0.911;49.98;403.5;0.146;402.2;0.149;0.0;0.000;60;0;0;0.902;1.108;0.724;22;40;68;49.98;49.98;49.98;4935;1000;0.0;0;1.0000;0;0
600;2015-02-24 16:20:00;172602N232;119;3.176;27;222;222;222;222;0.905;49.99;392.6;0.133;398.9;0.135;0.0;0.000;60;0;0;1.122;0.853;0.741;17;47;54;49.99;49.99;49.99;4935;1000;0.0;0;1.0000;0;0
600;2015-02-24 16:30:00;172602N232;73;3.188;26;222;222;222;222;0.735;50.00;374.0;0.075;381.4;0.079;0.0;0.000;60;0;0;0.918;0.706;0.582;7;32;34;50.00;50.00;50.00;4935;1000;0.0;0;1.0000;0;0
600;2015-02-24 16:40:00;172602N232;68;3.200;26;221;220;223;221;0.684;50.04;354.8;0.070;367.2;0.073;0.0;0.000;60;0;0;0.561;0.973;0.519;27;8;38;50.04;50.04;50.04;4935;1000;0.0;0;1.0000;0;0
600;2015-02-24 16:50:00;172602N232;2;3.201;26;221;220;222;221;0.110;49.99;269.3;0.000;270.9;0.000;0.0;0.000;51;0;0;0.094;0.173;0.064;2;0;2;49.99;49.99;49.99;4963;1000;0.0;0;1.0000;0;0
600;2015-02-24 17:00:00;172602N232;0;3.201;25;219;220;220;218;0.009;49.99;267.7;0.000;267.5;0.000;0.0;0.000;60;0;0;0.011;0.015;0.003;0;0;0;49.99;49.99;49.99;5307;1000;0.0;0;1.0000;0;0
600;2015-02-24 17:10:00;172602N232;0;3.201;24;219;220;220;216;0.002;50.00;265.5;0.000;265.6;0.000;0.0;0.000;50;0;0;0.005;0.003;0.000;0;0;0;50.00;50.00;50.00;5317;1000;0.0;0;1.0000;0;0
600;2015-02-24 17:20:00;172602N232;0;3.201;23;219;220;220;218;0.000;49.98;233.6;0.000;234.5;0.000;0.0;0.000;50;0;0;0.000;0.000;0.000;0;0;0;49.98;49.98;49.98;5317;1000;0.0;0;1.0000;0;0
600;2015-02-24 17:30:00;172602N232;0;3.201;23;218;218;220;218;0.000;49.97;228.6;0.000;229.5;0.000;0.0;0.000;50;0;0;0.000;0.000;0.000;0;0;0;49.97;49.97;49.97;5317;1000;0.0;0;1.0000;0;0
600;2015-02-24 17:40:00;172602N232;0;3.201;23;218;218;220;217;0.000;50.05;228.8;0.000;229.8;0.000;0.0;0.000;50;0;0;0.000;0.000;0.000;0;0;0;50.05;50.05;50.05;5317;1000;0.0;0;1.0000;0;0
[wr_ende]
