20130723;230003;172602N232;My Plant;+0100
[wr_def_start]
172602N232;Inverter Type;Inverter Group;72602N232      
[wr_def_end]
[wr]
INTERVAL;TIMESTAMP;SERIAL;P_AC;E_DAY;T_WR;U_AC;U_AC_1;U_AC_2;U_AC_3;I_AC;F_AC;U_DC_1;I_DC_1;U_DC_2;I_DC_2;U_DC_3;I_DC_3;S;E_WR;M_WR;I_AC_1;I_AC_2;I_AC_3;P_AC_1;P_AC_2;P_AC_3;F_AC_1;F_AC_2;F_AC_3;R_DC;PC;PCS;PCS_LL;COS_PHI;COS_PHI_LL;S_COS_PHI
600;2013-07-23 04:30:00;172602N232;0;0.000;0;2;2;2;2;0.000;0.52;2.2;0.000;2.2;0.000;0.0;0.000;50;0;0;0.000;0.000;0.000;0;0;0;0.52;0.52;0.52;66;1000;0.0;0;1.0000;0;0
600;2013-07-23 04:40:00;172602N232;0;0.000;24;225;225;227;222;0.000;50.01;227.5;0.000;228.4;0.000;0.0;0.000;50;0;0;0.000;0.000;0.000;0;0;0;50.01;50.01;50.01;0;1000;0.0;0;1.0000;0;0
600;2013-07-23 04:50:00;172602N232;0;0.000;26;225;225;227;222;0.000;50.02;230.9;0.000;231.8;0.000;0.0;0.000;50;0;0;0.000;0.000;0.000;0;0;0;50.02;50.02;50.02;0;1000;0.0;0;1.0000;0;0
600;2013-07-23 05:00:00;172602N232;0;0.000;27;225;225;227;222;0.000;50.01;269.3;0.000;269.0;0.000;0.0;0.000;50;0;0;0.000;0.000;0.000;0;0;0;50.01;50.01;50.01;0;1000;0.0;0;1.0000;0;0
600;2013-07-23 05:10:00;172602N232;0;0.000;27;224;225;226;222;0.029;50.01;281.8;0.000;280.3;0.000;0.0;0.000;60;0;0;0.042;0.025;0.022;0;0;1;50.01;50.01;50.01;4460;1000;0.0;0;1.0000;0;0
600;2013-07-23 05:20:00;172602N232;13;0.003;27;224;225;225;223;0.293;50.00;284.8;0.005;285.3;0.006;0.0;0.000;60;0;0;0.389;0.280;0.210;0;8;13;50.00;50.00;50.00;4696;1000;0.0;0;1.0000;0;0
600;2013-07-23 05:30:00;172602N232;32;0.011;28;224;225;225;223;0.468;49.99;334.5;0.028;340.8;0.026;0.0;0.000;60;0;0;0.550;0.488;0.366;0;18;26;49.99;49.99;49.99;4696;1000;0.0;0;1.0000;0;0
600;2013-07-23 05:40:00;172602N232;63;0.020;28;224;224;225;223;0.756;50.01;371.9;0.068;373.8;0.062;0.0;0.000;60;0;0;0.777;0.914;0.579;9;12;43;50.01;50.01;50.01;4696;1000;0.0;0;1.0000;0;0
600;2013-07-23 05:50:00;172602N232;98;0.036;28;225;225;226;223;0.952;50.03;388.2;0.114;388.3;0.103;0.0;0.000;60;0;0;1.079;1.023;0.754;6;30;63;50.03;50.03;50.03;4696;1000;0.0;0;1.0000;0;0
600;2013-07-23 06:00:00;172602N232;103;0.055;29;226;226;226;224;0.973;50.00;388.6;0.121;388.5;0.108;0.0;0.000;60;0;0;1.323;0.854;0.743;6;48;59;50.00;50.00;50.00;4696;1000;0.0;0;1.0000;0;0
600;2013-07-23 06:10:00;172602N232;140;0.075;29;226;227;227;225;0.998;49.99;394.8;0.166;394.5;0.154;0.0;0.000;60;0;0;1.371;0.871;0.752;13;64;62;49.99;49.99;49.99;4696;1000;0.0;0;1.0000;0;0
600;2013-07-23 06:20:00;172602N232;126;0.096;30;224;225;226;223;0.931;49.99;389.3;0.148;388.3;0.141;0.0;0.000;60;0;0;1.126;0.962;0.706;15;49;61;49.99;49.99;49.99;4696;1000;0.0;0;1.0000;0;0
600;2013-07-23 06:30:00;172602N232;160;0.123;31;224;225;225;223;1.003;49.99;393.9;0.191;392.9;0.181;0.0;0.000;60;0;0;1.257;1.002;0.751;14;74;69;49.99;49.99;49.99;4696;1000;0.0;0;1.0000;0;0
600;2013-07-23 06:40:00;172602N232;240;0.163;31;223;224;224;222;1.087;49.98;401.9;0.290;399.4;0.276;0.0;0.000;60;0;0;1.299;1.144;0.818;49;101;89;49.98;49.98;49.98;4696;1000;0.0;0;1.0000;0;0
600;2013-07-23 06:50:00;172602N232;310;0.215;31;224;224;225;222;1.165;49.99;406.0;0.381;404.1;0.356;0.0;0.000;60;0;0;1.285;1.158;1.054;88;106;115;49.99;49.99;49.99;4696;1000;0.0;0;1.0000;0;0
600;2013-07-23 07:00:00;172602N232;364;0.276;32;224;225;225;222;1.154;50.02;409.0;0.447;407.0;0.418;0.0;0.000;60;0;0;1.214;1.190;1.058;98;133;131;50.02;50.02;50.02;4696;1000;0.0;0;1.0000;0;0
600;2013-07-23 07:10:00;172602N232;374;0.338;32;223;224;223;222;0.763;49.99;408.1;0.459;404.5;0.438;0.0;0.000;60;0;0;0.747;0.788;0.756;107;135;130;49.99;49.99;49.99;4696;1000;0.0;0;1.0000;0;0
600;2013-07-23 07:20:00;172602N232;347;0.396;33;223;224;223;221;1.185;49.99;405.7;0.425;401.5;0.409;0.0;0.000;60;0;0;1.305;1.129;1.122;92;128;125;49.99;49.99;49.99;4696;1000;0.0;0;1.0000;0;0
600;2013-07-23 07:30:00;172602N232;309;0.449;33;222;223;222;221;1.167;50.00;403.2;0.376;399.7;0.364;0.0;0.000;60;0;0;1.372;1.137;0.994;82;120;104;50.00;50.00;50.00;4696;1000;0.0;0;1.0000;0;0
600;2013-07-23 07:40:00;172602N232;371;0.510;33;226;227;227;224;1.261;49.98;407.6;0.451;402.7;0.439;0.0;0.000;60;0;0;1.322;1.272;1.191;90;131;148;49.98;49.98;49.98;4696;1000;0.0;0;1.0000;0;0
600;2013-07-23 07:50:00;172602N232;363;0.571;34;225;226;226;224;1.208;49.99;406.5;0.441;401.3;0.432;0.0;0.000;60;0;0;1.285;1.215;1.126;96;131;134;49.99;49.99;49.99;4696;1000;0.0;0;1.0000;0;0
600;2013-07-23 08:00:00;172602N232;301;0.622;34;225;226;227;223;1.178;50.02;402.8;0.366;398.1;0.357;0.0;0.000;60;0;0;1.351;1.219;0.964;85;108;105;50.02;50.02;50.02;4696;1000;0.0;0;1.0000;0;0
600;2013-07-23 08:10:00;172602N232;330;0.676;34;225;226;227;223;1.231;50.00;404.0;0.401;399.8;0.393;0.0;0.000;60;0;0;1.369;1.219;1.105;93;111;123;50.00;50.00;50.00;4696;1000;0.0;0;1.0000;0;0
600;2013-07-23 08:20:00;172602N232;330;0.731;34;226;227;227;223;1.176;49.98;404.2;0.403;398.8;0.392;0.0;0.000;60;0;0;1.316;1.113;1.100;90;116;122;49.98;49.98;49.98;4696;1000;0.0;0;1.0000;0;0
600;2013-07-23 08:30:00;172602N232;334;0.786;35;226;228;228;224;1.189;49.99;403.2;0.409;397.0;0.400;0.0;0.000;60;0;0;1.372;1.187;1.009;89;126;117;49.99;49.99;49.99;4696;1000;0.0;0;1.0000;0;0
600;2013-07-23 08:40:00;172602N232;374;0.850;35;228;228;230;226;1.266;49.99;405.0;0.457;399.0;0.447;0.0;0.000;60;0;0;1.321;1.309;1.168;93;128;150;49.99;49.99;49.99;4696;1000;0.0;0;1.0000;0;0
600;2013-07-23 08:50:00;172602N232;401;0.917;35;228;228;230;226;1.273;50.00;406.3;0.491;399.9;0.481;0.0;0.000;60;0;0;1.250;1.377;1.193;103;135;161;50.00;50.00;50.00;4696;1000;0.0;0;1.0000;0;0
600;2013-07-23 09:00:00;172602N232;408;0.985;35;228;228;229;227;1.194;50.02;405.8;0.503;399.0;0.489;0.0;0.000;60;0;0;1.166;1.288;1.128;106;138;163;50.02;50.02;50.02;4696;1000;0.0;0;1.0000;0;0
600;2013-07-23 09:10:00;172602N232;544;1.076;35;228;229;229;226;1.060;50.00;410.2;0.665;401.7;0.654;0.0;0.000;60;0;0;1.090;1.069;1.023;165;191;186;50.00;50.00;50.00;4696;1000;0.0;0;1.0000;0;0
600;2013-07-23 09:20:00;172602N232;637;1.182;36;228;228;229;227;1.001;50.00;412.4;0.780;403.6;0.770;0.0;0.000;60;0;0;0.972;1.033;1.000;198;223;215;50.00;50.00;50.00;4696;1000;0.0;0;1.0000;0;0
600;2013-07-23 09:30:00;172602N232;764;1.309;36;227;227;229;227;1.157;49.99;413.1;0.938;404.8;0.922;0.0;0.000;60;0;0;1.096;1.202;1.175;239;266;257;49.99;49.99;49.99;4696;1000;0.0;0;1.0000;0;0
600;2013-07-23 09:40:00;172602N232;543;1.401;36;227;228;229;225;0.961;49.99;405.2;0.677;399.1;0.659;0.0;0.000;60;0;0;1.041;0.978;0.864;171;195;176;49.99;49.99;49.99;4696;1000;0.0;0;1.0000;0;0
600;2013-07-23 09:50:00;172602N232;555;1.493;37;227;228;228;226;1.035;50.00;407.9;0.684;398.8;0.676;0.0;0.000;60;0;0;1.015;1.077;1.014;177;195;181;50.00;50.00;50.00;4696;1000;0.0;0;1.0000;0;0
600;2013-07-23 10:00:00;172602N232;586;1.591;37;226;227;227;225;1.273;50.00;409.2;0.721;400.3;0.710;0.0;0.000;60;0;0;1.343;1.285;1.193;195;201;189;50.00;50.00;50.00;4696;1000;0.0;0;1.0000;0;0
600;2013-07-23 10:10:00;172602N232;743;1.714;37;226;225;228;224;1.186;50.00;409.7;0.923;403.7;0.894;0.0;0.000;60;0;0;1.178;1.201;1.179;235;256;249;50.00;50.00;50.00;4696;1000;0.0;0;1.0000;0;0
600;2013-07-23 10:20:00;172602N232;878;1.861;37;226;224;227;225;1.334;50.00;411.3;1.087;404.7;1.059;0.0;0.000;60;0;0;1.270;1.375;1.357;275;304;296;50.00;50.00;50.00;4696;1000;0.0;0;1.0000;0;0
600;2013-07-23 10:30:00;172602N232;889;2.009;38;224;221;227;225;1.354;49.99;410.6;1.102;403.8;1.076;0.0;0.000;60;0;0;1.274;1.404;1.386;273;311;303;49.99;49.99;49.99;4696;1000;0.0;0;1.0000;0;0
600;2013-07-23 10:40:00;172602N232;776;2.140;38;225;225;228;224;1.296;50.01;409.1;0.958;400.1;0.952;0.0;0.000;60;0;0;1.315;1.291;1.282;249;266;259;50.01;50.01;50.01;4696;1000;0.0;0;1.0000;0;0
600;2013-07-23 10:50:00;172602N232;732;2.261;38;226;227;228;223;1.373;50.01;406.9;0.913;400.5;0.887;0.0;0.000;60;0;0;1.436;1.335;1.350;241;245;243;50.01;50.01;50.01;4696;1000;0.0;0;1.0000;0;0
600;2013-07-23 11:00:00;172602N232;909;2.413;38;225;225;226;224;1.389;49.99;406.4;1.131;402.9;1.114;0.0;0.000;60;0;0;1.339;1.430;1.399;290;314;303;49.99;49.99;49.99;4696;1000;0.0;0;1.0000;0;0
600;2013-07-23 11:10:00;172602N232;772;2.542;39;225;225;226;224;1.204;49.99;406.6;0.966;400.7;0.940;0.0;0.000;60;0;0;1.169;1.237;1.206;246;267;257;49.99;49.99;49.99;4696;1000;0.0;0;1.0000;0;0
600;2013-07-23 11:20:00;172602N232;772;2.671;39;225;226;226;224;1.257;50.00;408.0;0.964;402.4;0.933;0.0;0.000;60;0;0;1.290;1.240;1.241;251;261;258;50.00;50.00;50.00;4696;1000;0.0;0;1.0000;0;0
600;2013-07-23 11:30:00;172602N232;893;2.819;39;226;227;226;224;1.418;49.99;410.7;1.105;403.4;1.082;0.0;0.000;60;0;0;1.409;1.423;1.422;286;305;300;49.99;49.99;49.99;4696;1000;0.0;0;1.0000;0;0
600;2013-07-23 11:40:00;172602N232;1012;2.989;39;226;227;226;224;1.623;49.99;410.3;1.258;404.3;1.226;0.0;0.000;60;0;0;1.627;1.614;1.629;325;343;342;49.99;49.99;49.99;4696;1000;0.0;0;1.0000;0;0
600;2013-07-23 11:50:00;172602N232;1144;3.180;39;226;227;227;224;1.771;49.99;409.8;1.431;404.7;1.385;0.0;0.000;60;0;0;1.752;1.792;1.769;370;392;380;49.99;49.99;49.99;4696;1000;0.0;0;1.0000;0;0
600;2013-07-23 12:00:00;172602N232;1255;3.390;40;226;227;227;225;1.900;49.99;410.7;1.565;404.3;1.526;0.0;0.000;60;0;0;1.867;1.925;1.910;407;429;417;49.99;49.99;49.99;4696;1000;0.0;0;1.0000;0;0
600;2013-07-23 12:10:00;172602N232;1462;3.634;40;226;228;228;224;2.188;49.99;410.2;1.830;404.9;1.779;0.0;0.000;60;0;0;2.155;2.234;2.177;479;502;479;49.99;49.99;49.99;4696;1000;0.0;0;1.0000;0;0
600;2013-07-23 12:20:00;172602N232;1899;3.949;40;227;227;229;224;2.813;49.99;407.7;2.410;404.1;2.308;0.0;0.000;60;0;0;2.759;2.881;2.800;621;654;621;49.99;49.99;49.99;4696;1000;0.0;0;1.0000;0;0
600;2013-07-23 12:30:00;172602N232;2134;4.305;40;227;228;230;224;3.146;49.99;401.3;2.761;399.6;2.618;0.0;0.000;60;0;0;3.097;3.217;3.124;700;735;696;49.99;49.99;49.99;4696;1000;0.0;0;1.0000;0;0
600;2013-07-23 12:40:00;172602N232;3656;4.915;41;229;229;233;225;5.332;50.00;387.4;4.915;391.3;4.687;0.0;0.000;60;0;0;5.263;5.472;5.261;1200;1274;1182;50.00;50.00;50.00;4696;1000;0.0;0;1.0000;0;0
600;2013-07-23 12:50:00;172602N232;4857;5.725;43;230;229;235;226;7.045;50.00;365.5;6.815;367.1;6.696;0.0;0.000;60;0;0;6.956;7.236;6.943;1592;1697;1566;50.00;50.00;50.00;4696;1000;0.0;0;1.0000;0;0
600;2013-07-23 13:00:00;172602N232;4613;6.494;43;229;229;232;226;6.723;49.99;360.4;6.562;360.5;6.481;0.0;0.000;60;0;0;6.667;6.860;6.642;1522;1592;1497;49.99;49.99;49.99;4696;1000;0.0;0;1.0000;0;0
600;2013-07-23 13:10:00;172602N232;4618;7.263;43;229;229;233;226;6.713;50.00;358.5;6.611;357.8;6.534;0.0;0.000;60;0;0;6.647;6.864;6.630;1521;1599;1496;50.00;50.00;50.00;4696;1000;0.0;0;1.0000;0;0
600;2013-07-23 13:20:00;172602N232;4631;8.035;44;229;228;233;226;6.745;49.99;356.2;6.667;355.8;6.587;0.0;0.000;60;0;0;6.660;6.910;6.667;1518;1607;1503;49.99;49.99;49.99;4696;1000;0.0;0;1.0000;0;0
600;2013-07-23 13:30:00;172602N232;4624;8.806;44;229;229;233;226;6.733;49.98;353.9;6.708;353.2;6.630;0.0;0.000;60;0;0;6.682;6.880;6.638;1528;1599;1496;49.98;49.98;49.98;4696;1000;0.0;0;1.0000;0;0
600;2013-07-23 13:40:00;172602N232;4759;9.601;45;229;230;232;226;6.916;50.00;352.3;6.946;350.7;6.866;0.0;0.000;60;0;0;6.865;7.048;6.835;1577;1638;1543;50.00;50.00;50.00;4696;1000;0.0;0;1.0000;0;0
600;2013-07-23 13:50:00;172602N232;4705;10.383;45;230;230;233;227;6.823;50.00;350.1;6.905;349.5;6.820;0.0;0.000;60;0;0;6.746;6.972;6.751;1548;1625;1528;50.00;50.00;50.00;4696;1000;0.0;0;1.0000;0;0
600;2013-07-23 14:00:00;172602N232;4647;11.158;46;230;230;234;226;6.742;49.98;350.7;6.809;349.7;6.729;0.0;0.000;60;0;0;6.683;6.913;6.630;1534;1613;1497;49.98;49.98;49.98;4696;1000;0.0;0;1.0000;0;0
600;2013-07-23 14:10:00;172602N232;4330;11.880;46;229;229;233;226;6.294;49.98;351.7;6.309;351.9;6.240;0.0;0.000;60;0;0;6.243;6.438;6.202;1431;1500;1399;49.98;49.98;49.98;4696;1000;0.0;0;1.0000;0;0
600;2013-07-23 14:20:00;172602N232;4622;12.652;46;230;230;233;226;6.709;49.99;350.0;6.760;350.0;6.712;0.0;0.000;60;0;0;6.658;6.852;6.617;1529;1595;1497;49.99;49.99;49.99;4696;1000;0.0;0;1.0000;0;0
600;2013-07-23 14:30:00;172602N232;4504;13.403;47;230;230;232;227;6.543;50.00;350.0;6.588;349.3;6.552;0.0;0.000;60;0;0;6.504;6.639;6.488;1495;1536;1471;50.00;50.00;50.00;4696;1000;0.0;0;1.0000;0;0
600;2013-07-23 14:40:00;172602N232;4475;14.148;47;230;230;232;228;6.497;50.00;351.7;6.519;350.6;6.485;0.0;0.000;60;0;0;6.463;6.583;6.445;1485;1524;1464;50.00;50.00;50.00;4696;1000;0.0;0;1.0000;0;0
600;2013-07-23 14:50:00;172602N232;4437;14.888;47;230;230;233;228;6.432;49.99;350.4;6.482;349.5;6.448;0.0;0.000;60;0;0;6.358;6.541;6.397;1457;1521;1456;49.99;49.99;49.99;4696;1000;0.0;0;1.0000;0;0
600;2013-07-23 15:00:00;172602N232;4355;15.614;47;230;229;235;228;6.309;49.99;349.3;6.374;349.0;6.349;0.0;0.000;60;0;0;6.210;6.462;6.256;1419;1513;1420;49.99;49.99;49.99;4696;1000;0.0;0;1.0000;0;0
600;2013-07-23 15:10:00;172602N232;4342;16.339;47;230;230;234;226;6.294;49.99;350.5;6.332;350.4;6.303;0.0;0.000;60;0;0;6.226;6.452;6.206;1429;1511;1401;49.99;49.99;49.99;4696;1000;0.0;0;1.0000;0;0
600;2013-07-23 15:20:00;172602N232;4306;17.055;48;230;230;234;227;6.237;49.99;351.6;6.260;351.3;6.232;0.0;0.000;60;0;0;6.172;6.383;6.156;1418;1494;1392;49.99;49.99;49.99;4696;1000;0.0;0;1.0000;0;0
600;2013-07-23 15:30:00;172602N232;4279;17.769;48;231;230;234;228;6.192;49.98;352.6;6.206;351.7;6.181;0.0;0.000;60;0;0;6.122;6.335;6.121;1405;1482;1389;49.98;49.98;49.98;4696;1000;0.0;0;1.0000;0;0
600;2013-07-23 15:40:00;172602N232;4164;18.463;48;230;230;234;227;6.037;49.98;354.1;6.015;352.5;5.993;0.0;0.000;60;0;0;5.964;6.164;5.983;1368;1438;1356;49.98;49.98;49.98;4696;1000;0.0;0;1.0000;0;0
600;2013-07-23 15:50:00;172602N232;4099;19.146;48;231;230;234;228;5.936;49.99;355.9;5.888;354.7;5.867;0.0;0.000;60;0;0;5.861;6.063;5.886;1345;1416;1337;49.99;49.99;49.99;4696;1000;0.0;0;1.0000;0;0
600;2013-07-23 16:00:00;172602N232;4024;19.818;48;231;231;235;227;5.825;50.01;357.9;5.748;356.4;5.727;0.0;0.000;60;0;0;5.754;5.954;5.769;1323;1394;1305;50.01;50.01;50.01;4696;1000;0.0;0;1.0000;0;0
600;2013-07-23 16:10:00;172602N232;3953;20.477;48;231;231;234;227;5.728;50.01;359.0;5.628;357.3;5.611;0.0;0.000;60;0;0;5.659;5.860;5.667;1300;1370;1281;50.01;50.01;50.01;4696;1000;0.0;0;1.0000;0;0
600;2013-07-23 16:20:00;172602N232;3857;21.119;48;230;229;233;227;5.618;50.00;359.8;5.478;358.2;5.460;0.0;0.000;60;0;0;5.535;5.736;5.585;1262;1333;1260;50.00;50.00;50.00;4696;1000;0.0;0;1.0000;0;0
600;2013-07-23 16:30:00;172602N232;3746;21.743;48;228;227;231;225;5.496;49.99;370.3;5.126;359.4;5.325;0.0;0.000;60;0;0;5.409;5.607;5.474;1223;1292;1230;49.99;49.99;49.99;4696;1000;0.0;0;1.0000;0;0
600;2013-07-23 16:40:00;172602N232;3623;22.349;48;228;227;231;225;5.321;49.99;354.2;5.147;360.6;5.173;0.0;0.000;60;0;0;5.231;5.434;5.299;1182;1253;1187;49.99;49.99;49.99;4696;1000;0.0;0;1.0000;0;0
600;2013-07-23 16:50:00;172602N232;3503;22.932;47;228;227;231;225;5.142;50.01;354.7;4.975;362.6;4.960;0.0;0.000;60;0;0;5.049;5.247;5.130;1142;1210;1148;50.01;50.01;50.01;4696;1000;0.0;0;1.0000;0;0
600;2013-07-23 17:00:00;172602N232;3397;23.498;47;228;228;232;225;4.982;50.02;356.1;4.800;364.1;4.791;0.0;0.000;60;0;0;4.895;5.091;4.962;1109;1176;1110;50.02;50.02;50.02;4696;1000;0.0;0;1.0000;0;0
600;2013-07-23 17:10:00;172602N232;3276;24.045;47;228;228;231;225;4.805;50.00;357.5;4.612;365.4;4.605;0.0;0.000;60;0;0;4.725;4.908;4.782;1071;1132;1071;50.00;50.00;50.00;4696;1000;0.0;0;1.0000;0;0
600;2013-07-23 17:20:00;172602N232;3155;24.572;47;228;227;231;225;4.628;50.00;359.1;4.416;367.4;4.408;0.0;0.000;60;0;0;4.549;4.733;4.603;1030;1093;1031;50.00;50.00;50.00;4696;1000;0.0;0;1.0000;0;0
600;2013-07-23 17:30:00;172602N232;3038;25.078;47;228;228;231;224;4.458;49.98;361.1;4.229;369.2;4.221;0.0;0.000;60;0;0;4.400;4.562;4.414;999;1052;985;49.98;49.98;49.98;4696;1000;0.0;0;1.0000;0;0
600;2013-07-23 17:40:00;172602N232;2931;25.566;47;228;227;232;225;4.308;49.99;363.6;4.048;371.3;4.047;0.0;0.000;60;0;0;4.218;4.417;4.289;950;1021;957;49.99;49.99;49.99;4696;1000;0.0;0;1.0000;0;0
600;2013-07-23 17:50:00;172602N232;2771;26.027;46;228;227;232;225;4.075;49.99;374.7;3.674;373.4;3.839;0.0;0.000;60;0;0;3.998;4.175;4.053;902;963;904;49.99;49.99;49.99;4696;1000;0.0;0;1.0000;0;0
600;2013-07-23 18:00:00;172602N232;2594;26.460;46;229;229;232;225;3.806;50.02;358.9;3.581;378.8;3.552;0.0;0.000;60;0;0;3.734;3.885;3.800;846;897;850;50.02;50.02;50.02;4696;1000;0.0;0;1.0000;0;0
600;2013-07-23 18:10:00;172602N232;2406;26.863;46;228;228;231;225;3.542;49.99;359.9;3.343;390.2;3.163;0.0;0.000;60;0;0;3.475;3.620;3.533;785;831;788;49.99;49.99;49.99;4696;1000;0.0;0;1.0000;0;0
600;2013-07-23 18:20:00;172602N232;2255;27.238;46;227;228;230;225;3.319;49.99;361.7;3.125;375.6;3.076;0.0;0.000;60;0;0;3.262;3.389;3.306;739;776;739;49.99;49.99;49.99;4696;1000;0.0;0;1.0000;0;0
600;2013-07-23 18:30:00;172602N232;2092;27.587;45;227;226;230;226;3.080;50.00;366.9;2.846;372.3;2.885;0.0;0.000;60;0;0;2.993;3.155;3.094;672;723;695;50.00;50.00;50.00;4696;1000;0.0;0;1.0000;0;0
600;2013-07-23 18:40:00;172602N232;1909;27.905;45;227;226;230;225;2.814;49.99;364.2;2.580;374.4;2.655;0.0;0.000;60;0;0;2.730;2.888;2.826;613;660;633;49.99;49.99;49.99;4696;1000;0.0;0;1.0000;0;0
600;2013-07-23 18:50:00;172602N232;1745;28.196;45;227;227;230;224;2.573;50.01;357.5;2.401;375.7;2.411;0.0;0.000;60;0;0;2.495;2.651;2.574;562;607;574;50.01;50.01;50.01;4696;1000;0.0;0;1.0000;0;0
600;2013-07-23 19:00:00;172602N232;1593;28.463;45;227;227;230;225;2.347;50.02;360.5;2.171;377.3;2.192;0.0;0.000;60;0;0;2.270;2.412;2.360;512;552;528;50.02;50.02;50.02;4696;1000;0.0;0;1.0000;0;0
600;2013-07-23 19:10:00;172602N232;1410;28.697;45;227;228;229;224;2.082;50.01;356.7;1.911;379.5;1.957;0.0;0.000;60;0;0;2.026;2.137;2.085;458;487;464;50.01;50.01;50.01;4696;1000;0.0;0;1.0000;0;0
600;2013-07-23 19:20:00;172602N232;1248;28.905;45;227;228;228;225;1.882;50.02;352.6;1.704;380.6;1.730;0.0;0.000;60;0;0;1.844;1.913;1.890;405;427;414;50.02;50.02;50.02;4696;1000;0.0;0;1.0000;0;0
600;2013-07-23 19:30:00;172602N232;1088;29.088;45;226;228;227;224;1.634;50.03;346.0;1.492;381.9;1.518;0.0;0.000;60;0;0;1.592;1.669;1.642;353;373;360;50.03;50.03;50.03;4696;1000;0.0;0;1.0000;0;0
600;2013-07-23 19:40:00;172602N232;925;29.242;45;226;229;226;224;1.388;50.02;337.8;1.276;382.5;1.309;0.0;0.000;60;0;0;1.348;1.426;1.391;301;317;305;50.02;50.02;50.02;4696;1000;0.0;0;1.0000;0;0
600;2013-07-23 19:50:00;172602N232;774;29.371;45;227;228;228;225;1.172;50.00;326.5;1.076;382.5;1.113;0.0;0.000;60;0;0;1.122;1.214;1.181;246;269;257;50.00;50.00;50.00;4696;1000;0.0;0;1.0000;0;0
600;2013-07-23 20:00:00;172602N232;615;29.473;45;227;228;229;225;1.026;50.00;311.8;0.872;378.9;0.910;0.0;0.000;60;0;0;1.007;1.075;0.998;194;217;201;50.00;50.00;50.00;4696;1000;0.0;0;1.0000;0;0
600;2013-07-23 20:10:00;172602N232;471;29.552;45;228;230;229;225;1.192;50.02;282.8;0.697;373.1;0.739;0.0;0.000;60;0;0;1.210;1.243;1.123;150;173;147;50.02;50.02;50.02;4696;1000;0.0;0;1.0000;0;0
600;2013-07-23 20:20:00;172602N232;323;29.606;44;227;229;228;224;1.180;50.01;256.2;0.427;373.2;0.570;0.0;0.000;60;0;0;1.404;1.159;0.977;72;135;114;50.01;50.01;50.01;4696;1000;0.0;0;1.0000;0;0
600;2013-07-23 20:30:00;172602N232;226;29.644;44;227;229;226;226;1.036;50.00;372.1;0.168;361.4;0.428;0.0;0.000;60;0;0;1.275;0.937;0.897;28;98;98;50.00;50.00;50.00;4696;1000;0.0;0;1.0000;0;0
600;2013-07-23 20:40:00;172602N232;145;29.667;44;227;228;229;225;1.001;50.01;386.9;0.132;367.7;0.232;0.0;0.000;60;0;0;1.377;0.877;0.750;13;60;69;50.01;50.01;50.01;4696;1000;0.0;0;1.0000;0;0
600;2013-07-23 20:50:00;172602N232;104;29.685;43;228;229;228;227;0.980;50.01;367.6;0.106;394.6;0.130;0.0;0.000;60;0;0;1.430;0.763;0.747;0;57;54;50.01;50.01;50.01;4696;1000;0.0;0;1.0000;0;0
600;2013-07-23 21:00:00;172602N232;74;29.698;43;228;229;228;227;0.943;49.98;356.9;0.074;376.1;0.096;0.0;0.000;60;0;0;1.346;0.766;0.719;0;47;46;49.98;49.98;49.98;4696;1000;0.0;0;1.0000;0;0
600;2013-07-23 21:10:00;172602N232;45;29.706;43;228;229;229;226;0.858;50.00;331.8;0.042;353.6;0.058;0.0;0.000;60;0;0;1.103;0.818;0.653;0;23;43;50.00;50.00;50.00;4696;1000;0.0;0;1.0000;0;0
600;2013-07-23 21:20:00;172602N232;20;29.710;42;228;228;228;227;0.398;50.00;283.0;0.012;304.1;0.020;0.0;0.000;60;0;0;0.502;0.391;0.302;0;13;17;50.00;50.00;50.00;4696;1000;0.0;0;1.0000;0;0
600;2013-07-23 21:30:00;172602N232;2;29.711;42;228;229;229;226;0.132;50.00;251.4;0.000;253.0;0.000;0.0;0.000;60;0;0;0.186;0.115;0.095;0;3;5;50.00;50.00;50.00;4696;1000;0.0;0;1.0000;0;0
600;2013-07-23 21:40:00;172602N232;0;29.710;41;227;228;229;224;0.001;50.00;266.4;0.000;266.0;0.000;0.0;0.000;50;0;0;0.003;0.000;0.000;0;0;0;50.00;50.00;50.00;4696;1000;0.0;0;1.0000;0;0
600;2013-07-23 21:50:00;172602N232;0;29.710;39;227;229;229;224;0.000;49.99;232.0;0.000;232.9;0.000;0.0;0.000;50;0;0;0.000;0.000;0.000;0;0;0;49.99;49.99;49.99;4696;1000;0.0;0;1.0000;0;0
600;2013-07-23 22:00:00;172602N232;0;29.710;39;228;229;229;224;0.000;49.99;229.2;0.000;230.1;0.000;0.0;0.000;50;0;0;0.000;0.000;0.000;0;0;0;49.99;49.99;49.99;4696;1000;0.0;0;1.0000;0;0
600;2013-07-23 22:10:00;172602N232;0;29.710;38;228;229;230;225;0.000;50.00;227.1;0.000;228.0;0.000;0.0;0.000;50;0;0;0.000;0.000;0.000;0;0;0;50.00;50.00;50.00;4696;1000;0.0;0;1.0000;0;0
[wr_ende]
