20170325;230002;172602N232;My Plant;+0100
[wr_def_start]
172602N232;Inverter Type;Inverter Group;72602N232      
[wr_def_end]
[wr]
INTERVAL;TIMESTAMP;SERIAL;P_AC;E_DAY;T_WR;U_AC;U_AC_1;U_AC_2;U_AC_3;I_AC;F_AC;U_DC_1;I_DC_1;U_DC_2;I_DC_2;U_DC_3;I_DC_3;S;E_WR;M_WR;I_AC_1;I_AC_2;I_AC_3;P_AC_1;P_AC_2;P_AC_3;F_AC_1;F_AC_2;F_AC_3;R_DC;PC;PCS;PCS_LL;COS_PHI;COS_PHI_LL;S_COS_PHI
600;2017-03-25 05:10:00;172602N232;0;0.000;0;0;0;0;0;0.000;0.17;0.7;0.000;0.7;0.000;0.0;0.000;50;0;0;0.000;0.000;0.000;0;0;0;0.17;0.17;0.17;0;1000;0.0;0;1.0000;0;0
600;2017-03-25 05:20:00;172602N232;0;0.000;17;227;227;229;224;0.000;50.00;227.3;0.000;228.2;0.000;0.0;0.000;50;0;0;0.000;0.000;0.000;0;0;0;50.00;50.00;50.00;0;1000;0.0;0;1.0000;0;0
600;2017-03-25 05:30:00;172602N232;0;0.000;19;227;227;230;224;0.000;50.00;228.2;0.000;229.1;0.000;0.0;0.000;50;0;0;0.000;0.000;0.000;0;0;0;50.00;50.00;50.00;0;1000;0.0;0;1.0000;0;0
600;2017-03-25 05:40:00;172602N232;0;0.000;19;227;227;229;224;0.000;50.00;241.4;0.000;242.2;0.000;0.0;0.000;50;0;0;0.000;0.000;0.000;0;0;0;50.00;50.00;50.00;0;1000;0.0;0;1.0000;0;0
600;2017-03-25 05:50:00;172602N232;0;0.000;20;227;227;230;224;0.001;49.99;318.4;0.000;316.7;0.000;0.0;0.000;60;0;0;0.001;0.001;0.001;0;0;0;49.99;49.99;49.99;3486;1000;0.0;0;1.0000;0;0
600;2017-03-25 06:00:00;172602N232;3;0.001;20;227;228;228;225;0.126;50.00;271.3;0.000;270.6;0.001;0.0;0.000;60;0;0;0.164;0.112;0.103;0;5;6;50.00;50.00;50.00;4840;1000;0.0;0;1.0000;0;0
600;2017-03-25 06:10:00;172602N232;26;0.007;21;226;228;228;224;0.415;50.00;319.0;0.018;332.4;0.021;0.0;0.000;60;0;0;0.519;0.423;0.304;0;16;22;50.00;50.00;50.00;4743;1000;0.0;0;1.0000;0;0
600;2017-03-25 06:20:00;172602N232;46;0.016;21;227;228;228;225;0.599;50.01;351.9;0.043;370.1;0.044;0.0;0.000;60;0;0;0.683;0.678;0.436;2;16;30;50.01;50.01;50.01;4743;1000;0.0;0;1.0000;0;0
600;2017-03-25 06:30:00;172602N232;85;0.031;21;226;227;227;225;0.910;50.01;377.0;0.095;395.7;0.092;0.0;0.000;60;0;0;1.057;0.931;0.743;0;32;57;50.01;50.01;50.01;4743;1000;0.0;0;1.0000;0;0
600;2017-03-25 06:40:00;172602N232;123;0.052;22;226;228;227;225;1.018;50.02;388.1;0.139;403.6;0.135;0.0;0.000;60;0;0;1.385;0.910;0.759;3;60;66;50.02;50.02;50.02;4743;1000;0.0;0;1.0000;0;0
600;2017-03-25 06:50:00;172602N232;197;0.080;22;226;227;227;224;1.067;50.03;404.0;0.227;414.1;0.220;0.0;0.000;60;0;0;1.458;0.929;0.816;39;75;82;50.03;50.03;50.03;4743;1000;0.0;0;1.0000;0;0
600;2017-03-25 07:00:00;172602N232;348;0.138;23;226;227;227;224;1.160;50.01;411.9;0.408;424.1;0.393;0.0;0.000;60;0;0;1.293;1.159;1.029;92;132;122;50.01;50.01;50.01;4743;1000;0.0;0;1.0000;0;0
600;2017-03-25 07:10:00;172602N232;446;0.213;23;226;226;227;224;1.027;49.99;426.5;0.515;429.7;0.497;0.0;0.000;60;0;0;1.055;1.058;0.968;137;158;149;49.99;49.99;49.99;4743;1000;0.0;0;1.0000;0;0
600;2017-03-25 07:20:00;172602N232;474;0.291;23;225;225;227;223;0.750;49.99;431.6;0.542;429.5;0.533;0.0;0.000;60;0;0;0.698;0.796;0.758;144;169;158;49.99;49.99;49.99;4743;1000;0.0;0;1.0000;0;0
600;2017-03-25 07:30:00;172602N232;455;0.368;24;225;226;228;222;0.724;49.99;426.7;0.524;427.2;0.517;0.0;0.000;60;0;0;0.675;0.769;0.729;139;163;151;49.99;49.99;49.99;4743;1000;0.0;0;1.0000;0;0
600;2017-03-25 07:40:00;172602N232;532;0.456;25;224;225;226;222;0.835;49.98;424.2;0.622;430.2;0.602;0.0;0.000;60;0;0;0.786;0.878;0.841;165;188;177;49.98;49.98;49.98;4743;1000;0.0;0;1.0000;0;0
600;2017-03-25 07:50:00;172602N232;607;0.559;25;224;225;225;223;0.946;49.99;429.7;0.707;433.0;0.678;0.0;0.000;60;0;0;0.900;0.981;0.957;190;211;203;49.99;49.99;49.99;4743;1000;0.0;0;1.0000;0;0
600;2017-03-25 08:00:00;172602N232;770;0.686;26;224;224;226;222;1.246;50.00;432.3;0.939;440.2;0.798;0.0;0.000;60;0;0;1.206;1.285;1.248;244;268;255;50.00;50.00;50.00;4743;1000;0.0;0;1.0000;0;0
600;2017-03-25 08:10:00;172602N232;1085;0.867;26;224;226;225;222;1.676;50.01;437.4;1.398;450.4;1.035;0.0;0.000;60;0;0;1.653;1.702;1.674;352;372;359;50.01;50.01;50.01;4743;1000;0.0;0;1.0000;0;0
600;2017-03-25 08:20:00;172602N232;1177;1.064;27;225;227;226;223;1.814;50.00;436.2;1.532;451.1;1.117;0.0;0.000;60;0;0;1.798;1.842;1.804;384;403;388;50.00;50.00;50.00;4743;1000;0.0;0;1.0000;0;0
600;2017-03-25 08:30:00;172602N232;1244;1.271;27;224;226;223;223;1.916;50.00;433.8;1.758;453.0;1.054;0.0;0.000;60;0;0;1.906;1.928;1.914;410;419;414;50.00;50.00;50.00;4743;1000;0.0;0;1.0000;0;0
600;2017-03-25 08:40:00;172602N232;1316;1.490;28;224;226;225;222;2.005;50.01;432.5;1.863;456.9;1.108;0.0;0.000;60;0;0;1.985;2.032;2.000;433;447;433;50.01;50.01;50.01;4743;1000;0.0;0;1.0000;0;0
600;2017-03-25 08:50:00;172602N232;1513;1.743;28;224;227;224;223;2.279;50.01;430.5;2.303;388.2;1.423;0.0;0.000;60;0;0;2.268;2.294;2.276;505;506;499;50.01;50.01;50.01;4743;1000;0.0;0;1.0000;0;0
600;2017-03-25 09:00:00;172602N232;1863;2.053;28;225;227;224;224;2.779;50.01;428.8;2.745;317.8;2.233;0.0;0.000;60;0;0;2.767;2.782;2.789;622;620;620;50.01;50.01;50.01;4743;1000;0.0;0;1.0000;0;0
600;2017-03-25 09:10:00;172602N232;2134;2.410;29;226;227;227;224;3.169;50.01;427.6;3.058;310.1;2.748;0.0;0.000;60;0;0;3.139;3.208;3.162;706;724;702;50.01;50.01;50.01;4743;1000;0.0;0;1.0000;0;0
600;2017-03-25 09:20:00;172602N232;2328;2.798;30;225;225;226;224;3.460;49.99;424.9;3.281;305.7;3.155;0.0;0.000;60;0;0;3.408;3.505;3.467;764;789;773;49.99;49.99;49.99;4743;1000;0.0;0;1.0000;0;0
600;2017-03-25 09:30:00;172602N232;2363;3.191;31;225;227;226;223;3.513;50.02;422.5;3.281;325.7;3.088;0.0;0.000;60;0;0;3.482;3.574;3.485;785;804;772;50.02;50.02;50.02;4743;1000;0.0;0;1.0000;0;0
600;2017-03-25 09:40:00;172602N232;2710;3.644;32;226;228;228;222;4.018;50.04;421.0;3.696;351.4;3.379;0.0;0.000;60;0;0;4.016;4.092;3.947;908;927;872;50.04;50.04;50.04;4743;1000;0.0;0;1.0000;0;0
600;2017-03-25 09:50:00;172602N232;2631;4.082;33;226;228;228;222;3.902;50.04;420.8;3.528;347.8;3.390;0.0;0.000;60;0;0;3.903;3.976;3.828;883;902;845;50.04;50.04;50.04;4743;1000;0.0;0;1.0000;0;0
600;2017-03-25 10:00:00;172602N232;2780;4.545;34;226;228;228;222;4.121;50.03;420.4;3.657;367.7;3.470;0.0;0.000;60;0;0;4.112;4.201;4.050;931;953;894;50.03;50.03;50.03;4743;1000;0.0;0;1.0000;0;0
600;2017-03-25 10:10:00;172602N232;2908;5.030;34;227;228;229;224;4.284;50.05;418.9;3.770;385.0;3.536;0.0;0.000;60;0;0;4.249;4.365;4.239;964;998;944;50.05;50.05;50.05;4743;1000;0.0;0;1.0000;0;0
600;2017-03-25 10:20:00;172602N232;2866;5.508;35;225;229;229;218;4.254;49.97;417.4;3.676;391.7;3.483;0.0;0.000;60;0;0;4.249;4.418;4.095;967;1010;887;49.97;49.97;49.97;4743;1000;0.0;0;1.0000;0;0
600;2017-03-25 10:30:00;172602N232;3085;6.022;35;224;230;229;214;4.593;49.98;417.6;3.884;408.8;3.664;0.0;0.000;60;0;0;4.633;4.784;4.364;1060;1093;929;49.98;49.98;49.98;4743;1000;0.0;0;1.0000;0;0
600;2017-03-25 10:40:00;172602N232;3101;6.539;36;225;229;231;215;4.610;50.01;416.3;3.866;414.1;3.686;0.0;0.000;60;0;0;4.626;4.817;4.387;1055;1108;936;50.01;50.01;50.01;4743;1000;0.0;0;1.0000;0;0
600;2017-03-25 10:50:00;172602N232;3395;7.105;37;225;230;232;214;5.028;50.00;411.6;4.229;421.5;4.022;0.0;0.000;60;0;0;5.055;5.282;4.748;1161;1221;1011;50.00;50.00;50.00;4743;1000;0.0;0;1.0000;0;0
600;2017-03-25 11:00:00;172602N232;3435;7.679;38;225;231;232;213;5.080;49.99;408.8;4.283;411.2;4.206;0.0;0.000;60;0;0;5.135;5.345;4.762;1185;1239;1009;49.99;49.99;49.99;4743;1000;0.0;0;1.0000;0;0
600;2017-03-25 11:10:00;172602N232;3751;8.303;38;226;230;232;216;5.536;50.00;406.3;4.703;406.5;4.657;0.0;0.000;60;0;0;5.568;5.784;5.258;1278;1339;1132;50.00;50.00;50.00;4743;1000;0.0;0;1.0000;0;0
600;2017-03-25 11:20:00;172602N232;3826;8.941;37;227;228;231;221;5.627;49.98;405.9;4.801;405.2;4.764;0.0;0.000;60;0;0;5.599;5.819;5.463;1274;1344;1205;49.98;49.98;49.98;4743;1000;0.0;0;1.0000;0;0
600;2017-03-25 11:30:00;172602N232;3937;9.598;36;227;229;232;221;5.774;50.00;406.0;4.936;405.8;4.902;0.0;0.000;60;0;0;5.772;5.950;5.600;1321;1377;1238;50.00;50.00;50.00;4743;1000;0.0;0;1.0000;0;0
600;2017-03-25 11:40:00;172602N232;3928;10.252;37;228;228;232;223;5.761;50.01;405.2;4.927;405.6;4.899;0.0;0.000;60;0;0;5.707;5.939;5.637;1297;1377;1252;50.01;50.01;50.01;4743;1000;0.0;0;1.0000;0;0
600;2017-03-25 11:50:00;172602N232;3949;10.911;37;227;228;232;222;5.798;49.99;403.4;4.975;403.8;4.949;0.0;0.000;60;0;0;5.756;5.992;5.648;1309;1387;1252;49.99;49.99;49.99;4743;1000;0.0;0;1.0000;0;0
600;2017-03-25 12:00:00;172602N232;3908;11.562;38;227;227;231;224;5.734;50.01;403.7;4.916;404.4;4.893;0.0;0.000;60;0;0;5.681;5.878;5.644;1289;1358;1259;50.01;50.01;50.01;4743;1000;0.0;0;1.0000;0;0
600;2017-03-25 12:10:00;172602N232;3864;12.205;38;228;228;232;224;5.662;50.01;404.7;4.847;405.2;4.827;0.0;0.000;60;0;0;5.604;5.815;5.569;1273;1347;1242;50.01;50.01;50.01;4743;1000;0.0;0;1.0000;0;0
600;2017-03-25 12:20:00;172602N232;4117;12.893;38;227;227;231;224;6.048;50.01;403.7;5.180;404.2;5.160;0.0;0.000;60;0;0;5.985;6.200;5.960;1356;1428;1330;50.01;50.01;50.01;4743;1000;0.0;0;1.0000;0;0
600;2017-03-25 12:30:00;172602N232;4001;13.559;39;228;227;230;225;5.868;50.01;403.7;5.033;404.0;5.016;0.0;0.000;60;0;0;5.816;5.956;5.834;1321;1367;1311;50.01;50.01;50.01;4743;1000;0.0;0;1.0000;0;0
600;2017-03-25 12:40:00;172602N232;3865;14.204;39;227;227;230;225;5.673;50.01;404.1;4.852;404.7;4.836;0.0;0.000;60;0;0;5.610;5.779;5.630;1272;1328;1263;50.01;50.01;50.01;4743;1000;0.0;0;1.0000;0;0
600;2017-03-25 12:50:00;172602N232;3955;14.864;39;227;229;231;222;5.808;50.03;406.0;4.943;406.6;4.927;0.0;0.000;60;0;0;5.785;5.961;5.679;1321;1373;1259;50.03;50.02;50.03;4743;1000;0.0;0;1.0000;0;0
600;2017-03-25 13:00:00;172602N232;3928;15.517;40;228;229;231;223;5.755;50.04;406.8;4.903;406.9;4.888;0.0;0.000;60;0;0;5.731;5.885;5.651;1308;1359;1259;50.04;50.04;50.04;4743;1000;0.0;0;1.0000;0;0
600;2017-03-25 13:10:00;172602N232;3922;16.171;40;228;227;232;225;5.738;50.04;405.3;4.918;404.7;4.900;0.0;0.000;60;0;0;5.667;5.875;5.672;1286;1361;1273;50.04;50.04;50.04;4743;1000;0.0;0;1.0000;0;0
600;2017-03-25 13:20:00;172602N232;3830;16.811;40;228;227;232;225;5.598;50.00;404.6;4.812;404.1;4.792;0.0;0.000;60;0;0;5.511;5.749;5.534;1250;1333;1246;50.00;50.00;50.00;4743;1000;0.0;0;1.0000;0;0
600;2017-03-25 13:30:00;172602N232;3571;17.405;40;228;227;231;225;5.232;49.99;404.6;4.490;402.9;4.470;0.0;0.000;60;0;0;5.171;5.366;5.160;1173;1239;1157;49.99;49.99;49.99;4743;1000;0.0;0;1.0000;0;0
600;2017-03-25 13:40:00;172602N232;3491;17.988;40;228;228;230;225;5.115;50.00;405.5;4.371;404.4;4.358;0.0;0.000;60;0;0;5.070;5.200;5.075;1153;1195;1141;50.00;50.00;50.00;4743;1000;0.0;0;1.0000;0;0
600;2017-03-25 13:50:00;172602N232;3202;18.520;40;228;229;230;226;4.689;50.00;408.6;3.970;408.4;3.959;0.0;0.000;60;0;0;4.656;4.754;4.657;1062;1089;1050;50.00;50.00;50.00;4743;1000;0.0;0;1.0000;0;0
600;2017-03-25 14:00:00;172602N232;3073;19.033;40;228;228;230;227;4.496;50.01;411.7;3.780;411.2;3.770;0.0;0.000;60;0;0;4.448;4.565;4.476;1013;1047;1012;50.01;50.01;50.01;4743;1000;0.0;0;1.0000;0;0
600;2017-03-25 14:10:00;172602N232;2710;19.486;40;227;227;229;226;3.984;50.00;413.5;3.315;411.5;3.317;0.0;0.000;60;0;0;3.926;4.046;3.981;887;924;898;50.00;50.00;50.00;4743;1000;0.0;0;1.0000;0;0
600;2017-03-25 14:20:00;172602N232;2202;19.853;40;227;227;227;226;3.249;50.00;419.8;2.639;413.6;2.684;0.0;0.000;60;0;0;3.212;3.280;3.257;726;742;732;50.00;50.00;50.00;4743;1000;0.0;0;1.0000;0;0
600;2017-03-25 14:30:00;172602N232;1821;20.157;39;227;227;227;226;2.690;49.99;425.6;2.140;416.9;2.205;0.0;0.000;60;0;0;2.650;2.722;2.699;598;615;606;49.99;49.99;49.99;4743;1000;0.0;0;1.0000;0;0
600;2017-03-25 14:40:00;172602N232;1594;20.422;39;227;226;229;225;2.360;49.99;429.6;1.845;418.1;1.928;0.0;0.000;60;0;0;2.302;2.416;2.362;516;549;527;49.99;49.99;49.99;4743;1000;0.0;0;1.0000;0;0
600;2017-03-25 14:50:00;172602N232;1459;20.666;39;226;226;228;225;2.161;49.99;433.0;1.665;419.4;1.764;0.0;0.000;60;0;0;2.107;2.213;2.164;473;502;482;49.99;49.99;49.99;4743;1000;0.0;0;1.0000;0;0
600;2017-03-25 15:00:00;172602N232;1384;20.896;38;226;226;228;225;2.054;49.99;433.8;1.574;421.2;1.666;0.0;0.000;60;0;0;2.000;2.105;2.057;448;476;458;49.99;49.99;49.99;4743;1000;0.0;0;1.0000;0;0
600;2017-03-25 15:10:00;172602N232;1079;21.077;38;227;227;228;224;1.644;49.99;419.6;1.267;421.7;1.291;0.0;0.000;60;0;0;1.605;1.679;1.649;347;373;357;49.99;49.99;49.99;4743;1000;0.0;0;1.0000;0;0
600;2017-03-25 15:20:00;172602N232;978;21.239;38;227;227;227;225;1.467;50.02;417.8;1.153;423.5;1.164;0.0;0.000;60;0;0;1.418;1.505;1.479;314;337;326;50.02;50.02;50.02;4743;1000;0.0;0;1.0000;0;0
600;2017-03-25 15:30:00;172602N232;801;21.373;37;226;227;227;225;1.218;49.98;416.9;0.943;423.7;0.946;0.0;0.000;60;0;0;1.170;1.255;1.230;255;276;268;49.98;49.98;49.98;4743;1000;0.0;0;1.0000;0;0
600;2017-03-25 15:40:00;172602N232;1051;21.548;37;226;227;227;224;1.604;49.99;417.5;1.244;425.8;1.241;0.0;0.000;60;0;0;1.566;1.642;1.605;338;364;348;49.99;49.99;49.99;4743;1000;0.0;0;1.0000;0;0
600;2017-03-25 15:50:00;172602N232;892;21.698;37;225;226;226;224;1.488;49.98;416.3;1.054;422.9;1.053;0.0;0.000;60;0;0;1.483;1.510;1.472;289;306;294;49.98;49.98;49.98;4743;1000;0.0;0;1.0000;0;0
600;2017-03-25 16:00:00;172602N232;365;21.759;36;225;226;224;225;1.201;49.97;405.7;0.433;413.0;0.428;0.0;0.000;60;0;0;1.300;1.186;1.117;101;158;104;49.97;49.97;49.97;4743;1000;0.0;0;1.0000;0;0
600;2017-03-25 16:10:00;172602N232;245;21.799;36;225;226;226;224;1.084;49.97;397.9;0.289;407.7;0.284;0.0;0.000;60;0;0;1.292;1.094;0.867;52;107;85;49.97;49.97;49.97;4743;1000;0.0;0;1.0000;0;0
600;2017-03-25 16:20:00;172602N232;149;21.825;35;224;225;225;224;1.014;50.02;386.5;0.173;400.2;0.169;0.0;0.000;60;0;0;1.342;0.940;0.762;21;71;56;50.02;50.02;50.02;4743;1000;0.0;0;1.0000;0;0
600;2017-03-25 16:30:00;172602N232;204;21.858;35;224;225;225;224;1.000;49.99;390.8;0.240;406.5;0.233;0.0;0.000;60;0;0;1.251;0.966;0.783;47;82;73;49.99;49.99;49.99;4743;1000;0.0;0;1.0000;0;0
600;2017-03-25 16:40:00;172602N232;170;21.888;34;225;227;225;224;1.035;49.98;391.2;0.197;403.4;0.192;0.0;0.000;60;0;0;1.565;0.796;0.746;20;85;68;49.98;49.98;49.98;4743;1000;0.0;0;1.0000;0;0
600;2017-03-25 16:50:00;172602N232;80;21.901;34;224;226;224;224;0.895;49.99;366.1;0.089;385.2;0.087;0.0;0.000;60;0;0;1.326;0.687;0.673;0;54;47;49.99;49.99;49.99;4743;1000;0.0;0;1.0000;0;0
600;2017-03-25 17:00:00;172602N232;51;21.910;34;223;225;221;223;0.646;49.99;352.1;0.050;370.2;0.051;0.0;0.000;60;0;0;0.872;0.520;0.548;0;41;25;49.99;49.99;49.99;4743;1000;0.0;0;1.0000;0;0
600;2017-03-25 17:10:00;172602N232;44;21.917;33;223;226;220;224;0.607;49.97;347.1;0.041;364.1;0.042;0.0;0.000;60;0;0;0.850;0.465;0.507;0;37;27;49.97;49.97;49.97;4743;1000;0.0;0;1.0000;0;0
600;2017-03-25 17:20:00;172602N232;31;21.923;33;224;225;224;223;0.515;50.04;329.3;0.025;331.7;0.028;0.0;0.000;60;0;0;0.686;0.412;0.447;0;26;26;50.04;50.04;50.04;4743;1000;0.0;0;1.0000;0;0
600;2017-03-25 17:30:00;172602N232;15;21.925;32;224;224;223;223;0.345;49.99;280.0;0.005;290.3;0.010;0.0;0.000;60;0;0;0.452;0.285;0.298;0;15;12;49.99;49.99;49.99;4743;1000;0.0;0;1.0000;0;0
600;2017-03-25 17:40:00;172602N232;4;21.926;32;224;225;224;224;0.168;49.95;253.2;0.000;253.4;0.001;0.0;0.000;60;0;0;0.205;0.163;0.138;1;3;5;49.95;49.95;49.95;4743;1000;0.0;0;1.0000;0;0
600;2017-03-25 17:50:00;172602N232;0;21.926;31;223;223;226;221;0.002;49.97;284.6;0.000;283.7;0.000;0.0;0.000;51;0;0;0.004;0.004;0.000;0;0;0;49.97;49.97;49.97;5780;1000;0.0;0;1.0000;0;0
600;2017-03-25 18:00:00;172602N232;0;21.926;30;223;223;227;217;0.000;49.95;229.3;0.000;230.3;0.000;0.0;0.000;51;0;0;0.000;0.000;0.000;0;0;0;49.95;49.95;49.95;7109;1000;0.0;0;1.0000;0;0
600;2017-03-25 18:10:00;172602N232;0;21.926;30;223;222;227;219;0.000;49.94;226.8;0.000;227.7;0.000;0.0;0.000;51;0;0;0.000;0.000;0.000;0;0;0;49.94;49.94;49.94;7109;1000;0.0;0;1.0000;0;0
600;2017-03-25 18:20:00;172602N232;0;21.926;29;224;224;227;222;0.000;50.03;228.3;0.000;229.3;0.000;0.0;0.000;51;0;0;0.000;0.000;0.000;0;0;0;50.03;50.03;50.03;7109;1000;0.0;0;1.0000;0;0
[wr_ende]
