20171011;230000;172602N232;My Plant;+0100
[wr_def_start]
172602N232;Inverter Type;Inverter Group;72602N232      
[wr_def_end]
[wr]
INTERVAL;TIMESTAMP;SERIAL;P_AC;E_DAY;T_WR;U_AC;U_AC_1;U_AC_2;U_AC_3;I_AC;F_AC;U_DC_1;I_DC_1;U_DC_2;I_DC_2;U_DC_3;I_DC_3;S;E_WR;M_WR;I_AC_1;I_AC_2;I_AC_3;P_AC_1;P_AC_2;P_AC_3;F_AC_1;F_AC_2;F_AC_3;R_DC;PC;PCS;PCS_LL;COS_PHI;COS_PHI_LL;S_COS_PHI
600;2017-10-11 06:40:00;172602N232;0;0.000;0;1;1;1;1;0.000;0.28;1.1;0.000;1.1;0.000;0.0;0.000;50;0;0;0.000;0.000;0.000;0;0;0;0.27;0.27;0.27;31;1000;0.0;0;1.0000;0;0
600;2017-10-11 06:50:00;172602N232;0;0.000;20;220;223;220;217;0.000;49.99;228.6;0.000;229.6;0.000;0.0;0.000;50;0;0;0.000;0.000;0.000;0;0;0;49.99;49.99;49.99;0;1000;0.0;0;1.0000;0;0
600;2017-10-11 07:00:00;172602N232;0;0.000;22;220;222;221;215;0.000;50.00;240.1;0.000;241.0;0.000;0.0;0.000;50;0;0;0.000;0.000;0.000;0;0;0;50.00;50.00;50.00;0;1000;0.0;0;1.0000;0;0
600;2017-10-11 07:10:00;172602N232;0;0.000;23;223;224;222;222;0.033;50.01;294.1;0.000;292.8;0.000;0.0;0.000;60;0;0;0.034;0.037;0.028;0;2;0;50.01;50.01;50.01;2655;1000;0.0;0;1.0000;0;0
600;2017-10-11 07:20:00;172602N232;8;0.002;23;224;225;222;226;0.243;50.01;263.9;0.000;257.3;0.001;0.0;0.000;60;0;0;0.250;0.194;0.285;1;12;2;50.01;50.01;50.01;3881;1000;0.0;0;1.0000;0;0
600;2017-10-11 07:30:00;172602N232;25;0.008;24;226;227;224;226;0.387;50.01;315.8;0.020;302.0;0.020;0.0;0.000;60;0;0;0.475;0.288;0.398;0;21;16;50.01;50.01;50.01;3881;1000;0.0;0;1.0000;0;0
600;2017-10-11 07:40:00;172602N232;62;0.019;24;226;227;224;226;0.701;50.01;367.0;0.067;377.3;0.060;0.0;0.000;60;0;0;0.930;0.562;0.612;1;44;25;50.01;50.01;50.01;3881;1000;0.0;0;1.0000;0;0
600;2017-10-11 07:50:00;172602N232;77;0.030;25;227;227;225;228;0.800;50.00;372.6;0.090;387.3;0.075;0.0;0.000;60;0;0;0.874;0.678;0.849;12;54;10;50.00;50.00;50.00;3881;1000;0.0;0;1.0000;0;0
600;2017-10-11 08:00:00;172602N232;150;0.054;25;224;224;223;224;0.947;50.02;394.2;0.182;406.0;0.156;0.0;0.000;60;0;0;0.946;0.900;0.996;34;67;47;50.02;50.02;50.02;3881;1000;0.0;0;1.0000;0;0
600;2017-10-11 08:10:00;172602N232;159;0.080;25;224;224;224;223;0.941;50.01;398.0;0.190;408.1;0.165;0.0;0.000;60;0;0;0.943;1.119;0.761;19;63;74;50.01;50.01;50.01;3881;1000;0.0;0;1.0000;0;0
600;2017-10-11 08:20:00;172602N232;122;0.100;26;225;225;225;224;0.936;49.99;384.4;0.145;396.7;0.132;0.0;0.000;60;0;0;1.007;1.019;0.784;15;41;64;49.99;49.99;49.99;3881;1000;0.0;0;1.0000;0;0
600;2017-10-11 08:30:00;172602N232;242;0.141;26;224;224;225;223;1.068;50.00;398.1;0.295;412.2;0.265;0.0;0.000;60;0;0;1.179;1.117;0.909;60;85;95;50.00;50.00;50.00;3881;1000;0.0;0;1.0000;0;0
600;2017-10-11 08:40:00;172602N232;298;0.191;27;223;224;224;221;1.159;50.00;414.3;0.358;420.1;0.321;0.0;0.000;60;0;0;1.309;1.199;0.970;70;113;113;50.00;50.00;50.00;3881;1000;0.0;0;1.0000;0;0
600;2017-10-11 08:50:00;172602N232;274;0.237;27;223;224;223;221;1.108;50.01;411.5;0.328;416.2;0.298;0.0;0.000;60;0;0;1.343;1.021;0.961;68;110;94;50.01;50.01;50.01;3881;1000;0.0;0;1.0000;0;0
600;2017-10-11 09:00:00;172602N232;200;0.271;27;223;223;223;222;1.035;50.00;402.5;0.238;407.5;0.220;0.0;0.000;60;0;0;1.295;1.028;0.783;32;93;73;50.00;50.00;50.00;3881;1000;0.0;0;1.0000;0;0
600;2017-10-11 09:10:00;172602N232;154;0.296;27;222;223;223;222;0.999;49.99;394.1;0.182;401.1;0.168;0.0;0.000;60;0;0;1.315;0.903;0.780;12;73;68;49.99;49.99;49.99;3881;1000;0.0;0;1.0000;0;0
600;2017-10-11 09:20:00;172602N232;209;0.331;28;222;222;223;221;1.005;50.00;397.5;0.251;407.5;0.232;0.0;0.000;60;0;0;1.174;1.043;0.800;54;74;79;50.00;50.00;50.00;3881;1000;0.0;0;1.0000;0;0
600;2017-10-11 09:30:00;172602N232;374;0.393;28;223;222;224;222;1.153;50.01;417.4;0.446;420.4;0.416;0.0;0.000;60;0;0;1.164;1.240;1.056;108;132;132;50.01;50.01;50.01;3881;1000;0.0;0;1.0000;0;0
600;2017-10-11 09:40:00;172602N232;443;0.468;28;223;223;225;222;1.125;50.01;416.8;0.545;427.0;0.477;0.0;0.000;60;0;0;1.125;1.178;1.073;140;161;140;50.01;50.01;50.01;3881;1000;0.0;0;1.0000;0;0
600;2017-10-11 09:50:00;172602N232;417;0.538;29;223;223;224;222;0.942;50.00;419.1;0.499;422.4;0.463;0.0;0.000;60;0;0;0.907;0.991;0.930;124;150;141;50.00;50.00;50.00;3881;1000;0.0;0;1.0000;0;0
600;2017-10-11 10:00:00;172602N232;318;0.591;29;223;223;224;222;0.961;49.99;410.4;0.385;417.0;0.352;0.0;0.000;60;0;0;1.001;1.036;0.846;97;116;103;49.99;49.99;49.99;3881;1000;0.0;0;1.0000;0;0
600;2017-10-11 10:10:00;172602N232;423;0.662;29;222;223;223;221;1.145;49.99;412.0;0.514;422.3;0.469;0.0;0.000;60;0;0;1.208;1.149;1.079;129;151;141;49.99;49.99;49.99;3881;1000;0.0;0;1.0000;0;0
600;2017-10-11 10:20:00;172602N232;1386;0.893;30;223;224;223;222;2.117;49.97;427.5;2.146;452.5;1.034;0.0;0.000;60;0;0;2.094;2.137;2.121;455;467;461;49.97;49.97;49.97;3881;1000;0.0;0;1.0000;0;0
600;2017-10-11 10:30:00;172602N232;1668;1.171;30;224;224;224;223;2.513;50.00;416.5;2.772;455.6;1.132;0.0;0.000;60;0;0;2.478;2.542;2.521;547;564;556;50.00;50.00;50.00;3881;1000;0.0;0;1.0000;0;0
600;2017-10-11 10:40:00;172602N232;1218;1.374;30;223;224;224;222;1.887;50.01;410.8;1.724;434.2;1.172;0.0;0.000;60;0;0;1.863;1.908;1.890;396;415;405;50.01;50.01;50.01;3881;1000;0.0;0;1.0000;0;0
600;2017-10-11 10:50:00;172602N232;1363;1.601;31;224;224;225;222;2.085;50.01;411.8;1.974;419.6;1.323;0.0;0.000;60;0;0;2.052;2.112;2.092;444;463;454;50.01;50.01;50.01;3881;1000;0.0;0;1.0000;0;0
600;2017-10-11 11:00:00;172602N232;1411;1.837;31;223;224;225;221;2.139;49.99;411.0;2.029;369.0;1.599;0.0;0.000;60;0;0;2.108;2.185;2.126;462;485;462;49.99;49.99;49.99;3881;1000;0.0;0;1.0000;0;0
600;2017-10-11 11:10:00;172602N232;1267;2.048;32;224;224;225;223;1.972;49.98;409.7;1.691;417.5;1.378;0.0;0.000;60;0;0;1.944;1.991;1.982;411;431;422;49.98;49.98;49.98;3881;1000;0.0;0;1.0000;0;0
600;2017-10-11 11:20:00;172602N232;1673;2.327;32;224;224;227;223;2.500;50.00;412.0;2.419;449.3;1.514;0.0;0.000;60;0;0;2.440;2.561;2.500;541;577;553;50.00;50.00;50.00;3881;1000;0.0;0;1.0000;0;0
600;2017-10-11 11:30:00;172602N232;1301;2.545;33;224;222;227;223;1.986;50.02;407.5;1.849;440.8;1.239;0.0;0.000;60;0;0;1.911;2.062;1.985;413;453;433;50.02;50.02;50.02;3881;1000;0.0;0;1.0000;0;0
600;2017-10-11 11:40:00;172602N232;514;2.629;33;223;221;224;222;1.105;50.01;401.6;0.682;413.4;0.544;0.0;0.000;60;0;0;1.057;1.206;1.054;164;176;173;50.01;50.01;50.01;3881;1000;0.0;0;1.0000;0;0
600;2017-10-11 11:50:00;172602N232;260;2.674;33;222;222;224;221;1.094;50.00;396.8;0.324;403.3;0.292;0.0;0.000;60;0;0;1.124;1.282;0.878;69;93;96;50.00;50.00;50.00;3881;1000;0.0;0;1.0000;0;0
600;2017-10-11 12:00:00;172602N232;575;2.770;33;222;222;224;221;0.954;50.01;416.7;0.702;421.2;0.640;0.0;0.000;60;0;0;0.911;0.995;0.956;180;202;191;50.01;50.01;50.01;3881;1000;0.0;0;1.0000;0;0
600;2017-10-11 12:10:00;172602N232;411;2.838;33;222;222;223;221;1.046;49.99;413.1;0.493;414.7;0.466;0.0;0.000;60;0;0;1.120;0.973;1.047;129;138;141;49.99;49.99;49.99;3881;1000;0.0;0;1.0000;0;0
600;2017-10-11 12:20:00;172602N232;493;2.920;33;223;223;224;221;0.875;49.98;419.5;0.589;421.0;0.558;0.0;0.000;60;0;0;0.846;0.900;0.881;154;173;164;49.98;49.98;49.98;3881;1000;0.0;0;1.0000;0;0
600;2017-10-11 12:30:00;172602N232;410;2.989;33;223;222;225;221;1.124;49.99;407.3;0.500;417.4;0.463;0.0;0.000;60;0;0;1.118;1.191;1.064;126;142;139;49.99;49.99;49.99;3881;1000;0.0;0;1.0000;0;0
600;2017-10-11 12:40:00;172602N232;500;3.073;33;223;222;224;222;1.111;49.99;407.0;0.614;421.6;0.565;0.0;0.000;60;0;0;1.113;1.151;1.071;156;173;169;49.99;49.99;49.99;3881;1000;0.0;0;1.0000;0;0
600;2017-10-11 12:50:00;172602N232;690;3.187;33;223;223;225;221;1.238;49.99;420.2;0.828;428.2;0.771;0.0;0.000;60;0;0;1.232;1.285;1.197;221;242;225;49.99;49.99;49.99;3881;1000;0.0;0;1.0000;0;0
600;2017-10-11 13:00:00;172602N232;675;3.299;33;223;222;224;222;1.059;50.00;422.9;0.807;428.6;0.755;0.0;0.000;60;0;0;1.005;1.097;1.075;211;234;228;50.00;50.00;50.00;3881;1000;0.0;0;1.0000;0;0
600;2017-10-11 13:10:00;172602N232;482;3.381;33;222;222;223;222;0.828;50.02;413.7;0.584;421.3;0.544;0.0;0.000;60;0;0;0.793;0.860;0.832;149;169;162;50.02;50.02;50.02;3881;1000;0.0;0;1.0000;0;0
600;2017-10-11 13:20:00;172602N232;606;3.482;34;222;223;222;222;0.978;50.00;422.4;0.726;425.3;0.681;0.0;0.000;60;0;0;0.951;1.000;0.984;191;208;205;50.00;50.00;50.00;3881;1000;0.0;0;1.0000;0;0
600;2017-10-11 13:30:00;172602N232;912;3.634;34;223;223;224;221;1.430;49.99;424.8;1.098;432.2;1.016;0.0;0.000;60;0;0;1.408;1.454;1.428;294;312;303;49.99;49.99;49.99;3881;1000;0.0;0;1.0000;0;0
600;2017-10-11 13:40:00;172602N232;629;3.739;34;222;223;224;221;0.987;50.00;422.6;0.755;425.9;0.704;0.0;0.000;60;0;0;0.941;1.026;0.995;198;219;210;50.00;50.00;50.00;3881;1000;0.0;0;1.0000;0;0
600;2017-10-11 13:50:00;172602N232;458;3.815;34;222;223;224;218;0.892;49.99;416.6;0.551;420.0;0.515;0.0;0.000;60;0;0;0.866;0.942;0.869;141;163;153;49.99;49.99;49.99;3881;1000;0.0;0;1.0000;0;0
600;2017-10-11 14:00:00;172602N232;481;3.895;34;222;222;224;220;0.771;50.00;417.8;0.580;421.4;0.539;0.0;0.000;60;0;0;0.717;0.816;0.781;146;171;161;50.00;50.00;50.00;3881;1000;0.0;0;1.0000;0;0
600;2017-10-11 14:10:00;172602N232;501;3.979;34;223;223;225;220;0.818;50.01;419.4;0.601;421.9;0.565;0.0;0.000;60;0;0;0.766;0.867;0.821;154;178;167;50.01;50.01;50.01;3881;1000;0.0;0;1.0000;0;0
600;2017-10-11 14:20:00;172602N232;448;4.054;34;224;224;226;221;0.720;49.99;417.4;0.536;418.7;0.508;0.0;0.000;60;0;0;0.669;0.763;0.729;136;160;150;49.99;49.99;49.99;3881;1000;0.0;0;1.0000;0;0
600;2017-10-11 14:30:00;172602N232;555;4.147;34;224;224;227;222;0.873;50.01;421.0;0.665;423.5;0.624;0.0;0.000;60;0;0;0.815;0.924;0.881;170;197;185;50.01;50.01;50.01;3881;1000;0.0;0;1.0000;0;0
600;2017-10-11 14:40:00;172602N232;761;4.274;34;225;225;227;223;1.181;50.00;425.5;0.908;427.8;0.857;0.0;0.000;60;0;0;1.127;1.235;1.182;240;267;252;50.00;50.00;50.00;3881;1000;0.0;0;1.0000;0;0
600;2017-10-11 14:50:00;172602N232;660;4.384;34;225;225;227;223;1.024;50.00;421.6;0.794;425.1;0.743;0.0;0.000;60;0;0;0.972;1.067;1.035;207;230;221;50.00;50.00;50.00;3881;1000;0.0;0;1.0000;0;0
600;2017-10-11 15:00:00;172602N232;539;4.474;34;224;227;228;216;0.894;50.00;416.5;0.652;421.3;0.611;0.0;0.000;60;0;0;0.852;0.950;0.880;171;195;171;50.00;50.00;50.00;3881;1000;0.0;0;1.0000;0;0
600;2017-10-11 15:10:00;172602N232;536;4.563;35;223;227;228;214;0.951;50.01;417.9;0.648;421.9;0.605;0.0;0.000;60;0;0;0.947;1.000;0.908;172;195;167;50.01;50.01;50.01;3881;1000;0.0;0;1.0000;0;0
600;2017-10-11 15:20:00;172602N232;301;4.614;35;223;228;229;213;1.060;50.01;406.4;0.363;406.9;0.343;0.0;0.000;60;0;0;1.263;1.098;0.819;70;121;108;50.01;50.01;50.01;3881;1000;0.0;0;1.0000;0;0
600;2017-10-11 15:30:00;172602N232;317;4.667;34;223;228;228;214;1.170;50.00;407.3;0.384;412.2;0.356;0.0;0.000;60;0;0;1.427;1.119;0.965;79;122;114;50.00;50.00;50.00;3881;1000;0.0;0;1.0000;0;0
600;2017-10-11 15:40:00;172602N232;223;4.704;34;223;229;226;214;1.114;49.99;399.0;0.268;403.4;0.250;0.0;0.000;60;0;0;1.530;0.930;0.882;21;102;105;49.99;49.99;49.99;3881;1000;0.0;0;1.0000;0;0
600;2017-10-11 15:50:00;172602N232;239;4.745;34;222;227;226;213;1.140;49.99;398.9;0.288;405.0;0.268;0.0;0.000;60;0;0;1.514;1.039;0.867;36;108;102;49.99;49.99;49.99;3881;1000;0.0;0;1.0000;0;0
600;2017-10-11 16:00:00;172602N232;291;4.793;34;220;223;224;214;1.112;50.00;404.7;0.353;410.3;0.326;0.0;0.000;60;0;0;1.293;1.139;0.905;72;113;104;50.00;50.00;50.00;3881;1000;0.0;0;1.0000;0;0
600;2017-10-11 16:10:00;172602N232;102;4.810;34;221;222;223;219;0.863;50.02;373.5;0.119;380.8;0.111;0.0;0.000;60;0;0;0.876;1.029;0.686;17;25;61;50.02;50.02;50.02;3881;1000;0.0;0;1.0000;0;0
600;2017-10-11 16:20:00;172602N232;120;4.830;33;221;222;222;218;0.984;50.03;380.4;0.141;386.8;0.133;0.0;0.000;60;0;0;1.412;0.835;0.706;2;60;61;50.03;50.03;50.03;3881;1000;0.0;0;1.0000;0;0
600;2017-10-11 16:30:00;172602N232;170;4.860;33;220;221;220;218;1.042;49.99;392.1;0.203;398.0;0.190;0.0;0.000;60;0;0;1.485;0.869;0.774;15;85;71;49.99;49.99;49.99;3881;1000;0.0;0;1.0000;0;0
600;2017-10-11 16:40:00;172602N232;89;4.874;33;219;220;220;218;0.870;50.00;369.3;0.103;378.9;0.096;0.0;0.000;60;0;0;1.018;0.917;0.676;8;31;51;50.00;50.00;50.00;3881;1000;0.0;0;1.0000;0;0
600;2017-10-11 16:50:00;172602N232;55;4.883;33;219;219;220;218;0.708;49.97;342.3;0.060;346.9;0.058;0.0;0.000;60;0;0;0.726;0.856;0.544;10;7;40;49.97;49.97;49.97;3881;1000;0.0;0;1.0000;0;0
600;2017-10-11 17:00:00;172602N232;20;4.887;32;219;220;221;218;0.397;49.97;293.2;0.016;290.8;0.017;0.0;0.000;60;0;0;0.472;0.434;0.287;2;9;18;49.97;49.97;49.97;3881;1000;0.0;0;1.0000;0;0
600;2017-10-11 17:10:00;172602N232;12;4.890;32;219;219;221;217;0.303;50.04;273.2;0.008;274.8;0.009;0.0;0.000;60;0;0;0.277;0.425;0.207;6;0;13;50.04;50.04;50.04;3881;1000;0.0;0;1.0000;0;0
600;2017-10-11 17:20:00;172602N232;0;4.889;32;219;219;222;217;0.008;50.03;250.0;0.000;250.1;0.000;0.0;0.000;50;0;0;0.001;0.024;0.000;0;0;0;50.03;50.03;50.03;3881;1000;0.0;0;1.0000;0;0
600;2017-10-11 17:30:00;172602N232;0;4.889;31;220;221;222;216;0.000;50.01;228.6;0.000;229.5;0.000;0.0;0.000;50;0;0;0.000;0.000;0.000;0;0;0;50.01;50.01;50.01;3881;1000;0.0;0;1.0000;0;0
600;2017-10-11 17:40:00;172602N232;0;4.889;30;219;221;221;217;0.000;50.01;228.0;0.000;229.0;0.000;0.0;0.000;50;0;0;0.000;0.000;0.000;0;0;0;50.01;50.01;50.01;3881;1000;0.0;0;1.0000;0;0
[wr_ende]
