20150107;230003;172602N232;My Plant;+0100
[wr_def_start]
172602N232;Inverter Type;Inverter Group;72602N232      
[wr_def_end]
[wr]
INTERVAL;TIMESTAMP;SERIAL;P_AC;E_DAY;T_WR;U_AC;U_AC_1;U_AC_2;U_AC_3;I_AC;F_AC;U_DC_1;I_DC_1;U_DC_2;I_DC_2;U_DC_3;I_DC_3;S;E_WR;M_WR;I_AC_1;I_AC_2;I_AC_3;P_AC_1;P_AC_2;P_AC_3;F_AC_1;F_AC_2;F_AC_3;R_DC;PC;PCS;PCS_LL;COS_PHI;COS_PHI_LL;S_COS_PHI
600;2015-01-07 08:00:00;172602N232;0;0.000;0;3;3;3;3;0.000;0.69;3.1;0.000;3.1;0.000;0.0;0.000;50;0;0;0.000;0.000;0.000;0;0;0;0.69;0.69;0.69;45;1000;0.0;0;1.0000;0;0
600;2015-01-07 08:10:00;172602N232;0;0.000;15;217;219;217;214;0.000;50.00;229.4;0.000;230.3;0.000;0.0;0.000;50;0;0;0.000;0.000;0.000;0;0;0;50.00;50.00;50.00;0;1000;0.0;0;1.0000;0;0
600;2015-01-07 08:20:00;172602N232;0;0.000;16;217;219;219;214;0.000;50.01;248.4;0.000;249.1;0.000;0.0;0.000;50;0;0;0.000;0.000;0.000;0;0;0;50.01;50.01;50.01;0;1000;0.0;0;1.0000;0;0
600;2015-01-07 08:30:00;172602N232;0;0.000;16;217;218;219;215;0.015;50.02;298.8;0.000;298.0;0.000;0.0;0.000;60;0;0;0.020;0.008;0.019;0;0;0;50.02;50.02;50.02;3851;1000;0.0;0;1.0000;0;0
600;2015-01-07 08:40:00;172602N232;12;0.003;17;215;216;216;214;0.283;50.02;287.6;0.004;292.4;0.006;0.0;0.000;60;0;0;0.343;0.292;0.215;1;8;11;50.02;50.02;50.02;4827;1000;0.0;0;1.0000;0;0
600;2015-01-07 08:50:00;172602N232;36;0.009;17;219;220;219;219;0.490;50.01;359.4;0.031;360.3;0.030;0.0;0.000;60;43;0;0.557;0.508;0.405;2;19;19;50.01;50.01;50.01;4827;1000;0.0;0;1.0000;0;0
600;2015-01-07 09:00:00;172602N232;73;0.020;18;221;222;219;222;0.712;50.00;389.4;0.079;397.2;0.070;0.0;0.000;60;43;0;0.876;0.638;0.622;15;50;14;50.00;50.00;50.00;4827;1000;0.0;0;1.0000;0;0
600;2015-01-07 09:10:00;172602N232;80;0.033;18;216;216;216;216;0.790;50.00;393.7;0.088;398.4;0.078;0.0;0.000;60;43;0;0.882;0.856;0.633;21;35;27;50.00;50.00;50.00;4827;1000;0.0;0;1.0000;0;0
600;2015-01-07 09:20:00;172602N232;112;0.052;19;216;217;216;216;0.887;50.01;428.3;0.125;407.2;0.105;0.0;0.000;60;43;0;0.976;0.911;0.774;16;41;53;50.01;50.01;50.01;4827;1000;0.0;0;1.0000;0;0
600;2015-01-07 09:30:00;172602N232;167;0.080;19;217;217;216;216;0.916;50.01;462.3;0.189;431.3;0.141;0.0;0.000;60;43;0;1.064;0.839;0.845;31;71;63;50.01;50.01;50.01;4827;1000;0.0;0;1.0000;0;0
600;2015-01-07 09:40:00;172602N232;188;0.112;20;217;217;216;217;0.929;50.02;398.8;0.281;433.0;0.142;0.0;0.000;60;43;0;0.973;0.893;0.922;48;81;57;50.02;50.02;50.02;4827;1000;0.0;0;1.0000;0;0
600;2015-01-07 09:50:00;172602N232;351;0.170;20;217;217;217;216;1.066;50.01;419.7;0.586;463.4;0.193;0.0;0.000;60;43;0;1.104;1.090;1.006;105;134;110;50.01;50.01;50.01;4827;1000;0.0;0;1.0000;0;0
600;2015-01-07 10:00:00;172602N232;430;0.243;20;217;217;217;216;0.977;50.01;437.8;0.723;447.9;0.225;0.0;0.000;60;43;0;0.973;1.009;0.951;134;153;141;50.01;50.01;50.01;4827;1000;0.0;0;1.0000;0;0
600;2015-01-07 10:10:00;172602N232;481;0.323;21;217;218;218;216;0.784;50.02;379.0;0.861;281.2;0.580;0.0;0.000;60;43;0;0.738;0.822;0.793;149;169;161;50.02;50.02;50.02;4827;1000;0.0;0;1.0000;0;0
600;2015-01-07 10:20:00;172602N232;478;0.402;22;217;217;218;216;0.767;50.03;319.2;0.794;272.4;0.858;0.0;0.000;60;43;0;0.714;0.806;0.782;147;168;162;50.03;50.03;50.03;4827;1000;0.0;0;1.0000;0;0
600;2015-01-07 10:30:00;172602N232;432;0.474;22;217;217;218;217;0.697;50.03;410.6;0.382;307.1;0.932;0.0;0.000;60;43;0;0.646;0.733;0.714;131;152;147;50.03;50.03;50.03;4827;1000;0.0;0;1.0000;0;0
600;2015-01-07 10:40:00;172602N232;452;0.549;23;217;216;218;215;0.747;50.00;451.2;0.349;328.6;0.888;0.0;0.000;60;43;0;0.695;0.789;0.757;138;160;152;50.00;50.00;50.00;4827;1000;0.0;0;1.0000;0;0
600;2015-01-07 10:50:00;172602N232;387;0.614;23;217;217;218;215;0.762;50.00;455.6;0.357;294.9;0.771;0.0;0.000;60;43;0;0.728;0.811;0.749;116;137;132;50.00;50.00;50.00;4827;1000;0.0;0;1.0000;0;0
600;2015-01-07 11:00:00;172602N232;432;0.686;24;217;218;218;215;1.135;50.01;427.9;0.632;466.6;0.366;0.0;0.000;60;43;0;1.172;1.156;1.079;133;152;144;50.01;50.01;50.01;4827;1000;0.0;0;1.0000;0;0
600;2015-01-07 11:10:00;172602N232;695;0.803;24;217;218;218;215;1.185;49.99;398.9;1.311;454.5;0.364;0.0;0.000;60;43;0;1.217;1.172;1.166;222;238;233;49.99;49.99;49.99;4827;1000;0.0;0;1.0000;0;0
600;2015-01-07 11:20:00;172602N232;880;0.950;24;218;218;220;217;1.365;50.01;436.2;1.524;461.7;0.451;0.0;0.000;60;43;0;1.311;1.403;1.381;279;304;295;50.01;50.01;50.01;4827;1000;0.0;0;1.0000;0;0
600;2015-01-07 11:30:00;172602N232;915;1.103;25;219;218;221;217;1.429;50.01;421.8;1.606;465.3;0.498;0.0;0.000;60;43;0;1.375;1.472;1.442;290;318;306;50.01;50.01;50.01;4827;1000;0.0;0;1.0000;0;0
600;2015-01-07 11:40:00;172602N232;879;1.250;25;218;218;220;217;1.361;50.01;397.0;1.463;410.0;0.800;0.0;0.000;60;43;0;1.311;1.401;1.372;280;304;292;50.01;50.01;50.01;4827;1000;0.0;0;1.0000;0;0
600;2015-01-07 11:50:00;172602N232;978;1.412;26;219;219;221;217;1.500;50.01;347.3;1.365;354.6;1.452;0.0;0.000;60;43;0;1.453;1.542;1.506;315;339;323;50.01;50.01;50.01;4827;1000;0.0;0;1.0000;0;0
600;2015-01-07 12:00:00;172602N232;354;1.471;26;218;218;220;216;1.047;50.01;388.2;0.441;393.1;0.502;0.0;0.000;60;43;0;0.992;1.244;0.907;110;112;130;50.01;50.01;50.01;4827;1000;0.0;0;1.0000;0;0
600;2015-01-07 12:10:00;172602N232;404;1.539;26;218;217;220;216;1.025;49.99;424.4;0.455;419.0;0.475;0.0;0.000;60;43;0;1.000;1.157;0.919;126;137;139;49.99;49.99;49.99;4827;1000;0.0;0;1.0000;0;0
600;2015-01-07 12:20:00;172602N232;418;1.609;26;218;217;220;216;0.803;50.01;423.3;0.482;420.0;0.483;0.0;0.000;60;43;0;0.763;0.876;0.772;127;148;142;50.01;50.01;50.01;4827;1000;0.0;0;1.0000;0;0
600;2015-01-07 12:30:00;172602N232;355;1.667;26;217;217;219;216;1.021;50.01;421.2;0.384;416.9;0.429;0.0;0.000;60;43;0;1.028;1.115;0.922;102;128;123;50.01;50.01;50.01;4827;1000;0.0;0;1.0000;0;0
600;2015-01-07 12:40:00;172602N232;853;1.811;26;218;218;220;217;1.325;49.98;435.8;0.826;406.7;1.247;0.0;0.000;60;43;0;1.275;1.364;1.337;271;295;284;49.98;49.98;49.98;4827;1000;0.0;0;1.0000;0;0
600;2015-01-07 12:50:00;172602N232;666;1.922;27;219;219;221;217;1.041;50.01;434.5;0.709;425.4;0.860;0.0;0.000;60;43;0;0.991;1.082;1.052;209;232;222;50.01;50.01;50.01;4827;1000;0.0;0;1.0000;0;0
600;2015-01-07 13:00:00;172602N232;768;2.050;27;219;219;220;217;1.225;50.00;439.8;0.875;429.8;0.871;0.0;0.000;60;43;0;1.185;1.260;1.232;245;266;255;50.00;50.00;50.00;4827;1000;0.0;0;1.0000;0;0
600;2015-01-07 13:10:00;172602N232;456;2.125;27;218;218;220;216;0.730;50.00;446.4;0.522;422.4;0.500;0.0;0.000;60;43;0;0.676;0.772;0.742;139;162;153;50.00;50.00;50.00;4827;1000;0.0;0;1.0000;0;0
600;2015-01-07 13:20:00;172602N232;321;2.179;27;218;217;221;215;1.158;50.00;444.1;0.364;415.5;0.345;0.0;0.000;60;43;0;1.102;1.344;1.028;94;96;130;50.00;50.00;50.00;4827;1000;0.0;0;1.0000;0;0
600;2015-01-07 13:30:00;172602N232;358;2.239;27;218;217;220;217;0.938;50.01;439.9;0.410;420.6;0.380;0.0;0.000;60;43;0;0.907;1.061;0.847;116;117;123;50.01;50.01;50.01;4827;1000;0.0;0;1.0000;0;0
600;2015-01-07 13:40:00;172602N232;448;2.315;27;218;218;219;217;0.785;49.99;434.9;0.561;425.8;0.457;0.0;0.000;60;43;0;0.745;0.822;0.790;138;158;150;49.99;49.99;49.99;4827;1000;0.0;0;1.0000;0;0
600;2015-01-07 13:50:00;172602N232;452;2.389;27;218;218;219;218;0.940;49.99;409.3;0.663;429.3;0.403;0.0;0.000;60;43;0;0.945;0.954;0.922;142;159;149;49.99;49.99;49.99;4827;1000;0.0;0;1.0000;0;0
600;2015-01-07 14:00:00;172602N232;643;2.497;27;219;219;221;217;1.016;50.01;428.5;0.885;437.0;0.578;0.0;0.000;60;43;0;0.970;1.056;1.023;202;225;214;50.01;50.01;50.01;4827;1000;0.0;0;1.0000;0;0
600;2015-01-07 14:10:00;172602N232;223;2.534;27;217;218;219;215;1.000;50.01;396.9;0.307;410.1;0.217;0.0;0.000;60;43;0;1.142;1.039;0.819;64;72;86;50.01;50.01;50.01;4827;1000;0.0;0;1.0000;0;0
600;2015-01-07 14:20:00;172602N232;157;2.560;27;218;218;219;217;0.963;50.02;404.1;0.183;404.5;0.170;0.0;0.000;60;43;0;1.004;1.164;0.721;34;55;66;50.02;50.02;50.02;4827;1000;0.0;0;1.0000;0;0
600;2015-01-07 14:30:00;172602N232;187;2.592;27;218;218;219;216;0.943;50.02;409.4;0.214;412.3;0.205;0.0;0.000;60;43;0;1.112;0.948;0.771;51;54;80;50.02;50.02;50.02;4827;1000;0.0;0;1.0000;0;0
600;2015-01-07 14:40:00;172602N232;122;2.612;27;217;217;220;216;0.896;50.01;399.7;0.134;400.5;0.135;0.0;0.000;60;43;0;0.756;1.212;0.722;29;22;70;50.01;50.01;50.01;4827;1000;0.0;0;1.0000;0;0
600;2015-01-07 14:50:00;172602N232;63;2.624;26;218;218;220;217;0.745;50.01;374.8;0.064;380.8;0.066;0.0;0.000;60;43;0;0.648;1.026;0.562;21;3;41;50.01;50.01;50.01;4827;1000;0.0;0;1.0000;0;0
600;2015-01-07 15:00:00;172602N232;25;2.628;26;218;218;219;217;0.449;50.03;314.5;0.018;343.9;0.021;0.0;0.000;60;43;0;0.498;0.530;0.320;4;8;20;50.03;50.03;50.03;4827;1000;0.0;0;1.0000;0;0
600;2015-01-07 15:10:00;172602N232;23;2.632;26;218;218;218;218;0.374;50.02;312.4;0.015;334.2;0.019;0.0;0.000;60;43;0;0.427;0.378;0.318;2;15;10;50.02;50.02;50.02;4827;1000;0.0;0;1.0000;0;0
600;2015-01-07 15:20:00;172602N232;4;2.632;25;219;219;219;220;0.156;50.02;254.9;0.000;256.5;0.002;0.0;0.000;60;43;0;0.201;0.152;0.116;1;5;2;50.02;50.02;50.02;4827;1000;0.0;0;1.0000;0;0
600;2015-01-07 15:30:00;172602N232;0;2.632;25;219;220;219;217;0.000;50.00;272.5;0.000;272.1;0.000;0.0;0.000;50;43;0;0.001;0.000;0.000;0;0;0;50.00;50.00;50.00;4827;1000;0.0;0;1.0000;0;0
600;2015-01-07 15:40:00;172602N232;0;2.632;24;218;220;220;215;0.000;50.02;229.6;0.000;230.5;0.000;0.0;0.000;50;43;0;0.000;0.000;0.000;0;0;0;50.02;50.02;50.02;4827;1000;0.0;0;1.0000;0;0
600;2015-01-07 15:50:00;172602N232;0;2.632;23;217;218;219;214;0.000;50.01;232.4;0.000;233.4;0.000;0.0;0.000;50;43;0;0.000;0.000;0.000;0;0;0;50.00;50.01;50.01;4827;1000;0.0;0;1.0000;0;0
[wr_ende]
