20121127;230003;172602N232;My Plant;+0100
[wr_def_start]
172602N232;Inverter Type;Inverter Group;72602N232      
[wr_def_end]
[wr]
INTERVAL;TIMESTAMP;SERIAL;P_AC;E_DAY;T_WR;U_AC;U_AC_1;U_AC_2;U_AC_3;I_AC;F_AC;U_DC_1;I_DC_1;U_DC_2;I_DC_2;U_DC_3;I_DC_3;S;E_WR;M_WR;I_AC_1;I_AC_2;I_AC_3;P_AC_1;P_AC_2;P_AC_3;F_AC_1;F_AC_2;F_AC_3;R_DC;PC;PCS;PCS_LL;COS_PHI;COS_PHI_LL;S_COS_PHI
600;2012-11-27 08:10:00;172602N232;0;0.000;0;1;1;1;1;0.000;0.40;1.8;0.000;1.8;0.000;0.0;0.000;50;0;0;0.000;0.000;0.000;0;0;0;0.40;0.40;0.40;33;1000;0.0;0;1.0000;0;0
600;2012-11-27 08:20:00;172602N232;0;0.000;16;221;223;221;220;0.000;50.00;227.3;0.000;228.2;0.000;0.0;0.000;50;0;0;0.000;0.000;0.000;0;0;0;50.00;50.00;50.00;0;1000;0.0;0;1.0000;0;0
600;2012-11-27 08:30:00;172602N232;0;0.000;18;222;224;222;220;0.000;50.00;229.5;0.000;230.4;0.000;0.0;0.000;50;0;0;0.000;0.000;0.000;0;0;0;50.01;50.01;50.01;0;1000;0.0;0;1.0000;0;0
600;2012-11-27 08:40:00;172602N232;0;0.000;19;223;224;223;221;0.014;50.00;262.7;0.000;262.7;0.000;0.0;0.000;60;0;0;0.023;0.011;0.009;0;0;0;50.00;50.00;50.00;3038;1000;0.0;0;1.0000;0;0
600;2012-11-27 08:50:00;172602N232;30;0.005;19;223;223;222;224;0.458;49.99;328.8;0.025;334.7;0.026;0.0;0.000;60;0;0;0.447;0.425;0.502;8;26;1;49.99;49.99;49.99;12736;1000;0.0;0;1.0000;0;0
600;2012-11-27 09:00:00;172602N232;64;0.015;20;224;224;223;224;0.729;49.99;380.0;0.066;387.3;0.063;0.0;0.000;60;0;0;0.803;0.635;0.750;9;38;16;49.99;49.99;49.99;12736;1000;0.0;0;1.0000;0;0
600;2012-11-27 09:10:00;172602N232;113;0.034;20;220;221;220;221;0.909;50.00;398.4;0.128;402.9;0.120;0.0;0.000;60;0;0;1.168;0.756;0.803;12;64;35;50.00;50.00;50.00;12736;1000;0.0;0;1.0000;0;0
600;2012-11-27 09:20:00;172602N232;132;0.055;21;221;221;220;221;0.968;49.99;402.4;0.151;406.6;0.141;0.0;0.000;60;0;0;1.216;0.883;0.807;8;83;39;49.99;49.99;49.99;12736;1000;0.0;0;1.0000;0;0
600;2012-11-27 09:30:00;172602N232;135;0.079;21;220;221;219;220;0.892;50.00;403.2;0.153;407.5;0.145;0.0;0.000;60;0;0;1.135;0.811;0.731;4;72;58;50.00;50.00;50.00;12736;1000;0.0;0;1.0000;0;0
600;2012-11-27 09:40:00;172602N232;131;0.101;22;220;220;220;220;0.905;50.00;403.4;0.148;405.4;0.142;0.0;0.000;60;0;0;1.124;0.787;0.805;24;60;44;50.00;50.00;50.00;12736;1000;0.0;0;1.0000;0;0
600;2012-11-27 09:50:00;172602N232;150;0.126;23;220;219;220;220;0.953;50.00;405.3;0.171;408.3;0.163;0.0;0.000;60;0;0;0.954;1.018;0.887;40;59;50;50.00;50.00;50.00;12736;1000;0.0;0;1.0000;0;0
600;2012-11-27 10:00:00;172602N232;119;0.146;23;219;218;221;220;0.895;50.00;401.4;0.133;400.6;0.129;0.0;0.000;60;0;0;0.749;1.167;0.770;43;22;52;50.00;50.00;50.00;12736;1000;0.0;0;1.0000;0;0
600;2012-11-27 10:10:00;172602N232;125;0.167;24;219;218;221;220;0.890;49.99;403.0;0.140;400.4;0.137;0.0;0.000;60;0;0;0.752;1.148;0.771;46;23;54;49.99;49.99;49.99;12736;1000;0.0;0;1.0000;0;0
600;2012-11-27 10:20:00;172602N232;133;0.189;24;219;217;220;219;0.886;49.99;405.0;0.148;402.8;0.146;0.0;0.000;60;0;0;0.781;1.124;0.755;42;27;62;49.99;49.99;49.99;12736;1000;0.0;0;1.0000;0;0
600;2012-11-27 10:30:00;172602N232;157;0.216;25;219;218;221;219;0.883;49.99;408.4;0.176;406.7;0.172;0.0;0.000;60;0;0;0.709;1.206;0.736;36;55;65;49.99;49.99;49.99;12736;1000;0.0;0;1.0000;0;0
600;2012-11-27 10:40:00;172602N232;116;0.235;25;219;219;220;219;0.917;50.00;390.9;0.133;398.5;0.129;0.0;0.000;60;0;0;1.012;0.988;0.751;14;40;60;50.00;50.00;50.00;12736;1000;0.0;0;1.0000;0;0
600;2012-11-27 10:50:00;172602N232;139;0.258;25;219;219;220;218;0.903;49.99;400.6;0.157;403.6;0.154;0.0;0.000;60;0;0;0.986;1.007;0.716;13;59;66;49.99;49.99;49.99;12736;1000;0.0;0;1.0000;0;0
600;2012-11-27 11:00:00;172602N232;151;0.284;25;220;219;221;219;0.897;50.00;397.3;0.174;405.1;0.167;0.0;0.000;60;0;0;0.769;1.195;0.729;27;57;65;50.00;50.00;50.00;12736;1000;0.0;0;1.0000;0;0
600;2012-11-27 11:10:00;172602N232;167;0.312;26;219;217;220;220;0.835;50.01;397.2;0.193;406.7;0.186;0.0;0.000;60;0;0;0.621;1.167;0.719;41;71;53;50.01;50.01;50.01;12736;1000;0.0;0;1.0000;0;0
600;2012-11-27 11:20:00;172602N232;180;0.342;26;220;220;220;221;0.910;50.00;400.1;0.209;408.1;0.201;0.0;0.000;60;0;0;0.810;1.093;0.827;42;85;51;50.00;50.00;50.00;12736;1000;0.0;0;1.0000;0;0
600;2012-11-27 11:30:00;172602N232;177;0.372;26;222;222;223;222;0.939;50.00;410.3;0.199;409.0;0.196;0.0;0.000;60;0;0;1.062;0.991;0.764;36;73;66;50.00;50.00;50.00;12736;1000;0.0;0;1.0000;0;0
600;2012-11-27 11:40:00;172602N232;245;0.413;26;221;221;222;221;1.057;50.01;421.1;0.278;415.6;0.275;0.0;0.000;60;0;0;1.085;1.188;0.898;68;91;84;50.01;50.01;50.01;12736;1000;0.0;0;1.0000;0;0
600;2012-11-27 11:50:00;172602N232;258;0.456;26;222;221;224;222;1.101;50.00;420.8;0.294;416.7;0.290;0.0;0.000;60;0;0;1.010;1.310;0.983;80;77;98;50.00;50.00;50.00;12736;1000;0.0;0;1.0000;0;0
600;2012-11-27 12:00:00;172602N232;216;0.493;26;223;221;225;222;1.026;50.01;414.7;0.247;411.4;0.242;0.0;0.000;60;0;0;0.930;1.392;0.757;68;64;82;50.01;50.01;50.01;12736;1000;0.0;0;1.0000;0;0
600;2012-11-27 12:10:00;172602N232;206;0.527;27;224;223;225;223;0.978;50.01;414.6;0.235;409.9;0.231;0.0;0.000;60;0;0;1.063;1.132;0.741;71;64;70;50.01;50.01;50.01;12736;1000;0.0;0;1.0000;0;0
600;2012-11-27 12:20:00;172602N232;207;0.561;27;223;223;225;222;0.984;50.03;414.3;0.236;409.1;0.232;0.0;0.000;60;0;0;1.123;1.075;0.754;63;66;76;50.03;50.03;50.03;12736;1000;0.0;0;1.0000;0;0
600;2012-11-27 12:30:00;172602N232;194;0.594;27;223;223;225;222;0.967;50.02;411.1;0.222;407.5;0.217;0.0;0.000;60;0;0;1.001;1.201;0.701;55;66;71;50.02;50.02;50.02;12736;1000;0.0;0;1.0000;0;0
600;2012-11-27 12:40:00;172602N232;149;0.619;27;223;222;224;222;0.905;50.01;400.7;0.170;400.7;0.166;0.0;0.000;60;0;0;0.819;1.174;0.722;28;48;70;50.01;50.01;50.01;12736;1000;0.0;0;1.0000;0;0
600;2012-11-27 12:50:00;172602N232;92;0.635;27;222;221;223;222;0.887;50.01;388.1;0.102;388.5;0.100;0.0;0.000;60;0;0;0.812;1.117;0.733;28;15;47;50.01;50.01;50.01;12736;1000;0.0;0;1.0000;0;0
600;2012-11-27 13:00:00;172602N232;94;0.650;27;222;222;223;222;0.875;49.98;389.1;0.104;389.9;0.102;0.0;0.000;60;0;0;0.919;0.986;0.722;14;24;54;49.98;49.98;49.98;12736;1000;0.0;0;1.0000;0;0
600;2012-11-27 13:10:00;172602N232;75;0.663;27;221;222;221;222;0.812;49.98;380.2;0.082;382.6;0.080;0.0;0.000;60;0;0;1.024;0.718;0.695;4;43;28;49.98;49.98;49.98;12736;1000;0.0;0;1.0000;0;0
600;2012-11-27 13:20:00;172602N232;79;0.677;27;222;222;221;222;0.846;50.00;383.6;0.086;385.3;0.085;0.0;0.000;60;0;0;1.132;0.704;0.704;1;46;34;50.00;50.00;50.00;12736;1000;0.0;0;1.0000;0;0
600;2012-11-27 13:30:00;172602N232;62;0.687;27;222;223;221;222;0.740;50.00;374.5;0.063;375.9;0.063;0.0;0.000;60;0;0;1.037;0.584;0.601;0;40;28;50.00;50.00;50.00;12736;1000;0.0;0;1.0000;0;0
600;2012-11-27 13:40:00;172602N232;89;0.703;27;222;222;222;221;0.892;50.01;386.8;0.098;386.6;0.097;0.0;0.000;60;0;0;1.248;0.711;0.718;1;50;39;50.01;50.01;50.01;12736;1000;0.0;0;1.0000;0;0
600;2012-11-27 13:50:00;172602N232;155;0.728;27;223;223;224;222;0.993;50.02;405.3;0.177;402.2;0.173;0.0;0.000;60;0;0;1.383;0.855;0.743;27;69;57;50.02;50.02;50.02;12736;1000;0.0;0;1.0000;0;0
600;2012-11-27 14:00:00;172602N232;137;0.752;27;223;224;224;222;0.985;50.01;404.1;0.154;400.0;0.152;0.0;0.000;60;0;0;1.327;0.870;0.759;13;64;58;50.01;50.01;50.01;12736;1000;0.0;0;1.0000;0;0
600;2012-11-27 14:10:00;172602N232;122;0.772;27;224;223;225;223;0.939;49.97;397.6;0.138;394.9;0.135;0.0;0.000;60;0;0;0.940;1.107;0.772;25;30;65;49.97;49.97;49.97;12736;1000;0.0;0;1.0000;0;0
600;2012-11-27 14:20:00;172602N232;120;0.792;27;223;223;224;223;0.885;49.98;395.0;0.136;395.5;0.132;0.0;0.000;60;0;0;0.884;1.030;0.741;29;37;53;49.98;49.98;49.98;12736;1000;0.0;0;1.0000;0;0
600;2012-11-27 14:30:00;172602N232;93;0.808;27;224;223;225;223;0.905;49.98;387.3;0.104;389.0;0.101;0.0;0.000;60;0;0;1.012;0.960;0.743;18;30;44;49.98;49.98;49.98;12736;1000;0.0;0;1.0000;0;0
600;2012-11-27 14:40:00;172602N232;82;0.821;27;224;223;226;224;0.815;49.99;381.6;0.091;385.3;0.088;0.0;0.000;60;0;0;0.744;1.046;0.656;23;11;47;49.99;49.99;49.99;12736;1000;0.0;0;1.0000;0;0
600;2012-11-27 14:50:00;172602N232;41;0.828;27;224;223;225;224;0.588;50.00;346.0;0.039;350.5;0.040;0.0;0.000;60;0;0;0.572;0.741;0.453;14;1;28;50.00;50.00;50.00;12736;1000;0.0;0;1.0000;0;0
600;2012-11-27 15:00:00;172602N232;17;0.831;27;221;221;222;221;0.336;50.00;303.8;0.009;290.6;0.014;0.0;0.000;60;0;0;0.428;0.352;0.229;11;6;14;50.00;50.00;50.00;12736;1000;0.0;0;1.0000;0;0
600;2012-11-27 15:10:00;172602N232;19;0.835;27;221;220;220;221;0.334;50.00;304.5;0.012;312.8;0.015;0.0;0.000;60;0;0;0.354;0.362;0.286;1;17;4;50.00;50.00;50.00;12736;1000;0.0;0;1.0000;0;0
600;2012-11-27 15:20:00;172602N232;6;0.837;27;220;220;220;221;0.161;50.00;261.1;0.002;256.5;0.004;0.0;0.000;60;0;0;0.180;0.165;0.140;0;8;1;50.00;50.00;50.00;12736;1000;0.0;0;1.0000;0;0
600;2012-11-27 15:30:00;172602N232;0;0.837;26;220;220;221;219;0.000;49.99;295.1;0.000;293.0;0.000;0.0;0.000;51;0;0;0.002;0.000;0.000;0;0;0;49.99;49.99;49.99;11206;1000;0.0;0;1.0000;0;0
600;2012-11-27 15:40:00;172602N232;0;0.837;24;219;220;221;217;0.000;49.98;275.3;0.000;274.8;0.000;0.0;0.000;51;0;0;0.000;0.000;0.000;0;0;0;49.98;49.98;49.98;10046;1000;0.0;0;1.0000;0;0
600;2012-11-27 15:50:00;172602N232;0;0.837;24;220;221;221;218;0.000;49.99;229.6;0.000;230.5;0.000;0.0;0.000;51;0;0;0.000;0.000;0.000;0;0;0;49.99;49.99;49.99;10046;1000;0.0;0;1.0000;0;0
600;2012-11-27 16:00:00;172602N232;0;0.837;24;218;220;218;217;0.000;50.01;229.0;0.000;229.9;0.000;0.0;0.000;51;0;0;0.000;0.000;0.000;0;0;0;50.01;50.01;50.01;10046;1000;0.0;0;1.0000;0;0
600;2012-11-27 16:10:00;172602N232;0;0.837;24;219;220;219;218;0.000;50.00;229.1;0.000;230.0;0.000;0.0;0.000;51;0;0;0.000;0.000;0.000;0;0;0;50.00;50.00;50.00;10046;1000;0.0;0;1.0000;0;0
[wr_ende]
