20140620;230002;172602N232;My Plant;+0100
[wr_def_start]
172602N232;Inverter Type;Inverter Group;72602N232      
[wr_def_end]
[wr]
INTERVAL;TIMESTAMP;SERIAL;P_AC;E_DAY;T_WR;U_AC;U_AC_1;U_AC_2;U_AC_3;I_AC;F_AC;U_DC_1;I_DC_1;U_DC_2;I_DC_2;U_DC_3;I_DC_3;S;E_WR;M_WR;I_AC_1;I_AC_2;I_AC_3;P_AC_1;P_AC_2;P_AC_3;F_AC_1;F_AC_2;F_AC_3;R_DC;PC;PCS;PCS_LL;COS_PHI;COS_PHI_LL;S_COS_PHI
600;2014-06-20 03:40:00;172602N232;0;0.000;0;3;3;3;3;0.000;0.68;3.0;0.000;3.0;0.000;0.0;0.000;50;0;0;0.000;0.000;0.000;0;0;0;0.68;0.68;0.68;24;1000;0.0;0;1.0000;0;0
600;2014-06-20 03:50:00;172602N232;0;0.000;25;225;225;228;223;0.000;49.99;227.0;0.000;227.9;0.000;0.0;0.000;50;0;0;0.000;0.000;0.000;0;0;0;49.99;49.99;49.99;0;1000;0.0;0;1.0000;0;0
600;2014-06-20 04:00:00;172602N232;0;0.000;27;226;226;228;223;0.000;50.01;230.0;0.000;230.9;0.000;0.0;0.000;50;0;0;0.000;0.000;0.000;0;0;0;50.01;50.01;50.01;0;1000;0.0;0;1.0000;0;0
600;2014-06-20 04:10:00;172602N232;0;0.000;28;226;226;228;223;0.000;50.01;232.0;0.000;232.9;0.000;0.0;0.000;50;0;0;0.000;0.000;0.000;0;0;0;50.01;50.01;50.01;0;1000;0.0;0;1.0000;0;0
600;2014-06-20 04:20:00;172602N232;0;0.000;28;226;226;229;224;0.000;50.00;280.6;0.000;280.2;0.000;0.0;0.000;51;0;0;0.001;0.000;0.000;0;0;0;50.00;50.00;50.00;677;1000;0.0;0;1.0000;0;0
600;2014-06-20 04:30:00;172602N232;0;0.000;28;226;226;228;225;0.039;50.00;269.4;0.000;269.7;0.000;0.0;0.000;60;0;0;0.035;0.052;0.030;0;0;1;50.00;50.00;50.00;4420;1000;0.0;0;1.0000;0;0
600;2014-06-20 04:40:00;172602N232;6;0.002;29;226;226;227;225;0.236;50.00;258.7;0.000;267.9;0.001;0.0;0.000;60;0;0;0.285;0.292;0.133;8;1;7;50.00;50.00;50.00;4391;1000;0.0;0;1.0000;0;0
600;2014-06-20 04:50:00;172602N232;18;0.006;29;226;226;227;224;0.396;50.00;297.2;0.009;322.0;0.013;0.0;0.000;60;0;0;0.435;0.498;0.256;7;0;16;50.00;50.00;50.00;4391;1000;0.0;0;1.0000;0;0
600;2014-06-20 05:00:00;172602N232;29;0.011;29;226;227;228;225;0.487;50.03;327.8;0.022;341.9;0.025;0.0;0.000;60;0;0;0.488;0.624;0.351;5;2;24;50.03;50.03;50.03;4391;1000;0.0;0;1.0000;0;0
600;2014-06-20 05:10:00;172602N232;41;0.017;30;228;228;229;226;0.640;50.00;351.3;0.038;359.0;0.041;0.0;0.000;60;0;0;0.620;0.848;0.452;9;1;32;50.00;50.00;50.00;4391;1000;0.0;0;1.0000;0;0
600;2014-06-20 05:20:00;172602N232;59;0.025;30;227;227;228;226;0.749;50.00;369.1;0.060;373.7;0.062;0.0;0.000;60;0;0;0.774;0.898;0.576;5;11;41;50.00;50.00;50.00;4391;1000;0.0;0;1.0000;0;0
600;2014-06-20 05:30:00;172602N232;81;0.039;30;227;227;228;226;0.909;49.99;382.2;0.088;387.8;0.087;0.0;0.000;60;0;0;0.866;1.127;0.736;14;8;56;49.99;49.99;49.99;4391;1000;0.0;0;1.0000;0;0
600;2014-06-20 05:40:00;172602N232;115;0.059;31;224;224;225;223;0.899;49.99;396.7;0.128;397.9;0.127;0.0;0.000;60;0;0;0.884;1.066;0.748;24;25;64;49.99;49.99;49.99;4391;1000;0.0;0;1.0000;0;0
600;2014-06-20 05:50:00;172602N232;121;0.079;31;225;226;227;224;0.909;50.00;395.7;0.135;400.3;0.133;0.0;0.000;60;0;0;0.871;1.117;0.740;24;25;69;50.00;50.00;50.00;4391;1000;0.0;0;1.0000;0;0
600;2014-06-20 06:00:00;172602N232;229;0.118;31;224;225;227;222;1.071;49.98;418.6;0.264;411.8;0.250;0.0;0.000;60;0;0;1.040;1.296;0.878;53;73;101;49.98;49.98;49.98;4391;1000;0.0;0;1.0000;0;0
600;2014-06-20 06:10:00;172602N232;214;0.153;32;224;224;225;222;0.997;50.00;416.4;0.252;409.6;0.232;0.0;0.000;60;0;0;1.146;1.097;0.748;69;68;76;50.00;50.00;50.00;4391;1000;0.0;0;1.0000;0;0
600;2014-06-20 06:20:00;172602N232;211;0.189;32;223;223;225;222;1.025;49.98;418.2;0.253;391.7;0.234;0.0;0.000;60;0;0;1.077;1.223;0.776;58;69;82;49.98;49.98;49.98;4391;1000;0.0;0;1.0000;0;0
600;2014-06-20 06:30:00;172602N232;166;0.216;32;222;222;223;222;0.975;50.00;409.7;0.187;403.3;0.185;0.0;0.000;60;0;0;0.842;1.276;0.809;31;51;83;50.00;50.00;50.00;4391;1000;0.0;0;1.0000;0;0
600;2014-06-20 06:40:00;172602N232;177;0.247;33;222;222;223;222;0.932;49.99;411.3;0.201;405.1;0.194;0.0;0.000;60;0;0;0.755;1.319;0.722;27;81;67;49.99;49.99;49.99;4391;1000;0.0;0;1.0000;0;0
600;2014-06-20 06:50:00;172602N232;354;0.305;33;223;222;224;222;1.052;50.02;420.2;0.415;416.8;0.389;0.0;0.000;60;0;0;1.099;1.169;0.888;109;126;117;50.02;50.02;50.02;4391;1000;0.0;0;1.0000;0;0
600;2014-06-20 07:00:00;172602N232;712;0.424;33;228;227;230;227;1.080;49.98;435.7;0.840;427.2;0.790;0.0;0.000;60;0;0;1.018;1.126;1.098;222;248;239;49.98;49.98;49.98;4391;1000;0.0;0;1.0000;0;0
600;2014-06-20 07:10:00;172602N232;704;0.542;33;225;225;226;223;1.080;49.98;431.7;0.816;432.6;0.792;0.0;0.000;60;0;0;1.026;1.128;1.087;221;246;234;49.98;49.98;49.98;4391;1000;0.0;0;1.0000;0;0
600;2014-06-20 07:20:00;172602N232;806;0.677;34;224;223;226;223;1.241;49.99;433.1;0.968;438.4;0.867;0.0;0.000;60;0;0;1.184;1.288;1.253;254;281;269;49.99;49.99;49.99;4391;1000;0.0;0;1.0000;0;0
600;2014-06-20 07:30:00;172602N232;867;0.821;34;223;223;225;222;1.327;49.99;431.9;1.049;429.5;0.948;0.0;0.000;60;0;0;1.272;1.369;1.341;274;301;289;49.99;49.99;49.99;4391;1000;0.0;0;1.0000;0;0
600;2014-06-20 07:40:00;172602N232;789;0.953;34;224;224;226;222;1.242;49.99;425.7;0.927;422.4;0.918;0.0;0.000;60;0;0;1.231;1.257;1.238;253;271;263;49.99;49.99;49.99;4391;1000;0.0;0;1.0000;0;0
600;2014-06-20 07:50:00;172602N232;768;1.081;34;224;224;226;223;1.180;50.01;424.8;0.900;416.9;0.912;0.0;0.000;60;0;0;1.125;1.224;1.193;242;268;257;50.01;50.01;50.01;4391;1000;0.0;0;1.0000;0;0
600;2014-06-20 08:00:00;172602N232;665;1.192;34;223;223;225;222;1.032;49.98;422.2;0.780;412.6;0.796;0.0;0.000;60;0;0;0.977;1.078;1.043;208;233;222;49.98;49.98;49.98;4391;1000;0.0;0;1.0000;0;0
600;2014-06-20 08:10:00;172602N232;577;1.289;35;222;222;225;221;0.904;49.99;418.8;0.688;416.8;0.673;0.0;0.000;60;0;0;0.848;0.948;0.918;178;203;194;49.99;49.99;49.99;4391;1000;0.0;0;1.0000;0;0
600;2014-06-20 08:20:00;172602N232;852;1.430;35;223;221;225;222;1.311;49.99;425.2;1.000;419.5;1.004;0.0;0.000;60;0;0;1.251;1.356;1.326;268;296;286;49.99;49.99;49.99;4391;1000;0.0;0;1.0000;0;0
600;2014-06-20 08:30:00;172602N232;1244;1.638;35;223;223;225;222;1.906;50.00;428.7;1.544;432.1;1.348;0.0;0.000;60;0;0;1.851;1.951;1.918;398;428;415;50.00;50.00;50.00;4391;1000;0.0;0;1.0000;0;0
600;2014-06-20 08:40:00;172602N232;1426;1.876;35;224;223;226;222;2.154;50.00;421.0;2.036;426.6;1.334;0.0;0.000;60;0;0;2.098;2.204;2.160;460;491;473;50.00;50.00;50.00;4391;1000;0.0;0;1.0000;0;0
600;2014-06-20 08:50:00;172602N232;1980;2.206;35;226;225;229;224;2.937;50.00;412.2;3.353;433.8;1.398;0.0;0.000;60;0;0;2.876;3.001;2.935;643;681;653;50.00;50.00;50.00;4391;1000;0.0;0;1.0000;0;0
600;2014-06-20 09:00:00;172602N232;1380;2.436;35;225;223;227;223;2.075;49.99;415.4;1.713;420.9;1.597;0.0;0.000;60;0;0;2.010;2.141;2.076;443;478;458;49.99;49.99;49.99;4391;1000;0.0;0;1.0000;0;0
600;2014-06-20 09:10:00;172602N232;1194;2.635;36;224;223;226;221;1.851;49.99;420.1;1.420;412.8;1.446;0.0;0.000;60;0;0;1.818;1.899;1.836;387;412;392;49.99;49.99;49.99;4391;1000;0.0;0;1.0000;0;0
600;2014-06-20 09:20:00;172602N232;1750;2.927;36;223;222;226;220;2.631;49.99;420.6;2.164;428.9;1.975;0.0;0.000;60;0;0;2.570;2.701;2.623;567;606;575;49.99;49.99;49.99;4391;1000;0.0;0;1.0000;0;0
600;2014-06-20 09:30:00;172602N232;2129;3.282;36;223;221;227;221;3.197;49.99;413.1;2.879;423.8;2.256;0.0;0.000;60;0;0;3.105;3.295;3.191;681;744;702;49.99;49.99;49.99;4391;1000;0.0;0;1.0000;0;0
600;2014-06-20 09:40:00;172602N232;1380;3.513;36;223;221;226;221;2.106;50.00;409.0;1.757;416.3;1.595;0.0;0.000;60;0;0;2.023;2.189;2.107;437;482;459;50.00;50.00;50.00;4391;1000;0.0;0;1.0000;0;0
600;2014-06-20 09:50:00;172602N232;1552;3.771;37;223;222;226;221;2.340;49.99;411.0;1.934;417.6;1.828;0.0;0.000;60;0;0;2.269;2.413;2.340;498;539;513;49.99;49.99;49.99;4391;1000;0.0;0;1.0000;0;0
600;2014-06-20 10:00:00;172602N232;1231;3.977;37;223;222;225;221;1.895;50.00;410.0;1.571;415.8;1.417;0.0;0.000;60;0;0;1.852;1.937;1.897;396;424;409;50.00;50.00;50.00;4391;1000;0.0;0;1.0000;0;0
600;2014-06-20 10:10:00;172602N232;2305;4.362;37;226;225;229;223;3.423;49.99;407.8;3.045;398.6;2.744;0.0;0.000;60;0;0;3.382;3.503;3.384;757;797;749;49.99;49.99;49.99;4391;1000;0.0;0;1.0000;0;0
600;2014-06-20 10:20:00;172602N232;1479;4.608;37;225;225;228;223;2.233;49.99;411.5;1.839;405.7;1.803;0.0;0.000;60;0;0;2.189;2.284;2.227;479;511;487;49.99;49.99;49.99;4391;1000;0.0;0;1.0000;0;0
600;2014-06-20 10:30:00;172602N232;1027;4.779;37;225;225;227;223;1.560;49.99;411.9;1.239;399.9;1.290;0.0;0.000;60;0;0;1.515;1.599;1.566;330;354;340;49.99;49.99;49.99;4391;1000;0.0;0;1.0000;0;0
600;2014-06-20 10:40:00;172602N232;1143;4.969;37;225;225;227;224;1.726;50.01;402.8;1.415;404.2;1.415;0.0;0.000;60;0;0;1.677;1.771;1.732;367;394;379;50.01;50.01;50.01;4391;1000;0.0;0;1.0000;0;0
600;2014-06-20 10:50:00;172602N232;188;5.001;37;224;225;224;223;0.953;49.99;377.5;0.233;381.4;0.227;0.0;0.000;60;0;0;1.103;0.933;0.824;33;79;75;49.99;49.99;49.99;4391;1000;0.0;0;1.0000;0;0
600;2014-06-20 11:00:00;172602N232;203;5.035;37;224;225;225;224;0.996;49.98;387.1;0.241;391.0;0.245;0.0;0.000;60;0;0;1.082;1.160;0.747;43;85;73;49.98;49.98;49.98;4391;1000;0.0;0;1.0000;0;0
600;2014-06-20 11:10:00;172602N232;241;5.075;37;225;225;226;224;1.065;50.00;392.5;0.287;396.7;0.287;0.0;0.000;60;0;0;1.062;1.286;0.847;58;91;89;50.00;50.00;50.00;4391;1000;0.0;0;1.0000;0;0
600;2014-06-20 11:20:00;172602N232;304;5.126;36;225;225;227;223;1.144;49.99;402.0;0.359;399.6;0.367;0.0;0.000;60;0;0;1.193;1.308;0.933;86;107;109;49.99;49.99;49.99;4391;1000;0.0;0;1.0000;0;0
600;2014-06-20 11:30:00;172602N232;549;5.218;36;226;226;228;224;0.913;49.99;412.7;0.648;408.0;0.670;0.0;0.000;60;0;0;0.897;0.924;0.918;172;192;184;49.99;49.99;49.99;4391;1000;0.0;0;1.0000;0;0
600;2014-06-20 11:40:00;172602N232;1070;5.397;36;227;227;230;225;1.617;50.01;417.9;1.262;419.1;1.288;0.0;0.000;60;0;0;1.573;1.662;1.618;343;371;354;50.01;50.01;50.01;4391;1000;0.0;0;1.0000;0;0
600;2014-06-20 11:50:00;172602N232;1677;5.676;36;228;228;232;226;2.461;49.99;430.4;1.944;418.4;2.026;0.0;0.000;60;0;0;2.407;2.526;2.451;545;580;550;49.99;49.99;49.99;4391;1000;0.0;0;1.0000;0;0
600;2014-06-20 12:00:00;172602N232;2303;6.060;36;224;223;227;221;3.439;50.00;423.0;2.751;417.2;2.775;0.0;0.000;60;0;0;3.374;3.529;3.416;750;798;753;50.00;50.00;50.00;4391;1000;0.0;0;1.0000;0;0
600;2014-06-20 12:10:00;172602N232;2673;6.506;37;225;224;229;222;3.973;50.00;413.8;3.287;410.1;3.272;0.0;0.000;60;0;0;3.900;4.075;3.946;870;928;873;50.00;50.00;50.00;4391;1000;0.0;0;1.0000;0;0
600;2014-06-20 12:20:00;172602N232;3644;7.113;39;226;224;230;223;5.384;49.99;398.8;4.628;398.4;4.618;0.0;0.000;60;0;0;5.314;5.516;5.322;1192;1268;1183;49.99;49.99;49.99;4391;1000;0.0;0;1.0000;0;0
600;2014-06-20 12:30:00;172602N232;870;7.258;38;222;221;225;221;1.430;50.00;393.8;1.104;389.2;1.102;0.0;0.000;60;0;0;1.362;1.507;1.423;272;305;291;50.00;50.00;50.00;4391;1000;0.0;0;1.0000;0;0
600;2014-06-20 12:40:00;172602N232;398;7.325;38;222;221;223;221;1.154;50.00;393.4;0.489;392.8;0.496;0.0;0.000;60;0;0;1.118;1.245;1.100;116;140;139;50.00;50.00;50.00;4391;1000;0.0;0;1.0000;0;0
600;2014-06-20 12:50:00;172602N232;474;7.404;38;223;223;225;221;1.223;49.98;399.0;0.573;400.5;0.583;0.0;0.000;60;0;0;1.302;1.251;1.118;154;156;163;49.98;49.98;49.98;4391;1000;0.0;0;1.0000;0;0
600;2014-06-20 13:00:00;172602N232;1177;7.600;38;224;224;226;221;1.787;49.99;416.9;1.398;417.2;1.419;0.0;0.000;60;0;0;1.738;1.837;1.788;379;408;388;49.99;49.99;49.99;4391;1000;0.0;0;1.0000;0;0
600;2014-06-20 13:10:00;172602N232;362;7.661;37;224;223;225;222;1.104;49.99;399.4;0.442;403.3;0.423;0.0;0.000;60;0;0;1.085;1.251;0.977;100;127;134;49.99;49.99;49.99;4391;1000;0.0;0;1.0000;0;0
600;2014-06-20 13:20:00;172602N232;820;7.798;37;224;223;226;222;1.343;49.99;418.0;0.962;416.2;0.983;0.0;0.000;60;0;0;1.294;1.396;1.339;259;284;275;49.99;49.99;49.99;4391;1000;0.0;0;1.0000;0;0
600;2014-06-20 13:30:00;172602N232;1597;8.064;37;224;224;226;223;2.415;50.01;428.4;1.861;423.2;1.899;0.0;0.000;60;0;0;2.378;2.452;2.415;522;544;529;50.01;50.01;50.01;4391;1000;0.0;0;1.0000;0;0
600;2014-06-20 13:40:00;172602N232;1521;8.317;37;225;225;227;223;2.301;50.02;421.9;1.805;417.3;1.831;0.0;0.000;60;0;0;2.257;2.344;2.302;492;523;503;50.02;50.02;50.02;4391;1000;0.0;0;1.0000;0;0
600;2014-06-20 13:50:00;172602N232;1168;8.513;37;224;224;226;222;1.772;49.99;412.9;1.418;411.0;1.408;0.0;0.000;60;0;0;1.721;1.822;1.774;376;405;385;49.99;49.99;49.99;4391;1000;0.0;0;1.0000;0;0
600;2014-06-20 14:00:00;172602N232;871;8.657;37;223;223;224;221;1.336;50.00;412.9;1.045;409.4;1.064;0.0;0.000;60;0;0;1.285;1.378;1.347;278;301;290;50.00;50.00;50.00;4391;1000;0.0;0;1.0000;0;0
600;2014-06-20 14:10:00;172602N232;685;8.772;37;224;224;226;222;1.061;50.01;415.2;0.814;407.4;0.830;0.0;0.000;60;0;0;1.004;1.107;1.074;214;240;229;50.01;50.01;50.01;4391;1000;0.0;0;1.0000;0;0
600;2014-06-20 14:20:00;172602N232;372;8.835;37;224;224;226;223;1.004;50.02;400.2;0.453;398.9;0.450;0.0;0.000;60;0;0;1.033;1.055;0.924;115;128;128;50.02;50.02;50.02;4391;1000;0.0;0;1.0000;0;0
600;2014-06-20 14:30:00;172602N232;691;8.949;37;225;223;226;224;1.271;50.02;415.9;0.815;413.6;0.826;0.0;0.000;60;0;0;1.210;1.346;1.257;212;237;240;50.02;50.02;50.02;4391;1000;0.0;0;1.0000;0;0
600;2014-06-20 14:40:00;172602N232;967;9.111;37;224;223;228;222;1.465;50.01;425.9;1.127;422.7;1.138;0.0;0.000;60;0;0;1.403;1.520;1.474;305;340;319;50.01;50.01;50.01;4391;1000;0.0;0;1.0000;0;0
600;2014-06-20 14:50:00;172602N232;1702;9.394;37;223;221;227;221;2.564;50.01;418.5;2.018;420.2;2.044;0.0;0.000;60;0;0;2.487;2.643;2.562;545;595;560;50.01;50.01;50.01;4391;1000;0.0;0;1.0000;0;0
600;2014-06-20 15:00:00;172602N232;492;9.477;37;222;222;223;221;1.017;50.01;396.2;0.596;394.0;0.605;0.0;0.000;60;0;0;0.982;1.106;0.963;147;174;170;50.01;50.01;50.01;4391;1000;0.0;0;1.0000;0;0
600;2014-06-20 15:10:00;172602N232;405;9.545;37;222;222;224;222;1.075;49.99;393.4;0.494;399.8;0.497;0.0;0.000;60;0;0;1.035;1.191;1.001;119;144;140;49.99;49.99;49.99;4391;1000;0.0;0;1.0000;0;0
600;2014-06-20 15:20:00;172602N232;876;9.690;37;223;222;224;222;1.355;49.99;415.9;1.044;413.0;1.060;0.0;0.000;60;0;0;1.310;1.388;1.369;278;301;294;49.99;49.99;49.99;4391;1000;0.0;0;1.0000;0;0
600;2014-06-20 15:30:00;172602N232;1341;9.915;37;224;222;226;222;2.035;49.99;421.4;1.585;420.6;1.606;0.0;0.000;60;0;0;1.975;2.092;2.040;429;465;445;49.99;49.99;49.99;4391;1000;0.0;0;1.0000;0;0
600;2014-06-20 15:40:00;172602N232;1300;10.132;37;223;222;225;221;2.007;49.99;423.9;1.531;415.8;1.572;0.0;0.000;60;0;0;1.963;2.051;2.007;418;449;431;49.99;49.99;49.99;4391;1000;0.0;0;1.0000;0;0
600;2014-06-20 15:50:00;172602N232;1729;10.419;37;223;223;226;222;2.602;49.99;408.1;2.111;414.8;2.115;0.0;0.000;60;0;0;2.542;2.666;2.598;560;596;571;49.99;49.99;49.99;4391;1000;0.0;0;1.0000;0;0
600;2014-06-20 16:00:00;172602N232;1857;10.729;37;224;223;225;223;2.782;49.99;410.3;2.249;413.2;2.287;0.0;0.000;60;0;0;2.727;2.833;2.787;605;633;616;49.99;49.99;49.99;4391;1000;0.0;0;1.0000;0;0
600;2014-06-20 16:10:00;172602N232;1823;11.033;37;223;224;223;223;2.736;50.00;411.8;2.206;412.0;2.244;0.0;0.000;60;0;0;2.706;2.753;2.751;602;609;609;50.00;50.00;50.00;4391;1000;0.0;0;1.0000;0;0
600;2014-06-20 16:20:00;172602N232;1396;11.266;37;223;223;222;223;2.122;49.99;416.0;1.665;410.0;1.719;0.0;0.000;60;0;0;2.086;2.143;2.138;457;469;468;49.99;49.99;49.99;4391;1000;0.0;0;1.0000;0;0
600;2014-06-20 16:30:00;172602N232;977;11.429;38;223;222;223;223;1.490;49.98;421.8;1.151;411.7;1.185;0.0;0.000;60;0;0;1.437;1.522;1.513;312;333;330;49.98;49.98;49.98;4391;1000;0.0;0;1.0000;0;0
600;2014-06-20 16:40:00;172602N232;1042;11.602;38;224;224;224;224;1.594;49.99;418.2;1.238;411.7;1.267;0.0;0.000;60;0;0;1.554;1.619;1.609;336;355;349;49.99;49.99;49.99;4391;1000;0.0;0;1.0000;0;0
600;2014-06-20 16:50:00;172602N232;1052;11.778;38;225;224;225;224;1.597;50.01;419.1;1.246;413.3;1.276;0.0;0.000;60;0;0;1.549;1.627;1.617;338;358;354;50.01;50.01;50.01;4391;1000;0.0;0;1.0000;0;0
600;2014-06-20 17:00:00;172602N232;965;11.939;38;224;224;225;224;1.459;49.99;413.7;1.158;412.0;1.173;0.0;0.000;60;0;0;1.411;1.489;1.478;309;329;325;49.99;49.99;49.99;4391;1000;0.0;0;1.0000;0;0
600;2014-06-20 17:10:00;172602N232;1000;12.106;38;224;223;226;223;1.518;49.99;418.7;1.190;415.1;1.202;0.0;0.000;60;0;0;1.455;1.566;1.535;315;347;336;49.99;49.99;49.99;4391;1000;0.0;0;1.0000;0;0
600;2014-06-20 17:20:00;172602N232;1232;12.312;38;224;222;228;223;1.871;49.99;420.2;1.450;418.4;1.486;0.0;0.000;60;0;0;1.787;1.943;1.884;386;431;413;49.99;49.99;49.99;4391;1000;0.0;0;1.0000;0;0
600;2014-06-20 17:30:00;172602N232;1773;12.607;38;225;224;227;224;2.647;49.99;416.6;2.096;415.4;2.184;0.0;0.000;60;0;0;2.572;2.713;2.658;569;611;591;49.99;49.99;49.99;4391;1000;0.0;0;1.0000;0;0
600;2014-06-20 17:40:00;172602N232;1253;12.817;38;224;224;224;223;1.915;50.00;404.6;1.518;413.1;1.553;0.0;0.000;60;0;0;1.874;1.940;1.933;407;425;419;50.00;50.00;50.00;4391;1000;0.0;0;1.0000;0;0
600;2014-06-20 17:50:00;172602N232;1501;13.067;38;225;226;226;224;2.270;50.04;403.9;1.808;416.1;1.863;0.0;0.000;60;0;0;2.242;2.294;2.275;492;508;499;50.04;50.04;50.04;4391;1000;0.0;0;1.0000;0;0
600;2014-06-20 18:00:00;172602N232;2296;13.448;38;225;223;228;223;3.415;50.01;402.5;2.804;418.7;2.828;0.0;0.000;60;0;0;3.321;3.522;3.402;738;801;754;50.01;50.01;50.01;4391;1000;0.0;0;1.0000;0;0
600;2014-06-20 18:10:00;172602N232;2350;13.841;38;224;223;228;221;3.510;50.00;389.6;2.943;417.4;2.910;0.0;0.000;60;0;0;3.427;3.622;3.482;760;822;766;50.00;50.00;50.00;4391;1000;0.0;0;1.0000;0;0
600;2014-06-20 18:20:00;172602N232;2739;14.298;38;225;224;230;220;4.061;49.99;383.1;3.534;418.4;3.386;0.0;0.000;60;0;0;3.965;4.214;4.006;883;971;882;49.99;49.99;49.99;4391;1000;0.0;0;1.0000;0;0
600;2014-06-20 18:30:00;172602N232;2685;14.746;38;224;222;230;220;3.996;50.00;376.9;3.515;397.6;3.500;0.0;0.000;60;0;0;3.888;4.152;3.950;861;954;869;50.00;50.00;50.00;4391;1000;0.0;0;1.0000;0;0
600;2014-06-20 18:40:00;172602N232;2242;15.119;38;224;224;229;220;3.341;49.98;383.0;2.850;399.9;2.928;0.0;0.000;60;0;0;3.268;3.469;3.287;727;792;721;49.98;49.98;49.98;4391;1000;0.0;0;1.0000;0;0
600;2014-06-20 18:50:00;172602N232;2019;15.456;39;224;222;229;222;3.012;50.01;372.4;2.632;402.8;2.620;0.0;0.000;60;0;0;2.918;3.111;3.009;646;706;666;50.01;50.01;50.01;4391;1000;0.0;0;1.0000;0;0
600;2014-06-20 19:00:00;172602N232;1911;15.774;39;225;224;228;222;2.847;50.00;367.8;2.490;403.3;2.509;0.0;0.000;60;0;0;2.776;2.924;2.841;618;663;628;50.00;50.00;50.00;4391;1000;0.0;0;1.0000;0;0
600;2014-06-20 19:10:00;172602N232;1896;16.091;39;226;225;230;223;2.811;50.00;365.2;2.455;406.6;2.500;0.0;0.000;60;0;0;2.744;2.898;2.792;614;662;619;50.00;50.00;50.00;4391;1000;0.0;0;1.0000;0;0
600;2014-06-20 19:20:00;172602N232;934;16.247;38;224;223;226;222;1.419;50.00;358.1;1.217;399.5;1.245;0.0;0.000;60;0;0;1.359;1.473;1.426;296;327;310;50.00;50.00;50.00;4391;1000;0.0;0;1.0000;0;0
600;2014-06-20 19:30:00;172602N232;347;16.304;38;223;223;224;222;1.108;50.00;388.7;0.418;402.2;0.431;0.0;0.000;60;0;0;1.186;1.163;0.976;103;127;115;50.00;50.00;50.00;4391;1000;0.0;0;1.0000;0;0
600;2014-06-20 19:40:00;172602N232;367;16.367;38;224;224;225;222;1.163;49.99;390.4;0.440;408.1;0.451;0.0;0.000;60;0;0;1.252;1.183;1.056;103;137;125;50.00;50.00;50.00;4391;1000;0.0;0;1.0000;0;0
600;2014-06-20 19:50:00;172602N232;379;16.430;37;224;224;226;223;1.192;49.98;405.8;0.444;409.3;0.457;0.0;0.000;60;0;0;1.192;1.264;1.120;101;136;140;49.98;49.98;49.98;4391;1000;0.0;0;1.0000;0;0
600;2014-06-20 20:00:00;172602N232;606;16.531;37;224;224;225;222;1.297;50.01;429.1;0.517;411.1;0.909;0.0;0.000;60;0;0;1.414;1.254;1.225;191;205;208;50.01;50.01;50.01;4391;1000;0.0;0;1.0000;0;0
600;2014-06-20 20:10:00;172602N232;695;16.647;37;224;224;225;223;1.063;50.01;429.4;0.673;406.7;0.984;0.0;0.000;60;0;0;1.007;1.103;1.081;218;241;234;50.01;50.01;50.01;4391;1000;0.0;0;1.0000;0;0
600;2014-06-20 20:20:00;172602N232;510;16.731;37;224;225;225;224;0.954;50.01;428.4;0.489;404.0;0.722;0.0;0.000;60;0;0;0.943;0.966;0.955;162;178;169;50.01;50.01;50.01;4391;1000;0.0;0;1.0000;0;0
600;2014-06-20 20:30:00;172602N232;366;16.792;36;224;225;224;222;1.147;50.00;417.8;0.300;395.5;0.578;0.0;0.000;60;0;0;1.220;1.169;1.054;104;143;118;50.00;50.00;50.00;4391;1000;0.0;0;1.0000;0;0
600;2014-06-20 20:40:00;172602N232;197;16.826;36;223;226;224;220;1.039;50.00;400.9;0.189;364.6;0.300;0.0;0.000;60;0;0;1.338;0.985;0.795;25;92;82;50.00;50.00;50.00;4391;1000;0.0;0;1.0000;0;0
600;2014-06-20 20:50:00;172602N232;85;16.840;36;223;226;223;221;0.967;49.97;370.6;0.093;381.2;0.098;0.0;0.000;60;0;0;1.484;0.704;0.715;0;56;53;49.97;49.97;49.97;4391;1000;0.0;0;1.0000;0;0
600;2014-06-20 21:00:00;172602N232;78;16.854;36;224;226;225;220;0.968;49.99;367.3;0.084;385.1;0.087;0.0;0.000;60;0;0;1.430;0.758;0.718;0;45;53;49.99;49.99;49.99;4391;1000;0.0;0;1.0000;0;0
600;2014-06-20 21:10:00;172602N232;80;16.868;35;225;226;226;223;0.956;50.00;368.9;0.086;382.2;0.091;0.0;0.000;60;0;0;1.388;0.752;0.728;0;44;52;50.00;50.00;50.00;4391;1000;0.0;0;1.0000;0;0
600;2014-06-20 21:20:00;172602N232;61;16.878;35;224;224;226;222;0.882;49.99;358.0;0.064;376.8;0.068;0.0;0.000;60;0;0;0.909;1.066;0.672;9;9;48;49.99;49.99;49.99;4391;1000;0.0;0;1.0000;0;0
600;2014-06-20 21:30:00;172602N232;43;16.886;35;224;224;225;222;0.740;50.01;340.2;0.041;364.3;0.044;0.0;0.000;60;0;0;0.818;0.833;0.571;2;12;39;50.01;50.01;50.01;4391;1000;0.0;0;1.0000;0;0
600;2014-06-20 21:40:00;172602N232;16;16.889;34;223;225;223;223;0.403;50.01;282.9;0.008;298.2;0.012;0.0;0.000;60;0;0;0.551;0.320;0.339;0;20;18;50.01;50.01;50.01;4391;1000;0.0;0;1.0000;0;0
600;2014-06-20 21:50:00;172602N232;0;16.888;34;223;224;224;221;0.048;49.99;274.8;0.000;274.4;0.000;0.0;0.000;51;0;0;0.051;0.047;0.047;0;2;2;49.99;49.99;49.99;6453;1000;0.0;0;1.0000;0;0
600;2014-06-20 22:00:00;172602N232;0;16.888;33;223;223;225;219;0.000;50.01;243.6;0.000;244.5;0.000;0.0;0.000;51;0;0;0.000;0.000;0.000;0;0;0;50.01;50.01;50.01;13166;1000;0.0;0;1.0000;0;0
600;2014-06-20 22:10:00;172602N232;0;16.888;32;223;223;225;221;0.000;50.00;229.0;0.000;230.0;0.000;0.0;0.000;51;0;0;0.000;0.000;0.000;0;0;0;50.00;50.00;50.00;13166;1000;0.0;0;1.0000;0;0
600;2014-06-20 22:20:00;172602N232;0;16.888;31;223;224;225;221;0.000;49.99;227.6;0.000;228.6;0.000;0.0;0.000;51;0;0;0.000;0.000;0.000;0;0;0;49.99;49.99;49.99;13166;1000;0.0;0;1.0000;0;0
[wr_ende]
