20150420;230003;172602N232;My Plant;+0100
[wr_def_start]
172602N232;Inverter Type;Inverter Group;72602N232      
[wr_def_end]
[wr]
INTERVAL;TIMESTAMP;SERIAL;P_AC;E_DAY;T_WR;U_AC;U_AC_1;U_AC_2;U_AC_3;I_AC;F_AC;U_DC_1;I_DC_1;U_DC_2;I_DC_2;U_DC_3;I_DC_3;S;E_WR;M_WR;I_AC_1;I_AC_2;I_AC_3;P_AC_1;P_AC_2;P_AC_3;F_AC_1;F_AC_2;F_AC_3;R_DC;PC;PCS;PCS_LL;COS_PHI;COS_PHI_LL;S_COS_PHI
600;2015-04-20 05:10:00;172602N232;0;0.000;0;5;5;5;5;0.000;1.21;5.5;0.000;5.5;0.000;0.0;0.000;50;0;0;0.000;0.000;0.000;0;0;0;1.21;1.21;1.21;95;1000;0.0;0;1.0000;0;0
600;2015-04-20 05:20:00;172602N232;0;0.000;22;223;224;226;221;0.000;49.98;228.2;0.000;229.1;0.000;0.0;0.000;50;0;0;0.000;0.000;0.000;0;0;0;49.98;49.98;49.98;0;1000;0.0;0;1.0000;0;0
600;2015-04-20 05:30:00;172602N232;0;0.000;24;224;223;227;221;0.000;49.97;234.6;0.000;235.5;0.000;0.0;0.000;50;0;0;0.000;0.000;0.000;0;0;0;49.97;49.97;49.97;0;1000;0.0;0;1.0000;0;0
600;2015-04-20 05:40:00;172602N232;0;0.000;24;222;223;224;220;0.002;49.99;277.7;0.000;277.5;0.000;0.0;0.000;60;0;0;0.003;0.002;0.001;0;0;0;49.99;49.99;49.99;2404;1000;0.0;0;1.0000;0;0
600;2015-04-20 05:50:00;172602N232;6;0.001;25;223;223;225;221;0.201;50.00;285.0;0.000;298.8;0.001;0.0;0.000;60;0;0;0.238;0.243;0.123;4;0;7;50.00;50.00;50.00;4711;1000;0.0;0;1.0000;0;0
600;2015-04-20 06:00:00;172602N232;28;0.006;25;223;223;224;221;0.532;50.00;345.1;0.017;361.8;0.021;0.0;0.000;60;0;0;0.572;0.662;0.364;5;2;25;50.00;50.00;50.00;4739;1000;0.0;0;1.0000;0;0
600;2015-04-20 06:10:00;172602N232;48;0.013;26;222;222;223;221;0.647;49.99;378.9;0.040;387.9;0.043;0.0;0.000;60;0;0;0.684;0.797;0.460;8;8;33;49.99;49.99;49.99;4739;1000;0.0;0;1.0000;0;0
600;2015-04-20 06:20:00;172602N232;60;0.023;26;221;222;223;219;0.757;49.99;392.9;0.054;394.8;0.057;0.0;0.000;60;0;0;0.767;0.939;0.565;8;9;42;49.99;49.99;49.99;4739;1000;0.0;0;1.0000;0;0
600;2015-04-20 06:30:00;172602N232;83;0.037;26;220;221;221;220;0.876;49.99;404.7;0.081;405.0;0.085;0.0;0.000;60;0;0;0.952;0.973;0.703;6;23;53;49.99;49.99;49.99;4739;1000;0.0;0;1.0000;0;0
600;2015-04-20 06:40:00;172602N232;107;0.055;27;223;223;224;223;0.901;50.06;415.8;0.108;412.1;0.113;0.0;0.000;60;0;0;0.957;1.005;0.741;13;33;59;50.06;50.06;50.06;4739;1000;0.0;0;1.0000;0;0
600;2015-04-20 06:50:00;172602N232;130;0.077;27;224;224;224;223;0.940;50.02;421.1;0.134;416.9;0.138;0.0;0.000;60;0;0;1.072;0.954;0.796;15;50;63;50.02;50.02;50.02;4739;1000;0.0;0;1.0000;0;0
600;2015-04-20 07:00:00;172602N232;147;0.102;27;224;224;226;223;0.946;49.99;414.1;0.157;419.2;0.157;0.0;0.000;60;0;0;0.891;1.228;0.721;20;52;72;49.99;49.99;49.99;4739;1000;0.0;0;1.0000;0;0
600;2015-04-20 07:10:00;172602N232;161;0.129;28;226;225;228;225;1.068;49.99;416.5;0.174;424.9;0.171;0.0;0.000;60;0;0;1.147;1.294;0.763;49;47;64;49.99;49.99;49.99;4739;1000;0.0;0;1.0000;0;0
600;2015-04-20 07:20:00;172602N232;178;0.159;28;226;225;227;225;0.988;50.00;430.1;0.188;427.7;0.187;0.0;0.000;60;0;0;0.882;1.345;0.738;39;67;70;50.00;50.00;50.00;4739;1000;0.0;0;1.0000;0;0
600;2015-04-20 07:30:00;172602N232;200;0.192;29;225;225;226;225;1.030;49.99;432.2;0.214;428.7;0.211;0.0;0.000;60;0;0;1.189;1.172;0.731;51;77;71;49.99;49.99;49.99;4739;1000;0.0;0;1.0000;0;0
600;2015-04-20 07:40:00;172602N232;209;0.227;29;225;224;226;224;1.050;50.03;433.7;0.225;425.6;0.221;0.0;0.000;60;0;0;1.185;1.245;0.721;63;77;67;50.03;50.03;50.03;4739;1000;0.0;0;1.0000;0;0
600;2015-04-20 07:50:00;172602N232;211;0.262;29;225;225;227;224;1.068;50.01;442.4;0.227;426.3;0.219;0.0;0.000;60;0;0;1.175;1.318;0.711;60;76;73;50.01;50.01;50.01;4739;1000;0.0;0;1.0000;0;0
600;2015-04-20 08:00:00;172602N232;228;0.301;29;225;224;226;224;1.058;50.01;449.9;0.246;435.4;0.229;0.0;0.000;60;0;0;1.130;1.262;0.783;62;89;75;50.01;50.01;50.01;4739;1000;0.0;0;1.0000;0;0
600;2015-04-20 08:10:00;172602N232;274;0.347;30;224;224;227;222;1.167;50.00;453.0;0.297;449.0;0.270;0.0;0.000;60;0;0;1.142;1.380;0.979;75;87;110;50.00;50.00;50.00;4739;1000;0.0;0;1.0000;0;0
600;2015-04-20 08:20:00;172602N232;283;0.394;30;224;225;226;222;1.171;50.01;464.8;0.300;462.6;0.270;0.0;0.000;60;0;0;1.273;1.326;0.915;74;102;105;50.01;50.01;50.01;4739;1000;0.0;0;1.0000;0;0
600;2015-04-20 08:30:00;172602N232;359;0.454;30;225;224;227;224;1.148;50.02;475.3;0.434;474.8;0.290;0.0;0.000;60;0;0;1.155;1.299;0.990;112;119;125;50.02;50.02;50.02;4739;1000;0.0;0;1.0000;0;0
600;2015-04-20 08:40:00;172602N232;773;0.583;30;226;226;228;225;1.176;50.02;388.2;1.531;438.3;0.406;0.0;0.000;60;0;0;1.122;1.221;1.185;244;269;257;50.02;50.02;50.02;4739;1000;0.0;0;1.0000;0;0
600;2015-04-20 08:50:00;172602N232;1143;0.774;30;226;226;228;225;1.744;50.02;421.4;2.097;420.1;0.630;0.0;0.000;60;0;0;1.703;1.782;1.748;368;393;380;50.02;50.02;50.02;4739;1000;0.0;0;1.0000;0;0
600;2015-04-20 09:00:00;172602N232;1514;1.027;31;226;225;229;224;2.257;50.01;431.4;2.610;406.7;0.966;0.0;0.000;60;0;0;2.191;2.324;2.256;487;526;499;50.01;50.01;50.01;4739;1000;0.0;0;1.0000;0;0
600;2015-04-20 09:10:00;172602N232;1883;1.340;31;227;226;230;224;2.783;50.01;420.6;3.106;412.2;1.432;0.0;0.000;60;0;0;2.714;2.870;2.766;609;657;616;50.01;50.01;50.01;4739;1000;0.0;0;1.0000;0;0
600;2015-04-20 09:20:00;172602N232;2172;1.701;32;226;225;230;224;3.210;50.00;412.5;3.340;391.7;2.091;0.0;0.000;60;0;0;3.135;3.302;3.194;702;756;712;50.00;50.00;50.00;4739;1000;0.0;0;1.0000;0;0
600;2015-04-20 09:30:00;172602N232;2551;2.127;32;226;224;230;224;3.774;50.02;409.0;3.598;399.1;2.770;0.0;0.000;60;0;0;3.673;3.875;3.774;819;888;842;50.02;50.02;50.02;4739;1000;0.0;0;1.0000;0;0
600;2015-04-20 09:40:00;172602N232;2781;2.591;34;226;225;230;224;4.109;49.98;405.6;3.750;419.1;3.078;0.0;0.000;60;0;0;4.032;4.209;4.086;903;964;912;49.98;49.98;49.98;4739;1000;0.0;0;1.0000;0;0
600;2015-04-20 09:50:00;172602N232;2911;3.076;36;226;225;229;224;4.306;50.01;402.7;3.794;415.6;3.406;0.0;0.000;60;0;0;4.222;4.402;4.295;945;1006;957;50.01;50.01;50.01;4739;1000;0.0;0;1.0000;0;0
600;2015-04-20 10:00:00;172602N232;3208;3.611;37;226;225;229;224;4.737;50.02;399.4;4.162;408.3;3.892;0.0;0.000;60;0;0;4.662;4.836;4.715;1046;1107;1052;50.02;50.02;50.02;4739;1000;0.0;0;1.0000;0;0
600;2015-04-20 10:10:00;172602N232;3434;4.184;38;227;225;230;224;5.059;50.00;394.8;4.435;393.3;4.401;0.0;0.000;60;0;0;4.987;5.165;5.025;1120;1187;1125;50.00;50.00;50.00;4739;1000;0.0;0;1.0000;0;0
600;2015-04-20 10:20:00;172602N232;3498;4.767;37;227;225;231;224;5.145;50.01;392.2;4.534;392.3;4.513;0.0;0.000;60;0;0;5.058;5.271;5.106;1136;1217;1143;50.01;50.01;50.01;4739;1000;0.0;0;1.0000;0;0
600;2015-04-20 10:30:00;172602N232;3706;5.384;38;227;225;231;225;5.444;50.01;389.1;4.841;389.3;4.821;0.0;0.000;60;0;0;5.351;5.570;5.411;1203;1285;1216;50.01;50.01;50.01;4739;1000;0.0;0;1.0000;0;0
600;2015-04-20 10:40:00;172602N232;3828;6.022;38;227;226;231;225;5.615;49.99;386.0;5.047;385.8;5.025;0.0;0.000;60;0;0;5.557;5.710;5.579;1256;1315;1255;49.99;49.99;49.99;4739;1000;0.0;0;1.0000;0;0
600;2015-04-20 10:50:00;172602N232;3814;6.659;39;227;227;231;225;5.591;49.99;384.8;5.041;384.9;5.021;0.0;0.000;60;0;0;5.543;5.701;5.530;1255;1314;1242;49.99;49.99;49.99;4739;1000;0.0;0;1.0000;0;0
600;2015-04-20 11:00:00;172602N232;4037;7.331;40;227;227;230;225;5.920;50.01;381.1;5.389;381.5;5.368;0.0;0.000;60;0;0;5.860;6.032;5.868;1327;1388;1320;50.01;50.01;50.01;4739;1000;0.0;0;1.0000;0;0
600;2015-04-20 11:10:00;172602N232;4098;8.014;40;228;227;232;224;6.003;50.00;380.1;5.497;379.2;5.474;0.0;0.000;60;0;0;5.948;6.147;5.916;1349;1423;1324;50.00;50.00;50.00;4739;1000;0.0;0;1.0000;0;0
600;2015-04-20 11:20:00;172602N232;4065;8.691;40;228;227;232;225;5.940;50.00;377.7;5.483;377.3;5.462;0.0;0.000;60;0;0;5.875;6.071;5.874;1333;1408;1322;50.00;50.00;50.00;4739;1000;0.0;0;1.0000;0;0
600;2015-04-20 11:30:00;172602N232;4188;9.390;40;228;228;232;225;6.118;50.01;376.9;5.662;376.7;5.639;0.0;0.000;60;0;0;6.062;6.266;6.027;1378;1455;1353;50.01;50.01;50.01;4739;1000;0.0;0;1.0000;0;0
600;2015-04-20 11:40:00;172602N232;4277;10.104;41;229;228;233;226;6.231;49.99;375.8;5.799;375.8;5.776;0.0;0.000;60;0;0;6.169;6.367;6.157;1405;1481;1389;49.99;49.99;49.99;4739;1000;0.0;0;1.0000;0;0
600;2015-04-20 11:50:00;172602N232;4341;10.828;41;229;228;233;226;6.320;50.01;372.8;5.934;373.0;5.911;0.0;0.000;60;0;0;6.242;6.455;6.264;1421;1503;1415;50.01;50.01;50.01;4739;1000;0.0;0;1.0000;0;0
600;2015-04-20 12:00:00;172602N232;4465;11.571;41;229;228;233;225;6.503;50.04;370.2;6.149;370.6;6.122;0.0;0.000;60;0;0;6.440;6.639;6.431;1467;1548;1449;50.04;50.04;50.04;4739;1000;0.0;0;1.0000;0;0
600;2015-04-20 12:10:00;172602N232;4493;12.319;41;228;227;232;225;6.565;50.00;369.5;6.202;369.6;6.175;0.0;0.000;60;0;0;6.500;6.714;6.483;1476;1557;1458;50.00;50.00;50.00;4739;1000;0.0;0;1.0000;0;0
600;2015-04-20 12:20:00;172602N232;4509;13.072;41;228;227;233;225;6.578;50.02;370.4;6.221;369.0;6.192;0.0;0.000;60;0;0;6.509;6.723;6.504;1478;1563;1466;50.02;50.02;50.02;4739;1000;0.0;0;1.0000;0;0
600;2015-04-20 12:30:00;172602N232;4025;13.743;41;228;227;232;225;5.888;50.05;372.7;5.514;370.8;5.492;0.0;0.000;60;0;0;5.830;6.008;5.827;1323;1393;1308;50.05;50.05;50.05;4739;1000;0.0;0;1.0000;0;0
600;2015-04-20 12:40:00;172602N232;4407;14.477;42;228;227;232;224;6.444;49.99;372.9;6.035;371.9;6.007;0.0;0.000;60;0;0;6.384;6.615;6.333;1449;1535;1420;49.99;49.99;49.99;4739;1000;0.0;0;1.0000;0;0
600;2015-04-20 12:50:00;172602N232;4506;15.228;42;228;227;232;224;6.598;49.99;369.5;6.230;368.7;6.198;0.0;0.000;60;0;0;6.540;6.773;6.482;1483;1569;1451;49.99;49.99;49.99;4739;1000;0.0;0;1.0000;0;0
600;2015-04-20 13:00:00;172602N232;4496;15.977;42;228;227;232;225;6.580;50.01;369.4;6.228;367.3;6.200;0.0;0.000;60;0;0;6.510;6.729;6.502;1474;1559;1461;50.01;50.01;50.01;4739;1000;0.0;0;1.0000;0;0
600;2015-04-20 13:10:00;172602N232;4510;16.729;42;228;227;232;225;6.595;49.98;371.8;6.211;368.9;6.181;0.0;0.000;60;0;0;6.533;6.765;6.487;1481;1571;1455;49.98;49.98;49.98;4739;1000;0.0;0;1.0000;0;0
600;2015-04-20 13:20:00;172602N232;4428;17.468;42;228;227;232;225;6.472;50.01;370.9;6.106;369.0;6.074;0.0;0.000;60;0;0;6.408;6.631;6.377;1455;1541;1430;50.01;50.01;50.01;4739;1000;0.0;0;1.0000;0;0
600;2015-04-20 13:30:00;172602N232;4150;18.159;42;228;227;231;225;6.075;50.01;369.9;5.718;370.2;5.689;0.0;0.000;60;0;0;6.024;6.207;5.994;1367;1435;1345;50.01;50.01;50.01;4739;1000;0.0;0;1.0000;0;0
600;2015-04-20 13:40:00;172602N232;4201;18.861;42;228;227;232;225;6.142;49.96;371.0;5.771;371.5;5.740;0.0;0.000;60;0;0;6.095;6.282;6.049;1382;1459;1357;49.96;49.96;49.96;4739;1000;0.0;0;1.0000;0;0
600;2015-04-20 13:50:00;172602N232;4370;19.588;42;228;228;233;225;6.377;49.97;367.1;6.067;368.0;6.036;0.0;0.000;60;0;0;6.338;6.513;6.280;1442;1515;1412;49.97;49.97;49.97;4739;1000;0.0;0;1.0000;0;0
600;2015-04-20 14:00:00;172602N232;4260;20.298;42;228;227;232;226;6.219;49.99;365.7;5.934;367.1;5.902;0.0;0.000;60;0;0;6.160;6.350;6.149;1398;1474;1386;49.99;49.99;49.99;4739;1000;0.0;0;1.0000;0;0
600;2015-04-20 14:10:00;172602N232;4491;21.047;43;229;228;232;226;6.548;49.99;368.7;6.226;367.8;6.192;0.0;0.000;60;0;0;6.484;6.675;6.485;1475;1550;1465;49.99;49.99;49.99;4739;1000;0.0;0;1.0000;0;0
600;2015-04-20 14:20:00;172602N232;4429;21.785;43;229;228;232;226;6.451;50.01;369.9;6.126;367.9;6.094;0.0;0.000;60;0;0;6.375;6.583;6.397;1452;1530;1445;50.01;50.01;50.01;4739;1000;0.0;0;1.0000;0;0
600;2015-04-20 14:30:00;172602N232;4284;22.499;43;229;228;234;226;6.229;50.02;369.6;5.921;368.7;5.889;0.0;0.000;60;0;0;6.145;6.373;6.171;1399;1489;1395;50.02;50.02;50.02;4739;1000;0.0;0;1.0000;0;0
600;2015-04-20 14:40:00;172602N232;3944;23.157;43;229;228;233;227;5.735;49.99;369.7;5.445;368.9;5.415;0.0;0.000;60;0;0;5.673;5.864;5.670;1292;1367;1283;49.99;49.99;49.99;4739;1000;0.0;0;1.0000;0;0
600;2015-04-20 14:50:00;172602N232;3970;23.819;43;229;228;234;226;5.769;49.99;373.7;5.418;373.3;5.386;0.0;0.000;60;0;0;5.701;5.906;5.702;1298;1380;1290;49.99;49.99;49.99;4739;1000;0.0;0;1.0000;0;0
600;2015-04-20 15:00:00;172602N232;3971;24.481;43;230;229;235;226;5.759;50.00;370.4;5.460;371.2;5.429;0.0;0.000;60;0;0;5.683;5.917;5.677;1298;1388;1284;50.00;50.00;50.00;4739;1000;0.0;0;1.0000;0;0
600;2015-04-20 15:10:00;172602N232;3527;25.069;43;230;228;234;227;5.123;49.98;376.4;4.770;376.4;4.743;0.0;0.000;60;0;0;5.056;5.239;5.076;1152;1223;1149;49.98;49.98;49.98;4739;1000;0.0;0;1.0000;0;0
600;2015-04-20 15:20:00;172602N232;4036;25.742;43;228;226;233;225;5.902;49.99;373.2;5.512;373.3;5.483;0.0;0.000;60;0;0;5.818;6.049;5.840;1316;1407;1311;49.99;49.99;49.99;4739;1000;0.0;0;1.0000;0;0
600;2015-04-20 15:30:00;172602N232;3390;26.308;43;228;227;232;225;4.966;50.01;376.1;4.585;376.2;4.562;0.0;0.000;60;0;0;4.890;5.080;4.930;1106;1176;1106;50.01;50.01;50.01;4739;1000;0.0;0;1.0000;0;0
600;2015-04-20 15:40:00;172602N232;3660;26.918;43;228;227;232;225;5.351;50.00;381.2;4.893;380.3;4.867;0.0;0.000;60;0;0;5.288;5.469;5.298;1201;1267;1190;50.00;50.00;50.00;4739;1000;0.0;0;1.0000;0;0
600;2015-04-20 15:50:00;172602N232;3386;27.482;43;228;227;231;225;4.964;49.99;382.1;4.511;381.3;4.487;0.0;0.000;60;0;0;4.901;5.055;4.937;1111;1164;1109;49.99;49.99;49.99;4739;1000;0.0;0;1.0000;0;0
600;2015-04-20 16:00:00;172602N232;3228;28.021;43;226;226;230;224;4.759;49.99;383.2;4.280;382.6;4.264;0.0;0.000;60;0;0;4.694;4.859;4.725;1058;1114;1055;49.99;49.99;49.99;4739;1000;0.0;0;1.0000;0;0
600;2015-04-20 16:10:00;172602N232;3258;28.563;43;226;226;229;224;4.802;50.00;385.4;4.302;384.0;4.282;0.0;0.000;60;0;0;4.752;4.884;4.772;1074;1116;1066;50.00;50.00;50.00;4739;1000;0.0;0;1.0000;0;0
600;2015-04-20 16:20:00;172602N232;3084;29.078;43;226;226;230;224;4.550;49.99;391.6;3.992;385.4;4.048;0.0;0.000;60;0;0;4.499;4.644;4.509;1013;1064;1005;49.99;49.99;49.99;4739;1000;0.0;0;1.0000;0;0
600;2015-04-20 16:30:00;172602N232;3017;29.581;43;226;226;229;224;4.457;50.00;395.3;3.818;387.4;3.991;0.0;0.000;60;0;0;4.410;4.528;4.434;994;1033;989;50.00;50.00;50.00;4739;1000;0.0;0;1.0000;0;0
600;2015-04-20 16:40:00;172602N232;2740;30.038;43;226;225;228;224;4.059;50.01;382.1;3.596;390.8;3.576;0.0;0.000;60;0;0;3.985;4.138;4.055;892;943;903;50.01;50.01;50.01;4739;1000;0.0;0;1.0000;0;0
600;2015-04-20 16:50:00;172602N232;2935;30.526;43;225;223;229;223;4.361;50.00;383.9;3.835;392.5;3.819;0.0;0.000;60;0;0;4.279;4.464;4.340;953;1018;962;50.00;50.00;50.00;4739;1000;0.0;0;1.0000;0;0
600;2015-04-20 17:00:00;172602N232;2777;30.989;43;224;223;228;221;4.140;49.99;382.7;3.639;390.8;3.624;0.0;0.000;60;0;0;4.068;4.253;4.100;902;969;904;49.99;49.99;49.99;4739;1000;0.0;0;1.0000;0;0
600;2015-04-20 17:10:00;172602N232;2380;31.386;43;224;223;229;220;3.557;49.99;384.2;3.104;393.0;3.087;0.0;0.000;60;0;0;3.494;3.676;3.501;775;836;767;49.99;49.99;49.99;4739;1000;0.0;0;1.0000;0;0
600;2015-04-20 17:20:00;172602N232;2262;31.764;43;224;223;227;220;3.385;50.00;388.0;2.939;406.8;2.808;0.0;0.000;60;0;0;3.331;3.482;3.344;740;787;734;50.00;50.00;50.00;4739;1000;0.0;0;1.0000;0;0
600;2015-04-20 17:30:00;172602N232;2178;32.127;43;224;225;225;220;3.268;50.00;389.2;2.841;394.0;2.774;0.0;0.000;60;0;0;3.251;3.325;3.229;726;744;706;50.00;50.00;50.00;4739;1000;0.0;0;1.0000;0;0
600;2015-04-20 17:40:00;172602N232;1869;32.438;43;224;225;225;222;2.799;50.02;390.7;2.418;389.0;2.413;0.0;0.000;60;0;0;2.769;2.836;2.794;619;632;616;50.02;50.02;50.02;4739;1000;0.0;0;1.0000;0;0
600;2015-04-20 17:50:00;172602N232;1781;32.735;42;224;225;226;222;2.663;49.99;398.6;2.231;391.4;2.311;0.0;0.000;60;0;0;2.627;2.717;2.645;587;610;582;49.99;49.99;49.99;4739;1000;0.0;0;1.0000;0;0
600;2015-04-20 18:00:00;172602N232;1734;33.025;42;224;224;226;221;2.599;49.97;382.6;2.257;392.3;2.251;0.0;0.000;60;0;0;2.552;2.661;2.584;567;597;567;49.97;49.97;49.97;4739;1000;0.0;0;1.0000;0;0
600;2015-04-20 18:10:00;172602N232;1552;33.284;42;224;224;226;222;2.335;50.00;382.7;2.017;392.7;2.010;0.0;0.000;60;0;0;2.283;2.389;2.335;504;534;513;50.00;50.00;50.00;4739;1000;0.0;0;1.0000;0;0
600;2015-04-20 18:20:00;172602N232;1169;33.478;42;224;222;227;223;1.798;49.99;383.0;1.515;392.8;1.509;0.0;0.000;60;0;0;1.723;1.868;1.805;369;409;390;49.99;49.99;49.99;4739;1000;0.0;0;1.0000;0;0
600;2015-04-20 18:30:00;172602N232;1003;33.646;42;224;222;227;222;1.522;49.99;389.2;1.271;394.4;1.291;0.0;0.000;60;0;0;1.457;1.575;1.536;315;351;335;49.99;49.99;49.99;4739;1000;0.0;0;1.0000;0;0
600;2015-04-20 18:40:00;172602N232;832;33.785;41;224;222;227;222;1.268;50.03;373.8;1.050;396.3;1.104;0.0;0.000;60;0;0;1.206;1.316;1.284;260;292;278;50.03;50.03;50.03;4739;1000;0.0;0;1.0000;0;0
600;2015-04-20 18:50:00;172602N232;606;33.886;41;223;222;225;223;0.941;50.00;346.9;0.731;396.8;0.885;0.0;0.000;60;0;0;0.879;0.985;0.960;186;213;205;50.00;50.00;50.00;4739;1000;0.0;0;1.0000;0;0
600;2015-04-20 19:00:00;172602N232;442;33.959;41;223;223;222;223;0.992;49.99;322.0;0.517;394.4;0.700;0.0;0.000;60;0;0;1.007;1.011;0.959;134;168;139;49.99;49.99;49.99;4739;1000;0.0;0;1.0000;0;0
600;2015-04-20 19:10:00;172602N232;289;34.008;41;223;224;223;223;1.124;49.99;378.1;0.320;392.2;0.400;0.0;0.000;60;0;0;1.228;1.172;0.974;75;120;91;49.99;49.99;49.99;4739;1000;0.0;0;1.0000;0;0
600;2015-04-20 19:20:00;172602N232;210;34.042;40;223;223;224;222;0.979;49.99;368.0;0.253;388.5;0.270;0.0;0.000;60;0;0;1.159;0.960;0.818;54;76;78;49.99;49.99;49.99;4739;1000;0.0;0;1.0000;0;0
600;2015-04-20 19:30:00;172602N232;154;34.069;40;223;224;223;222;1.047;49.98;359.8;0.191;388.4;0.190;0.0;0.000;60;0;0;1.441;0.914;0.787;19;90;46;49.98;49.98;49.98;4739;1000;0.0;0;1.0000;0;0
600;2015-04-20 19:40:00;172602N232;113;34.088;39;224;224;224;223;0.929;50.01;351.2;0.141;393.0;0.132;0.0;0.000;60;0;0;1.211;0.815;0.761;13;57;42;50.01;50.01;50.01;4739;1000;0.0;0;1.0000;0;0
600;2015-04-20 19:50:00;172602N232;57;34.097;39;224;224;225;224;0.748;49.98;321.2;0.066;373.6;0.067;0.0;0.000;60;0;0;0.815;0.784;0.646;6;24;25;49.98;49.98;49.98;4739;1000;0.0;0;1.0000;0;0
600;2015-04-20 20:00:00;172602N232;23;34.102;38;224;224;224;224;0.419;50.00;289.4;0.015;315.5;0.024;0.0;0.000;60;0;0;0.482;0.412;0.365;2;16;11;50.00;50.00;50.00;4739;1000;0.0;0;1.0000;0;0
600;2015-04-20 20:10:00;172602N232;0;34.102;38;224;225;225;224;0.035;49.99;263.0;0.000;263.0;0.000;0.0;0.000;50;0;0;0.045;0.037;0.025;0;1;0;49.99;49.99;49.99;4739;1000;0.0;0;1.0000;0;0
600;2015-04-20 20:20:00;172602N232;0;34.102;36;224;224;226;222;0.000;50.01;235.5;0.000;236.5;0.000;0.0;0.000;50;0;0;0.000;0.000;0.000;0;0;0;50.01;50.01;50.01;4739;1000;0.0;0;1.0000;0;0
600;2015-04-20 20:30:00;172602N232;0;34.102;35;224;224;227;221;0.000;49.99;230.2;0.000;231.2;0.000;0.0;0.000;50;0;0;0.000;0.000;0.000;0;0;0;49.99;49.99;49.99;4739;1000;0.0;0;1.0000;0;0
600;2015-04-20 20:40:00;172602N232;0;34.102;35;224;226;227;219;0.000;49.97;227.4;0.000;228.4;0.000;0.0;0.000;50;0;0;0.000;0.000;0.000;0;0;0;49.97;49.97;49.97;4739;1000;0.0;0;1.0000;0;0
[wr_ende]
