20141109;230004;172602N232;My Plant;+0100
[wr_def_start]
172602N232;Inverter Type;Inverter Group;72602N232      
[wr_def_end]
[wr]
INTERVAL;TIMESTAMP;SERIAL;P_AC;E_DAY;T_WR;U_AC;U_AC_1;U_AC_2;U_AC_3;I_AC;F_AC;U_DC_1;I_DC_1;U_DC_2;I_DC_2;U_DC_3;I_DC_3;S;E_WR;M_WR;I_AC_1;I_AC_2;I_AC_3;P_AC_1;P_AC_2;P_AC_3;F_AC_1;F_AC_2;F_AC_3;R_DC;PC;PCS;PCS_LL;COS_PHI;COS_PHI_LL;S_COS_PHI
600;2014-11-09 07:00:00;172602N232;0;0.000;0;2;2;2;2;0.000;0.63;2.7;0.000;2.7;0.000;0.0;0.000;50;0;0;0.000;0.000;0.000;0;0;0;0.63;0.63;0.63;56;1000;0.0;0;1.0000;0;0
600;2014-11-09 07:10:00;172602N232;0;0.000;19;224;225;226;221;0.000;50.02;232.1;0.000;233.0;0.000;0.0;0.000;50;0;0;0.000;0.000;0.000;0;0;0;50.02;50.02;50.02;0;1000;0.0;0;1.0000;0;0
600;2014-11-09 07:20:00;172602N232;0;0.000;20;223;224;225;221;0.000;50.02;235.7;0.000;236.7;0.000;0.0;0.000;50;0;0;0.000;0.000;0.000;0;0;0;50.02;50.02;50.02;0;1000;0.0;0;1.0000;0;0
600;2014-11-09 07:30:00;172602N232;0;0.000;21;224;224;226;222;0.006;50.02;279.2;0.000;278.5;0.000;0.0;0.000;60;0;0;0.007;0.008;0.005;0;0;0;50.02;50.02;50.02;3619;1000;0.0;0;1.0000;0;0
600;2014-11-09 07:40:00;172602N232;5;0.001;21;224;223;225;222;0.204;50.02;264.9;0.000;258.2;0.001;0.0;0.000;60;0;0;0.218;0.241;0.153;1;1;8;50.02;50.02;50.02;8122;1000;0.0;0;1.0000;0;0
600;2014-11-09 07:50:00;172602N232;10;0.003;22;223;223;225;222;0.339;50.02;278.8;0.002;281.3;0.005;0.0;0.000;60;0;0;0.351;0.434;0.232;3;0;14;50.02;50.02;50.02;8122;1000;0.0;0;1.0000;0;0
600;2014-11-09 08:00:00;172602N232;22;0.009;22;222;222;224;220;0.490;50.01;316.2;0.015;339.9;0.018;0.0;0.000;60;0;0;0.474;0.677;0.320;12;0;22;50.01;50.01;50.01;8122;1000;0.0;0;1.0000;0;0
600;2014-11-09 08:10:00;172602N232;34;0.012;23;222;222;222;222;0.495;50.02;343.1;0.029;352.6;0.032;0.0;0.000;60;0;0;0.573;0.533;0.379;2;20;21;50.02;50.02;50.02;8122;1000;0.0;0;1.0000;0;0
600;2014-11-09 08:20:00;172602N232;81;0.026;23;222;222;223;222;0.791;50.01;380.5;0.088;387.5;0.087;0.0;0.000;60;0;0;0.789;0.961;0.624;16;18;46;50.01;50.01;50.01;8122;1000;0.0;0;1.0000;0;0
600;2014-11-09 08:30:00;172602N232;146;0.049;24;222;222;224;220;0.944;50.00;401.3;0.166;404.3;0.163;0.0;0.000;60;0;0;0.860;1.207;0.766;26;38;80;50.00;50.00;50.00;8122;1000;0.0;0;1.0000;0;0
600;2014-11-09 08:40:00;172602N232;202;0.084;24;222;221;223;221;0.955;50.00;409.2;0.233;411.1;0.228;0.0;0.000;60;0;0;1.046;1.048;0.771;70;55;75;50.00;50.00;50.00;8122;1000;0.0;0;1.0000;0;0
600;2014-11-09 08:50:00;172602N232;213;0.120;24;221;222;222;221;1.005;50.00;410.9;0.245;411.0;0.241;0.0;0.000;60;0;0;1.212;0.993;0.811;49;83;78;50.00;50.00;50.00;8122;1000;0.0;0;1.0000;0;0
600;2014-11-09 09:00:00;172602N232;257;0.162;25;222;222;223;220;1.096;49.99;415.8;0.296;414.7;0.292;0.0;0.000;60;0;0;1.153;1.222;0.913;57;99;98;49.99;49.99;49.99;8122;1000;0.0;0;1.0000;0;0
600;2014-11-09 09:10:00;172602N232;278;0.209;25;221;222;223;219;1.141;49.99;419.2;0.317;416.6;0.317;0.0;0.000;60;0;0;1.278;1.245;0.902;66;107;102;49.99;49.99;49.99;8122;1000;0.0;0;1.0000;0;0
600;2014-11-09 09:20:00;172602N232;291;0.258;26;221;222;222;220;1.111;49.99;420.6;0.331;416.5;0.335;0.0;0.000;60;0;0;1.234;1.126;0.975;86;103;101;49.99;49.99;49.99;8122;1000;0.0;0;1.0000;0;0
600;2014-11-09 09:30:00;172602N232;314;0.310;26;221;223;222;218;1.112;50.00;414.4;0.364;417.3;0.364;0.0;0.000;60;0;0;1.290;1.054;0.993;86;115;111;50.00;50.00;50.00;8122;1000;0.0;0;1.0000;0;0
600;2014-11-09 09:40:00;172602N232;357;0.369;26;222;222;223;220;1.195;49.99;423.8;0.416;426.4;0.394;0.0;0.000;60;0;0;1.261;1.225;1.100;91;125;139;49.99;49.99;49.99;8122;1000;0.0;0;1.0000;0;0
600;2014-11-09 09:50:00;172602N232;495;0.453;27;221;222;222;220;0.884;50.00;427.0;0.579;430.1;0.555;0.0;0.000;60;0;0;0.852;0.921;0.881;155;175;163;50.00;50.00;50.00;8122;1000;0.0;0;1.0000;0;0
600;2014-11-09 10:00:00;172602N232;791;0.584;27;222;223;223;220;1.222;50.00;432.1;0.967;449.3;0.815;0.0;0.000;60;0;0;1.180;1.260;1.227;253;274;262;50.00;50.00;50.00;8122;1000;0.0;0;1.0000;0;0
600;2014-11-09 10:10:00;172602N232;764;0.712;28;222;222;223;221;1.183;50.00;430.2;0.917;438.2;0.832;0.0;0.000;60;0;0;1.133;1.224;1.194;242;265;255;50.00;50.00;50.00;8122;1000;0.0;0;1.0000;0;0
600;2014-11-09 10:20:00;172602N232;810;0.847;28;222;223;222;220;1.252;50.01;426.2;0.997;434.3;0.882;0.0;0.000;60;0;0;1.207;1.285;1.264;260;278;271;50.01;50.01;50.01;8122;1000;0.0;0;1.0000;0;0
600;2014-11-09 10:30:00;172602N232;969;1.010;29;222;223;224;219;1.480;50.00;426.2;1.179;412.1;1.133;0.0;0.000;60;0;0;1.431;1.528;1.483;312;336;319;50.00;50.00;50.00;8122;1000;0.0;0;1.0000;0;0
600;2014-11-09 10:40:00;172602N232;635;1.115;29;222;223;224;219;0.995;50.01;426.7;0.748;423.5;0.728;0.0;0.000;60;0;0;0.949;1.039;0.997;200;222;211;50.01;50.01;50.01;8122;1000;0.0;0;1.0000;0;0
600;2014-11-09 10:50:00;172602N232;656;1.224;30;222;223;224;220;1.034;50.00;429.1;0.760;422.4;0.763;0.0;0.000;60;0;0;1.003;1.068;1.033;209;228;217;50.00;50.00;50.00;8122;1000;0.0;0;1.0000;0;0
600;2014-11-09 11:00:00;172602N232;1415;1.460;30;223;224;225;220;2.142;50.00;431.8;1.671;425.2;1.640;0.0;0.000;60;0;0;2.106;2.202;2.120;463;490;459;50.00;50.00;50.00;8122;1000;0.0;0;1.0000;0;0
600;2014-11-09 11:10:00;172602N232;1048;1.635;30;222;222;224;220;1.608;49.99;422.7;1.263;429.0;1.192;0.0;0.000;60;0;0;1.570;1.648;1.607;339;362;345;49.99;49.99;49.99;8122;1000;0.0;0;1.0000;0;0
600;2014-11-09 11:20:00;172602N232;810;1.771;31;222;223;224;220;1.484;49.99;415.8;0.970;426.1;0.944;0.0;0.000;60;0;0;1.518;1.538;1.397;263;285;261;49.99;49.99;49.99;8122;1000;0.0;0;1.0000;0;0
600;2014-11-09 11:30:00;172602N232;2269;2.150;31;223;222;227;221;3.404;50.01;384.3;2.792;431.5;2.813;0.0;0.000;60;0;0;3.331;3.500;3.383;736;789;742;50.01;50.01;50.01;8122;1000;0.0;0;1.0000;0;0
600;2014-11-09 11:40:00;172602N232;1164;2.343;31;223;221;226;221;1.774;50.00;341.1;1.520;424.4;1.563;0.0;0.000;60;0;0;1.707;1.835;1.780;370;407;386;50.00;50.00;50.00;8122;1000;0.0;0;1.0000;0;0
600;2014-11-09 11:50:00;172602N232;500;2.427;32;222;222;224;219;0.788;50.01;406.4;0.588;419.0;0.603;0.0;0.000;60;0;0;0.735;0.835;0.795;154;178;166;50.01;50.01;50.01;8122;1000;0.0;0;1.0000;0;0
600;2014-11-09 12:00:00;172602N232;817;2.564;32;223;224;226;220;1.270;50.03;431.0;0.921;426.3;0.971;0.0;0.000;60;0;0;1.241;1.306;1.263;262;284;268;50.03;50.03;50.03;8122;1000;0.0;0;1.0000;0;0
600;2014-11-09 12:10:00;172602N232;1316;2.782;32;224;225;226;220;1.994;50.01;439.4;1.409;428.0;1.632;0.0;0.000;60;0;0;1.959;2.049;1.974;429;457;427;50.01;50.01;50.01;8122;1000;0.0;0;1.0000;0;0
600;2014-11-09 12:20:00;172602N232;1270;2.995;33;223;223;226;220;1.937;50.02;447.5;1.214;426.3;1.704;0.0;0.000;60;0;0;1.889;1.996;1.928;409;442;417;50.02;50.02;50.02;8122;1000;0.0;0;1.0000;0;0
600;2014-11-09 12:30:00;172602N232;1125;3.182;33;223;223;226;222;1.740;50.03;432.2;1.236;425.9;1.383;0.0;0.000;60;0;0;1.701;1.775;1.745;361;388;374;50.03;50.03;50.03;8122;1000;0.0;0;1.0000;0;0
600;2014-11-09 12:40:00;172602N232;973;3.344;33;223;223;226;222;1.476;50.00;422.5;1.138;422.4;1.162;0.0;0.000;60;0;0;1.421;1.523;1.486;310;339;323;50.00;50.00;50.00;8122;1000;0.0;0;1.0000;0;0
600;2014-11-09 12:50:00;172602N232;1017;3.514;33;224;223;227;222;1.533;50.00;422.3;1.208;423.2;1.191;0.0;0.000;60;0;0;1.472;1.584;1.545;322;355;338;50.00;50.00;50.00;8122;1000;0.0;0;1.0000;0;0
600;2014-11-09 13:00:00;172602N232;1152;3.707;33;224;223;227;223;1.772;50.01;437.5;1.305;433.9;1.334;0.0;0.000;60;0;0;1.710;1.835;1.772;366;400;384;50.01;50.01;50.01;8122;1000;0.0;0;1.0000;0;0
600;2014-11-09 13:10:00;172602N232;1027;3.877;33;224;224;226;222;1.546;49.99;422.4;1.232;421.1;1.200;0.0;0.000;60;0;0;1.495;1.593;1.552;329;356;339;49.99;49.99;49.99;8122;1000;0.0;0;1.0000;0;0
600;2014-11-09 13:20:00;172602N232;1307;4.096;33;225;224;227;223;1.959;50.00;414.8;1.828;436.5;1.272;0.0;0.000;60;0;0;1.902;2.014;1.962;420;453;432;50.00;50.00;50.00;8122;1000;0.0;0;1.0000;0;0
600;2014-11-09 13:30:00;172602N232;1516;4.348;33;225;224;227;223;2.277;50.00;417.4;2.433;442.9;1.140;0.0;0.000;60;0;0;2.229;2.329;2.275;492;522;501;50.00;50.00;50.00;8122;1000;0.0;0;1.0000;0;0
600;2014-11-09 13:40:00;172602N232;591;4.446;33;224;223;225;223;1.066;50.00;407.4;0.849;417.5;0.566;0.0;0.000;60;0;0;1.021;1.112;1.066;184;207;198;50.00;50.00;50.00;8122;1000;0.0;0;1.0000;0;0
600;2014-11-09 13:50:00;172602N232;512;4.532;33;224;223;225;223;0.826;50.01;409.0;0.642;415.5;0.582;0.0;0.000;60;0;0;0.776;0.868;0.835;158;180;172;50.01;50.01;50.01;8122;1000;0.0;0;1.0000;0;0
600;2014-11-09 14:00:00;172602N232;551;4.624;33;223;223;225;222;0.940;50.01;418.5;0.684;420.1;0.611;0.0;0.000;60;0;0;0.903;0.981;0.937;171;193;184;50.01;50.01;50.01;8122;1000;0.0;0;1.0000;0;0
600;2014-11-09 14:10:00;172602N232;578;4.721;33;223;222;225;223;0.937;49.99;444.3;0.723;435.2;0.564;0.0;0.000;60;0;0;0.866;0.981;0.965;179;202;196;49.99;49.99;49.99;8122;1000;0.0;0;1.0000;0;0
600;2014-11-09 14:20:00;172602N232;573;4.817;33;223;222;226;222;0.941;49.99;432.7;0.739;442.9;0.547;0.0;0.000;60;0;0;0.881;0.995;0.947;176;204;191;49.99;49.99;49.99;8122;1000;0.0;0;1.0000;0;0
600;2014-11-09 14:30:00;172602N232;579;4.913;33;223;222;225;223;1.060;50.00;361.0;0.944;453.5;0.522;0.0;0.000;60;0;0;1.004;1.122;1.054;181;205;191;50.00;50.00;50.00;8122;1000;0.0;0;1.0000;0;0
600;2014-11-09 14:40:00;172602N232;543;5.003;33;221;221;222;221;0.860;50.01;383.2;0.738;441.6;0.587;0.0;0.000;60;0;0;0.807;0.896;0.879;167;190;184;50.01;50.01;50.01;8122;1000;0.0;0;1.0000;0;0
600;2014-11-09 14:50:00;172602N232;358;5.063;33;220;220;223;219;0.900;50.00;409.1;0.425;421.6;0.406;0.0;0.000;60;0;0;0.881;1.019;0.800;108;123;125;50.00;50.00;50.00;8122;1000;0.0;0;1.0000;0;0
600;2014-11-09 15:00:00;172602N232;223;5.100;33;221;220;223;220;0.999;49.99;403.7;0.257;413.0;0.253;0.0;0.000;60;0;0;0.915;1.266;0.817;72;61;89;49.99;49.99;49.99;8122;1000;0.0;0;1.0000;0;0
600;2014-11-09 15:10:00;172602N232;160;5.127;32;220;220;223;218;1.031;49.99;393.4;0.183;394.8;0.190;0.0;0.000;60;0;0;0.890;1.339;0.866;24;31;104;49.99;49.99;49.99;8122;1000;0.0;0;1.0000;0;0
600;2014-11-09 15:20:00;172602N232;114;5.147;32;220;221;222;216;0.876;49.98;387.7;0.128;387.9;0.134;0.0;0.000;60;0;0;0.919;0.994;0.716;14;33;67;49.98;49.98;49.98;8122;1000;0.0;0;1.0000;0;0
600;2014-11-09 15:30:00;172602N232;82;5.161;31;220;220;221;218;0.881;49.98;376.9;0.091;388.4;0.090;0.0;0.000;60;0;0;0.978;0.960;0.706;5;25;56;49.98;49.98;49.98;8122;1000;0.0;0;1.0000;0;0
600;2014-11-09 15:40:00;172602N232;48;5.169;31;221;221;223;220;0.776;50.01;353.3;0.048;369.8;0.049;0.0;0.000;60;0;0;0.867;0.880;0.583;6;12;40;50.01;50.01;50.01;8122;1000;0.0;0;1.0000;0;0
600;2014-11-09 15:50:00;172602N232;11;5.171;31;222;221;224;221;0.315;50.00;275.1;0.006;279.7;0.009;0.0;0.000;60;0;0;0.264;0.463;0.220;7;0;13;50.00;50.00;50.00;8122;1000;0.0;0;1.0000;0;0
600;2014-11-09 16:00:00;172602N232;0;5.171;30;220;221;223;218;0.005;49.99;259.3;0.000;259.2;0.000;0.0;0.000;50;0;0;0.007;0.006;0.003;0;0;0;49.99;49.99;49.99;8122;1000;0.0;0;1.0000;0;0
600;2014-11-09 16:10:00;172602N232;0;5.171;29;220;220;223;217;0.000;49.98;231.5;0.000;232.4;0.000;0.0;0.000;50;0;0;0.000;0.000;0.000;0;0;0;49.98;49.98;49.98;8122;1000;0.0;0;1.0000;0;0
600;2014-11-09 16:20:00;172602N232;0;5.171;28;219;219;221;216;0.000;49.97;227.2;0.000;228.1;0.000;0.0;0.000;50;0;0;0.000;0.000;0.000;0;0;0;49.97;49.97;49.97;8122;1000;0.0;0;1.0000;0;0
[wr_ende]
