20130815;230001;172602N232;My Plant;+0100
[wr_def_start]
172602N232;Inverter Type;Inverter Group;72602N232      
[wr_def_end]
[wr]
INTERVAL;TIMESTAMP;SERIAL;P_AC;E_DAY;T_WR;U_AC;U_AC_1;U_AC_2;U_AC_3;I_AC;F_AC;U_DC_1;I_DC_1;U_DC_2;I_DC_2;U_DC_3;I_DC_3;S;E_WR;M_WR;I_AC_1;I_AC_2;I_AC_3;P_AC_1;P_AC_2;P_AC_3;F_AC_1;F_AC_2;F_AC_3;R_DC;PC;PCS;PCS_LL;COS_PHI;COS_PHI_LL;S_COS_PHI
600;2013-08-15 05:20:00;172602N232;0;0.000;0;6;6;6;6;0.000;1.41;6.4;0.000;6.4;0.000;0.0;0.000;50;0;0;0.000;0.000;0.000;0;0;0;1.41;1.41;1.41;84;1000;0.0;0;1.0000;0;0
600;2013-08-15 05:30:00;172602N232;0;0.000;26;226;226;229;222;0.000;50.01;228.8;0.000;229.7;0.000;0.0;0.000;50;0;0;0.000;0.000;0.000;0;0;0;50.01;50.01;50.01;0;1000;0.0;0;1.0000;0;0
600;2013-08-15 05:40:00;172602N232;0;0.000;27;225;226;229;222;0.000;50.01;257.0;0.000;257.1;0.000;0.0;0.000;50;0;0;0.000;0.000;0.000;0;0;0;50.01;50.01;50.01;0;1000;0.0;0;1.0000;0;0
600;2013-08-15 05:50:00;172602N232;0;0.000;28;225;225;227;223;0.040;50.02;283.5;0.000;282.7;0.000;0.0;0.000;60;0;0;0.039;0.046;0.035;0;0;1;50.02;50.02;50.02;5025;1000;0.0;0;1.0000;0;0
600;2013-08-15 06:00:00;172602N232;15;0.003;28;223;224;225;222;0.332;50.01;301.3;0.008;286.8;0.009;0.0;0.000;60;0;0;0.408;0.342;0.247;3;5;16;50.01;50.01;50.01;5323;1000;0.0;0;1.0000;0;0
600;2013-08-15 06:10:00;172602N232;40;0.010;29;223;223;224;221;0.583;49.99;356.8;0.036;362.0;0.034;0.0;0.000;60;0;0;0.681;0.642;0.426;4;11;31;49.99;49.99;49.99;5323;1000;0.0;0;1.0000;0;0
600;2013-08-15 06:20:00;172602N232;91;0.025;29;222;223;223;221;0.846;50.00;389.7;0.101;394.3;0.093;0.0;0.000;60;0;0;1.002;0.875;0.661;5;33;52;50.00;50.00;50.00;5323;1000;0.0;0;1.0000;0;0
600;2013-08-15 06:30:00;172602N232;95;0.039;30;225;224;227;224;0.902;50.00;391.2;0.106;393.6;0.101;0.0;0.000;60;0;0;0.845;1.142;0.719;25;13;55;50.00;50.00;50.00;5323;1000;0.0;0;1.0000;0;0
600;2013-08-15 06:40:00;172602N232;97;0.057;30;223;222;224;222;0.887;49.99;388.4;0.111;389.8;0.102;0.0;0.000;60;0;0;0.785;1.162;0.716;24;17;55;49.99;49.99;49.99;5323;1000;0.0;0;1.0000;0;0
600;2013-08-15 06:50:00;172602N232;129;0.078;31;222;221;222;222;0.899;50.01;399.2;0.152;399.9;0.134;0.0;0.000;60;0;0;0.924;0.955;0.820;24;60;43;50.01;50.01;50.01;5323;1000;0.0;0;1.0000;0;0
600;2013-08-15 07:00:00;172602N232;131;0.100;31;226;227;226;225;1.023;50.00;404.9;0.151;401.6;0.140;0.0;0.000;60;0;0;1.388;0.878;0.805;6;75;51;50.00;50.00;50.00;5323;1000;0.0;0;1.0000;0;0
600;2013-08-15 07:10:00;172602N232;168;0.128;32;227;227;228;225;0.964;50.01;408.8;0.203;411.4;0.170;0.0;0.000;60;0;0;1.055;1.102;0.735;23;65;77;50.01;50.01;50.01;5323;1000;0.0;0;1.0000;0;0
600;2013-08-15 07:20:00;172602N232;177;0.158;32;226;226;227;224;0.994;50.00;408.6;0.218;412.3;0.176;0.0;0.000;60;0;0;1.128;1.095;0.760;13;82;80;50.00;50.00;50.00;5323;1000;0.0;0;1.0000;0;0
600;2013-08-15 07:30:00;172602N232;198;0.190;33;225;225;226;224;1.006;50.01;411.8;0.232;409.4;0.214;0.0;0.000;60;0;0;1.225;1.079;0.716;52;76;69;50.01;50.01;50.01;5323;1000;0.0;0;1.0000;0;0
600;2013-08-15 07:40:00;172602N232;299;0.240;33;226;226;228;224;1.022;50.02;415.8;0.365;416.9;0.315;0.0;0.000;60;0;0;1.076;1.178;0.812;71;119;108;50.02;50.02;50.02;5323;1000;0.0;0;1.0000;0;0
600;2013-08-15 07:50:00;172602N232;250;0.283;33;227;227;228;226;1.117;50.03;421.4;0.302;413.2;0.263;0.0;0.000;60;0;0;1.241;1.280;0.830;61;100;87;50.03;50.03;50.03;5323;1000;0.0;0;1.0000;0;0
600;2013-08-15 08:00:00;172602N232;346;0.340;34;226;226;228;224;1.075;50.01;431.8;0.420;418.2;0.359;0.0;0.000;60;0;0;1.066;1.227;0.933;90;125;128;50.01;50.01;50.01;5323;1000;0.0;0;1.0000;0;0
600;2013-08-15 08:10:00;172602N232;406;0.407;34;226;226;229;224;0.888;50.02;436.6;0.514;423.5;0.399;0.0;0.000;60;0;0;0.856;0.960;0.850;121;144;138;50.02;50.02;50.02;5323;1000;0.0;0;1.0000;0;0
600;2013-08-15 08:20:00;172602N232;548;0.499;34;227;226;229;225;1.131;50.02;443.4;0.675;426.9;0.551;0.0;0.000;60;0;0;1.122;1.168;1.104;166;190;190;50.02;50.02;50.02;5323;1000;0.0;0;1.0000;0;0
600;2013-08-15 08:30:00;172602N232;393;0.565;35;226;226;227;224;1.118;50.02;444.5;0.498;417.3;0.379;0.0;0.000;60;0;0;1.169;1.149;1.036;114;143;135;50.02;50.02;50.02;5323;1000;0.0;0;1.0000;0;0
600;2013-08-15 08:40:00;172602N232;299;0.615;35;225;225;228;224;1.152;50.02;421.3;0.394;426.6;0.285;0.0;0.000;60;0;0;1.191;1.319;0.946;90;103;104;50.02;50.02;50.02;5323;1000;0.0;0;1.0000;0;0
600;2013-08-15 08:50:00;172602N232;473;0.694;35;226;226;228;225;1.104;50.02;365.9;0.958;435.7;0.337;0.0;0.000;60;0;0;1.116;1.148;1.049;142;165;165;50.02;50.02;50.02;5323;1000;0.0;0;1.0000;0;0
600;2013-08-15 09:00:00;172602N232;1204;0.896;35;227;227;230;225;1.813;50.01;386.1;1.939;446.7;1.074;0.0;0.000;60;0;0;1.761;1.865;1.814;386;418;398;50.01;50.01;50.01;5323;1000;0.0;0;1.0000;0;0
600;2013-08-15 09:10:00;172602N232;707;1.013;36;226;226;227;224;1.079;50.01;413.7;0.892;422.7;0.781;0.0;0.000;60;0;0;1.021;1.126;1.091;221;247;237;50.01;50.01;50.01;5323;1000;0.0;0;1.0000;0;0
600;2013-08-15 09:20:00;172602N232;910;1.165;36;225;225;227;224;1.483;50.00;424.3;1.149;434.9;0.941;0.0;0.000;60;0;0;1.485;1.496;1.468;289;314;304;50.00;50.00;50.00;5323;1000;0.0;0;1.0000;0;0
600;2013-08-15 09:30:00;172602N232;1202;1.365;36;225;225;227;223;1.858;50.02;427.8;1.560;433.3;1.230;0.0;0.000;60;0;0;1.818;1.896;1.861;385;415;400;50.02;50.02;50.02;5323;1000;0.0;0;1.0000;0;0
600;2013-08-15 09:40:00;172602N232;1381;1.596;37;225;225;228;223;2.092;50.02;420.1;1.773;432.3;1.469;0.0;0.000;60;0;0;2.045;2.140;2.093;445;478;457;50.02;50.02;50.02;5323;1000;0.0;0;1.0000;0;0
600;2013-08-15 09:50:00;172602N232;1226;1.800;37;225;225;226;223;1.884;50.03;414.3;1.544;422.1;1.392;0.0;0.000;60;0;0;1.851;1.914;1.888;396;421;407;50.03;50.03;50.03;5323;1000;0.0;0;1.0000;0;0
600;2013-08-15 10:00:00;172602N232;1133;1.989;37;228;229;229;227;1.742;50.01;414.6;1.442;420.9;1.271;0.0;0.000;60;0;0;1.718;1.767;1.741;365;388;378;50.01;50.01;50.01;5323;1000;0.0;0;1.0000;0;0
600;2013-08-15 10:10:00;172602N232;1025;2.162;38;228;229;228;227;1.554;50.02;415.8;1.307;418.8;1.127;0.0;0.000;60;0;0;1.521;1.583;1.559;332;350;342;50.02;50.02;50.02;5323;1000;0.0;0;1.0000;0;0
600;2013-08-15 10:20:00;172602N232;1018;2.331;38;228;228;228;227;1.586;50.02;412.2;1.272;413.3;1.191;0.0;0.000;60;0;0;1.578;1.604;1.578;330;348;338;50.02;50.02;50.02;5323;1000;0.0;0;1.0000;0;0
600;2013-08-15 10:30:00;172602N232;1258;2.541;38;229;229;230;227;1.904;50.02;415.6;1.585;418.1;1.439;0.0;0.000;60;0;0;1.876;1.932;1.906;407;431;417;50.02;50.02;50.02;5323;1000;0.0;0;1.0000;0;0
600;2013-08-15 10:40:00;172602N232;1849;2.848;38;229;229;231;227;2.724;50.01;406.6;3.048;424.5;1.454;0.0;0.000;60;0;0;2.672;2.789;2.711;601;638;607;50.01;50.01;50.01;5323;1000;0.0;0;1.0000;0;0
600;2013-08-15 10:50:00;172602N232;1827;3.153;39;229;229;231;226;2.681;50.01;405.2;2.498;421.4;1.961;0.0;0.000;60;0;0;2.616;2.756;2.673;592;632;601;50.01;50.01;50.01;5323;1000;0.0;0;1.0000;0;0
600;2013-08-15 11:00:00;172602N232;2047;3.495;39;229;228;232;227;2.995;50.01;403.9;3.726;433.8;1.289;0.0;0.000;60;0;0;2.919;3.081;2.986;661;711;673;50.01;50.01;50.01;5323;1000;0.0;0;1.0000;0;0
600;2013-08-15 11:10:00;172602N232;1758;3.787;39;229;228;233;227;2.595;50.00;394.6;3.101;425.4;1.276;0.0;0.000;60;0;0;2.524;2.673;2.590;564;613;579;50.00;50.00;50.00;5323;1000;0.0;0;1.0000;0;0
600;2013-08-15 11:20:00;172602N232;1251;3.997;40;229;229;231;227;1.895;50.01;399.4;1.648;412.8;1.443;0.0;0.000;60;0;0;1.856;1.933;1.896;403;431;414;50.01;50.01;50.01;5323;1000;0.0;0;1.0000;0;0
600;2013-08-15 11:30:00;172602N232;2361;4.390;40;230;229;233;227;3.441;50.00;404.5;3.821;438.2;1.917;0.0;0.000;60;0;0;3.360;3.541;3.424;763;822;774;50.00;50.00;50.00;5323;1000;0.0;0;1.0000;0;0
600;2013-08-15 11:40:00;172602N232;2354;4.784;40;227;226;230;225;3.474;50.01;387.1;4.006;425.9;1.899;0.0;0.000;60;0;0;3.402;3.563;3.459;764;818;772;50.01;50.01;50.01;5323;1000;0.0;0;1.0000;0;0
600;2013-08-15 11:50:00;172602N232;2115;5.136;40;226;225;229;223;3.155;50.01;391.3;3.370;342.4;2.862;0.0;0.000;60;0;0;3.078;3.259;3.130;683;740;691;50.01;50.01;50.01;5323;1000;0.0;0;1.0000;0;0
600;2013-08-15 12:00:00;172602N232;3559;5.729;41;226;224;230;223;5.259;50.01;384.5;5.692;270.5;5.333;0.0;0.000;60;0;0;5.164;5.393;5.222;1157;1236;1163;50.01;50.01;50.01;5323;1000;0.0;0;1.0000;0;0
600;2013-08-15 12:10:00;172602N232;3876;6.375;41;226;224;230;223;5.727;50.01;378.8;5.823;307.4;5.675;0.0;0.000;60;0;0;5.630;5.869;5.684;1262;1345;1266;50.01;50.01;50.01;5323;1000;0.0;0;1.0000;0;0
600;2013-08-15 12:20:00;172602N232;3678;6.989;42;225;224;229;222;5.447;50.01;376.8;5.230;356.2;5.014;0.0;0.000;60;0;0;5.357;5.594;5.391;1198;1282;1197;50.01;50.01;50.01;5323;1000;0.0;0;1.0000;0;0
600;2013-08-15 12:30:00;172602N232;3662;7.600;42;228;227;232;225;5.352;50.01;383.4;4.901;387.6;4.769;0.0;0.000;60;0;0;5.277;5.485;5.295;1197;1272;1191;50.01;50.01;50.01;5323;1000;0.0;0;1.0000;0;0
600;2013-08-15 12:40:00;172602N232;4455;8.343;43;228;227;232;225;6.511;50.03;376.4;6.043;379.7;5.947;0.0;0.000;60;0;0;6.424;6.681;6.429;1458;1551;1444;50.03;50.03;50.03;5323;1000;0.0;0;1.0000;0;0
600;2013-08-15 12:50:00;172602N232;4820;9.145;43;228;228;233;224;7.037;50.01;372.1;6.689;369.3;6.561;0.0;0.000;60;0;0;6.958;7.231;6.923;1584;1679;1553;50.01;50.01;50.01;5323;1000;0.0;0;1.0000;0;0
600;2013-08-15 13:00:00;172602N232;2240;9.519;43;229;229;232;226;3.268;49.98;378.6;3.052;379.2;2.988;0.0;0.000;60;0;0;3.211;3.360;3.234;732;778;727;49.98;49.98;49.98;5323;1000;0.0;0;1.0000;0;0
600;2013-08-15 13:10:00;172602N232;1222;9.722;42;229;229;231;226;1.816;50.02;398.3;1.608;400.8;1.455;0.0;0.000;60;0;0;1.767;1.867;1.816;394;423;402;50.02;50.02;50.02;5323;1000;0.0;0;1.0000;0;0
600;2013-08-15 13:20:00;172602N232;2281;10.103;42;230;229;232;228;3.316;50.01;396.7;2.933;395.4;2.867;0.0;0.000;60;0;0;3.252;3.395;3.302;742;790;748;50.01;50.01;50.01;5323;1000;0.0;0;1.0000;0;0
600;2013-08-15 13:30:00;172602N232;1518;10.356;42;229;229;231;228;2.230;50.01;407.3;1.909;402.3;1.857;0.0;0.000;60;0;0;2.167;2.284;2.241;489;522;505;50.01;50.01;50.01;5323;1000;0.0;0;1.0000;0;0
600;2013-08-15 13:40:00;172602N232;3595;10.955;42;231;230;233;229;5.191;50.00;392.1;4.714;396.1;4.566;0.0;0.000;60;0;0;5.117;5.309;5.147;1178;1245;1175;50.00;50.00;50.00;5323;1000;0.0;0;1.0000;0;0
600;2013-08-15 13:50:00;172602N232;2090;11.305;42;230;230;232;227;3.058;50.00;386.2;2.798;391.3;2.629;0.0;0.000;60;0;0;3.002;3.135;3.037;681;726;683;50.00;50.00;50.00;5323;1000;0.0;0;1.0000;0;0
600;2013-08-15 14:00:00;172602N232;4624;12.076;43;230;230;234;225;6.709;49.98;385.3;6.105;387.6;6.070;0.0;0.000;60;0;0;6.655;6.911;6.561;1528;1619;1476;49.98;49.98;49.98;5323;1000;0.0;0;1.0000;0;0
600;2013-08-15 14:10:00;172602N232;4837;12.883;43;231;230;236;226;6.989;49.99;373.3;6.615;375.2;6.553;0.0;0.000;60;0;0;6.916;7.208;6.844;1591;1697;1548;49.99;49.99;49.99;5323;1000;0.0;0;1.0000;0;0
600;2013-08-15 14:20:00;172602N232;4612;13.652;44;231;229;236;228;6.659;50.00;367.5;6.432;368.9;6.332;0.0;0.000;60;0;0;6.543;6.851;6.584;1499;1613;1499;50.00;50.00;50.00;5323;1000;0.0;0;1.0000;0;0
600;2013-08-15 14:30:00;172602N232;4457;14.395;44;231;230;235;228;6.436;50.00;371.4;6.141;372.2;6.068;0.0;0.000;60;0;0;6.335;6.607;6.367;1452;1553;1450;50.00;50.00;50.00;5323;1000;0.0;0;1.0000;0;0
600;2013-08-15 14:40:00;172602N232;3436;14.968;45;230;229;233;229;4.983;50.00;376.5;4.651;376.5;4.612;0.0;0.000;60;0;0;4.905;5.068;4.978;1121;1178;1135;50.00;50.00;50.00;5323;1000;0.0;0;1.0000;0;0
600;2013-08-15 14:50:00;172602N232;4304;15.685;45;231;231;234;229;6.204;50.01;377.6;5.834;378.4;5.755;0.0;0.000;60;0;0;6.122;6.317;6.175;1410;1479;1414;50.01;50.01;50.01;5323;1000;0.0;0;1.0000;0;0
600;2013-08-15 15:00:00;172602N232;3873;16.332;45;227;227;230;225;5.683;49.99;377.0;5.239;377.2;5.206;0.0;0.000;60;0;0;5.620;5.789;5.640;1273;1329;1267;49.99;49.99;49.99;5323;1000;0.0;0;1.0000;0;0
600;2013-08-15 15:10:00;172602N232;2950;16.823;44;226;227;229;224;4.347;49.99;380.4;3.971;380.6;3.894;0.0;0.000;60;0;0;4.304;4.427;4.312;975;1010;962;49.99;49.99;49.99;5323;1000;0.0;0;1.0000;0;0
600;2013-08-15 15:20:00;172602N232;3188;17.354;44;227;227;230;225;4.678;49.99;384.5;4.248;384.8;4.158;0.0;0.000;60;0;0;4.619;4.766;4.649;1047;1095;1045;49.99;49.99;49.99;5323;1000;0.0;0;1.0000;0;0
600;2013-08-15 15:30:00;172602N232;2889;17.836;44;227;227;230;225;4.242;50.00;385.5;3.835;385.9;3.750;0.0;0.000;60;0;0;4.185;4.319;4.224;948;989;949;50.00;50.00;50.00;5323;1000;0.0;0;1.0000;0;0
600;2013-08-15 15:40:00;172602N232;2687;18.284;44;226;226;229;224;3.967;49.99;389.8;3.527;387.7;3.469;0.0;0.000;60;0;0;3.924;4.039;3.940;886;920;879;49.99;49.99;49.99;5323;1000;0.0;0;1.0000;0;0
600;2013-08-15 15:50:00;172602N232;2473;18.697;44;227;227;230;225;3.640;50.01;397.0;3.168;392.4;3.167;0.0;0.000;60;0;0;3.578;3.718;3.626;809;850;811;50.01;50.01;50.01;5323;1000;0.0;0;1.0000;0;0
600;2013-08-15 16:00:00;172602N232;2755;19.156;44;228;227;231;225;4.042;50.00;397.4;3.531;392.7;3.525;0.0;0.000;60;0;0;3.982;4.132;4.013;902;952;899;50.00;50.00;50.00;5323;1000;0.0;0;1.0000;0;0
600;2013-08-15 16:10:00;172602N232;2777;19.619;44;227;227;231;225;4.076;49.99;394.0;3.587;388.8;3.594;0.0;0.000;60;0;0;4.019;4.171;4.039;909;962;905;49.99;49.99;49.99;5323;1000;0.0;0;1.0000;0;0
600;2013-08-15 16:20:00;172602N232;2042;19.960;44;226;226;231;223;3.013;49.99;401.3;2.570;390.9;2.630;0.0;0.000;60;0;0;2.950;3.100;2.990;662;712;665;49.99;49.99;49.99;5323;1000;0.0;0;1.0000;0;0
600;2013-08-15 16:30:00;172602N232;1728;20.248;44;226;224;229;224;2.563;49.99;409.3;2.129;396.0;2.195;0.0;0.000;60;0;0;2.490;2.639;2.560;556;602;569;49.99;49.99;49.99;5323;1000;0.0;0;1.0000;0;0
600;2013-08-15 16:40:00;172602N232;1709;20.532;44;226;224;228;226;2.534;50.00;413.0;2.085;399.5;2.151;0.0;0.000;60;0;0;2.453;2.587;2.563;546;586;575;50.00;50.00;50.00;5323;1000;0.0;0;1.0000;0;0
600;2013-08-15 16:50:00;172602N232;1416;20.769;44;227;226;228;226;2.136;50.01;411.5;1.740;400.2;1.767;0.0;0.000;60;0;0;2.087;2.170;2.152;456;485;473;50.01;50.01;50.01;5323;1000;0.0;0;1.0000;0;0
600;2013-08-15 17:00:00;172602N232;1143;20.960;44;226;226;227;224;1.755;50.01;413.1;1.397;401.1;1.412;0.0;0.000;60;0;0;1.736;1.777;1.754;373;390;377;50.01;50.01;50.01;5323;1000;0.0;0;1.0000;0;0
600;2013-08-15 17:10:00;172602N232;1043;21.133;43;228;228;229;226;1.573;50.00;415.1;1.270;403.0;1.282;0.0;0.000;60;0;0;1.527;1.615;1.579;335;360;346;50.00;50.00;50.00;5323;1000;0.0;0;1.0000;0;0
600;2013-08-15 17:20:00;172602N232;1064;21.311;43;228;229;230;225;1.603;50.00;407.3;1.317;404.1;1.312;0.0;0.000;60;0;0;1.560;1.650;1.600;343;370;349;50.00;50.00;50.00;5323;1000;0.0;0;1.0000;0;0
600;2013-08-15 17:30:00;172602N232;1105;21.494;43;227;228;229;224;1.690;49.99;399.4;1.390;403.7;1.364;0.0;0.000;60;0;0;1.664;1.726;1.680;359;381;363;49.99;49.99;49.99;5323;1000;0.0;0;1.0000;0;0
600;2013-08-15 17:40:00;172602N232;999;21.662;43;227;227;230;224;1.506;50.00;400.1;1.255;402.8;1.236;0.0;0.000;60;0;0;1.454;1.561;1.505;318;350;328;50.00;50.00;50.00;5323;1000;0.0;0;1.0000;0;0
600;2013-08-15 17:50:00;172602N232;810;21.796;43;227;227;231;222;1.223;50.02;404.0;1.008;402.4;0.993;0.0;0.000;60;0;0;1.164;1.291;1.215;255;290;263;50.02;50.02;50.02;5323;1000;0.0;0;1.0000;0;0
600;2013-08-15 18:00:00;172602N232;660;21.907;42;226;226;227;224;1.089;50.01;412.2;0.804;402.1;0.802;0.0;0.000;60;0;0;1.114;1.102;1.051;209;231;219;50.01;50.01;50.01;5323;1000;0.0;0;1.0000;0;0
600;2013-08-15 18:10:00;172602N232;556;21.999;42;225;225;226;225;0.914;50.01;407.6;0.688;401.6;0.670;0.0;0.000;60;0;0;0.889;0.940;0.915;172;194;189;50.01;50.01;50.01;5323;1000;0.0;0;1.0000;0;0
600;2013-08-15 18:20:00;172602N232;513;22.086;42;226;225;229;224;0.949;50.01;409.4;0.627;402.2;0.617;0.0;0.000;60;0;0;0.899;1.003;0.946;158;183;169;50.01;50.01;50.01;5323;1000;0.0;0;1.0000;0;0
600;2013-08-15 18:30:00;172602N232;540;22.177;42;226;227;227;224;0.934;50.01;411.0;0.655;402.3;0.654;0.0;0.000;60;0;0;0.968;0.961;0.873;166;194;178;50.01;50.01;50.01;5323;1000;0.0;0;1.0000;0;0
600;2013-08-15 18:40:00;172602N232;423;22.246;42;226;226;226;225;1.033;50.00;405.4;0.519;399.8;0.507;0.0;0.000;60;0;0;1.034;1.082;0.985;128;154;140;50.00;50.00;50.00;5323;1000;0.0;0;1.0000;0;0
600;2013-08-15 18:50:00;172602N232;411;22.315;41;227;227;228;226;1.194;50.00;403.6;0.503;399.9;0.495;0.0;0.000;60;0;0;1.219;1.238;1.126;114;151;145;50.00;50.00;50.00;5323;1000;0.0;0;1.0000;0;0
600;2013-08-15 19:00:00;172602N232;355;22.374;41;226;226;227;225;1.189;50.02;402.8;0.435;398.5;0.421;0.0;0.000;60;0;0;1.265;1.217;1.085;96;132;125;50.02;50.02;50.02;5323;1000;0.0;0;1.0000;0;0
600;2013-08-15 19:10:00;172602N232;215;22.411;41;225;227;225;225;0.982;50.00;394.3;0.261;389.7;0.256;0.0;0.000;60;0;0;1.158;0.842;0.947;32;83;99;50.00;50.00;50.00;5323;1000;0.0;0;1.0000;0;0
600;2013-08-15 19:20:00;172602N232;168;22.439;40;226;226;225;226;0.864;50.00;386.2;0.203;386.3;0.197;0.0;0.000;60;0;0;0.924;0.924;0.744;22;92;51;50.00;50.00;50.00;5323;1000;0.0;0;1.0000;0;0
600;2013-08-15 19:30:00;172602N232;192;22.471;40;226;226;226;225;0.921;50.00;380.1;0.231;389.8;0.234;0.0;0.000;60;0;0;0.958;0.975;0.832;31;80;79;50.00;50.00;50.00;5323;1000;0.0;0;1.0000;0;0
600;2013-08-15 19:40:00;172602N232;329;22.527;40;226;225;229;224;1.155;49.99;392.1;0.404;400.0;0.400;0.0;0.000;60;0;0;1.125;1.332;1.010;100;106;121;49.99;49.99;49.99;5323;1000;0.0;0;1.0000;0;0
600;2013-08-15 19:50:00;172602N232;371;22.588;40;227;226;230;225;1.184;50.00;395.6;0.465;403.0;0.439;0.0;0.000;60;0;0;1.178;1.308;1.068;111;125;133;50.00;50.00;50.00;5323;1000;0.0;0;1.0000;0;0
600;2013-08-15 20:00:00;172602N232;146;22.612;39;227;226;229;225;0.946;50.01;375.0;0.182;380.6;0.167;0.0;0.000;60;0;0;0.808;1.279;0.751;44;29;74;50.01;50.01;50.01;5323;1000;0.0;0;1.0000;0;0
600;2013-08-15 20:10:00;172602N232;30;22.617;39;227;227;228;225;0.544;49.99;316.6;0.028;321.5;0.028;0.0;0.000;60;0;0;0.638;0.595;0.401;1;10;28;49.99;49.99;49.99;5323;1000;0.0;0;1.0000;0;0
600;2013-08-15 20:20:00;172602N232;4;22.619;39;227;228;227;226;0.178;49.99;254.7;0.001;254.9;0.001;0.0;0.000;60;0;0;0.265;0.143;0.127;0;7;7;49.99;49.99;49.99;5323;1000;0.0;0;1.0000;0;0
600;2013-08-15 20:30:00;172602N232;0;22.619;38;226;227;228;224;0.009;49.99;264.9;0.000;264.4;0.000;0.0;0.000;60;0;0;0.018;0.005;0.005;0;0;0;49.99;49.99;49.99;10107;1000;0.0;0;1.0000;0;0
600;2013-08-15 20:40:00;172602N232;0;22.619;37;224;225;226;221;0.000;49.98;257.4;0.000;257.6;0.000;0.0;0.000;50;0;0;0.001;0.000;0.000;0;0;0;49.98;49.98;49.98;13354;1000;0.0;0;1.0000;0;0
600;2013-08-15 20:50:00;172602N232;0;22.619;36;224;225;226;221;0.000;49.99;230.4;0.000;231.4;0.000;0.0;0.000;50;0;0;0.000;0.000;0.000;0;0;0;49.99;49.99;49.99;13354;1000;0.0;0;1.0000;0;0
600;2013-08-15 21:00:00;172602N232;0;22.619;35;223;224;225;221;0.000;50.00;228.4;0.000;229.4;0.000;0.0;0.000;50;0;0;0.000;0.000;0.000;0;0;0;50.00;50.00;50.00;13354;1000;0.0;0;1.0000;0;0
[wr_ende]
