20151128;230001;172602N232;My Plant;+0100
[wr_def_start]
172602N232;Inverter Type;Inverter Group;72602N232      
[wr_def_end]
[wr]
INTERVAL;TIMESTAMP;SERIAL;P_AC;E_DAY;T_WR;U_AC;U_AC_1;U_AC_2;U_AC_3;I_AC;F_AC;U_DC_1;I_DC_1;U_DC_2;I_DC_2;U_DC_3;I_DC_3;S;E_WR;M_WR;I_AC_1;I_AC_2;I_AC_3;P_AC_1;P_AC_2;P_AC_3;F_AC_1;F_AC_2;F_AC_3;R_DC;PC;PCS;PCS_LL;COS_PHI;COS_PHI_LL;S_COS_PHI
600;2015-11-28 07:30:00;172602N232;0;0.000;0;2;2;2;2;0.000;0.53;2.3;0.000;2.3;0.000;0.0;0.000;50;0;0;0.000;0.000;0.000;0;0;0;0.53;0.53;0.53;40;1000;0.0;0;1.0000;0;0
600;2015-11-28 07:40:00;172602N232;0;0.000;15;223;223;225;220;0.000;49.99;227.2;0.000;228.2;0.000;0.0;0.000;50;0;0;0.000;0.000;0.000;0;0;0;49.99;49.99;49.99;0;1000;0.0;0;1.0000;0;0
600;2015-11-28 07:50:00;172602N232;0;0.000;17;222;223;225;219;0.000;49.99;230.2;0.000;231.1;0.000;0.0;0.000;50;0;0;0.000;0.000;0.000;0;0;0;49.99;49.99;49.99;0;1000;0.0;0;1.0000;0;0
600;2015-11-28 08:00:00;172602N232;0;0.000;18;223;223;226;219;0.000;49.97;294.6;0.000;293.4;0.000;0.0;0.000;50;0;0;0.000;0.000;0.000;0;0;0;49.97;49.97;49.97;0;1000;0.0;0;1.0000;0;0
600;2015-11-28 08:10:00;172602N232;1;0.000;18;223;223;224;221;0.070;49.98;296.4;0.000;294.0;0.000;0.0;0.000;60;0;0;0.083;0.070;0.058;0;2;3;49.98;49.98;49.98;2940;1000;0.0;0;1.0000;0;0
600;2015-11-28 08:20:00;172602N232;18;0.006;19;222;223;222;222;0.357;49.97;304.3;0.011;285.5;0.015;0.0;0.000;60;0;0;0.475;0.300;0.296;0;17;17;49.97;49.97;49.97;5003;1000;0.0;0;1.0000;0;0
600;2015-11-28 08:30:00;172602N232;35;0.013;19;223;223;223;222;0.495;49.97;350.8;0.030;354.0;0.031;0.0;0.000;60;0;0;0.612;0.451;0.424;1;25;19;49.97;49.97;49.97;5003;1000;0.0;0;1.0000;0;0
600;2015-11-28 08:40:00;172602N232;40;0.020;20;222;222;223;222;0.536;50.01;355.3;0.035;359.7;0.036;0.0;0.000;60;0;0;0.577;0.623;0.408;6;17;23;50.01;50.01;50.01;5003;1000;0.0;0;1.0000;0;0
600;2015-11-28 08:50:00;172602N232;61;0.032;20;222;223;221;221;0.706;49.99;379.8;0.062;376.7;0.062;0.0;0.000;60;0;0;1.015;0.541;0.563;1;40;29;49.99;49.99;49.99;5003;1000;0.0;0;1.0000;0;0
600;2015-11-28 09:00:00;172602N232;75;0.045;21;222;222;222;221;0.832;49.98;389.5;0.079;384.6;0.079;0.0;0.000;60;0;0;1.051;0.799;0.648;6;31;45;49.98;49.98;49.98;5003;1000;0.0;0;1.0000;0;0
600;2015-11-28 09:10:00;172602N232;100;0.060;21;222;222;222;221;0.905;50.00;399.2;0.109;391.1;0.109;0.0;0.000;60;0;0;1.016;0.931;0.768;11;33;54;50.00;50.00;50.00;5003;1000;0.0;0;1.0000;0;0
600;2015-11-28 09:20:00;172602N232;132;0.078;21;220;220;221;220;0.938;50.01;408.9;0.146;396.6;0.147;0.0;0.000;60;0;0;0.997;1.036;0.781;25;39;66;50.01;50.01;50.01;5003;1000;0.0;0;1.0000;0;0
600;2015-11-28 09:30:00;172602N232;190;0.110;22;222;221;224;220;0.985;50.00;417.1;0.214;404.3;0.215;0.0;0.000;60;0;0;0.989;1.269;0.698;49;62;77;50.00;50.00;50.00;5003;1000;0.0;0;1.0000;0;0
600;2015-11-28 09:40:00;172602N232;189;0.141;22;221;220;223;221;0.993;50.01;411.4;0.214;404.1;0.215;0.0;0.000;60;0;0;0.906;1.340;0.733;56;50;81;50.01;50.01;50.01;5003;1000;0.0;0;1.0000;0;0
600;2015-11-28 09:50:00;172602N232;367;0.203;22;221;220;222;221;1.091;50.00;430.4;0.416;414.8;0.423;0.0;0.000;60;0;0;1.063;1.215;0.995;119;122;125;50.00;50.00;50.00;5003;1000;0.0;0;1.0000;0;0
600;2015-11-28 10:00:00;172602N232;319;0.255;23;221;221;221;221;0.921;50.01;420.2;0.366;410.7;0.360;0.0;0.000;60;0;0;0.962;0.905;0.898;88;122;107;50.01;50.01;50.01;5003;1000;0.0;0;1.0000;0;0
600;2015-11-28 10:10:00;172602N232;212;0.291;23;221;221;222;221;1.015;50.01;414.8;0.240;402.7;0.243;0.0;0.000;60;0;0;1.109;1.094;0.844;58;82;71;50.01;50.01;50.01;5003;1000;0.0;0;1.0000;0;0
600;2015-11-28 10:20:00;172602N232;344;0.349;24;222;221;223;222;1.130;50.03;425.5;0.398;414.3;0.393;0.0;0.000;60;0;0;1.129;1.216;1.046;108;118;116;50.03;50.03;50.03;5003;1000;0.0;0;1.0000;0;0
600;2015-11-28 10:30:00;172602N232;409;0.417;24;222;222;222;222;1.138;50.00;424.4;0.483;420.6;0.456;0.0;0.000;60;0;0;1.125;1.189;1.100;122;149;136;50.00;50.00;50.00;5003;1000;0.0;0;1.0000;0;0
600;2015-11-28 10:40:00;172602N232;357;0.477;24;222;222;222;221;1.103;50.01;423.4;0.419;417.6;0.400;0.0;0.000;60;0;0;1.168;1.106;1.036;99;136;119;50.01;50.01;50.01;5003;1000;0.0;0;1.0000;0;0
600;2015-11-28 10:50:00;172602N232;625;0.581;24;222;223;222;220;1.287;50.00;434.0;0.883;448.1;0.513;0.0;0.000;60;0;0;1.348;1.284;1.230;201;214;207;50.00;50.00;50.00;5003;1000;0.0;0;1.0000;0;0
600;2015-11-28 11:00:00;172602N232;989;0.746;25;223;223;224;220;1.512;49.99;438.4;1.689;480.2;0.502;0.0;0.000;60;0;0;1.471;1.555;1.510;319;342;325;49.99;49.99;49.99;5003;1000;0.0;0;1.0000;0;0
600;2015-11-28 11:10:00;172602N232;747;0.870;25;222;221;224;221;1.165;50.01;428.9;1.183;439.6;0.575;0.0;0.000;60;0;0;1.110;1.209;1.178;234;260;251;50.01;50.01;50.01;5003;1000;0.0;0;1.0000;0;0
600;2015-11-28 11:20:00;172602N232;962;1.032;26;223;221;226;221;1.520;50.01;385.7;1.252;371.3;1.295;0.0;0.000;60;0;0;1.461;1.581;1.520;304;337;319;50.01;50.01;50.01;5003;1000;0.0;0;1.0000;0;0
600;2015-11-28 11:30:00;172602N232;1363;1.259;26;223;222;227;218;2.071;50.00;406.5;1.519;394.2;1.911;0.0;0.000;60;0;0;2.002;2.171;2.041;436;484;440;50.00;50.00;50.00;5003;1000;0.0;0;1.0000;0;0
600;2015-11-28 11:40:00;172602N232;920;1.412;27;223;222;228;219;1.467;50.02;366.3;0.947;392.9;1.473;0.0;0.000;60;0;0;1.397;1.560;1.446;288;330;301;50.02;50.02;50.02;5003;1000;0.0;0;1.0000;0;0
600;2015-11-28 11:50:00;172602N232;877;1.559;27;224;223;228;221;1.360;50.03;384.9;0.744;380.1;1.571;0.0;0.000;60;0;0;1.301;1.419;1.360;276;310;289;50.03;50.03;50.03;5003;1000;0.0;0;1.0000;0;0
600;2015-11-28 12:00:00;172602N232;850;1.700;28;224;224;227;220;1.305;50.01;360.1;0.671;392.0;1.564;0.0;0.000;60;0;0;1.255;1.358;1.302;271;300;278;50.01;50.01;50.01;5003;1000;0.0;0;1.0000;0;0
600;2015-11-28 12:10:00;172602N232;1039;1.874;28;224;224;226;221;1.593;50.01;439.4;0.785;406.8;1.724;0.0;0.000;60;0;0;1.547;1.638;1.595;333;361;343;50.01;50.01;50.01;5003;1000;0.0;0;1.0000;0;0
600;2015-11-28 12:20:00;172602N232;665;1.984;28;224;222;226;223;1.108;50.01;451.0;0.402;393.7;1.216;0.0;0.000;60;0;0;1.029;1.197;1.099;207;237;220;50.01;50.01;50.01;5003;1000;0.0;0;1.0000;0;0
600;2015-11-28 12:30:00;172602N232;443;2.058;29;224;223;224;223;1.151;50.00;448.3;0.379;404.9;0.673;0.0;0.000;60;0;0;1.156;1.193;1.106;137;162;141;50.00;50.00;50.00;5003;1000;0.0;0;1.0000;0;0
600;2015-11-28 12:40:00;172602N232;495;2.142;29;224;224;227;223;1.071;50.00;448.7;0.522;434.8;0.562;0.0;0.000;60;0;0;1.042;1.149;1.024;151;178;164;50.00;50.00;50.00;5003;1000;0.0;0;1.0000;0;0
600;2015-11-28 12:50:00;172602N232;369;2.202;29;225;225;227;223;1.234;50.02;464.5;0.348;440.6;0.432;0.0;0.000;60;0;0;1.256;1.349;1.098;105;122;140;50.02;50.02;50.02;5003;1000;0.0;0;1.0000;0;0
600;2015-11-28 13:00:00;172602N232;460;2.280;29;225;224;227;222;1.202;50.02;471.0;0.461;444.2;0.514;0.0;0.000;60;0;0;1.156;1.308;1.142;138;161;159;50.02;50.02;50.02;5003;1000;0.0;0;1.0000;0;0
600;2015-11-28 13:10:00;172602N232;412;2.348;29;225;224;227;222;1.047;50.01;406.4;0.639;437.3;0.369;0.0;0.000;60;0;0;1.059;1.113;0.970;126;143;140;50.01;50.01;50.01;5003;1000;0.0;0;1.0000;0;0
600;2015-11-28 13:20:00;172602N232;478;2.428;29;224;224;228;222;0.833;50.01;387.2;0.853;438.1;0.320;0.0;0.000;60;0;0;0.778;0.884;0.837;145;172;159;50.01;50.01;50.01;5003;1000;0.0;0;1.0000;0;0
600;2015-11-28 13:30:00;172602N232;467;2.506;29;224;222;228;223;0.739;50.02;389.8;0.831;442.7;0.304;0.0;0.000;60;0;0;0.674;0.788;0.756;138;168;159;50.02;50.02;50.02;5003;1000;0.0;0;1.0000;0;0
600;2015-11-28 13:40:00;172602N232;411;2.575;29;224;222;228;224;0.915;50.01;358.2;0.742;435.3;0.321;0.0;0.000;60;0;0;0.860;1.004;0.881;123;143;143;50.01;50.01;50.01;5003;1000;0.0;0;1.0000;0;0
600;2015-11-28 13:50:00;172602N232;188;2.606;29;224;224;224;225;0.963;49.99;394.5;0.236;396.9;0.198;0.0;0.000;60;0;0;0.940;0.987;0.964;53;75;57;49.99;49.99;49.99;5003;1000;0.0;0;1.0000;0;0
600;2015-11-28 14:00:00;172602N232;365;2.667;29;224;222;225;225;0.978;50.00;426.2;0.425;414.3;0.410;0.0;0.000;60;0;0;0.944;1.076;0.916;118;127;118;50.00;50.00;50.00;5003;1000;0.0;0;1.0000;0;0
600;2015-11-28 14:10:00;172602N232;114;2.686;28;222;222;222;223;0.895;49.99;392.4;0.128;386.8;0.131;0.0;0.000;60;0;0;0.876;0.924;0.886;27;45;41;49.99;49.99;49.99;5003;1000;0.0;0;1.0000;0;0
600;2015-11-28 14:20:00;172602N232;117;2.705;28;223;222;222;223;0.907;50.01;399.8;0.129;391.1;0.132;0.0;0.000;60;0;0;0.924;0.910;0.889;23;51;42;50.01;50.01;50.01;5003;1000;0.0;0;1.0000;0;0
600;2015-11-28 14:30:00;172602N232;121;2.727;28;222;221;222;223;0.877;50.01;399.2;0.136;395.1;0.130;0.0;0.000;60;0;0;0.795;0.972;0.864;33;49;37;50.01;50.01;50.01;5003;1000;0.0;0;1.0000;0;0
600;2015-11-28 14:40:00;172602N232;68;2.738;28;222;222;222;221;0.762;50.00;380.3;0.070;377.6;0.072;0.0;0.000;60;0;0;0.870;0.742;0.674;8;30;30;50.00;50.00;50.00;5003;1000;0.0;0;1.0000;0;0
600;2015-11-28 14:50:00;172602N232;49;2.746;28;222;221;223;220;0.614;50.00;363.3;0.046;364.9;0.048;0.0;0.000;60;0;0;0.640;0.751;0.452;15;10;33;50.00;50.00;50.00;5003;1000;0.0;0;1.0000;0;0
600;2015-11-28 15:00:00;172602N232;20;2.750;27;221;221;222;221;0.380;49.98;301.4;0.013;308.0;0.016;0.0;0.000;60;0;0;0.449;0.404;0.287;4;11;16;49.98;49.98;49.98;5003;1000;0.0;0;1.0000;0;0
600;2015-11-28 15:10:00;172602N232;7;2.752;27;221;221;222;221;0.254;49.99;260.2;0.001;263.2;0.003;0.0;0.000;60;0;0;0.289;0.290;0.183;2;3;9;49.99;49.99;49.99;5003;1000;0.0;0;1.0000;0;0
600;2015-11-28 15:20:00;172602N232;0;2.752;26;221;221;223;220;0.011;49.97;294.4;0.000;293.4;0.000;0.0;0.000;51;0;0;0.014;0.011;0.008;0;0;0;49.97;49.97;49.97;5247;1000;0.0;0;1.0000;0;0
600;2015-11-28 15:30:00;172602N232;0;2.752;25;221;221;223;218;0.000;50.01;250.0;0.000;250.6;0.000;0.0;0.000;51;0;0;0.000;0.000;0.000;0;0;0;50.01;50.01;50.01;5613;1000;0.0;0;1.0000;0;0
600;2015-11-28 15:40:00;172602N232;0;2.752;25;220;220;223;218;0.000;49.99;229.0;0.000;229.9;0.000;0.0;0.000;51;0;0;0.000;0.000;0.000;0;0;0;49.99;49.99;49.99;5613;1000;0.0;0;1.0000;0;0
600;2015-11-28 15:50:00;172602N232;0;2.752;24;220;221;223;217;0.000;49.99;228.1;0.000;229.1;0.000;0.0;0.000;51;0;0;0.000;0.000;0.000;0;0;0;49.99;49.99;49.99;5613;1000;0.0;0;1.0000;0;0
[wr_ende]
