20120919;230000;172602N232;My Plant;+0100
[wr_def_start]
172602N232;Inverter Type;Inverter Group;72602N232      
[wr_def_end]
[wr]
INTERVAL;TIMESTAMP;SERIAL;P_AC;E_DAY;T_WR;U_AC;U_AC_1;U_AC_2;U_AC_3;I_AC;F_AC;U_DC_1;I_DC_1;U_DC_2;I_DC_2;U_DC_3;I_DC_3;S;E_WR;M_WR;I_AC_1;I_AC_2;I_AC_3;P_AC_1;P_AC_2;P_AC_3;F_AC_1;F_AC_2;F_AC_3;R_DC;PC;PCS;PCS_LL;COS_PHI;COS_PHI_LL;S_COS_PHI
600;2012-09-19 06:40:00;172602N232;0;9.205;0;1;1;1;1;0.000;0.33;1.4;0.000;1.4;0.000;0.0;0.000;10;0;0;0.000;0.000;0.000;0;0;0;0.33;0.33;0.33;31;1000;0.0;0;1.0000;0;0
600;2012-09-19 06:50:00;172602N232;0;9.205;22;220;220;223;216;0.000;49.63;226.8;0.000;227.7;0.000;0.0;0.000;50;0;0;0.000;0.000;0.000;0;0;0;49.63;49.63;49.63;0;1000;0.0;0;1.0000;0;0
600;2012-09-19 07:00:00;172602N232;0;9.205;24;221;221;225;216;0.000;50.01;232.7;0.000;233.6;0.000;0.0;0.000;50;0;0;0.000;0.000;0.000;0;0;0;50.01;50.01;50.01;0;1000;0.0;0;1.0000;0;0
600;2012-09-19 07:10:00;172602N232;0;9.205;25;220;220;223;216;0.035;49.99;271.2;0.000;270.7;0.000;0.0;0.000;60;0;0;0.042;0.038;0.026;0;0;1;49.99;49.99;49.99;3321;1000;0.0;0;1.0000;0;0
600;2012-09-19 07:20:00;172602N232;43;9.211;26;219;220;221;217;0.549;49.99;329.3;0.044;331.9;0.042;0.0;0.000;60;0;0;0.583;0.646;0.418;9;7;31;49.99;49.99;49.99;9466;1000;0.0;0;1.0000;0;0
600;2012-09-19 07:30:00;172602N232;50;9.220;26;223;222;224;222;0.694;49.98;360.7;0.052;365.2;0.049;0.0;0.000;60;0;0;0.768;0.796;0.520;3;12;35;49.98;49.98;49.98;9466;1000;0.0;0;1.0000;0;0
600;2012-09-19 07:40:00;172602N232;76;9.233;27;224;223;224;224;0.756;50.00;377.5;0.083;382.9;0.082;0.0;0.000;60;0;0;0.784;0.821;0.664;17;25;32;50.00;50.00;50.00;9466;1000;0.0;0;1.0000;0;0
600;2012-09-19 07:50:00;172602N232;168;9.260;27;226;225;227;225;0.951;49.99;407.1;0.194;406.5;0.183;0.0;0.000;60;0;0;0.929;1.150;0.775;42;54;70;49.99;49.99;49.99;9466;1000;0.0;0;1.0000;0;0
600;2012-09-19 08:00:00;172602N232;229;9.299;28;225;225;226;225;1.067;50.00;414.2;0.272;414.2;0.248;0.0;0.000;60;0;0;1.168;1.097;0.937;47;90;89;50.00;50.00;50.00;9466;1000;0.0;0;1.0000;0;0
600;2012-09-19 08:10:00;172602N232;321;9.353;29;224;224;225;224;1.106;50.02;421.4;0.380;420.2;0.352;0.0;0.000;60;0;0;1.144;1.177;0.998;93;121;105;50.02;50.02;50.02;9466;1000;0.0;0;1.0000;0;0
600;2012-09-19 08:20:00;172602N232;296;9.403;29;223;223;224;223;1.155;50.00;418.4;0.360;423.0;0.313;0.0;0.000;60;0;0;1.162;1.281;1.024;83;108;104;50.00;50.00;50.00;9466;1000;0.0;0;1.0000;0;0
600;2012-09-19 08:30:00;172602N232;289;9.450;30;225;225;226;223;1.173;50.00;424.8;0.336;423.7;0.312;0.0;0.000;60;0;0;1.260;1.285;0.976;81;102;103;50.00;50.00;50.00;9466;1000;0.0;0;1.0000;0;0
600;2012-09-19 08:40:00;172602N232;403;9.518;31;225;226;226;224;1.084;50.01;429.1;0.480;429.6;0.433;0.0;0.000;60;0;0;1.123;1.091;1.039;111;146;144;50.01;50.01;50.01;9466;1000;0.0;0;1.0000;0;0
600;2012-09-19 08:50:00;172602N232;584;9.616;31;226;227;226;225;0.930;50.00;435.1;0.687;432.6;0.639;0.0;0.000;60;0;0;0.892;0.961;0.938;182;202;197;50.00;50.00;50.00;9466;1000;0.0;0;1.0000;0;0
600;2012-09-19 09:00:00;172602N232;767;9.744;32;226;227;227;225;1.309;50.00;437.1;0.910;441.8;0.817;0.0;0.000;60;0;0;1.396;1.257;1.276;252;254;258;50.00;50.00;50.00;9466;1000;0.0;0;1.0000;0;0
600;2012-09-19 09:10:00;172602N232;826;9.882;32;222;222;222;221;1.281;50.00;441.9;0.979;445.8;0.867;0.0;0.000;60;0;0;1.231;1.315;1.298;263;284;278;50.00;50.00;50.00;9466;1000;0.0;0;1.0000;0;0
600;2012-09-19 09:20:00;172602N232;607;9.983;33;223;223;223;222;1.003;49.98;431.0;0.719;431.2;0.668;0.0;0.000;60;0;0;0.981;1.022;1.008;191;209;206;49.98;49.98;49.98;9466;1000;0.0;0;1.0000;0;0
600;2012-09-19 09:30:00;172602N232;565;10.077;33;223;223;224;222;0.943;49.98;431.3;0.659;423.9;0.644;0.0;0.000;60;0;0;0.913;0.969;0.947;178;196;190;49.98;49.98;49.98;9466;1000;0.0;0;1.0000;0;0
600;2012-09-19 09:40:00;172602N232;698;10.194;34;225;225;226;224;1.209;50.01;435.5;0.810;428.0;0.790;0.0;0.000;60;0;0;1.284;1.174;1.169;227;235;233;50.01;50.01;50.01;9466;1000;0.0;0;1.0000;0;0
600;2012-09-19 09:50:00;172602N232;919;10.347;34;225;226;227;223;1.408;50.01;431.4;1.103;438.2;1.000;0.0;0.000;60;0;0;1.361;1.447;1.417;294;318;306;50.01;50.01;50.01;9466;1000;0.0;0;1.0000;0;0
600;2012-09-19 10:00:00;172602N232;987;10.512;35;225;225;227;223;1.492;50.02;431.1;1.169;448.4;1.069;0.0;0.000;60;0;0;1.437;1.537;1.503;315;342;328;50.02;50.02;50.02;9466;1000;0.0;0;1.0000;0;0
600;2012-09-19 10:10:00;172602N232;1156;10.705;35;225;225;226;223;1.764;50.02;430.7;1.305;456.9;1.293;0.0;0.000;60;0;0;1.726;1.801;1.766;375;397;382;50.02;50.02;50.02;9466;1000;0.0;0;1.0000;0;0
600;2012-09-19 10:20:00;172602N232;1127;10.894;35;224;225;225;223;1.749;50.01;426.2;1.303;446.5;1.273;0.0;0.000;60;0;0;1.723;1.771;1.753;366;384;375;50.01;50.01;50.01;9466;1000;0.0;0;1.0000;0;0
600;2012-09-19 10:30:00;172602N232;888;11.041;36;225;226;226;224;1.432;50.01;425.3;1.068;434.1;0.986;0.0;0.000;60;0;0;1.431;1.438;1.427;284;303;299;50.01;50.01;50.01;9466;1000;0.0;0;1.0000;0;0
600;2012-09-19 10:40:00;172602N232;982;11.206;36;225;226;226;224;1.522;50.01;426.9;1.213;433.0;1.061;0.0;0.000;60;0;0;1.485;1.552;1.531;315;336;328;50.01;50.01;50.01;9466;1000;0.0;0;1.0000;0;0
600;2012-09-19 10:50:00;172602N232;1368;11.433;36;226;226;227;225;2.093;50.00;429.9;1.663;434.8;1.509;0.0;0.000;60;0;0;2.060;2.107;2.112;442;465;460;50.00;50.00;50.00;9466;1000;0.0;0;1.0000;0;0
600;2012-09-19 11:00:00;172602N232;1485;11.681;36;226;226;227;224;2.230;50.01;433.7;1.791;432.2;1.649;0.0;0.000;60;0;0;2.190;2.267;2.233;484;507;492;50.01;50.01;50.01;9466;1000;0.0;0;1.0000;0;0
600;2012-09-19 11:10:00;172602N232;1231;11.886;37;225;225;225;223;1.877;50.01;425.4;1.510;424.1;1.391;0.0;0.000;60;0;0;1.844;1.902;1.885;401;420;409;50.01;50.01;50.01;9466;1000;0.0;0;1.0000;0;0
600;2012-09-19 11:20:00;172602N232;1166;12.081;37;225;225;227;223;1.806;50.01;424.6;1.443;425.4;1.298;0.0;0.000;60;0;0;1.775;1.831;1.813;376;400;387;50.01;50.01;50.01;9466;1000;0.0;0;1.0000;0;0
600;2012-09-19 11:30:00;172602N232;1296;12.297;37;224;224;226;223;2.007;50.01;443.3;1.623;431.9;1.335;0.0;0.000;60;0;0;1.964;2.034;2.025;417;444;433;50.01;50.01;50.01;9466;1000;0.0;0;1.0000;0;0
600;2012-09-19 11:40:00;172602N232;1140;12.487;37;224;224;226;223;1.765;50.00;452.8;1.432;436.8;1.118;0.0;0.000;60;0;0;1.722;1.794;1.780;367;391;381;50.00;50.00;50.00;9466;1000;0.0;0;1.0000;0;0
600;2012-09-19 11:50:00;172602N232;1275;12.700;37;225;225;227;224;1.924;50.00;394.5;2.238;439.6;1.055;0.0;0.000;60;0;0;1.872;1.968;1.933;412;438;424;50.00;50.00;50.00;9466;1000;0.0;0;1.0000;0;0
600;2012-09-19 12:00:00;172602N232;2105;13.051;37;226;226;227;224;3.137;50.00;363.1;4.131;439.8;1.459;0.0;0.000;60;0;0;3.089;3.190;3.132;690;718;696;50.00;50.00;50.00;9466;1000;0.0;0;1.0000;0;0
600;2012-09-19 12:10:00;172602N232;1452;13.294;38;226;226;228;224;2.181;50.00;412.3;2.176;435.5;1.279;0.0;0.000;60;0;0;2.139;2.221;2.184;472;498;481;50.00;50.00;50.00;9466;1000;0.0;0;1.0000;0;0
600;2012-09-19 12:20:00;172602N232;1859;13.604;38;226;226;228;225;2.759;50.01;422.9;2.990;446.5;1.347;0.0;0.000;60;0;0;2.703;2.812;2.762;606;635;616;50.01;50.01;50.01;9466;1000;0.0;0;1.0000;0;0
600;2012-09-19 12:30:00;172602N232;1273;13.817;38;226;225;228;224;1.910;50.01;416.1;1.820;437.0;1.174;0.0;0.000;60;0;0;1.856;1.951;1.924;410;436;424;50.01;50.01;50.01;9466;1000;0.0;0;1.0000;0;0
600;2012-09-19 12:40:00;172602N232;1535;14.072;38;225;225;226;224;2.316;49.99;393.3;2.423;442.2;1.413;0.0;0.000;60;0;0;2.278;2.345;2.327;502;520;512;49.99;49.99;49.99;9466;1000;0.0;0;1.0000;0;0
600;2012-09-19 12:50:00;172602N232;1899;14.389;38;225;226;227;224;2.845;50.01;395.0;2.787;439.3;1.901;0.0;0.000;60;0;0;2.809;2.884;2.843;624;646;628;50.01;50.01;50.01;9466;1000;0.0;0;1.0000;0;0
600;2012-09-19 13:00:00;172602N232;641;14.497;38;225;225;226;223;1.066;50.00;406.7;0.790;407.6;0.767;0.0;0.000;60;0;0;1.024;1.113;1.063;201;225;213;50.00;50.00;50.00;9466;1000;0.0;0;1.0000;0;0
600;2012-09-19 13:10:00;172602N232;844;14.638;39;224;224;226;222;1.294;49.97;418.2;1.012;417.4;0.995;0.0;0.000;60;0;0;1.239;1.335;1.308;267;293;281;49.97;49.97;49.97;9466;1000;0.0;0;1.0000;0;0
600;2012-09-19 13:20:00;172602N232;1007;14.805;39;224;224;226;222;1.535;50.00;425.8;1.204;423.3;1.162;0.0;0.000;60;0;0;1.483;1.576;1.546;322;349;334;50.00;50.00;50.00;9466;1000;0.0;0;1.0000;0;0
600;2012-09-19 13:30:00;172602N232;2110;15.157;39;225;224;227;223;3.155;50.00;393.7;2.033;402.7;3.473;0.0;0.000;60;0;0;3.103;3.227;3.135;689;727;692;50.00;50.00;50.00;9466;1000;0.0;0;1.0000;0;0
600;2012-09-19 13:40:00;172602N232;2668;15.602;39;226;226;229;224;3.947;49.99;324.2;2.692;362.1;5.105;0.0;0.000;60;0;0;3.895;4.028;3.920;875;918;873;49.99;49.99;49.99;9466;1000;0.0;0;1.0000;0;0
600;2012-09-19 13:50:00;172602N232;2629;16.041;39;226;225;229;223;3.901;50.01;321.2;2.887;348.3;5.055;0.0;0.000;60;0;0;3.834;3.993;3.877;858;908;861;50.01;50.01;50.01;9466;1000;0.0;0;1.0000;0;0
600;2012-09-19 14:00:00;172602N232;2317;16.427;39;226;226;229;223;3.438;50.01;349.0;2.828;348.9;4.078;0.0;0.000;60;0;0;3.387;3.524;3.405;759;801;754;50.01;50.01;50.01;9466;1000;0.0;0;1.0000;0;0
600;2012-09-19 14:10:00;172602N232;724;16.548;40;225;225;227;223;1.280;50.00;411.2;0.897;408.3;0.862;0.0;0.000;60;0;0;1.235;1.355;1.251;228;252;243;50.00;50.00;50.00;9466;1000;0.0;0;1.0000;0;0
600;2012-09-19 14:20:00;172602N232;690;16.664;40;224;224;227;223;1.106;49.99;430.2;0.804;423.6;0.791;0.0;0.000;60;0;0;1.054;1.152;1.113;216;242;230;49.99;49.99;49.99;9466;1000;0.0;0;1.0000;0;0
600;2012-09-19 14:30:00;172602N232;237;16.702;40;224;225;226;222;1.048;50.00;401.6;0.278;401.9;0.271;0.0;0.000;60;0;0;1.199;1.109;0.837;44;95;96;50.00;50.00;50.00;9466;1000;0.0;0;1.0000;0;0
600;2012-09-19 14:40:00;172602N232;389;16.767;39;224;225;227;222;1.181;50.00;407.3;0.457;413.9;0.454;0.0;0.000;60;0;0;1.320;1.246;0.979;107;142;138;50.00;50.00;50.00;9466;1000;0.0;0;1.0000;0;0
600;2012-09-19 14:50:00;172602N232;2788;17.233;39;227;227;229;224;4.130;50.01;425.2;4.869;446.2;1.680;0.0;0.000;60;0;0;4.088;4.204;4.100;919;956;911;50.01;50.01;50.01;9466;1000;0.0;0;1.0000;0;0
600;2012-09-19 15:00:00;172602N232;2479;17.645;39;227;228;230;225;3.661;50.02;407.1;4.601;429.3;1.463;0.0;0.000;60;0;0;3.627;3.722;3.635;819;848;810;50.02;50.02;50.02;9466;1000;0.0;0;1.0000;0;0
600;2012-09-19 15:10:00;172602N232;989;17.812;40;227;227;229;224;1.495;50.01;409.2;1.376;418.4;1.016;0.0;0.000;60;0;0;1.445;1.544;1.498;317;344;327;50.01;50.01;50.01;9466;1000;0.0;0;1.0000;0;0
600;2012-09-19 15:20:00;172602N232;2348;18.204;40;226;227;229;223;3.485;50.02;404.6;4.259;450.8;1.473;0.0;0.000;60;0;0;3.446;3.556;3.454;774;808;764;50.02;50.02;50.02;9466;1000;0.0;0;1.0000;0;0
600;2012-09-19 15:30:00;172602N232;2139;18.560;40;223;223;226;219;3.218;49.99;396.1;4.505;371.8;1.033;0.0;0.000;60;0;0;3.171;3.309;3.175;704;742;691;49.99;49.99;49.99;9466;1000;0.0;0;1.0000;0;0
600;2012-09-19 15:40:00;172602N232;1956;18.886;40;225;225;228;223;2.918;49.99;392.5;4.174;257.0;1.340;0.0;0.000;60;0;0;2.862;2.988;2.904;639;674;641;49.99;49.99;49.99;9466;1000;0.0;0;1.0000;0;0
600;2012-09-19 15:50:00;172602N232;955;19.045;40;225;225;226;223;1.657;49.99;383.0;1.932;345.3;0.715;0.0;0.000;60;0;0;1.632;1.711;1.630;304;331;319;49.99;49.99;49.99;9466;1000;0.0;0;1.0000;0;0
600;2012-09-19 16:00:00;172602N232;2366;19.441;41;226;226;227;224;3.518;50.01;387.1;4.352;458.3;1.545;0.0;0.000;60;0;0;3.477;3.566;3.512;779;804;780;50.01;50.01;50.01;9466;1000;0.0;0;1.0000;0;0
600;2012-09-19 16:10:00;172602N232;1861;19.751;41;226;226;227;224;2.776;50.00;376.3;3.364;443.0;1.424;0.0;0.000;60;0;0;2.735;2.818;2.776;611;633;615;50.00;50.00;50.00;9466;1000;0.0;0;1.0000;0;0
600;2012-09-19 16:20:00;172602N232;1125;19.939;41;226;226;227;224;1.704;49.99;403.4;1.529;418.7;1.217;0.0;0.000;60;0;0;1.660;1.739;1.715;363;386;375;49.99;49.99;49.99;9466;1000;0.0;0;1.0000;0;0
600;2012-09-19 16:30:00;172602N232;483;20.020;41;225;226;226;224;0.994;50.00;406.0;0.636;405.3;0.555;0.0;0.000;60;0;0;1.060;1.001;0.922;146;170;164;50.00;50.00;50.00;9466;1000;0.0;0;1.0000;0;0
600;2012-09-19 16:40:00;172602N232;243;20.061;41;225;226;227;223;1.111;50.00;396.7;0.280;401.9;0.280;0.0;0.000;60;0;0;1.417;1.092;0.825;54;86;101;50.00;50.00;50.00;9466;1000;0.0;0;1.0000;0;0
600;2012-09-19 16:50:00;172602N232;999;20.227;40;226;226;228;225;1.568;49.99;461.7;1.057;379.4;1.376;0.0;0.000;60;0;0;1.551;1.587;1.567;322;343;332;49.99;49.99;49.99;9466;1000;0.0;0;1.0000;0;0
600;2012-09-19 17:00:00;172602N232;674;20.340;40;225;225;227;223;1.286;50.01;420.7;0.748;427.6;0.826;0.0;0.000;60;0;0;1.285;1.317;1.257;212;234;226;50.01;50.01;50.01;9466;1000;0.0;0;1.0000;0;0
600;2012-09-19 17:10:00;172602N232;359;20.401;40;223;223;225;223;1.067;50.01;406.7;0.386;383.8;0.530;0.0;0.000;60;0;0;1.041;1.213;0.947;110;129;118;50.01;50.01;50.01;9466;1000;0.0;0;1.0000;0;0
600;2012-09-19 17:20:00;172602N232;804;20.534;39;224;224;225;224;1.235;49.99;434.4;0.673;331.7;1.701;0.0;0.000;60;0;0;1.178;1.272;1.256;253;277;272;49.99;49.99;49.99;9466;1000;0.0;0;1.0000;0;0
600;2012-09-19 17:30:00;172602N232;486;20.615;39;224;224;225;223;1.062;49.99;421.3;0.530;435.9;0.550;0.0;0.000;60;0;0;1.089;1.110;0.987;144;175;165;49.99;49.99;49.99;9466;1000;0.0;0;1.0000;0;0
600;2012-09-19 17:40:00;172602N232;344;20.673;39;224;224;225;223;1.085;50.00;401.4;0.415;405.5;0.405;0.0;0.000;60;0;0;1.149;1.152;0.956;94;124;124;50.00;50.00;50.00;9466;1000;0.0;0;1.0000;0;0
600;2012-09-19 17:50:00;172602N232;356;20.733;39;224;221;226;223;1.119;49.99;419.0;0.391;437.2;0.407;0.0;0.000;60;0;0;1.059;1.301;0.997;119;111;124;49.99;49.99;49.99;9466;1000;0.0;0;1.0000;0;0
600;2012-09-19 18:00:00;172602N232;308;20.784;38;224;223;227;222;1.155;50.02;414.2;0.336;436.7;0.353;0.0;0.000;60;0;0;1.119;1.347;0.999;97;94;116;50.02;50.02;50.02;9466;1000;0.0;0;1.0000;0;0
600;2012-09-19 18:10:00;172602N232;207;20.818;38;221;220;224;219;1.013;50.03;394.5;0.226;429.7;0.239;0.0;0.000;60;0;0;1.047;1.268;0.725;85;45;75;50.03;50.03;50.03;9466;1000;0.0;0;1.0000;0;0
600;2012-09-19 18:20:00;172602N232;160;20.845;38;219;220;222;217;1.008;50.01;384.6;0.181;410.4;0.184;0.0;0.000;60;0;0;1.229;1.061;0.736;29;58;73;50.01;50.01;50.01;9466;1000;0.0;0;1.0000;0;0
600;2012-09-19 18:30:00;172602N232;62;20.856;37;219;219;221;217;0.748;49.99;358.0;0.066;362.2;0.069;0.0;0.000;60;0;0;0.797;0.884;0.564;13;13;43;49.99;49.99;49.99;9466;1000;0.0;0;1.0000;0;0
600;2012-09-19 18:40:00;172602N232;63;20.867;37;220;220;222;218;0.715;49.99;359.9;0.066;369.0;0.069;0.0;0.000;60;0;0;0.700;0.902;0.543;13;12;42;49.99;49.99;49.99;9466;1000;0.0;0;1.0000;0;0
600;2012-09-19 18:50:00;172602N232;91;20.882;37;221;220;223;220;0.855;49.97;368.9;0.104;388.3;0.101;0.0;0.000;60;0;0;0.800;1.095;0.671;23;14;53;49.97;49.97;49.97;9466;1000;0.0;0;1.0000;0;0
600;2012-09-19 19:00:00;172602N232;129;20.904;37;220;219;222;219;0.910;50.00;376.7;0.151;394.2;0.145;0.0;0.000;60;0;0;0.852;1.202;0.678;41;29;60;50.00;50.00;50.00;9466;1000;0.0;0;1.0000;0;0
600;2012-09-19 19:10:00;172602N232;41;20.911;36;220;218;221;220;0.566;50.02;337.9;0.038;359.3;0.039;0.0;0.000;60;0;0;0.524;0.749;0.425;20;4;24;50.02;50.02;50.02;9466;1000;0.0;0;1.0000;0;0
600;2012-09-19 19:20:00;172602N232;16;20.914;36;220;221;219;220;0.328;50.00;280.9;0.010;283.1;0.013;0.0;0.000;60;0;0;0.432;0.277;0.275;0;16;13;50.00;50.00;50.00;9466;1000;0.0;0;1.0000;0;0
600;2012-09-19 19:30:00;172602N232;0;20.913;35;219;220;220;218;0.011;49.98;255.3;0.000;255.2;0.000;0.0;0.000;50;0;0;0.022;0.008;0.004;0;0;0;49.98;49.98;49.98;9466;1000;0.0;0;1.0000;0;0
600;2012-09-19 19:40:00;172602N232;0;20.913;33;219;220;220;216;0.000;49.98;231.0;0.000;232.0;0.000;0.0;0.000;50;0;0;0.000;0.000;0.000;0;0;0;49.98;49.98;49.98;9466;1000;0.0;0;1.0000;0;0
600;2012-09-19 19:50:00;172602N232;0;20.913;32;218;219;220;216;0.000;49.98;227.9;0.000;228.8;0.000;0.0;0.000;50;0;0;0.000;0.000;0.000;0;0;0;49.98;49.98;49.98;9466;1000;0.0;0;1.0000;0;0
[wr_ende]
