20140807;230000;172602N232;My Plant;+0100
[wr_def_start]
172602N232;Inverter Type;Inverter Group;72602N232      
[wr_def_end]
[wr]
INTERVAL;TIMESTAMP;SERIAL;P_AC;E_DAY;T_WR;U_AC;U_AC_1;U_AC_2;U_AC_3;I_AC;F_AC;U_DC_1;I_DC_1;U_DC_2;I_DC_2;U_DC_3;I_DC_3;S;E_WR;M_WR;I_AC_1;I_AC_2;I_AC_3;P_AC_1;P_AC_2;P_AC_3;F_AC_1;F_AC_2;F_AC_3;R_DC;PC;PCS;PCS_LL;COS_PHI;COS_PHI_LL;S_COS_PHI
600;2014-08-07 05:00:00;172602N232;0;0.000;0;7;7;7;7;0.000;1.63;7.3;0.000;7.3;0.000;0.0;0.000;50;0;0;0.000;0.000;0.000;0;0;0;1.63;1.63;1.63;53;1000;0.0;0;1.0000;0;0
600;2014-08-07 05:10:00;172602N232;0;0.000;26;223;224;226;220;0.000;50.01;233.2;0.000;234.2;0.000;0.0;0.000;50;0;0;0.000;0.000;0.000;0;0;0;50.01;50.01;50.01;0;1000;0.0;0;1.0000;0;0
600;2014-08-07 05:20:00;172602N232;0;0.000;27;223;223;226;221;0.000;50.01;259.1;0.000;259.8;0.000;0.0;0.000;50;0;0;0.000;0.000;0.000;0;0;0;50.01;50.01;50.01;0;1000;0.0;0;1.0000;0;0
600;2014-08-07 05:30:00;172602N232;0;0.000;27;223;223;225;222;0.026;50.01;278.4;0.000;277.8;0.000;0.0;0.000;80;0;0;0.028;0.030;0.020;0;0;0;50.01;50.01;50.01;2598;1000;0.0;0;1.0000;0;0
600;2014-08-07 05:40:00;172602N232;15;0.002;27;223;223;225;222;0.346;50.01;302.7;0.009;311.7;0.010;0.0;0.000;60;0;0;0.394;0.407;0.237;4;1;14;50.01;50.01;50.01;4190;1000;0.0;0;1.0000;0;0
600;2014-08-07 05:50:00;172602N232;53;0.011;28;224;224;225;223;0.694;49.99;362.3;0.053;368.4;0.054;0.0;0.000;60;0;0;0.761;0.819;0.503;5;13;34;49.99;49.99;49.99;4212;1000;0.0;0;1.0000;0;0
600;2014-08-07 06:00:00;172602N232;90;0.025;28;224;224;225;223;0.910;49.99;382.2;0.100;385.0;0.098;0.0;0.000;60;0;0;0.949;1.070;0.713;16;16;55;49.99;49.99;49.99;4212;1000;0.0;0;1.0000;0;0
600;2014-08-07 06:10:00;172602N232;110;0.044;29;223;223;225;222;0.939;49.99;389.0;0.126;390.1;0.123;0.0;0.000;60;0;0;0.912;1.157;0.750;23;20;65;49.99;49.99;49.99;4212;1000;0.0;0;1.0000;0;0
600;2014-08-07 06:20:00;172602N232;156;0.070;29;222;222;224;221;0.976;49.99;397.1;0.181;396.3;0.178;0.0;0.000;60;0;0;0.904;1.276;0.750;31;47;76;49.99;49.99;49.99;4212;1000;0.0;0;1.0000;0;0
600;2014-08-07 06:30:00;172602N232;240;0.111;29;222;221;223;221;1.088;50.00;407.6;0.281;405.5;0.276;0.0;0.000;60;0;0;1.082;1.287;0.895;58;89;90;50.00;50.00;50.00;4212;1000;0.0;0;1.0000;0;0
600;2014-08-07 06:40:00;172602N232;274;0.157;30;225;224;227;225;1.154;50.01;409.1;0.324;409.9;0.312;0.0;0.000;60;0;0;1.001;1.423;1.039;82;82;107;50.01;50.01;50.01;4212;1000;0.0;0;1.0000;0;0
600;2014-08-07 06:50:00;172602N232;313;0.209;30;227;226;228;226;1.132;50.01;411.2;0.370;410.5;0.362;0.0;0.000;60;0;0;1.170;1.289;0.938;107;106;98;50.01;50.01;50.01;4212;1000;0.0;0;1.0000;0;0
600;2014-08-07 07:00:00;172602N232;366;0.269;31;227;227;228;226;1.258;49.99;415.2;0.434;414.1;0.422;0.0;0.000;60;0;0;1.312;1.341;1.121;105;122;137;49.99;49.99;49.99;4212;1000;0.0;0;1.0000;0;0
600;2014-08-07 07:10:00;172602N232;444;0.343;31;227;227;228;226;1.188;49.98;418.4;0.529;420.1;0.502;0.0;0.000;60;0;0;1.180;1.246;1.138;131;159;151;49.98;49.98;49.98;4212;1000;0.0;0;1.0000;0;0
600;2014-08-07 07:20:00;172602N232;554;0.437;32;228;228;230;226;0.854;49.97;421.9;0.668;424.7;0.624;0.0;0.000;60;0;0;0.797;0.900;0.867;171;195;186;49.97;49.97;49.97;4212;1000;0.0;0;1.0000;0;0
600;2014-08-07 07:30:00;172602N232;619;0.540;33;228;227;229;227;0.950;49.97;423.2;0.742;423.6;0.704;0.0;0.000;60;0;0;0.893;0.992;0.965;192;216;209;49.97;49.97;49.97;4212;1000;0.0;0;1.0000;0;0
600;2014-08-07 07:40:00;172602N232;706;0.658;33;227;226;227;226;1.080;50.00;423.1;0.848;423.0;0.804;0.0;0.000;60;0;0;1.023;1.122;1.096;221;245;238;50.00;50.00;50.00;4212;1000;0.0;0;1.0000;0;0
600;2014-08-07 07:50:00;172602N232;807;0.792;34;226;226;227;225;1.243;49.99;423.0;0.982;424.7;0.912;0.0;0.000;60;0;0;1.205;1.276;1.250;257;278;270;49.99;49.99;49.99;4212;1000;0.0;0;1.0000;0;0
600;2014-08-07 08:00:00;172602N232;893;0.941;34;226;227;228;225;1.354;49.99;422.9;1.091;422.9;1.008;0.0;0.000;60;0;0;1.302;1.396;1.365;284;309;298;49.99;49.99;49.99;4212;1000;0.0;0;1.0000;0;0
600;2014-08-07 08:10:00;172602N232;931;1.096;35;226;226;228;224;1.408;49.98;418.4;1.147;420.8;1.062;0.0;0.000;60;0;0;1.359;1.451;1.415;297;322;309;49.98;49.98;49.98;4212;1000;0.0;0;1.0000;0;0
600;2014-08-07 08:20:00;172602N232;960;1.257;36;226;226;228;223;1.452;49.98;415.2;1.184;419.0;1.114;0.0;0.000;60;0;0;1.408;1.499;1.449;309;334;315;49.98;49.98;49.98;4212;1000;0.0;0;1.0000;0;0
600;2014-08-07 08:30:00;172602N232;1042;1.430;36;226;226;227;225;1.566;49.97;413.2;1.304;418.4;1.203;0.0;0.000;60;0;0;1.518;1.608;1.572;335;359;346;49.97;49.97;49.97;4212;1000;0.0;0;1.0000;0;0
600;2014-08-07 08:40:00;172602N232;1027;1.602;36;226;227;226;226;1.544;49.99;412.0;1.270;410.7;1.230;0.0;0.000;60;0;0;1.498;1.578;1.558;331;350;344;49.99;49.99;49.99;4212;1000;0.0;0;1.0000;0;0
600;2014-08-07 08:50:00;172602N232;1111;1.787;37;227;226;228;226;1.684;49.99;409.9;1.413;416.6;1.280;0.0;0.000;60;0;0;1.638;1.717;1.697;356;381;372;49.99;49.99;49.99;4212;1000;0.0;0;1.0000;0;0
600;2014-08-07 09:00:00;172602N232;1192;1.986;37;227;226;229;226;1.841;49.99;410.1;1.497;416.7;1.390;0.0;0.000;60;0;0;1.781;1.889;1.854;377;413;399;49.99;49.99;49.99;4212;1000;0.0;0;1.0000;0;0
600;2014-08-07 09:10:00;172602N232;1026;2.157;38;226;225;227;224;1.576;49.99;410.8;1.258;407.2;1.250;0.0;0.000;60;0;0;1.532;1.615;1.581;328;354;341;49.99;49.99;49.99;4212;1000;0.0;0;1.0000;0;0
600;2014-08-07 09:20:00;172602N232;824;2.294;38;225;225;227;224;1.266;50.00;411.1;0.996;398.7;1.032;0.0;0.000;60;0;0;1.211;1.309;1.280;260;286;276;50.00;50.00;50.00;4212;1000;0.0;0;1.0000;0;0
600;2014-08-07 09:30:00;172602N232;896;2.444;38;225;225;227;225;1.376;50.00;412.9;1.081;401.1;1.117;0.0;0.000;60;0;0;1.320;1.416;1.393;283;310;301;50.00;50.00;50.00;4212;1000;0.0;0;1.0000;0;0
600;2014-08-07 09:40:00;172602N232;821;2.581;39;221;221;222;221;1.284;50.00;407.8;0.996;400.0;1.028;0.0;0.000;60;0;0;1.248;1.310;1.296;261;281;277;50.00;50.00;50.00;4212;1000;0.0;0;1.0000;0;0
600;2014-08-07 09:50:00;172602N232;890;2.729;39;220;221;221;218;1.505;49.98;408.7;1.094;404.9;1.086;0.0;0.000;60;0;0;1.590;1.458;1.467;292;298;298;49.98;49.98;49.98;4212;1000;0.0;0;1.0000;0;0
600;2014-08-07 10:00:00;172602N232;1251;2.939;39;221;221;223;219;1.949;49.99;409.4;1.548;408.4;1.520;0.0;0.000;60;0;0;1.911;1.986;1.950;404;431;414;49.99;49.99;49.99;4212;1000;0.0;0;1.0000;0;0
600;2014-08-07 10:10:00;172602N232;1824;3.243;39;222;222;224;219;2.759;50.00;406.9;2.300;412.6;2.180;0.0;0.000;60;0;0;2.703;2.823;2.751;594;628;600;50.00;50.00;50.00;4212;1000;0.0;0;1.0000;0;0
600;2014-08-07 10:20:00;172602N232;1553;3.501;39;220;222;223;217;2.373;49.99;403.9;1.950;402.1;1.923;0.0;0.000;60;0;0;2.336;2.433;2.352;509;537;505;49.99;49.99;49.99;4212;1000;0.0;0;1.0000;0;0
600;2014-08-07 10:30:00;172602N232;1591;3.767;39;220;221;223;216;2.429;49.98;404.5;1.997;404.1;1.959;0.0;0.000;60;0;0;2.382;2.507;2.398;521;556;513;49.99;49.98;49.98;4212;1000;0.0;0;1.0000;0;0
600;2014-08-07 10:40:00;172602N232;1698;4.050;40;221;222;224;216;2.571;49.99;402.1;2.157;404.9;2.077;0.0;0.000;60;0;0;2.515;2.667;2.532;555;595;545;49.99;49.99;49.99;4212;1000;0.0;0;1.0000;0;0
600;2014-08-07 10:50:00;172602N232;1004;4.217;40;220;221;223;216;1.562;49.99;400.8;1.274;402.5;1.220;0.0;0.000;60;0;0;1.517;1.620;1.550;322;352;327;49.99;49.99;49.99;4212;1000;0.0;0;1.0000;0;0
600;2014-08-07 11:00:00;172602N232;1046;4.392;40;221;220;223;219;1.633;49.99;407.1;1.293;403.3;1.285;0.0;0.000;60;0;0;1.597;1.671;1.632;337;361;346;49.99;49.99;49.99;4212;1000;0.0;0;1.0000;0;0
600;2014-08-07 11:10:00;172602N232;1308;4.610;40;221;220;223;220;2.016;50.00;410.7;1.602;404.5;1.616;0.0;0.000;60;0;0;1.963;2.064;2.023;420;452;435;50.00;50.00;50.00;4212;1000;0.0;0;1.0000;0;0
600;2014-08-07 11:20:00;172602N232;1251;4.819;40;221;220;223;219;1.910;49.99;411.0;1.528;404.2;1.548;0.0;0.000;60;0;0;1.844;1.971;1.915;400;435;414;49.99;49.99;49.99;4212;1000;0.0;0;1.0000;0;0
600;2014-08-07 11:30:00;172602N232;1737;5.109;41;222;221;224;220;2.622;49.99;412.0;2.127;406.0;2.144;0.0;0.000;60;0;0;2.557;2.691;2.618;562;600;573;49.99;49.99;49.99;4212;1000;0.0;0;1.0000;0;0
600;2014-08-07 11:40:00;172602N232;1474;5.354;41;222;222;225;220;2.232;49.99;411.6;1.798;402.2;1.841;0.0;0.000;60;0;0;2.164;2.297;2.235;474;511;487;49.99;49.99;49.99;4212;1000;0.0;0;1.0000;0;0
600;2014-08-07 11:50:00;172602N232;1127;5.542;41;223;222;225;221;1.725;49.99;410.7;1.370;400.6;1.410;0.0;0.000;60;0;0;1.671;1.773;1.733;360;390;375;49.99;49.99;49.99;4212;1000;0.0;0;1.0000;0;0
600;2014-08-07 12:00:00;172602N232;2158;5.903;41;224;223;226;222;3.227;49.99;409.1;2.681;406.9;2.657;0.0;0.000;60;0;0;3.150;3.304;3.227;697;745;714;49.99;49.99;49.99;4212;1000;0.0;0;1.0000;0;0
600;2014-08-07 12:10:00;172602N232;2537;6.325;41;221;221;224;219;3.822;49.99;398.7;3.241;398.9;3.183;0.0;0.000;60;0;0;3.748;3.911;3.809;825;876;834;50.00;50.00;50.00;4212;1000;0.0;0;1.0000;0;0
600;2014-08-07 12:20:00;172602N232;2382;6.722;41;220;220;223;218;3.606;49.98;395.5;3.069;395.4;3.014;0.0;0.000;60;0;0;3.552;3.689;3.578;780;821;779;49.98;49.98;49.98;4212;1000;0.0;0;1.0000;0;0
600;2014-08-07 12:30:00;172602N232;2762;7.182;42;221;220;224;219;4.173;49.99;392.3;3.590;392.8;3.530;0.0;0.000;60;0;0;4.104;4.263;4.152;901;952;907;49.99;49.99;49.99;4212;1000;0.0;0;1.0000;0;0
600;2014-08-07 12:40:00;172602N232;3058;7.693;42;221;220;224;219;4.621;49.99;387.2;4.029;387.3;3.971;0.0;0.000;60;0;0;4.541;4.711;4.612;997;1051;1008;49.99;49.99;49.99;4212;1000;0.0;0;1.0000;0;0
600;2014-08-07 12:50:00;172602N232;3048;8.201;42;222;221;226;220;4.571;49.98;384.1;4.050;383.8;3.996;0.0;0.000;60;0;0;4.485;4.687;4.541;991;1057;998;49.98;49.98;49.98;4212;1000;0.0;0;1.0000;0;0
600;2014-08-07 13:00:00;172602N232;2826;8.672;43;224;223;228;223;4.202;49.99;386.5;3.726;385.8;3.685;0.0;0.000;60;0;0;4.112;4.311;4.183;914;980;930;49.99;49.99;49.99;4212;1000;0.0;0;1.0000;0;0
600;2014-08-07 13:10:00;172602N232;2110;9.024;43;223;222;226;222;3.163;49.99;398.5;2.677;389.8;2.729;0.0;0.000;60;0;0;3.095;3.248;3.146;683;731;695;49.99;49.99;49.99;4212;1000;0.0;0;1.0000;0;0
600;2014-08-07 13:20:00;172602N232;2314;9.410;43;224;223;227;222;3.460;49.98;398.8;2.941;393.1;2.962;0.0;0.000;60;0;0;3.398;3.549;3.433;753;801;758;49.98;49.98;49.98;4212;1000;0.0;0;1.0000;0;0
600;2014-08-07 13:30:00;172602N232;2535;9.833;43;224;223;227;222;3.780;49.99;395.9;3.246;391.5;3.260;0.0;0.000;60;0;0;3.718;3.872;3.752;827;876;830;49.99;49.99;49.99;4212;1000;0.0;0;1.0000;0;0
600;2014-08-07 13:40:00;172602N232;2751;10.290;43;225;224;228;222;4.086;49.99;392.9;3.558;389.7;3.552;0.0;0.000;60;0;0;4.010;4.188;4.061;895;952;902;49.99;49.99;49.99;4212;1000;0.0;0;1.0000;0;0
600;2014-08-07 13:50:00;172602N232;2463;10.701;43;225;223;228;223;3.660;49.99;393.1;3.181;388.6;3.188;0.0;0.000;60;0;0;3.585;3.757;3.639;799;853;808;49.99;49.99;49.99;4212;1000;0.0;0;1.0000;0;0
600;2014-08-07 14:00:00;172602N232;1959;11.028;43;224;223;227;222;2.921;49.99;396.7;2.500;389.7;2.527;0.0;0.000;60;0;0;2.859;2.996;2.909;636;677;644;49.99;49.99;49.99;4212;1000;0.0;0;1.0000;0;0
600;2014-08-07 14:10:00;172602N232;1635;11.301;43;224;223;226;222;2.446;49.99;405.8;2.031;396.8;2.067;0.0;0.000;60;0;0;2.385;2.515;2.438;530;566;538;49.99;49.99;49.99;4212;1000;0.0;0;1.0000;0;0
600;2014-08-07 14:20:00;172602N232;1670;11.580;43;222;222;225;220;2.525;50.00;404.4;2.068;396.4;2.123;0.0;0.000;60;0;0;2.463;2.590;2.522;540;577;550;50.00;50.00;50.00;4212;1000;0.0;0;1.0000;0;0
600;2014-08-07 14:30:00;172602N232;1951;11.905;43;221;221;224;218;2.946;49.99;406.0;2.421;396.3;2.480;0.0;0.000;60;0;0;2.885;3.031;2.924;636;677;636;49.99;49.99;49.99;4212;1000;0.0;0;1.0000;0;0
600;2014-08-07 14:40:00;172602N232;2293;12.286;43;222;221;225;220;3.451;50.00;404.6;2.858;394.9;2.929;0.0;0.000;60;0;0;3.376;3.541;3.437;744;794;753;50.00;50.00;50.00;4212;1000;0.0;0;1.0000;0;0
600;2014-08-07 14:50:00;172602N232;1959;12.613;43;221;221;224;219;2.956;49.99;409.3;2.405;398.2;2.481;0.0;0.000;60;0;0;2.891;3.038;2.941;636;679;642;49.99;49.99;49.99;4212;1000;0.0;0;1.0000;0;0
600;2014-08-07 15:00:00;172602N232;2445;13.022;43;222;222;226;219;3.673;49.99;405.9;3.035;397.5;3.110;0.0;0.000;60;0;0;3.609;3.778;3.632;798;851;794;49.99;49.99;49.99;4212;1000;0.0;0;1.0000;0;0
600;2014-08-07 15:10:00;172602N232;1799;13.321;43;222;222;224;218;2.713;49.99;409.4;2.195;396.8;2.296;0.0;0.000;60;0;0;2.664;2.782;2.694;589;622;586;49.99;49.99;49.99;4212;1000;0.0;0;1.0000;0;0
600;2014-08-07 15:20:00;172602N232;1918;13.641;43;222;222;224;218;2.892;49.99;405.4;2.366;399.6;2.427;0.0;0.000;60;0;0;2.841;2.970;2.867;628;664;624;49.99;49.99;49.99;4212;1000;0.0;0;1.0000;0;0
600;2014-08-07 15:30:00;172602N232;2567;14.069;43;222;222;225;219;3.865;50.00;404.0;3.204;394.4;3.295;0.0;0.000;60;0;0;3.801;3.966;3.830;839;890;835;50.00;50.00;50.00;4212;1000;0.0;0;1.0000;0;0
600;2014-08-07 15:40:00;172602N232;1290;14.284;44;220;220;222;217;2.021;50.00;399.7;1.605;395.6;1.646;0.0;0.000;60;0;0;1.974;2.073;2.018;415;448;425;50.00;50.00;50.00;4212;1000;0.0;0;1.0000;0;0
600;2014-08-07 15:50:00;172602N232;1427;14.522;43;220;220;223;217;2.180;49.99;410.0;1.734;398.5;1.807;0.0;0.000;60;0;0;2.120;2.247;2.173;461;496;468;49.99;49.99;49.99;4212;1000;0.0;0;1.0000;0;0
600;2014-08-07 16:00:00;172602N232;1428;14.759;43;219;219;221;217;2.198;49.99;407.5;1.755;398.6;1.800;0.0;0.000;60;0;0;2.152;2.248;2.196;464;492;471;49.99;49.99;49.99;4212;1000;0.0;0;1.0000;0;0
600;2014-08-07 16:10:00;172602N232;953;14.920;43;218;218;220;216;1.503;49.99;404.3;1.180;400.3;1.180;0.0;0.000;60;0;0;1.461;1.545;1.504;306;329;316;49.99;49.99;49.99;4212;1000;0.0;0;1.0000;0;0
600;2014-08-07 16:20:00;172602N232;696;15.035;43;218;217;218;217;1.104;49.98;399.9;0.872;399.6;0.852;0.0;0.000;60;0;0;1.062;1.132;1.119;219;239;235;49.98;49.98;49.98;4212;1000;0.0;0;1.0000;0;0
600;2014-08-07 16:30:00;172602N232;625;15.140;43;217;217;218;217;0.986;49.99;403.1;0.771;399.4;0.766;0.0;0.000;60;0;0;0.931;1.024;1.005;195;217;211;49.99;49.99;49.99;4212;1000;0.0;0;1.0000;0;0
600;2014-08-07 16:40:00;172602N232;624;15.244;43;218;218;219;217;1.112;50.00;404.9;0.761;398.2;0.772;0.0;0.000;60;0;0;1.158;1.124;1.055;189;219;213;50.00;50.00;50.00;4212;1000;0.0;0;1.0000;0;0
600;2014-08-07 16:50:00;172602N232;607;15.344;42;217;220;218;215;1.069;50.01;405.6;0.735;395.8;0.760;0.0;0.000;60;0;0;1.110;1.081;1.017;189;213;202;50.01;50.01;50.01;4212;1000;0.0;0;1.0000;0;0
600;2014-08-07 17:00:00;172602N232;504;15.429;42;217;219;219;214;1.060;49.99;399.5;0.618;396.0;0.626;0.0;0.000;60;0;0;1.123;1.100;0.957;158;183;160;49.99;49.99;49.99;4212;1000;0.0;0;1.0000;0;0
600;2014-08-07 17:10:00;172602N232;461;15.507;42;216;217;218;214;0.749;49.99;399.3;0.561;392.9;0.580;0.0;0.000;60;0;0;0.707;0.789;0.752;143;163;153;49.99;49.99;49.99;4212;1000;0.0;0;1.0000;0;0
600;2014-08-07 17:20:00;172602N232;353;15.565;42;216;216;218;212;1.015;49.99;395.7;0.427;391.3;0.439;0.0;0.000;60;0;0;1.002;1.092;0.951;103;123;124;49.99;49.99;49.99;4212;1000;0.0;0;1.0000;0;0
600;2014-08-07 17:30:00;172602N232;407;15.633;41;216;217;217;213;0.952;49.99;401.4;0.491;393.1;0.505;0.0;0.000;60;0;0;0.939;1.015;0.903;124;149;132;49.99;49.99;49.99;4212;1000;0.0;0;1.0000;0;0
600;2014-08-07 17:40:00;172602N232;555;15.726;41;216;217;218;213;0.979;50.01;403.8;0.672;398.1;0.692;0.0;0.000;60;0;0;1.026;0.986;0.927;174;194;184;50.01;50.01;50.01;4212;1000;0.0;0;1.0000;0;0
600;2014-08-07 17:50:00;172602N232;767;15.854;41;218;218;221;216;1.190;50.01;397.7;0.945;401.0;0.963;0.0;0.000;60;0;0;1.133;1.240;1.197;242;270;254;50.01;50.01;50.01;4212;1000;0.0;0;1.0000;0;0
600;2014-08-07 18:00:00;172602N232;828;15.992;41;218;217;220;218;1.281;49.99;403.4;0.997;400.5;1.053;0.0;0.000;60;0;0;1.218;1.331;1.296;259;289;278;49.99;49.99;49.99;4212;1000;0.0;0;1.0000;0;0
600;2014-08-07 18:10:00;172602N232;803;16.125;41;219;218;221;218;1.241;49.99;386.4;1.011;399.3;1.026;0.0;0.000;60;0;0;1.182;1.293;1.250;252;282;267;49.99;49.99;49.99;4212;1000;0.0;0;1.0000;0;0
600;2014-08-07 18:20:00;172602N232;804;16.260;41;220;220;221;218;1.246;49.98;388.6;1.003;400.3;1.025;0.0;0.000;60;0;0;1.204;1.283;1.252;256;278;268;49.98;49.98;49.98;4212;1000;0.0;0;1.0000;0;0
600;2014-08-07 18:30:00;172602N232;898;16.411;41;219;221;220;217;1.379;49.98;399.8;1.091;404.5;1.137;0.0;0.000;60;0;0;1.337;1.421;1.379;291;310;296;49.98;49.98;49.98;4212;1000;0.0;0;1.0000;0;0
600;2014-08-07 18:40:00;172602N232;693;16.526;41;219;218;222;217;1.081;49.99;400.4;0.841;402.0;0.871;0.0;0.000;60;0;0;1.025;1.130;1.088;217;244;230;49.99;49.99;49.99;4212;1000;0.0;0;1.0000;0;0
600;2014-08-07 18:50:00;172602N232;642;16.633;41;219;218;222;217;1.000;50.00;397.1;0.782;399.9;0.811;0.0;0.000;60;0;0;0.940;1.051;1.011;199;227;214;50.00;50.00;50.00;4212;1000;0.0;0;1.0000;0;0
600;2014-08-07 19:00:00;172602N232;690;16.748;41;220;218;222;219;1.071;49.99;403.5;0.831;402.7;0.866;0.0;0.000;60;0;0;1.011;1.119;1.085;215;242;231;49.99;49.99;49.99;4212;1000;0.0;0;1.0000;0;0
600;2014-08-07 19:10:00;172602N232;941;16.905;41;218;218;221;216;1.457;49.99;386.9;1.168;404.2;1.206;0.0;0.000;60;0;0;1.401;1.509;1.461;300;329;311;49.99;49.99;49.99;4212;1000;0.0;0;1.0000;0;0
600;2014-08-07 19:20:00;172602N232;503;16.989;41;218;218;220;215;0.798;49.99;395.7;0.604;400.1;0.641;0.0;0.000;60;0;0;0.746;0.843;0.806;155;179;167;49.99;49.99;49.99;4212;1000;0.0;0;1.0000;0;0
600;2014-08-07 19:30:00;172602N232;722;17.109;41;218;217;220;216;1.132;49.99;357.9;0.947;393.6;0.969;0.0;0.000;60;0;0;1.076;1.177;1.143;228;253;240;49.99;49.99;49.99;4212;1000;0.0;0;1.0000;0;0
600;2014-08-07 19:40:00;172602N232;344;17.167;41;218;218;220;215;0.944;49.99;364.2;0.436;384.7;0.459;0.0;0.000;60;0;0;0.990;1.026;0.817;104;122;116;49.99;49.99;49.99;4212;1000;0.0;0;1.0000;0;0
600;2014-08-07 19:50:00;172602N232;198;17.200;41;218;217;220;215;0.997;49.98;372.5;0.238;380.5;0.252;0.0;0.000;60;0;0;0.895;1.274;0.824;50;51;95;49.98;49.98;49.98;4212;1000;0.0;0;1.0000;0;0
600;2014-08-07 20:00:00;172602N232;141;17.224;41;218;218;219;216;0.889;49.99;376.1;0.144;370.1;0.198;0.0;0.000;60;0;0;1.057;0.936;0.674;22;54;65;49.99;49.99;49.99;4212;1000;0.0;0;1.0000;0;0
600;2014-08-07 20:10:00;172602N232;119;17.244;40;219;219;219;217;0.888;49.99;367.8;0.125;363.5;0.169;0.0;0.000;60;0;0;1.120;0.845;0.701;8;53;58;49.99;49.99;49.99;4212;1000;0.0;0;1.0000;0;0
600;2014-08-07 20:20:00;172602N232;75;17.257;40;218;219;219;217;0.828;49.99;349.2;0.082;368.7;0.094;0.0;0.000;60;0;0;0.942;0.854;0.688;0;29;50;49.99;49.99;49.99;4212;1000;0.0;0;1.0000;0;0
600;2014-08-07 20:30:00;172602N232;46;17.264;40;218;218;219;217;0.701;49.98;328.1;0.048;351.4;0.054;0.0;0.000;60;0;0;0.762;0.789;0.554;0;14;35;49.98;49.98;49.98;4212;1000;0.0;0;1.0000;0;0
600;2014-08-07 20:40:00;172602N232;32;17.270;39;219;219;220;217;0.546;49.98;311.2;0.028;336.0;0.033;0.0;0.000;60;0;0;0.578;0.654;0.406;3;6;27;49.98;49.98;49.98;4212;1000;0.0;0;1.0000;0;0
600;2014-08-07 20:50:00;172602N232;11;17.273;39;218;219;220;216;0.322;49.99;266.4;0.004;262.4;0.009;0.0;0.000;60;0;0;0.459;0.305;0.202;3;4;12;49.99;49.99;49.99;4212;1000;0.0;0;1.0000;0;0
600;2014-08-07 21:00:00;172602N232;0;17.273;38;218;219;219;216;0.053;49.99;275.4;0.000;274.5;0.000;0.0;0.000;50;0;0;0.068;0.046;0.045;0;1;2;49.99;49.99;49.99;4212;1000;0.0;0;1.0000;0;0
600;2014-08-07 21:10:00;172602N232;0;17.273;37;218;218;221;216;0.000;50.00;256.3;0.000;256.6;0.000;0.0;0.000;50;0;0;0.000;0.000;0.000;0;0;0;50.00;50.00;50.00;4212;1000;0.0;0;1.0000;0;0
600;2014-08-07 21:20:00;172602N232;0;17.273;36;218;217;220;216;0.000;50.01;228.1;0.000;229.1;0.000;0.0;0.000;50;0;0;0.000;0.000;0.000;0;0;0;50.01;50.01;50.01;4212;1000;0.0;0;1.0000;0;0
[wr_ende]
