20161213;230002;172602N232;My Plant;+0100
[wr_def_start]
172602N232;Inverter Type;Inverter Group;72602N232      
[wr_def_end]
[wr]
INTERVAL;TIMESTAMP;SERIAL;P_AC;E_DAY;T_WR;U_AC;U_AC_1;U_AC_2;U_AC_3;I_AC;F_AC;U_DC_1;I_DC_1;U_DC_2;I_DC_2;U_DC_3;I_DC_3;S;E_WR;M_WR;I_AC_1;I_AC_2;I_AC_3;P_AC_1;P_AC_2;P_AC_3;F_AC_1;F_AC_2;F_AC_3;R_DC;PC;PCS;PCS_LL;COS_PHI;COS_PHI_LL;S_COS_PHI
600;2016-12-13 07:40:00;172602N232;0;0.000;0;1;1;1;1;0.000;0.25;1.1;0.000;1.1;0.000;0.0;0.000;50;0;0;0.000;0.000;0.000;0;0;0;0.25;0.25;0.25;4;1000;0.0;0;1.0000;0;0
600;2016-12-13 07:50:00;172602N232;0;0.000;15;216;217;216;214;0.000;49.99;227.9;0.000;228.8;0.000;0.0;0.000;50;0;0;0.000;0.000;0.000;0;0;0;49.99;49.99;49.99;0;1000;0.0;0;1.0000;0;0
600;2016-12-13 08:00:00;172602N232;0;0.000;16;216;218;219;213;0.000;50.00;231.9;0.000;232.8;0.000;0.0;0.000;50;0;0;0.000;0.000;0.000;0;0;0;50.00;50.00;50.00;0;1000;0.0;0;1.0000;0;0
600;2016-12-13 08:10:00;172602N232;0;0.000;17;216;217;218;214;0.000;50.01;236.7;0.000;237.6;0.000;0.0;0.000;50;0;0;0.000;0.000;0.000;0;0;0;50.01;50.01;50.01;0;1000;0.0;0;1.0000;0;0
600;2016-12-13 08:20:00;172602N232;0;0.000;17;216;217;219;213;0.000;50.01;275.5;0.000;275.5;0.000;0.0;0.000;51;0;0;0.000;0.000;0.000;0;0;0;50.01;50.01;50.01;274;1000;0.0;0;1.0000;0;0
600;2016-12-13 08:30:00;172602N232;0;0.000;18;217;217;217;216;0.001;50.01;291.9;0.000;290.7;0.000;0.0;0.000;51;0;0;0.002;0.000;0.001;0;0;0;50.01;50.01;50.01;4737;1000;0.0;0;1.0000;0;0
600;2016-12-13 08:40:00;172602N232;11;0.001;18;216;216;217;216;0.240;50.01;279.6;0.006;288.4;0.007;0.0;0.000;60;0;0;0.255;0.273;0.192;4;3;8;50.01;50.01;50.01;4836;1000;0.0;0;1.0000;0;0
600;2016-12-13 08:50:00;172602N232;36;0.008;18;217;216;218;217;0.532;50.01;345.6;0.029;353.9;0.031;0.0;0.000;60;0;0;0.510;0.671;0.416;15;0;27;50.01;50.01;50.01;4836;1000;0.0;0;1.0000;0;0
600;2016-12-13 09:00:00;172602N232;53;0.016;19;216;216;217;217;0.584;50.02;365.9;0.050;378.9;0.050;0.0;0.000;60;0;0;0.614;0.648;0.490;13;17;21;50.02;50.02;50.02;4836;1000;0.0;0;1.0000;0;0
600;2016-12-13 09:10:00;172602N232;51;0.024;19;216;216;217;216;0.592;50.02;360.8;0.048;375.8;0.048;0.0;0.000;60;0;0;0.632;0.702;0.444;10;15;25;50.02;50.02;50.02;4836;1000;0.0;0;1.0000;0;0
600;2016-12-13 09:20:00;172602N232;104;0.042;20;216;216;217;216;0.883;50.01;389.6;0.112;398.4;0.111;0.0;0.000;60;0;0;0.883;1.062;0.706;26;28;48;50.01;50.01;50.01;4836;1000;0.0;0;1.0000;0;0
600;2016-12-13 09:30:00;172602N232;127;0.063;20;216;216;217;216;0.898;50.01;405.3;0.138;405.8;0.138;0.0;0.000;60;0;0;1.102;0.817;0.776;28;53;44;50.01;50.01;50.01;4836;1000;0.0;0;1.0000;0;0
600;2016-12-13 09:40:00;172602N232;108;0.081;20;217;217;218;216;0.914;50.01;397.2;0.118;400.2;0.117;0.0;0.000;60;0;0;0.996;1.010;0.738;19;33;55;50.01;50.01;50.01;4836;1000;0.0;0;1.0000;0;0
600;2016-12-13 09:50:00;172602N232;107;0.100;21;217;217;218;217;0.902;50.00;395.8;0.116;399.5;0.116;0.0;0.000;60;0;0;0.910;1.083;0.715;20;29;56;50.00;50.00;50.00;4836;1000;0.0;0;1.0000;0;0
600;2016-12-13 10:00:00;172602N232;129;0.121;21;216;215;217;216;0.916;50.01;404.0;0.141;405.6;0.140;0.0;0.000;60;0;0;0.854;1.131;0.764;34;32;61;50.01;50.01;50.01;4836;1000;0.0;0;1.0000;0;0
600;2016-12-13 10:10:00;172602N232;156;0.148;21;217;215;218;217;0.939;50.01;407.1;0.173;410.6;0.170;0.0;0.000;60;0;0;0.754;1.278;0.786;42;42;70;50.01;50.01;50.01;4836;1000;0.0;0;1.0000;0;0
600;2016-12-13 10:20:00;172602N232;119;0.167;21;217;216;218;216;0.886;50.00;398.2;0.131;401.3;0.129;0.0;0.000;60;0;0;0.792;1.142;0.724;31;24;62;50.00;50.00;50.00;4836;1000;0.0;0;1.0000;0;0
600;2016-12-13 10:30:00;172602N232;89;0.182;22;216;216;218;216;0.806;50.00;383.7;0.096;391.2;0.096;0.0;0.000;60;0;0;0.731;1.047;0.641;23;14;51;50.00;50.00;50.00;4836;1000;0.0;0;1.0000;0;0
600;2016-12-13 10:40:00;172602N232;48;0.191;22;216;216;217;216;0.634;50.00;357.4;0.045;367.3;0.047;0.0;0.000;60;0;0;0.659;0.782;0.461;9;9;30;50.00;50.00;50.00;4836;1000;0.0;0;1.0000;0;0
600;2016-12-13 10:50:00;172602N232;87;0.206;22;216;216;217;216;0.765;50.01;378.1;0.093;385.9;0.093;0.0;0.000;60;0;0;0.729;0.942;0.624;18;24;44;50.01;50.01;50.01;4836;1000;0.0;0;1.0000;0;0
600;2016-12-13 11:00:00;172602N232;206;0.240;22;217;216;219;216;1.027;50.01;405.3;0.236;412.1;0.231;0.0;0.000;60;0;0;1.030;1.262;0.790;65;61;77;50.01;50.01;50.01;4836;1000;0.0;0;1.0000;0;0
600;2016-12-13 11:10:00;172602N232;188;0.272;23;217;216;219;217;0.948;50.02;403.8;0.215;410.7;0.209;0.0;0.000;60;0;0;0.862;1.296;0.687;52;68;66;50.02;50.02;50.02;4836;1000;0.0;0;1.0000;0;0
600;2016-12-13 11:20:00;172602N232;217;0.307;23;217;216;218;217;1.001;49.99;414.4;0.246;413.2;0.243;0.0;0.000;60;0;0;1.062;1.175;0.767;69;76;71;49.99;49.99;49.99;4836;1000;0.0;0;1.0000;0;0
600;2016-12-13 11:30:00;172602N232;235;0.347;23;218;218;219;217;1.010;50.01;417.0;0.265;414.4;0.265;0.0;0.000;60;0;0;1.148;1.074;0.810;79;74;80;50.01;50.01;50.01;4836;1000;0.0;0;1.0000;0;0
600;2016-12-13 11:40:00;172602N232;378;0.410;23;218;219;219;218;1.063;50.02;420.0;0.437;422.7;0.430;0.0;0.000;60;0;0;1.121;1.045;1.025;118;132;126;50.02;50.02;50.02;4836;1000;0.0;0;1.0000;0;0
600;2016-12-13 11:50:00;172602N232;379;0.474;23;218;218;219;216;0.842;50.01;424.8;0.436;422.9;0.430;0.0;0.000;60;0;0;0.841;0.876;0.809;114;137;126;50.01;50.01;50.01;4836;1000;0.0;0;1.0000;0;0
600;2016-12-13 12:00:00;172602N232;391;0.539;24;218;218;220;216;1.017;50.01;422.1;0.453;422.7;0.442;0.0;0.000;60;0;0;1.001;1.100;0.950;118;136;135;50.01;50.01;50.01;4836;1000;0.0;0;1.0000;0;0
600;2016-12-13 12:10:00;172602N232;87;0.555;24;217;218;218;216;0.798;50.02;376.3;0.094;383.5;0.093;0.0;0.000;60;0;0;1.006;0.794;0.595;8;38;49;50.02;50.02;50.02;4836;1000;0.0;0;1.0000;0;0
600;2016-12-13 12:20:00;172602N232;80;0.568;24;217;218;217;216;0.826;49.99;379.0;0.085;384.3;0.086;0.0;0.000;60;0;0;1.156;0.704;0.620;0;43;43;49.99;49.99;49.99;4836;1000;0.0;0;1.0000;0;0
600;2016-12-13 12:30:00;172602N232;149;0.592;24;216;216;218;215;0.988;49.99;401.3;0.167;404.3;0.165;0.0;0.000;60;0;0;1.053;1.156;0.756;39;43;64;49.99;49.99;49.99;4836;1000;0.0;0;1.0000;0;0
600;2016-12-13 12:40:00;172602N232;159;0.619;24;217;217;218;214;0.940;50.01;404.1;0.179;406.5;0.175;0.0;0.000;60;0;0;0.893;1.184;0.743;21;51;85;50.01;50.01;50.01;4836;1000;0.0;0;1.0000;0;0
600;2016-12-13 12:50:00;172602N232;117;0.639;24;217;218;217;215;0.859;50.00;395.7;0.131;399.4;0.128;0.0;0.000;60;0;0;1.028;0.842;0.707;7;48;63;50.00;50.00;50.00;4836;1000;0.0;0;1.0000;0;0
600;2016-12-13 13:00:00;172602N232;88;0.653;24;217;218;217;216;0.840;49.99;387.2;0.095;392.4;0.094;0.0;0.000;60;0;0;1.042;0.786;0.692;0;42;50;49.99;49.99;49.99;4836;1000;0.0;0;1.0000;0;0
600;2016-12-13 13:10:00;172602N232;63;0.665;24;218;218;218;217;0.765;50.00;375.3;0.064;383.4;0.064;0.0;0.000;60;0;0;0.903;0.815;0.579;3;22;38;50.00;50.00;50.00;4836;1000;0.0;0;1.0000;0;0
600;2016-12-13 13:20:00;172602N232;77;0.678;24;217;218;217;217;0.875;50.00;382.9;0.082;389.6;0.081;0.0;0.000;60;0;0;1.186;0.735;0.704;1;44;35;50.00;50.00;50.00;4836;1000;0.0;0;1.0000;0;0
600;2016-12-13 13:30:00;172602N232;68;0.690;24;217;218;217;218;0.781;49.99;377.4;0.070;385.7;0.070;0.0;0.000;60;0;0;0.906;0.685;0.754;8;37;22;49.99;49.99;49.99;4836;1000;0.0;0;1.0000;0;0
600;2016-12-13 13:40:00;172602N232;65;0.700;24;218;218;218;217;0.758;50.00;375.6;0.066;383.5;0.066;0.0;0.000;60;0;0;0.968;0.722;0.586;1;30;35;50.00;50.00;50.00;4836;1000;0.0;0;1.0000;0;0
600;2016-12-13 13:50:00;172602N232;55;0.710;24;218;218;218;218;0.669;49.99;366.8;0.054;378.6;0.054;0.0;0.000;60;0;0;0.826;0.640;0.543;2;27;27;49.99;49.99;49.99;4836;1000;0.0;0;1.0000;0;0
600;2016-12-13 14:00:00;172602N232;51;0.718;24;218;218;218;218;0.593;50.01;360.3;0.048;374.6;0.049;0.0;0.000;60;0;0;0.633;0.638;0.509;9;21;20;50.01;50.01;50.01;4836;1000;0.0;0;1.0000;0;0
600;2016-12-13 14:10:00;172602N232;39;0.724;24;218;218;217;218;0.515;50.01;342.7;0.034;351.3;0.036;0.0;0.000;60;0;0;0.598;0.513;0.436;3;23;14;50.01;50.01;50.01;4836;1000;0.0;0;1.0000;0;0
600;2016-12-13 14:20:00;172602N232;18;0.728;24;218;218;218;219;0.358;50.01;293.1;0.012;286.1;0.016;0.0;0.000;60;0;0;0.365;0.392;0.318;4;12;4;50.01;50.01;50.01;4836;1000;0.0;0;1.0000;0;0
600;2016-12-13 14:30:00;172602N232;9;0.730;24;219;218;219;219;0.266;50.01;269.5;0.002;264.8;0.005;0.0;0.000;60;0;0;0.201;0.394;0.205;5;5;3;50.01;50.01;50.01;4836;1000;0.0;0;1.0000;0;0
600;2016-12-13 14:40:00;172602N232;4;0.732;24;219;218;220;218;0.226;50.01;253.4;0.000;261.4;0.000;0.0;0.000;60;0;0;0.241;0.282;0.156;3;0;8;50.01;50.01;50.01;4836;1000;0.0;0;1.0000;0;0
600;2016-12-13 14:50:00;172602N232;0;0.732;23;219;219;220;218;0.004;50.01;279.7;0.000;278.9;0.000;0.0;0.000;51;0;0;0.004;0.007;0.002;0;0;0;50.01;50.01;50.01;4782;1000;0.0;0;1.0000;0;0
600;2016-12-13 15:00:00;172602N232;0;0.732;23;219;218;222;218;0.000;50.01;233.0;0.000;234.0;0.000;0.0;0.000;51;0;0;0.000;0.000;0.000;0;0;0;50.01;50.01;50.01;4697;1000;0.0;0;1.0000;0;0
600;2016-12-13 15:10:00;172602N232;0;0.732;23;219;218;221;217;0.000;50.00;228.9;0.000;229.8;0.000;0.0;0.000;51;0;0;0.000;0.000;0.000;0;0;0;50.00;50.00;50.00;4697;1000;0.0;0;1.0000;0;0
600;2016-12-13 15:20:00;172602N232;0;0.732;22;219;218;222;217;0.000;50.04;227.8;0.000;228.7;0.000;0.0;0.000;51;0;0;0.000;0.000;0.000;0;0;0;50.04;50.04;50.04;4697;1000;0.0;0;1.0000;0;0
[wr_ende]
