20120716;230001;172602N232;My Plant;+0100
[wr_def_start]
172602N232;Inverter Type;Inverter Group;72602N232      
[wr_def_end]
[wr]
INTERVAL;TIMESTAMP;SERIAL;P_AC;E_DAY;T_WR;U_AC;U_AC_1;U_AC_2;U_AC_3;I_AC;F_AC;U_DC_1;I_DC_1;U_DC_2;I_DC_2;U_DC_3;I_DC_3;S;E_WR;M_WR;I_AC_1;I_AC_2;I_AC_3;P_AC_1;P_AC_2;P_AC_3;F_AC_1;F_AC_2;F_AC_3;R_DC;PC;PCS;PCS_LL;COS_PHI;COS_PHI_LL;S_COS_PHI
600;2012-07-16 04:30:00;172602N232;0;0.000;0;2;2;2;2;0.000;0.58;2.6;0.000;2.6;0.000;0.0;0.000;50;0;0;0.000;0.000;0.000;0;0;0;0.58;0.58;0.58;38;1000;0.0;0;1.0000;0;0
600;2012-07-16 04:40:00;172602N232;0;0.000;26;225;226;228;222;0.000;50.01;227.2;0.000;228.1;0.000;0.0;0.000;50;0;0;0.000;0.000;0.000;0;0;0;50.01;50.01;50.01;0;1000;0.0;0;1.0000;0;0
600;2012-07-16 04:50:00;172602N232;0;0.000;27;225;226;228;222;0.000;50.01;229.6;0.000;230.6;0.000;0.0;0.000;50;0;0;0.000;0.000;0.000;0;0;0;50.01;50.01;50.01;0;1000;0.0;0;1.0000;0;0
600;2012-07-16 05:00:00;172602N232;0;0.000;28;226;227;229;223;0.000;50.01;243.8;0.000;244.6;0.000;0.0;0.000;50;0;0;0.000;0.000;0.000;0;0;0;50.01;50.01;50.01;0;1000;0.0;0;1.0000;0;0
600;2012-07-16 05:10:00;172602N232;0;0.000;28;225;225;227;222;0.006;50.03;272.0;0.000;271.4;0.000;0.0;0.000;60;0;0;0.006;0.007;0.006;0;0;0;50.03;50.03;50.03;1669;1000;0.0;0;1.0000;0;0
600;2012-07-16 05:20:00;172602N232;13;0.003;28;225;226;226;224;0.316;49.99;287.9;0.007;276.3;0.008;0.0;0.000;60;0;0;0.373;0.341;0.234;0;7;14;49.99;49.99;49.99;7047;1000;0.0;0;1.0000;0;0
600;2012-07-16 05:30:00;172602N232;26;0.010;29;225;226;226;224;0.433;50.00;338.7;0.019;326.7;0.019;0.0;0.000;60;0;0;0.474;0.485;0.342;0;16;24;50.00;50.00;50.00;7047;1000;0.0;0;1.0000;0;0
600;2012-07-16 05:40:00;172602N232;29;0.016;29;226;226;227;225;0.458;49.99;341.2;0.024;320.8;0.023;0.0;0.000;60;0;0;0.490;0.529;0.357;0;14;24;49.99;49.99;49.99;7047;1000;0.0;0;1.0000;0;0
600;2012-07-16 05:50:00;172602N232;43;0.024;30;226;226;227;225;0.587;49.98;362.5;0.044;335.9;0.040;0.0;0.000;60;0;0;0.614;0.720;0.427;4;9;31;49.98;49.98;49.98;7047;1000;0.0;0;1.0000;0;0
600;2012-07-16 06:00:00;172602N232;68;0.034;30;226;226;227;225;0.882;49.98;376.5;0.083;362.0;0.067;0.0;0.000;60;0;0;0.896;1.055;0.696;6;11;50;49.98;49.98;49.98;7047;1000;0.0;0;1.0000;0;0
600;2012-07-16 06:10:00;172602N232;104;0.049;31;225;225;226;224;0.915;50.01;394.1;0.127;377.9;0.108;0.0;0.000;60;0;0;1.009;0.991;0.746;8;33;61;50.01;50.01;50.01;7047;1000;0.0;0;1.0000;0;0
600;2012-07-16 06:20:00;172602N232;253;0.090;32;225;225;226;223;0.996;50.01;410.3;0.312;417.1;0.262;0.0;0.000;60;0;0;1.016;1.147;0.825;62;92;98;50.01;50.01;50.01;7047;1000;0.0;0;1.0000;0;0
600;2012-07-16 06:30:00;172602N232;237;0.129;32;224;224;225;223;1.050;49.99;416.2;0.296;413.5;0.240;0.0;0.000;60;0;0;1.094;1.277;0.780;67;86;82;49.99;49.99;49.99;7047;1000;0.0;0;1.0000;0;0
600;2012-07-16 06:40:00;172602N232;239;0.170;33;224;224;225;222;1.069;49.98;416.0;0.301;419.4;0.235;0.0;0.000;60;0;0;1.102;1.296;0.811;58;90;89;49.98;49.98;49.98;7047;1000;0.0;0;1.0000;0;0
600;2012-07-16 06:50:00;172602N232;352;0.229;33;224;225;225;222;1.201;49.99;423.8;0.453;423.6;0.345;0.0;0.000;60;0;0;1.293;1.231;1.079;91;129;129;49.99;49.99;49.99;7047;1000;0.0;0;1.0000;0;0
600;2012-07-16 07:00:00;172602N232;353;0.288;34;224;224;225;223;0.955;49.99;420.0;0.438;427.2;0.366;0.0;0.000;60;0;0;0.985;0.976;0.906;107;125;119;49.99;49.99;49.99;7047;1000;0.0;0;1.0000;0;0
600;2012-07-16 07:10:00;172602N232;273;0.332;34;224;224;225;222;1.124;50.05;414.4;0.361;397.1;0.276;0.0;0.000;60;0;0;1.153;1.288;0.931;70;103;99;50.05;50.05;50.05;7047;1000;0.0;0;1.0000;0;0
600;2012-07-16 07:20:00;172602N232;183;0.363;34;226;226;227;225;0.972;50.00;409.1;0.219;411.6;0.188;0.0;0.000;60;0;0;1.227;1.028;0.663;53;65;63;50.00;50.00;50.00;7047;1000;0.0;0;1.0000;0;0
600;2012-07-16 07:30:00;172602N232;222;0.401;35;228;228;229;227;1.059;49.99;418.3;0.269;414.4;0.228;0.0;0.000;60;0;0;1.135;1.263;0.780;50;90;80;49.99;49.99;49.99;7047;1000;0.0;0;1.0000;0;0
600;2012-07-16 07:40:00;172602N232;335;0.457;35;228;228;229;227;1.186;49.98;427.7;0.397;423.7;0.356;0.0;0.000;60;0;0;1.225;1.290;1.045;95;117;121;49.98;49.98;49.98;7047;1000;0.0;0;1.0000;0;0
600;2012-07-16 07:50:00;172602N232;483;0.538;35;227;227;228;226;1.038;49.97;429.3;0.620;425.0;0.480;0.0;0.000;60;0;0;1.012;1.078;1.026;148;168;165;49.97;49.97;49.97;7047;1000;0.0;0;1.0000;0;0
600;2012-07-16 08:00:00;172602N232;753;0.663;35;227;227;228;226;1.144;49.99;431.2;0.956;434.7;0.765;0.0;0.000;60;0;0;1.089;1.184;1.161;237;261;253;49.99;49.99;49.99;7047;1000;0.0;0;1.0000;0;0
600;2012-07-16 08:10:00;172602N232;444;0.737;36;227;228;229;226;1.004;50.02;416.1;0.573;430.1;0.447;0.0;0.000;60;0;0;1.012;1.052;0.949;133;156;152;50.02;50.02;50.02;7047;1000;0.0;0;1.0000;0;0
600;2012-07-16 08:20:00;172602N232;559;0.830;36;227;227;228;226;1.070;49.99;418.3;0.696;429.9;0.598;0.0;0.000;60;0;0;1.090;1.097;1.023;177;195;186;49.99;49.99;49.99;7047;1000;0.0;0;1.0000;0;0
600;2012-07-16 08:30:00;172602N232;1121;1.018;36;228;228;229;226;1.711;49.99;429.8;1.428;439.1;1.149;0.0;0.000;60;0;0;1.672;1.736;1.726;360;384;375;49.99;49.99;49.99;7047;1000;0.0;0;1.0000;0;0
600;2012-07-16 08:40:00;172602N232;842;1.158;37;228;228;230;227;1.263;49.99;424.4;1.098;434.5;0.852;0.0;0.000;60;0;0;1.206;1.306;1.278;266;292;282;49.99;49.99;49.99;7047;1000;0.0;0;1.0000;0;0
600;2012-07-16 08:50:00;172602N232;871;1.304;37;227;229;227;227;1.311;49.99;428.3;1.219;401.9;0.859;0.0;0.000;60;0;0;1.266;1.345;1.323;280;298;292;49.99;49.99;49.99;7047;1000;0.0;0;1.0000;0;0
600;2012-07-16 09:00:00;172602N232;675;1.416;37;227;229;227;227;1.025;49.99;423.2;1.094;386.0;0.536;0.0;0.000;60;0;0;0.980;1.055;1.042;214;231;228;49.99;49.99;49.99;7047;1000;0.0;0;1.0000;0;0
600;2012-07-16 09:10:00;172602N232;1151;1.608;38;228;229;229;226;1.722;50.02;424.9;2.230;445.3;0.447;0.0;0.000;60;0;0;1.679;1.758;1.731;372;394;382;50.02;50.02;50.02;7047;1000;0.0;0;1.0000;0;0
600;2012-07-16 09:20:00;172602N232;1629;1.880;38;228;229;229;225;2.413;50.01;419.9;2.999;441.3;0.849;0.0;0.000;60;0;0;2.365;2.467;2.407;532;557;536;50.01;50.01;50.01;7047;1000;0.0;0;1.0000;0;0
600;2012-07-16 09:30:00;172602N232;1443;2.120;38;226;227;227;224;2.210;50.01;414.3;2.768;402.6;0.726;0.0;0.000;60;0;0;2.191;2.242;2.199;473;492;476;50.01;50.01;50.01;7047;1000;0.0;0;1.0000;0;0
600;2012-07-16 09:40:00;172602N232;1680;2.400;39;226;227;226;225;2.504;50.02;413.8;3.071;424.6;0.968;0.0;0.000;60;0;0;2.465;2.538;2.510;552;567;558;50.02;50.02;50.02;7047;1000;0.0;0;1.0000;0;0
600;2012-07-16 09:50:00;172602N232;1949;2.725;39;226;228;226;224;2.887;50.02;396.6;3.455;434.0;1.381;0.0;0.000;60;0;0;2.851;2.930;2.880;645;659;643;50.02;50.02;50.02;7047;1000;0.0;0;1.0000;0;0
600;2012-07-16 10:00:00;172602N232;1224;2.929;39;224;226;222;224;1.847;50.01;412.1;1.680;422.8;1.261;0.0;0.000;60;0;0;1.816;1.859;1.866;404;408;412;50.01;50.01;50.01;7047;1000;0.0;0;1.0000;0;0
600;2012-07-16 10:10:00;172602N232;1307;3.147;39;225;227;224;225;1.982;49.99;424.2;1.776;428.6;1.295;0.0;0.000;60;0;0;1.955;1.994;1.998;427;439;439;49.99;49.99;49.99;7047;1000;0.0;0;1.0000;0;0
600;2012-07-16 10:20:00;172602N232;1557;3.407;40;225;226;225;225;2.327;50.01;419.5;2.906;357.1;0.961;0.0;0.000;60;0;0;2.286;2.351;2.346;510;524;522;50.01;50.01;50.01;7047;1000;0.0;0;1.0000;0;0
600;2012-07-16 10:30:00;172602N232;2285;3.787;40;226;227;226;225;3.386;50.00;409.0;5.000;440.7;0.579;0.0;0.000;60;0;0;3.354;3.408;3.396;757;765;761;50.00;50.00;50.00;7047;1000;0.0;0;1.0000;0;0
600;2012-07-16 10:40:00;172602N232;1962;4.114;40;226;228;224;225;2.919;50.01;404.8;3.684;373.6;1.295;0.0;0.000;60;0;0;2.903;2.923;2.931;654;651;655;50.01;50.01;50.01;7047;1000;0.0;0;1.0000;0;0
600;2012-07-16 10:50:00;172602N232;2033;4.454;40;225;228;222;226;3.028;50.00;405.4;3.653;385.1;1.468;0.0;0.000;60;0;0;3.030;3.001;3.054;684;662;685;50.00;50.00;50.00;7047;1000;0.0;0;1.0000;0;0
600;2012-07-16 11:00:00;172602N232;2536;4.878;41;227;228;226;226;3.751;50.00;400.5;4.898;411.7;1.438;0.0;0.000;60;0;0;3.727;3.770;3.757;843;850;843;50.00;50.00;50.00;7047;1000;0.0;0;1.0000;0;0
600;2012-07-16 11:10:00;172602N232;2394;5.278;41;228;230;228;227;3.510;49.99;397.8;4.571;410.0;1.456;0.0;0.000;60;0;0;3.485;3.541;3.504;797;807;790;49.99;49.99;49.99;7047;1000;0.0;0;1.0000;0;0
600;2012-07-16 11:20:00;172602N232;2042;5.617;41;229;230;229;227;2.989;49.98;406.2;3.096;425.8;1.872;0.0;0.000;60;0;0;2.945;3.032;2.991;674;691;675;49.98;49.98;49.98;7047;1000;0.0;0;1.0000;0;0
600;2012-07-16 11:30:00;172602N232;2567;6.046;42;227;228;228;225;3.796;49.98;411.8;4.322;333.0;2.682;0.0;0.000;60;0;0;3.756;3.840;3.793;849;869;848;49.98;49.98;49.98;7047;1000;0.0;0;1.0000;0;0
600;2012-07-16 11:40:00;172602N232;1224;6.250;42;223;224;223;222;1.905;49.98;410.4;1.669;413.1;1.318;0.0;0.000;60;0;0;1.871;1.921;1.923;395;415;411;49.98;49.98;49.98;7047;1000;0.0;0;1.0000;0;0
600;2012-07-16 11:50:00;172602N232;1331;6.472;42;226;227;226;224;1.988;49.99;414.3;1.779;425.4;1.393;0.0;0.000;60;0;0;1.946;2.026;1.994;435;453;441;49.99;49.99;49.99;7047;1000;0.0;0;1.0000;0;0
600;2012-07-16 12:00:00;172602N232;1324;6.692;42;226;228;227;224;1.977;50.00;420.5;1.744;427.1;1.380;0.0;0.000;60;0;0;1.937;2.016;1.978;433;452;436;50.00;50.00;50.00;7047;1000;0.0;0;1.0000;0;0
600;2012-07-16 12:10:00;172602N232;1367;6.920;42;226;228;227;224;2.095;50.00;407.6;1.938;414.7;1.349;0.0;0.000;60;0;0;2.082;2.124;2.081;448;466;451;50.00;50.00;50.00;7047;1000;0.0;0;1.0000;0;0
600;2012-07-16 12:20:00;172602N232;255;6.962;41;225;227;227;223;1.141;50.00;391.2;0.319;403.6;0.287;0.0;0.000;60;0;0;1.396;1.187;0.840;45;107;100;50.00;50.00;50.00;7047;1000;0.0;0;1.0000;0;0
600;2012-07-16 12:30:00;172602N232;652;7.071;41;226;227;227;223;1.270;49.98;417.6;0.817;430.0;0.692;0.0;0.000;60;0;0;1.298;1.278;1.235;206;227;216;49.98;49.98;49.98;7047;1000;0.0;0;1.0000;0;0
600;2012-07-16 12:40:00;172602N232;974;7.234;41;226;227;227;223;1.478;49.98;430.4;1.190;436.9;1.046;0.0;0.000;60;0;0;1.437;1.514;1.484;314;335;322;49.98;49.98;49.98;7047;1000;0.0;0;1.0000;0;0
600;2012-07-16 12:50:00;172602N232;2490;7.649;41;226;228;227;225;3.679;49.99;427.7;3.162;446.2;2.580;0.0;0.000;60;0;0;3.648;3.712;3.677;826;838;824;49.99;49.99;49.99;7047;1000;0.0;0;1.0000;0;0
600;2012-07-16 13:00:00;172602N232;2978;8.146;41;227;227;228;226;4.387;49.99;414.4;4.124;448.9;2.891;0.0;0.000;60;0;0;4.352;4.416;4.394;985;1002;990;49.99;49.99;49.99;7047;1000;0.0;0;1.0000;0;0
600;2012-07-16 13:10:00;172602N232;3898;8.796;41;227;227;228;226;5.732;49.97;399.6;5.586;368.4;4.753;0.0;0.000;60;0;0;5.685;5.776;5.736;1289;1314;1294;49.97;49.97;49.97;7047;1000;0.0;0;1.0000;0;0
600;2012-07-16 13:20:00;172602N232;3915;9.449;42;227;227;228;227;5.749;49.98;392.6;5.534;357.7;5.065;0.0;0.000;60;0;0;5.694;5.776;5.778;1291;1316;1308;49.98;49.98;49.98;7047;1000;0.0;0;1.0000;0;0
600;2012-07-16 13:30:00;172602N232;4551;10.208;43;227;227;228;227;6.663;49.99;387.1;6.339;359.6;6.063;0.0;0.000;60;0;0;6.597;6.700;6.694;1499;1530;1518;49.99;49.99;49.99;7047;1000;0.0;0;1.0000;0;0
600;2012-07-16 13:40:00;172602N232;1626;10.478;43;226;225;226;225;2.448;49.98;400.8;2.264;414.6;1.775;0.0;0.000;60;0;0;2.402;2.468;2.475;528;551;545;49.98;49.98;49.98;7047;1000;0.0;0;1.0000;0;0
600;2012-07-16 13:50:00;172602N232;1852;10.788;43;226;226;226;225;2.774;50.00;426.4;2.285;430.2;2.054;0.0;0.000;60;0;0;2.726;2.796;2.801;604;627;621;50.00;50.00;50.00;7047;1000;0.0;0;1.0000;0;0
600;2012-07-16 14:00:00;172602N232;1764;11.082;43;226;225;228;225;2.626;50.01;422.6;2.194;426.9;1.969;0.0;0.000;60;0;0;2.561;2.677;2.640;571;604;587;50.01;50.01;50.01;7047;1000;0.0;0;1.0000;0;0
600;2012-07-16 14:10:00;172602N232;2652;11.525;43;227;226;228;225;3.913;49.97;419.3;3.330;432.1;2.991;0.0;0.000;60;0;0;3.852;3.975;3.912;870;906;876;49.97;49.97;49.97;7047;1000;0.0;0;1.0000;0;0
600;2012-07-16 14:20:00;172602N232;1930;11.847;43;226;226;226;225;2.873;49.99;411.6;2.535;429.1;2.083;0.0;0.000;60;0;0;2.825;2.903;2.891;632;652;645;49.99;49.99;49.99;7047;1000;0.0;0;1.0000;0;0
600;2012-07-16 14:30:00;172602N232;2011;12.182;43;227;228;228;227;2.991;49.99;419.4;2.489;428.5;2.275;0.0;0.000;60;0;0;2.952;3.012;3.009;660;677;672;49.99;49.99;49.99;7047;1000;0.0;0;1.0000;0;0
600;2012-07-16 14:40:00;172602N232;3750;12.807;43;228;229;229;227;5.488;49.98;410.6;4.766;417.8;4.460;0.0;0.000;60;0;0;5.449;5.534;5.481;1243;1265;1239;49.98;49.98;49.98;7047;1000;0.0;0;1.0000;0;0
600;2012-07-16 14:50:00;172602N232;4454;13.549;43;229;230;231;227;6.468;50.00;400.7;5.710;405.6;5.552;0.0;0.000;60;0;0;6.421;6.536;6.448;1476;1510;1465;50.00;50.00;50.00;7047;1000;0.0;0;1.0000;0;0
600;2012-07-16 15:00:00;172602N232;5056;14.393;44;230;230;232;228;7.321;49.99;382.1;6.724;383.3;6.720;0.0;0.000;60;0;0;7.250;7.416;7.297;1667;1723;1665;49.99;49.99;49.99;7047;1000;0.0;0;1.0000;0;0
600;2012-07-16 15:10:00;172602N232;4522;15.147;44;229;229;232;228;6.567;49.98;382.0;6.034;380.7;6.031;0.0;0.000;60;0;0;6.470;6.668;6.565;1477;1547;1497;49.98;49.98;49.98;7047;1000;0.0;0;1.0000;0;0
600;2012-07-16 15:20:00;172602N232;2061;15.491;45;229;229;230;227;3.017;49.99;392.5;2.679;396.8;2.570;0.0;0.000;60;0;0;2.964;3.069;3.019;674;704;681;49.99;49.99;49.99;7047;1000;0.0;0;1.0000;0;0
600;2012-07-16 15:30:00;172602N232;838;15.630;44;228;228;229;226;1.264;49.98;412.4;1.082;420.9;0.919;0.0;0.000;60;0;0;1.207;1.304;1.281;265;290;281;49.98;49.98;49.98;7047;1000;0.0;0;1.0000;0;0
600;2012-07-16 15:40:00;172602N232;2833;16.103;44;229;229;231;227;4.126;49.99;420.6;3.367;423.4;3.288;0.0;0.000;60;0;0;4.068;4.214;4.096;929;975;926;49.99;49.99;49.99;7047;1000;0.0;0;1.0000;0;0
600;2012-07-16 15:50:00;172602N232;1503;16.354;44;228;229;230;227;2.226;50.00;418.1;1.842;425.7;1.719;0.0;0.000;60;0;0;2.179;2.268;2.231;489;514;497;50.00;50.00;50.00;7047;1000;0.0;0;1.0000;0;0
600;2012-07-16 16:00:00;172602N232;1103;16.537;44;227;227;228;225;1.667;50.02;416.4;1.365;428.2;1.243;0.0;0.000;60;0;0;1.630;1.696;1.675;357;378;366;50.02;50.02;50.02;7047;1000;0.0;0;1.0000;0;0
600;2012-07-16 16:10:00;172602N232;971;16.699;43;222;223;224;221;1.485;50.00;414.7;1.272;423.3;1.019;0.0;0.000;60;0;0;1.437;1.522;1.498;312;334;324;50.00;50.00;50.00;7047;1000;0.0;0;1.0000;0;0
600;2012-07-16 16:20:00;172602N232;1469;16.944;43;222;223;224;220;2.220;50.00;424.0;1.817;437.3;1.602;0.0;0.000;60;0;0;2.173;2.265;2.222;480;502;485;50.00;50.00;50.00;7047;1000;0.0;0;1.0000;0;0
600;2012-07-16 16:30:00;172602N232;1395;17.178;43;223;223;224;221;2.143;49.99;418.3;1.736;435.5;1.537;0.0;0.000;60;0;0;2.102;2.172;2.155;452;477;464;49.99;49.99;49.99;7047;1000;0.0;0;1.0000;0;0
600;2012-07-16 16:40:00;172602N232;2562;17.605;43;224;224;226;222;3.819;49.99;414.7;3.147;428.6;2.990;0.0;0.000;60;0;0;3.772;3.870;3.815;844;871;845;49.99;49.99;49.99;7047;1000;0.0;0;1.0000;0;0
600;2012-07-16 16:50:00;172602N232;1512;17.856;43;223;223;224;222;2.283;49.99;408.3;1.884;423.8;1.747;0.0;0.000;60;0;0;2.233;2.323;2.295;491;516;502;49.99;49.99;49.99;7047;1000;0.0;0;1.0000;0;0
600;2012-07-16 17:00:00;172602N232;1025;18.027;43;222;223;223;220;1.566;50.01;414.8;1.269;427.3;1.154;0.0;0.000;60;0;0;1.523;1.600;1.577;332;351;340;50.01;50.01;50.01;7047;1000;0.0;0;1.0000;0;0
600;2012-07-16 17:10:00;172602N232;1700;18.311;43;222;224;224;220;2.557;50.02;423.0;2.094;435.9;1.886;0.0;0.000;60;0;0;2.517;2.598;2.558;560;577;561;50.02;50.02;50.02;7047;1000;0.0;0;1.0000;0;0
600;2012-07-16 17:20:00;172602N232;1195;18.510;43;221;223;223;218;1.836;50.02;419.8;1.495;429.9;1.313;0.0;0.000;60;0;0;1.806;1.873;1.830;391;411;391;50.02;50.02;50.02;7047;1000;0.0;0;1.0000;0;0
600;2012-07-16 17:30:00;172602N232;521;18.597;43;221;223;221;219;0.951;50.00;406.9;0.693;424.6;0.536;0.0;0.000;60;0;0;0.937;0.983;0.933;164;184;171;50.00;50.00;50.00;7047;1000;0.0;0;1.0000;0;0
600;2012-07-16 17:40:00;172602N232;820;18.734;43;221;223;221;220;1.263;49.99;416.4;1.033;430.4;0.887;0.0;0.000;60;0;0;1.225;1.293;1.272;265;278;273;49.99;49.99;49.99;7047;1000;0.0;0;1.0000;0;0
600;2012-07-16 17:50:00;172602N232;2817;19.203;43;223;225;223;221;4.221;49.98;411.4;3.411;420.7;3.417;0.0;0.000;60;0;0;4.216;4.249;4.199;944;947;925;49.98;49.98;49.98;7047;1000;0.0;0;1.0000;0;0
600;2012-07-16 18:00:00;172602N232;2844;19.677;43;223;225;224;221;4.250;49.99;403.6;3.436;411.5;3.562;0.0;0.000;60;0;0;4.226;4.295;4.231;947;961;933;49.99;49.99;49.99;7047;1000;0.0;0;1.0000;0;0
600;2012-07-16 18:10:00;172602N232;1949;20.002;43;222;223;222;220;2.944;50.02;389.3;2.506;409.9;2.415;0.0;0.000;60;0;0;2.909;2.983;2.942;643;661;643;50.02;50.02;50.02;7047;1000;0.0;0;1.0000;0;0
600;2012-07-16 18:20:00;172602N232;559;20.096;43;224;225;224;222;1.011;50.00;398.6;0.736;409.8;0.628;0.0;0.000;60;0;0;1.076;1.016;0.943;176;195;185;50.00;50.00;50.00;7047;1000;0.0;0;1.0000;0;0
600;2012-07-16 18:30:00;172602N232;481;20.176;43;225;226;226;223;0.834;50.00;407.8;0.605;411.2;0.543;0.0;0.000;60;0;0;0.824;0.857;0.823;148;169;161;50.00;50.00;50.00;7047;1000;0.0;0;1.0000;0;0
600;2012-07-16 18:40:00;172602N232;685;20.290;43;225;225;226;224;1.124;50.00;402.1;0.848;419.1;0.799;0.0;0.000;60;0;0;1.088;1.160;1.125;217;238;228;50.00;50.00;50.00;7047;1000;0.0;0;1.0000;0;0
600;2012-07-16 18:50:00;172602N232;1218;20.494;43;225;225;227;225;1.869;49.99;403.1;1.487;420.9;1.476;0.0;0.000;60;0;0;1.823;1.904;1.882;392;417;407;49.99;49.99;49.99;7047;1000;0.0;0;1.0000;0;0
600;2012-07-16 19:00:00;172602N232;968;20.654;43;226;226;227;226;1.458;49.99;400.2;1.199;417.2;1.164;0.0;0.000;60;0;0;1.403;1.496;1.475;309;333;324;49.99;49.99;49.99;7047;1000;0.0;0;1.0000;0;0
600;2012-07-16 19:10:00;172602N232;788;20.787;42;227;227;227;226;1.191;50.01;408.0;0.970;418.5;0.923;0.0;0.000;60;0;0;1.133;1.228;1.212;248;272;266;50.01;50.01;50.01;7047;1000;0.0;0;1.0000;0;0
600;2012-07-16 19:20:00;172602N232;963;20.946;42;227;228;228;225;1.448;49.99;397.6;1.186;419.3;1.169;0.0;0.000;60;0;0;1.399;1.487;1.458;309;332;320;49.99;49.99;49.99;7047;1000;0.0;0;1.0000;0;0
600;2012-07-16 19:30:00;172602N232;557;21.040;42;227;228;229;225;0.877;49.98;395.6;0.708;414.7;0.649;0.0;0.000;60;0;0;0.847;0.906;0.880;174;195;186;49.98;49.98;49.98;7047;1000;0.0;0;1.0000;0;0
600;2012-07-16 19:40:00;172602N232;317;21.092;42;226;225;228;224;1.069;50.00;397.2;0.397;408.4;0.360;0.0;0.000;60;0;0;1.105;1.211;0.891;88;115;112;50.00;50.00;50.00;7047;1000;0.0;0;1.0000;0;0
600;2012-07-16 19:50:00;172602N232;958;21.252;42;226;227;227;224;1.478;49.99;361.5;1.237;408.3;1.253;0.0;0.000;60;0;0;1.439;1.515;1.480;309;330;318;49.99;49.99;49.99;7047;1000;0.0;0;1.0000;0;0
600;2012-07-16 20:00:00;172602N232;359;21.313;42;226;228;227;225;0.978;49.99;393.2;0.442;409.5;0.425;0.0;0.000;60;0;0;1.031;1.002;0.903;100;135;122;49.99;49.99;49.99;7047;1000;0.0;0;1.0000;0;0
600;2012-07-16 20:10:00;172602N232;387;21.377;42;227;228;228;225;1.104;49.97;390.0;0.461;409.3;0.479;0.0;0.000;60;0;0;1.184;1.075;1.053;114;138;132;49.97;49.97;49.97;7047;1000;0.0;0;1.0000;0;0
600;2012-07-16 20:20:00;172602N232;290;21.425;41;227;228;228;224;1.139;50.00;400.6;0.345;408.5;0.336;0.0;0.000;60;0;0;1.295;1.174;0.948;66;112;110;50.00;50.00;50.00;7047;1000;0.0;0;1.0000;0;0
600;2012-07-16 20:30:00;172602N232;154;21.451;41;227;228;228;224;0.956;50.00;390.4;0.185;398.1;0.168;0.0;0.000;60;0;0;1.031;1.096;0.743;7;65;81;50.00;50.00;50.00;7047;1000;0.0;0;1.0000;0;0
600;2012-07-16 20:40:00;172602N232;118;21.472;41;227;227;228;225;0.940;49.99;383.3;0.141;392.5;0.128;0.0;0.000;60;0;0;0.983;1.062;0.776;15;31;69;49.99;49.99;49.99;7047;1000;0.0;0;1.0000;0;0
600;2012-07-16 20:50:00;172602N232;79;21.485;40;227;227;228;225;0.950;49.99;368.7;0.094;366.0;0.086;0.0;0.000;60;0;0;1.071;1.012;0.767;0;25;58;49.99;49.99;49.99;7047;1000;0.0;0;1.0000;0;0
600;2012-07-16 21:00:00;172602N232;43;21.492;40;227;228;228;226;0.733;49.99;346.2;0.046;342.6;0.044;0.0;0.000;60;0;0;0.866;0.773;0.561;0;18;37;49.99;49.99;49.99;7047;1000;0.0;0;1.0000;0;0
600;2012-07-16 21:10:00;172602N232;62;21.504;40;227;228;228;225;0.778;49.97;365.7;0.071;353.0;0.068;0.0;0.000;60;0;0;0.892;0.841;0.603;1;21;44;49.97;49.97;49.97;7047;1000;0.0;0;1.0000;0;0
600;2012-07-16 21:20:00;172602N232;42;21.511;39;227;228;229;225;0.533;49.98;339.0;0.042;344.1;0.039;0.0;0.000;60;0;0;0.601;0.598;0.400;0;21;29;49.98;49.98;49.98;7047;1000;0.0;0;1.0000;0;0
600;2012-07-16 21:30:00;172602N232;20;21.515;39;227;229;229;225;0.382;49.99;302.2;0.015;281.5;0.017;0.0;0.000;60;0;0;0.495;0.367;0.286;0;17;19;49.99;49.99;49.99;7047;1000;0.0;0;1.0000;0;0
600;2012-07-16 21:40:00;172602N232;3;21.515;39;225;227;227;223;0.143;49.99;252.7;0.000;252.6;0.000;0.0;0.000;60;0;0;0.189;0.124;0.117;0;5;6;49.99;49.99;49.99;7047;1000;0.0;0;1.0000;0;0
600;2012-07-16 21:50:00;172602N232;0;21.515;38;224;225;226;221;0.000;50.01;290.0;0.000;288.4;0.000;0.0;0.000;50;0;0;0.000;0.000;0.000;0;0;0;50.01;50.01;50.01;7047;1000;0.0;0;1.0000;0;0
600;2012-07-16 22:00:00;172602N232;0;21.515;35;224;224;226;221;0.000;50.02;235.7;0.000;236.6;0.000;0.0;0.000;50;0;0;0.000;0.000;0.000;0;0;0;50.02;50.02;50.02;7047;1000;0.0;0;1.0000;0;0
600;2012-07-16 22:10:00;172602N232;0;21.515;35;223;223;225;220;0.000;49.98;228.5;0.000;229.5;0.000;0.0;0.000;50;0;0;0.000;0.000;0.000;0;0;0;49.98;49.98;49.98;7047;1000;0.0;0;1.0000;0;0
600;2012-07-16 22:20:00;172602N232;0;21.515;34;223;223;225;220;0.000;49.99;227.6;0.000;228.6;0.000;0.0;0.000;50;0;0;0.000;0.000;0.000;0;0;0;49.99;49.99;49.99;7047;1000;0.0;0;1.0000;0;0
[wr_ende]
