20130703;230005;172602N232;My Plant;+0100
[wr_def_start]
172602N232;Inverter Type;Inverter Group;72602N232      
[wr_def_end]
[wr]
INTERVAL;TIMESTAMP;SERIAL;P_AC;E_DAY;T_WR;U_AC;U_AC_1;U_AC_2;U_AC_3;I_AC;F_AC;U_DC_1;I_DC_1;U_DC_2;I_DC_2;U_DC_3;I_DC_3;S;E_WR;M_WR;I_AC_1;I_AC_2;I_AC_3;P_AC_1;P_AC_2;P_AC_3;F_AC_1;F_AC_2;F_AC_3;R_DC;PC;PCS;PCS_LL;COS_PHI;COS_PHI_LL;S_COS_PHI
600;2013-07-03 04:10:00;172602N232;0;0.000;0;4;4;4;4;0.000;1.07;4.8;0.000;4.8;0.000;0.0;0.000;50;0;0;0.000;0.000;0.000;0;0;0;1.07;1.07;1.07;82;1000;0.0;0;1.0000;0;0
600;2013-07-03 04:20:00;172602N232;0;0.000;26;227;227;229;224;0.000;49.98;227.4;0.000;228.3;0.000;0.0;0.000;50;0;0;0.000;0.000;0.000;0;0;0;49.98;49.98;49.98;0;1000;0.0;0;1.0000;0;0
600;2013-07-03 04:30:00;172602N232;0;0.000;28;227;227;229;224;0.000;49.99;227.3;0.000;228.2;0.000;0.0;0.000;50;0;0;0.000;0.000;0.000;0;0;0;49.99;49.99;49.99;0;1000;0.0;0;1.0000;0;0
600;2013-07-03 04:40:00;172602N232;0;0.000;29;227;227;229;224;0.000;49.99;230.9;0.000;231.8;0.000;0.0;0.000;50;0;0;0.000;0.000;0.000;0;0;0;49.99;49.99;49.99;0;1000;0.0;0;1.0000;0;0
600;2013-07-03 04:50:00;172602N232;0;0.000;29;226;226;228;223;0.000;50.00;230.9;0.000;231.8;0.000;0.0;0.000;50;0;0;0.000;0.000;0.000;0;0;0;50.00;50.00;50.00;0;1000;0.0;0;1.0000;0;0
600;2013-07-03 05:00:00;172602N232;2;0.000;29;224;224;226;223;0.080;49.99;271.0;0.000;270.1;0.000;0.0;0.000;60;0;0;0.097;0.098;0.047;1;0;2;49.99;49.99;49.99;5517;1000;0.0;0;1.0000;0;0
600;2013-07-03 05:10:00;172602N232;23;0.003;29;224;224;225;223;0.417;49.98;308.3;0.017;308.6;0.019;0.0;0.000;60;0;0;0.475;0.472;0.305;1;5;20;49.98;49.98;49.98;8640;1000;0.0;0;1.0000;0;0
600;2013-07-03 05:20:00;172602N232;35;0.010;30;224;225;226;223;0.514;49.98;336.3;0.032;347.5;0.031;0.0;0.000;60;0;0;0.551;0.612;0.380;1;10;27;49.98;49.98;49.98;8640;1000;0.0;0;1.0000;0;0
600;2013-07-03 05:30:00;172602N232;36;0.016;30;223;223;225;223;0.531;49.98;338.2;0.033;349.2;0.031;0.0;0.000;60;0;0;0.545;0.671;0.378;18;2;23;49.98;49.98;49.98;8640;1000;0.0;0;1.0000;0;0
600;2013-07-03 05:40:00;172602N232;49;0.024;31;224;224;225;222;0.732;49.99;356.6;0.050;361.5;0.049;0.0;0.000;60;0;0;0.763;0.875;0.558;3;10;38;49.99;49.99;49.99;8640;1000;0.0;0;1.0000;0;0
600;2013-07-03 05:50:00;172602N232;60;0.035;31;225;225;226;223;0.775;50.00;366.4;0.064;368.3;0.063;0.0;0.000;60;0;0;0.829;0.919;0.577;4;14;41;50.00;50.00;50.00;8640;1000;0.0;0;1.0000;0;0
600;2013-07-03 06:00:00;172602N232;73;0.046;31;224;224;225;222;0.865;50.03;373.5;0.082;377.6;0.079;0.0;0.000;60;0;0;0.867;1.044;0.686;12;10;51;50.03;50.03;50.03;8640;1000;0.0;0;1.0000;0;0
600;2013-07-03 06:10:00;172602N232;125;0.067;32;224;224;225;222;0.892;50.00;390.5;0.145;389.6;0.140;0.0;0.000;60;0;0;0.842;1.124;0.712;22;34;67;50.00;50.00;50.00;8640;1000;0.0;0;1.0000;0;0
600;2013-07-03 06:20:00;172602N232;198;0.100;33;223;224;225;221;1.003;49.99;401.8;0.233;399.3;0.226;0.0;0.000;60;0;0;1.251;1.030;0.729;44;73;79;49.99;49.99;49.99;8640;1000;0.0;0;1.0000;0;0
600;2013-07-03 06:30:00;172602N232;252;0.143;33;223;224;225;222;1.123;49.99;406.3;0.302;403.5;0.289;0.0;0.000;60;0;0;1.164;1.268;0.937;53;96;101;49.99;49.99;49.99;8640;1000;0.0;0;1.0000;0;0
600;2013-07-03 06:40:00;172602N232;231;0.181;33;223;223;224;221;1.056;49.96;401.4;0.281;401.4;0.261;0.0;0.000;60;0;0;1.224;1.207;0.739;55;94;79;49.96;49.96;49.96;8640;1000;0.0;0;1.0000;0;0
600;2013-07-03 06:50:00;172602N232;212;0.217;34;223;224;225;221;1.024;49.98;401.6;0.255;398.2;0.242;0.0;0.000;60;0;0;1.206;1.098;0.769;38;86;86;49.98;49.98;49.98;8640;1000;0.0;0;1.0000;0;0
600;2013-07-03 07:00:00;172602N232;432;0.289;34;223;224;224;221;1.173;49.99;415.5;0.524;413.2;0.492;0.0;0.000;60;0;0;1.268;1.170;1.081;133;158;139;49.99;49.99;49.99;8640;1000;0.0;0;1.0000;0;0
600;2013-07-03 07:10:00;172602N232;603;0.390;34;226;228;227;223;1.251;49.97;419.8;0.739;422.8;0.672;0.0;0.000;60;0;0;1.374;1.179;1.200;198;202;201;49.97;49.97;49.97;8640;1000;0.0;0;1.0000;0;0
600;2013-07-03 07:20:00;172602N232;697;0.507;35;226;227;227;224;1.253;49.96;419.4;0.855;420.4;0.790;0.0;0.000;60;0;0;1.289;1.224;1.247;225;236;235;49.96;49.96;49.96;8640;1000;0.0;0;1.0000;0;0
600;2013-07-03 07:30:00;172602N232;867;0.651;35;226;227;227;224;1.318;49.98;420.5;1.068;422.4;0.978;0.0;0.000;60;0;0;1.269;1.359;1.326;277;300;288;49.98;49.98;49.98;8640;1000;0.0;0;1.0000;0;0
600;2013-07-03 07:40:00;172602N232;760;0.779;36;224;224;225;222;1.191;49.98;419.7;0.925;417.0;0.881;0.0;0.000;60;0;0;1.157;1.222;1.194;242;262;254;49.98;49.98;49.98;8640;1000;0.0;0;1.0000;0;0
600;2013-07-03 07:50:00;172602N232;684;0.892;36;223;223;224;222;1.082;50.00;414.7;0.846;414.6;0.786;0.0;0.000;60;0;0;1.052;1.106;1.090;217;235;230;50.00;50.00;50.00;8640;1000;0.0;0;1.0000;0;0
600;2013-07-03 08:00:00;172602N232;770;1.021;37;223;224;224;220;1.217;50.01;418.7;0.972;424.9;0.841;0.0;0.000;60;0;0;1.197;1.245;1.210;247;266;255;50.01;50.01;50.01;8640;1000;0.0;0;1.0000;0;0
600;2013-07-03 08:10:00;172602N232;842;1.161;37;226;226;228;225;1.282;49.98;421.2;1.078;429.5;0.893;0.0;0.000;60;0;0;1.227;1.326;1.293;267;292;281;49.98;49.98;49.98;8640;1000;0.0;0;1.0000;0;0
600;2013-07-03 08:20:00;172602N232;858;1.305;37;226;226;227;225;1.310;49.98;446.5;1.080;431.0;0.851;0.0;0.000;60;0;0;1.263;1.349;1.319;274;296;286;49.98;49.98;49.98;8640;1000;0.0;0;1.0000;0;0
600;2013-07-03 08:30:00;172602N232;1167;1.499;38;226;226;227;224;1.773;49.98;429.4;1.469;428.9;1.242;0.0;0.000;60;0;0;1.737;1.805;1.779;378;399;388;49.98;49.98;49.98;8640;1000;0.0;0;1.0000;0;0
600;2013-07-03 08:40:00;172602N232;1037;1.672;38;226;226;227;225;1.555;49.97;413.8;1.281;414.6;1.222;0.0;0.000;60;0;0;1.501;1.596;1.569;333;356;346;49.97;49.97;49.97;8640;1000;0.0;0;1.0000;0;0
600;2013-07-03 08:50:00;172602N232;984;1.836;38;225;225;227;223;1.489;49.97;415.8;1.206;410.7;1.173;0.0;0.000;60;0;0;1.436;1.533;1.499;315;340;327;49.97;49.97;49.97;8640;1000;0.0;0;1.0000;0;0
600;2013-07-03 09:00:00;172602N232;1146;2.028;39;223;223;225;221;1.767;49.99;417.5;1.401;412.2;1.362;0.0;0.000;60;0;0;1.734;1.804;1.764;374;393;378;49.99;49.99;49.99;8640;1000;0.0;0;1.0000;0;0
600;2013-07-03 09:10:00;172602N232;1013;2.196;39;223;223;224;220;1.552;49.99;415.3;1.244;410.8;1.206;0.0;0.000;60;0;0;1.502;1.597;1.557;326;350;335;49.99;49.99;49.99;8640;1000;0.0;0;1.0000;0;0
600;2013-07-03 09:20:00;172602N232;947;2.354;39;224;225;226;221;1.443;49.98;416.2;1.158;409.2;1.131;0.0;0.000;60;0;0;1.393;1.491;1.446;305;329;312;49.98;49.98;49.98;8640;1000;0.0;0;1.0000;0;0
600;2013-07-03 09:30:00;172602N232;1197;2.554;39;225;225;228;223;1.814;50.00;417.7;1.475;412.9;1.412;0.0;0.000;60;0;0;1.764;1.864;1.815;386;415;395;50.00;50.00;50.00;8640;1000;0.0;0;1.0000;0;0
600;2013-07-03 09:40:00;172602N232;1410;2.790;40;225;225;227;224;2.127;50.00;414.4;1.769;415.2;1.645;0.0;0.000;60;0;0;2.084;2.175;2.124;455;487;466;50.00;50.00;50.00;8640;1000;0.0;0;1.0000;0;0
600;2013-07-03 09:50:00;172602N232;1168;2.985;40;225;225;226;223;1.776;49.99;414.6;1.446;409.7;1.391;0.0;0.000;60;0;0;1.731;1.812;1.786;377;402;388;49.99;49.99;49.99;8640;1000;0.0;0;1.0000;0;0
600;2013-07-03 10:00:00;172602N232;1060;3.161;40;225;225;227;222;1.596;49.99;415.9;1.300;409.5;1.269;0.0;0.000;60;0;0;1.545;1.643;1.600;341;367;349;49.99;49.99;49.99;8640;1000;0.0;0;1.0000;0;0
600;2013-07-03 10:10:00;172602N232;909;3.313;40;224;224;226;221;1.387;49.99;416.0;1.110;409.5;1.085;0.0;0.000;60;0;0;1.331;1.433;1.398;289;316;301;49.99;49.99;49.99;8640;1000;0.0;0;1.0000;0;0
600;2013-07-03 10:20:00;172602N232;867;3.457;40;224;223;225;223;1.341;49.99;418.0;1.050;409.4;1.035;0.0;0.000;60;0;0;1.284;1.384;1.355;274;301;291;49.99;49.99;49.99;8640;1000;0.0;0;1.0000;0;0
600;2013-07-03 10:30:00;172602N232;1071;3.636;40;225;225;225;225;1.687;49.99;421.6;1.289;412.6;1.275;0.0;0.000;60;0;0;1.658;1.700;1.704;344;364;362;49.99;49.99;49.99;8640;1000;0.0;0;1.0000;0;0
600;2013-07-03 10:40:00;172602N232;817;3.773;40;226;227;226;226;1.259;49.98;419.9;0.976;410.6;0.981;0.0;0.000;60;0;0;1.215;1.289;1.274;261;279;275;49.98;49.98;49.98;8640;1000;0.0;0;1.0000;0;0
600;2013-07-03 10:50:00;172602N232;474;3.852;40;227;227;227;226;0.952;50.01;403.7;0.583;404.3;0.568;0.0;0.000;60;0;0;0.937;0.995;0.926;144;172;156;50.01;50.01;50.01;8640;1000;0.0;0;1.0000;0;0
600;2013-07-03 11:00:00;172602N232;400;3.919;40;226;226;227;226;1.125;49.99;409.3;0.487;404.2;0.469;0.0;0.000;60;0;0;1.138;1.184;1.053;121;145;131;49.99;49.99;49.99;8640;1000;0.0;0;1.0000;0;0
600;2013-07-03 11:10:00;172602N232;808;4.054;40;227;227;228;225;1.278;49.99;420.0;0.977;414.0;0.945;0.0;0.000;60;0;0;1.247;1.310;1.279;257;279;269;49.99;49.99;49.99;8640;1000;0.0;0;1.0000;0;0
600;2013-07-03 11:20:00;172602N232;1115;4.239;40;227;228;227;226;1.703;49.98;422.6;1.346;416.5;1.313;0.0;0.000;60;0;0;1.690;1.707;1.713;366;374;373;49.98;49.98;49.98;8640;1000;0.0;0;1.0000;0;0
600;2013-07-03 11:30:00;172602N232;1265;4.451;40;227;228;228;226;1.970;49.98;426.0;1.509;416.2;1.499;0.0;0.000;60;0;0;1.946;1.973;1.991;405;430;427;49.98;49.98;49.98;8640;1000;0.0;0;1.0000;0;0
600;2013-07-03 11:40:00;172602N232;1561;4.710;40;228;229;229;227;2.311;49.99;425.6;1.877;419.2;1.835;0.0;0.000;60;0;0;2.260;2.355;2.320;507;533;519;49.99;49.99;49.99;8640;1000;0.0;0;1.0000;0;0
600;2013-07-03 11:50:00;172602N232;1574;4.974;40;228;228;230;226;2.329;50.00;421.5;1.929;420.2;1.824;0.0;0.000;60;0;0;2.270;2.382;2.335;509;541;522;50.00;50.00;50.00;8640;1000;0.0;0;1.0000;0;0
600;2013-07-03 12:00:00;172602N232;1363;5.201;41;228;228;229;226;2.051;49.99;420.3;1.657;414.5;1.617;0.0;0.000;60;0;0;2.006;2.090;2.059;440;469;453;49.99;49.99;49.99;8640;1000;0.0;0;1.0000;0;0
600;2013-07-03 12:10:00;172602N232;1002;5.368;41;227;228;228;226;1.611;50.01;415.7;1.225;409.1;1.203;0.0;0.000;60;0;0;1.588;1.663;1.583;317;350;333;50.01;50.01;50.01;8640;1000;0.0;0;1.0000;0;0
600;2013-07-03 12:20:00;172602N232;1786;5.666;41;228;228;229;226;2.655;50.01;417.5;2.228;415.7;2.085;0.0;0.000;60;0;0;2.601;2.704;2.662;581;610;593;50.01;50.01;50.01;8640;1000;0.0;0;1.0000;0;0
600;2013-07-03 12:30:00;172602N232;2185;6.030;41;227;227;229;225;3.233;49.98;410.4;2.768;410.6;2.597;0.0;0.000;60;0;0;3.175;3.297;3.227;715;749;720;49.98;49.98;49.98;8640;1000;0.0;0;1.0000;0;0
600;2013-07-03 12:40:00;172602N232;1435;6.271;41;226;226;227;224;2.132;50.01;417.8;1.758;411.5;1.717;0.0;0.000;60;0;0;2.071;2.186;2.140;464;493;476;50.01;50.01;50.01;8640;1000;0.0;0;1.0000;0;0
600;2013-07-03 12:50:00;172602N232;1308;6.487;41;225;225;226;223;1.985;50.02;420.1;1.587;413.1;1.556;0.0;0.000;60;0;0;1.940;2.017;1.999;423;447;436;50.02;50.02;50.02;8640;1000;0.0;0;1.0000;0;0
600;2013-07-03 13:00:00;172602N232;1004;6.655;41;224;225;225;222;1.522;49.97;419.3;1.218;411.9;1.193;0.0;0.000;60;0;0;1.472;1.561;1.533;324;345;333;49.97;49.97;49.97;8640;1000;0.0;0;1.0000;0;0
600;2013-07-03 13:10:00;172602N232;1188;6.854;41;224;225;226;221;1.825;49.98;421.0;1.437;415.3;1.404;0.0;0.000;60;0;0;1.793;1.857;1.827;385;409;393;49.98;49.98;49.98;8640;1000;0.0;0;1.0000;0;0
600;2013-07-03 13:20:00;172602N232;958;7.014;42;225;225;226;223;1.455;49.99;420.8;1.155;414.1;1.132;0.0;0.000;60;0;0;1.404;1.496;1.465;308;331;318;49.99;49.99;49.99;8640;1000;0.0;0;1.0000;0;0
600;2013-07-03 13:30:00;172602N232;854;7.156;42;225;225;226;223;1.304;49.98;421.4;1.024;414.0;1.008;0.0;0.000;60;0;0;1.250;1.347;1.315;272;296;284;49.98;49.98;49.98;8640;1000;0.0;0;1.0000;0;0
600;2013-07-03 13:40:00;172602N232;592;7.254;41;224;224;226;223;1.094;49.98;415.6;0.715;409.5;0.698;0.0;0.000;60;0;0;1.171;1.089;1.022;187;206;197;49.98;49.98;49.98;8640;1000;0.0;0;1.0000;0;0
600;2013-07-03 13:50:00;172602N232;489;7.337;41;225;225;227;223;0.913;49.98;411.5;0.597;405.5;0.579;0.0;0.000;60;0;0;0.774;1.024;0.943;147;178;163;49.98;49.98;49.98;8640;1000;0.0;0;1.0000;0;0
600;2013-07-03 14:00:00;172602N232;462;7.414;41;225;226;227;223;0.816;49.96;410.5;0.566;404.9;0.546;0.0;0.000;60;0;0;0.772;0.858;0.819;139;165;157;49.96;49.96;49.96;8640;1000;0.0;0;1.0000;0;0
600;2013-07-03 14:10:00;172602N232;619;7.517;41;226;226;228;224;1.107;49.99;415.6;0.747;409.0;0.731;0.0;0.000;60;0;0;1.119;1.095;1.109;198;213;206;49.99;49.99;49.99;8640;1000;0.0;0;1.0000;0;0
600;2013-07-03 14:20:00;172602N232;663;7.628;41;226;225;228;224;1.046;49.99;420.2;0.788;409.0;0.792;0.0;0.000;60;0;0;0.971;1.105;1.064;206;234;221;49.99;49.99;49.99;8640;1000;0.0;0;1.0000;0;0
600;2013-07-03 14:30:00;172602N232;511;7.713;41;226;225;227;224;1.027;49.98;413.3;0.621;406.4;0.603;0.0;0.000;60;0;0;0.997;1.082;1.003;161;183;166;49.98;49.98;49.98;8640;1000;0.0;0;1.0000;0;0
600;2013-07-03 14:40:00;172602N232;551;7.805;41;225;226;227;224;1.139;49.98;413.8;0.673;409.3;0.645;0.0;0.000;60;0;0;1.164;1.181;1.074;175;197;178;49.98;49.98;49.98;8640;1000;0.0;0;1.0000;0;0
600;2013-07-03 14:50:00;172602N232;500;7.889;41;226;226;227;225;0.909;49.99;410.3;0.622;409.9;0.578;0.0;0.000;60;0;0;0.915;0.872;0.940;159;171;169;49.99;49.99;49.99;8640;1000;0.0;0;1.0000;0;0
600;2013-07-03 15:00:00;172602N232;479;7.969;41;226;226;228;225;0.751;49.98;414.3;0.583;408.2;0.561;0.0;0.000;60;0;0;0.689;0.795;0.771;145;170;163;49.98;49.98;49.98;8640;1000;0.0;0;1.0000;0;0
600;2013-07-03 15:10:00;172602N232;601;8.069;41;227;227;228;226;1.033;49.99;415.4;0.722;409.7;0.713;0.0;0.000;60;0;0;0.925;1.108;1.067;184;212;202;49.99;49.99;49.99;8640;1000;0.0;0;1.0000;0;0
600;2013-07-03 15:20:00;172602N232;587;8.167;41;227;227;227;226;1.005;49.99;409.4;0.722;408.2;0.697;0.0;0.000;60;0;0;1.011;1.003;1.001;185;202;199;49.99;49.99;49.99;8640;1000;0.0;0;1.0000;0;0
600;2013-07-03 15:30:00;172602N232;1026;8.338;41;227;227;229;226;1.554;49.99;423.0;1.226;414.7;1.217;0.0;0.000;60;0;0;1.501;1.590;1.573;327;353;344;49.99;49.99;49.99;8640;1000;0.0;0;1.0000;0;0
600;2013-07-03 15:40:00;172602N232;805;8.473;41;226;225;228;225;1.226;49.99;420.0;0.966;409.9;0.963;0.0;0.000;60;0;0;1.162;1.274;1.242;252;281;270;49.99;49.99;49.99;8640;1000;0.0;0;1.0000;0;0
600;2013-07-03 15:50:00;172602N232;731;8.595;41;226;226;228;224;1.126;49.99;417.7;0.887;411.5;0.861;0.0;0.000;60;0;0;1.075;1.176;1.127;229;257;243;49.99;49.99;49.99;8640;1000;0.0;0;1.0000;0;0
600;2013-07-03 16:00:00;172602N232;874;8.741;41;227;227;229;225;1.318;49.99;420.2;1.056;414.1;1.028;0.0;0.000;60;0;0;1.259;1.365;1.330;276;304;291;49.99;49.99;49.99;8640;1000;0.0;0;1.0000;0;0
600;2013-07-03 16:10:00;172602N232;795;8.873;41;227;228;229;225;1.211;49.99;416.6;0.965;409.6;0.946;0.0;0.000;60;0;0;1.164;1.254;1.217;252;277;264;49.99;49.99;49.99;8640;1000;0.0;0;1.0000;0;0
600;2013-07-03 16:20:00;172602N232;600;8.974;41;226;227;228;224;0.991;49.98;409.5;0.734;403.0;0.725;0.0;0.000;60;0;0;1.018;1.016;0.940;187;212;198;49.98;49.98;49.98;8640;1000;0.0;0;1.0000;0;0
600;2013-07-03 16:30:00;172602N232;709;9.092;41;226;228;226;225;1.198;49.97;413.8;0.858;405.2;0.855;0.0;0.000;60;0;0;1.228;1.219;1.148;228;246;234;49.97;49.97;49.97;8640;1000;0.0;0;1.0000;0;0
600;2013-07-03 16:40:00;172602N232;546;9.183;41;226;227;226;224;1.097;49.97;404.2;0.672;399.5;0.667;0.0;0.000;60;0;0;1.093;1.138;1.061;161;190;194;49.97;49.97;49.97;8640;1000;0.0;0;1.0000;0;0
600;2013-07-03 16:50:00;172602N232;429;9.254;41;225;226;226;222;1.257;49.97;403.5;0.526;398.7;0.515;0.0;0.000;60;0;0;1.345;1.276;1.152;106;155;165;49.97;49.97;49.97;8640;1000;0.0;0;1.0000;0;0
600;2013-07-03 17:00:00;172602N232;931;9.411;41;225;226;227;223;1.413;49.99;421.2;1.112;410.2;1.118;0.0;0.000;60;0;0;1.364;1.461;1.414;299;324;307;49.99;49.99;49.99;8640;1000;0.0;0;1.0000;0;0
600;2013-07-03 17:10:00;172602N232;1605;9.678;41;225;225;228;223;2.387;49.99;416.5;1.952;411.8;1.938;0.0;0.000;60;0;0;2.328;2.452;2.383;521;554;528;49.99;49.99;49.99;8640;1000;0.0;0;1.0000;0;0
600;2013-07-03 17:20:00;172602N232;903;9.829;41;225;226;226;222;1.391;49.98;409.7;1.119;403.5;1.092;0.0;0.000;60;0;0;1.361;1.425;1.387;292;312;297;49.98;49.98;49.98;8640;1000;0.0;0;1.0000;0;0
600;2013-07-03 17:30:00;172602N232;609;9.930;41;224;226;225;221;0.945;49.97;407.9;0.749;399.3;0.740;0.0;0.000;60;0;0;0.898;0.986;0.953;192;213;202;49.97;49.97;49.97;8640;1000;0.0;0;1.0000;0;0
600;2013-07-03 17:40:00;172602N232;484;10.011;41;224;226;225;220;1.051;49.98;404.4;0.599;399.0;0.582;0.0;0.000;60;0;0;1.108;1.094;0.953;153;176;153;49.98;49.98;49.98;8640;1000;0.0;0;1.0000;0;0
600;2013-07-03 17:50:00;172602N232;453;10.087;41;224;223;226;222;0.966;49.99;405.7;0.554;399.7;0.548;0.0;0.000;60;0;0;0.951;1.043;0.906;139;163;149;49.99;49.99;49.99;8640;1000;0.0;0;1.0000;0;0
600;2013-07-03 18:00:00;172602N232;432;10.158;41;224;224;227;222;1.053;50.00;397.5;0.538;400.3;0.521;0.0;0.000;60;0;0;1.034;1.143;0.984;132;158;140;50.00;50.00;50.00;8640;1000;0.0;0;1.0000;0;0
600;2013-07-03 18:10:00;172602N232;508;10.244;41;225;225;227;222;0.883;49.99;405.1;0.637;403.6;0.601;0.0;0.000;60;0;0;0.858;0.924;0.869;159;180;167;49.99;49.99;49.99;8640;1000;0.0;0;1.0000;0;0
600;2013-07-03 18:20:00;172602N232;365;10.305;41;224;226;228;220;1.069;49.98;401.5;0.453;397.1;0.432;0.0;0.000;60;0;0;1.145;1.125;0.939;101;135;126;49.98;49.98;49.98;8640;1000;0.0;0;1.0000;0;0
600;2013-07-03 18:30:00;172602N232;301;10.354;40;225;227;225;222;1.180;49.98;398.9;0.371;394.8;0.357;0.0;0.000;60;0;0;1.402;1.142;0.996;63;126;110;49.98;49.98;49.98;8640;1000;0.0;0;1.0000;0;0
600;2013-07-03 18:40:00;172602N232;374;10.417;40;225;227;226;224;1.211;49.97;405.5;0.456;400.1;0.445;0.0;0.000;60;0;0;1.335;1.223;1.077;90;151;131;49.97;49.97;49.97;8640;1000;0.0;0;1.0000;0;0
600;2013-07-03 18:50:00;172602N232;355;10.477;40;227;228;228;224;1.247;49.99;403.6;0.431;397.9;0.425;0.0;0.000;60;0;0;1.464;1.227;1.051;80;145;128;49.99;49.99;49.99;8640;1000;0.0;0;1.0000;0;0
600;2013-07-03 19:00:00;172602N232;286;10.524;40;227;229;228;223;1.147;50.01;399.7;0.346;392.8;0.344;0.0;0.000;60;0;0;1.392;1.055;0.995;54;114;117;50.01;50.01;50.01;8640;1000;0.0;0;1.0000;0;0
600;2013-07-03 19:10:00;172602N232;228;10.563;40;227;229;228;225;1.064;49.99;392.2;0.278;388.9;0.274;0.0;0.000;60;0;0;1.357;0.996;0.840;34;97;95;49.99;49.99;49.99;8640;1000;0.0;0;1.0000;0;0
600;2013-07-03 19:20:00;172602N232;235;10.602;39;223;224;224;221;1.029;49.98;381.5;0.293;390.4;0.285;0.0;0.000;60;0;0;1.234;0.981;0.874;39;95;100;49.98;49.98;49.98;8640;1000;0.0;0;1.0000;0;0
600;2013-07-03 19:30:00;172602N232;288;10.651;39;223;225;224;221;1.171;49.98;387.1;0.360;394.5;0.349;0.0;0.000;60;0;0;1.468;1.137;0.909;66;120;100;49.98;49.98;49.98;8640;1000;0.0;0;1.0000;0;0
600;2013-07-03 19:40:00;172602N232;230;10.689;39;224;225;224;222;1.049;49.99;387.9;0.285;389.4;0.276;0.0;0.000;60;0;0;1.270;1.086;0.792;38;106;86;49.99;49.99;49.99;8640;1000;0.0;0;1.0000;0;0
600;2013-07-03 19:50:00;172602N232;203;10.723;39;223;225;223;222;1.041;50.00;384.1;0.258;390.7;0.234;0.0;0.000;60;0;0;1.363;0.916;0.845;20;92;93;50.00;50.00;50.00;8640;1000;0.0;0;1.0000;0;0
600;2013-07-03 20:00:00;172602N232;127;10.745;39;223;225;224;221;0.996;49.99;377.2;0.158;381.1;0.143;0.0;0.000;60;0;0;1.487;0.771;0.731;0;69;64;49.99;49.99;49.99;8640;1000;0.0;0;1.0000;0;0
600;2013-07-03 20:10:00;172602N232;221;10.781;39;224;225;226;222;1.067;49.99;390.4;0.270;389.5;0.265;0.0;0.000;60;0;0;1.245;1.113;0.844;48;81;90;49.99;49.99;49.99;8640;1000;0.0;0;1.0000;0;0
600;2013-07-03 20:20:00;172602N232;243;10.822;39;224;224;226;222;1.077;49.99;389.1;0.301;391.1;0.291;0.0;0.000;60;0;0;1.166;1.183;0.882;56;87;98;49.99;49.99;49.99;8640;1000;0.0;0;1.0000;0;0
600;2013-07-03 20:30:00;172602N232;108;10.841;39;224;226;226;222;0.997;49.98;373.4;0.133;374.7;0.124;0.0;0.000;60;0;0;1.413;0.829;0.750;4;51;60;49.98;49.98;49.98;8640;1000;0.0;0;1.0000;0;0
600;2013-07-03 20:40:00;172602N232;39;10.847;38;224;224;225;222;0.534;49.98;333.6;0.039;336.2;0.037;0.0;0.000;60;0;0;0.606;0.565;0.431;9;7;32;49.98;49.98;49.98;8640;1000;0.0;0;1.0000;0;0
600;2013-07-03 20:50:00;172602N232;74;10.860;38;223;223;226;221;0.825;49.98;362.4;0.088;367.5;0.081;0.0;0.000;60;0;0;0.688;1.145;0.643;25;2;51;49.98;49.98;49.98;8640;1000;0.0;0;1.0000;0;0
600;2013-07-03 21:00:00;172602N232;96;10.876;38;223;222;225;221;0.873;49.97;366.0;0.114;373.7;0.112;0.0;0.000;60;0;0;0.704;1.248;0.669;36;4;56;49.97;49.97;49.97;8640;1000;0.0;0;1.0000;0;0
600;2013-07-03 21:10:00;172602N232;86;10.891;38;223;222;225;221;0.891;49.97;362.6;0.100;370.4;0.100;0.0;0.000;60;0;0;0.797;1.175;0.703;22;5;57;49.97;49.97;49.97;8640;1000;0.0;0;1.0000;0;0
600;2013-07-03 21:20:00;172602N232;58;10.900;38;223;224;224;221;0.868;49.98;348.3;0.065;360.4;0.066;0.0;0.000;60;0;0;1.096;0.836;0.673;0;26;48;49.98;49.98;49.98;8640;1000;0.0;0;1.0000;0;0
600;2013-07-03 21:30:00;172602N232;26;10.905;38;224;225;224;222;0.430;49.99;301.3;0.021;316.2;0.023;0.0;0.000;60;0;0;0.548;0.384;0.358;0;24;24;49.99;49.99;49.99;8640;1000;0.0;0;1.0000;0;0
600;2013-07-03 21:40:00;172602N232;6;10.907;37;224;225;225;222;0.236;50.00;253.2;0.000;258.0;0.001;0.0;0.000;60;0;0;0.381;0.174;0.155;0;7;9;50.00;50.00;50.00;8640;1000;0.0;0;1.0000;0;0
600;2013-07-03 21:50:00;172602N232;1;10.906;37;224;225;224;222;0.070;50.01;251.1;0.000;251.3;0.000;0.0;0.000;80;0;0;0.100;0.057;0.054;0;2;2;50.01;50.01;50.01;8640;1000;0.0;0;1.0000;0;0
600;2013-07-03 22:00:00;172602N232;0;10.906;36;223;224;225;220;0.000;50.02;290.5;0.000;288.8;0.000;0.0;0.000;51;0;0;0.000;0.000;0.000;0;0;0;50.02;50.02;50.02;6477;1000;0.0;0;1.0000;0;0
600;2013-07-03 22:10:00;172602N232;0;10.906;35;223;224;224;220;0.000;50.02;233.7;0.000;234.7;0.000;0.0;0.000;51;0;0;0.000;0.000;0.000;0;0;0;50.02;50.02;50.02;6345;1000;0.0;0;1.0000;0;0
600;2013-07-03 22:20:00;172602N232;0;10.906;35;223;223;225;221;0.000;50.03;228.7;0.000;229.7;0.000;0.0;0.000;51;0;0;0.000;0.000;0.000;0;0;0;50.03;50.03;50.03;6345;1000;0.0;0;1.0000;0;0
[wr_ende]
