20170123;230003;172602N232;My Plant;+0100
[wr_def_start]
172602N232;Inverter Type;Inverter Group;72602N232      
[wr_def_end]
[wr]
INTERVAL;TIMESTAMP;SERIAL;P_AC;E_DAY;T_WR;U_AC;U_AC_1;U_AC_2;U_AC_3;I_AC;F_AC;U_DC_1;I_DC_1;U_DC_2;I_DC_2;U_DC_3;I_DC_3;S;E_WR;M_WR;I_AC_1;I_AC_2;I_AC_3;P_AC_1;P_AC_2;P_AC_3;F_AC_1;F_AC_2;F_AC_3;R_DC;PC;PCS;PCS_LL;COS_PHI;COS_PHI_LL;S_COS_PHI
600;2017-01-23 07:20:00;172602N232;0;0.000;0;3;3;3;3;0.000;0.68;3.0;0.000;3.0;0.000;0.0;0.000;50;0;0;0.000;0.000;0.000;0;0;0;0.68;0.68;0.68;27;1000;0.0;0;1.0000;0;0
600;2017-01-23 07:30:00;172602N232;0;0.000;16;223;223;225;222;0.000;50.03;229.2;0.000;230.1;0.000;0.0;0.000;50;0;0;0.000;0.000;0.000;0;0;0;50.03;50.03;50.03;0;1000;0.0;0;1.0000;0;0
600;2017-01-23 07:40:00;172602N232;0;0.000;17;223;221;225;221;0.000;50.02;242.8;0.000;243.7;0.000;0.0;0.000;50;0;0;0.000;0.000;0.000;0;0;0;50.02;50.02;50.02;0;1000;0.0;0;1.0000;0;0
600;2017-01-23 07:50:00;172602N232;0;0.000;17;224;222;227;223;0.007;50.01;290.5;0.000;289.4;0.000;0.0;0.000;51;0;0;0.007;0.011;0.005;0;0;0;50.01;50.01;50.01;4495;1000;0.0;0;1.0000;0;0
600;2017-01-23 08:00:00;172602N232;7;0.001;18;223;223;225;222;0.224;50.01;290.0;0.002;267.7;0.003;0.0;0.000;60;0;0;0.252;0.259;0.161;1;4;9;50.01;50.01;50.01;6748;1000;0.0;0;1.0000;0;0
600;2017-01-23 08:10:00;172602N232;30;0.005;18;224;223;225;223;0.488;50.02;359.7;0.026;326.3;0.022;0.0;0.000;60;0;0;0.519;0.595;0.350;7;3;21;50.02;50.02;50.02;6756;1000;0.0;0;1.0000;0;0
600;2017-01-23 08:20:00;172602N232;40;0.013;18;225;224;226;224;0.606;49.99;367.1;0.037;358.6;0.032;0.0;0.000;60;0;0;0.576;0.803;0.439;15;0;30;49.99;49.99;49.99;6756;1000;0.0;0;1.0000;0;0
600;2017-01-23 08:30:00;172602N232;56;0.021;19;224;224;225;223;0.697;49.99;384.7;0.055;399.9;0.047;0.0;0.000;60;0;0;0.694;0.880;0.517;12;5;39;49.99;49.99;49.99;6756;1000;0.0;0;1.0000;0;0
600;2017-01-23 08:40:00;172602N232;101;0.039;19;223;224;224;223;0.882;49.99;415.3;0.112;420.8;0.092;0.0;0.000;60;0;0;0.970;0.959;0.717;9;32;58;49.99;49.99;49.99;6756;1000;0.0;0;1.0000;0;0
600;2017-01-23 08:50:00;172602N232;184;0.070;20;223;223;224;222;0.960;50.00;432.6;0.211;437.5;0.171;0.0;0.000;60;0;0;0.988;1.141;0.751;21;85;76;50.00;50.00;50.00;6756;1000;0.0;0;1.0000;0;0
600;2017-01-23 09:00:00;172602N232;305;0.120;20;223;223;224;222;1.144;50.01;442.6;0.357;449.1;0.292;0.0;0.000;60;0;0;1.274;1.207;0.952;88;111;104;50.01;50.01;50.01;6756;1000;0.0;0;1.0000;0;0
600;2017-01-23 09:10:00;172602N232;366;0.181;20;223;223;225;222;1.169;50.00;456.6;0.444;455.1;0.324;0.0;0.000;60;0;0;1.186;1.223;1.100;102;128;134;50.00;50.00;50.00;6756;1000;0.0;0;1.0000;0;0
600;2017-01-23 09:20:00;172602N232;589;0.280;21;224;223;226;223;0.937;50.01;469.3;0.698;470.9;0.528;0.0;0.000;60;0;0;0.882;0.984;0.946;183;207;198;50.01;50.01;50.01;6756;1000;0.0;0;1.0000;0;0
600;2017-01-23 09:30:00;172602N232;475;0.359;21;223;223;225;223;0.755;50.01;447.5;0.561;455.2;0.461;0.0;0.000;60;0;0;0.700;0.796;0.769;144;168;161;50.01;50.01;50.01;6756;1000;0.0;0;1.0000;0;0
600;2017-01-23 09:40:00;172602N232;302;0.410;22;222;221;223;222;1.052;50.01;427.7;0.345;435.4;0.320;0.0;0.000;60;0;0;1.034;1.142;0.981;91;104;104;50.01;50.01;50.01;6756;1000;0.0;0;1.0000;0;0
600;2017-01-23 09:50:00;172602N232;252;0.452;22;222;222;223;222;1.100;50.03;411.5;0.291;429.0;0.276;0.0;0.000;60;0;0;1.096;1.251;0.955;62;100;88;50.03;50.03;50.03;6756;1000;0.0;0;1.0000;0;0
600;2017-01-23 10:00:00;172602N232;360;0.512;23;223;223;223;222;1.142;50.04;433.5;0.446;446.5;0.338;0.0;0.000;60;0;0;1.230;1.122;1.076;114;132;112;50.04;50.04;50.04;6756;1000;0.0;0;1.0000;0;0
600;2017-01-23 10:10:00;172602N232;708;0.630;23;223;224;224;222;1.150;50.03;445.6;1.055;462.1;0.493;0.0;0.000;60;0;0;1.125;1.180;1.147;225;245;236;50.03;50.03;50.03;6756;1000;0.0;0;1.0000;0;0
600;2017-01-23 10:20:00;172602N232;593;0.730;23;223;223;224;223;0.927;50.02;440.7;0.829;456.1;0.471;0.0;0.000;60;0;0;0.876;0.967;0.939;185;207;199;50.02;50.02;50.02;6756;1000;0.0;0;1.0000;0;0
600;2017-01-23 10:30:00;172602N232;475;0.809;24;223;223;223;223;0.754;50.02;438.8;0.545;443.8;0.506;0.0;0.000;60;0;0;0.701;0.792;0.769;145;167;161;50.02;50.02;50.02;6756;1000;0.0;0;1.0000;0;0
600;2017-01-23 10:40:00;172602N232;557;0.902;24;223;223;224;222;0.907;50.03;443.7;0.626;443.9;0.605;0.0;0.000;60;0;0;0.878;0.945;0.900;173;195;187;50.03;50.03;50.03;6756;1000;0.0;0;1.0000;0;0
600;2017-01-23 10:50:00;172602N232;547;0.993;25;223;223;223;223;0.932;50.00;442.9;0.611;440.5;0.603;0.0;0.000;60;0;0;0.897;0.963;0.936;171;190;184;50.00;50.00;50.00;6756;1000;0.0;0;1.0000;0;0
600;2017-01-23 11:00:00;172602N232;472;1.072;25;223;223;224;223;0.748;49.99;439.6;0.526;434.9;0.527;0.0;0.000;60;0;0;0.697;0.781;0.766;144;164;161;49.99;49.99;49.99;6756;1000;0.0;0;1.0000;0;0
600;2017-01-23 11:10:00;172602N232;449;1.147;25;224;223;225;223;0.715;50.00;438.2;0.500;433.4;0.503;0.0;0.000;60;0;0;0.663;0.755;0.728;136;159;152;50.00;50.00;50.00;6756;1000;0.0;0;1.0000;0;0
600;2017-01-23 11:20:00;172602N232;470;1.225;25;224;224;225;223;0.763;49.98;424.0;0.544;432.9;0.531;0.0;0.000;60;0;0;0.716;0.802;0.771;144;166;158;49.98;49.98;49.98;6756;1000;0.0;0;1.0000;0;0
600;2017-01-23 11:30:00;172602N232;473;1.304;26;225;224;227;223;0.748;49.99;417.8;0.556;431.8;0.537;0.0;0.000;60;0;0;0.693;0.796;0.757;144;169;159;49.99;49.99;49.99;6756;1000;0.0;0;1.0000;0;0
600;2017-01-23 11:40:00;172602N232;456;1.380;26;224;223;226;224;0.910;50.01;430.4;0.519;431.4;0.513;0.0;0.000;60;0;0;0.867;0.972;0.892;139;162;152;50.01;50.01;50.01;6756;1000;0.0;0;1.0000;0;0
600;2017-01-23 11:50:00;172602N232;756;1.506;26;224;224;225;223;1.344;49.99;438.1;0.971;468.5;0.674;0.0;0.000;60;0;0;1.345;1.374;1.315;243;263;248;49.99;49.99;49.99;6756;1000;0.0;0;1.0000;0;0
600;2017-01-23 12:00:00;172602N232;898;1.657;26;224;225;225;222;1.374;49.99;462.1;0.925;394.5;1.297;0.0;0.000;60;0;0;1.339;1.418;1.366;291;311;294;49.99;49.99;49.99;6756;1000;0.0;0;1.0000;0;0
600;2017-01-23 12:10:00;172602N232;965;1.818;26;225;225;227;222;1.461;50.01;420.1;0.855;348.7;1.759;0.0;0.000;60;0;0;1.417;1.509;1.457;311;336;316;50.01;50.01;50.01;6756;1000;0.0;0;1.0000;0;0
600;2017-01-23 12:20:00;172602N232;898;1.968;27;225;225;228;222;1.364;49.97;354.6;0.837;356.9;1.710;0.0;0.000;60;0;0;1.316;1.420;1.358;286;316;294;49.97;49.97;49.97;6756;1000;0.0;0;1.0000;0;0
600;2017-01-23 12:30:00;172602N232;848;2.109;27;224;224;227;222;1.298;49.98;372.8;0.747;358.0;1.623;0.0;0.000;60;0;0;1.249;1.352;1.295;269;297;279;49.98;49.98;49.98;6756;1000;0.0;0;1.0000;0;0
600;2017-01-23 12:40:00;172602N232;811;2.244;27;224;224;227;221;1.244;50.01;468.3;0.641;379.8;1.355;0.0;0.000;60;0;0;1.199;1.297;1.238;259;285;266;50.01;50.01;50.01;6756;1000;0.0;0;1.0000;0;0
600;2017-01-23 12:50:00;172602N232;688;2.359;27;225;225;227;222;1.062;50.01;461.7;0.663;440.0;0.846;0.0;0.000;60;0;0;1.021;1.107;1.060;219;241;226;50.01;50.01;50.01;6756;1000;0.0;0;1.0000;0;0
600;2017-01-23 13:00:00;172602N232;549;2.450;27;225;225;227;223;0.860;50.02;463.0;0.520;417.2;0.719;0.0;0.000;60;0;0;0.815;0.902;0.864;171;193;183;50.02;50.02;50.02;6756;1000;0.0;0;1.0000;0;0
600;2017-01-23 13:10:00;172602N232;676;2.564;28;225;225;227;224;1.046;50.04;472.5;0.580;432.5;0.910;0.0;0.000;60;0;0;0.992;1.095;1.052;212;237;225;50.04;50.04;50.04;6756;1000;0.0;0;1.0000;0;0
600;2017-01-23 13:20:00;172602N232;644;2.671;28;223;222;226;222;1.040;49.99;445.2;0.741;435.0;0.722;0.0;0.000;60;0;0;0.981;1.104;1.036;201;228;213;49.99;49.99;49.99;6756;1000;0.0;0;1.0000;0;0
600;2017-01-23 13:30:00;172602N232;709;2.790;28;221;221;224;219;1.109;49.98;420.1;0.991;458.0;0.621;0.0;0.000;60;0;0;1.056;1.161;1.111;223;249;235;49.98;49.98;49.98;6756;1000;0.0;0;1.0000;0;0
600;2017-01-23 13:40:00;172602N232;711;2.907;28;221;221;224;219;1.111;49.99;442.1;0.925;450.7;0.645;0.0;0.000;60;0;0;1.062;1.163;1.109;225;250;234;49.99;49.99;49.99;6756;1000;0.0;0;1.0000;0;0
600;2017-01-23 13:50:00;172602N232;680;3.021;28;222;221;224;220;1.063;49.99;429.6;0.947;454.4;0.581;0.0;0.000;60;0;0;1.008;1.114;1.068;213;239;226;49.99;49.99;49.99;6756;1000;0.0;0;1.0000;0;0
600;2017-01-23 14:00:00;172602N232;653;3.130;28;222;219;224;221;1.022;49.99;446.0;0.869;451.0;0.565;0.0;0.000;60;0;0;0.954;1.076;1.038;200;230;220;49.99;49.99;49.99;6756;1000;0.0;0;1.0000;0;0
600;2017-01-23 14:10:00;172602N232;604;3.231;28;221;219;224;221;0.952;49.99;451.1;0.768;444.6;0.553;0.0;0.000;60;0;0;0.886;1.006;0.964;185;214;203;49.99;49.99;49.99;6756;1000;0.0;0;1.0000;0;0
600;2017-01-23 14:20:00;172602N232;660;3.341;28;223;222;225;221;1.031;50.01;442.9;0.831;448.0;0.628;0.0;0.000;60;0;0;0.975;1.081;1.039;206;232;220;50.01;50.01;50.01;6756;1000;0.0;0;1.0000;0;0
600;2017-01-23 14:30:00;172602N232;333;3.397;28;222;222;225;219;1.141;50.00;416.7;0.395;427.3;0.361;0.0;0.000;60;0;0;1.149;1.325;0.951;97;110;125;50.00;50.00;50.00;6756;1000;0.0;0;1.0000;0;0
600;2017-01-23 14:40:00;172602N232;199;3.430;28;220;224;225;212;1.048;50.00;411.9;0.224;416.3;0.220;0.0;0.000;60;0;0;1.449;0.907;0.790;38;72;90;50.00;50.00;50.00;6756;1000;0.0;0;1.0000;0;0
600;2017-01-23 14:50:00;172602N232;134;3.452;27;220;224;224;213;0.994;49.99;404.2;0.148;408.0;0.146;0.0;0.000;60;0;0;1.478;0.788;0.716;2;65;74;49.99;49.99;49.99;6756;1000;0.0;0;1.0000;0;0
600;2017-01-23 15:00:00;172602N232;81;3.466;27;221;224;225;213;0.941;49.98;384.1;0.087;395.1;0.087;0.0;0.000;60;0;0;1.327;0.799;0.699;0;37;59;49.98;49.98;49.98;6756;1000;0.0;0;1.0000;0;0
600;2017-01-23 15:10:00;172602N232;59;3.477;27;220;224;224;213;0.684;50.00;365.9;0.059;383.0;0.059;0.0;0.000;60;0;0;0.958;0.572;0.522;0;41;44;50.00;50.00;50.00;6756;1000;0.0;0;1.0000;0;0
600;2017-01-23 15:20:00;172602N232;37;3.483;26;221;224;225;213;0.523;50.01;342.1;0.031;363.3;0.032;0.0;0.000;60;0;0;0.613;0.588;0.370;3;12;30;50.01;50.01;50.01;6756;1000;0.0;0;1.0000;0;0
600;2017-01-23 15:30:00;172602N232;41;3.490;26;220;223;225;213;0.585;50.00;356.9;0.035;363.0;0.037;0.0;0.000;60;0;0;0.650;0.694;0.412;6;6;34;50.00;50.00;50.00;6756;1000;0.0;0;1.0000;0;0
600;2017-01-23 15:40:00;172602N232;8;3.492;26;220;223;225;212;0.262;49.97;267.3;0.003;261.7;0.006;0.0;0.000;60;0;0;0.330;0.275;0.181;1;3;12;49.97;49.98;49.97;6756;1000;0.0;0;1.0000;0;0
600;2017-01-23 15:50:00;172602N232;0;3.492;25;220;219;224;217;0.004;49.97;279.9;0.000;279.3;0.000;0.0;0.000;51;0;0;0.005;0.006;0.003;0;0;0;49.97;49.97;49.97;6520;1000;0.0;0;1.0000;0;0
600;2017-01-23 16:00:00;172602N232;0;3.492;24;219;217;223;216;0.000;49.97;237.3;0.000;238.2;0.000;0.0;0.000;51;0;0;0.000;0.000;0.000;0;0;0;49.97;49.97;49.97;6024;1000;0.0;0;1.0000;0;0
600;2017-01-23 16:10:00;172602N232;0;3.492;24;219;216;224;217;0.000;49.96;229.4;0.000;230.3;0.000;0.0;0.000;51;0;0;0.000;0.000;0.000;0;0;0;49.96;49.96;49.96;6024;1000;0.0;0;1.0000;0;0
600;2017-01-23 16:20:00;172602N232;0;3.492;23;217;214;222;214;0.000;50.00;227.7;0.000;228.6;0.000;0.0;0.000;51;0;0;0.000;0.000;0.000;0;0;0;50.00;50.00;50.00;6024;1000;0.0;0;1.0000;0;0
[wr_ende]
