20150602;230001;172602N232;My Plant;+0100
[wr_def_start]
172602N232;Inverter Type;Inverter Group;72602N232      
[wr_def_end]
[wr]
INTERVAL;TIMESTAMP;SERIAL;P_AC;E_DAY;T_WR;U_AC;U_AC_1;U_AC_2;U_AC_3;I_AC;F_AC;U_DC_1;I_DC_1;U_DC_2;I_DC_2;U_DC_3;I_DC_3;S;E_WR;M_WR;I_AC_1;I_AC_2;I_AC_3;P_AC_1;P_AC_2;P_AC_3;F_AC_1;F_AC_2;F_AC_3;R_DC;PC;PCS;PCS_LL;COS_PHI;COS_PHI_LL;S_COS_PHI
600;2015-06-02 04:00:00;172602N232;0;0.000;1;9;9;9;9;0.000;2.15;9.6;0.000;9.7;0.000;0.0;0.000;50;0;0;0.000;0.000;0.000;0;0;0;2.15;2.15;2.15;165;1000;0.0;0;1.0000;0;0
600;2015-06-02 04:10:00;172602N232;0;0.000;24;224;224;227;221;0.000;50.01;226.6;0.000;227.5;0.000;0.0;0.000;50;0;0;0.000;0.000;0.000;0;0;0;50.01;50.01;50.01;0;1000;0.0;0;1.0000;0;0
600;2015-06-02 04:20:00;172602N232;0;0.000;25;225;225;228;221;0.000;50.01;227.5;0.000;228.4;0.000;0.0;0.000;50;0;0;0.000;0.000;0.000;0;0;0;50.01;50.01;50.01;0;1000;0.0;0;1.0000;0;0
600;2015-06-02 04:30:00;172602N232;0;0.000;26;225;225;228;221;0.000;50.00;230.2;0.000;231.1;0.000;0.0;0.000;50;0;0;0.000;0.000;0.000;0;0;0;50.00;50.00;50.00;0;1000;0.0;0;1.0000;0;0
600;2015-06-02 04:40:00;172602N232;0;0.000;26;224;224;227;221;0.000;50.00;238.3;0.000;239.3;0.000;0.0;0.000;50;0;0;0.000;0.000;0.000;0;0;0;50.00;50.00;50.00;0;1000;0.0;0;1.0000;0;0
600;2015-06-02 04:50:00;172602N232;0;0.000;26;225;225;228;221;0.000;50.00;231.0;0.000;231.9;0.000;0.0;0.000;50;0;0;0.000;0.000;0.000;0;0;0;50.00;50.00;50.00;0;1000;0.0;0;1.0000;0;0
600;2015-06-02 05:00:00;172602N232;0;0.000;26;226;227;229;223;0.024;50.01;265.9;0.000;266.0;0.000;0.0;0.000;60;0;0;0.026;0.028;0.018;0;0;0;50.01;50.01;50.01;1499;1000;0.0;0;1.0000;0;0
600;2015-06-02 05:10:00;172602N232;34;0.005;26;228;228;229;226;0.658;50.01;328.9;0.032;334.2;0.033;0.0;0.000;60;0;0;0.698;0.783;0.493;1;3;33;50.01;50.01;50.01;4497;1000;0.0;0;1.0000;0;0
600;2015-06-02 05:20:00;172602N232;26;0.009;27;227;226;228;226;0.472;50.02;318.5;0.019;328.7;0.022;0.0;0.000;60;0;0;0.531;0.551;0.335;4;4;22;50.02;50.02;50.02;4497;1000;0.0;0;1.0000;0;0
600;2015-06-02 05:30:00;172602N232;8;0.012;27;226;226;227;224;0.229;50.00;265.7;0.003;275.5;0.004;0.0;0.000;60;0;0;0.278;0.228;0.183;0;6;11;50.00;50.00;50.00;4497;1000;0.0;0;1.0000;0;0
600;2015-06-02 05:40:00;172602N232;27;0.019;27;224;224;225;223;0.432;50.01;320.3;0.019;334.6;0.022;0.0;0.000;60;0;0;0.524;0.428;0.345;1;16;23;50.01;50.01;50.01;4497;1000;0.0;0;1.0000;0;0
600;2015-06-02 05:50:00;172602N232;128;0.039;28;223;224;225;222;0.972;50.00;395.3;0.143;397.8;0.143;0.0;0.000;60;0;0;1.326;0.858;0.732;11;59;57;50.00;50.00;50.00;4497;1000;0.0;0;1.0000;0;0
600;2015-06-02 06:00:00;172602N232;153;0.064;28;223;223;224;222;1.012;50.01;396.4;0.173;399.0;0.173;0.0;0.000;60;0;0;1.043;1.176;0.818;29;45;76;50.01;50.01;50.01;4497;1000;0.0;0;1.0000;0;0
600;2015-06-02 06:10:00;172602N232;232;0.102;28;224;224;225;222;1.056;49.98;406.6;0.264;407.5;0.263;0.0;0.000;60;0;0;1.110;1.174;0.884;51;78;101;49.98;49.98;49.98;4497;1000;0.0;0;1.0000;0;0
600;2015-06-02 06:20:00;172602N232;146;0.127;28;222;224;224;220;0.942;49.99;400.4;0.163;399.3;0.165;0.0;0.000;60;0;0;1.161;0.913;0.753;14;54;76;49.99;49.99;49.99;4497;1000;0.0;0;1.0000;0;0
600;2015-06-02 06:30:00;172602N232;223;0.163;29;222;222;223;221;1.032;49.99;411.0;0.253;409.5;0.253;0.0;0.000;60;0;0;1.168;1.100;0.829;52;82;87;49.99;49.99;49.99;4497;1000;0.0;0;1.0000;0;0
600;2015-06-02 06:40:00;172602N232;209;0.198;29;221;221;222;220;1.044;50.04;405.1;0.239;407.1;0.240;0.0;0.000;60;0;0;1.246;1.073;0.813;46;82;79;50.04;50.04;50.04;4497;1000;0.0;0;1.0000;0;0
600;2015-06-02 06:50:00;172602N232;325;0.253;30;222;222;222;221;1.120;49.99;421.5;0.370;416.6;0.374;0.0;0.000;60;0;0;1.224;1.111;1.027;95;120;109;49.99;49.99;49.99;4497;1000;0.0;0;1.0000;0;0
600;2015-06-02 07:00:00;172602N232;316;0.306;30;222;222;223;221;1.127;49.98;419.6;0.360;415.4;0.363;0.0;0.000;60;0;0;1.130;1.225;1.027;85;113;117;49.98;49.98;49.98;4497;1000;0.0;0;1.0000;0;0
600;2015-06-02 07:10:00;172602N232;291;0.354;30;222;221;223;221;1.107;49.99;415.4;0.333;414.0;0.334;0.0;0.000;60;0;0;1.188;1.197;0.937;88;100;100;49.99;49.99;49.99;4497;1000;0.0;0;1.0000;0;0
600;2015-06-02 07:20:00;172602N232;327;0.409;30;222;222;224;221;1.104;49.99;419.2;0.375;416.8;0.375;0.0;0.000;60;0;0;1.145;1.231;0.938;103;115;107;49.99;49.99;49.99;4497;1000;0.0;0;1.0000;0;0
600;2015-06-02 07:30:00;172602N232;336;0.466;31;222;222;224;221;1.129;49.99;421.3;0.385;417.9;0.384;0.0;0.000;60;0;0;1.178;1.201;1.010;101;117;116;49.99;49.99;49.99;4497;1000;0.0;0;1.0000;0;0
600;2015-06-02 07:40:00;172602N232;299;0.515;31;224;223;225;223;1.144;49.99;418.6;0.340;413.6;0.345;0.0;0.000;60;0;0;1.083;1.320;1.031;77;103;116;49.99;49.99;49.99;4497;1000;0.0;0;1.0000;0;0
600;2015-06-02 07:50:00;172602N232;444;0.589;31;224;224;225;223;1.092;49.97;427.1;0.508;422.5;0.509;0.0;0.000;60;0;0;1.070;1.149;1.057;124;157;161;49.97;49.97;49.97;4497;1000;0.0;0;1.0000;0;0
600;2015-06-02 08:00:00;172602N232;609;0.691;31;224;224;225;222;0.951;49.99;432.0;0.693;427.1;0.702;0.0;0.000;60;0;0;0.905;0.989;0.961;191;212;203;49.99;49.99;49.99;4497;1000;0.0;0;1.0000;0;0
600;2015-06-02 08:10:00;172602N232;814;0.827;32;225;225;227;222;1.323;49.98;436.7;0.932;434.3;0.922;0.0;0.000;60;0;0;1.350;1.323;1.296;265;279;268;49.98;49.98;49.98;4497;1000;0.0;0;1.0000;0;0
600;2015-06-02 08:20:00;172602N232;942;0.984;32;225;225;227;223;1.429;49.99;439.1;1.070;434.6;1.074;0.0;0.000;60;0;0;1.384;1.471;1.434;303;327;311;49.99;49.99;49.99;4497;1000;0.0;0;1.0000;0;0
600;2015-06-02 08:30:00;172602N232;827;1.122;33;225;225;227;221;1.264;49.99;435.8;0.945;431.5;0.946;0.0;0.000;60;0;0;1.218;1.313;1.263;264;290;271;49.99;49.99;49.99;4497;1000;0.0;0;1.0000;0;0
600;2015-06-02 08:40:00;172602N232;814;1.257;33;225;225;227;221;1.273;49.97;430.0;0.941;430.2;0.931;0.0;0.000;60;0;0;1.230;1.323;1.266;260;285;267;49.97;49.97;49.97;4497;1000;0.0;0;1.0000;0;0
600;2015-06-02 08:50:00;172602N232;741;1.381;33;223;224;224;221;1.146;49.98;422.2;0.867;428.6;0.858;0.0;0.000;60;0;0;1.102;1.189;1.149;236;257;246;49.98;49.98;49.98;4497;1000;0.0;0;1.0000;0;0
600;2015-06-02 09:00:00;172602N232;1010;1.550;34;226;226;226;224;1.534;50.00;426.2;1.180;435.1;1.153;0.0;0.000;60;0;0;1.494;1.566;1.542;326;346;336;50.00;50.00;50.00;4497;1000;0.0;0;1.0000;0;0
600;2015-06-02 09:10:00;172602N232;1114;1.736;34;225;225;227;223;1.715;49.99;436.8;1.276;435.2;1.271;0.0;0.000;60;0;0;1.681;1.745;1.719;360;383;370;49.99;49.99;49.99;4497;1000;0.0;0;1.0000;0;0
600;2015-06-02 09:20:00;172602N232;1277;1.949;34;225;225;227;222;1.944;49.99;435.5;1.473;438.0;1.450;0.0;0.000;60;0;0;1.916;1.986;1.931;416;441;419;49.99;49.99;49.99;4497;1000;0.0;0;1.0000;0;0
600;2015-06-02 09:30:00;172602N232;999;2.115;35;227;227;228;224;1.583;49.98;431.0;1.153;433.9;1.144;0.0;0.000;60;0;0;1.601;1.586;1.563;324;342;330;49.98;49.98;49.98;4497;1000;0.0;0;1.0000;0;0
600;2015-06-02 09:40:00;172602N232;706;2.233;35;226;226;227;224;1.150;49.98;426.2;0.815;425.5;0.822;0.0;0.000;60;0;0;1.128;1.177;1.146;226;244;234;49.98;49.98;49.98;4497;1000;0.0;0;1.0000;0;0
600;2015-06-02 09:50:00;172602N232;325;2.288;35;226;226;228;225;1.015;50.00;411.9;0.376;408.7;0.382;0.0;0.000;60;0;0;1.025;1.142;0.880;93;113;117;50.00;50.00;50.00;4497;1000;0.0;0;1.0000;0;0
600;2015-06-02 10:00:00;172602N232;827;2.427;35;226;226;228;225;1.332;49.99;429.3;0.955;427.9;0.957;0.0;0.000;60;0;0;1.294;1.373;1.330;262;286;277;49.99;49.99;49.99;4497;1000;0.0;0;1.0000;0;0
600;2015-06-02 10:10:00;172602N232;1096;2.610;35;227;227;228;226;1.692;49.99;434.9;1.257;433.1;1.257;0.0;0.000;60;0;0;1.667;1.717;1.692;353;376;365;49.99;49.99;49.99;4497;1000;0.0;0;1.0000;0;0
600;2015-06-02 10:20:00;172602N232;816;2.745;35;227;226;228;226;1.260;49.99;427.1;0.949;427.0;0.948;0.0;0.000;60;0;0;1.217;1.297;1.268;259;282;274;49.99;49.99;49.99;4497;1000;0.0;0;1.0000;0;0
600;2015-06-02 10:30:00;172602N232;830;2.883;35;227;227;229;226;1.300;49.99;428.3;0.961;426.1;0.965;0.0;0.000;60;0;0;1.257;1.343;1.302;263;289;276;49.99;49.99;49.99;4497;1000;0.0;0;1.0000;0;0
600;2015-06-02 10:40:00;172602N232;709;3.001;35;227;227;228;226;1.108;49.97;427.1;0.818;424.0;0.829;0.0;0.000;60;0;0;1.073;1.138;1.113;223;246;239;49.97;49.97;49.97;4497;1000;0.0;0;1.0000;0;0
600;2015-06-02 10:50:00;172602N232;780;3.132;35;226;225;229;226;1.208;49.99;426.9;0.906;427.1;0.905;0.0;0.000;60;0;0;1.147;1.264;1.215;244;273;261;49.99;49.99;49.99;4497;1000;0.0;0;1.0000;0;0
600;2015-06-02 11:00:00;172602N232;608;3.233;36;226;224;228;226;1.011;49.98;428.0;0.701;424.6;0.701;0.0;0.000;60;0;0;0.942;1.069;1.023;186;216;204;49.98;49.98;49.98;4497;1000;0.0;0;1.0000;0;0
600;2015-06-02 11:10:00;172602N232;637;3.339;36;226;224;228;226;1.036;49.98;428.4;0.733;424.5;0.738;0.0;0.000;60;0;0;0.983;1.074;1.052;197;223;215;49.98;49.98;49.98;4497;1000;0.0;0;1.0000;0;0
600;2015-06-02 11:20:00;172602N232;994;3.506;36;226;225;229;225;1.504;49.99;434.9;1.139;431.8;1.145;0.0;0.000;60;0;0;1.443;1.552;1.517;314;346;332;49.99;49.99;49.99;4497;1000;0.0;0;1.0000;0;0
600;2015-06-02 11:30:00;172602N232;866;3.649;36;226;225;229;226;1.319;49.99;432.9;0.993;428.2;1.001;0.0;0.000;60;0;0;1.254;1.370;1.333;271;302;290;49.99;49.99;49.99;4497;1000;0.0;0;1.0000;0;0
600;2015-06-02 11:40:00;172602N232;844;3.791;36;223;222;226;222;1.300;49.99;432.6;0.972;429.6;0.969;0.0;0.000;60;0;0;1.241;1.349;1.311;265;296;282;49.99;49.99;49.99;4497;1000;0.0;0;1.0000;0;0
600;2015-06-02 11:50:00;172602N232;885;3.938;36;223;223;225;220;1.358;49.98;432.1;1.019;429.5;1.021;0.0;0.000;60;0;0;1.311;1.405;1.359;283;308;291;49.98;49.98;49.98;4497;1000;0.0;0;1.0000;0;0
600;2015-06-02 12:00:00;172602N232;1054;4.114;36;223;223;224;222;1.619;49.99;433.6;1.213;432.0;1.212;0.0;0.000;60;0;0;1.575;1.656;1.626;339;363;350;49.99;49.99;49.99;4497;1000;0.0;0;1.0000;0;0
600;2015-06-02 12:10:00;172602N232;927;4.269;36;222;222;223;221;1.434;49.98;432.1;1.069;429.1;1.068;0.0;0.000;60;0;0;1.386;1.472;1.444;296;320;309;49.98;49.98;49.98;4497;1000;0.0;0;1.0000;0;0
600;2015-06-02 12:20:00;172602N232;839;4.408;36;222;221;224;220;1.298;50.00;431.0;0.968;428.0;0.967;0.0;0.000;60;0;0;1.242;1.342;1.310;265;292;280;50.00;50.00;50.00;4497;1000;0.0;0;1.0000;0;0
600;2015-06-02 12:30:00;172602N232;775;4.539;36;222;222;224;221;1.203;50.01;427.4;0.898;425.2;0.903;0.0;0.000;60;0;0;1.147;1.248;1.214;244;270;259;50.01;50.01;50.01;4497;1000;0.0;0;1.0000;0;0
600;2015-06-02 12:40:00;172602N232;758;4.665;36;221;221;223;220;1.183;49.98;429.0;0.877;426.0;0.876;0.0;0.000;60;0;0;1.128;1.225;1.196;238;263;254;49.98;49.98;49.98;4497;1000;0.0;0;1.0000;0;0
600;2015-06-02 12:50:00;172602N232;923;4.818;36;222;221;224;220;1.434;49.99;433.2;1.060;429.2;1.064;0.0;0.000;60;0;0;1.379;1.490;1.434;292;323;306;49.99;49.99;49.99;4497;1000;0.0;0;1.0000;0;0
600;2015-06-02 13:00:00;172602N232;857;4.961;36;224;224;225;223;1.325;49.99;431.2;0.987;427.6;0.993;0.0;0.000;60;0;0;1.287;1.357;1.333;273;295;286;49.99;49.99;49.99;4497;1000;0.0;0;1.0000;0;0
600;2015-06-02 13:10:00;172602N232;797;5.094;36;226;226;228;225;1.214;49.99;430.3;0.918;425.4;0.928;0.0;0.000;60;0;0;1.163;1.257;1.223;252;277;266;49.99;49.99;49.99;4497;1000;0.0;0;1.0000;0;0
600;2015-06-02 13:20:00;172602N232;815;5.230;36;226;226;228;225;1.256;49.98;429.9;0.938;425.3;0.946;0.0;0.000;60;0;0;1.205;1.302;1.263;257;284;272;49.98;49.98;49.98;4497;1000;0.0;0;1.0000;0;0
600;2015-06-02 13:30:00;172602N232;1263;5.441;36;228;227;230;226;1.917;49.99;434.1;1.455;431.9;1.460;0.0;0.000;60;0;0;1.880;1.953;1.919;406;435;420;49.99;49.99;49.99;4497;1000;0.0;0;1.0000;0;0
600;2015-06-02 13:40:00;172602N232;1050;5.616;36;227;227;229;225;1.577;49.97;431.1;1.215;428.2;1.222;0.0;0.000;60;0;0;1.531;1.620;1.580;337;363;347;49.97;49.97;49.97;4497;1000;0.0;0;1.0000;0;0
600;2015-06-02 13:50:00;172602N232;1091;5.797;36;224;224;226;222;1.665;49.98;433.0;1.255;429.2;1.267;0.0;0.000;60;0;0;1.627;1.713;1.657;353;379;358;49.98;49.98;49.98;4497;1000;0.0;0;1.0000;0;0
600;2015-06-02 14:00:00;172602N232;1220;6.002;36;224;224;226;221;1.869;49.99;435.9;1.402;431.8;1.406;0.0;0.000;60;0;0;1.835;1.917;1.857;396;423;400;49.99;49.99;49.99;4497;1000;0.0;0;1.0000;0;0
600;2015-06-02 14:10:00;172602N232;1262;6.212;36;224;225;227;220;1.917;49.99;435.3;1.450;431.1;1.461;0.0;0.000;60;0;0;1.885;1.976;1.891;412;439;409;49.99;49.99;49.99;4497;1000;0.0;0;1.0000;0;0
600;2015-06-02 14:20:00;172602N232;974;6.375;37;224;224;226;221;1.486;50.00;432.7;1.122;427.3;1.131;0.0;0.000;60;0;0;1.439;1.537;1.482;313;340;319;50.00;50.00;50.00;4497;1000;0.0;0;1.0000;0;0
600;2015-06-02 14:30:00;172602N232;1004;6.543;37;224;225;226;222;1.524;49.99;433.4;1.154;427.6;1.168;0.0;0.000;60;0;0;1.480;1.568;1.526;323;348;331;49.99;49.99;49.99;4497;1000;0.0;0;1.0000;0;0
600;2015-06-02 14:40:00;172602N232;836;6.681;37;225;225;226;224;1.278;49.98;430.0;0.967;424.9;0.974;0.0;0.000;60;0;0;1.232;1.315;1.288;267;288;279;49.98;49.98;49.98;4497;1000;0.0;0;1.0000;0;0
600;2015-06-02 14:50:00;172602N232;761;6.808;37;225;225;225;224;1.179;49.97;428.2;0.881;422.8;0.890;0.0;0.000;60;0;0;1.143;1.208;1.186;243;261;255;49.97;49.97;49.97;4497;1000;0.0;0;1.0000;0;0
600;2015-06-02 15:00:00;172602N232;764;6.936;37;224;224;224;223;1.177;49.98;429.1;0.883;423.3;0.892;0.0;0.000;60;0;0;1.130;1.213;1.190;243;263;256;49.98;49.98;49.98;4497;1000;0.0;0;1.0000;0;0
600;2015-06-02 15:10:00;172602N232;663;7.047;37;221;221;222;220;1.079;49.98;426.9;0.766;420.4;0.777;0.0;0.000;60;0;0;1.054;1.109;1.074;210;230;221;49.98;49.98;49.98;4497;1000;0.0;0;1.0000;0;0
600;2015-06-02 15:20:00;172602N232;546;7.138;37;221;221;222;220;0.950;49.99;421.3;0.636;416.8;0.642;0.0;0.000;60;0;0;0.942;0.976;0.932;171;191;181;49.99;49.99;49.99;4497;1000;0.0;0;1.0000;0;0
600;2015-06-02 15:30:00;172602N232;544;7.229;36;222;222;223;219;1.021;49.99;423.4;0.629;416.4;0.641;0.0;0.000;60;0;0;1.023;1.056;0.985;173;192;178;49.99;49.99;49.99;4497;1000;0.0;0;1.0000;0;0
600;2015-06-02 15:40:00;172602N232;740;7.351;36;221;222;223;217;1.197;49.98;426.8;0.856;422.4;0.865;0.0;0.000;60;0;0;1.175;1.244;1.173;238;259;240;49.98;49.98;49.98;4497;1000;0.0;0;1.0000;0;0
600;2015-06-02 15:50:00;172602N232;726;7.473;36;221;222;223;218;1.132;49.97;427.5;0.839;420.9;0.853;0.0;0.000;60;0;0;1.089;1.178;1.131;232;254;239;49.97;49.97;49.97;4497;1000;0.0;0;1.0000;0;0
600;2015-06-02 16:00:00;172602N232;629;7.579;36;221;223;223;218;0.988;49.97;424.1;0.733;418.6;0.739;0.0;0.000;60;0;0;0.948;1.032;0.986;200;220;207;49.97;49.97;49.97;4497;1000;0.0;0;1.0000;0;0
600;2015-06-02 16:10:00;172602N232;751;7.704;36;221;222;223;218;1.167;49.97;427.4;0.868;422.1;0.878;0.0;0.000;60;0;0;1.125;1.213;1.164;240;263;246;49.97;49.97;49.97;4497;1000;0.0;0;1.0000;0;0
600;2015-06-02 16:20:00;172602N232;664;7.814;36;221;222;223;219;1.094;49.99;422.0;0.776;419.0;0.781;0.0;0.000;60;0;0;1.061;1.131;1.091;210;232;220;49.99;49.99;49.99;4497;1000;0.0;0;1.0000;0;0
600;2015-06-02 16:30:00;172602N232;478;7.894;36;222;223;223;220;0.926;50.00;419.1;0.555;411.9;0.567;0.0;0.000;60;0;0;0.934;0.940;0.905;144;171;161;50.00;50.00;50.00;4497;1000;0.0;0;1.0000;0;0
600;2015-06-02 16:40:00;172602N232;570;7.989;36;221;222;223;218;1.097;50.02;420.7;0.667;416.9;0.671;0.0;0.000;60;0;0;1.141;1.098;1.052;185;197;186;50.02;50.02;50.02;4497;1000;0.0;0;1.0000;0;0
600;2015-06-02 16:50:00;172602N232;416;8.059;36;220;220;223;217;1.007;49.99;414.8;0.487;410.0;0.492;0.0;0.000;60;0;0;0.985;1.110;0.928;126;143;145;49.99;49.99;49.99;4497;1000;0.0;0;1.0000;0;0
600;2015-06-02 17:00:00;172602N232;356;8.118;36;219;220;222;216;1.116;49.97;412.7;0.414;406.4;0.422;0.0;0.000;60;0;0;1.142;1.236;0.972;102;123;130;49.97;49.97;49.97;4497;1000;0.0;0;1.0000;0;0
600;2015-06-02 17:10:00;172602N232;348;8.177;36;220;222;221;216;1.146;49.98;411.3;0.406;406.2;0.412;0.0;0.000;60;0;0;1.254;1.161;1.024;91;131;124;49.98;49.98;49.98;4497;1000;0.0;0;1.0000;0;0
600;2015-06-02 17:20:00;172602N232;339;8.233;35;219;223;220;215;1.157;49.99;410.5;0.397;406.2;0.401;0.0;0.000;60;0;0;1.422;1.091;0.960;82;140;115;49.99;49.99;49.99;4497;1000;0.0;0;1.0000;0;0
600;2015-06-02 17:30:00;172602N232;371;8.295;35;219;221;217;219;1.133;50.01;412.6;0.434;407.2;0.441;0.0;0.000;60;0;0;1.290;1.100;1.009;102;149;119;50.01;50.01;50.01;4497;1000;0.0;0;1.0000;0;0
600;2015-06-02 17:40:00;172602N232;476;8.375;35;220;224;218;219;1.164;50.03;417.8;0.556;413.3;0.560;0.0;0.000;60;0;0;1.286;1.118;1.090;144;172;157;50.03;50.03;50.03;4497;1000;0.0;0;1.0000;0;0
600;2015-06-02 17:50:00;172602N232;434;8.447;35;221;223;220;219;1.145;50.01;412.3;0.511;409.3;0.516;0.0;0.000;60;0;0;1.285;1.116;1.036;124;162;146;50.01;50.01;50.01;4497;1000;0.0;0;1.0000;0;0
600;2015-06-02 18:00:00;172602N232;447;8.522;35;220;222;220;220;1.061;49.99;417.4;0.519;410.7;0.529;0.0;0.000;60;0;0;1.142;1.059;0.982;135;166;143;49.99;49.99;49.99;4497;1000;0.0;0;1.0000;0;0
600;2015-06-02 18:10:00;172602N232;250;8.565;35;221;222;220;220;1.125;49.99;403.6;0.291;398.6;0.296;0.0;0.000;60;0;0;1.435;1.034;0.907;54;116;83;49.99;49.99;49.99;4497;1000;0.0;0;1.0000;0;0
600;2015-06-02 18:20:00;172602N232;120;8.583;35;220;223;218;220;0.890;49.99;371.3;0.136;372.0;0.139;0.0;0.000;60;0;0;1.256;0.703;0.712;14;69;46;49.99;49.99;49.99;4497;1000;0.0;0;1.0000;0;0
600;2015-06-02 18:30:00;172602N232;112;8.603;34;221;222;221;220;0.908;49.99;375.6;0.127;375.3;0.131;0.0;0.000;60;0;0;1.195;0.797;0.734;7;56;52;49.99;49.99;49.99;4497;1000;0.0;0;1.0000;0;0
600;2015-06-02 18:40:00;172602N232;92;8.618;34;221;222;222;220;0.865;50.01;371.4;0.103;370.3;0.107;0.0;0.000;60;0;0;1.209;0.746;0.641;3;50;46;50.01;50.01;50.01;4497;1000;0.0;0;1.0000;0;0
600;2015-06-02 18:50:00;172602N232;112;8.638;34;221;221;220;222;0.830;50.00;375.4;0.127;375.5;0.130;0.0;0.000;60;0;0;0.927;0.754;0.810;20;60;33;50.00;50.00;50.00;4497;1000;0.0;0;1.0000;0;0
600;2015-06-02 19:00:00;172602N232;88;8.653;34;221;221;220;222;0.756;49.99;365.5;0.097;368.7;0.100;0.0;0.000;60;0;0;0.841;0.729;0.699;12;51;23;49.99;49.99;49.99;4497;1000;0.0;0;1.0000;0;0
600;2015-06-02 19:10:00;172602N232;96;8.669;34;221;220;222;221;0.832;49.99;372.8;0.109;373.7;0.112;0.0;0.000;60;0;0;0.726;1.093;0.678;28;17;51;49.99;49.99;49.99;4497;1000;0.0;0;1.0000;0;0
600;2015-06-02 19:20:00;172602N232;62;8.678;33;221;220;223;221;0.756;49.98;351.4;0.066;358.3;0.068;0.0;0.000;60;0;0;0.635;1.035;0.599;28;3;37;49.98;49.98;49.98;4497;1000;0.0;0;1.0000;0;0
600;2015-06-02 19:30:00;172602N232;123;8.700;33;222;220;224;221;0.910;49.99;376.8;0.142;379.6;0.143;0.0;0.000;60;0;0;0.783;1.248;0.699;45;19;62;49.99;49.99;49.99;4497;1000;0.0;0;1.0000;0;0
600;2015-06-02 19:40:00;172602N232;67;8.711;33;221;218;223;221;0.788;50.00;358.3;0.073;364.3;0.075;0.0;0.000;60;0;0;0.609;1.166;0.589;37;1;43;50.00;50.00;50.00;4497;1000;0.0;0;1.0000;0;0
600;2015-06-02 19:50:00;172602N232;173;8.741;33;220;218;224;219;1.015;49.99;388.9;0.204;392.0;0.203;0.0;0.000;60;0;0;0.864;1.413;0.770;65;32;80;49.99;49.99;49.99;4497;1000;0.0;0;1.0000;0;0
600;2015-06-02 20:00:00;172602N232;168;8.769;33;221;220;222;221;0.907;50.00;381.4;0.196;386.3;0.195;0.0;0.000;60;0;0;0.944;1.021;0.756;51;58;60;50.00;50.00;50.00;4497;1000;0.0;0;1.0000;0;0
600;2015-06-02 20:10:00;172602N232;20;8.773;33;221;221;220;221;0.302;49.99;280.2;0.018;287.3;0.020;0.0;0.000;60;0;0;0.328;0.329;0.251;6;9;11;49.99;49.99;49.99;4497;1000;0.0;0;1.0000;0;0
600;2015-06-02 20:20:00;172602N232;14;8.775;33;221;223;219;221;0.253;49.99;279.0;0.011;288.1;0.012;0.0;0.000;60;0;0;0.352;0.200;0.209;0;14;13;49.99;49.99;49.99;4497;1000;0.0;0;1.0000;0;0
600;2015-06-02 20:30:00;172602N232;2;8.775;32;221;223;221;219;0.075;50.00;268.4;0.000;267.7;0.000;0.0;0.000;60;0;0;0.111;0.066;0.050;0;3;2;50.00;50.00;50.00;5557;1000;0.0;0;1.0000;0;0
600;2015-06-02 20:40:00;172602N232;0;8.774;32;221;223;222;219;0.004;49.98;285.4;0.000;283.9;0.000;0.0;0.000;50;0;0;0.010;0.001;0.001;0;0;0;49.98;49.98;49.98;6329;1000;0.0;0;1.0000;0;0
600;2015-06-02 20:50:00;172602N232;0;8.774;31;222;224;224;218;0.001;49.97;295.5;0.000;293.9;0.000;0.0;0.000;60;0;0;0.002;0.000;0.001;0;0;0;49.97;49.97;49.97;6280;1000;0.0;0;1.0000;0;0
600;2015-06-02 21:00:00;172602N232;0;8.774;31;222;224;224;219;0.002;49.99;252.9;0.000;252.9;0.000;0.0;0.000;50;0;0;0.006;0.000;0.000;0;0;0;49.99;49.99;49.99;6113;1000;0.0;0;1.0000;0;0
600;2015-06-02 21:10:00;172602N232;0;8.774;30;222;224;224;219;0.000;49.98;233.0;0.000;234.0;0.000;0.0;0.000;50;0;0;0.000;0.000;0.000;0;0;0;49.98;49.98;49.98;6113;1000;0.0;0;1.0000;0;0
600;2015-06-02 21:20:00;172602N232;0;8.774;30;222;224;224;219;0.000;49.99;232.5;0.000;233.4;0.000;0.0;0.000;50;0;0;0.000;0.000;0.000;0;0;0;49.99;49.99;49.99;6113;1000;0.0;0;1.0000;0;0
600;2015-06-02 21:30:00;172602N232;0;8.774;30;223;223;225;220;0.000;50.01;227.8;0.000;228.7;0.000;0.0;0.000;50;0;0;0.000;0.000;0.000;0;0;0;50.01;50.01;50.01;6113;1000;0.0;0;1.0000;0;0
600;2015-06-02 21:40:00;172602N232;0;8.774;30;224;224;226;222;0.000;49.99;228.4;0.000;229.4;0.000;0.0;0.000;50;0;0;0.000;0.000;0.000;0;0;0;49.99;49.99;49.99;6113;1000;0.0;0;1.0000;0;0
[wr_ende]
