20120928;230005;172602N232;My Plant;+0100
[wr_def_start]
172602N232;Inverter Type;Inverter Group;72602N232      
[wr_def_end]
[wr]
INTERVAL;TIMESTAMP;SERIAL;P_AC;E_DAY;T_WR;U_AC;U_AC_1;U_AC_2;U_AC_3;I_AC;F_AC;U_DC_1;I_DC_1;U_DC_2;I_DC_2;U_DC_3;I_DC_3;S;E_WR;M_WR;I_AC_1;I_AC_2;I_AC_3;P_AC_1;P_AC_2;P_AC_3;F_AC_1;F_AC_2;F_AC_3;R_DC;PC;PCS;PCS_LL;COS_PHI;COS_PHI_LL;S_COS_PHI
600;2012-09-28 07:00:00;172602N232;0;0.000;0;4;4;4;4;0.000;1.10;4.9;0.000;4.9;0.000;0.0;0.000;50;0;0;0.000;0.000;0.000;0;0;0;1.10;1.10;1.10;72;1000;0.0;0;1.0000;0;0
600;2012-09-28 07:10:00;172602N232;0;0.000;22;223;225;225;221;0.000;49.98;229.9;0.000;230.8;0.000;0.0;0.000;50;0;0;0.000;0.000;0.000;0;0;0;49.98;49.98;49.98;0;1000;0.0;0;1.0000;0;0
600;2012-09-28 07:20:00;172602N232;0;0.000;23;224;225;226;221;0.001;49.98;273.2;0.000;272.6;0.000;0.0;0.000;60;0;0;0.002;0.001;0.001;0;0;0;49.98;49.98;49.98;1001;1000;0.0;0;1.0000;0;0
600;2012-09-28 07:30:00;172602N232;2;0.000;24;224;225;224;222;0.088;49.99;270.1;0.000;271.6;0.000;0.0;0.000;60;0;0;0.123;0.082;0.061;0;3;3;49.99;49.99;49.99;5437;1000;0.0;0;1.0000;0;0
600;2012-09-28 07:40:00;172602N232;37;0.010;24;223;225;224;222;0.515;49.99;338.5;0.032;349.3;0.034;0.0;0.000;60;0;0;0.699;0.448;0.400;0;27;28;49.99;49.99;49.99;5545;1000;0.0;0;1.0000;0;0
600;2012-09-28 07:50:00;172602N232;93;0.024;25;223;223;223;223;0.862;49.99;389.6;0.104;394.1;0.097;0.0;0.000;60;0;0;1.046;0.822;0.720;8;42;44;49.99;49.99;49.99;5545;1000;0.0;0;1.0000;0;0
600;2012-09-28 08:00:00;172602N232;90;0.039;25;223;224;223;223;0.843;49.99;386.2;0.099;390.7;0.097;0.0;0.000;60;0;0;1.072;0.714;0.743;7;44;39;49.99;49.99;49.99;5545;1000;0.0;0;1.0000;0;0
600;2012-09-28 08:10:00;172602N232;107;0.056;26;223;223;222;222;0.909;49.99;390.2;0.123;394.4;0.116;0.0;0.000;60;0;0;1.179;0.796;0.754;10;54;45;49.99;49.99;49.99;5545;1000;0.0;0;1.0000;0;0
600;2012-09-28 08:20:00;172602N232;186;0.086;26;223;223;223;223;0.966;50.00;404.3;0.224;409.3;0.199;0.0;0.000;60;0;0;1.104;0.973;0.821;44;72;67;50.00;50.00;50.00;5545;1000;0.0;0;1.0000;0;0
600;2012-09-28 08:30:00;172602N232;215;0.122;27;223;223;224;222;1.038;49.99;412.5;0.260;414.4;0.225;0.0;0.000;60;0;0;1.183;1.070;0.861;61;70;82;49.99;49.99;49.99;5545;1000;0.0;0;1.0000;0;0
600;2012-09-28 08:40:00;172602N232;350;0.181;28;225;226;227;224;1.223;49.99;421.8;0.423;424.3;0.375;0.0;0.000;60;0;0;1.295;1.263;1.113;89;124;135;49.99;49.99;49.99;5545;1000;0.0;0;1.0000;0;0
600;2012-09-28 08:50:00;172602N232;206;0.215;28;225;225;226;224;1.037;49.98;426.9;0.252;419.7;0.196;0.0;0.000;60;0;0;1.119;1.236;0.757;40;82;81;49.98;49.98;49.98;5545;1000;0.0;0;1.0000;0;0
600;2012-09-28 09:00:00;172602N232;242;0.255;29;225;226;227;224;1.111;49.99;458.4;0.286;440.5;0.209;0.0;0.000;60;0;0;1.260;1.248;0.825;56;97;87;49.99;49.99;49.99;5545;1000;0.0;0;1.0000;0;0
600;2012-09-28 09:10:00;172602N232;250;0.297;29;226;226;227;224;1.135;50.00;440.1;0.311;456.9;0.214;0.0;0.000;60;0;0;1.160;1.318;0.927;57;92;100;50.00;50.00;50.00;5545;1000;0.0;0;1.0000;0;0
600;2012-09-28 09:20:00;172602N232;270;0.342;30;226;225;227;225;1.121;49.99;399.5;0.407;450.8;0.216;0.0;0.000;60;0;0;1.149;1.247;0.968;70;101;97;49.99;49.99;49.99;5545;1000;0.0;0;1.0000;0;0
600;2012-09-28 09:30:00;172602N232;321;0.396;30;226;225;228;224;1.172;49.98;463.9;0.359;451.8;0.302;0.0;0.000;60;0;0;1.198;1.325;0.994;94;110;116;49.98;49.98;49.98;5545;1000;0.0;0;1.0000;0;0
600;2012-09-28 09:40:00;172602N232;364;0.457;30;225;227;227;222;1.245;50.00;462.0;0.392;462.3;0.360;0.0;0.000;60;0;0;1.361;1.265;1.110;85;136;141;50.00;50.00;50.00;5545;1000;0.0;0;1.0000;0;0
600;2012-09-28 09:50:00;172602N232;293;0.506;31;225;226;227;222;1.172;50.00;441.5;0.323;466.7;0.288;0.0;0.000;60;0;0;1.373;1.206;0.939;69;114;108;50.00;50.00;50.00;5545;1000;0.0;0;1.0000;0;0
600;2012-09-28 10:00:00;172602N232;259;0.549;31;224;224;226;221;1.161;49.99;445.4;0.261;460.4;0.270;0.0;0.000;60;0;0;1.181;1.305;0.998;43;100;114;49.99;49.99;49.99;5545;1000;0.0;0;1.0000;0;0
600;2012-09-28 10:10:00;172602N232;245;0.590;31;225;226;226;222;1.127;49.99;427.2;0.248;304.4;0.466;0.0;0.000;60;0;0;1.339;1.220;0.822;43;105;95;49.99;49.99;49.99;5545;1000;0.0;0;1.0000;0;0
600;2012-09-28 10:20:00;172602N232;248;0.632;31;225;225;225;224;1.136;50.00;437.7;0.243;462.9;0.268;0.0;0.000;60;0;0;1.061;1.272;1.076;36;101;108;50.00;50.00;50.00;5545;1000;0.0;0;1.0000;0;0
600;2012-09-28 10:30:00;172602N232;250;0.674;31;225;225;226;224;1.112;50.00;424.1;0.251;458.6;0.276;0.0;0.000;60;0;0;1.022;1.290;1.024;48;94;106;50.00;50.00;50.00;5545;1000;0.0;0;1.0000;0;0
600;2012-09-28 10:40:00;172602N232;252;0.716;32;225;225;226;223;1.133;50.01;422.6;0.259;451.7;0.280;0.0;0.000;60;0;0;1.171;1.276;0.954;47;99;104;50.01;50.01;50.01;5545;1000;0.0;0;1.0000;0;0
600;2012-09-28 10:50:00;172602N232;264;0.760;32;225;226;227;223;1.171;50.00;429.5;0.285;439.6;0.286;0.0;0.000;60;0;0;1.214;1.290;1.010;54;96;112;50.00;50.00;50.00;5545;1000;0.0;0;1.0000;0;0
600;2012-09-28 11:00:00;172602N232;248;0.801;32;225;225;226;222;1.099;50.00;435.2;0.263;432.6;0.271;0.0;0.000;60;0;0;1.209;1.253;0.836;50;100;97;50.00;50.00;50.00;5545;1000;0.0;0;1.0000;0;0
600;2012-09-28 11:10:00;172602N232;246;0.842;32;225;225;227;222;1.103;50.00;435.7;0.271;429.0;0.260;0.0;0.000;60;0;0;1.187;1.310;0.813;60;88;96;50.00;50.00;50.00;5545;1000;0.0;0;1.0000;0;0
600;2012-09-28 11:20:00;172602N232;265;0.887;32;224;224;225;222;1.138;49.99;440.8;0.298;425.3;0.277;0.0;0.000;60;0;0;1.216;1.255;0.943;54;108;101;49.99;49.99;49.99;5545;1000;0.0;0;1.0000;0;0
600;2012-09-28 11:30:00;172602N232;361;0.948;32;224;224;226;223;1.018;49.99;457.1;0.418;428.8;0.361;0.0;0.000;60;0;0;1.040;1.112;0.903;111;126;123;49.99;49.99;49.99;5545;1000;0.0;0;1.0000;0;0
600;2012-09-28 11:40:00;172602N232;435;1.020;32;224;225;225;223;1.110;50.00;464.1;0.525;425.2;0.422;0.0;0.000;60;0;0;1.165;1.130;1.037;132;161;140;50.00;50.00;50.00;5545;1000;0.0;0;1.0000;0;0
600;2012-09-28 11:50:00;172602N232;962;1.180;32;225;225;227;222;1.564;49.99;345.7;2.592;428.0;0.515;0.0;0.000;60;0;0;1.546;1.603;1.544;308;334;318;49.99;49.99;49.99;5545;1000;0.0;0;1.0000;0;0
600;2012-09-28 12:00:00;172602N232;1653;1.457;32;225;226;227;224;2.467;49.99;352.4;3.849;438.2;0.719;0.0;0.000;60;0;0;2.423;2.516;2.464;540;564;546;49.99;49.99;49.99;5545;1000;0.0;0;1.0000;0;0
600;2012-09-28 12:10:00;172602N232;1718;1.743;33;225;226;226;224;2.563;49.98;376.9;3.877;445.9;0.614;0.0;0.000;60;0;0;2.524;2.605;2.562;565;583;570;49.98;49.98;49.98;5545;1000;0.0;0;1.0000;0;0
600;2012-09-28 12:20:00;172602N232;1496;1.993;33;225;225;226;225;2.238;50.00;339.1;3.770;380.4;0.698;0.0;0.000;60;0;0;2.187;2.273;2.255;485;508;501;50.00;50.00;50.00;5545;1000;0.0;0;1.0000;0;0
600;2012-09-28 12:30:00;172602N232;951;2.151;34;225;225;226;224;1.557;50.00;355.2;2.061;437.9;0.624;0.0;0.000;60;0;0;1.539;1.582;1.551;306;326;317;50.00;50.00;50.00;5545;1000;0.0;0;1.0000;0;0
600;2012-09-28 12:40:00;172602N232;1338;2.375;34;226;226;228;224;2.101;50.00;322.9;2.275;379.9;2.151;0.0;0.000;60;0;0;2.062;2.160;2.083;431;462;443;50.00;50.00;50.00;5545;1000;0.0;0;1.0000;0;0
600;2012-09-28 12:50:00;172602N232;2132;2.730;35;226;227;229;224;3.159;50.00;294.2;2.574;335.0;4.234;0.0;0.000;60;0;0;3.098;3.233;3.147;696;732;701;50.00;50.00;50.00;5545;1000;0.0;0;1.0000;0;0
600;2012-09-28 13:00:00;172602N232;1891;3.046;35;226;225;228;226;2.812;49.99;322.1;1.893;368.1;3.655;0.0;0.000;60;0;0;2.733;2.871;2.833;608;647;634;49.99;49.99;49.99;5545;1000;0.0;0;1.0000;0;0
600;2012-09-28 13:10:00;172602N232;1969;3.374;36;227;226;228;226;2.922;49.97;353.4;1.601;365.5;3.949;0.0;0.000;60;0;0;2.861;2.976;2.931;640;673;656;49.97;49.97;49.97;5545;1000;0.0;0;1.0000;0;0
600;2012-09-28 13:20:00;172602N232;1311;3.594;36;227;227;228;225;1.968;50.00;403.4;1.150;380.5;2.301;0.0;0.000;60;0;0;1.921;2.013;1.970;423;451;434;50.00;50.00;50.00;5545;1000;0.0;0;1.0000;0;0
600;2012-09-28 13:30:00;172602N232;1405;3.828;36;226;226;228;224;2.097;50.00;382.3;1.278;365.4;2.660;0.0;0.000;60;0;0;2.040;2.160;2.093;454;487;462;50.00;50.00;50.00;5545;1000;0.0;0;1.0000;0;0
600;2012-09-28 13:40:00;172602N232;1272;4.040;37;227;227;228;225;1.959;49.99;410.1;1.341;398.3;1.827;0.0;0.000;60;0;0;1.925;2.004;1.948;413;437;419;49.99;49.99;49.99;5545;1000;0.0;0;1.0000;0;0
600;2012-09-28 13:50:00;172602N232;982;4.203;37;227;227;228;225;1.482;50.00;410.4;1.220;411.4;1.165;0.0;0.000;60;0;0;1.435;1.523;1.489;315;340;325;50.00;50.00;50.00;5545;1000;0.0;0;1.0000;0;0
600;2012-09-28 14:00:00;172602N232;1210;4.405;37;227;228;228;224;1.815;50.01;413.9;1.501;420.1;1.397;0.0;0.000;60;0;0;1.773;1.861;1.813;393;416;398;50.01;50.01;50.01;5545;1000;0.0;0;1.0000;0;0
600;2012-09-28 14:10:00;172602N232;1331;4.627;37;227;228;228;225;1.984;49.98;417.4;1.613;419.2;1.553;0.0;0.000;60;0;0;1.944;2.023;1.986;434;456;439;49.98;49.98;49.98;5545;1000;0.0;0;1.0000;0;0
600;2012-09-28 14:20:00;172602N232;1279;4.841;37;227;229;229;225;1.907;49.99;420.2;1.557;424.8;1.442;0.0;0.000;60;0;0;1.867;1.947;1.908;417;438;422;49.99;49.99;49.99;5545;1000;0.0;0;1.0000;0;0
600;2012-09-28 14:30:00;172602N232;1200;5.041;37;227;229;228;225;1.793;50.00;391.1;1.803;429.0;1.211;0.0;0.000;60;0;0;1.752;1.829;1.799;391;409;397;50.00;50.00;50.00;5545;1000;0.0;0;1.0000;0;0
600;2012-09-28 14:40:00;172602N232;998;5.208;38;226;228;228;222;1.590;49.99;411.9;1.268;422.7;1.120;0.0;0.000;60;0;0;1.587;1.610;1.574;328;343;325;49.99;49.99;49.99;5545;1000;0.0;0;1.0000;0;0
600;2012-09-28 14:50:00;172602N232;1178;5.405;38;226;229;227;223;1.772;49.98;417.4;1.456;422.8;1.352;0.0;0.000;60;0;0;1.748;1.808;1.761;388;404;384;49.98;49.98;49.98;5545;1000;0.0;0;1.0000;0;0
600;2012-09-28 15:00:00;172602N232;1317;5.625;38;227;227;229;225;1.991;49.99;420.2;1.651;425.3;1.464;0.0;0.000;60;0;0;1.943;2.036;1.994;425;454;436;49.99;49.99;49.99;5545;1000;0.0;0;1.0000;0;0
600;2012-09-28 15:10:00;172602N232;1340;5.848;38;227;227;228;225;2.001;49.99;422.9;1.691;424.0;1.425;0.0;0.000;60;0;0;1.951;2.049;2.005;434;460;443;49.99;49.99;49.99;5545;1000;0.0;0;1.0000;0;0
600;2012-09-28 15:20:00;172602N232;869;5.992;38;227;228;228;225;1.329;49.98;414.6;1.114;418.6;0.927;0.0;0.000;60;0;0;1.284;1.357;1.347;277;298;291;49.98;49.98;49.98;5545;1000;0.0;0;1.0000;0;0
600;2012-09-28 15:30:00;172602N232;1360;6.219;38;226;227;227;225;2.052;49.99;398.6;1.991;441.6;1.311;0.0;0.000;60;0;0;2.009;2.083;2.064;442;463;453;49.99;49.99;49.99;5545;1000;0.0;0;1.0000;0;0
600;2012-09-28 15:40:00;172602N232;959;6.380;38;226;226;227;225;1.474;49.99;395.7;1.455;431.1;0.909;0.0;0.000;60;0;0;1.428;1.503;1.491;306;329;322;49.99;49.99;49.99;5545;1000;0.0;0;1.0000;0;0
600;2012-09-28 15:50:00;172602N232;747;6.505;38;226;228;226;225;1.280;49.99;399.4;0.943;415.5;0.883;0.0;0.000;60;0;0;1.416;1.199;1.226;251;244;250;49.99;49.99;49.99;5545;1000;0.0;0;1.0000;0;0
600;2012-09-28 16:00:00;172602N232;1198;6.704;38;227;227;228;225;1.799;50.00;436.3;1.468;429.4;1.277;0.0;0.000;60;0;0;1.750;1.844;1.805;386;413;397;50.00;50.00;50.00;5545;1000;0.0;0;1.0000;0;0
600;2012-09-28 16:10:00;172602N232;818;6.840;38;226;227;228;224;1.244;49.99;396.7;1.264;438.9;0.789;0.0;0.000;60;0;0;1.195;1.287;1.250;261;284;271;49.99;49.99;49.99;5545;1000;0.0;0;1.0000;0;0
600;2012-09-28 16:20:00;172602N232;625;6.945;38;225;226;227;224;1.101;49.98;413.3;0.782;419.3;0.676;0.0;0.000;60;0;0;1.075;1.140;1.089;196;218;209;49.98;49.98;49.98;5545;1000;0.0;0;1.0000;0;0
600;2012-09-28 16:30:00;172602N232;512;7.030;38;226;225;227;225;0.967;49.98;430.6;0.633;423.2;0.535;0.0;0.000;60;0;0;0.940;1.007;0.956;157;181;172;49.98;49.98;49.98;5545;1000;0.0;0;1.0000;0;0
600;2012-09-28 16:40:00;172602N232;601;7.130;38;227;227;228;225;1.262;49.98;414.5;0.734;423.2;0.655;0.0;0.000;60;0;0;1.260;1.318;1.209;180;210;208;49.98;49.98;49.98;5545;1000;0.0;0;1.0000;0;0
600;2012-09-28 16:50:00;172602N232;654;7.239;38;226;227;228;224;1.019;49.99;428.0;0.785;436.4;0.708;0.0;0.000;60;0;0;0.979;1.057;1.022;206;228;217;49.99;49.99;49.99;5545;1000;0.0;0;1.0000;0;0
600;2012-09-28 17:00:00;172602N232;540;7.330;38;226;227;228;224;0.843;50.01;400.0;0.663;423.7;0.625;0.0;0.000;60;0;0;0.789;0.884;0.858;167;191;181;50.01;50.01;50.01;5545;1000;0.0;0;1.0000;0;0
600;2012-09-28 17:10:00;172602N232;347;7.387;38;225;225;227;223;1.151;50.01;397.1;0.434;404.4;0.404;0.0;0.000;60;0;0;1.217;1.213;1.023;93;125;127;50.01;50.01;50.01;5545;1000;0.0;0;1.0000;0;0
600;2012-09-28 17:20:00;172602N232;416;7.457;37;224;225;224;223;1.156;49.98;399.0;0.511;418.9;0.480;0.0;0.000;60;0;0;1.211;1.199;1.059;122;160;131;49.98;49.98;49.98;5545;1000;0.0;0;1.0000;0;0
600;2012-09-28 17:30:00;172602N232;414;7.527;37;223;225;222;223;0.807;49.98;399.9;0.501;411.2;0.496;0.0;0.000;60;0;0;0.775;0.843;0.803;129;147;136;49.98;49.98;49.98;5545;1000;0.0;0;1.0000;0;0
600;2012-09-28 17:40:00;172602N232;417;7.596;37;224;226;224;221;1.167;49.99;400.2;0.504;411.4;0.498;0.0;0.000;60;0;0;1.262;1.173;1.068;116;164;135;49.99;49.99;49.99;5545;1000;0.0;0;1.0000;0;0
600;2012-09-28 17:50:00;172602N232;339;7.652;37;223;225;224;221;1.172;49.98;395.8;0.411;405.0;0.408;0.0;0.000;60;0;0;1.358;1.076;1.082;87;126;123;49.98;49.98;49.98;5545;1000;0.0;0;1.0000;0;0
600;2012-09-28 18:00:00;172602N232;339;7.709;37;223;225;222;220;1.183;50.00;394.1;0.408;414.7;0.403;0.0;0.000;60;0;0;1.390;1.094;1.065;82;138;117;50.00;50.00;50.00;5545;1000;0.0;0;1.0000;0;0
600;2012-09-28 18:10:00;172602N232;338;7.766;36;224;225;224;223;1.166;50.01;398.7;0.408;408.8;0.401;0.0;0.000;60;0;0;1.288;1.153;1.058;91;140;105;50.01;50.01;50.01;5545;1000;0.0;0;1.0000;0;0
600;2012-09-28 18:20:00;172602N232;224;7.804;36;224;224;224;223;1.073;49.98;387.7;0.275;400.0;0.262;0.0;0.000;60;0;0;1.298;1.029;0.894;45;95;82;49.98;49.98;49.98;5545;1000;0.0;0;1.0000;0;0
600;2012-09-28 18:30:00;172602N232;117;7.823;36;224;226;223;223;1.011;49.98;373.3;0.140;388.1;0.135;0.0;0.000;60;0;0;1.514;0.787;0.732;0;75;57;49.98;49.98;49.98;5545;1000;0.0;0;1.0000;0;0
600;2012-09-28 18:40:00;172602N232;73;7.835;36;224;225;225;223;0.870;49.98;358.4;0.083;372.7;0.081;0.0;0.000;60;0;0;1.137;0.831;0.643;3;35;48;49.98;49.98;49.98;5545;1000;0.0;0;1.0000;0;0
600;2012-09-28 18:50:00;172602N232;11;7.837;36;224;224;226;223;0.352;49.98;271.8;0.006;269.9;0.009;0.0;0.000;60;0;0;0.357;0.462;0.238;4;1;15;49.98;49.98;49.98;5545;1000;0.0;0;1.0000;0;0
600;2012-09-28 19:00:00;172602N232;0;7.837;35;224;224;228;222;0.006;49.98;264.9;0.000;264.5;0.000;0.0;0.000;50;0;0;0.004;0.012;0.004;0;0;0;49.98;49.98;49.98;5545;1000;0.0;0;1.0000;0;0
600;2012-09-28 19:10:00;172602N232;0;7.837;33;224;223;227;221;0.000;50.00;232.4;0.000;233.4;0.000;0.0;0.000;50;0;0;0.000;0.000;0.000;0;0;0;50.00;50.00;50.00;5545;1000;0.0;0;1.0000;0;0
600;2012-09-28 19:20:00;172602N232;0;7.837;32;223;222;226;221;0.000;49.98;227.4;0.000;228.3;0.000;0.0;0.000;50;0;0;0.000;0.000;0.000;0;0;0;49.98;49.98;49.98;5545;1000;0.0;0;1.0000;0;0
[wr_ende]
