20160505;230004;172602N232;My Plant;+0100
[wr_def_start]
172602N232;Inverter Type;Inverter Group;72602N232      
[wr_def_end]
[wr]
INTERVAL;TIMESTAMP;SERIAL;P_AC;E_DAY;T_WR;U_AC;U_AC_1;U_AC_2;U_AC_3;I_AC;F_AC;U_DC_1;I_DC_1;U_DC_2;I_DC_2;U_DC_3;I_DC_3;S;E_WR;M_WR;I_AC_1;I_AC_2;I_AC_3;P_AC_1;P_AC_2;P_AC_3;F_AC_1;F_AC_2;F_AC_3;R_DC;PC;PCS;PCS_LL;COS_PHI;COS_PHI_LL;S_COS_PHI
600;2016-05-05 04:20:00;172602N232;0;0.000;0;5;5;5;5;0.000;1.21;5.4;0.000;5.4;0.000;0.0;0.000;50;0;0;0.000;0.000;0.000;0;0;0;1.21;1.21;1.21;95;1000;0.0;0;1.0000;0;0
600;2016-05-05 04:30:00;172602N232;0;0.000;24;226;226;229;224;0.000;50.00;228.4;0.000;229.4;0.000;0.0;0.000;50;0;0;0.000;0.000;0.000;0;0;0;50.00;50.00;50.00;0;1000;0.0;0;1.0000;0;0
600;2016-05-05 04:40:00;172602N232;0;0.000;25;227;227;230;224;0.000;50.01;238.6;0.000;239.5;0.000;0.0;0.000;50;0;0;0.000;0.000;0.000;0;0;0;50.01;50.01;50.01;0;1000;0.0;0;1.0000;0;0
600;2016-05-05 04:50:00;172602N232;0;0.000;26;227;227;229;225;0.003;50.01;279.4;0.000;278.8;0.000;0.0;0.000;80;0;0;0.004;0.004;0.003;0;0;0;50.01;50.01;50.01;3376;1000;0.0;0;1.0000;0;0
600;2016-05-05 05:00:00;172602N232;12;0.002;26;227;227;227;226;0.232;50.01;311.4;0.004;306.8;0.006;0.0;0.000;60;0;0;0.275;0.229;0.193;0;10;9;50.01;50.01;50.01;5557;1000;0.0;0;1.0000;0;0
600;2016-05-05 05:10:00;172602N232;46;0.009;27;227;227;227;226;0.577;50.01;380.0;0.037;390.0;0.037;0.0;0.000;60;0;0;0.637;0.662;0.433;4;17;24;50.01;50.01;50.01;5574;1000;0.0;0;1.0000;0;0
600;2016-05-05 05:20:00;172602N232;79;0.021;27;227;227;227;226;0.901;50.01;406.9;0.078;412.5;0.076;0.0;0.000;60;0;0;0.930;1.039;0.734;7;19;52;50.01;50.01;50.01;5574;1000;0.0;0;1.0000;0;0
600;2016-05-05 05:30:00;172602N232;115;0.042;28;227;227;228;226;0.895;50.03;418.9;0.118;420.8;0.116;0.0;0.000;60;0;0;0.890;1.038;0.758;20;30;63;50.03;50.03;50.03;5574;1000;0.0;0;1.0000;0;0
600;2016-05-05 05:40:00;172602N232;146;0.066;28;226;226;226;226;0.889;50.00;426.4;0.154;427.6;0.149;0.0;0.000;60;0;0;0.924;1.026;0.718;17;65;62;50.00;50.00;50.00;5574;1000;0.0;0;1.0000;0;0
600;2016-05-05 05:50:00;172602N232;172;0.094;28;226;227;228;225;1.000;50.00;428.5;0.185;432.5;0.173;0.0;0.000;60;0;0;1.274;1.059;0.667;44;62;65;50.00;50.00;50.00;5574;1000;0.0;0;1.0000;0;0
600;2016-05-05 06:00:00;172602N232;165;0.122;29;226;227;227;226;0.962;49.99;428.8;0.178;430.9;0.163;0.0;0.000;60;0;0;1.346;0.851;0.689;46;66;50;49.99;49.99;49.99;5574;1000;0.0;0;1.0000;0;0
600;2016-05-05 06:10:00;172602N232;164;0.150;29;228;228;229;227;1.027;49.99;428.8;0.179;426.9;0.164;0.0;0.000;60;0;0;1.408;0.946;0.727;32;75;55;49.99;49.99;49.99;5574;1000;0.0;0;1.0000;0;0
600;2016-05-05 06:20:00;172602N232;172;0.179;29;227;228;228;227;0.997;49.98;428.7;0.188;426.2;0.174;0.0;0.000;60;0;0;1.411;0.891;0.690;43;71;56;49.98;49.98;49.98;5574;1000;0.0;0;1.0000;0;0
600;2016-05-05 06:30:00;172602N232;174;0.208;29;227;227;228;227;0.964;50.03;417.3;0.195;432.9;0.174;0.0;0.000;60;0;0;1.385;0.835;0.673;54;70;49;50.03;50.03;50.03;5574;1000;0.0;0;1.0000;0;0
600;2016-05-05 06:40:00;172602N232;180;0.238;30;227;227;228;226;0.950;49.99;414.0;0.204;433.7;0.181;0.0;0.000;60;0;0;1.277;0.914;0.659;65;54;59;49.99;49.99;49.99;5574;1000;0.0;0;1.0000;0;0
600;2016-05-05 06:50:00;172602N232;193;0.270;30;227;226;228;226;0.976;49.98;428.3;0.211;434.4;0.196;0.0;0.000;60;0;0;1.251;0.943;0.734;64;60;67;49.98;49.98;49.98;5574;1000;0.0;0;1.0000;0;0
600;2016-05-05 07:00:00;172602N232;202;0.305;30;227;227;227;226;0.946;49.99;435.4;0.218;433.4;0.206;0.0;0.000;60;0;0;1.174;0.854;0.811;75;54;70;49.99;49.99;49.99;5574;1000;0.0;0;1.0000;0;0
600;2016-05-05 07:10:00;172602N232;203;0.339;30;226;226;227;225;0.973;50.00;441.4;0.218;424.1;0.211;0.0;0.000;60;0;0;1.176;0.838;0.905;61;54;86;50.00;50.00;50.00;5574;1000;0.0;0;1.0000;0;0
600;2016-05-05 07:20:00;172602N232;207;0.373;31;226;227;227;225;1.053;49.99;449.0;0.223;425.7;0.211;0.0;0.000;60;0;0;1.302;1.028;0.831;48;77;81;49.99;49.99;49.99;5574;1000;0.0;0;1.0000;0;0
600;2016-05-05 07:30:00;172602N232;213;0.409;31;226;226;226;225;1.017;50.00;458.1;0.227;428.9;0.211;0.0;0.000;60;0;0;1.210;0.875;0.967;43;74;94;50.00;50.00;50.00;5574;1000;0.0;0;1.0000;0;0
600;2016-05-05 07:40:00;172602N232;226;0.446;31;225;226;225;224;1.066;49.99;469.0;0.240;428.3;0.220;0.0;0.000;60;0;0;1.308;1.079;0.812;45;100;79;49.99;49.99;49.99;5574;1000;0.0;0;1.0000;0;0
600;2016-05-05 07:50:00;172602N232;246;0.487;31;225;225;226;224;1.103;49.99;475.0;0.264;432.5;0.232;0.0;0.000;60;0;0;1.125;1.230;0.954;41;102;101;49.99;49.99;49.99;5574;1000;0.0;0;1.0000;0;0
600;2016-05-05 08:00:00;172602N232;274;0.533;31;225;225;226;224;1.161;50.00;477.6;0.306;439.4;0.247;0.0;0.000;60;0;0;1.269;1.300;0.914;67;110;95;50.00;50.00;50.00;5574;1000;0.0;0;1.0000;0;0
600;2016-05-05 08:10:00;172602N232;472;0.612;31;225;226;226;224;1.121;49.99;400.9;1.020;450.2;0.263;0.0;0.000;60;0;0;1.219;1.137;1.007;144;172;154;49.99;49.99;49.99;5574;1000;0.0;0;1.0000;0;0
600;2016-05-05 08:20:00;172602N232;896;0.762;31;225;226;226;223;1.363;50.00;378.2;2.022;454.7;0.289;0.0;0.000;60;0;0;1.319;1.408;1.363;288;310;295;50.00;50.00;50.00;5574;1000;0.0;0;1.0000;0;0
600;2016-05-05 08:30:00;172602N232;1211;0.964;32;225;226;227;222;1.829;49.99;357.0;2.867;407.9;0.560;0.0;0.000;60;0;0;1.795;1.877;1.815;394;419;396;49.99;49.99;49.99;5574;1000;0.0;0;1.0000;0;0
600;2016-05-05 08:40:00;172602N232;1669;1.242;32;225;226;228;223;2.486;49.99;399.9;3.134;272.9;1.598;0.0;0.000;60;0;0;2.438;2.554;2.468;545;576;545;49.99;49.99;49.99;5574;1000;0.0;0;1.0000;0;0
600;2016-05-05 08:50:00;172602N232;1989;1.574;33;225;225;226;225;2.960;50.01;413.2;3.422;271.3;2.226;0.0;0.000;60;0;0;2.901;3.015;2.966;648;678;661;50.01;50.01;50.01;5574;1000;0.0;0;1.0000;0;0
600;2016-05-05 09:00:00;172602N232;2195;1.940;33;225;226;225;225;3.263;50.01;409.8;3.654;266.7;2.742;0.0;0.000;60;0;0;3.225;3.294;3.271;724;738;731;50.01;50.01;50.01;5574;1000;0.0;0;1.0000;0;0
600;2016-05-05 09:10:00;172602N232;2407;2.342;35;225;226;225;224;3.585;50.00;405.8;3.882;302.4;2.889;0.0;0.000;60;0;0;3.556;3.632;3.569;798;813;794;50.00;50.00;50.00;5574;1000;0.0;0;1.0000;0;0
600;2016-05-05 09:20:00;172602N232;2691;2.789;36;225;225;226;224;4.002;50.00;402.8;4.104;365.1;2.942;0.0;0.000;60;0;0;3.963;4.049;3.995;889;910;891;50.00;50.00;50.00;5574;1000;0.0;0;1.0000;0;0
600;2016-05-05 09:30:00;172602N232;2927;3.278;38;225;224;227;225;4.339;49.98;401.0;4.284;389.2;3.213;0.0;0.000;60;0;0;4.275;4.394;4.350;957;994;975;49.98;49.98;49.98;5574;1000;0.0;0;1.0000;0;0
600;2016-05-05 09:40:00;172602N232;3198;3.810;38;225;225;228;224;4.736;49.99;400.6;4.492;387.2;3.725;0.0;0.000;60;0;0;4.672;4.838;4.700;1050;1099;1048;49.99;49.99;49.99;5574;1000;0.0;0;1.0000;0;0
600;2016-05-05 09:50:00;172602N232;3438;4.385;38;226;227;229;222;5.085;50.02;398.1;4.698;406.0;3.973;0.0;0.000;60;0;0;5.054;5.201;5.002;1144;1187;1105;50.02;50.02;50.02;5574;1000;0.0;0;1.0000;0;0
600;2016-05-05 10:00:00;172602N232;3670;4.996;38;225;227;229;221;5.434;50.00;395.2;4.859;408.7;4.413;0.0;0.000;60;0;0;5.405;5.581;5.316;1223;1276;1169;50.00;50.00;50.00;5574;1000;0.0;0;1.0000;0;0
600;2016-05-05 10:10:00;172602N232;3916;5.649;39;226;228;229;220;5.791;49.99;393.6;5.079;398.1;4.965;0.0;0.000;60;0;0;5.795;5.959;5.621;1318;1363;1233;49.99;49.99;49.99;5574;1000;0.0;0;1.0000;0;0
600;2016-05-05 10:20:00;172602N232;4011;6.318;40;226;227;230;221;5.920;50.01;390.4;5.228;390.7;5.206;0.0;0.000;60;0;0;5.878;6.088;5.795;1332;1400;1277;50.01;50.01;50.01;5574;1000;0.0;0;1.0000;0;0
600;2016-05-05 10:30:00;172602N232;4128;7.005;40;226;226;230;222;6.097;49.99;388.6;5.402;389.3;5.381;0.0;0.000;60;0;0;6.021;6.278;5.993;1355;1442;1329;49.99;49.99;49.99;5574;1000;0.0;0;1.0000;0;0
600;2016-05-05 10:40:00;172602N232;4228;7.712;41;226;226;231;222;6.230;50.01;386.0;5.572;386.7;5.550;0.0;0.000;60;0;0;6.170;6.413;6.109;1393;1478;1354;50.01;50.01;50.01;5574;1000;0.0;0;1.0000;0;0
600;2016-05-05 10:50:00;172602N232;4292;8.427;41;227;227;231;224;6.309;50.01;383.2;5.701;383.6;5.681;0.0;0.000;60;0;0;6.260;6.455;6.212;1418;1487;1385;50.01;50.01;50.01;5574;1000;0.0;0;1.0000;0;0
600;2016-05-05 11:00:00;172602N232;4373;9.154;41;227;225;231;224;6.434;50.02;380.0;5.855;380.9;5.837;0.0;0.000;60;0;0;6.330;6.604;6.369;1420;1526;1426;50.02;50.02;50.02;5574;1000;0.0;0;1.0000;0;0
600;2016-05-05 11:10:00;172602N232;4460;9.898;41;226;224;232;223;6.577;50.00;377.6;6.004;379.4;5.986;0.0;0.000;60;0;0;6.456;6.798;6.478;1444;1573;1442;50.00;50.00;50.00;5574;1000;0.0;0;1.0000;0;0
600;2016-05-05 11:20:00;172602N232;4480;10.646;41;227;224;232;225;6.589;50.01;375.7;6.071;376.5;6.051;0.0;0.000;60;0;0;6.454;6.779;6.536;1443;1570;1465;50.01;50.01;50.01;5574;1000;0.0;0;1.0000;0;0
600;2016-05-05 11:30:00;172602N232;4578;11.410;41;227;225;232;224;6.729;50.03;375.4;6.215;375.6;6.194;0.0;0.000;60;0;0;6.598;6.933;6.656;1479;1605;1492;50.03;50.03;50.03;5574;1000;0.0;0;1.0000;0;0
600;2016-05-05 11:40:00;172602N232;4647;12.185;42;227;225;233;223;6.822;50.03;374.8;6.318;375.3;6.298;0.0;0.000;60;0;0;6.673;7.077;6.718;1499;1648;1499;50.03;50.03;50.03;5574;1000;0.0;0;1.0000;0;0
600;2016-05-05 11:50:00;172602N232;4670;12.962;42;228;227;233;224;6.840;50.04;372.2;6.400;372.1;6.380;0.0;0.000;60;0;0;6.727;7.078;6.717;1521;1647;1500;50.04;50.04;50.04;5574;1000;0.0;0;1.0000;0;0
600;2016-05-05 12:00:00;172602N232;4665;13.740;42;227;226;232;224;6.835;50.00;372.0;6.400;371.6;6.377;0.0;0.000;60;0;0;6.735;7.046;6.725;1520;1637;1506;50.00;50.00;50.00;5574;1000;0.0;0;1.0000;0;0
600;2016-05-05 12:10:00;172602N232;4675;14.518;42;228;227;232;224;6.849;50.02;372.3;6.412;371.4;6.391;0.0;0.000;60;0;0;6.765;7.048;6.734;1533;1632;1509;50.02;50.02;50.02;5574;1000;0.0;0;1.0000;0;0
600;2016-05-05 12:20:00;172602N232;4747;15.311;42;228;228;233;223;6.938;50.03;370.8;6.543;369.6;6.520;0.0;0.000;60;0;0;6.885;7.142;6.789;1570;1661;1514;50.03;50.03;50.03;5574;1000;0.0;0;1.0000;0;0
600;2016-05-05 12:30:00;172602N232;4729;16.099;42;228;229;233;222;6.919;49.98;367.5;6.575;366.7;6.552;0.0;0.000;60;0;0;6.868;7.181;6.710;1567;1673;1488;49.98;49.98;49.98;5574;1000;0.0;0;1.0000;0;0
600;2016-05-05 12:40:00;172602N232;4791;16.897;42;228;228;233;223;7.000;50.00;369.2;6.631;368.4;6.608;0.0;0.000;60;0;0;6.919;7.235;6.846;1574;1687;1529;50.00;50.00;50.00;5574;1000;0.0;0;1.0000;0;0
600;2016-05-05 12:50:00;172602N232;4747;17.689;42;228;227;233;224;6.941;50.01;368.6;6.563;369.6;6.538;0.0;0.000;60;0;0;6.863;7.143;6.819;1558;1660;1527;50.01;50.01;50.01;5574;1000;0.0;0;1.0000;0;0
600;2016-05-05 13:00:00;172602N232;4805;18.490;42;228;227;233;224;7.022;50.00;368.4;6.655;368.6;6.630;0.0;0.000;60;0;0;6.953;7.230;6.884;1578;1683;1541;50.00;50.00;50.00;5574;1000;0.0;0;1.0000;0;0
600;2016-05-05 13:10:00;172602N232;4768;19.286;42;228;227;233;225;6.965;50.00;365.0;6.663;365.6;6.637;0.0;0.000;60;0;0;6.877;7.164;6.855;1558;1667;1540;50.00;50.00;50.00;5574;1000;0.0;0;1.0000;0;0
600;2016-05-05 13:20:00;172602N232;4771;20.081;42;229;228;233;225;6.955;50.01;364.0;6.689;364.2;6.663;0.0;0.000;60;0;0;6.876;7.127;6.864;1562;1660;1546;50.01;50.01;50.01;5574;1000;0.0;0;1.0000;0;0
600;2016-05-05 13:30:00;172602N232;4796;20.881;42;228;229;233;222;7.018;49.99;368.0;6.655;367.7;6.628;0.0;0.000;60;0;0;6.983;7.260;6.812;1594;1690;1511;49.99;49.99;49.99;5574;1000;0.0;0;1.0000;0;0
600;2016-05-05 13:40:00;172602N232;4788;21.678;42;229;227;233;225;6.981;49.99;366.3;6.678;365.8;6.651;0.0;0.000;60;0;0;6.888;7.183;6.873;1563;1676;1547;49.99;49.99;49.99;5574;1000;0.0;0;1.0000;0;0
600;2016-05-05 13:50:00;172602N232;4709;22.463;43;229;228;233;225;6.868;49.99;368.9;6.523;368.1;6.495;0.0;0.000;60;0;0;6.796;7.056;6.753;1546;1643;1518;49.99;49.99;49.99;5574;1000;0.0;0;1.0000;0;0
600;2016-05-05 14:00:00;172602N232;4722;23.251;43;228;227;233;225;6.890;50.00;368.5;6.540;368.3;6.515;0.0;0.000;60;0;0;6.799;7.074;6.797;1543;1646;1531;50.00;50.00;50.00;5574;1000;0.0;0;1.0000;0;0
600;2016-05-05 14:10:00;172602N232;4643;24.025;43;228;228;232;223;6.796;50.00;366.1;6.482;365.2;6.457;0.0;0.000;60;0;0;6.730;7.011;6.648;1531;1629;1482;50.00;50.00;50.00;5574;1000;0.0;0;1.0000;0;0
600;2016-05-05 14:20:00;172602N232;4593;24.791;43;228;228;233;223;6.706;50.01;366.3;6.395;366.6;6.371;0.0;0.000;60;0;0;6.639;6.938;6.542;1515;1619;1457;50.01;50.01;50.01;5574;1000;0.0;0;1.0000;0;0
600;2016-05-05 14:30:00;172602N232;4558;25.550;43;228;229;234;222;6.654;49.99;369.5;6.290;369.9;6.265;0.0;0.000;60;0;0;6.605;6.912;6.447;1509;1617;1429;49.99;49.99;49.99;5574;1000;0.0;0;1.0000;0;0
600;2016-05-05 14:40:00;172602N232;4480;26.297;43;229;228;234;225;6.531;50.00;368.2;6.203;368.8;6.177;0.0;0.000;60;0;0;6.441;6.742;6.410;1464;1575;1439;50.00;50.00;50.00;5574;1000;0.0;0;1.0000;0;0
600;2016-05-05 14:50:00;172602N232;4421;27.035;43;229;227;233;226;6.446;50.01;370.3;6.084;370.7;6.062;0.0;0.000;60;0;0;6.350;6.618;6.371;1440;1542;1437;50.01;50.01;50.01;5574;1000;0.0;0;1.0000;0;0
600;2016-05-05 15:00:00;172602N232;4343;27.758;44;228;228;233;225;6.336;49.99;371.4;5.955;372.0;5.933;0.0;0.000;60;0;0;6.260;6.511;6.239;1423;1513;1405;49.99;49.99;49.99;5574;1000;0.0;0;1.0000;0;0
600;2016-05-05 15:10:00;172602N232;4210;28.459;43;229;228;233;226;6.139;49.99;370.6;5.785;371.3;5.761;0.0;0.000;60;0;0;6.069;6.302;6.047;1380;1464;1364;49.99;49.99;49.99;5574;1000;0.0;0;1.0000;0;0
600;2016-05-05 15:20:00;172602N232;4107;29.145;43;229;228;233;226;5.982;50.01;372.4;5.617;372.8;5.594;0.0;0.000;60;0;0;5.924;6.130;5.892;1352;1425;1328;50.01;50.01;50.01;5574;1000;0.0;0;1.0000;0;0
600;2016-05-05 15:30:00;172602N232;4027;29.815;43;229;228;232;226;5.870;50.01;374.2;5.481;374.6;5.456;0.0;0.000;60;0;0;5.811;6.002;5.798;1324;1392;1308;50.01;50.01;50.01;5574;1000;0.0;0;1.0000;0;0
600;2016-05-05 15:40:00;172602N232;3926;30.471;43;229;228;232;226;5.724;49.99;375.2;5.329;375.1;5.310;0.0;0.000;60;0;0;5.666;5.860;5.646;1291;1360;1274;49.99;49.99;49.99;5574;1000;0.0;0;1.0000;0;0
600;2016-05-05 15:50:00;172602N232;3900;31.120;43;229;229;232;225;5.694;49.99;376.9;5.275;375.8;5.259;0.0;0.000;60;0;0;5.656;5.831;5.596;1291;1350;1258;49.99;49.99;49.99;5574;1000;0.0;0;1.0000;0;0
600;2016-05-05 16:00:00;172602N232;3684;31.735;43;228;228;232;225;5.386;49.99;386.6;4.821;376.2;4.991;0.0;0.000;60;0;0;5.347;5.519;5.293;1218;1276;1188;49.99;49.99;49.99;5574;1000;0.0;0;1.0000;0;0
600;2016-05-05 16:10:00;172602N232;3559;32.328;43;228;227;231;226;5.211;49.99;375.6;4.753;377.2;4.850;0.0;0.000;60;0;0;5.154;5.327;5.153;1169;1229;1160;49.99;49.99;49.99;5574;1000;0.0;0;1.0000;0;0
600;2016-05-05 16:20:00;172602N232;3379;32.891;43;227;224;232;226;4.962;50.01;371.4;4.564;380.9;4.552;0.0;0.000;60;0;0;4.843;5.082;4.963;1083;1176;1118;50.01;50.01;50.01;5574;1000;0.0;0;1.0000;0;0
600;2016-05-05 16:30:00;172602N232;3311;33.444;43;228;225;232;226;4.856;50.02;373.7;4.440;383.8;4.430;0.0;0.000;60;0;0;4.726;4.978;4.866;1059;1153;1097;50.02;50.02;50.02;5574;1000;0.0;0;1.0000;0;0
600;2016-05-05 16:40:00;172602N232;3209;33.978;43;227;226;231;225;4.715;50.00;375.8;4.281;385.2;4.271;0.0;0.000;60;0;0;4.620;4.831;4.696;1039;1115;1053;50.00;50.00;50.00;5574;1000;0.0;0;1.0000;0;0
600;2016-05-05 16:50:00;172602N232;3062;34.488;43;226;225;229;224;4.524;49.99;381.2;4.030;389.3;4.023;0.0;0.000;60;0;0;4.451;4.613;4.508;997;1055;1008;49.99;49.99;49.99;5574;1000;0.0;0;1.0000;0;0
600;2016-05-05 17:00:00;172602N232;2858;34.965;43;226;226;228;225;4.219;50.00;383.6;3.734;391.6;3.727;0.0;0.000;60;0;0;4.168;4.289;4.201;940;977;940;50.00;50.00;50.00;5574;1000;0.0;0;1.0000;0;0
600;2016-05-05 17:10:00;172602N232;2686;35.414;43;226;226;229;223;3.981;50.01;386.0;3.497;400.1;3.415;0.0;0.000;60;0;0;3.935;4.071;3.939;884;927;873;50.01;50.01;50.01;5574;1000;0.0;0;1.0000;0;0
600;2016-05-05 17:20:00;172602N232;2498;35.829;43;226;226;228;224;3.706;50.01;391.5;3.227;409.0;3.081;0.0;0.000;60;0;0;3.660;3.773;3.686;823;854;819;50.01;50.01;50.01;5574;1000;0.0;0;1.0000;0;0
600;2016-05-05 17:30:00;172602N232;2349;36.222;43;226;226;227;225;3.485;50.01;380.2;3.095;388.1;3.089;0.0;0.000;60;0;0;3.435;3.538;3.483;771;799;777;50.01;50.01;50.01;5574;1000;0.0;0;1.0000;0;0
600;2016-05-05 17:40:00;172602N232;2142;36.579;43;226;226;228;223;3.178;50.00;382.3;2.801;390.3;2.798;0.0;0.000;60;0;0;3.131;3.247;3.157;702;737;701;50.00;50.00;50.00;5574;1000;0.0;0;1.0000;0;0
600;2016-05-05 17:50:00;172602N232;1937;36.901;43;226;225;228;224;2.877;49.97;384.0;2.518;392.0;2.518;0.0;0.000;60;0;0;2.826;2.936;2.871;632;665;638;49.97;49.97;49.97;5574;1000;0.0;0;1.0000;0;0
600;2016-05-05 18:00:00;172602N232;1777;37.198;43;225;225;226;225;2.647;49.98;386.3;2.291;394.4;2.296;0.0;0.000;60;0;0;2.593;2.690;2.658;578;605;592;49.98;49.98;49.98;5574;1000;0.0;0;1.0000;0;0
600;2016-05-05 18:10:00;172602N232;1569;37.460;42;225;226;225;225;2.337;49.98;388.1;1.985;395.8;2.045;0.0;0.000;60;0;0;2.296;2.368;2.349;514;530;524;49.98;49.98;49.98;5574;1000;0.0;0;1.0000;0;0
600;2016-05-05 18:20:00;172602N232;1418;37.697;42;224;224;225;224;2.121;49.99;379.6;1.829;399.1;1.833;0.0;0.000;60;0;0;2.070;2.153;2.140;460;480;476;49.99;49.99;49.99;5574;1000;0.0;0;1.0000;0;0
600;2016-05-05 18:30:00;172602N232;1128;37.884;42;222;222;224;221;1.743;50.02;378.7;1.452;398.2;1.459;0.0;0.000;60;0;0;1.706;1.770;1.753;365;386;376;50.02;50.02;50.02;5574;1000;0.0;0;1.0000;0;0
600;2016-05-05 18:40:00;172602N232;945;38.042;42;225;226;227;224;1.425;49.99;388.7;1.146;399.9;1.250;0.0;0.000;60;0;0;1.373;1.463;1.439;302;326;316;49.99;49.99;49.99;5574;1000;0.0;0;1.0000;0;0
600;2016-05-05 18:50:00;172602N232;775;38.172;42;226;226;228;224;1.180;49.99;376.1;0.949;400.3;1.038;0.0;0.000;60;0;0;1.126;1.225;1.190;244;270;258;49.99;49.99;49.99;5574;1000;0.0;0;1.0000;0;0
600;2016-05-05 19:00:00;172602N232;666;38.282;42;226;227;227;224;1.020;50.00;382.3;0.771;401.0;0.917;0.0;0.000;60;0;0;0.972;1.061;1.028;210;232;222;50.00;50.00;50.00;5574;1000;0.0;0;1.0000;0;0
600;2016-05-05 19:10:00;172602N232;592;38.382;42;225;226;225;225;0.912;49.99;369.2;0.697;397.4;0.833;0.0;0.000;60;0;0;0.864;0.945;0.927;185;205;200;49.99;49.99;49.99;5574;1000;0.0;0;1.0000;0;0
600;2016-05-05 19:20:00;172602N232;490;38.464;41;226;227;227;225;0.762;49.99;352.8;0.621;392.9;0.678;0.0;0.000;60;0;0;0.709;0.800;0.779;150;173;166;49.99;49.99;49.99;5574;1000;0.0;0;1.0000;0;0
600;2016-05-05 19:30:00;172602N232;358;38.523;41;226;226;226;225;0.788;50.00;327.6;0.485;392.2;0.495;0.0;0.000;60;0;0;0.811;0.804;0.751;101;131;124;50.00;50.00;50.00;5574;1000;0.0;0;1.0000;0;0
600;2016-05-05 19:40:00;172602N232;185;38.554;41;226;227;227;224;1.018;49.99;367.3;0.197;380.0;0.269;0.0;0.000;60;0;0;1.372;0.872;0.811;26;75;82;49.99;49.99;49.99;5574;1000;0.0;0;1.0000;0;0
600;2016-05-05 19:50:00;172602N232;141;38.578;40;226;227;228;225;0.985;50.01;379.7;0.143;390.8;0.189;0.0;0.000;60;0;0;1.269;0.930;0.757;13;53;73;50.01;50.01;50.01;5574;1000;0.0;0;1.0000;0;0
600;2016-05-05 20:00:00;172602N232;80;38.591;40;226;227;228;224;0.934;50.00;355.2;0.086;382.5;0.097;0.0;0.000;60;0;0;1.197;0.900;0.705;0;28;57;50.00;50.00;50.00;5574;1000;0.0;0;1.0000;0;0
600;2016-05-05 20:10:00;172602N232;40;38.599;40;226;226;227;225;0.738;50.00;329.9;0.037;356.2;0.044;0.0;0.000;60;0;0;0.885;0.762;0.569;0;17;38;50.00;50.00;50.00;5574;1000;0.0;0;1.0000;0;0
600;2016-05-05 20:20:00;172602N232;10;38.601;39;226;227;227;224;0.280;50.00;264.3;0.002;276.8;0.006;0.0;0.000;60;0;0;0.394;0.241;0.205;0;9;13;50.00;50.00;50.00;5574;1000;0.0;0;1.0000;0;0
600;2016-05-05 20:30:00;172602N232;0;38.601;38;226;225;228;224;0.005;49.99;268.3;0.000;268.0;0.000;0.0;0.000;50;0;0;0.006;0.007;0.004;0;0;0;49.99;49.99;49.99;5574;1000;0.0;0;1.0000;0;0
600;2016-05-05 20:40:00;172602N232;0;38.601;37;225;224;228;224;0.000;49.99;232.4;0.000;233.4;0.000;0.0;0.000;50;0;0;0.000;0.000;0.000;0;0;0;49.99;49.99;49.99;5574;1000;0.0;0;1.0000;0;0
600;2016-05-05 20:50:00;172602N232;0;38.601;36;225;225;228;223;0.000;50.01;229.0;0.000;230.0;0.000;0.0;0.000;50;0;0;0.000;0.000;0.000;0;0;0;50.01;50.01;50.01;5574;1000;0.0;0;1.0000;0;0
600;2016-05-05 21:00:00;172602N232;0;38.601;35;223;223;226;221;0.000;50.01;228.6;0.000;229.6;0.000;0.0;0.000;80;0;0;0.000;0.000;0.000;0;0;0;50.01;50.01;50.01;5574;1000;0.0;0;1.0000;0;0
[wr_ende]
