20160112;230001;172602N232;My Plant;+0100
[wr_def_start]
172602N232;Inverter Type;Inverter Group;72602N232      
[wr_def_end]
[wr]
INTERVAL;TIMESTAMP;SERIAL;P_AC;E_DAY;T_WR;U_AC;U_AC_1;U_AC_2;U_AC_3;I_AC;F_AC;U_DC_1;I_DC_1;U_DC_2;I_DC_2;U_DC_3;I_DC_3;S;E_WR;M_WR;I_AC_1;I_AC_2;I_AC_3;P_AC_1;P_AC_2;P_AC_3;F_AC_1;F_AC_2;F_AC_3;R_DC;PC;PCS;PCS_LL;COS_PHI;COS_PHI_LL;S_COS_PHI
600;2016-01-12 08:10:00;172602N232;0;0.000;0;3;3;3;3;0.000;0.85;3.8;0.000;3.8;0.000;0.0;0.000;50;0;0;0.000;0.000;0.000;0;0;0;0.85;0.85;0.85;39;1000;0.0;0;1.0000;0;0
600;2016-01-12 08:20:00;172602N232;0;0.000;20;224;225;226;221;0.000;50.01;228.4;0.000;229.4;0.000;0.0;0.000;50;0;0;0.000;0.000;0.000;0;0;0;50.01;50.01;50.01;0;1000;0.0;0;1.0000;0;0
600;2016-01-12 08:30:00;172602N232;0;0.000;21;225;225;226;222;0.000;50.01;230.3;0.000;231.2;0.000;0.0;0.000;50;0;0;0.000;0.000;0.000;0;0;0;50.01;50.01;50.01;0;1000;0.0;0;1.0000;0;0
600;2016-01-12 08:40:00;172602N232;0;0.000;21;225;224;227;224;0.000;50.01;278.5;0.000;278.6;0.000;0.0;0.000;51;0;0;0.001;0.000;0.000;0;0;0;50.01;50.01;50.01;588;1000;0.0;0;1.0000;0;0
600;2016-01-12 08:50:00;172602N232;0;0.000;21;225;224;227;224;0.003;50.03;282.7;0.000;281.9;0.000;0.0;0.000;60;0;0;0.002;0.008;0.001;0;0;0;50.03;50.03;50.03;5173;1000;0.0;0;1.0000;0;0
600;2016-01-12 09:00:00;172602N232;0;0.000;22;225;223;226;225;0.005;50.03;272.0;0.000;271.5;0.000;0.0;0.000;60;0;0;0.003;0.009;0.005;0;0;0;50.03;50.03;50.03;5479;1000;0.0;0;1.0000;0;0
600;2016-01-12 09:10:00;172602N232;1;0.000;22;225;224;225;225;0.107;50.03;273.7;0.000;274.2;0.000;0.0;0.000;60;0;0;0.110;0.129;0.084;1;3;1;50.03;50.03;50.03;5168;1000;0.0;0;1.0000;0;0
600;2016-01-12 09:20:00;172602N232;6;0.001;23;225;224;224;225;0.196;50.04;259.3;0.000;257.1;0.002;0.0;0.000;60;0;0;0.202;0.216;0.172;2;7;2;50.04;50.04;50.04;5266;1000;0.0;0;1.0000;0;0
600;2016-01-12 09:30:00;172602N232;13;0.004;23;224;225;222;225;0.306;50.03;282.7;0.005;278.7;0.010;0.0;0.000;60;0;0;0.311;0.272;0.336;3;18;2;50.03;50.03;50.03;5266;1000;0.0;0;1.0000;0;0
600;2016-01-12 09:40:00;172602N232;7;0.004;23;224;224;224;224;0.226;50.01;260.2;0.001;258.4;0.004;0.0;0.000;60;0;0;0.256;0.262;0.160;3;6;5;50.01;50.01;50.01;5266;1000;0.0;0;1.0000;0;0
600;2016-01-12 09:50:00;172602N232;5;0.005;24;225;224;226;224;0.247;50.02;258.0;0.000;258.6;0.001;0.0;0.000;60;0;0;0.228;0.354;0.161;4;0;9;50.02;50.02;50.02;5266;1000;0.0;0;1.0000;0;0
600;2016-01-12 10:00:00;172602N232;12;0.007;24;224;225;225;223;0.295;50.01;272.4;0.004;293.6;0.007;0.0;0.000;60;0;0;0.388;0.298;0.200;2;6;12;50.01;50.01;50.01;5266;1000;0.0;0;1.0000;0;0
600;2016-01-12 10:10:00;172602N232;13;0.010;24;225;225;226;223;0.354;50.01;279.8;0.005;300.0;0.008;0.0;0.000;60;0;0;0.393;0.440;0.229;5;1;14;50.01;50.01;50.01;5266;1000;0.0;0;1.0000;0;0
600;2016-01-12 10:20:00;172602N232;19;0.012;24;225;224;226;224;0.459;50.03;318.5;0.010;317.5;0.016;0.0;0.000;60;0;0;0.494;0.589;0.296;7;0;19;50.03;50.03;50.03;5266;1000;0.0;0;1.0000;0;0
600;2016-01-12 10:30:00;172602N232;27;0.018;24;225;225;227;224;0.503;50.02;329.9;0.020;354.4;0.022;0.0;0.000;60;0;0;0.532;0.649;0.329;9;0;23;50.02;50.02;50.02;5266;1000;0.0;0;1.0000;0;0
600;2016-01-12 10:40:00;172602N232;34;0.023;25;225;225;227;224;0.588;50.01;342.9;0.028;360.2;0.031;0.0;0.000;60;0;0;0.621;0.749;0.395;8;2;28;50.01;50.01;50.01;5266;1000;0.0;0;1.0000;0;0
600;2016-01-12 10:50:00;172602N232;36;0.031;25;225;225;226;225;0.503;50.00;352.1;0.029;357.8;0.033;0.0;0.000;60;0;0;0.493;0.610;0.408;6;14;16;50.00;50.00;50.00;5266;1000;0.0;0;1.0000;0;0
600;2016-01-12 11:00:00;172602N232;43;0.037;25;225;225;225;225;0.492;50.01;360.1;0.038;371.1;0.040;0.0;0.000;60;0;0;0.549;0.543;0.386;5;21;16;50.01;50.01;50.01;5266;1000;0.0;0;1.0000;0;0
600;2016-01-12 11:10:00;172602N232;52;0.046;25;225;225;225;225;0.575;50.02;367.8;0.050;379.8;0.052;0.0;0.000;60;0;0;0.632;0.629;0.464;7;23;21;50.02;50.02;50.02;5266;1000;0.0;0;1.0000;0;0
600;2016-01-12 11:20:00;172602N232;51;0.055;25;225;225;227;224;0.656;50.02;368.5;0.049;379.8;0.050;0.0;0.000;60;0;0;0.668;0.836;0.466;12;7;34;50.02;50.02;50.02;5266;1000;0.0;0;1.0000;0;0
600;2016-01-12 11:30:00;172602N232;53;0.064;25;225;226;227;224;0.633;50.02;372.0;0.050;381.2;0.052;0.0;0.000;60;0;0;0.714;0.759;0.426;11;14;32;50.02;50.02;50.02;5266;1000;0.0;0;1.0000;0;0
600;2016-01-12 11:40:00;172602N232;57;0.073;26;220;221;222;219;0.798;50.03;375.0;0.057;383.0;0.059;0.0;0.000;60;0;0;0.844;0.956;0.594;10;8;43;50.03;50.03;50.03;5266;1000;0.0;0;1.0000;0;0
600;2016-01-12 11:50:00;172602N232;59;0.084;26;219;220;221;217;0.692;50.06;377.8;0.058;384.1;0.060;0.0;0.000;60;0;0;0.769;0.818;0.489;8;15;38;50.06;50.06;50.06;5266;1000;0.0;0;1.0000;0;0
600;2016-01-12 12:00:00;172602N232;63;0.094;26;220;220;222;217;0.802;50.03;378.2;0.065;385.0;0.066;0.0;0.000;60;0;0;0.826;0.989;0.591;10;11;46;50.03;50.03;50.03;5266;1000;0.0;0;1.0000;0;0
600;2016-01-12 12:10:00;172602N232;56;0.104;26;222;222;224;220;0.691;50.03;373.5;0.056;382.9;0.057;0.0;0.000;60;0;0;0.697;0.887;0.491;12;7;38;50.03;50.03;50.03;5266;1000;0.0;0;1.0000;0;0
600;2016-01-12 12:20:00;172602N232;48;0.113;26;222;222;224;220;0.642;50.05;367.6;0.044;375.0;0.046;0.0;0.000;60;0;0;0.692;0.778;0.456;9;12;35;50.05;50.05;50.05;5266;1000;0.0;0;1.0000;0;0
600;2016-01-12 12:30:00;172602N232;48;0.121;26;221;223;222;220;0.611;50.01;369.8;0.043;375.3;0.045;0.0;0.000;60;0;0;0.839;0.525;0.470;0;31;35;50.01;50.01;50.01;5266;1000;0.0;0;1.0000;0;0
600;2016-01-12 12:40:00;172602N232;52;0.130;27;221;222;223;220;0.634;49.98;373.4;0.049;379.8;0.051;0.0;0.000;60;0;0;0.682;0.763;0.459;7;15;35;49.98;49.98;49.98;5266;1000;0.0;0;1.0000;0;0
600;2016-01-12 12:50:00;172602N232;49;0.138;27;221;220;224;221;0.661;50.01;368.8;0.046;376.3;0.048;0.0;0.000;60;0;0;0.550;0.965;0.470;25;0;33;50.01;50.01;50.01;5266;1000;0.0;0;1.0000;0;0
600;2016-01-12 13:00:00;172602N232;39;0.145;27;222;220;224;222;0.599;50.01;356.2;0.034;367.3;0.036;0.0;0.000;60;0;0;0.480;0.875;0.443;26;0;26;50.01;50.01;50.01;5266;1000;0.0;0;1.0000;0;0
600;2016-01-12 13:10:00;172602N232;35;0.151;27;222;221;223;222;0.553;50.01;355.5;0.028;361.2;0.031;0.0;0.000;60;0;0;0.515;0.734;0.410;16;1;24;50.01;50.01;50.01;5266;1000;0.0;0;1.0000;0;0
600;2016-01-12 13:20:00;172602N232;40;0.158;27;222;221;223;221;0.590;50.01;355.9;0.036;367.1;0.037;0.0;0.000;60;0;0;0.533;0.816;0.422;17;1;28;50.01;50.01;50.01;5266;1000;0.0;0;1.0000;0;0
600;2016-01-12 13:30:00;172602N232;53;0.167;27;222;221;223;222;0.706;50.00;371.8;0.052;380.0;0.053;0.0;0.000;60;0;0;0.611;0.957;0.552;23;5;32;50.00;50.00;50.00;5266;1000;0.0;0;1.0000;0;0
600;2016-01-12 13:40:00;172602N232;64;0.179;27;222;220;223;222;0.727;49.99;382.2;0.065;387.6;0.066;0.0;0.000;60;0;0;0.600;0.993;0.588;33;4;32;49.99;49.99;49.99;5266;1000;0.0;0;1.0000;0;0
600;2016-01-12 13:50:00;172602N232;61;0.189;27;221;220;222;222;0.809;49.99;380.3;0.062;387.2;0.063;0.0;0.000;60;0;0;0.731;0.987;0.711;22;9;30;49.99;49.99;49.99;5266;1000;0.0;0;1.0000;0;0
600;2016-01-12 14:00:00;172602N232;46;0.197;27;221;220;222;222;0.602;49.98;364.0;0.042;373.8;0.044;0.0;0.000;60;0;0;0.524;0.808;0.476;23;3;27;49.98;49.98;49.98;5266;1000;0.0;0;1.0000;0;0
600;2016-01-12 14:10:00;172602N232;32;0.202;27;221;220;223;222;0.478;50.01;342.1;0.025;355.1;0.028;0.0;0.000;60;0;0;0.400;0.635;0.401;19;1;21;50.01;50.01;50.01;5266;1000;0.0;0;1.0000;0;0
600;2016-01-12 14:20:00;172602N232;26;0.207;27;222;220;223;223;0.428;50.01;330.3;0.018;352.7;0.020;0.0;0.000;60;0;0;0.318;0.574;0.393;15;6;11;50.01;50.01;50.01;5266;1000;0.0;0;1.0000;0;0
600;2016-01-12 14:30:00;172602N232;20;0.211;27;223;220;225;223;0.417;49.99;315.4;0.013;313.6;0.018;0.0;0.000;60;0;0;0.330;0.631;0.291;18;0;19;49.99;49.99;49.99;5266;1000;0.0;0;1.0000;0;0
600;2016-01-12 14:40:00;172602N232;12;0.213;27;223;221;225;223;0.377;49.99;282.1;0.004;289.6;0.008;0.0;0.000;60;0;0;0.274;0.593;0.266;10;0;14;49.99;49.99;49.99;5266;1000;0.0;0;1.0000;0;0
600;2016-01-12 14:50:00;172602N232;6;0.214;27;223;221;226;223;0.268;50.01;262.5;0.000;255.0;0.003;0.0;0.000;60;0;0;0.185;0.443;0.178;8;0;10;50.01;50.01;50.01;5266;1000;0.0;0;1.0000;0;0
600;2016-01-12 15:00:00;172602N232;3;0.215;27;223;221;225;223;0.173;49.99;253.7;0.000;254.4;0.000;0.0;0.000;60;0;0;0.120;0.284;0.117;5;0;6;49.99;49.99;49.99;5266;1000;0.0;0;1.0000;0;0
600;2016-01-12 15:10:00;172602N232;0;0.215;27;223;221;225;222;0.009;49.99;273.5;0.000;272.9;0.000;0.0;0.000;51;0;0;0.007;0.015;0.006;0;0;0;49.99;49.99;49.99;5184;1000;0.0;0;1.0000;0;0
600;2016-01-12 15:20:00;172602N232;0;0.215;26;223;222;223;223;0.001;50.00;293.9;0.000;292.6;0.000;0.0;0.000;51;0;0;0.001;0.001;0.002;0;0;0;50.00;50.00;50.00;4997;1000;0.0;0;1.0000;0;0
600;2016-01-12 15:30:00;172602N232;0;0.215;26;223;224;223;221;0.000;50.02;282.9;0.000;282.7;0.000;0.0;0.000;51;0;0;0.000;0.000;0.000;0;0;0;50.02;50.02;50.02;6077;1000;0.0;0;1.0000;0;0
600;2016-01-12 15:40:00;172602N232;0;0.215;26;222;223;223;222;0.000;49.99;229.9;0.000;230.8;0.000;0.0;0.000;51;0;0;0.000;0.000;0.000;0;0;0;49.99;49.99;49.99;6077;1000;0.0;0;1.0000;0;0
600;2016-01-12 15:50:00;172602N232;0;0.215;26;222;223;223;221;0.000;49.99;230.4;0.000;231.4;0.000;0.0;0.000;51;0;0;0.000;0.000;0.000;0;0;0;49.99;49.99;49.99;6077;1000;0.0;0;1.0000;0;0
600;2016-01-12 16:00:00;172602N232;0;0.215;25;221;222;222;220;0.000;49.98;227.0;0.000;227.9;0.000;0.0;0.000;51;0;0;0.000;0.000;0.000;0;0;0;49.98;49.98;49.98;6077;1000;0.0;0;1.0000;0;0
[wr_ende]
