20140622;230004;172602N232;My Plant;+0100
[wr_def_start]
172602N232;Inverter Type;Inverter Group;72602N232      
[wr_def_end]
[wr]
INTERVAL;TIMESTAMP;SERIAL;P_AC;E_DAY;T_WR;U_AC;U_AC_1;U_AC_2;U_AC_3;I_AC;F_AC;U_DC_1;I_DC_1;U_DC_2;I_DC_2;U_DC_3;I_DC_3;S;E_WR;M_WR;I_AC_1;I_AC_2;I_AC_3;P_AC_1;P_AC_2;P_AC_3;F_AC_1;F_AC_2;F_AC_3;R_DC;PC;PCS;PCS_LL;COS_PHI;COS_PHI_LL;S_COS_PHI
600;2014-06-22 03:40:00;172602N232;0;0.000;0;4;4;4;4;0.000;1.02;4.6;0.000;4.6;0.000;0.0;0.000;50;0;0;0.000;0.000;0.000;0;0;0;1.02;1.02;1.02;194;1000;0.0;0;1.0000;0;0
600;2014-06-22 03:50:00;172602N232;0;0.000;25;226;226;228;224;0.000;50.00;227.1;0.000;228.0;0.000;0.0;0.000;50;0;0;0.000;0.000;0.000;0;0;0;50.00;50.00;50.00;0;1000;0.0;0;1.0000;0;0
600;2014-06-22 04:00:00;172602N232;0;0.000;27;227;227;229;225;0.000;50.00;229.2;0.000;230.2;0.000;0.0;0.000;50;0;0;0.000;0.000;0.000;0;0;0;50.00;50.00;50.00;0;1000;0.0;0;1.0000;0;0
600;2014-06-22 04:10:00;172602N232;0;0.000;27;227;227;229;225;0.000;50.01;240.6;0.000;241.6;0.000;0.0;0.000;50;0;0;0.000;0.000;0.000;0;0;0;50.01;50.01;50.01;0;1000;0.0;0;1.0000;0;0
600;2014-06-22 04:20:00;172602N232;0;0.000;28;227;227;229;225;0.001;50.00;287.0;0.000;286.3;0.000;0.0;0.000;60;0;0;0.001;0.001;0.001;0;0;0;50.00;50.00;50.01;2090;1000;0.0;0;1.0000;0;0
600;2014-06-22 04:30:00;172602N232;1;0.000;28;227;227;228;226;0.094;50.01;267.8;0.000;269.1;0.000;0.0;0.000;60;0;0;0.109;0.106;0.067;0;0;3;50.01;50.01;50.01;4811;1000;0.0;0;1.0000;0;0
600;2014-06-22 04:40:00;172602N232;15;0.002;28;227;227;228;227;0.378;50.00;291.7;0.005;314.2;0.008;0.0;0.000;60;0;0;0.419;0.479;0.238;2;7;13;50.00;50.00;50.00;4913;1000;0.0;0;1.0000;0;0
600;2014-06-22 04:50:00;172602N232;34;0.007;29;226;226;227;226;0.514;50.00;341.9;0.026;359.5;0.029;0.0;0.000;60;0;0;0.544;0.627;0.373;5;6;22;50.00;50.00;50.00;4913;1000;0.0;0;1.0000;0;0
600;2014-06-22 05:00:00;172602N232;48;0.016;29;227;227;228;227;0.693;50.02;365.0;0.044;374.5;0.047;0.0;0.000;60;0;0;0.674;0.878;0.527;7;7;34;50.02;50.02;50.02;4913;1000;0.0;0;1.0000;0;0
600;2014-06-22 05:10:00;172602N232;66;0.027;30;227;227;228;227;0.935;50.04;378.9;0.069;385.6;0.071;0.0;0.000;60;0;0;0.924;1.130;0.751;7;5;52;50.04;50.04;50.04;4913;1000;0.0;0;1.0000;0;0
600;2014-06-22 05:20:00;172602N232;75;0.040;30;227;227;228;227;0.932;50.04;386.6;0.079;388.0;0.081;0.0;0.000;60;0;0;0.915;1.129;0.754;11;10;52;50.04;50.04;50.04;4913;1000;0.0;0;1.0000;0;0
600;2014-06-22 05:30:00;172602N232;87;0.055;30;228;227;228;227;0.930;50.04;389.6;0.092;393.5;0.094;0.0;0.000;60;0;0;0.907;1.114;0.769;16;15;54;50.04;50.04;50.04;4913;1000;0.0;0;1.0000;0;0
600;2014-06-22 05:40:00;172602N232;96;0.070;31;226;226;227;226;0.926;50.02;393.9;0.102;396.1;0.105;0.0;0.000;60;0;0;0.908;1.109;0.762;17;20;57;50.02;50.02;50.02;4913;1000;0.0;0;1.0000;0;0
600;2014-06-22 05:50:00;172602N232;109;0.089;31;224;224;225;223;0.911;49.99;397.6;0.117;400.1;0.120;0.0;0.000;60;0;0;0.918;1.062;0.755;19;27;61;49.99;49.99;49.99;4913;1000;0.0;0;1.0000;0;0
600;2014-06-22 06:00:00;172602N232;118;0.109;31;224;223;225;223;0.896;49.98;401.6;0.127;403.8;0.130;0.0;0.000;60;0;0;0.890;1.047;0.751;21;33;62;49.98;49.98;49.98;4913;1000;0.0;0;1.0000;0;0
600;2014-06-22 06:10:00;172602N232;128;0.130;32;223;223;224;223;0.897;49.99;407.1;0.136;407.2;0.141;0.0;0.000;60;0;0;0.935;0.995;0.762;19;42;65;49.99;49.99;49.99;4913;1000;0.0;0;1.0000;0;0
600;2014-06-22 06:20:00;172602N232;140;0.154;32;223;223;224;223;0.888;50.01;413.4;0.149;411.7;0.153;0.0;0.000;60;0;0;0.865;1.065;0.735;27;47;65;50.01;50.01;50.01;4913;1000;0.0;0;1.0000;0;0
600;2014-06-22 06:30:00;172602N232;153;0.179;32;223;222;224;223;0.907;50.01;413.1;0.165;413.4;0.167;0.0;0.000;60;0;0;0.793;1.175;0.754;31;50;71;50.01;50.01;50.01;4913;1000;0.0;0;1.0000;0;0
600;2014-06-22 06:40:00;172602N232;169;0.209;32;226;226;228;226;0.899;50.01;415.3;0.185;416.0;0.182;0.0;0.000;60;0;0;0.685;1.342;0.670;20;73;74;50.01;50.01;50.01;4913;1000;0.0;0;1.0000;0;0
600;2014-06-22 06:50:00;172602N232;180;0.239;33;226;225;227;225;0.952;50.00;415.4;0.200;418.3;0.193;0.0;0.000;60;0;0;1.274;0.929;0.655;65;59;54;50.00;50.00;50.00;4913;1000;0.0;0;1.0000;0;0
600;2014-06-22 07:00:00;172602N232;189;0.270;33;225;225;226;224;0.992;50.01;417.2;0.211;418.4;0.203;0.0;0.000;60;0;0;1.274;0.963;0.740;66;55;67;50.01;50.01;50.01;4913;1000;0.0;0;1.0000;0;0
600;2014-06-22 07:10:00;172602N232;213;0.305;33;226;225;227;226;0.992;50.00;422.7;0.240;420.3;0.226;0.0;0.000;60;0;0;1.082;1.201;0.693;70;80;61;50.00;50.00;50.00;4913;1000;0.0;0;1.0000;0;0
600;2014-06-22 07:20:00;172602N232;260;0.348;33;225;225;226;225;1.068;50.00;432.4;0.299;419.8;0.274;0.0;0.000;60;0;0;1.050;1.240;0.916;70;100;88;50.00;50.00;50.00;4913;1000;0.0;0;1.0000;0;0
600;2014-06-22 07:30:00;172602N232;386;0.413;33;225;224;224;225;1.142;49.99;442.2;0.463;409.1;0.412;0.0;0.000;60;0;0;1.151;1.163;1.112;120;145;120;49.99;49.99;49.99;4913;1000;0.0;0;1.0000;0;0
600;2014-06-22 07:40:00;172602N232;577;0.510;33;225;224;225;225;0.961;50.01;444.1;0.700;413.8;0.619;0.0;0.000;60;0;0;0.933;0.965;0.986;181;199;195;50.01;50.01;50.01;4913;1000;0.0;0;1.0000;0;0
600;2014-06-22 07:50:00;172602N232;497;0.592;34;225;225;226;224;0.815;50.01;448.7;0.595;419.8;0.521;0.0;0.000;60;0;0;0.763;0.860;0.822;152;176;167;50.01;50.01;50.01;4913;1000;0.0;0;1.0000;0;0
600;2014-06-22 08:00:00;172602N232;561;0.686;34;227;226;229;226;0.892;49.99;459.6;0.670;419.9;0.578;0.0;0.000;60;0;0;0.831;0.945;0.901;172;200;188;49.99;49.99;49.99;4913;1000;0.0;0;1.0000;0;0
600;2014-06-22 08:10:00;172602N232;576;0.783;34;228;228;230;227;1.020;50.00;464.7;0.688;420.5;0.583;0.0;0.000;60;0;0;0.986;1.062;1.014;179;202;193;50.00;50.00;50.00;4913;1000;0.0;0;1.0000;0;0
600;2014-06-22 08:20:00;172602N232;1007;0.951;35;228;228;231;226;1.552;50.01;379.8;2.000;430.3;0.635;0.0;0.000;60;0;0;1.506;1.609;1.542;322;353;331;50.01;50.01;50.01;4913;1000;0.0;0;1.0000;0;0
600;2014-06-22 08:30:00;172602N232;973;1.113;35;226;225;228;224;1.470;50.00;405.6;1.624;419.2;0.792;0.0;0.000;60;0;0;1.416;1.518;1.477;309;338;323;50.00;50.00;50.00;4913;1000;0.0;0;1.0000;0;0
600;2014-06-22 08:40:00;172602N232;1562;1.374;35;224;224;227;222;2.348;50.01;407.2;2.967;427.8;0.854;0.0;0.000;60;0;0;2.283;2.417;2.344;503;541;514;50.01;50.01;50.01;4913;1000;0.0;0;1.0000;0;0
600;2014-06-22 08:50:00;172602N232;1664;1.652;36;224;223;226;222;2.498;50.02;414.7;3.234;447.5;0.722;0.0;0.000;60;0;0;2.433;2.561;2.501;537;575;550;50.02;50.02;50.02;4913;1000;0.0;0;1.0000;0;0
600;2014-06-22 09:00:00;172602N232;1771;1.946;36;226;226;227;225;2.638;50.01;414.1;3.576;333.3;0.965;0.0;0.000;60;0;0;2.586;2.685;2.643;577;603;588;50.01;50.01;50.01;4913;1000;0.0;0;1.0000;0;0
600;2014-06-22 09:10:00;172602N232;2089;2.295;36;227;227;229;225;3.083;50.02;409.8;3.985;284.4;1.686;0.0;0.000;60;0;0;3.025;3.146;3.078;682;717;688;50.02;50.02;50.02;4913;1000;0.0;0;1.0000;0;0
600;2014-06-22 09:20:00;172602N232;2126;2.650;37;227;227;228;226;3.137;50.03;407.3;3.668;305.4;2.212;0.0;0.000;60;0;0;3.078;3.194;3.140;693;728;705;50.03;50.03;50.03;4913;1000;0.0;0;1.0000;0;0
600;2014-06-22 09:30:00;172602N232;2579;3.080;38;227;226;229;226;3.811;50.03;405.7;4.126;292.7;3.277;0.0;0.000;60;0;0;3.747;3.874;3.812;841;881;856;50.03;50.03;50.03;4913;1000;0.0;0;1.0000;0;0
600;2014-06-22 09:40:00;172602N232;3172;3.608;39;226;225;228;224;4.700;50.04;404.2;4.664;296.4;4.520;0.0;0.000;60;0;0;4.631;4.781;4.690;1036;1086;1048;50.04;50.04;50.04;4913;1000;0.0;0;1.0000;0;0
600;2014-06-22 09:50:00;172602N232;3520;4.194;40;225;225;227;224;5.218;50.04;401.4;4.937;327.0;4.884;0.0;0.000;60;0;0;5.170;5.292;5.192;1161;1199;1158;50.04;50.04;50.04;4913;1000;0.0;0;1.0000;0;0
600;2014-06-22 10:00:00;172602N232;3182;4.725;39;226;225;228;224;4.715;50.03;398.0;4.470;332.9;4.410;0.0;0.000;60;0;0;4.666;4.797;4.683;1046;1090;1043;50.03;50.03;50.03;4913;1000;0.0;0;1.0000;0;0
600;2014-06-22 10:10:00;172602N232;3763;5.352;40;225;225;227;224;5.578;50.02;397.1;5.208;341.5;5.145;0.0;0.000;60;0;0;5.522;5.659;5.555;1240;1281;1240;50.02;50.02;50.02;4913;1000;0.0;0;1.0000;0;0
600;2014-06-22 10:20:00;172602N232;4100;6.037;41;226;225;228;224;6.046;50.02;394.5;5.577;357.3;5.507;0.0;0.000;60;0;0;5.964;6.146;6.030;1343;1402;1352;50.02;50.02;50.02;4913;1000;0.0;0;1.0000;0;0
600;2014-06-22 10:30:00;172602N232;4304;6.754;41;225;224;228;224;6.359;50.04;392.7;5.726;375.6;5.666;0.0;0.000;60;0;0;6.282;6.467;6.330;1410;1476;1417;50.04;50.04;50.04;4913;1000;0.0;0;1.0000;0;0
600;2014-06-22 10:40:00;172602N232;4145;7.445;42;227;227;229;225;6.086;50.03;391.0;5.433;388.1;5.382;0.0;0.000;60;0;0;6.042;6.175;6.042;1370;1415;1361;50.03;50.03;50.03;4913;1000;0.0;0;1.0000;0;0
600;2014-06-22 10:50:00;172602N232;4629;8.216;42;226;225;228;225;6.823;50.03;388.4;6.071;388.8;6.044;0.0;0.000;60;0;0;6.767;6.914;6.788;1525;1575;1528;50.03;50.03;50.03;4913;1000;0.0;0;1.0000;0;0
600;2014-06-22 11:00:00;172602N232;3644;8.824;42;225;223;228;224;5.401;50.03;387.4;4.781;389.1;4.746;0.0;0.000;60;0;0;5.302;5.509;5.393;1183;1251;1206;50.03;50.03;50.03;4913;1000;0.0;0;1.0000;0;0
600;2014-06-22 11:10:00;172602N232;3546;9.416;42;226;225;228;225;5.236;50.03;388.6;4.617;388.8;4.607;0.0;0.000;60;0;0;5.156;5.307;5.246;1156;1208;1177;50.03;50.03;50.03;4913;1000;0.0;0;1.0000;0;0
600;2014-06-22 11:20:00;172602N232;4547;10.173;42;228;226;231;226;6.649;50.04;391.6;5.926;392.5;5.882;0.0;0.000;60;0;0;6.524;6.794;6.629;1472;1574;1501;50.04;50.04;50.04;4913;1000;0.0;0;1.0000;0;0
600;2014-06-22 11:30:00;172602N232;3873;10.819;42;226;224;229;227;5.694;50.02;386.2;5.092;387.0;5.061;0.0;0.000;60;0;0;5.559;5.783;5.741;1243;1327;1301;50.02;50.02;50.02;4913;1000;0.0;0;1.0000;0;0
600;2014-06-22 11:40:00;172602N232;5044;11.660;43;228;227;230;227;7.360;50.02;387.2;6.648;386.5;6.614;0.0;0.000;60;0;0;7.274;7.454;7.354;1654;1713;1673;50.02;50.02;50.02;4913;1000;0.0;0;1.0000;0;0
600;2014-06-22 11:50:00;172602N232;4088;12.341;43;227;226;231;226;5.975;49.99;382.7;5.414;382.7;5.391;0.0;0.000;60;0;0;5.848;6.130;5.949;1322;1421;1343;49.99;49.99;49.99;4913;1000;0.0;0;1.0000;0;0
600;2014-06-22 12:00:00;172602N232;4657;13.119;43;228;227;230;226;6.808;50.00;382.3;6.209;381.8;6.196;0.0;0.000;60;0;0;6.739;6.921;6.765;1532;1594;1529;50.00;50.00;50.00;4913;1000;0.0;0;1.0000;0;0
600;2014-06-22 12:10:00;172602N232;4483;13.862;43;228;228;230;226;6.536;50.00;382.6;5.961;382.4;5.940;0.0;0.000;60;0;0;6.481;6.638;6.490;1480;1529;1469;50.00;50.00;50.00;4913;1000;0.0;0;1.0000;0;0
600;2014-06-22 12:20:00;172602N232;3724;14.484;43;227;227;229;225;5.459;49.99;386.6;4.905;384.3;4.912;0.0;0.000;60;0;0;5.428;5.558;5.391;1234;1280;1211;49.99;49.99;49.99;4913;1000;0.0;0;1.0000;0;0
600;2014-06-22 12:30:00;172602N232;4860;15.294;43;229;228;232;227;7.078;50.02;388.3;6.397;388.9;6.360;0.0;0.000;60;0;0;7.013;7.209;7.013;1599;1669;1589;50.02;50.02;50.02;4913;1000;0.0;0;1.0000;0;0
600;2014-06-22 12:40:00;172602N232;5299;16.177;43;229;230;234;224;7.696;50.03;378.1;7.156;379.0;7.124;0.0;0.000;60;0;0;7.655;7.903;7.530;1760;1847;1690;50.03;50.03;50.03;4913;1000;0.0;0;1.0000;0;0
600;2014-06-22 12:50:00;172602N232;4558;16.938;44;228;229;232;222;6.653;50.02;377.7;6.168;377.0;6.137;0.0;0.000;60;0;0;6.633;6.876;6.452;1522;1602;1431;50.02;50.02;50.02;4913;1000;0.0;0;1.0000;0;0
600;2014-06-22 13:00:00;172602N232;5584;17.868;44;229;229;233;225;8.117;50.03;375.3;7.594;376.2;7.552;0.0;0.000;60;0;0;8.041;8.346;7.964;1839;1952;1791;50.03;50.03;50.03;4913;1000;0.0;0;1.0000;0;0
600;2014-06-22 13:10:00;172602N232;4499;18.617;44;228;227;231;225;6.575;50.05;380.8;6.009;381.1;5.980;0.0;0.000;60;0;0;6.508;6.734;6.484;1479;1562;1456;50.05;50.05;50.05;4913;1000;0.0;0;1.0000;0;0
600;2014-06-22 13:20:00;172602N232;5425;19.522;44;228;227;233;225;7.909;50.03;374.6;7.384;375.5;7.355;0.0;0.000;60;0;0;7.806;8.141;7.782;1774;1899;1750;50.03;50.03;50.03;4913;1000;0.0;0;1.0000;0;0
600;2014-06-22 13:30:00;172602N232;5039;20.362;45;228;228;232;224;7.363;50.03;376.7;6.824;376.9;6.794;0.0;0.000;60;0;0;7.315;7.529;7.245;1666;1745;1626;50.03;50.03;50.03;4913;1000;0.0;0;1.0000;0;0
600;2014-06-22 13:40:00;172602N232;5143;21.219;45;228;228;232;225;7.497;50.03;378.6;6.930;378.7;6.899;0.0;0.000;60;0;0;7.429;7.677;7.386;1692;1786;1662;50.03;50.03;50.03;4913;1000;0.0;0;1.0000;0;0
600;2014-06-22 13:50:00;172602N232;5245;22.093;45;231;232;236;225;7.561;50.02;377.4;7.088;377.6;7.062;0.0;0.000;60;0;0;7.518;7.814;7.353;1744;1843;1654;50.02;50.02;50.02;4913;1000;0.0;0;1.0000;0;0
600;2014-06-22 14:00:00;172602N232;5327;22.981;45;232;232;236;228;7.642;50.03;374.9;7.247;375.4;7.219;0.0;0.000;60;0;0;7.553;7.852;7.521;1753;1857;1715;50.03;50.03;50.03;4913;1000;0.0;0;1.0000;0;0
600;2014-06-22 14:10:00;172602N232;5008;23.814;45;233;233;237;229;7.162;50.02;373.0;6.840;373.4;6.806;0.0;0.000;60;0;0;7.094;7.323;7.069;1650;1731;1621;50.02;50.02;50.02;4913;1000;0.0;0;1.0000;0;0
600;2014-06-22 14:20:00;172602N232;5136;24.672;45;229;229;233;225;7.466;50.02;376.7;6.954;377.0;6.929;0.0;0.000;60;0;0;7.417;7.642;7.341;1699;1783;1655;50.02;50.02;50.02;4913;1000;0.0;0;1.0000;0;0
600;2014-06-22 14:30:00;172602N232;5194;25.537;45;229;229;233;226;7.544;50.03;376.7;7.027;377.5;6.999;0.0;0.000;60;0;0;7.478;7.720;7.435;1712;1802;1678;50.03;50.03;50.03;4913;1000;0.0;0;1.0000;0;0
600;2014-06-22 14:40:00;172602N232;5134;26.393;45;229;228;233;226;7.460;50.02;376.9;6.950;377.0;6.921;0.0;0.000;60;0;0;7.381;7.629;7.372;1685;1779;1668;50.02;50.02;50.02;4913;1000;0.0;0;1.0000;0;0
600;2014-06-22 14:50:00;172602N232;5010;27.228;46;230;229;234;227;7.258;50.00;379.4;6.735;379.1;6.709;0.0;0.000;60;0;0;7.177;7.441;7.156;1644;1739;1625;50.00;50.00;50.00;4913;1000;0.0;0;1.0000;0;0
600;2014-06-22 15:00:00;172602N232;4999;28.061;46;230;229;233;227;7.253;50.01;378.9;6.728;379.4;6.696;0.0;0.000;60;0;0;7.165;7.414;7.180;1638;1729;1631;50.01;50.01;50.01;4913;1000;0.0;0;1.0000;0;0
600;2014-06-22 15:10:00;172602N232;4642;28.833;46;229;229;232;226;6.752;50.01;382.4;6.182;382.3;6.156;0.0;0.000;60;0;0;6.696;6.887;6.674;1532;1596;1509;50.01;50.01;50.01;4913;1000;0.0;0;1.0000;0;0
600;2014-06-22 15:20:00;172602N232;4711;29.620;46;229;229;232;225;6.862;50.01;383.4;6.260;383.6;6.239;0.0;0.000;60;0;0;6.833;7.004;6.751;1566;1623;1522;50.01;50.01;50.01;4913;1000;0.0;0;1.0000;0;0
600;2014-06-22 15:30:00;172602N232;4392;30.353;45;229;229;233;226;6.376;50.01;387.4;5.768;387.9;5.744;0.0;0.000;60;0;0;6.328;6.532;6.269;1450;1522;1417;50.01;50.01;50.01;4913;1000;0.0;0;1.0000;0;0
600;2014-06-22 15:40:00;172602N232;4689;31.135;45;230;230;234;226;6.798;50.01;383.6;6.228;383.8;6.203;0.0;0.000;60;0;0;6.745;6.963;6.687;1547;1628;1512;50.01;50.01;50.01;4913;1000;0.0;0;1.0000;0;0
600;2014-06-22 15:50:00;172602N232;4603;31.902;44;227;226;230;224;6.764;50.00;384.2;6.105;384.2;6.079;0.0;0.000;60;0;0;6.695;6.932;6.667;1511;1596;1493;50.00;50.00;50.00;4913;1000;0.0;0;1.0000;0;0
600;2014-06-22 16:00:00;172602N232;4443;32.642;44;227;226;231;224;6.527;49.98;389.7;5.798;387.6;5.825;0.0;0.000;60;0;0;6.469;6.712;6.401;1463;1549;1430;49.98;49.98;49.98;4913;1000;0.0;0;1.0000;0;0
600;2014-06-22 16:10:00;172602N232;4197;33.342;44;227;226;231;224;6.163;49.99;398.9;5.270;388.6;5.569;0.0;0.000;60;0;0;6.097;6.317;6.076;1378;1457;1360;49.99;49.99;49.99;4913;1000;0.0;0;1.0000;0;0
600;2014-06-22 16:20:00;172602N232;4245;34.050;43;227;226;231;224;6.239;49.99;376.4;5.667;386.5;5.647;0.0;0.000;60;0;0;6.162;6.398;6.159;1391;1476;1377;49.99;49.99;49.99;4913;1000;0.0;0;1.0000;0;0
600;2014-06-22 16:30:00;172602N232;4105;34.735;43;228;228;231;226;5.998;49.99;378.6;5.446;388.6;5.425;0.0;0.000;60;0;0;5.952;6.114;5.930;1355;1412;1335;49.99;49.99;49.99;4913;1000;0.0;0;1.0000;0;0
600;2014-06-22 16:40:00;172602N232;4027;35.406;43;227;228;228;225;5.921;50.01;380.3;5.318;390.3;5.297;0.0;0.000;60;0;0;5.908;5.982;5.874;1344;1362;1319;50.01;50.01;50.01;4913;1000;0.0;0;1.0000;0;0
600;2014-06-22 16:50:00;172602N232;3846;36.047;43;228;230;230;225;5.620;50.01;380.3;5.073;390.8;5.054;0.0;0.000;60;0;0;5.615;5.691;5.556;1288;1305;1250;50.01;50.01;50.01;4913;1000;0.0;0;1.0000;0;0
600;2014-06-22 17:00:00;172602N232;3763;36.674;43;227;228;230;223;5.529;50.01;381.1;4.959;390.8;4.946;0.0;0.000;60;0;0;5.505;5.646;5.436;1255;1296;1210;50.01;50.01;50.01;4913;1000;0.0;0;1.0000;0;0
600;2014-06-22 17:10:00;172602N232;3518;37.260;43;226;227;228;224;5.181;49.99;382.9;4.606;392.4;4.594;0.0;0.000;60;0;0;5.156;5.257;5.130;1171;1199;1147;49.99;49.99;49.99;4913;1000;0.0;0;1.0000;0;0
600;2014-06-22 17:20:00;172602N232;3365;37.821;43;225;225;225;223;4.996;49.99;389.6;4.311;396.0;4.365;0.0;0.000;60;0;0;4.975;5.042;4.973;1120;1133;1109;49.99;49.99;49.99;4913;1000;0.0;0;1.0000;0;0
600;2014-06-22 17:30:00;172602N232;3303;38.370;43;225;227;226;223;4.896;49.99;377.3;4.331;397.2;4.318;0.0;0.000;60;0;0;4.892;4.958;4.840;1106;1120;1075;49.99;49.99;49.99;4913;1000;0.0;0;1.0000;0;0
600;2014-06-22 17:40:00;172602N232;3149;38.896;43;225;227;227;223;4.662;50.01;378.7;4.109;399.0;4.097;0.0;0.000;60;0;0;4.647;4.733;4.608;1052;1071;1025;50.01;50.01;50.01;4913;1000;0.0;0;1.0000;0;0
600;2014-06-22 17:50:00;172602N232;2994;39.396;43;224;225;226;222;4.457;50.00;381.0;3.881;402.5;3.857;0.0;0.000;60;0;0;4.417;4.531;4.423;990;1024;979;50.00;50.00;50.00;4913;1000;0.0;0;1.0000;0;0
600;2014-06-22 18:00:00;172602N232;2849;39.870;43;226;226;229;222;4.213;50.01;383.7;3.678;411.7;3.570;0.0;0.000;60;0;0;4.177;4.306;4.156;943;983;921;50.01;50.01;50.01;4913;1000;0.0;0;1.0000;0;0
600;2014-06-22 18:10:00;172602N232;2610;40.306;43;226;226;229;223;3.868;50.00;386.5;3.344;419.6;3.203;0.0;0.000;60;0;0;3.826;3.955;3.825;860;901;847;50.00;50.00;50.00;4913;1000;0.0;0;1.0000;0;0
600;2014-06-22 18:20:00;172602N232;2404;40.706;42;226;227;229;223;3.557;49.99;375.4;3.155;396.6;3.141;0.0;0.000;60;0;0;3.526;3.638;3.508;795;830;777;49.99;49.99;49.99;4913;1000;0.0;0;1.0000;0;0
600;2014-06-22 18:30:00;172602N232;2252;41.081;42;226;227;230;222;3.332;49.99;377.8;2.934;398.6;2.927;0.0;0.000;60;0;0;3.291;3.426;3.280;742;783;725;49.99;49.99;49.99;4913;1000;0.0;0;1.0000;0;0
600;2014-06-22 18:40:00;172602N232;2090;41.430;42;226;226;230;221;3.104;49.98;380.1;2.678;398.8;2.738;0.0;0.000;60;0;0;3.044;3.211;3.057;682;734;672;49.98;49.98;49.98;4913;1000;0.0;0;1.0000;0;0
600;2014-06-22 18:50:00;172602N232;1937;41.753;41;223;223;227;220;2.905;50.02;369.2;2.541;400.4;2.538;0.0;0.000;60;0;0;2.845;2.986;2.885;630;673;632;50.02;50.02;50.02;4913;1000;0.0;0;1.0000;0;0
600;2014-06-22 19:00:00;172602N232;1717;42.040;41;224;224;226;221;2.569;50.01;366.3;2.241;402.3;2.260;0.0;0.000;60;0;0;2.513;2.634;2.560;559;593;563;50.01;50.01;50.01;4913;1000;0.0;0;1.0000;0;0
600;2014-06-22 19:10:00;172602N232;1524;42.293;41;224;225;227;220;2.276;49.99;360.9;1.990;403.1;2.025;0.0;0.000;60;0;0;2.236;2.343;2.249;500;529;493;49.99;49.99;49.99;4913;1000;0.0;0;1.0000;0;0
600;2014-06-22 19:20:00;172602N232;1370;42.522;41;225;225;228;221;2.043;50.01;351.0;1.811;403.5;1.843;0.0;0.000;60;0;0;1.989;2.116;2.026;445;479;444;50.01;50.01;50.01;4913;1000;0.0;0;1.0000;0;0
600;2014-06-22 19:30:00;172602N232;1180;42.720;41;225;225;228;222;1.793;50.00;337.3;1.577;403.8;1.624;0.0;0.000;60;0;0;1.743;1.855;1.782;379;413;386;50.00;50.00;50.00;4913;1000;0.0;0;1.0000;0;0
600;2014-06-22 19:40:00;172602N232;993;42.885;41;224;224;227;222;1.493;50.01;318.1;1.348;404.2;1.409;0.0;0.000;60;0;0;1.438;1.542;1.500;318;346;327;50.01;50.01;50.01;4913;1000;0.0;0;1.0000;0;0
600;2014-06-22 19:50:00;172602N232;785;43.016;41;223;224;225;221;1.199;50.03;279.0;1.122;404.2;1.183;0.0;0.000;60;0;0;1.149;1.239;1.210;250;273;261;50.03;50.03;50.03;4913;1000;0.0;0;1.0000;0;0
600;2014-06-22 20:00:00;172602N232;633;43.122;41;224;226;224;222;0.972;50.02;255.3;0.944;402.5;0.981;0.0;0.000;60;0;0;0.929;1.003;0.985;201;218;211;50.02;50.02;50.02;4913;1000;0.0;0;1.0000;0;0
600;2014-06-22 20:10:00;172602N232;453;43.197;41;224;226;226;222;0.708;50.00;263.7;0.534;395.4;0.801;0.0;0.000;60;0;0;0.657;0.745;0.722;139;160;152;50.00;50.00;50.00;4913;1000;0.0;0;1.0000;0;0
600;2014-06-22 20:20:00;172602N232;349;43.257;41;225;226;225;224;0.920;49.99;413.0;0.211;395.3;0.633;0.0;0.000;60;0;0;0.986;0.899;0.876;94;137;116;49.99;49.99;49.99;4913;1000;0.0;0;1.0000;0;0
600;2014-06-22 20:30:00;172602N232;278;43.302;40;224;226;225;222;1.142;49.99;402.0;0.187;390.5;0.485;0.0;0.000;60;0;0;1.418;1.135;0.875;67;117;92;49.99;49.99;49.99;4913;1000;0.0;0;1.0000;0;0
600;2014-06-22 20:40:00;172602N232;183;43.333;40;224;225;225;222;1.018;49.99;407.6;0.152;330.3;0.330;0.0;0.000;60;0;0;1.306;0.972;0.777;22;83;76;49.99;49.99;49.99;4913;1000;0.0;0;1.0000;0;0
600;2014-06-22 20:50:00;172602N232;129;43.354;40;225;226;224;224;0.943;49.97;389.7;0.132;375.3;0.176;0.0;0.000;60;0;0;1.343;0.747;0.741;4;67;57;49.97;49.97;49.97;4913;1000;0.0;0;1.0000;0;0
600;2014-06-22 21:00:00;172602N232;105;43.372;39;224;224;224;223;0.875;49.98;380.1;0.110;396.3;0.122;0.0;0.000;60;0;0;1.097;0.817;0.713;15;44;45;49.98;49.98;49.98;4913;1000;0.0;0;1.0000;0;0
600;2014-06-22 21:10:00;172602N232;80;43.385;39;224;224;225;224;0.864;49.99;380.4;0.081;385.3;0.091;0.0;0.000;60;0;0;1.041;0.854;0.699;9;30;41;49.99;49.99;49.99;4913;1000;0.0;0;1.0000;0;0
600;2014-06-22 21:20:00;172602N232;56;43.396;38;225;225;226;224;0.712;49.99;361.1;0.053;368.2;0.062;0.0;0.000;60;0;0;0.744;0.837;0.555;6;15;36;49.99;49.99;49.99;4913;1000;0.0;0;1.0000;0;0
600;2014-06-22 21:30:00;172602N232;34;43.402;38;225;226;227;224;0.561;50.00;329.5;0.026;344.3;0.033;0.0;0.000;60;0;0;0.587;0.681;0.415;4;7;27;50.00;50.00;50.00;4913;1000;0.0;0;1.0000;0;0
600;2014-06-22 21:40:00;172602N232;12;43.404;38;225;226;227;222;0.317;50.00;273.6;0.002;294.2;0.006;0.0;0.000;60;0;0;0.392;0.323;0.237;2;7;14;50.00;50.00;50.00;4913;1000;0.0;0;1.0000;0;0
600;2014-06-22 21:50:00;172602N232;0;43.404;37;224;225;226;222;0.060;50.00;261.7;0.000;262.2;0.000;0.0;0.000;51;0;0;0.074;0.056;0.050;0;1;2;50.00;50.00;50.00;5022;1000;0.0;0;1.0000;0;0
600;2014-06-22 22:00:00;172602N232;0;43.404;36;224;224;227;221;0.000;50.02;285.6;0.000;285.2;0.000;0.0;0.000;51;0;0;0.000;0.000;0.000;0;0;0;50.02;50.02;50.02;7132;1000;0.0;0;1.0000;0;0
600;2014-06-22 22:10:00;172602N232;0;43.404;35;224;224;227;222;0.000;50.02;232.4;0.000;233.4;0.000;0.0;0.000;51;0;0;0.000;0.000;0.000;0;0;0;50.02;50.02;50.02;7132;1000;0.0;0;1.0000;0;0
600;2014-06-22 22:20:00;172602N232;0;43.404;34;225;224;228;222;0.000;50.00;229.4;0.000;230.3;0.000;0.0;0.000;51;0;0;0.000;0.000;0.000;0;0;0;50.00;50.00;50.00;7132;1000;0.0;0;1.0000;0;0
600;2014-06-22 22:30:00;172602N232;0;43.404;34;225;224;229;223;0.000;50.03;227.8;0.000;228.7;0.000;0.0;0.000;51;0;0;0.000;0.000;0.000;0;0;0;50.03;50.03;50.03;7132;1000;0.0;0;1.0000;0;0
[wr_ende]
