20170704;230002;172602N232;My Plant;+0100
[wr_def_start]
172602N232;Inverter Type;Inverter Group;72602N232      
[wr_def_end]
[wr]
INTERVAL;TIMESTAMP;SERIAL;P_AC;E_DAY;T_WR;U_AC;U_AC_1;U_AC_2;U_AC_3;I_AC;F_AC;U_DC_1;I_DC_1;U_DC_2;I_DC_2;U_DC_3;I_DC_3;S;E_WR;M_WR;I_AC_1;I_AC_2;I_AC_3;P_AC_1;P_AC_2;P_AC_3;F_AC_1;F_AC_2;F_AC_3;R_DC;PC;PCS;PCS_LL;COS_PHI;COS_PHI_LL;S_COS_PHI
600;2017-07-04 03:30:00;172602N232;0;0.000;0;6;6;6;5;0.000;1.38;6.1;0.000;6.1;0.000;0.0;0.000;50;0;0;0.000;0.000;0.000;0;0;0;1.38;1.38;1.38;111;1000;0.0;0;1.0000;0;0
600;2017-07-04 03:40:00;172602N232;0;0.000;25;226;226;229;222;0.000;50.02;227.8;0.000;228.8;0.000;0.0;0.000;50;0;0;0.000;0.000;0.000;0;0;0;50.02;50.02;50.02;0;1000;0.0;0;1.0000;0;0
600;2017-07-04 03:50:00;172602N232;0;0.000;27;226;226;229;222;0.000;50.01;227.8;0.000;228.7;0.000;0.0;0.000;50;0;0;0.000;0.000;0.000;0;0;0;50.01;50.01;50.01;0;1000;0.0;0;1.0000;0;0
600;2017-07-04 04:00:00;172602N232;0;0.000;28;225;225;228;222;0.001;50.00;264.2;0.000;264.2;0.000;0.0;0.000;60;0;0;0.002;0.001;0.001;0;0;0;50.00;50.00;50.00;752;1000;0.0;0;1.0000;0;0
600;2017-07-04 04:10:00;172602N232;0;0.000;28;225;225;227;224;0.049;50.02;268.0;0.000;267.6;0.000;0.0;0.000;60;0;0;0.045;0.067;0.037;0;0;1;50.02;50.02;50.02;4375;1000;0.0;0;1.0000;0;0
600;2017-07-04 04:20:00;172602N232;5;0.001;28;225;225;227;224;0.192;50.01;274.7;0.002;274.9;0.002;0.0;0.000;60;0;0;0.194;0.241;0.142;1;0;8;50.01;50.01;50.01;6406;1000;0.0;0;1.0000;0;0
600;2017-07-04 04:30:00;172602N232;23;0.006;29;225;225;226;224;0.481;50.01;313.5;0.017;315.3;0.016;0.0;0.000;60;0;0;0.532;0.617;0.295;7;0;19;50.01;50.01;50.01;6869;1000;0.0;0;1.0000;0;0
600;2017-07-04 04:40:00;172602N232;35;0.010;29;226;226;226;225;0.546;50.01;337.1;0.034;344.4;0.027;0.0;0.000;60;0;0;0.593;0.677;0.368;2;8;24;50.01;50.01;50.01;6869;1000;0.0;0;1.0000;0;0
600;2017-07-04 04:50:00;172602N232;51;0.018;29;226;226;226;225;0.793;50.01;357.2;0.057;362.4;0.047;0.0;0.000;60;0;0;0.823;0.948;0.609;5;7;38;50.01;50.01;50.01;6869;1000;0.0;0;1.0000;0;0
600;2017-07-04 05:00:00;172602N232;82;0.032;30;225;225;226;225;0.924;50.02;373.6;0.095;383.0;0.085;0.0;0.000;60;0;0;0.938;1.092;0.742;11;16;53;50.02;50.02;50.02;6869;1000;0.0;0;1.0000;0;0
600;2017-07-04 05:10:00;172602N232;129;0.055;30;225;225;226;223;0.937;50.02;393.3;0.152;397.2;0.136;0.0;0.000;60;0;0;0.871;1.200;0.740;23;37;66;50.02;50.02;50.02;6869;1000;0.0;0;1.0000;0;0
600;2017-07-04 05:20:00;172602N232;183;0.084;30;223;224;225;222;0.975;49.99;404.8;0.218;402.1;0.195;0.0;0.000;60;0;0;1.051;1.140;0.734;34;70;76;49.99;49.99;49.99;6869;1000;0.0;0;1.0000;0;0
600;2017-07-04 05:30:00;172602N232;236;0.123;31;223;223;223;221;1.098;49.99;413.7;0.291;403.0;0.250;0.0;0.000;60;0;0;1.212;1.216;0.867;44;101;89;49.99;49.99;49.99;6869;1000;0.0;0;1.0000;0;0
600;2017-07-04 05:40:00;172602N232;225;0.161;31;222;223;223;220;1.062;50.00;410.7;0.277;400.9;0.239;0.0;0.000;60;0;0;1.236;1.109;0.843;47;88;88;50.00;50.00;50.00;6869;1000;0.0;0;1.0000;0;0
600;2017-07-04 05:50:00;172602N232;159;0.189;31;223;226;225;217;1.120;50.01;404.1;0.199;393.5;0.161;0.0;0.000;60;0;0;1.673;0.903;0.785;4;82;80;50.01;50.01;50.01;6869;1000;0.0;0;1.0000;0;0
600;2017-07-04 06:00:00;172602N232;337;0.245;31;225;227;227;223;1.210;50.01;419.9;0.422;404.3;0.362;0.0;0.000;60;0;0;1.384;1.222;1.026;84;126;125;50.01;50.01;50.01;6869;1000;0.0;0;1.0000;0;0
600;2017-07-04 06:10:00;172602N232;493;0.327;32;225;225;226;225;1.093;50.00;423.5;0.615;411.4;0.541;0.0;0.000;60;0;0;1.031;1.098;1.152;146;173;172;50.00;50.00;50.00;6869;1000;0.0;0;1.0000;0;0
600;2017-07-04 06:20:00;172602N232;417;0.397;32;224;224;226;224;0.930;50.02;421.5;0.536;406.5;0.440;0.0;0.000;60;0;0;0.909;0.986;0.896;129;146;140;50.02;50.02;50.02;6869;1000;0.0;0;1.0000;0;0
600;2017-07-04 06:30:00;172602N232;530;0.486;33;224;224;224;223;0.935;49.99;420.6;0.662;414.4;0.582;0.0;0.000;60;0;0;0.898;0.970;0.937;166;185;177;49.99;49.99;49.99;6869;1000;0.0;0;1.0000;0;0
600;2017-07-04 06:40:00;172602N232;528;0.574;33;224;224;225;223;1.014;49.99;423.4;0.669;408.2;0.574;0.0;0.000;60;0;0;1.052;0.997;0.993;170;180;176;49.99;49.99;49.99;6869;1000;0.0;0;1.0000;0;0
600;2017-07-04 06:50:00;172602N232;571;0.669;33;224;225;226;223;0.896;50.01;424.7;0.746;405.9;0.604;0.0;0.000;60;0;0;0.842;0.935;0.912;177;200;193;50.01;50.01;50.01;6869;1000;0.0;0;1.0000;0;0
600;2017-07-04 07:00:00;172602N232;562;0.762;34;223;225;223;222;0.883;49.99;424.4;0.732;412.6;0.586;0.0;0.000;60;0;0;0.840;0.917;0.892;177;195;188;49.99;49.99;49.99;6869;1000;0.0;0;1.0000;0;0
600;2017-07-04 07:10:00;172602N232;633;0.869;34;224;225;224;222;0.988;50.00;428.5;0.821;403.4;0.679;0.0;0.000;60;0;0;0.942;1.025;0.998;200;220;212;50.00;50.00;50.00;6869;1000;0.0;0;1.0000;0;0
600;2017-07-04 07:20:00;172602N232;600;0.968;35;223;224;224;220;1.027;50.02;418.4;0.751;411.7;0.673;0.0;0.000;60;0;0;1.044;1.038;1.001;191;207;199;50.02;50.02;50.02;6869;1000;0.0;0;1.0000;0;0
600;2017-07-04 07:30:00;172602N232;655;1.078;35;223;224;224;221;1.026;49.99;422.3;0.796;419.7;0.739;0.0;0.000;60;0;0;0.980;1.065;1.034;207;227;219;49.99;49.99;49.99;6869;1000;0.0;0;1.0000;0;0
600;2017-07-04 07:40:00;172602N232;817;1.214;35;223;223;223;222;1.266;50.00;422.2;1.017;415.8;0.919;0.0;0.000;60;0;0;1.217;1.300;1.283;260;281;275;50.00;50.00;50.00;6869;1000;0.0;0;1.0000;0;0
600;2017-07-04 07:50:00;172602N232;898;1.364;36;223;223;223;222;1.382;49.99;426.0;1.114;413.2;1.014;0.0;0.000;60;0;0;1.330;1.418;1.400;286;308;302;49.99;49.99;49.99;6869;1000;0.0;0;1.0000;0;0
600;2017-07-04 08:00:00;172602N232;857;1.507;36;223;223;224;223;1.325;50.01;421.1;1.078;414.0;0.965;0.0;0.000;60;0;0;1.273;1.359;1.344;272;294;289;50.01;50.01;50.01;6869;1000;0.0;0;1.0000;0;0
600;2017-07-04 08:10:00;172602N232;1105;1.691;36;224;224;225;223;1.693;50.01;419.2;1.543;408.2;1.131;0.0;0.000;60;0;0;1.649;1.725;1.705;356;379;369;50.01;50.01;50.01;6869;1000;0.0;0;1.0000;0;0
600;2017-07-04 08:20:00;172602N232;930;1.846;36;225;224;227;224;1.413;50.02;417.6;1.187;410.8;1.045;0.0;0.000;60;0;0;1.356;1.458;1.427;294;323;311;50.02;50.02;50.02;6869;1000;0.0;0;1.0000;0;0
600;2017-07-04 08:30:00;172602N232;1479;2.093;37;226;225;229;225;2.212;50.01;419.1;2.493;422.9;1.028;0.0;0.000;60;0;0;2.143;2.272;2.221;474;512;492;50.01;50.01;50.01;6869;1000;0.0;0;1.0000;0;0
600;2017-07-04 08:40:00;172602N232;1670;2.373;37;225;224;228;223;2.501;50.02;409.4;2.889;422.0;1.163;0.0;0.000;60;0;0;2.439;2.564;2.502;538;580;551;50.02;50.02;50.02;6869;1000;0.0;0;1.0000;0;0
600;2017-07-04 08:50:00;172602N232;1203;2.573;37;224;223;227;223;1.829;50.01;417.7;1.653;417.1;1.223;0.0;0.000;60;0;0;1.767;1.881;1.841;384;416;401;50.01;50.01;50.01;6869;1000;0.0;0;1.0000;0;0
600;2017-07-04 09:00:00;172602N232;1705;2.858;37;224;223;227;222;2.584;50.01;413.7;2.625;381.7;1.782;0.0;0.000;60;0;0;2.532;2.642;2.579;553;590;562;50.01;50.01;50.01;6869;1000;0.0;0;1.0000;0;0
600;2017-07-04 09:10:00;172602N232;1302;3.075;38;223;223;225;222;2.004;50.01;408.9;1.841;404.8;1.354;0.0;0.000;60;0;0;1.957;2.042;2.015;419;447;434;50.01;50.01;50.01;6869;1000;0.0;0;1.0000;0;0
600;2017-07-04 09:20:00;172602N232;1755;3.367;38;225;224;227;224;2.634;49.99;410.9;2.650;373.6;1.862;0.0;0.000;60;0;0;2.570;2.694;2.640;566;604;582;49.99;49.99;49.99;6869;1000;0.0;0;1.0000;0;0
600;2017-07-04 09:30:00;172602N232;1927;3.689;38;226;225;228;224;2.873;49.99;409.5;2.864;390.9;2.058;0.0;0.000;60;0;0;2.809;2.941;2.871;623;667;637;49.99;49.99;49.99;6869;1000;0.0;0;1.0000;0;0
600;2017-07-04 09:40:00;172602N232;2206;4.057;38;227;226;230;224;3.277;49.99;406.6;3.245;336.8;2.884;0.0;0.000;60;0;0;3.215;3.358;3.258;716;763;724;49.99;49.99;49.99;6869;1000;0.0;0;1.0000;0;0
600;2017-07-04 09:50:00;172602N232;2394;4.457;39;226;224;230;225;3.540;49.99;400.6;3.523;324.5;3.256;0.0;0.000;60;0;0;3.453;3.639;3.529;770;830;789;49.99;49.99;49.99;6869;1000;0.0;0;1.0000;0;0
600;2017-07-04 10:00:00;172602N232;2386;4.854;39;226;225;229;225;3.526;49.98;402.7;3.375;354.7;3.134;0.0;0.000;60;0;0;3.461;3.604;3.515;774;824;786;49.98;49.98;49.98;6869;1000;0.0;0;1.0000;0;0
600;2017-07-04 10:10:00;172602N232;2740;5.310;40;227;227;229;226;4.024;50.00;404.3;3.800;375.6;3.425;0.0;0.000;60;0;0;3.966;4.098;4.010;897;938;903;50.00;50.00;50.00;6869;1000;0.0;0;1.0000;0;0
600;2017-07-04 10:20:00;172602N232;3681;5.923;40;230;230;232;228;5.336;49.99;396.4;5.126;360.3;4.838;0.0;0.000;60;0;0;5.294;5.420;5.295;1214;1257;1207;49.99;49.99;49.99;6869;1000;0.0;0;1.0000;0;0
600;2017-07-04 10:30:00;172602N232;3376;6.489;40;229;229;231;228;4.900;49.98;390.2;4.676;364.8;4.460;0.0;0.000;60;0;0;4.851;4.984;4.867;1111;1157;1106;49.98;49.98;49.98;6869;1000;0.0;0;1.0000;0;0
600;2017-07-04 10:40:00;172602N232;2951;6.979;41;229;229;231;227;4.294;50.00;395.2;4.018;386.3;3.784;0.0;0.000;60;0;0;4.245;4.375;4.264;970;1012;967;50.00;50.00;50.00;6869;1000;0.0;0;1.0000;0;0
600;2017-07-04 10:50:00;172602N232;3509;7.564;41;230;230;232;228;5.091;49.99;398.1;4.668;392.6;4.403;0.0;0.000;60;0;0;5.045;5.175;5.055;1157;1199;1152;49.99;49.99;49.99;6869;1000;0.0;0;1.0000;0;0
600;2017-07-04 11:00:00;172602N232;4826;8.367;42;231;231;233;229;6.965;49.99;380.7;6.647;365.0;6.543;0.0;0.000;60;0;0;6.924;7.085;6.888;1597;1651;1576;49.99;49.99;49.99;6869;1000;0.0;0;1.0000;0;0
600;2017-07-04 11:10:00;172602N232;3999;9.033;42;231;230;233;229;5.774;50.00;382.8;5.475;378.3;5.244;0.0;0.000;60;0;0;5.730;5.853;5.741;1319;1360;1315;50.00;50.00;50.00;6869;1000;0.0;0;1.0000;0;0
600;2017-07-04 11:20:00;172602N232;3960;9.694;43;230;229;233;228;5.720;49.99;379.4;5.452;382.3;5.155;0.0;0.000;60;0;0;5.652;5.822;5.688;1298;1361;1299;49.99;49.99;49.99;6869;1000;0.0;0;1.0000;0;0
600;2017-07-04 11:30:00;172602N232;1736;9.984;42;228;227;230;227;2.569;50.01;401.3;2.256;402.9;2.078;0.0;0.000;60;0;0;2.502;2.627;2.578;560;595;578;50.01;50.01;50.01;6869;1000;0.0;0;1.0000;0;0
600;2017-07-04 11:40:00;172602N232;2298;10.367;42;227;226;231;226;3.385;50.00;401.2;2.938;406.9;2.773;0.0;0.000;60;0;0;3.303;3.466;3.387;741;799;759;50.00;50.00;50.00;6869;1000;0.0;0;1.0000;0;0
600;2017-07-04 11:50:00;172602N232;2152;10.727;42;227;227;230;225;3.180;49.97;408.4;2.748;412.3;2.542;0.0;0.000;60;0;0;3.118;3.255;3.168;700;745;707;49.97;49.97;49.97;6869;1000;0.0;0;1.0000;0;0
600;2017-07-04 12:00:00;172602N232;2167;11.087;41;227;227;228;226;3.207;50.01;411.2;2.719;415.1;2.566;0.0;0.000;60;0;0;3.165;3.247;3.211;711;734;719;50.01;50.01;50.01;6869;1000;0.0;0;1.0000;0;0
600;2017-07-04 12:10:00;172602N232;2050;11.430;41;227;227;230;224;3.025;50.01;413.2;2.564;418.2;2.401;0.0;0.000;60;0;0;2.961;3.103;3.012;667;711;671;50.01;50.01;50.01;6869;1000;0.0;0;1.0000;0;0
600;2017-07-04 12:20:00;172602N232;1939;11.753;41;228;228;232;225;2.849;49.99;415.7;2.415;419.3;2.254;0.0;0.000;60;0;0;2.793;2.932;2.824;632;675;631;49.99;49.99;49.99;6869;1000;0.0;0;1.0000;0;0
600;2017-07-04 12:30:00;172602N232;2490;12.169;41;229;228;232;226;3.642;50.01;411.4;3.147;419.4;2.914;0.0;0.000;60;0;0;3.576;3.735;3.617;812;864;813;50.01;50.01;50.01;6869;1000;0.0;0;1.0000;0;0
600;2017-07-04 12:40:00;172602N232;2604;12.603;41;229;228;232;227;3.810;50.01;408.4;3.300;415.1;3.085;0.0;0.000;60;0;0;3.733;3.894;3.804;845;898;858;50.01;50.01;50.01;6869;1000;0.0;0;1.0000;0;0
600;2017-07-04 12:50:00;172602N232;3449;13.176;41;229;229;233;226;5.009;50.00;404.0;4.381;409.2;4.182;0.0;0.000;60;0;0;4.941;5.130;4.958;1129;1196;1120;50.00;50.00;50.00;6869;1000;0.0;0;1.0000;0;0
600;2017-07-04 13:00:00;172602N232;3086;13.691;42;229;229;232;226;4.494;49.99;391.6;4.034;397.9;3.878;0.0;0.000;60;0;0;4.434;4.605;4.443;1014;1069;1001;49.99;49.99;49.99;6869;1000;0.0;0;1.0000;0;0
600;2017-07-04 13:10:00;172602N232;5024;14.528;43;231;230;236;226;7.260;50.00;381.9;6.694;382.1;6.696;0.0;0.000;60;0;0;7.180;7.445;7.157;1651;1755;1618;50.00;50.00;50.00;6869;1000;0.0;0;1.0000;0;0
600;2017-07-04 13:20:00;172602N232;5465;15.441;43;231;230;238;227;7.872;49.99;380.3;7.346;380.3;7.330;0.0;0.000;60;0;0;7.744;8.147;7.727;1777;1939;1751;49.99;49.99;49.99;6869;1000;0.0;0;1.0000;0;0
600;2017-07-04 13:30:00;172602N232;4326;16.163;44;230;228;236;227;6.246;49.99;378.2;5.855;380.5;5.755;0.0;0.000;60;0;0;6.113;6.455;6.170;1398;1530;1400;49.99;49.99;49.99;6869;1000;0.0;0;1.0000;0;0
600;2017-07-04 13:40:00;172602N232;5026;17.000;44;231;229;237;228;7.218;49.99;381.2;6.705;380.3;6.713;0.0;0.000;60;0;0;7.071;7.439;7.146;1619;1768;1632;49.99;49.99;49.99;6869;1000;0.0;0;1.0000;0;0
600;2017-07-04 13:50:00;172602N232;3881;17.647;44;227;223;234;226;5.677;50.00;384.9;5.137;385.3;5.106;0.0;0.000;60;0;0;5.501;5.853;5.677;1230;1369;1280;50.00;50.00;50.00;6869;1000;0.0;0;1.0000;0;0
600;2017-07-04 14:00:00;172602N232;4101;18.330;44;227;223;233;225;6.010;50.00;386.1;5.411;383.7;5.421;0.0;0.000;60;0;0;5.842;6.200;5.989;1305;1445;1346;50.00;50.00;50.00;6869;1000;0.0;0;1.0000;0;0
600;2017-07-04 14:10:00;172602N232;5378;19.226;44;229;226;234;226;7.834;49.99;373.9;7.333;374.0;7.332;0.0;0.000;60;0;0;7.699;8.052;7.752;1742;1886;1750;49.99;49.99;49.99;6869;1000;0.0;0;1.0000;0;0
600;2017-07-04 14:20:00;172602N232;4089;19.907;44;228;227;232;225;5.971;50.01;380.3;5.493;376.7;5.515;0.0;0.000;60;0;0;5.875;6.115;5.923;1331;1417;1334;50.01;50.01;50.01;6869;1000;0.0;0;1.0000;0;0
600;2017-07-04 14:30:00;172602N232;3829;20.545;44;228;228;232;224;5.591;50.00;386.6;5.067;389.3;4.996;0.0;0.000;60;0;0;5.525;5.764;5.484;1258;1344;1225;50.00;50.00;50.00;6869;1000;0.0;0;1.0000;0;0
600;2017-07-04 14:40:00;172602N232;5404;21.448;44;229;229;235;224;7.858;49.99;374.2;7.357;374.4;7.358;0.0;0.000;60;0;0;7.775;8.129;7.670;1776;1909;1716;49.99;49.99;49.99;6869;1000;0.0;0;1.0000;0;0
600;2017-07-04 14:50:00;172602N232;3622;22.050;45;228;227;232;224;5.294;49.99;383.9;4.812;382.3;4.811;0.0;0.000;60;0;0;5.215;5.440;5.228;1182;1266;1172;49.99;49.99;49.99;6869;1000;0.0;0;1.0000;0;0
600;2017-07-04 15:00:00;172602N232;3058;22.560;44;226;230;233;216;4.497;49.99;394.6;3.958;391.3;3.963;0.0;0.000;60;0;0;4.486;4.720;4.286;1031;1104;922;49.99;49.99;49.99;6869;1000;0.0;0;1.0000;0;0
600;2017-07-04 15:10:00;172602N232;3492;23.143;44;227;230;234;216;5.129;50.00;388.0;4.568;387.1;4.611;0.0;0.000;60;0;0;5.114;5.388;4.885;1177;1263;1052;50.00;50.00;50.00;6869;1000;0.0;0;1.0000;0;0
600;2017-07-04 15:20:00;172602N232;3931;23.800;44;227;230;235;216;5.766;50.00;394.3;5.090;392.7;5.096;0.0;0.000;60;0;0;5.755;6.062;5.483;1325;1426;1182;50.00;50.00;50.00;6869;1000;0.0;0;1.0000;0;0
600;2017-07-04 15:30:00;172602N232;3729;24.420;44;227;231;234;215;5.480;49.99;391.3;4.819;389.6;4.885;0.0;0.000;60;0;0;5.484;5.761;5.197;1263;1348;1117;49.99;49.99;49.99;6869;1000;0.0;0;1.0000;0;0
600;2017-07-04 15:40:00;172602N232;2839;24.894;43;226;230;232;216;4.197;50.00;391.8;3.605;393.0;3.682;0.0;0.000;60;0;0;4.195;4.382;4.014;960;1010;864;50.00;50.00;50.00;6869;1000;0.0;0;1.0000;0;0
600;2017-07-04 15:50:00;172602N232;1570;25.155;43;225;227;229;220;2.363;49.98;400.4;1.972;403.6;1.963;0.0;0.000;60;0;0;2.323;2.452;2.314;516;555;499;49.98;49.98;49.98;6869;1000;0.0;0;1.0000;0;0
600;2017-07-04 16:00:00;172602N232;2405;25.556;42;226;225;230;224;3.551;49.98;394.9;3.036;405.0;3.015;0.0;0.000;60;0;0;3.480;3.647;3.528;779;835;785;49.98;49.98;49.98;6869;1000;0.0;0;1.0000;0;0
600;2017-07-04 16:10:00;172602N232;3751;26.180;42;227;225;230;226;5.510;50.01;389.5;4.825;398.7;4.827;0.0;0.000;60;0;0;5.406;5.614;5.510;1216;1294;1242;50.01;50.01;50.01;6869;1000;0.0;0;1.0000;0;0
600;2017-07-04 16:20:00;172602N232;2209;26.550;42;226;228;228;223;3.273;50.00;397.5;2.775;399.6;2.817;0.0;0.000;60;0;0;3.250;3.335;3.236;734;755;716;50.00;50.00;50.00;6869;1000;0.0;0;1.0000;0;0
600;2017-07-04 16:30:00;172602N232;2568;26.978;42;227;228;229;223;3.789;49.99;397.6;3.229;404.7;3.250;0.0;0.000;60;0;0;3.759;3.875;3.733;852;886;828;49.99;49.99;49.99;6869;1000;0.0;0;1.0000;0;0
600;2017-07-04 16:40:00;172602N232;2779;27.441;42;226;227;229;223;4.109;50.00;392.6;3.534;403.9;3.520;0.0;0.000;60;0;0;4.068;4.201;4.059;917;959;901;50.00;50.00;50.00;6869;1000;0.0;0;1.0000;0;0
600;2017-07-04 16:50:00;172602N232;3148;27.965;42;226;225;228;224;4.665;49.99;391.0;4.017;399.9;4.048;0.0;0.000;60;0;0;4.592;4.755;4.648;1028;1082;1035;49.99;49.99;49.99;6869;1000;0.0;0;1.0000;0;0
600;2017-07-04 17:00:00;172602N232;3031;28.471;42;226;226;228;224;4.487;50.00;394.3;3.784;398.3;3.938;0.0;0.000;60;0;0;4.423;4.569;4.469;992;1039;997;50.00;50.00;50.00;6869;1000;0.0;0;1.0000;0;0
600;2017-07-04 17:10:00;172602N232;2815;28.941;42;226;227;227;224;4.189;50.00;377.6;3.661;396.9;3.681;0.0;0.000;60;0;0;4.169;4.230;4.168;934;956;924;50.00;50.00;50.00;6869;1000;0.0;0;1.0000;0;0
600;2017-07-04 17:20:00;172602N232;2118;29.294;42;226;227;226;224;3.158;50.02;383.9;2.699;402.5;2.707;0.0;0.000;60;0;0;3.137;3.197;3.142;700;720;696;50.02;50.02;50.02;6869;1000;0.0;0;1.0000;0;0
600;2017-07-04 17:30:00;172602N232;1814;29.596;42;226;227;227;223;2.713;49.99;386.7;2.301;403.6;2.304;0.0;0.000;60;0;0;2.686;2.749;2.704;600;615;596;49.99;49.99;49.99;6869;1000;0.0;0;1.0000;0;0
600;2017-07-04 17:40:00;172602N232;1774;29.892;41;225;227;226;223;2.647;49.99;389.1;2.249;409.0;2.210;0.0;0.000;60;0;0;2.623;2.687;2.632;589;604;581;49.99;49.99;49.99;6869;1000;0.0;0;1.0000;0;0
600;2017-07-04 17:50:00;172602N232;1446;30.132;41;225;227;227;223;2.163;49.99;392.3;1.780;412.1;1.787;0.0;0.000;60;0;0;2.122;2.207;2.160;473;495;475;49.99;49.99;49.99;6869;1000;0.0;0;1.0000;0;0
600;2017-07-04 18:00:00;172602N232;2213;30.504;41;226;226;228;224;3.277;49.99;380.6;2.850;401.6;2.860;0.0;0.000;60;0;0;3.228;3.329;3.274;726;754;730;49.99;49.99;49.99;6869;1000;0.0;0;1.0000;0;0
600;2017-07-04 18:10:00;172602N232;1520;30.756;40;226;225;230;224;2.262;50.00;380.7;1.949;402.2;1.961;0.0;0.000;60;0;0;2.188;2.334;2.265;486;530;502;50.00;50.00;50.00;6869;1000;0.0;0;1.0000;0;0
600;2017-07-04 18:20:00;172602N232;1621;31.026;40;226;226;229;224;2.416;50.01;379.8;2.059;403.9;2.106;0.0;0.000;60;0;0;2.351;2.488;2.410;523;563;532;50.01;50.01;50.01;6869;1000;0.0;0;1.0000;0;0
600;2017-07-04 18:30:00;172602N232;1332;31.248;40;225;226;227;224;1.999;50.00;368.3;1.736;401.0;1.742;0.0;0.000;60;0;0;1.950;2.038;2.009;432;456;442;50.00;50.00;50.00;6869;1000;0.0;0;1.0000;0;0
600;2017-07-04 18:40:00;172602N232;1054;31.424;40;225;226;227;223;1.639;49.99;369.8;1.371;402.8;1.379;0.0;0.000;60;0;0;1.607;1.672;1.639;339;364;349;49.99;49.99;49.99;6869;1000;0.0;0;1.0000;0;0
600;2017-07-04 18:50:00;172602N232;603;31.525;40;225;226;226;224;0.977;49.99;409.0;0.678;405.6;0.780;0.0;0.000;60;0;0;0.931;1.020;0.982;188;211;201;49.99;49.99;49.99;6869;1000;0.0;0;1.0000;0;0
600;2017-07-04 19:00:00;172602N232;751;31.650;39;226;226;227;224;1.187;49.99;367.5;0.943;404.0;1.004;0.0;0.000;60;0;0;1.178;1.199;1.186;240;258;251;49.99;49.99;49.99;6869;1000;0.0;0;1.0000;0;0
600;2017-07-04 19:10:00;172602N232;847;31.792;39;226;227;228;224;1.284;50.00;338.8;1.108;403.3;1.172;0.0;0.000;60;0;0;1.237;1.325;1.290;271;294;280;50.00;50.00;50.00;6869;1000;0.0;0;1.0000;0;0
600;2017-07-04 19:20:00;172602N232;552;31.884;39;226;227;227;224;0.901;50.00;380.1;0.684;406.8;0.708;0.0;0.000;60;0;0;0.914;0.916;0.875;176;192;182;50.00;50.00;50.00;6869;1000;0.0;0;1.0000;0;0
600;2017-07-04 19:30:00;172602N232;446;31.959;39;226;226;227;225;0.809;50.00;400.0;0.535;411.9;0.536;0.0;0.000;60;0;0;0.760;0.855;0.813;135;159;150;50.00;50.00;50.00;6869;1000;0.0;0;1.0000;0;0
600;2017-07-04 19:40:00;172602N232;356;32.019;39;226;226;227;225;1.180;49.99;400.8;0.422;410.6;0.421;0.0;0.000;60;0;0;1.195;1.268;1.078;106;119;128;49.99;49.99;49.99;6869;1000;0.0;0;1.0000;0;0
600;2017-07-04 19:50:00;172602N232;299;32.068;39;226;227;227;225;1.162;49.99;394.9;0.358;409.2;0.349;0.0;0.000;60;0;0;1.282;1.169;1.036;87;105;105;49.99;49.99;49.99;6869;1000;0.0;0;1.0000;0;0
600;2017-07-04 20:00:00;172602N232;248;32.110;38;226;227;227;225;1.090;50.01;391.1;0.293;406.4;0.291;0.0;0.000;60;0;0;1.157;1.295;0.819;68;96;82;50.01;50.01;50.01;6869;1000;0.0;0;1.0000;0;0
600;2017-07-04 20:10:00;172602N232;227;32.147;38;227;226;228;226;1.047;49.99;380.5;0.263;400.9;0.282;0.0;0.000;60;0;0;1.079;1.257;0.805;73;76;77;49.99;49.99;49.99;6869;1000;0.0;0;1.0000;0;0
600;2017-07-04 20:20:00;172602N232;202;32.181;38;227;225;229;226;1.020;49.97;385.8;0.233;402.4;0.239;0.0;0.000;60;0;0;0.981;1.336;0.744;83;43;75;49.97;49.97;49.97;6869;1000;0.0;0;1.0000;0;0
600;2017-07-04 20:30:00;172602N232;153;32.208;37;227;225;230;226;1.028;50.00;379.4;0.178;399.2;0.175;0.0;0.000;60;0;0;0.706;1.583;0.795;52;14;88;50.00;50.00;50.00;6869;1000;0.0;0;1.0000;0;0
600;2017-07-04 20:40:00;172602N232;95;32.224;37;227;226;229;226;0.941;50.00;367.2;0.108;388.0;0.104;0.0;0.000;60;0;0;0.710;1.390;0.723;47;0;60;50.00;50.00;50.00;6869;1000;0.0;0;1.0000;0;0
600;2017-07-04 20:50:00;172602N232;49;32.231;37;227;226;228;226;0.758;49.99;346.1;0.050;355.6;0.049;0.0;0.000;60;0;0;0.725;1.011;0.540;22;1;38;49.99;49.99;49.99;6869;1000;0.0;0;1.0000;0;0
600;2017-07-04 21:00:00;172602N232;4;32.233;36;227;227;227;226;0.178;50.00;257.2;0.000;253.2;0.001;0.0;0.000;60;0;0;0.178;0.227;0.131;3;1;5;50.00;50.00;50.00;6869;1000;0.0;0;1.0000;0;0
600;2017-07-04 21:10:00;172602N232;0;32.233;36;226;226;228;225;0.000;49.99;302.8;0.000;300.8;0.000;0.0;0.000;51;0;0;0.000;0.000;0.000;0;0;0;49.99;49.99;50.00;7310;1000;0.0;0;1.0000;0;0
600;2017-07-04 21:20:00;172602N232;0;32.233;35;226;226;228;224;0.000;49.97;245.2;0.000;246.1;0.000;0.0;0.000;51;0;0;0.000;0.000;0.000;0;0;0;49.97;49.97;49.97;7574;1000;0.0;0;1.0000;0;0
600;2017-07-04 21:30:00;172602N232;0;32.233;34;227;226;230;225;0.000;50.00;238.5;0.000;239.4;0.000;0.0;0.000;51;0;0;0.000;0.000;0.000;0;0;0;50.00;50.00;50.00;7574;1000;0.0;0;1.0000;0;0
600;2017-07-04 21:40:00;172602N232;0;32.233;34;227;227;230;225;0.000;50.01;233.6;0.000;234.6;0.000;0.0;0.000;51;0;0;0.000;0.000;0.000;0;0;0;50.01;50.01;50.01;7574;1000;0.0;0;1.0000;0;0
600;2017-07-04 21:50:00;172602N232;0;32.233;33;227;227;230;224;0.000;49.99;227.7;0.000;228.7;0.000;0.0;0.000;51;0;0;0.000;0.000;0.000;0;0;0;49.99;49.99;49.99;7574;1000;0.0;0;1.0000;0;0
[wr_ende]
