20140225;230003;172602N232;My Plant;+0100
[wr_def_start]
172602N232;Inverter Type;Inverter Group;72602N232      
[wr_def_end]
[wr]
INTERVAL;TIMESTAMP;SERIAL;P_AC;E_DAY;T_WR;U_AC;U_AC_1;U_AC_2;U_AC_3;I_AC;F_AC;U_DC_1;I_DC_1;U_DC_2;I_DC_2;U_DC_3;I_DC_3;S;E_WR;M_WR;I_AC_1;I_AC_2;I_AC_3;P_AC_1;P_AC_2;P_AC_3;F_AC_1;F_AC_2;F_AC_3;R_DC;PC;PCS;PCS_LL;COS_PHI;COS_PHI_LL;S_COS_PHI
600;2014-02-25 06:50:00;172602N232;0;0.000;0;2;2;2;2;0.000;0.52;2.3;0.000;2.3;0.000;0.0;0.000;50;0;0;0.000;0.000;0.000;0;0;0;0.52;0.52;0.52;12;1000;0.0;0;1.0000;0;0
600;2014-02-25 07:00:00;172602N232;0;0.000;17;222;223;224;220;0.003;49.99;257.0;0.000;257.3;0.000;0.0;0.000;60;0;0;0.005;0.003;0.003;0;0;0;49.99;49.99;49.99;1325;1000;0.0;0;1.0000;0;0
600;2014-02-25 07:10:00;172602N232;0;0.000;19;223;223;223;222;0.029;49.98;264.1;0.000;264.5;0.000;0.0;0.000;51;0;0;0.037;0.028;0.022;0;0;1;49.98;49.98;49.98;7306;1000;0.0;0;1.0000;0;0
600;2014-02-25 07:20:00;172602N232;9;0.003;19;225;226;224;225;0.253;49.99;282.7;0.002;290.5;0.004;0.0;0.000;60;0;0;0.315;0.187;0.259;0;11;8;49.99;49.99;49.99;5542;1000;0.0;0;1.0000;0;0
600;2014-02-25 07:30:00;172602N232;34;0.011;20;224;225;224;224;0.507;49.99;356.1;0.024;362.3;0.027;0.0;0.000;60;0;0;0.652;0.394;0.476;0;26;24;49.99;49.99;49.99;5542;1000;0.0;0;1.0000;0;0
600;2014-02-25 07:40:00;172602N232;61;0.022;20;225;225;225;224;0.714;49.98;388.4;0.058;393.9;0.058;0.0;0.000;60;0;0;0.848;0.682;0.612;4;32;25;49.98;49.98;49.98;5542;1000;0.0;0;1.0000;0;0
600;2014-02-25 07:50:00;172602N232;94;0.037;21;224;225;225;223;0.926;49.99;402.0;0.098;405.8;0.096;0.0;0.000;60;0;0;1.166;0.881;0.731;2;38;55;49.99;49.99;49.99;5542;1000;0.0;0;1.0000;0;0
600;2014-02-25 08:00:00;172602N232;136;0.061;21;223;225;224;222;1.061;50.00;413.4;0.148;414.6;0.144;0.0;0.000;60;0;0;1.570;0.851;0.764;0;81;61;50.00;50.00;50.00;5542;1000;0.0;0;1.0000;0;0
600;2014-02-25 08:10:00;172602N232;192;0.088;22;224;225;223;222;1.028;49.99;419.4;0.214;421.6;0.206;0.0;0.000;60;0;0;1.426;0.798;0.862;27;87;76;49.99;49.99;49.99;5542;1000;0.0;0;1.0000;0;0
600;2014-02-25 08:20:00;172602N232;256;0.131;22;224;224;223;224;1.109;49.99;427.9;0.288;427.6;0.276;0.0;0.000;60;0;0;1.304;1.120;0.904;73;120;61;49.99;49.99;49.99;5542;1000;0.0;0;1.0000;0;0
600;2014-02-25 08:30:00;172602N232;329;0.186;23;224;223;224;224;1.131;49.99;444.9;0.366;436.5;0.346;0.0;0.000;60;0;0;1.132;1.185;1.078;104;120;103;49.99;49.99;49.99;5542;1000;0.0;0;1.0000;0;0
600;2014-02-25 08:40:00;172602N232;423;0.256;23;224;223;226;224;0.979;50.00;456.9;0.495;452.3;0.400;0.0;0.000;60;0;0;0.947;1.042;0.948;130;150;141;50.00;50.00;50.00;5542;1000;0.0;0;1.0000;0;0
600;2014-02-25 08:50:00;172602N232;530;0.344;24;225;224;227;223;0.836;49.99;427.0;0.718;468.6;0.452;0.0;0.000;60;0;0;0.780;0.882;0.846;163;187;178;49.99;49.99;49.99;5542;1000;0.0;0;1.0000;0;0
600;2014-02-25 09:00:00;172602N232;623;0.448;25;225;225;226;225;1.023;49.99;428.3;0.804;439.5;0.621;0.0;0.000;60;0;0;1.001;1.042;1.027;198;214;210;49.99;49.99;49.99;5542;1000;0.0;0;1.0000;0;0
600;2014-02-25 09:10:00;172602N232;725;0.570;25;224;225;225;223;1.124;49.99;438.1;0.872;425.2;0.793;0.0;0.000;60;0;0;1.080;1.161;1.133;230;251;243;49.99;49.99;49.99;5542;1000;0.0;0;1.0000;0;0
600;2014-02-25 09:20:00;172602N232;818;0.707;26;224;223;225;223;1.255;49.99;455.5;0.892;449.2;0.899;0.0;0.000;60;0;0;1.203;1.296;1.266;259;283;274;49.99;49.99;49.99;5542;1000;0.0;0;1.0000;0;0
600;2014-02-25 09:30:00;172602N232;946;0.865;26;224;222;227;224;1.431;50.00;434.5;1.222;463.5;0.881;0.0;0.000;60;0;0;1.367;1.477;1.450;296;329;319;50.00;50.00;50.00;5542;1000;0.0;0;1.0000;0;0
600;2014-02-25 09:40:00;172602N232;1284;1.079;27;226;225;228;226;1.935;50.01;428.0;1.556;433.3;1.427;0.0;0.000;60;0;0;1.863;1.993;1.950;409;444;429;50.01;50.01;50.01;5542;1000;0.0;0;1.0000;0;0
600;2014-02-25 09:50:00;172602N232;1528;1.333;27;227;226;229;226;2.255;49.99;427.1;1.820;434.7;1.739;0.0;0.000;60;0;0;2.193;2.303;2.270;493;523;510;49.99;49.99;49.99;5542;1000;0.0;0;1.0000;0;0
600;2014-02-25 10:00:00;172602N232;1646;1.608;28;226;226;229;225;2.434;49.99;445.9;1.845;440.9;1.878;0.0;0.000;60;0;0;2.369;2.495;2.439;532;566;546;49.99;49.99;49.99;5542;1000;0.0;0;1.0000;0;0
600;2014-02-25 10:10:00;172602N232;1607;1.876;28;227;226;228;225;2.375;49.99;439.0;1.832;430.2;1.879;0.0;0.000;60;0;0;2.317;2.432;2.377;521;552;532;49.99;49.99;49.99;5542;1000;0.0;0;1.0000;0;0
600;2014-02-25 10:20:00;172602N232;1806;2.177;29;227;226;229;226;2.663;49.99;438.2;2.060;428.8;2.127;0.0;0.000;60;0;0;2.601;2.721;2.668;585;619;599;49.99;49.99;49.99;5542;1000;0.0;0;1.0000;0;0
600;2014-02-25 10:30:00;172602N232;1820;2.481;29;226;225;228;225;2.695;50.00;437.0;2.082;426.7;2.152;0.0;0.000;60;0;0;2.632;2.754;2.700;590;623;605;50.00;50.00;50.00;5542;1000;0.0;0;1.0000;0;0
600;2014-02-25 10:40:00;172602N232;1585;2.744;30;224;222;226;223;2.372;50.00;434.5;1.822;425.1;1.874;0.0;0.000;60;0;0;2.301;2.434;2.381;509;547;527;50.00;50.00;50.00;5542;1000;0.0;0;1.0000;0;0
600;2014-02-25 10:50:00;172602N232;2120;3.099;30;225;223;227;224;3.160;49.99;436.1;2.430;425.8;2.522;0.0;0.000;60;0;0;3.086;3.231;3.164;684;730;704;49.99;49.99;49.99;5542;1000;0.0;0;1.0000;0;0
600;2014-02-25 11:00:00;172602N232;2158;3.459;30;223;222;226;221;3.240;49.99;433.2;2.496;422.9;2.581;0.0;0.000;60;0;0;3.175;3.324;3.222;701;746;710;49.99;49.99;49.99;5542;1000;0.0;0;1.0000;0;0
600;2014-02-25 11:10:00;172602N232;2265;3.837;31;223;222;227;221;3.398;50.01;430.5;2.639;420.8;2.723;0.0;0.000;60;0;0;3.338;3.488;3.369;738;785;740;50.01;50.01;50.01;5542;1000;0.0;0;1.0000;0;0
600;2014-02-25 11:20:00;172602N232;2568;4.264;31;225;224;228;223;3.816;49.99;426.6;3.024;418.1;3.113;0.0;0.000;60;0;0;3.767;3.908;3.773;841;887;837;49.99;49.99;49.99;5542;1000;0.0;0;1.0000;0;0
600;2014-02-25 11:30:00;172602N232;2562;4.691;31;224;222;227;222;3.831;50.00;423.2;3.047;415.5;3.118;0.0;0.000;60;0;0;3.756;3.920;3.818;831;884;846;50.00;50.00;50.00;5542;1000;0.0;0;1.0000;0;0
600;2014-02-25 11:40:00;172602N232;2398;5.091;32;224;224;227;223;3.579;50.00;422.4;2.853;414.5;2.925;0.0;0.000;60;0;0;3.526;3.646;3.567;784;821;790;50.00;50.00;50.00;5542;1000;0.0;0;1.0000;0;0
600;2014-02-25 11:50:00;172602N232;2308;5.476;32;225;224;227;223;3.440;50.00;426.7;2.708;415.6;2.819;0.0;0.000;60;0;0;3.387;3.502;3.431;755;790;763;50.00;50.00;50.00;5542;1000;0.0;0;1.0000;0;0
600;2014-02-25 12:00:00;172602N232;2458;5.887;33;225;224;228;224;3.666;50.00;427.8;2.878;416.7;2.994;0.0;0.000;60;0;0;3.607;3.734;3.658;801;844;811;50.00;50.00;50.00;5542;1000;0.0;0;1.0000;0;0
600;2014-02-25 12:10:00;172602N232;2510;6.305;33;224;223;227;223;3.754;50.00;425.7;2.957;415.2;3.067;0.0;0.000;60;0;0;3.689;3.818;3.757;816;860;832;50.00;50.00;50.00;5542;1000;0.0;0;1.0000;0;0
600;2014-02-25 12:20:00;172602N232;2393;6.705;33;223;223;225;222;3.593;49.99;424.9;2.824;414.6;2.926;0.0;0.000;60;0;0;3.550;3.651;3.578;786;816;789;49.99;49.99;49.99;5542;1000;0.0;0;1.0000;0;0
600;2014-02-25 12:30:00;172602N232;2320;7.091;33;223;223;225;222;3.479;50.01;426.0;2.733;415.0;2.830;0.0;0.000;60;0;0;3.428;3.543;3.467;760;794;764;50.01;50.01;50.01;5542;1000;0.0;0;1.0000;0;0
600;2014-02-25 12:40:00;172602N232;1949;7.416;34;223;223;226;221;2.927;50.01;422.4;2.312;414.1;2.377;0.0;0.000;60;0;0;2.872;2.995;2.915;636;672;640;50.01;50.01;50.01;5542;1000;0.0;0;1.0000;0;0
600;2014-02-25 12:50:00;172602N232;2247;7.792;34;223;222;226;221;3.375;50.00;426.3;2.642;417.9;2.718;0.0;0.000;60;0;0;3.320;3.462;3.343;734;776;734;50.00;50.00;50.00;5542;1000;0.0;0;1.0000;0;0
600;2014-02-25 13:00:00;172602N232;2038;8.130;34;223;223;226;221;3.056;50.00;423.5;2.416;415.5;2.472;0.0;0.000;60;0;0;2.999;3.131;3.038;664;704;669;50.00;50.00;50.00;5542;1000;0.0;0;1.0000;0;0
600;2014-02-25 13:10:00;172602N232;1529;8.386;34;226;226;230;224;2.264;50.00;425.2;1.803;417.6;1.839;0.0;0.000;60;0;0;2.204;2.333;2.257;493;531;502;50.00;50.00;50.00;5542;1000;0.0;0;1.0000;0;0
600;2014-02-25 13:20:00;172602N232;2120;8.739;35;227;225;230;226;3.136;49.99;427.7;2.478;420.9;2.554;0.0;0.000;60;0;0;3.059;3.218;3.131;684;732;701;49.99;49.99;49.99;5542;1000;0.0;0;1.0000;0;0
600;2014-02-25 13:30:00;172602N232;2028;9.078;35;227;226;229;227;2.993;50.01;425.8;2.388;417.1;2.454;0.0;0.000;60;0;0;2.925;3.048;3.007;657;692;676;50.01;50.01;50.01;5542;1000;0.0;0;1.0000;0;0
600;2014-02-25 13:40:00;172602N232;2346;9.469;35;228;227;230;226;3.450;50.01;425.8;2.835;419.3;2.769;0.0;0.000;60;0;0;3.379;3.519;3.452;762;805;777;50.01;50.01;50.01;5542;1000;0.0;0;1.0000;0;0
600;2014-02-25 13:50:00;172602N232;1756;9.762;35;226;226;229;225;2.610;49.99;419.4;2.188;407.6;2.094;0.0;0.000;60;0;0;2.552;2.675;2.605;569;606;580;49.99;49.99;49.99;5542;1000;0.0;0;1.0000;0;0
600;2014-02-25 14:00:00;172602N232;1337;9.984;35;226;225;228;224;1.998;49.96;416.0;1.681;425.0;1.506;0.0;0.000;60;0;0;1.938;2.049;2.008;429;461;445;49.96;49.96;49.96;5542;1000;0.0;0;1.0000;0;0
600;2014-02-25 14:10:00;172602N232;1045;10.159;35;225;225;226;224;1.590;49.98;419.5;1.273;426.5;1.194;0.0;0.000;60;0;0;1.547;1.622;1.602;336;359;349;49.98;49.98;49.98;5542;1000;0.0;0;1.0000;0;0
600;2014-02-25 14:20:00;172602N232;840;10.299;35;225;225;226;223;1.357;49.98;426.3;0.980;418.1;0.997;0.0;0.000;60;0;0;1.381;1.358;1.334;272;286;280;49.98;49.98;49.98;5542;1000;0.0;0;1.0000;0;0
600;2014-02-25 14:30:00;172602N232;1180;10.496;35;225;225;227;223;1.789;49.99;427.4;1.422;435.5;1.308;0.0;0.000;60;0;0;1.749;1.830;1.790;381;406;391;49.99;49.99;49.99;5542;1000;0.0;0;1.0000;0;0
600;2014-02-25 14:40:00;172602N232;1322;10.717;35;226;225;228;224;1.995;50.01;426.1;1.631;443.3;1.415;0.0;0.000;60;0;0;1.943;2.038;2.006;425;454;441;50.01;50.01;50.01;5542;1000;0.0;0;1.0000;0;0
600;2014-02-25 14:50:00;172602N232;1148;10.908;35;224;223;226;223;1.767;50.01;426.2;1.425;437.5;1.231;0.0;0.000;60;0;0;1.722;1.803;1.778;368;395;383;50.01;50.01;50.01;5542;1000;0.0;0;1.0000;0;0
600;2014-02-25 15:00:00;172602N232;1014;11.077;35;224;223;226;224;1.542;50.02;413.8;1.248;443.6;1.115;0.0;0.000;60;0;0;1.488;1.587;1.553;323;350;339;50.02;50.02;50.02;5542;1000;0.0;0;1.0000;0;0
600;2014-02-25 15:10:00;172602N232;689;11.192;35;224;223;226;223;1.063;50.01;422.1;0.799;433.6;0.794;0.0;0.000;60;0;0;1.003;1.107;1.079;215;240;232;50.01;50.01;50.01;5542;1000;0.0;0;1.0000;0;0
600;2014-02-25 15:20:00;172602N232;627;11.297;34;223;223;224;223;0.992;49.99;434.0;0.700;430.0;0.729;0.0;0.000;60;0;0;0.943;1.026;1.009;195;217;212;49.99;49.99;49.99;5542;1000;0.0;0;1.0000;0;0
600;2014-02-25 15:30:00;172602N232;690;11.412;34;224;223;225;223;1.234;50.00;445.3;0.716;428.6;0.842;0.0;0.000;60;0;0;1.288;1.199;1.217;223;232;232;50.00;50.00;50.00;5542;1000;0.0;0;1.0000;0;0
600;2014-02-25 15:40:00;172602N232;557;11.504;34;223;223;224;223;0.901;50.00;432.3;0.604;422.9;0.675;0.0;0.000;60;0;0;0.862;0.924;0.918;173;193;189;50.00;50.00;50.00;5542;1000;0.0;0;1.0000;0;0
600;2014-02-25 15:50:00;172602N232;427;11.576;34;224;224;225;223;1.024;50.00;427.6;0.466;420.1;0.515;0.0;0.000;60;0;0;1.033;1.057;0.983;122;153;150;50.00;50.00;50.00;5542;1000;0.0;0;1.0000;0;0
600;2014-02-25 16:00:00;172602N232;371;11.639;34;224;224;225;222;1.217;49.98;430.2;0.380;419.8;0.460;0.0;0.000;60;0;0;1.303;1.238;1.112;93;136;139;49.98;49.98;49.98;5542;1000;0.0;0;1.0000;0;0
600;2014-02-25 16:10:00;172602N232;240;11.679;33;224;224;225;222;1.069;49.99;409.3;0.271;410.8;0.280;0.0;0.000;60;0;0;1.228;1.203;0.777;59;97;82;49.99;49.99;49.99;5542;1000;0.0;0;1.0000;0;0
600;2014-02-25 16:20:00;172602N232;211;11.714;33;223;223;224;223;1.011;50.00;407.2;0.238;408.5;0.244;0.0;0.000;60;0;0;1.110;1.087;0.837;52;82;75;50.00;50.00;50.00;5542;1000;0.0;0;1.0000;0;0
600;2014-02-25 16:30:00;172602N232;197;11.747;32;222;222;222;223;0.947;49.98;397.1;0.226;407.2;0.227;0.0;0.000;60;0;0;1.041;0.861;0.940;41;74;80;49.98;49.98;49.98;5542;1000;0.0;0;1.0000;0;0
600;2014-02-25 16:40:00;172602N232;169;11.775;32;222;221;223;222;0.934;50.00;393.0;0.192;406.7;0.192;0.0;0.000;60;0;0;0.721;1.314;0.768;37;65;65;50.00;50.00;50.00;5542;1000;0.0;0;1.0000;0;0
600;2014-02-25 16:50:00;172602N232;119;11.795;32;222;223;223;221;0.933;50.03;386.4;0.134;398.9;0.135;0.0;0.000;60;0;0;1.023;1.017;0.759;11;39;67;50.03;50.03;50.03;5542;1000;0.0;0;1.0000;0;0
600;2014-02-25 17:00:00;172602N232;89;11.811;31;222;223;222;221;0.936;50.00;377.8;0.096;394.7;0.097;0.0;0.000;60;0;0;1.235;0.820;0.754;0;46;56;50.00;50.00;50.00;5542;1000;0.0;0;1.0000;0;0
600;2014-02-25 17:10:00;172602N232;78;11.823;31;221;222;221;219;0.929;49.98;373.1;0.082;391.4;0.085;0.0;0.000;60;0;0;1.389;0.706;0.693;0;52;45;49.98;49.98;49.98;5542;1000;0.0;0;1.0000;0;0
600;2014-02-25 17:20:00;172602N232;38;11.830;31;221;222;221;219;0.526;49.98;332.1;0.032;347.1;0.036;0.0;0.000;60;0;0;0.684;0.486;0.410;0;27;28;49.98;49.98;49.98;5542;1000;0.0;0;1.0000;0;0
600;2014-02-25 17:30:00;172602N232;1;11.831;30;219;221;219;218;0.064;49.97;251.5;0.000;252.1;0.000;0.0;0.000;60;0;0;0.097;0.055;0.042;0;3;2;49.97;49.97;49.97;5542;1000;0.0;0;1.0000;0;0
600;2014-02-25 17:40:00;172602N232;0;11.831;29;218;219;221;215;0.002;49.96;237.7;0.000;238.4;0.000;0.0;0.000;50;0;0;0.006;0.000;0.000;0;0;0;49.96;49.96;49.96;5542;1000;0.0;0;1.0000;0;0
600;2014-02-25 17:50:00;172602N232;0;11.831;27;218;218;221;216;0.000;50.03;227.5;0.000;228.4;0.000;0.0;0.000;50;0;0;0.000;0.000;0.000;0;0;0;50.03;50.03;50.03;5542;1000;0.0;0;1.0000;0;0
[wr_ende]
