20140703;230003;172602N232;My Plant;+0100
[wr_def_start]
172602N232;Inverter Type;Inverter Group;72602N232      
[wr_def_end]
[wr]
INTERVAL;TIMESTAMP;SERIAL;P_AC;E_DAY;T_WR;U_AC;U_AC_1;U_AC_2;U_AC_3;I_AC;F_AC;U_DC_1;I_DC_1;U_DC_2;I_DC_2;U_DC_3;I_DC_3;S;E_WR;M_WR;I_AC_1;I_AC_2;I_AC_3;P_AC_1;P_AC_2;P_AC_3;F_AC_1;F_AC_2;F_AC_3;R_DC;PC;PCS;PCS_LL;COS_PHI;COS_PHI_LL;S_COS_PHI
600;2014-07-03 04:00:00;172602N232;0;0.000;0;6;6;6;6;0.000;1.48;6.7;0.000;6.8;0.000;0.0;0.000;50;0;0;0.000;0.000;0.000;0;0;0;1.48;1.48;1.48;125;1000;0.0;0;1.0000;0;0
600;2014-07-03 04:10:00;172602N232;0;0.000;26;226;226;229;224;0.000;50.01;227.6;0.000;228.5;0.000;0.0;0.000;50;0;0;0.000;0.000;0.000;0;0;0;50.01;50.01;50.01;0;1000;0.0;0;1.0000;0;0
600;2014-07-03 04:20:00;172602N232;0;0.000;28;227;227;229;224;0.000;50.01;229.0;0.000;229.9;0.000;0.0;0.000;50;0;0;0.000;0.000;0.000;0;0;0;50.01;50.01;50.01;0;1000;0.0;0;1.0000;0;0
600;2014-07-03 04:30:00;172602N232;0;0.000;28;226;227;229;224;0.000;50.02;234.9;0.000;235.8;0.000;0.0;0.000;50;0;0;0.000;0.000;0.000;0;0;0;50.02;50.02;50.02;0;1000;0.0;0;1.0000;0;0
600;2014-07-03 04:40:00;172602N232;0;0.000;28;227;227;230;224;0.000;50.03;272.3;0.000;272.3;0.000;0.0;0.000;51;0;0;0.001;0.000;0.001;0;0;0;50.03;50.03;50.03;444;1000;0.0;0;1.0000;0;0
600;2014-07-03 04:50:00;172602N232;0;0.000;29;227;227;229;226;0.001;50.01;265.2;0.000;264.6;0.000;0.0;0.000;60;0;0;0.001;0.002;0.000;0;0;0;50.01;50.01;50.01;3950;1000;0.0;0;1.0000;0;0
600;2014-07-03 05:00:00;172602N232;1;0.000;29;227;227;229;225;0.125;50.02;265.2;0.000;266.4;0.000;0.0;0.000;60;0;0;0.131;0.163;0.082;1;0;4;50.02;50.02;50.02;4063;1000;0.0;0;1.0000;0;0
600;2014-07-03 05:10:00;172602N232;1;0.002;29;227;227;229;225;0.204;50.03;251.5;0.000;251.9;0.000;0.0;0.000;60;0;0;0.201;0.266;0.145;1;0;7;50.03;50.03;50.03;4078;1000;0.0;0;1.0000;0;0
600;2014-07-03 05:20:00;172602N232;16;0.005;30;226;226;228;225;0.372;50.04;285.2;0.009;299.4;0.011;0.0;0.000;60;0;0;0.407;0.452;0.259;4;1;16;50.04;50.04;50.04;4078;1000;0.0;0;1.0000;0;0
600;2014-07-03 05:30:00;172602N232;22;0.009;30;226;226;227;223;0.445;50.04;312.2;0.014;316.4;0.019;0.0;0.000;60;0;0;0.482;0.551;0.303;7;0;20;50.04;50.04;50.04;4078;1000;0.0;0;1.0000;0;0
600;2014-07-03 05:40:00;172602N232;28;0.013;30;226;226;227;224;0.485;50.03;321.0;0.021;329.8;0.025;0.0;0.000;60;0;0;0.492;0.606;0.357;2;6;24;50.03;50.03;50.03;4078;1000;0.0;0;1.0000;0;0
600;2014-07-03 05:50:00;172602N232;51;0.024;30;225;225;227;224;0.705;50.01;353.9;0.051;364.6;0.053;0.0;0.000;60;0;0;0.689;0.959;0.468;26;0;34;50.01;50.01;50.01;4078;1000;0.0;0;1.0000;0;0
600;2014-07-03 06:00:00;172602N232;93;0.040;31;226;225;228;225;0.931;50.00;377.5;0.105;381.5;0.107;0.0;0.000;60;0;0;0.744;1.327;0.722;36;0;60;50.00;50.00;50.00;4078;1000;0.0;0;1.0000;0;0
600;2014-07-03 06:10:00;172602N232;76;0.055;31;226;225;228;225;0.892;50.01;371.1;0.084;376.1;0.086;0.0;0.000;60;0;0;0.691;1.325;0.662;36;0;52;50.01;50.01;50.01;4078;1000;0.0;0;1.0000;0;0
600;2014-07-03 06:20:00;172602N232;49;0.066;31;225;223;227;224;0.724;50.01;353.4;0.048;361.1;0.051;0.0;0.000;60;0;0;0.573;1.105;0.494;33;0;37;50.01;50.01;50.01;4078;1000;0.0;0;1.0000;0;0
600;2014-07-03 06:30:00;172602N232;53;0.076;32;224;224;226;223;0.722;49.99;352.1;0.055;363.5;0.057;0.0;0.000;60;0;0;0.703;0.964;0.499;23;1;36;49.99;49.99;49.99;4078;1000;0.0;0;1.0000;0;0
600;2014-07-03 06:40:00;172602N232;60;0.089;32;223;222;224;222;0.926;50.00;362.4;0.065;368.2;0.068;0.0;0.000;60;0;0;0.807;1.258;0.715;17;0;49;50.00;50.00;50.00;4078;1000;0.0;0;1.0000;0;0
600;2014-07-03 06:50:00;172602N232;73;0.099;32;223;223;224;223;0.930;50.02;367.4;0.081;372.3;0.084;0.0;0.000;60;0;0;0.868;1.190;0.733;17;5;50;50.02;50.02;50.02;4078;1000;0.0;0;1.0000;0;0
600;2014-07-03 07:00:00;172602N232;102;0.115;33;224;224;225;223;0.965;49.99;381.4;0.115;379.6;0.119;0.0;0.000;60;0;0;0.870;1.259;0.768;27;14;62;49.99;49.99;49.99;4078;1000;0.0;0;1.0000;0;0
600;2014-07-03 07:10:00;172602N232;103;0.130;33;224;224;226;223;0.959;50.00;377.5;0.117;378.7;0.120;0.0;0.000;60;0;0;0.881;1.241;0.755;20;16;65;50.00;50.00;50.00;4078;1000;0.0;0;1.0000;0;0
600;2014-07-03 07:20:00;172602N232;111;0.146;33;223;223;225;222;0.944;50.00;378.2;0.128;381.8;0.132;0.0;0.000;60;0;0;0.835;1.250;0.747;31;12;67;50.00;50.00;50.00;4078;1000;0.0;0;1.0000;0;0
600;2014-07-03 07:30:00;172602N232;202;0.176;33;223;222;225;222;1.033;49.99;396.7;0.236;395.4;0.241;0.0;0.000;60;0;0;0.945;1.336;0.820;61;52;87;49.99;49.99;49.99;4078;1000;0.0;0;1.0000;0;0
600;2014-07-03 07:40:00;172602N232;323;0.230;34;223;222;227;221;1.215;50.01;411.0;0.376;404.7;0.386;0.0;0.000;60;0;0;1.146;1.487;1.013;104;91;127;50.01;50.01;50.01;4078;1000;0.0;0;1.0000;0;0
600;2014-07-03 07:50:00;172602N232;413;0.299;34;223;223;226;219;1.054;50.02;416.7;0.481;408.9;0.493;0.0;0.000;60;0;0;1.007;1.186;0.971;126;140;145;50.02;50.02;50.02;4078;1000;0.0;0;1.0000;0;0
600;2014-07-03 08:00:00;172602N232;302;0.350;34;223;223;226;220;1.098;50.01;403.6;0.358;403.5;0.361;0.0;0.000;60;0;0;1.130;1.272;0.894;101;102;97;50.01;50.01;50.01;4078;1000;0.0;0;1.0000;0;0
600;2014-07-03 08:10:00;172602N232;263;0.394;34;222;223;224;220;1.113;50.01;406.6;0.305;399.2;0.315;0.0;0.000;60;0;0;1.206;1.287;0.848;77;88;97;50.01;50.01;50.01;4078;1000;0.0;0;1.0000;0;0
600;2014-07-03 08:20:00;172602N232;247;0.435;34;221;222;223;220;1.082;50.01;405.8;0.287;398.0;0.294;0.0;0.000;60;0;0;1.170;1.268;0.810;63;93;88;50.01;50.01;50.01;4078;1000;0.0;0;1.0000;0;0
600;2014-07-03 08:30:00;172602N232;191;0.467;35;221;221;222;219;0.961;50.00;397.0;0.222;391.9;0.226;0.0;0.000;60;0;0;0.911;1.244;0.730;27;79;83;50.00;50.00;50.00;4078;1000;0.0;0;1.0000;0;0
600;2014-07-03 08:40:00;172602N232;188;0.499;35;222;222;223;220;0.984;49.99;392.5;0.221;391.3;0.224;0.0;0.000;60;0;0;0.975;1.211;0.766;39;66;80;49.99;49.99;49.99;4078;1000;0.0;0;1.0000;0;0
600;2014-07-03 08:50:00;172602N232;371;0.561;35;223;224;224;222;1.192;49.98;400.3;0.447;406.4;0.446;0.0;0.000;60;0;0;1.247;1.221;1.108;94;138;137;49.98;49.98;49.98;4078;1000;0.0;0;1.0000;0;0
600;2014-07-03 09:00:00;172602N232;443;0.634;35;223;223;225;221;0.767;49.96;415.2;0.521;410.9;0.530;0.0;0.000;60;0;0;0.727;0.805;0.770;136;157;148;49.96;49.96;49.96;4078;1000;0.0;0;1.0000;0;0
600;2014-07-03 09:10:00;172602N232;916;0.788;35;223;223;225;221;1.399;50.00;424.8;1.067;417.4;1.100;0.0;0.000;60;0;0;1.346;1.443;1.409;292;318;305;50.00;50.00;50.00;4078;1000;0.0;0;1.0000;0;0
600;2014-07-03 09:20:00;172602N232;1248;0.996;35;222;222;224;221;1.928;50.02;428.7;1.451;418.0;1.500;0.0;0.000;60;0;0;1.871;1.978;1.937;401;429;415;50.02;50.02;50.02;4078;1000;0.0;0;1.0000;0;0
600;2014-07-03 09:30:00;172602N232;829;1.133;36;223;222;225;223;1.290;50.01;416.7;0.988;410.8;0.999;0.0;0.000;60;0;0;1.236;1.329;1.305;262;286;279;50.01;50.01;50.01;4078;1000;0.0;0;1.0000;0;0
600;2014-07-03 09:40:00;172602N232;669;1.246;36;224;224;226;224;1.150;50.01;409.3;0.800;407.0;0.816;0.0;0.000;60;0;0;1.112;1.196;1.142;210;234;222;50.01;50.01;50.01;4078;1000;0.0;0;1.0000;0;0
600;2014-07-03 09:50:00;172602N232;1215;1.448;36;225;225;227;224;1.837;50.01;428.3;1.415;419.1;1.456;0.0;0.000;60;0;0;1.786;1.882;1.844;391;418;404;50.01;50.01;50.01;4078;1000;0.0;0;1.0000;0;0
600;2014-07-03 10:00:00;172602N232;1580;1.712;37;226;227;228;224;2.339;50.01;425.2;1.870;420.6;1.881;0.0;0.000;60;0;0;2.282;2.401;2.335;514;544;520;50.01;50.01;50.01;4078;1000;0.0;0;1.0000;0;0
600;2014-07-03 10:10:00;172602N232;1733;2.001;37;226;226;228;224;2.570;50.01;421.0;2.080;418.3;2.073;0.0;0.000;60;0;0;2.515;2.635;2.561;565;596;570;50.01;50.01;50.01;4078;1000;0.0;0;1.0000;0;0
600;2014-07-03 10:20:00;172602N232;2269;2.379;37;226;227;229;224;3.363;50.00;418.5;2.765;418.2;2.698;0.0;0.000;60;0;0;3.317;3.437;3.337;745;782;740;50.00;50.00;50.00;4078;1000;0.0;0;1.0000;0;0
600;2014-07-03 10:30:00;172602N232;1312;2.599;38;225;225;227;223;1.974;50.00;411.7;1.600;409.7;1.601;0.0;0.000;60;0;0;1.933;2.022;1.969;427;452;432;50.00;50.00;50.00;4078;1000;0.0;0;1.0000;0;0
600;2014-07-03 10:40:00;172602N232;1112;2.785;38;225;225;227;224;1.685;50.01;417.7;1.327;408.9;1.360;0.0;0.000;60;0;0;1.641;1.722;1.694;358;382;370;50.01;50.01;50.01;4078;1000;0.0;0;1.0000;0;0
600;2014-07-03 10:50:00;172602N232;1727;3.072;39;225;225;226;223;2.578;50.01;418.3;2.086;415.8;2.074;0.0;0.000;60;0;0;2.539;2.622;2.573;567;588;570;50.01;50.01;50.01;4078;1000;0.0;0;1.0000;0;0
600;2014-07-03 11:00:00;172602N232;2190;3.437;39;225;225;228;223;3.254;50.00;415.3;2.679;414.6;2.643;0.0;0.000;60;0;0;3.201;3.333;3.230;717;755;716;50.00;50.00;50.00;4078;1000;0.0;0;1.0000;0;0
600;2014-07-03 11:10:00;172602N232;1833;3.742;39;224;225;227;220;2.742;50.00;414.4;2.234;411.8;2.225;0.0;0.000;60;0;0;2.699;2.818;2.711;602;636;593;50.00;50.00;50.00;4078;1000;0.0;0;1.0000;0;0
600;2014-07-03 11:20:00;172602N232;2147;4.100;39;224;225;227;222;3.205;50.00;411.8;2.642;411.7;2.608;0.0;0.000;60;0;0;3.163;3.275;3.178;707;738;700;50.00;50.00;50.00;4078;1000;0.0;0;1.0000;0;0
600;2014-07-03 11:30:00;172602N232;2547;4.525;40;224;225;227;222;3.799;49.99;410.4;3.162;410.2;3.115;0.0;0.000;60;0;0;3.770;3.875;3.754;844;874;827;49.99;49.99;49.99;4078;1000;0.0;0;1.0000;0;0
600;2014-07-03 11:40:00;172602N232;2345;4.915;40;225;226;228;219;3.493;50.01;405.6;2.941;405.6;2.894;0.0;0.000;60;0;0;3.459;3.599;3.421;779;818;746;50.01;50.01;50.01;4078;1000;0.0;0;1.0000;0;0
600;2014-07-03 11:50:00;172602N232;2942;5.406;40;225;226;228;220;4.370;50.00;407.4;3.673;403.6;3.677;0.0;0.000;60;0;0;4.342;4.477;4.291;978;1019;942;50.00;50.00;50.00;4078;1000;0.0;0;1.0000;0;0
600;2014-07-03 12:00:00;172602N232;1818;5.709;41;226;227;229;221;2.699;50.01;409.4;2.241;404.0;2.259;0.0;0.000;60;0;0;2.663;2.780;2.656;600;633;583;50.01;50.01;50.01;4078;1000;0.0;0;1.0000;0;0
600;2014-07-03 12:10:00;172602N232;2687;6.158;41;228;228;232;223;3.949;50.03;407.1;3.347;404.8;3.344;0.0;0.000;60;0;0;3.907;4.053;3.887;888;935;862;50.03;50.03;50.03;4078;1000;0.0;0;1.0000;0;0
600;2014-07-03 12:20:00;172602N232;3213;6.692;41;229;229;233;224;4.683;50.00;402.6;4.072;401.0;4.053;0.0;0.000;60;0;0;4.641;4.808;4.601;1064;1117;1029;50.00;50.00;50.00;4078;1000;0.0;0;1.0000;0;0
600;2014-07-03 12:30:00;172602N232;2985;7.190;41;228;231;233;222;4.359;50.02;395.4;3.848;393.8;3.822;0.0;0.000;60;0;0;4.337;4.499;4.241;999;1045;939;50.02;50.02;50.02;4078;1000;0.0;0;1.0000;0;0
600;2014-07-03 12:40:00;172602N232;2940;7.680;42;229;230;233;224;4.287;50.03;406.0;3.666;399.9;3.721;0.0;0.000;60;0;0;4.251;4.401;4.211;974;1023;941;50.03;50.03;50.03;4078;1000;0.0;0;1.0000;0;0
600;2014-07-03 12:50:00;172602N232;2187;8.044;42;229;230;232;224;3.203;50.00;407.8;2.701;399.0;2.771;0.0;0.000;60;0;0;3.164;3.290;3.155;722;760;704;50.00;50.00;50.00;4078;1000;0.0;0;1.0000;0;0
600;2014-07-03 13:00:00;172602N232;3140;8.567;42;230;230;235;227;4.551;50.01;405.5;3.924;401.6;3.955;0.0;0.000;60;0;0;4.477;4.668;4.510;1025;1092;1021;50.01;50.01;50.01;4078;1000;0.0;0;1.0000;0;0
600;2014-07-03 13:10:00;172602N232;2910;9.053;43;230;229;234;228;4.223;50.00;405.1;3.637;399.9;3.673;0.0;0.000;60;0;0;4.150;4.320;4.199;948;1008;952;50.00;50.00;50.00;4078;1000;0.0;0;1.0000;0;0
600;2014-07-03 13:20:00;172602N232;1722;9.340;43;229;229;233;227;2.514;49.99;410.4;2.108;402.6;2.155;0.0;0.000;60;0;0;2.450;2.584;2.508;557;597;566;49.99;49.99;49.99;4078;1000;0.0;0;1.0000;0;0
600;2014-07-03 13:30:00;172602N232;1696;9.624;43;226;226;229;222;2.517;50.01;420.0;2.014;408.3;2.102;0.0;0.000;60;0;0;2.459;2.596;2.497;552;590;552;50.01;50.01;50.01;4078;1000;0.0;0;1.0000;0;0
600;2014-07-03 13:40:00;172602N232;2720;10.077;43;226;226;230;221;4.032;50.01;413.8;3.312;406.5;3.384;0.0;0.000;60;0;0;3.980;4.140;3.976;894;947;877;50.01;50.01;50.01;4078;1000;0.0;0;1.0000;0;0
600;2014-07-03 13:50:00;172602N232;1723;10.365;43;225;225;229;222;2.561;49.98;410.4;2.101;404.2;2.153;0.0;0.000;60;0;0;2.507;2.639;2.539;561;599;561;49.98;49.98;49.98;4078;1000;0.0;0;1.0000;0;0
600;2014-07-03 14:00:00;172602N232;2545;10.789;42;226;226;230;223;3.758;49.99;418.3;3.054;407.1;3.175;0.0;0.000;60;0;0;3.689;3.867;3.718;830;886;826;49.99;49.99;49.99;4078;1000;0.0;0;1.0000;0;0
600;2014-07-03 14:10:00;172602N232;2625;11.227;42;227;227;231;225;3.864;50.00;411.4;3.211;402.3;3.308;0.0;0.000;60;0;0;3.789;3.958;3.845;854;910;859;50.00;50.00;50.00;4078;1000;0.0;0;1.0000;0;0
600;2014-07-03 14:20:00;172602N232;2497;11.643;43;228;228;232;225;3.664;50.01;415.5;3.011;403.1;3.150;0.0;0.000;60;0;0;3.595;3.753;3.646;813;865;817;50.01;50.01;50.01;4078;1000;0.0;0;1.0000;0;0
600;2014-07-03 14:30:00;172602N232;1808;11.945;43;225;224;229;223;2.690;50.01;413.7;2.183;403.9;2.265;0.0;0.000;60;0;0;2.614;2.767;2.691;582;628;597;50.01;50.01;50.01;4078;1000;0.0;0;1.0000;0;0
600;2014-07-03 14:40:00;172602N232;1768;12.240;43;226;225;230;223;2.629;50.00;412.3;2.135;407.6;2.198;0.0;0.000;60;0;0;2.562;2.714;2.613;571;617;577;50.00;50.00;50.00;4078;1000;0.0;0;1.0000;0;0
600;2014-07-03 14:50:00;172602N232;1856;12.547;43;226;225;229;223;2.754;49.99;418.8;2.211;408.1;2.304;0.0;0.000;60;0;0;2.696;2.833;2.735;604;645;605;49.99;49.99;49.99;4078;1000;0.0;0;1.0000;0;0
600;2014-07-03 15:00:00;172602N232;1638;12.821;43;226;226;229;223;2.441;50.00;417.7;1.959;409.0;2.020;0.0;0.000;60;0;0;2.379;2.508;2.436;530;568;538;50.00;50.00;50.00;4078;1000;0.0;0;1.0000;0;0
600;2014-07-03 15:10:00;172602N232;1569;13.083;42;224;223;226;221;2.361;50.01;411.0;1.901;407.1;1.948;0.0;0.000;60;0;0;2.302;2.425;2.357;508;543;515;50.01;50.01;50.01;4078;1000;0.0;0;1.0000;0;0
600;2014-07-03 15:20:00;172602N232;2206;13.451;42;224;223;227;221;3.308;50.01;411.2;2.688;406.2;2.754;0.0;0.000;60;0;0;3.247;3.385;3.292;720;761;722;50.01;50.01;50.01;4078;1000;0.0;0;1.0000;0;0
600;2014-07-03 15:30:00;172602N232;1561;13.712;43;222;223;225;219;2.376;50.01;411.7;1.898;403.5;1.948;0.0;0.000;60;0;0;2.337;2.433;2.360;511;538;510;50.01;50.01;50.01;4078;1000;0.0;0;1.0000;0;0
600;2014-07-03 15:40:00;172602N232;1163;13.905;43;226;226;228;223;1.770;50.01;413.2;1.406;407.2;1.429;0.0;0.000;60;0;0;1.729;1.815;1.768;375;403;383;50.01;50.01;50.01;4078;1000;0.0;0;1.0000;0;0
600;2014-07-03 15:50:00;172602N232;923;14.059;42;226;227;227;224;1.397;50.00;406.5;1.122;405.8;1.141;0.0;0.000;60;0;0;1.356;1.433;1.403;297;318;306;50.00;50.00;50.00;4078;1000;0.0;0;1.0000;0;0
600;2014-07-03 16:00:00;172602N232;860;14.203;42;226;226;227;224;1.305;49.99;410.1;1.038;405.1;1.063;0.0;0.000;60;0;0;1.260;1.345;1.311;275;297;285;49.99;49.99;49.99;4078;1000;0.0;0;1.0000;0;0
600;2014-07-03 16:10:00;172602N232;851;14.344;42;227;227;228;225;1.288;50.00;417.9;1.004;406.8;1.047;0.0;0.000;60;0;0;1.240;1.329;1.296;272;295;282;50.00;50.00;50.00;4078;1000;0.0;0;1.0000;0;0
600;2014-07-03 16:20:00;172602N232;647;14.453;42;227;228;229;225;1.184;49.99;404.2;0.780;403.1;0.799;0.0;0.000;60;0;0;1.255;1.170;1.129;210;222;214;49.99;49.99;49.99;4078;1000;0.0;0;1.0000;0;0
600;2014-07-03 16:30:00;172602N232;1588;14.717;42;228;229;229;227;2.357;49.99;415.7;1.897;413.2;1.956;0.0;0.000;60;0;0;2.325;2.397;2.351;520;542;524;49.99;49.99;49.99;4078;1000;0.0;0;1.0000;0;0
600;2014-07-03 16:40:00;172602N232;2376;15.114;42;227;227;228;225;3.508;50.01;407.6;2.897;409.7;2.970;0.0;0.000;60;0;0;3.464;3.559;3.502;782;807;784;50.01;50.01;50.01;4078;1000;0.0;0;1.0000;0;0
600;2014-07-03 16:50:00;172602N232;2573;15.542;42;228;229;230;226;3.775;50.01;399.9;3.203;404.6;3.256;0.0;0.000;60;0;0;3.742;3.841;3.743;853;878;840;50.01;50.02;50.01;4078;1000;0.0;0;1.0000;0;0
600;2014-07-03 17:00:00;172602N232;1697;15.826;42;227;228;229;225;2.523;50.00;401.0;2.121;401.6;2.142;0.0;0.000;60;0;0;2.493;2.570;2.507;559;581;555;50.00;50.00;50.00;4078;1000;0.0;0;1.0000;0;0
600;2014-07-03 17:10:00;172602N232;1027;15.996;42;225;226;227;222;1.576;50.00;407.5;1.256;403.3;1.277;0.0;0.000;60;0;0;1.540;1.618;1.572;332;356;337;50.00;50.00;50.00;4078;1000;0.0;0;1.0000;0;0
600;2014-07-03 17:20:00;172602N232;823;16.133;42;223;224;223;221;1.308;49.99;407.5;0.999;404.2;1.014;0.0;0.000;60;0;0;1.294;1.318;1.313;265;280;276;49.99;49.99;49.99;4078;1000;0.0;0;1.0000;0;0
600;2014-07-03 17:30:00;172602N232;502;16.219;42;223;224;223;221;1.081;50.00;405.6;0.604;397.3;0.622;0.0;0.000;60;0;0;1.100;1.104;1.040;150;182;169;50.00;50.00;50.00;4078;1000;0.0;0;1.0000;0;0
600;2014-07-03 17:40:00;172602N232;612;16.321;42;222;223;223;219;1.040;50.01;410.7;0.733;401.8;0.755;0.0;0.000;60;0;0;1.051;1.048;1.023;197;210;203;50.01;50.01;50.01;4078;1000;0.0;0;1.0000;0;0
600;2014-07-03 17:50:00;172602N232;360;16.380;42;223;223;225;220;1.046;50.02;399.8;0.432;392.7;0.443;0.0;0.000;60;0;0;1.083;1.146;0.911;109;127;122;50.02;50.02;50.02;4078;1000;0.0;0;1.0000;0;0
600;2014-07-03 18:00:00;172602N232;136;16.403;41;223;222;226;223;0.985;50.00;377.8;0.160;374.5;0.166;0.0;0.000;60;0;0;0.747;1.427;0.782;54;10;75;50.00;50.00;50.00;4078;1000;0.0;0;1.0000;0;0
600;2014-07-03 18:10:00;172602N232;77;16.416;41;223;220;225;223;0.887;49.99;362.4;0.087;361.3;0.093;0.0;0.000;60;0;0;0.652;1.348;0.661;42;0;49;49.99;49.99;49.99;4078;1000;0.0;0;1.0000;0;0
600;2014-07-03 18:20:00;172602N232;101;16.434;41;223;221;227;222;0.900;49.99;371.5;0.114;368.0;0.121;0.0;0.000;60;0;0;0.681;1.363;0.658;45;1;61;49.99;49.99;49.99;4078;1000;0.0;0;1.0000;0;0
600;2014-07-03 18:30:00;172602N232;108;16.452;40;224;222;227;223;0.922;49.98;374.8;0.124;371.4;0.130;0.0;0.000;60;0;0;0.754;1.312;0.700;44;5;63;49.98;49.98;49.98;4078;1000;0.0;0;1.0000;0;0
600;2014-07-03 18:40:00;172602N232;97;16.469;40;223;220;227;223;0.886;49.99;371.2;0.110;369.3;0.115;0.0;0.000;60;0;0;0.657;1.357;0.644;48;0;56;49.99;49.99;49.99;4078;1000;0.0;0;1.0000;0;0
600;2014-07-03 18:50:00;172602N232;186;16.499;40;224;222;227;223;0.980;50.01;390.9;0.219;385.5;0.225;0.0;0.000;60;0;0;0.879;1.327;0.736;62;45;77;50.01;50.01;50.01;4078;1000;0.0;0;1.0000;0;0
600;2014-07-03 19:00:00;172602N232;107;16.517;39;225;223;227;224;0.940;50.00;369.9;0.125;372.6;0.129;0.0;0.000;60;0;0;0.755;1.351;0.715;42;5;62;50.00;50.00;50.00;4078;1000;0.0;0;1.0000;0;0
600;2014-07-03 19:10:00;172602N232;71;16.530;39;224;223;226;223;0.870;50.00;361.7;0.079;363.0;0.083;0.0;0.000;60;0;0;0.784;1.162;0.664;21;5;50;50.00;50.00;50.00;4078;1000;0.0;0;1.0000;0;0
600;2014-07-03 19:20:00;172602N232;107;16.547;39;224;223;226;222;0.917;49.99;374.1;0.123;373.0;0.127;0.0;0.000;60;0;0;0.854;1.176;0.721;25;16;65;49.99;49.99;49.99;4078;1000;0.0;0;1.0000;0;0
600;2014-07-03 19:30:00;172602N232;169;16.576;39;224;225;225;223;0.932;49.99;387.9;0.199;384.7;0.202;0.0;0.000;60;0;0;1.069;0.971;0.758;23;69;76;49.99;49.99;49.99;4078;1000;0.0;0;1.0000;0;0
600;2014-07-03 19:40:00;172602N232;77;16.589;38;224;225;223;223;0.864;50.00;363.8;0.086;366.4;0.090;0.0;0.000;60;0;0;1.293;0.654;0.645;0;52;41;50.00;50.00;50.00;4078;1000;0.0;0;1.0000;0;0
600;2014-07-03 19:50:00;172602N232;51;16.597;38;222;223;223;221;0.715;50.00;345.6;0.053;354.6;0.056;0.0;0.000;60;0;0;0.940;0.641;0.564;0;31;33;50.00;50.00;50.00;4078;1000;0.0;0;1.0000;0;0
600;2014-07-03 20:00:00;172602N232;96;16.614;38;222;223;223;222;0.864;50.01;373.2;0.109;373.0;0.113;0.0;0.000;60;0;0;1.016;0.878;0.700;9;38;54;50.01;50.01;50.01;4078;1000;0.0;0;1.0000;0;0
600;2014-07-03 20:10:00;172602N232;104;16.632;38;223;225;224;222;0.918;50.01;373.7;0.119;374.8;0.122;0.0;0.000;60;0;0;1.201;0.849;0.705;3;53;57;50.01;50.01;50.01;4078;1000;0.0;0;1.0000;0;0
600;2014-07-03 20:20:00;172602N232;52;16.641;38;224;226;225;220;0.744;50.00;347.1;0.054;353.6;0.058;0.0;0.000;60;0;0;1.011;0.656;0.566;0;35;41;50.00;50.00;50.00;4078;1000;0.0;0;1.0000;0;0
600;2014-07-03 20:30:00;172602N232;20;16.644;38;224;225;225;222;0.372;49.99;285.7;0.013;297.3;0.017;0.0;0.000;60;0;0;0.497;0.359;0.260;2;10;17;49.99;49.99;49.99;4078;1000;0.0;0;1.0000;0;0
600;2014-07-03 20:40:00;172602N232;4;16.646;37;225;226;225;223;0.224;50.00;251.9;0.000;252.8;0.001;0.0;0.000;60;0;0;0.313;0.189;0.171;0;8;9;50.00;50.00;50.00;4078;1000;0.0;0;1.0000;0;0
600;2014-07-03 20:50:00;172602N232;14;16.648;37;224;227;222;225;0.371;49.98;275.4;0.008;285.7;0.011;0.0;0.000;60;0;0;0.504;0.302;0.309;0;20;16;49.98;49.98;49.98;4078;1000;0.0;0;1.0000;0;0
600;2014-07-03 21:00:00;172602N232;22;16.652;37;225;226;225;224;0.434;49.99;300.6;0.017;309.6;0.020;0.0;0.000;60;0;0;0.551;0.425;0.326;0;15;18;49.99;49.99;49.99;4078;1000;0.0;0;1.0000;0;0
600;2014-07-03 21:10:00;172602N232;11;16.654;37;225;226;227;223;0.329;50.01;267.2;0.004;274.4;0.007;0.0;0.000;60;0;0;0.421;0.356;0.210;3;4;13;50.01;50.01;50.01;4078;1000;0.0;0;1.0000;0;0
600;2014-07-03 21:20:00;172602N232;0;16.653;37;225;226;227;223;0.059;50.00;261.4;0.000;261.1;0.000;0.0;0.000;50;0;0;0.076;0.056;0.047;0;1;2;50.00;50.00;50.00;4078;1000;0.0;0;1.0000;0;0
600;2014-07-03 21:30:00;172602N232;0;16.653;35;224;224;228;221;0.000;50.01;268.0;0.000;268.0;0.000;0.0;0.000;50;0;0;0.000;0.000;0.000;0;0;0;50.01;50.01;50.01;4078;1000;0.0;0;1.0000;0;0
600;2014-07-03 21:40:00;172602N232;0;16.653;35;224;225;227;221;0.000;50.02;241.9;0.000;242.8;0.000;0.0;0.000;50;0;0;0.000;0.000;0.000;0;0;0;50.02;50.02;50.02;4078;1000;0.0;0;1.0000;0;0
600;2014-07-03 21:50:00;172602N232;0;16.653;35;224;225;226;222;0.000;49.98;229.9;0.000;230.8;0.000;0.0;0.000;50;0;0;0.000;0.000;0.000;0;0;0;49.98;49.98;49.98;4078;1000;0.0;0;1.0000;0;0
600;2014-07-03 22:00:00;172602N232;0;16.653;34;224;224;226;221;0.000;49.99;227.3;0.000;228.3;0.000;0.0;0.000;50;0;0;0.000;0.000;0.000;0;0;0;49.99;49.99;49.99;4078;1000;0.0;0;1.0000;0;0
600;2014-07-03 22:10:00;172602N232;0;16.653;34;223;224;225;221;0.000;50.00;228.0;0.000;228.9;0.000;0.0;0.000;50;0;0;0.000;0.000;0.000;0;0;0;50.00;50.00;50.00;4078;1000;0.0;0;1.0000;0;0
[wr_ende]
