20130314;230000;172602N232;My Plant;+0100
[wr_def_start]
172602N232;Inverter Type;Inverter Group;72602N232      
[wr_def_end]
[wr]
INTERVAL;TIMESTAMP;SERIAL;P_AC;E_DAY;T_WR;U_AC;U_AC_1;U_AC_2;U_AC_3;I_AC;F_AC;U_DC_1;I_DC_1;U_DC_2;I_DC_2;U_DC_3;I_DC_3;S;E_WR;M_WR;I_AC_1;I_AC_2;I_AC_3;P_AC_1;P_AC_2;P_AC_3;F_AC_1;F_AC_2;F_AC_3;R_DC;PC;PCS;PCS_LL;COS_PHI;COS_PHI_LL;S_COS_PHI
600;2013-03-14 06:10:00;172602N232;0;0.000;0;2;2;2;2;0.000;0.49;2.1;0.000;2.1;0.000;0.0;0.000;50;0;0;0.000;0.000;0.000;0;0;0;0.49;0.49;0.49;98;1000;0.0;0;1.0000;0;0
600;2013-03-14 06:20:00;172602N232;0;0.000;12;220;221;223;218;0.000;49.99;226.6;0.000;227.5;0.000;0.0;0.000;50;0;0;0.000;0.000;0.000;0;0;0;49.99;49.99;49.99;0;1000;0.0;0;1.0000;0;0
600;2013-03-14 06:30:00;172602N232;0;0.000;15;220;221;223;218;0.000;49.99;230.2;0.000;231.1;0.000;0.0;0.000;50;0;0;0.000;0.000;0.000;0;0;0;49.99;49.99;49.99;0;1000;0.0;0;1.0000;0;0
600;2013-03-14 06:40:00;172602N232;0;0.000;16;221;222;224;218;0.000;49.97;231.0;0.000;232.0;0.000;0.0;0.000;50;0;0;0.000;0.000;0.000;0;0;0;49.97;49.97;49.97;0;1000;0.0;0;1.0000;0;0
600;2013-03-14 06:50:00;172602N232;0;0.000;16;221;221;224;219;0.000;49.99;249.4;0.000;250.0;0.000;0.0;0.000;50;0;0;0.000;0.000;0.000;0;0;0;49.99;49.99;49.99;0;1000;0.0;0;1.0000;0;0
600;2013-03-14 07:00:00;172602N232;0;0.000;16;221;221;222;219;0.003;50.04;304.1;0.000;303.0;0.000;0.0;0.000;60;0;0;0.004;0.003;0.002;0;0;0;50.04;50.04;50.04;11617;1000;0.0;0;1.0000;0;0
600;2013-03-14 07:10:00;172602N232;0;0.000;17;220;221;221;219;0.025;50.01;276.4;0.000;276.6;0.000;0.0;0.000;60;0;0;0.036;0.025;0.016;0;1;0;50.01;50.01;50.01;14357;1000;0.0;0;1.0000;0;0
600;2013-03-14 07:20:00;172602N232;2;0.001;17;220;220;220;219;0.135;50.00;251.5;0.000;252.0;0.000;0.0;0.000;60;0;0;0.195;0.121;0.091;0;4;4;50.00;50.00;50.00;14352;1000;0.0;0;1.0000;0;0
600;2013-03-14 07:30:00;172602N232;8;0.004;17;219;219;220;219;0.257;50.00;259.1;0.002;254.7;0.006;0.0;0.000;60;0;0;0.353;0.218;0.201;1;8;7;50.00;50.00;50.00;14352;1000;0.0;0;1.0000;0;0
600;2013-03-14 07:40:00;172602N232;16;0.009;18;219;220;219;218;0.363;50.01;319.3;0.012;254.1;0.015;0.0;0.000;60;0;0;0.531;0.294;0.266;0;17;14;50.01;50.01;50.01;14352;1000;0.0;0;1.0000;0;0
600;2013-03-14 07:50:00;172602N232;30;0.016;18;219;220;218;219;0.459;49.99;336.6;0.041;287.0;0.029;0.0;0.000;60;0;0;0.559;0.383;0.437;1;25;14;49.99;49.99;49.99;14352;1000;0.0;0;1.0000;0;0
600;2013-03-14 08:00:00;172602N232;64;0.027;19;222;223;222;223;0.677;49.99;358.3;0.097;283.7;0.076;0.0;0.000;60;0;0;0.831;0.599;0.601;5;37;24;49.99;49.99;49.99;14352;1000;0.0;0;1.0000;0;0
600;2013-03-14 08:10:00;172602N232;116;0.046;19;222;223;223;220;0.982;49.99;385.1;0.206;356.0;0.083;0.0;0.000;60;0;0;1.409;0.805;0.734;2;56;61;49.99;49.99;49.99;14352;1000;0.0;0;1.0000;0;0
600;2013-03-14 08:20:00;172602N232;146;0.068;20;222;223;223;220;0.972;49.99;430.2;0.231;267.5;0.148;0.0;0.000;60;0;0;1.181;0.969;0.767;14;58;72;49.99;49.99;49.99;14352;1000;0.0;0;1.0000;0;0
600;2013-03-14 08:30:00;172602N232;112;0.089;20;221;223;220;221;0.897;49.99;305.3;0.270;310.5;0.103;0.0;0.000;60;0;0;1.260;0.702;0.731;0;63;61;49.99;49.99;49.99;14352;1000;0.0;0;1.0000;0;0
600;2013-03-14 08:40:00;172602N232;125;0.113;21;222;223;221;220;1.018;49.99;324.1;0.278;345.6;0.089;0.0;0.000;60;0;0;1.550;0.784;0.720;0;71;66;49.99;49.99;49.99;14352;1000;0.0;0;1.0000;0;0
600;2013-03-14 08:50:00;172602N232;157;0.140;21;222;223;222;220;1.172;49.99;290.7;0.376;319.1;0.155;0.0;0.000;60;0;0;1.772;0.974;0.771;5;92;71;49.99;49.99;49.99;14352;1000;0.0;0;1.0000;0;0
600;2013-03-14 09:00:00;172602N232;202;0.169;22;221;222;221;219;1.051;50.01;329.6;0.367;275.9;0.302;0.0;0.000;60;0;0;1.385;0.899;0.869;26;87;88;50.01;50.01;50.01;14352;1000;0.0;0;1.0000;0;0
600;2013-03-14 09:10:00;172602N232;203;0.199;22;220;221;221;219;1.052;49.99;349.2;0.234;333.1;0.362;0.0;0.000;60;0;0;1.368;0.950;0.839;33;87;82;49.99;49.99;49.99;14352;1000;0.0;0;1.0000;0;0
600;2013-03-14 09:20:00;172602N232;180;0.229;22;222;223;224;219;1.185;50.00;365.2;0.127;282.1;0.475;0.0;0.000;60;0;0;1.748;0.958;0.851;12;84;93;50.00;50.00;50.00;14352;1000;0.0;0;1.0000;0;0
600;2013-03-14 09:30:00;172602N232;146;0.254;22;223;224;225;220;1.075;50.01;432.2;0.098;269.3;0.368;0.0;0.000;60;0;0;1.551;0.927;0.748;8;64;79;50.01;50.01;50.01;14352;1000;0.0;0;1.0000;0;0
600;2013-03-14 09:40:00;172602N232;117;0.274;22;222;224;224;220;1.007;50.02;460.1;0.084;315.8;0.220;0.0;0.000;60;0;0;1.487;0.791;0.744;1;60;63;50.02;50.02;50.02;14352;1000;0.0;0;1.0000;0;0
600;2013-03-14 09:50:00;172602N232;140;0.297;23;223;225;223;222;1.038;50.02;473.7;0.126;323.3;0.216;0.0;0.000;60;0;0;1.486;0.852;0.777;2;80;63;50.02;50.02;50.02;14352;1000;0.0;0;1.0000;0;0
600;2013-03-14 10:00:00;172602N232;337;0.353;23;224;225;223;224;1.137;50.00;491.0;0.364;478.1;0.287;0.0;0.000;60;0;0;1.279;1.110;1.024;90;139;106;50.00;50.00;50.00;14352;1000;0.0;0;1.0000;0;0
600;2013-03-14 10:10:00;172602N232;487;0.435;23;225;226;224;224;1.064;50.00;495.5;0.535;492.7;0.413;0.0;0.000;60;0;0;1.078;1.091;1.025;155;175;155;50.00;50.00;50.00;14352;1000;0.0;0;1.0000;0;0
600;2013-03-14 10:20:00;172602N232;442;0.508;23;226;226;226;225;0.998;50.01;490.8;0.475;488.2;0.390;0.0;0.000;60;0;0;1.011;1.026;0.959;133;161;146;50.01;50.01;50.01;14352;1000;0.0;0;1.0000;0;0
600;2013-03-14 10:30:00;172602N232;543;0.599;24;225;224;227;225;0.860;50.00;494.5;0.587;492.9;0.481;0.0;0.000;60;0;0;0.804;0.903;0.875;167;191;184;50.00;50.00;50.00;14352;1000;0.0;0;1.0000;0;0
600;2013-03-14 10:40:00;172602N232;542;0.690;24;225;224;226;224;0.861;50.00;489.8;0.616;489.9;0.458;0.0;0.000;60;0;0;0.810;0.901;0.872;168;190;183;50.00;50.00;50.00;14352;1000;0.0;0;1.0000;0;0
600;2013-03-14 10:50:00;172602N232;574;0.786;24;224;225;225;224;0.902;50.00;382.5;1.085;487.8;0.388;0.0;0.000;60;0;0;0.853;0.942;0.911;179;201;193;50.00;50.00;50.00;14352;1000;0.0;0;1.0000;0;0
600;2013-03-14 11:00:00;172602N232;716;0.906;25;225;226;226;225;1.101;49.98;405.6;1.372;484.4;0.317;0.0;0.000;60;0;0;1.052;1.140;1.112;227;248;240;49.98;49.98;49.98;14352;1000;0.0;0;1.0000;0;0
600;2013-03-14 11:10:00;172602N232;906;1.056;25;225;225;225;224;1.525;49.99;391.5;2.019;486.0;0.305;0.0;0.000;60;0;0;1.540;1.528;1.508;297;306;301;49.99;49.99;49.99;14352;1000;0.0;0;1.0000;0;0
600;2013-03-14 11:20:00;172602N232;1572;1.318;25;225;225;226;224;2.389;49.99;429.6;3.072;495.9;0.509;0.0;0.000;60;0;0;2.367;2.419;2.381;515;533;520;49.99;49.99;49.99;14352;1000;0.0;0;1.0000;0;0
600;2013-03-14 11:30:00;172602N232;1386;1.550;26;225;225;226;224;2.095;49.99;435.5;2.635;492.1;0.472;0.0;0.000;60;0;0;2.057;2.130;2.100;451;473;460;49.99;49.99;49.99;14352;1000;0.0;0;1.0000;0;0
600;2013-03-14 11:40:00;172602N232;1384;1.780;26;225;225;227;224;2.104;50.00;438.4;2.537;495.1;0.540;0.0;0.000;60;0;0;2.059;2.141;2.113;447;474;461;50.00;50.00;50.00;14352;1000;0.0;0;1.0000;0;0
600;2013-03-14 11:50:00;172602N232;1059;1.957;26;224;223;226;223;1.619;50.00;432.1;1.837;454.7;0.600;0.0;0.000;60;0;0;1.567;1.661;1.631;338;365;354;50.00;50.00;50.00;14352;1000;0.0;0;1.0000;0;0
600;2013-03-14 12:00:00;172602N232;753;2.082;27;223;223;225;222;1.162;49.98;437.2;1.228;483.7;0.422;0.0;0.000;60;0;0;1.106;1.205;1.176;237;262;252;49.98;49.98;49.98;14352;1000;0.0;0;1.0000;0;0
600;2013-03-14 12:10:00;172602N232;901;2.232;27;221;222;223;220;1.424;50.01;445.3;1.366;316.2;0.929;0.0;0.000;60;0;0;1.393;1.458;1.422;288;311;299;50.01;50.01;50.01;14352;1000;0.0;0;1.0000;0;0
600;2013-03-14 12:20:00;172602N232;1518;2.486;27;222;222;223;221;2.317;50.02;444.2;2.083;368.6;1.638;0.0;0.000;60;0;0;2.271;2.359;2.323;493;519;504;50.02;50.02;50.02;14352;1000;0.0;0;1.0000;0;0
600;2013-03-14 12:30:00;172602N232;938;2.643;27;222;223;224;221;1.450;49.99;439.9;1.202;388.9;1.045;0.0;0.000;60;0;0;1.415;1.479;1.457;303;321;312;49.99;49.99;49.99;14352;1000;0.0;0;1.0000;0;0
600;2013-03-14 12:40:00;172602N232;2215;3.012;27;225;225;226;224;3.316;50.02;439.1;2.729;411.7;2.467;0.0;0.000;60;0;0;3.288;3.366;3.294;729;755;729;50.02;50.02;50.02;14352;1000;0.0;0;1.0000;0;0
600;2013-03-14 12:50:00;172602N232;1998;3.345;28;225;225;226;224;2.972;50.01;437.6;2.371;442.4;2.187;0.0;0.000;60;0;0;2.925;3.025;2.967;656;680;660;50.01;50.01;50.01;14352;1000;0.0;0;1.0000;0;0
600;2013-03-14 13:00:00;172602N232;2357;3.738;28;226;226;228;225;3.482;49.96;436.8;2.793;441.5;2.613;0.0;0.000;60;0;0;3.440;3.537;3.471;776;800;777;49.96;49.96;49.96;14352;1000;0.0;0;1.0000;0;0
600;2013-03-14 13:10:00;172602N232;1988;4.069;28;225;225;226;223;2.965;49.98;432.0;2.377;434.1;2.238;0.0;0.000;60;0;0;2.931;3.013;2.953;654;679;655;49.98;49.98;49.98;14352;1000;0.0;0;1.0000;0;0
600;2013-03-14 13:20:00;172602N232;4486;4.817;29;226;226;229;224;6.609;49.99;425.1;5.409;429.3;5.263;0.0;0.000;60;0;0;6.583;6.722;6.524;1489;1538;1458;49.99;49.99;49.99;14352;1000;0.0;0;1.0000;0;0
600;2013-03-14 13:30:00;172602N232;2339;5.208;30;225;226;227;224;3.484;49.97;425.0;2.804;423.5;2.728;0.0;0.000;60;0;0;3.452;3.539;3.462;770;800;768;49.97;49.97;49.97;14352;1000;0.0;0;1.0000;0;0
600;2013-03-14 13:40:00;172602N232;2977;5.705;32;225;226;227;224;4.416;49.96;420.6;3.559;420.5;3.573;0.0;0.000;60;0;0;4.390;4.477;4.383;986;1013;976;49.96;49.96;49.96;14352;1000;0.0;0;1.0000;0;0
600;2013-03-14 13:50:00;172602N232;3167;6.233;31;226;227;226;224;4.695;49.99;424.9;3.802;428.4;3.695;0.0;0.000;60;0;0;4.687;4.741;4.659;1057;1068;1039;49.99;49.99;49.99;14352;1000;0.0;0;1.0000;0;0
600;2013-03-14 14:00:00;172602N232;4171;6.928;35;226;227;228;225;6.150;49.98;416.8;5.103;418.9;5.021;0.0;0.000;60;0;0;6.134;6.212;6.104;1390;1412;1367;49.98;49.98;49.98;14352;1000;0.0;0;1.0000;0;0
600;2013-03-14 14:10:00;172602N232;2293;7.310;34;226;227;227;224;3.409;49.98;419.3;2.798;418.7;2.714;0.0;0.000;60;0;0;3.382;3.461;3.384;759;781;751;49.98;49.98;49.98;14352;1000;0.0;0;1.0000;0;0
600;2013-03-14 14:20:00;172602N232;3100;7.826;33;227;227;229;226;4.551;49.99;424.3;3.720;426.2;3.650;0.0;0.000;60;0;0;4.516;4.611;4.528;1024;1054;1020;49.99;49.99;49.99;14352;1000;0.0;0;1.0000;0;0
600;2013-03-14 14:30:00;172602N232;3697;8.444;35;228;228;229;226;5.420;49.97;417.8;4.518;418.5;4.434;0.0;0.000;60;0;0;5.397;5.484;5.380;1229;1253;1213;49.97;49.97;49.97;14352;1000;0.0;0;1.0000;0;0
600;2013-03-14 14:40:00;172602N232;3499;9.027;36;227;229;228;225;5.143;49.99;416.2;4.281;416.7;4.226;0.0;0.000;60;0;0;5.147;5.185;5.098;1176;1176;1145;49.99;49.99;49.99;14352;1000;0.0;0;1.0000;0;0
600;2013-03-14 14:50:00;172602N232;3080;9.539;36;228;229;228;226;4.536;50.01;416.0;3.772;418.0;3.699;0.0;0.000;60;0;0;4.538;4.568;4.504;1030;1038;1011;50.01;50.01;50.01;14352;1000;0.0;0;1.0000;0;0
600;2013-03-14 15:00:00;172602N232;2948;10.031;35;227;227;229;225;4.363;49.98;421.5;3.542;424.0;3.490;0.0;0.000;60;0;0;4.333;4.423;4.334;974;1004;968;49.98;49.98;49.98;14352;1000;0.0;0;1.0000;0;0
600;2013-03-14 15:10:00;172602N232;3242;10.571;35;227;227;228;227;4.771;49.98;419.9;3.928;421.6;3.865;0.0;0.000;60;0;0;4.718;4.821;4.776;1068;1096;1077;49.98;49.98;49.98;14352;1000;0.0;0;1.0000;0;0
600;2013-03-14 15:20:00;172602N232;2975;11.068;35;227;228;229;226;4.380;49.99;419.3;3.601;420.5;3.558;0.0;0.000;60;0;0;4.343;4.432;4.365;986;1008;980;49.99;49.99;49.99;14352;1000;0.0;0;1.0000;0;0
600;2013-03-14 15:30:00;172602N232;2787;11.533;35;228;229;229;226;4.098;49.98;422.8;3.336;421.7;3.327;0.0;0.000;60;0;0;4.080;4.156;4.060;929;945;911;49.98;49.98;49.98;14352;1000;0.0;0;1.0000;0;0
600;2013-03-14 15:40:00;172602N232;2684;11.979;35;228;228;229;225;3.950;49.98;427.7;3.159;423.6;3.203;0.0;0.000;60;0;0;3.927;4.016;3.908;892;915;875;49.98;49.98;49.98;14352;1000;0.0;0;1.0000;0;0
600;2013-03-14 15:50:00;172602N232;2539;12.403;35;228;228;230;226;3.734;49.98;422.4;2.974;424.8;3.073;0.0;0.000;60;0;0;3.699;3.795;3.710;838;865;833;49.98;49.98;49.98;14352;1000;0.0;0;1.0000;0;0
600;2013-03-14 16:00:00;172602N232;2238;12.775;35;227;227;229;225;3.305;50.00;411.1;2.639;427.0;2.741;0.0;0.000;60;0;0;3.248;3.383;3.285;732;770;734;50.00;50.00;50.00;14352;1000;0.0;0;1.0000;0;0
600;2013-03-14 16:10:00;172602N232;1929;13.098;35;226;226;229;223;2.868;49.99;408.7;2.250;430.4;2.376;0.0;0.000;60;0;0;2.825;2.936;2.843;633;665;630;49.99;49.99;49.99;14352;1000;0.0;0;1.0000;0;0
600;2013-03-14 16:20:00;172602N232;1894;13.414;35;226;226;228;223;2.814;49.99;400.4;2.298;430.6;2.293;0.0;0.000;60;0;0;2.770;2.875;2.797;622;649;621;49.99;49.99;49.99;14352;1000;0.0;0;1.0000;0;0
600;2013-03-14 16:30:00;172602N232;1632;13.686;34;225;226;227;223;2.429;49.98;430.2;2.016;398.4;1.943;0.0;0.000;60;0;0;2.375;2.487;2.425;532;561;538;49.98;49.98;49.98;14352;1000;0.0;0;1.0000;0;0
600;2013-03-14 16:40:00;172602N232;1265;13.897;34;225;224;227;223;1.940;49.98;429.8;1.711;377.6;1.411;0.0;0.000;60;0;0;1.885;1.998;1.938;404;440;419;49.98;49.98;49.98;14352;1000;0.0;0;1.0000;0;0
600;2013-03-14 16:50:00;172602N232;860;14.041;34;224;224;227;222;1.317;49.99;368.5;1.304;308.7;1.252;0.0;0.000;60;0;0;1.265;1.364;1.324;273;300;285;49.99;49.99;49.99;14352;1000;0.0;0;1.0000;0;0
600;2013-03-14 17:00:00;172602N232;481;14.122;33;225;225;226;223;0.847;50.03;319.7;0.821;344.2;0.695;0.0;0.000;60;0;0;0.808;0.883;0.852;147;171;161;50.03;50.03;50.03;14352;1000;0.0;0;1.0000;0;0
600;2013-03-14 17:10:00;172602N232;334;14.178;33;225;225;225;224;1.162;50.04;356.2;0.411;275.6;0.686;0.0;0.000;60;0;0;1.295;1.156;1.035;93;126;113;50.04;50.04;50.04;14352;1000;0.0;0;1.0000;0;0
600;2013-03-14 17:20:00;172602N232;245;14.218;32;224;225;223;224;1.102;49.99;341.2;0.288;286.3;0.529;0.0;0.000;60;0;0;1.363;1.116;0.827;56;118;69;49.99;49.99;49.99;14352;1000;0.0;0;1.0000;0;0
600;2013-03-14 17:30:00;172602N232;191;14.250;32;223;224;223;223;0.951;49.99;408.7;0.170;364.1;0.304;0.0;0.000;60;0;0;1.090;0.841;0.924;34;75;79;49.99;49.99;49.99;14352;1000;0.0;0;1.0000;0;0
600;2013-03-14 17:40:00;172602N232;139;14.273;31;223;223;223;224;0.923;49.98;410.8;0.122;426.2;0.170;0.0;0.000;60;0;0;1.057;0.880;0.834;29;70;38;49.98;49.98;49.98;14352;1000;0.0;0;1.0000;0;0
600;2013-03-14 17:50:00;172602N232;95;14.289;30;223;223;223;222;0.900;49.98;390.4;0.087;415.5;0.110;0.0;0.000;60;0;0;1.103;0.880;0.718;8;39;54;49.98;49.98;49.98;14352;1000;0.0;0;1.0000;0;0
600;2013-03-14 18:00:00;172602N232;55;14.299;30;222;222;222;221;0.884;50.04;372.0;0.050;393.0;0.058;0.0;0.000;60;0;0;1.135;0.831;0.688;3;29;44;50.04;50.04;50.04;14352;1000;0.0;0;1.0000;0;0
600;2013-03-14 18:10:00;172602N232;17;14.302;29;222;223;222;220;0.330;49.99;291.3;0.009;301.7;0.012;0.0;0.000;60;0;0;0.441;0.305;0.244;0;15;15;49.99;49.99;49.99;14352;1000;0.0;0;1.0000;0;0
600;2013-03-14 18:20:00;172602N232;0;14.302;28;222;222;224;220;0.025;49.96;289.6;0.000;288.6;0.000;0.0;0.000;51;0;0;0.028;0.029;0.018;0;0;0;49.96;49.96;49.97;14676;1000;0.0;0;1.0000;0;0
600;2013-03-14 18:30:00;172602N232;0;14.302;26;221;221;224;218;0.000;49.96;233.7;0.000;234.7;0.000;0.0;0.000;51;0;0;0.000;0.000;0.000;0;0;0;49.96;49.96;49.96;15255;1000;0.0;0;1.0000;0;0
600;2013-03-14 18:40:00;172602N232;0;14.302;24;221;221;224;219;0.000;49.94;227.6;0.000;228.5;0.000;0.0;0.000;51;0;0;0.000;0.000;0.000;0;0;0;49.94;49.94;49.94;15255;1000;0.0;0;1.0000;0;0
[wr_ende]
