20150616;230004;172602N232;My Plant;+0100
[wr_def_start]
172602N232;Inverter Type;Inverter Group;72602N232      
[wr_def_end]
[wr]
INTERVAL;TIMESTAMP;SERIAL;P_AC;E_DAY;T_WR;U_AC;U_AC_1;U_AC_2;U_AC_3;I_AC;F_AC;U_DC_1;I_DC_1;U_DC_2;I_DC_2;U_DC_3;I_DC_3;S;E_WR;M_WR;I_AC_1;I_AC_2;I_AC_3;P_AC_1;P_AC_2;P_AC_3;F_AC_1;F_AC_2;F_AC_3;R_DC;PC;PCS;PCS_LL;COS_PHI;COS_PHI_LL;S_COS_PHI
600;2015-06-16 03:30:00;172602N232;0;0.000;0;8;8;8;8;0.000;1.81;8.2;0.000;8.3;0.000;0.0;0.000;50;0;0;0.000;0.000;0.000;0;0;0;1.81;1.81;1.81;299;1000;0.0;0;1.0000;0;0
600;2015-06-16 03:40:00;172602N232;0;0.000;23;225;225;228;222;0.000;50.00;227.7;0.000;228.7;0.000;0.0;0.000;50;0;0;0.000;0.000;0.000;0;0;0;50.00;50.00;50.00;0;1000;0.0;0;1.0000;0;0
600;2015-06-16 03:50:00;172602N232;0;0.000;24;225;226;228;222;0.000;49.99;231.1;0.000;232.0;0.000;0.0;0.000;50;0;0;0.000;0.000;0.000;0;0;0;49.99;49.99;49.99;0;1000;0.0;0;1.0000;0;0
600;2015-06-16 04:00:00;172602N232;0;0.000;25;225;225;228;222;0.000;50.00;227.5;0.000;228.4;0.000;0.0;0.000;50;0;0;0.000;0.000;0.000;0;0;0;50.00;50.00;50.00;0;1000;0.0;0;1.0000;0;0
600;2015-06-16 04:10:00;172602N232;0;0.000;25;225;226;228;222;0.000;50.00;235.2;0.000;236.1;0.000;0.0;0.000;50;0;0;0.000;0.000;0.000;0;0;0;50.00;50.00;50.00;0;1000;0.0;0;1.0000;0;0
600;2015-06-16 04:20:00;172602N232;0;0.000;25;225;225;228;222;0.001;50.00;268.1;0.000;268.2;0.000;0.0;0.000;60;0;0;0.002;0.001;0.001;0;0;0;50.00;50.00;50.00;2535;1000;0.0;0;1.0000;0;0
600;2015-06-16 04:30:00;172602N232;9;0.001;26;226;225;227;224;0.275;50.01;272.5;0.003;266.6;0.007;0.0;0.000;60;0;0;0.306;0.344;0.176;5;0;10;50.01;50.01;50.01;10397;1000;0.0;0;1.0000;0;0
600;2015-06-16 04:40:00;172602N232;31;0.008;26;225;225;227;224;0.565;50.01;340.9;0.023;345.4;0.026;0.0;0.000;60;0;0;0.586;0.725;0.386;9;0;25;50.01;50.01;50.01;10397;1000;0.0;0;1.0000;0;0
600;2015-06-16 04:50:00;172602N232;38;0.014;26;225;225;227;224;0.639;50.01;353.5;0.032;359.8;0.033;0.0;0.000;60;0;0;0.635;0.832;0.452;6;0;31;50.01;50.01;50.01;10397;1000;0.0;0;1.0000;0;0
600;2015-06-16 05:00:00;172602N232;31;0.019;27;225;225;226;224;0.562;50.01;331.2;0.024;350.3;0.026;0.0;0.000;60;0;0;0.620;0.687;0.381;5;1;25;50.01;50.01;50.01;10397;1000;0.0;0;1.0000;0;0
600;2015-06-16 05:10:00;172602N232;41;0.027;27;225;225;226;223;0.637;50.00;351.6;0.037;362.8;0.039;0.0;0.000;60;0;0;0.624;0.829;0.460;9;0;32;50.00;50.00;50.00;10397;1000;0.0;0;1.0000;0;0
600;2015-06-16 05:20:00;172602N232;126;0.046;27;224;224;225;222;0.925;49.99;393.7;0.139;395.6;0.140;0.0;0.000;60;0;0;0.957;1.106;0.714;26;35;63;49.99;49.99;49.99;10397;1000;0.0;0;1.0000;0;0
600;2015-06-16 05:30:00;172602N232;325;0.101;28;223;223;225;222;1.157;50.00;423.9;0.370;421.2;0.366;0.0;0.000;60;0;0;1.177;1.303;0.992;100;109;114;50.00;50.00;50.00;10397;1000;0.0;0;1.0000;0;0
600;2015-06-16 05:40:00;172602N232;455;0.176;28;223;222;225;221;1.016;50.01;428.6;0.525;428.7;0.509;0.0;0.000;60;0;0;0.978;1.084;0.988;140;160;153;50.01;50.01;50.01;10397;1000;0.0;0;1.0000;0;0
600;2015-06-16 05:50:00;172602N232;394;0.242;28;223;223;225;221;0.641;49.98;423.9;0.457;422.1;0.450;0.0;0.000;60;0;0;0.585;0.683;0.657;117;141;134;49.98;49.98;49.98;10397;1000;0.0;0;1.0000;0;0
600;2015-06-16 06:00:00;172602N232;498;0.326;29;223;222;225;221;0.804;49.99;429.4;0.576;428.7;0.562;0.0;0.000;60;0;0;0.744;0.855;0.814;152;178;167;49.99;49.99;49.99;10397;1000;0.0;0;1.0000;0;0
600;2015-06-16 06:10:00;172602N232;384;0.390;30;225;225;227;223;0.867;49.97;419.8;0.449;419.7;0.437;0.0;0.000;60;0;0;0.876;0.926;0.801;123;141;119;49.97;49.97;49.97;10397;1000;0.0;0;1.0000;0;0
600;2015-06-16 06:20:00;172602N232;358;0.449;30;224;224;226;221;1.244;49.97;420.9;0.412;416.3;0.414;0.0;0.000;60;0;0;1.283;1.324;1.127;95;116;146;49.97;49.97;49.97;10397;1000;0.0;0;1.0000;0;0
600;2015-06-16 06:30:00;172602N232;255;0.492;31;223;223;225;221;1.096;49.99;413.5;0.293;409.6;0.293;0.0;0.000;60;0;0;1.143;1.261;0.885;66;93;95;49.99;49.99;49.99;10397;1000;0.0;0;1.0000;0;0
600;2015-06-16 06:40:00;172602N232;660;0.603;31;223;223;225;220;1.258;50.04;427.7;0.774;431.2;0.726;0.0;0.000;60;0;0;1.245;1.315;1.215;206;229;223;50.04;50.04;50.04;10397;1000;0.0;0;1.0000;0;0
600;2015-06-16 06:50:00;172602N232;1078;0.782;31;223;223;225;221;1.659;49.99;434.7;1.264;438.5;1.195;0.0;0.000;60;0;0;1.620;1.695;1.662;348;371;357;49.99;49.99;49.99;10397;1000;0.0;0;1.0000;0;0
600;2015-06-16 07:00:00;172602N232;531;0.871;32;222;222;224;220;0.840;49.97;422.6;0.623;422.5;0.609;0.0;0.000;60;0;0;0.789;0.883;0.850;164;187;178;49.97;49.97;49.97;10397;1000;0.0;0;1.0000;0;0
600;2015-06-16 07:10:00;172602N232;628;0.975;32;222;222;224;221;1.004;49.97;429.6;0.723;424.7;0.725;0.0;0.000;60;0;0;0.954;1.047;1.011;197;220;210;49.97;49.97;49.97;10397;1000;0.0;0;1.0000;0;0
600;2015-06-16 07:20:00;172602N232;758;1.102;32;222;222;224;220;1.175;49.98;431.7;0.886;433.1;0.848;0.0;0.000;60;0;0;1.125;1.220;1.180;240;264;252;49.98;49.98;49.98;10397;1000;0.0;0;1.0000;0;0
600;2015-06-16 07:30:00;172602N232;658;1.211;33;222;223;224;221;1.026;50.00;427.7;0.764;424.2;0.760;0.0;0.000;60;0;0;0.975;1.069;1.035;207;229;220;50.00;50.00;50.00;10397;1000;0.0;0;1.0000;0;0
600;2015-06-16 07:40:00;172602N232;622;1.316;33;222;223;224;221;0.975;50.01;427.7;0.718;421.2;0.727;0.0;0.000;60;0;0;0.925;1.018;0.982;195;218;208;50.01;50.01;50.01;10397;1000;0.0;0;1.0000;0;0
600;2015-06-16 07:50:00;172602N232;433;1.388;33;222;222;223;221;1.015;50.00;420.4;0.501;416.2;0.503;0.0;0.000;60;0;0;1.018;1.049;0.979;130;152;149;50.00;50.00;50.00;10397;1000;0.0;0;1.0000;0;0
600;2015-06-16 08:00:00;172602N232;697;1.504;33;222;222;223;221;1.217;49.99;426.6;0.805;423.8;0.809;0.0;0.000;60;0;0;1.183;1.264;1.205;219;243;233;49.99;49.99;49.99;10397;1000;0.0;0;1.0000;0;0
600;2015-06-16 08:10:00;172602N232;953;1.664;34;222;222;223;220;1.490;50.00;433.5;1.107;433.0;1.078;0.0;0.000;60;0;0;1.452;1.520;1.499;306;327;318;50.00;50.00;50.00;10397;1000;0.0;0;1.0000;0;0
600;2015-06-16 08:20:00;172602N232;1337;1.886;34;223;222;224;222;2.053;49.99;439.5;1.581;442.4;1.447;0.0;0.000;60;0;0;2.012;2.089;2.060;432;458;445;49.99;49.99;49.99;10397;1000;0.0;0;1.0000;0;0
600;2015-06-16 08:30:00;172602N232;1488;2.134;34;223;223;225;222;2.275;49.99;432.8;1.817;438.2;1.599;0.0;0.000;60;0;0;2.222;2.313;2.291;479;510;498;49.99;49.99;49.99;10397;1000;0.0;0;1.0000;0;0
600;2015-06-16 08:40:00;172602N232;644;2.242;34;224;224;225;222;1.117;50.01;421.4;0.760;418.6;0.751;0.0;0.000;60;0;0;1.101;1.143;1.109;205;223;214;50.01;50.01;50.01;10397;1000;0.0;0;1.0000;0;0
600;2015-06-16 08:50:00;172602N232;556;2.335;34;223;224;225;222;1.094;50.00;421.5;0.652;418.2;0.650;0.0;0.000;60;0;0;1.140;1.080;1.062;178;191;185;50.00;50.00;50.00;10397;1000;0.0;0;1.0000;0;0
600;2015-06-16 09:00:00;172602N232;666;2.445;34;222;223;223;220;1.040;49.99;427.9;0.768;419.8;0.785;0.0;0.000;60;0;0;0.994;1.080;1.048;211;231;222;49.99;49.99;49.99;10397;1000;0.0;0;1.0000;0;0
600;2015-06-16 09:10:00;172602N232;698;2.562;35;222;222;223;220;1.093;50.01;427.1;0.811;424.5;0.809;0.0;0.000;60;0;0;1.045;1.136;1.100;221;242;233;50.01;50.01;50.01;10397;1000;0.0;0;1.0000;0;0
600;2015-06-16 09:20:00;172602N232;538;2.653;35;221;222;222;219;0.855;50.00;421.7;0.631;420.3;0.623;0.0;0.000;60;0;0;0.806;0.897;0.862;167;189;180;50.00;50.00;50.00;10397;1000;0.0;0;1.0000;0;0
600;2015-06-16 09:30:00;172602N232;450;2.728;35;221;222;222;220;0.728;49.99;420.6;0.525;417.3;0.523;0.0;0.000;60;0;0;0.681;0.767;0.736;138;159;151;49.99;49.99;49.99;10397;1000;0.0;0;1.0000;0;0
600;2015-06-16 09:40:00;172602N232;538;2.818;35;221;222;223;220;0.863;49.99;425.8;0.622;421.5;0.623;0.0;0.000;60;0;0;0.823;0.899;0.869;168;188;180;49.99;49.99;49.99;10397;1000;0.0;0;1.0000;0;0
600;2015-06-16 09:50:00;172602N232;1861;3.128;35;223;222;225;221;2.810;50.01;430.7;2.223;435.8;2.081;0.0;0.000;60;0;0;2.760;2.880;2.792;607;642;610;50.01;50.01;50.01;10397;1000;0.0;0;1.0000;0;0
600;2015-06-16 10:00:00;172602N232;1230;3.333;35;222;222;224;221;1.878;49.99;425.4;1.475;428.4;1.396;0.0;0.000;60;0;0;1.827;1.924;1.885;396;424;408;49.99;49.99;49.99;10397;1000;0.0;0;1.0000;0;0
600;2015-06-16 10:10:00;172602N232;794;3.466;35;221;222;223;220;1.235;50.00;423.2;0.933;419.4;0.936;0.0;0.000;60;0;0;1.185;1.275;1.246;252;275;265;50.00;50.00;50.00;10397;1000;0.0;0;1.0000;0;0
600;2015-06-16 10:20:00;172602N232;486;3.546;35;221;221;222;220;0.778;49.99;419.9;0.571;417.4;0.564;0.0;0.000;60;0;0;0.724;0.818;0.793;149;171;164;49.99;49.99;49.99;10397;1000;0.0;0;1.0000;0;0
600;2015-06-16 10:30:00;172602N232;858;3.690;35;221;221;222;221;1.336;49.99;427.7;0.995;427.9;0.986;0.0;0.000;60;0;0;1.288;1.369;1.352;273;295;288;49.99;49.99;49.99;10397;1000;0.0;0;1.0000;0;0
600;2015-06-16 10:40:00;172602N232;2709;4.141;35;223;222;226;222;4.048;49.99;427.9;3.260;433.4;3.140;0.0;0.000;60;0;0;3.981;4.137;4.028;884;933;890;49.99;49.99;49.99;10397;1000;0.0;0;1.0000;0;0
600;2015-06-16 10:50:00;172602N232;3405;4.711;37;224;223;228;223;5.054;49.99;410.2;4.243;416.7;4.102;0.0;0.000;60;0;0;4.970;5.182;5.011;1107;1184;1112;49.99;49.99;49.99;10397;1000;0.0;0;1.0000;0;0
600;2015-06-16 11:00:00;172602N232;1849;5.018;36;223;222;225;221;2.782;49.99;418.3;2.252;421.2;2.173;0.0;0.000;60;0;0;2.725;2.845;2.776;601;634;610;49.99;49.99;49.99;10397;1000;0.0;0;1.0000;0;0
600;2015-06-16 11:10:00;172602N232;3014;5.521;37;224;223;227;222;4.492;49.99;412.8;3.718;418.1;3.615;0.0;0.000;60;0;0;4.423;4.592;4.461;982;1042;989;49.99;49.99;49.99;10397;1000;0.0;0;1.0000;0;0
600;2015-06-16 11:20:00;172602N232;3715;6.141;39;225;224;228;222;5.504;49.99;411.0;4.593;414.0;4.506;0.0;0.000;60;0;0;5.454;5.624;5.435;1222;1285;1207;49.99;49.99;49.99;10397;1000;0.0;0;1.0000;0;0
600;2015-06-16 11:30:00;172602N232;2654;6.583;38;224;223;227;223;3.955;50.00;412.0;3.289;414.7;3.194;0.0;0.000;60;0;0;3.885;4.039;3.943;863;913;874;50.00;50.00;50.00;10397;1000;0.0;0;1.0000;0;0
600;2015-06-16 11:40:00;172602N232;2196;6.950;38;224;224;226;223;3.278;49.98;418.5;2.669;419.5;2.596;0.0;0.000;60;0;0;3.228;3.331;3.275;719;750;726;49.98;49.98;49.98;10397;1000;0.0;0;1.0000;0;0
600;2015-06-16 11:50:00;172602N232;3410;7.519;38;225;224;228;223;5.044;50.00;426.6;4.035;425.5;3.998;0.0;0.000;60;0;0;4.970;5.164;5.000;1115;1179;1113;50.00;50.00;50.00;10397;1000;0.0;0;1.0000;0;0
600;2015-06-16 12:00:00;172602N232;3660;8.127;40;225;225;228;223;5.405;50.02;407.7;4.518;407.9;4.479;0.0;0.000;60;0;0;5.342;5.520;5.355;1201;1263;1193;50.02;50.02;50.02;10397;1000;0.0;0;1.0000;0;0
600;2015-06-16 12:10:00;172602N232;3454;8.702;39;224;223;228;222;5.128;49.98;411.4;4.225;409.7;4.207;0.0;0.000;60;0;0;5.052;5.254;5.078;1125;1198;1127;49.98;49.98;49.98;10397;1000;0.0;0;1.0000;0;0
600;2015-06-16 12:20:00;172602N232;2881;9.181;40;223;222;226;221;4.315;50.00;414.2;3.500;411.2;3.497;0.0;0.000;60;0;0;4.257;4.397;4.292;942;989;946;50.00;50.00;50.00;10397;1000;0.0;0;1.0000;0;0
600;2015-06-16 12:30:00;172602N232;4014;9.852;40;227;227;230;224;5.887;49.99;409.5;4.953;409.4;4.909;0.0;0.000;60;0;0;5.856;6.010;5.795;1328;1388;1297;49.99;49.99;49.99;10397;1000;0.0;0;1.0000;0;0
600;2015-06-16 12:40:00;172602N232;4803;10.651;41;229;229;233;225;6.985;49.98;400.1;6.096;400.0;6.069;0.0;0.000;60;0;0;6.940;7.182;6.835;1587;1675;1535;49.98;49.98;49.98;10397;1000;0.0;0;1.0000;0;0
600;2015-06-16 12:50:00;172602N232;4832;11.454;41;229;229;234;225;7.013;50.00;390.7;6.315;390.7;6.267;0.0;0.000;60;0;0;6.953;7.206;6.882;1591;1685;1549;50.00;50.00;50.00;10397;1000;0.0;0;1.0000;0;0
600;2015-06-16 13:00:00;172602N232;3844;12.095;41;228;228;233;225;5.617;50.01;394.6;4.927;393.4;4.923;0.0;0.000;60;0;0;5.549;5.761;5.542;1260;1338;1244;50.01;50.01;50.01;10397;1000;0.0;0;1.0000;0;0
600;2015-06-16 13:10:00;172602N232;3831;12.734;41;228;227;233;226;5.592;49.99;401.6;4.817;396.8;4.871;0.0;0.000;60;0;0;5.508;5.751;5.517;1247;1342;1243;49.99;49.99;49.99;10397;1000;0.0;0;1.0000;0;0
600;2015-06-16 13:20:00;172602N232;2565;13.163;41;228;227;231;225;3.765;50.00;413.5;3.101;406.9;3.126;0.0;0.000;60;0;0;3.706;3.865;3.726;836;892;836;50.00;50.00;50.00;10397;1000;0.0;0;1.0000;0;0
600;2015-06-16 13:30:00;172602N232;3895;13.810;41;229;228;233;226;5.666;50.01;413.0;4.739;409.8;4.731;0.0;0.000;60;0;0;5.594;5.804;5.601;1272;1354;1266;50.01;50.01;50.01;10397;1000;0.0;0;1.0000;0;0
600;2015-06-16 13:40:00;172602N232;2959;14.303;41;228;228;232;226;4.321;49.97;416.0;3.561;407.0;3.618;0.0;0.000;60;0;0;4.262;4.440;4.261;968;1032;958;49.97;49.97;49.97;10397;1000;0.0;0;1.0000;0;0
600;2015-06-16 13:50:00;172602N232;3116;14.824;41;230;229;233;227;4.527;49.99;410.7;3.806;403.2;3.867;0.0;0.000;60;0;0;4.468;4.645;4.470;1021;1085;1012;49.99;49.99;49.99;10397;1000;0.0;0;1.0000;0;0
600;2015-06-16 14:00:00;172602N232;5174;15.686;42;232;231;236;229;7.428;49.99;399.0;6.612;398.0;6.617;0.0;0.000;60;0;0;7.366;7.601;7.318;1704;1797;1672;49.99;49.99;49.99;10397;1000;0.0;0;1.0000;0;0
600;2015-06-16 14:10:00;172602N232;5389;16.584;43;232;231;236;228;7.732;49.99;389.6;7.026;388.2;7.052;0.0;0.000;60;0;0;7.658;7.921;7.618;1769;1876;1740;49.99;49.99;49.99;10397;1000;0.0;0;1.0000;0;0
600;2015-06-16 14:20:00;172602N232;4322;17.305;43;230;230;234;228;6.258;50.01;399.9;5.481;396.1;5.504;0.0;0.000;60;0;0;6.184;6.395;6.197;1417;1493;1408;50.01;50.01;50.01;10397;1000;0.0;0;1.0000;0;0
600;2015-06-16 14:30:00;172602N232;4931;18.128;43;228;227;233;225;7.197;50.00;385.8;6.524;383.5;6.526;0.0;0.000;60;0;0;7.111;7.390;7.091;1613;1722;1593;50.01;50.00;50.00;10397;1000;0.0;0;1.0000;0;0
600;2015-06-16 14:40:00;172602N232;3114;18.647;43;226;225;230;224;4.601;50.02;400.0;3.949;391.0;4.005;0.0;0.000;60;0;0;4.524;4.714;4.566;1013;1084;1018;50.02;50.02;50.02;10397;1000;0.0;0;1.0000;0;0
600;2015-06-16 14:50:00;172602N232;2958;19.139;42;227;226;230;224;4.355;50.02;410.1;3.637;403.0;3.694;0.0;0.000;60;0;0;4.295;4.460;4.310;969;1023;962;50.02;50.02;50.02;10397;1000;0.0;0;1.0000;0;0
600;2015-06-16 15:00:00;172602N232;4429;19.878;42;228;228;230;225;6.476;50.01;392.7;5.739;390.0;5.773;0.0;0.000;60;0;0;6.432;6.597;6.401;1465;1523;1441;50.01;50.01;50.01;10397;1000;0.0;0;1.0000;0;0
600;2015-06-16 15:10:00;172602N232;4810;20.680;43;229;229;233;225;7.001;49.99;390.1;6.284;390.0;6.260;0.0;0.000;60;0;0;6.949;7.197;6.858;1590;1676;1539;49.99;49.99;49.99;10397;1000;0.0;0;1.0000;0;0
600;2015-06-16 15:20:00;172602N232;4993;21.513;43;229;228;233;224;7.283;49.99;382.8;6.648;382.5;6.632;0.0;0.000;60;0;0;7.227;7.470;7.152;1647;1740;1604;49.99;49.99;49.99;10397;1000;0.0;0;1.0000;0;0
600;2015-06-16 15:30:00;172602N232;4682;22.291;43;228;228;232;225;6.831;50.01;384.1;6.210;384.1;6.195;0.0;0.000;60;0;0;6.777;6.991;6.726;1546;1622;1510;50.01;50.01;50.01;10397;1000;0.0;0;1.0000;0;0
600;2015-06-16 15:40:00;172602N232;3908;22.944;43;228;227;231;224;5.718;50.01;385.4;5.150;385.7;5.159;0.0;0.000;60;0;0;5.656;5.856;5.644;1286;1358;1263;50.01;50.01;50.01;10397;1000;0.0;0;1.0000;0;0
600;2015-06-16 15:50:00;172602N232;3937;23.601;43;227;227;230;225;5.772;50.00;400.1;4.958;396.6;5.075;0.0;0.000;60;0;0;5.732;5.877;5.709;1301;1352;1280;50.00;50.00;50.00;10397;1000;0.0;0;1.0000;0;0
600;2015-06-16 16:00:00;172602N232;4727;24.387;43;229;228;233;224;6.898;50.01;396.8;5.967;386.0;6.320;0.0;0.000;60;0;0;6.850;7.078;6.766;1562;1648;1515;50.01;50.01;50.01;10397;1000;0.0;0;1.0000;0;0
600;2015-06-16 16:10:00;172602N232;4404;25.122;43;228;227;233;225;6.435;50.01;375.6;5.889;385.8;5.876;0.0;0.000;60;0;0;6.345;6.605;6.357;1438;1537;1427;50.01;50.01;50.01;10397;1000;0.0;0;1.0000;0;0
600;2015-06-16 16:20:00;172602N232;3654;25.732;43;227;227;232;223;5.357;50.01;377.7;4.844;387.1;4.853;0.0;0.000;60;0;0;5.302;5.511;5.259;1202;1277;1170;50.01;50.01;50.01;10397;1000;0.0;0;1.0000;0;0
600;2015-06-16 16:30:00;172602N232;3322;26.284;43;226;226;231;221;4.899;50.01;385.9;4.318;395.1;4.298;0.0;0.000;60;0;0;4.835;5.068;4.796;1091;1169;1059;50.01;50.01;50.01;10397;1000;0.0;0;1.0000;0;0
600;2015-06-16 16:40:00;172602N232;3461;26.861;43;226;225;232;222;5.098;50.01;387.1;4.490;393.2;4.514;0.0;0.000;60;0;0;5.003;5.279;5.012;1126;1223;1110;50.01;50.01;50.01;10397;1000;0.0;0;1.0000;0;0
600;2015-06-16 16:50:00;172602N232;2206;27.229;43;225;225;229;221;3.289;50.02;399.9;2.735;399.1;2.831;0.0;0.000;60;0;0;3.225;3.393;3.251;718;771;715;50.02;50.01;50.02;10397;1000;0.0;0;1.0000;0;0
600;2015-06-16 17:00:00;172602N232;2231;27.600;43;225;225;229;222;3.318;50.01;399.7;2.761;404.7;2.827;0.0;0.000;60;0;0;3.261;3.416;3.279;726;775;724;50.01;50.01;50.01;10397;1000;0.0;0;1.0000;0;0
600;2015-06-16 17:10:00;172602N232;2038;27.939;43;225;226;227;222;3.050;50.01;396.2;2.538;401.1;2.574;0.0;0.000;60;0;0;3.020;3.114;3.016;667;704;663;50.01;50.01;50.01;10397;1000;0.0;0;1.0000;0;0
600;2015-06-16 17:20:00;172602N232;1987;28.270;43;225;226;228;221;2.973;50.00;393.6;2.468;407.2;2.519;0.0;0.000;60;0;0;2.934;3.058;2.929;653;692;641;50.00;50.00;50.00;10397;1000;0.0;0;1.0000;0;0
600;2015-06-16 17:30:00;172602N232;2220;28.642;42;226;227;229;222;3.291;50.02;392.4;2.785;409.3;2.777;0.0;0.000;60;0;0;3.261;3.377;3.237;734;771;713;50.02;50.02;50.02;10397;1000;0.0;0;1.0000;0;0
600;2015-06-16 17:40:00;172602N232;2560;29.068;42;225;226;229;221;3.801;50.05;386.9;3.255;405.4;3.256;0.0;0.000;60;0;0;3.770;3.901;3.734;848;890;820;50.05;50.05;50.05;10397;1000;0.0;0;1.0000;0;0
600;2015-06-16 17:50:00;172602N232;3067;29.579;42;225;225;229;221;4.560;50.05;387.7;3.910;411.1;3.861;0.0;0.000;60;0;0;4.510;4.679;4.493;1009;1068;987;50.05;50.05;50.05;10397;1000;0.0;0;1.0000;0;0
600;2015-06-16 18:00:00;172602N232;2466;29.990;42;225;223;229;221;3.712;50.03;385.2;3.132;414.4;3.060;0.0;0.000;60;0;0;3.636;3.824;3.677;800;863;801;50.03;50.03;50.03;10397;1000;0.0;0;1.0000;0;0
600;2015-06-16 18:10:00;172602N232;2674;30.436;42;225;225;229;221;3.970;50.02;376.5;3.511;409.0;3.378;0.0;0.000;60;0;0;3.907;4.071;3.932;876;931;866;50.02;50.02;50.02;10397;1000;0.0;0;1.0000;0;0
600;2015-06-16 18:20:00;172602N232;1319;30.656;42;224;225;226;222;2.021;50.01;377.6;1.693;402.6;1.692;0.0;0.000;60;0;0;1.988;2.066;2.011;430;454;433;50.01;50.01;50.01;10397;1000;0.0;0;1.0000;0;0
600;2015-06-16 18:30:00;172602N232;2206;31.025;42;225;225;229;222;3.293;50.01;387.2;2.759;404.3;2.859;0.0;0.000;60;0;0;3.228;3.371;3.281;717;765;722;50.01;50.01;50.01;10397;1000;0.0;0;1.0000;0;0
600;2015-06-16 18:40:00;172602N232;1811;31.325;42;224;224;227;222;2.712;50.01;371.1;2.358;400.7;2.371;0.0;0.000;60;0;0;2.650;2.773;2.714;586;625;598;50.01;50.01;50.01;10397;1000;0.0;0;1.0000;0;0
600;2015-06-16 18:50:00;172602N232;1001;31.494;42;224;223;226;221;1.534;50.01;367.8;1.292;399.7;1.309;0.0;0.000;60;0;0;1.475;1.586;1.541;318;349;332;50.01;50.01;50.01;10397;1000;0.0;0;1.0000;0;0
600;2015-06-16 19:00:00;172602N232;790;31.625;42;223;223;225;220;1.379;50.01;369.5;1.017;406.7;1.016;0.0;0.000;60;0;0;1.351;1.431;1.356;253;277;257;50.01;50.01;50.01;10397;1000;0.0;0;1.0000;0;0
600;2015-06-16 19:10:00;172602N232;1180;31.821;41;223;224;225;220;1.795;49.99;360.6;1.522;408.3;1.560;0.0;0.000;60;0;0;1.756;1.843;1.787;383;408;386;49.99;49.99;49.99;10397;1000;0.0;0;1.0000;0;0
600;2015-06-16 19:20:00;172602N232;632;31.926;41;223;223;225;220;0.982;49.99;391.8;0.767;405.9;0.813;0.0;0.000;60;0;0;0.933;1.028;0.987;198;223;209;49.99;49.99;49.99;10397;1000;0.0;0;1.0000;0;0
600;2015-06-16 19:30:00;172602N232;636;32.033;41;222;222;224;221;0.991;50.00;405.1;0.691;410.3;0.851;0.0;0.000;60;0;0;0.941;1.031;1.002;199;222;213;50.00;50.00;50.00;10397;1000;0.0;0;1.0000;0;0
600;2015-06-16 19:40:00;172602N232;575;32.130;41;223;223;225;221;1.170;49.99;408.3;0.545;405.6;0.841;0.0;0.000;60;0;0;1.149;1.228;1.134;173;204;196;49.99;49.99;49.99;10397;1000;0.0;0;1.0000;0;0
600;2015-06-16 19:50:00;172602N232;617;32.232;40;223;223;226;221;1.068;50.01;429.0;0.498;408.4;0.962;0.0;0.000;60;0;0;1.031;1.123;1.050;193;218;204;50.01;50.01;50.01;10397;1000;0.0;0;1.0000;0;0
600;2015-06-16 20:00:00;172602N232;354;32.291;40;223;223;226;221;1.039;50.01;401.0;0.345;399.3;0.504;0.0;0.000;60;0;0;1.036;1.165;0.918;99;123;130;50.01;50.01;50.01;10397;1000;0.0;0;1.0000;0;0
600;2015-06-16 20:10:00;172602N232;274;32.338;40;223;223;225;220;1.153;50.00;394.7;0.318;406.3;0.332;0.0;0.000;60;0;0;1.350;1.235;0.875;66;106;100;50.00;50.00;50.00;10397;1000;0.0;0;1.0000;0;0
600;2015-06-16 20:20:00;172602N232;359;32.397;39;223;222;225;222;1.140;50.00;404.9;0.370;400.0;0.495;0.0;0.000;60;0;0;1.117;1.282;1.022;108;122;126;50.00;50.00;50.00;10397;1000;0.0;0;1.0000;0;0
600;2015-06-16 20:30:00;172602N232;224;32.435;39;224;223;226;222;1.054;50.01;398.0;0.240;391.8;0.296;0.0;0.000;60;0;0;1.152;1.218;0.794;65;68;90;50.01;50.01;50.01;10397;1000;0.0;0;1.0000;0;0
600;2015-06-16 20:40:00;172602N232;141;32.458;38;224;225;226;221;1.012;50.00;384.6;0.153;403.3;0.166;0.0;0.000;60;0;0;1.396;0.920;0.720;16;57;70;50.00;50.00;50.00;10397;1000;0.0;0;1.0000;0;0
600;2015-06-16 20:50:00;172602N232;107;32.477;38;225;225;226;222;0.968;49.99;378.0;0.119;390.8;0.123;0.0;0.000;60;0;0;1.287;0.882;0.735;4;39;64;49.99;49.99;49.99;10397;1000;0.0;0;1.0000;0;0
600;2015-06-16 21:00:00;172602N232;84;32.491;38;225;226;226;223;0.907;50.01;370.5;0.092;384.9;0.095;0.0;0.000;60;0;0;1.083;0.914;0.725;1;31;58;50.01;50.01;50.01;10397;1000;0.0;0;1.0000;0;0
600;2015-06-16 21:10:00;172602N232;42;32.498;37;224;225;224;224;0.655;50.02;339.2;0.037;358.0;0.042;0.0;0.000;60;0;0;0.858;0.575;0.532;0;30;29;50.02;50.02;50.02;10397;1000;0.0;0;1.0000;0;0
600;2015-06-16 21:20:00;172602N232;11;32.500;37;225;225;225;223;0.309;50.04;268.3;0.002;294.2;0.005;0.0;0.000;60;0;0;0.408;0.271;0.250;0;12;14;50.04;50.04;50.04;10397;1000;0.0;0;1.0000;0;0
600;2015-06-16 21:30:00;172602N232;1;32.500;36;225;225;226;224;0.143;50.04;251.6;0.000;254.5;0.000;0.0;0.000;60;0;0;0.187;0.142;0.102;0;1;4;50.04;50.04;50.04;10397;1000;0.0;0;1.0000;0;0
600;2015-06-16 21:40:00;172602N232;0;32.500;35;225;226;226;223;0.000;50.01;273.9;0.000;273.5;0.000;0.0;0.000;50;0;0;0.000;0.000;0.000;0;0;0;50.01;50.01;50.01;10397;1000;0.0;0;1.0000;0;0
600;2015-06-16 21:50:00;172602N232;0;32.500;34;224;225;225;223;0.000;50.03;230.1;0.000;231.1;0.000;0.0;0.000;50;0;0;0.000;0.000;0.000;0;0;0;50.03;50.03;50.03;10397;1000;0.0;0;1.0000;0;0
600;2015-06-16 22:00:00;172602N232;0;32.500;34;225;225;226;222;0.000;50.03;230.2;0.000;231.1;0.000;0.0;0.000;50;0;0;0.000;0.000;0.000;0;0;0;50.03;50.03;50.03;10397;1000;0.0;0;1.0000;0;0
600;2015-06-16 22:10:00;172602N232;0;32.500;33;224;225;226;221;0.000;50.01;227.3;0.000;228.3;0.000;0.0;0.000;50;0;0;0.000;0.000;0.000;0;0;0;50.00;50.01;50.01;10397;1000;0.0;0;1.0000;0;0
[wr_ende]
