20150906;230003;172602N232;My Plant;+0100
[wr_def_start]
172602N232;Inverter Type;Inverter Group;72602N232      
[wr_def_end]
[wr]
INTERVAL;TIMESTAMP;SERIAL;P_AC;E_DAY;T_WR;U_AC;U_AC_1;U_AC_2;U_AC_3;I_AC;F_AC;U_DC_1;I_DC_1;U_DC_2;I_DC_2;U_DC_3;I_DC_3;S;E_WR;M_WR;I_AC_1;I_AC_2;I_AC_3;P_AC_1;P_AC_2;P_AC_3;F_AC_1;F_AC_2;F_AC_3;R_DC;PC;PCS;PCS_LL;COS_PHI;COS_PHI_LL;S_COS_PHI
600;2015-09-06 05:40:00;172602N232;0;0.000;0;1;1;1;1;0.000;0.27;1.1;0.000;1.1;0.000;0.0;0.000;50;0;0;0.000;0.000;0.000;0;0;0;0.27;0.27;0.27;11;1000;0.0;0;1.0000;0;0
600;2015-09-06 05:50:00;172602N232;0;0.000;24;225;226;228;222;0.000;50.00;227.7;0.000;228.7;0.000;0.0;0.000;50;0;0;0.000;0.000;0.000;0;0;0;50.00;50.00;50.00;0;1000;0.0;0;1.0000;0;0
600;2015-09-06 06:00:00;172602N232;0;0.000;26;226;226;229;223;0.000;49.99;230.3;0.000;231.2;0.000;0.0;0.000;50;0;0;0.000;0.000;0.000;0;0;0;49.99;49.99;49.99;0;1000;0.0;0;1.0000;0;0
600;2015-09-06 06:10:00;172602N232;0;0.000;26;226;226;228;223;0.000;50.00;235.7;0.000;236.6;0.000;0.0;0.000;50;0;0;0.000;0.000;0.000;0;0;0;50.00;50.00;50.00;0;1000;0.0;0;1.0000;0;0
600;2015-09-06 06:20:00;172602N232;14;0.002;27;226;226;228;224;0.235;50.01;303.9;0.011;307.6;0.011;0.0;0.000;60;0;0;0.257;0.275;0.173;0;2;12;50.01;50.01;50.01;3395;1000;0.0;0;1.0000;0;0
600;2015-09-06 06:30:00;172602N232;30;0.007;27;226;226;228;225;0.485;50.01;333.5;0.025;336.6;0.025;0.0;0.000;60;0;0;0.535;0.594;0.327;7;2;23;50.01;50.01;50.01;6086;1000;0.0;0;1.0000;0;0
600;2015-09-06 06:40:00;172602N232;48;0.015;28;226;226;227;225;0.680;50.01;355.7;0.050;362.5;0.048;0.0;0.000;60;0;0;0.780;0.747;0.513;0;14;36;50.01;50.01;50.01;6086;1000;0.0;0;1.0000;0;0
600;2015-09-06 06:50:00;172602N232;75;0.027;28;226;227;228;225;0.853;50.01;374.2;0.086;380.8;0.082;0.0;0.000;60;0;0;0.857;1.034;0.670;10;11;51;50.01;50.01;50.01;6086;1000;0.0;0;1.0000;0;0
600;2015-09-06 07:00:00;172602N232;102;0.044;28;226;226;228;225;0.906;50.00;382.8;0.120;388.7;0.113;0.0;0.000;60;0;0;0.862;1.124;0.734;22;16;62;50.00;50.00;50.00;6086;1000;0.0;0;1.0000;0;0
600;2015-09-06 07:10:00;172602N232;114;0.064;29;226;227;227;226;0.909;50.01;387.4;0.134;388.9;0.130;0.0;0.000;60;0;0;1.021;0.946;0.762;11;37;63;50.01;50.01;50.01;6086;1000;0.0;0;1.0000;0;0
600;2015-09-06 07:20:00;172602N232;142;0.087;29;225;226;225;225;0.917;50.01;392.7;0.167;392.8;0.163;0.0;0.000;60;0;0;1.109;0.838;0.804;12;61;67;50.01;50.01;50.01;6086;1000;0.0;0;1.0000;0;0
600;2015-09-06 07:30:00;172602N232;130;0.108;30;225;225;225;225;0.882;50.01;387.9;0.154;391.0;0.146;0.0;0.000;60;0;0;0.967;0.909;0.770;13;60;56;50.01;50.01;50.01;6086;1000;0.0;0;1.0000;0;0
600;2015-09-06 07:40:00;172602N232;248;0.151;30;225;226;225;225;1.085;50.00;404.2;0.299;407.5;0.283;0.0;0.000;60;0;0;1.256;1.146;0.854;61;117;68;50.00;50.00;50.00;6086;1000;0.0;0;1.0000;0;0
600;2015-09-06 07:50:00;172602N232;229;0.189;30;225;225;226;225;1.055;50.00;404.4;0.271;403.1;0.266;0.0;0.000;60;0;0;1.131;1.204;0.830;59;95;74;50.00;50.00;50.00;6086;1000;0.0;0;1.0000;0;0
600;2015-09-06 08:00:00;172602N232;350;0.248;31;224;225;226;222;1.192;50.00;413.0;0.414;410.2;0.411;0.0;0.000;60;0;0;1.257;1.218;1.103;100;118;130;50.00;50.00;50.00;6086;1000;0.0;0;1.0000;0;0
600;2015-09-06 08:10:00;172602N232;395;0.314;31;224;224;226;223;1.101;50.00;414.2;0.467;411.4;0.464;0.0;0.000;60;0;0;1.148;1.136;1.019;121;137;134;50.00;50.00;50.00;6086;1000;0.0;0;1.0000;0;0
600;2015-09-06 08:20:00;172602N232;570;0.408;31;225;225;226;224;0.907;50.01;421.0;0.684;423.2;0.650;0.0;0.000;60;0;0;0.868;0.940;0.914;177;199;192;50.01;50.01;50.01;6086;1000;0.0;0;1.0000;0;0
600;2015-09-06 08:30:00;172602N232;461;0.486;32;224;224;224;223;0.840;50.01;413.8;0.573;421.8;0.510;0.0;0.000;60;0;0;0.812;0.863;0.846;140;164;156;50.01;50.01;50.01;6086;1000;0.0;0;1.0000;0;0
600;2015-09-06 08:40:00;172602N232;484;0.567;33;224;223;225;223;0.922;49.99;413.9;0.590;418.1;0.554;0.0;0.000;60;0;0;0.890;0.961;0.916;149;173;160;49.99;49.99;49.99;6086;1000;0.0;0;1.0000;0;0
600;2015-09-06 08:50:00;172602N232;755;0.693;33;224;224;225;223;1.162;49.99;422.0;0.904;424.6;0.868;0.0;0.000;60;0;0;1.108;1.202;1.177;238;262;254;49.99;49.99;49.99;6086;1000;0.0;0;1.0000;0;0
600;2015-09-06 09:00:00;172602N232;616;0.795;33;223;224;224;223;0.983;50.00;419.2;0.735;416.4;0.722;0.0;0.000;60;0;0;0.943;1.014;0.992;193;214;207;50.00;50.00;50.00;6086;1000;0.0;0;1.0000;0;0
600;2015-09-06 09:10:00;172602N232;466;0.874;34;223;223;222;222;0.742;50.01;416.4;0.556;414.2;0.546;0.0;0.000;60;0;0;0.694;0.772;0.760;143;163;159;50.01;50.01;50.01;6086;1000;0.0;0;1.0000;0;0
600;2015-09-06 09:20:00;172602N232;629;0.978;34;223;223;224;222;1.022;50.00;422.6;0.742;419.4;0.734;0.0;0.000;60;0;0;1.010;1.037;1.019;199;217;211;50.00;50.00;50.00;6086;1000;0.0;0;1.0000;0;0
600;2015-09-06 09:30:00;172602N232;731;1.100;35;224;223;224;223;1.127;49.99;424.3;0.861;417.7;0.862;0.0;0.000;60;0;0;1.077;1.165;1.141;231;253;245;49.99;49.99;49.99;6086;1000;0.0;0;1.0000;0;0
600;2015-09-06 09:40:00;172602N232;1458;1.343;35;225;225;225;223;2.184;49.99;426.0;1.782;435.2;1.615;0.0;0.000;60;0;0;2.137;2.224;2.192;475;497;484;49.99;49.99;49.99;6086;1000;0.0;0;1.0000;0;0
600;2015-09-06 09:50:00;172602N232;1026;1.515;35;224;223;225;222;1.561;50.00;422.6;1.236;423.5;1.185;0.0;0.000;60;0;0;1.509;1.604;1.571;328;355;341;50.00;50.00;50.00;6086;1000;0.0;0;1.0000;0;0
600;2015-09-06 10:00:00;172602N232;1133;1.704;36;224;224;224;223;1.789;50.01;425.9;1.344;422.7;1.325;0.0;0.000;60;0;0;1.769;1.792;1.807;365;384;382;50.01;50.01;50.01;6086;1000;0.0;0;1.0000;0;0
600;2015-09-06 10:10:00;172602N232;1194;1.903;36;224;225;223;223;1.824;50.01;423.0;1.445;426.0;1.370;0.0;0.000;60;0;0;1.793;1.840;1.841;389;402;401;50.01;50.01;50.01;6086;1000;0.0;0;1.0000;0;0
600;2015-09-06 10:20:00;172602N232;2147;2.261;36;225;226;225;224;3.193;50.00;416.7;2.839;405.7;2.454;0.0;0.000;60;0;0;3.160;3.226;3.195;710;723;712;50.00;50.00;50.00;6086;1000;0.0;0;1.0000;0;0
600;2015-09-06 10:30:00;172602N232;1840;2.568;37;225;226;225;225;2.736;50.02;413.4;2.393;409.4;2.149;0.0;0.000;60;0;0;2.693;2.770;2.747;603;623;613;50.02;50.02;50.02;6086;1000;0.0;0;1.0000;0;0
600;2015-09-06 10:40:00;172602N232;2225;2.940;37;226;227;226;225;3.329;50.01;412.1;2.905;390.2;2.737;0.0;0.000;60;0;0;3.304;3.360;3.323;734;754;736;50.01;50.01;50.01;6086;1000;0.0;0;1.0000;0;0
600;2015-09-06 10:50:00;172602N232;1955;3.265;37;225;226;225;225;2.914;50.00;410.6;2.536;408.8;2.321;0.0;0.000;60;0;0;2.878;2.938;2.927;643;656;652;50.00;50.00;50.00;6086;1000;0.0;0;1.0000;0;0
600;2015-09-06 11:00:00;172602N232;3037;3.771;38;226;226;228;226;4.482;50.00;411.5;3.859;398.6;3.770;0.0;0.000;60;0;0;4.423;4.531;4.492;993;1030;1011;50.00;50.00;50.00;6086;1000;0.0;0;1.0000;0;0
600;2015-09-06 11:10:00;172602N232;3473;4.349;40;227;226;230;226;5.099;50.02;400.9;4.529;394.5;4.340;0.0;0.000;60;0;0;5.009;5.182;5.106;1130;1189;1150;50.02;50.02;50.02;6086;1000;0.0;0;1.0000;0;0
600;2015-09-06 11:20:00;172602N232;1824;4.655;39;225;225;226;224;2.738;50.01;406.8;2.307;412.2;2.176;0.0;0.000;60;0;0;2.697;2.768;2.749;597;620;608;50.01;50.01;50.01;6086;1000;0.0;0;1.0000;0;0
600;2015-09-06 11:30:00;172602N232;3807;5.289;40;227;227;228;225;5.592;50.02;405.5;4.795;406.3;4.720;0.0;0.000;60;0;0;5.565;5.647;5.565;1263;1288;1252;50.02;50.02;50.02;6086;1000;0.0;0;1.0000;0;0
600;2015-09-06 11:40:00;172602N232;2885;5.769;40;227;227;228;225;4.240;50.01;402.6;3.672;405.7;3.552;0.0;0.000;60;0;0;4.184;4.303;4.235;947;985;951;50.01;50.01;50.01;6086;1000;0.0;0;1.0000;0;0
600;2015-09-06 11:50:00;172602N232;4030;6.442;40;228;228;231;226;5.882;50.00;396.9;5.170;396.4;5.121;0.0;0.000;60;0;0;5.824;5.973;5.851;1328;1378;1322;50.00;50.00;50.00;6086;1000;0.0;0;1.0000;0;0
600;2015-09-06 12:00:00;172602N232;2944;6.932;41;228;228;230;224;4.312;50.00;397.9;3.762;399.9;3.675;0.0;0.000;60;0;0;4.271;4.406;4.261;972;1017;954;50.00;50.00;50.00;6086;1000;0.0;0;1.0000;0;0
600;2015-09-06 12:10:00;172602N232;4073;7.612;41;229;228;232;225;5.945;50.02;399.2;5.195;398.1;5.160;0.0;0.000;60;0;0;5.888;6.070;5.877;1341;1410;1321;50.02;50.02;50.02;6086;1000;0.0;0;1.0000;0;0
600;2015-09-06 12:20:00;172602N232;3779;8.243;42;228;228;231;226;5.518;50.02;393.0;4.912;390.6;4.866;0.0;0.000;60;0;0;5.453;5.625;5.478;1239;1304;1234;50.02;50.02;50.02;6086;1000;0.0;0;1.0000;0;0
600;2015-09-06 12:30:00;172602N232;4171;8.935;42;228;228;230;227;6.089;50.02;394.3;5.391;391.4;5.372;0.0;0.000;60;0;0;6.021;6.174;6.072;1370;1422;1376;50.02;50.02;50.02;6086;1000;0.0;0;1.0000;0;0
600;2015-09-06 12:40:00;172602N232;3911;9.589;42;228;228;231;227;5.712;50.01;391.3;5.104;389.3;5.066;0.0;0.000;60;0;0;5.640;5.800;5.698;1282;1340;1290;50.01;50.01;50.01;6086;1000;0.0;0;1.0000;0;0
600;2015-09-06 12:50:00;172602N232;4403;10.321;43;229;229;232;226;6.413;50.02;391.6;5.741;388.0;5.718;0.0;0.000;60;0;0;6.352;6.522;6.366;1453;1510;1437;50.02;50.02;50.02;6086;1000;0.0;0;1.0000;0;0
600;2015-09-06 13:00:00;172602N232;3352;10.881;43;227;227;230;225;4.915;50.01;392.8;4.334;390.0;4.325;0.0;0.000;60;0;0;4.848;5.015;4.883;1099;1154;1096;50.01;50.01;50.01;6086;1000;0.0;0;1.0000;0;0
600;2015-09-06 13:10:00;172602N232;4542;11.638;43;228;227;231;227;6.632;50.01;388.9;5.957;387.1;5.937;0.0;0.000;60;0;0;6.525;6.734;6.637;1480;1553;1507;50.01;50.01;50.01;6086;1000;0.0;0;1.0000;0;0
600;2015-09-06 13:20:00;172602N232;4420;12.373;43;228;227;231;226;6.466;50.02;388.0;5.810;386.9;5.782;0.0;0.000;60;0;0;6.386;6.575;6.437;1451;1515;1451;50.02;50.02;50.02;6086;1000;0.0;0;1.0000;0;0
600;2015-09-06 13:30:00;172602N232;4407;13.109;43;228;227;232;225;6.447;50.01;388.7;5.787;387.6;5.757;0.0;0.000;60;0;0;6.351;6.620;6.371;1439;1537;1430;50.01;50.01;50.01;6086;1000;0.0;0;1.0000;0;0
600;2015-09-06 13:40:00;172602N232;4424;13.847;43;227;225;232;225;6.481;50.01;389.7;5.794;388.3;5.767;0.0;0.000;60;0;0;6.330;6.664;6.449;1423;1548;1450;50.01;50.01;50.01;6086;1000;0.0;0;1.0000;0;0
600;2015-09-06 13:50:00;172602N232;4383;14.577;43;227;224;231;226;6.428;50.01;390.8;5.728;388.9;5.700;0.0;0.000;60;0;0;6.270;6.568;6.447;1405;1519;1457;50.01;50.01;50.01;6086;1000;0.0;0;1.0000;0;0
600;2015-09-06 14:00:00;172602N232;4389;15.308;43;227;223;232;226;6.437;50.01;390.6;5.742;388.0;5.717;0.0;0.000;60;0;0;6.219;6.611;6.482;1385;1536;1466;50.01;50.01;50.01;6086;1000;0.0;0;1.0000;0;0
600;2015-09-06 14:10:00;172602N232;4414;16.045;43;228;224;233;225;6.465;50.01;390.2;5.781;387.5;5.760;0.0;0.000;60;0;0;6.282;6.668;6.446;1406;1555;1451;50.01;50.01;50.01;6086;1000;0.0;0;1.0000;0;0
600;2015-09-06 14:20:00;172602N232;4114;16.731;44;227;225;232;225;6.030;50.00;389.8;5.391;387.7;5.370;0.0;0.000;60;0;0;5.894;6.196;6.002;1324;1437;1351;50.00;50.00;50.00;6086;1000;0.0;0;1.0000;0;0
600;2015-09-06 14:30:00;172602N232;3941;17.389;44;227;224;232;226;5.780;50.00;392.7;5.108;391.5;5.098;0.0;0.000;60;0;0;5.615;5.935;5.792;1254;1377;1307;50.00;50.00;50.00;6086;1000;0.0;0;1.0000;0;0
600;2015-09-06 14:40:00;172602N232;4218;18.091;44;228;226;231;225;6.178;49.99;389.9;5.520;388.7;5.491;0.0;0.000;60;0;0;6.088;6.307;6.140;1376;1458;1382;49.99;49.99;49.99;6086;1000;0.0;0;1.0000;0;0
600;2015-09-06 14:50:00;172602N232;4256;18.800;44;228;227;232;225;6.228;50.00;388.6;5.591;386.9;5.566;0.0;0.000;60;0;0;6.157;6.362;6.166;1397;1472;1386;50.00;50.00;50.00;6086;1000;0.0;0;1.0000;0;0
600;2015-09-06 15:00:00;172602N232;3963;19.461;44;228;228;231;224;5.803;50.00;389.4;5.194;387.2;5.168;0.0;0.000;60;0;0;5.751;5.925;5.734;1308;1368;1285;50.00;50.00;50.00;6086;1000;0.0;0;1.0000;0;0
600;2015-09-06 15:10:00;172602N232;3682;20.074;44;228;227;232;225;5.390;50.00;391.4;4.797;389.7;4.773;0.0;0.000;60;0;0;5.305;5.532;5.335;1201;1283;1196;50.00;50.00;50.00;6086;1000;0.0;0;1.0000;0;0
600;2015-09-06 15:20:00;172602N232;3495;20.657;44;228;228;233;223;5.118;50.01;393.9;4.516;392.9;4.494;0.0;0.000;60;0;0;5.053;5.264;5.037;1147;1223;1123;50.01;50.01;50.01;6086;1000;0.0;0;1.0000;0;0
600;2015-09-06 15:30:00;172602N232;2845;21.132;43;226;226;232;222;4.192;50.01;396.2;3.661;391.2;3.666;0.0;0.000;60;0;0;4.109;4.340;4.129;925;1005;913;50.01;50.01;50.01;6086;1000;0.0;0;1.0000;0;0
600;2015-09-06 15:40:00;172602N232;1527;21.386;43;226;226;228;224;2.293;50.00;414.1;1.851;401.8;1.910;0.0;0.000;60;0;0;2.242;2.343;2.296;493;525;506;50.00;50.00;50.00;6086;1000;0.0;0;1.0000;0;0
600;2015-09-06 15:50:00;172602N232;2257;21.763;43;226;226;229;225;3.336;49.98;412.4;2.771;406.6;2.789;0.0;0.000;60;0;0;3.272;3.401;3.337;734;774;746;49.98;49.98;49.98;6086;1000;0.0;0;1.0000;0;0
600;2015-09-06 16:00:00;172602N232;2469;22.174;43;227;226;229;224;3.651;49.99;407.8;3.069;403.9;3.075;0.0;0.000;60;0;0;3.587;3.720;3.648;806;848;813;49.99;49.99;49.99;6086;1000;0.0;0;1.0000;0;0
600;2015-09-06 16:10:00;172602N232;1752;22.467;42;225;225;226;224;2.624;50.00;411.0;2.141;403.1;2.190;0.0;0.000;60;0;0;2.574;2.660;2.638;571;595;584;50.00;50.00;50.00;6086;1000;0.0;0;1.0000;0;0
600;2015-09-06 16:20:00;172602N232;2037;22.805;42;225;225;227;224;3.055;50.00;414.4;2.472;407.3;2.516;0.0;0.000;60;0;0;3.005;3.091;3.071;663;693;679;50.00;50.00;50.00;6086;1000;0.0;0;1.0000;0;0
600;2015-09-06 16:30:00;172602N232;2960;23.300;42;226;226;228;225;4.373;49.99;413.6;3.619;404.0;3.706;0.0;0.000;60;0;0;4.308;4.434;4.377;968;1010;981;49.99;49.99;49.99;6086;1000;0.0;0;1.0000;0;0
600;2015-09-06 16:40:00;172602N232;2372;23.695;42;226;224;228;225;3.517;49.99;406.3;2.878;398.4;3.033;0.0;0.000;60;0;0;3.437;3.583;3.532;767;813;790;49.99;49.99;49.99;6086;1000;0.0;0;1.0000;0;0
600;2015-09-06 16:50:00;172602N232;893;23.843;42;224;222;225;224;1.367;49.98;397.5;1.108;400.9;1.120;0.0;0.000;60;0;0;1.300;1.408;1.394;279;308;303;49.98;49.98;49.98;6086;1000;0.0;0;1.0000;0;0
600;2015-09-06 17:00:00;172602N232;1023;24.014;42;224;222;226;224;1.572;50.00;404.7;1.250;408.1;1.263;0.0;0.000;60;0;0;1.496;1.623;1.597;320;354;347;50.00;50.00;50.00;6086;1000;0.0;0;1.0000;0;0
600;2015-09-06 17:10:00;172602N232;873;24.160;42;224;222;226;222;1.350;50.00;402.7;1.070;408.2;1.073;0.0;0.000;60;0;0;1.298;1.390;1.362;275;303;292;50.00;50.00;50.00;6086;1000;0.0;0;1.0000;0;0
600;2015-09-06 17:20:00;172602N232;589;24.258;42;223;224;224;221;1.149;49.99;402.1;0.714;407.4;0.721;0.0;0.000;60;0;0;1.164;1.169;1.114;190;204;193;49.99;49.99;49.99;6086;1000;0.0;0;1.0000;0;0
600;2015-09-06 17:30:00;172602N232;417;24.327;41;224;225;225;222;1.204;50.00;400.8;0.500;405.4;0.508;0.0;0.000;60;0;0;1.250;1.247;1.115;116;157;143;50.00;50.00;50.00;6086;1000;0.0;0;1.0000;0;0
600;2015-09-06 17:40:00;172602N232;337;24.384;41;224;225;225;222;1.202;50.01;399.5;0.401;404.7;0.409;0.0;0.000;60;0;0;1.332;1.196;1.080;91;124;121;50.01;50.01;50.01;6086;1000;0.0;0;1.0000;0;0
600;2015-09-06 17:50:00;172602N232;306;24.435;41;223;224;225;221;1.185;50.01;387.8;0.373;404.6;0.371;0.0;0.000;60;0;0;1.361;1.110;1.086;90;100;115;50.01;50.01;50.01;6086;1000;0.0;0;1.0000;0;0
600;2015-09-06 18:00:00;172602N232;250;24.477;40;224;223;225;222;1.077;49.99;389.4;0.303;401.0;0.299;0.0;0.000;60;0;0;1.134;1.248;0.851;71;86;91;49.99;49.99;49.99;6086;1000;0.0;0;1.0000;0;0
600;2015-09-06 18:10:00;172602N232;185;24.508;40;224;220;228;223;0.978;49.98;382.9;0.221;394.4;0.218;0.0;0.000;60;0;0;0.593;1.614;0.728;51;39;92;49.98;49.98;49.98;6086;1000;0.0;0;1.0000;0;0
600;2015-09-06 18:20:00;172602N232;133;24.530;39;224;221;228;224;1.017;49.98;386.8;0.153;388.3;0.154;0.0;0.000;60;0;0;0.710;1.555;0.788;64;3;72;49.98;49.98;49.98;6086;1000;0.0;0;1.0000;0;0
600;2015-09-06 18:30:00;172602N232;121;24.550;39;224;222;227;224;0.976;50.02;380.1;0.142;387.2;0.141;0.0;0.000;60;0;0;0.768;1.392;0.770;53;6;68;50.02;50.02;50.02;6086;1000;0.0;0;1.0000;0;0
600;2015-09-06 18:40:00;172602N232;117;24.570;39;225;224;227;223;0.964;50.04;376.4;0.137;388.3;0.135;0.0;0.000;60;0;0;0.789;1.330;0.775;42;5;68;50.04;50.04;50.04;6086;1000;0.0;0;1.0000;0;0
600;2015-09-06 18:50:00;172602N232;126;24.592;38;224;224;227;222;0.940;50.00;380.7;0.143;395.6;0.146;0.0;0.000;60;0;0;0.813;1.242;0.766;41;13;71;50.00;50.00;50.00;6086;1000;0.0;0;1.0000;0;0
600;2015-09-06 19:00:00;172602N232;134;24.615;38;224;223;225;223;0.907;49.98;384.7;0.154;395.0;0.155;0.0;0.000;60;0;0;0.830;1.132;0.761;38;25;70;49.98;49.98;49.98;6086;1000;0.0;0;1.0000;0;0
600;2015-09-06 19:10:00;172602N232;71;24.627;38;224;225;226;222;0.769;49.97;357.2;0.078;372.6;0.078;0.0;0.000;60;0;0;0.875;0.831;0.602;6;21;47;49.97;49.97;49.97;6086;1000;0.0;0;1.0000;0;0
600;2015-09-06 19:20:00;172602N232;11;24.628;38;223;224;225;222;0.307;49.97;270.8;0.005;273.1;0.008;0.0;0.000;60;0;0;0.403;0.302;0.218;1;6;13;49.97;49.97;49.97;6086;1000;0.0;0;1.0000;0;0
600;2015-09-06 19:30:00;172602N232;0;24.629;37;223;225;224;221;0.028;49.97;279.6;0.000;278.9;0.000;0.0;0.000;51;0;0;0.038;0.024;0.023;0;0;1;49.97;49.97;49.97;7669;1000;0.0;0;1.0000;0;0
600;2015-09-06 19:40:00;172602N232;0;24.629;36;222;224;223;219;0.000;49.97;238.5;0.000;239.5;0.000;0.0;0.000;51;0;0;0.000;0.000;0.000;0;0;0;49.97;49.97;49.97;9904;1000;0.0;0;1.0000;0;0
600;2015-09-06 19:50:00;172602N232;0;24.629;35;222;222;225;219;0.000;49.98;228.6;0.000;229.6;0.000;0.0;0.000;51;0;0;0.000;0.000;0.000;0;0;0;49.98;49.98;49.98;9904;1000;0.0;0;1.0000;0;0
[wr_ende]
