20170806;230000;172602N232;My Plant;+0100
[wr_def_start]
172602N232;Inverter Type;Inverter Group;72602N232      
[wr_def_end]
[wr]
INTERVAL;TIMESTAMP;SERIAL;P_AC;E_DAY;T_WR;U_AC;U_AC_1;U_AC_2;U_AC_3;I_AC;F_AC;U_DC_1;I_DC_1;U_DC_2;I_DC_2;U_DC_3;I_DC_3;S;E_WR;M_WR;I_AC_1;I_AC_2;I_AC_3;P_AC_1;P_AC_2;P_AC_3;F_AC_1;F_AC_2;F_AC_3;R_DC;PC;PCS;PCS_LL;COS_PHI;COS_PHI_LL;S_COS_PHI
600;2017-08-06 04:20:00;172602N232;0;0.000;0;3;3;3;3;0.000;0.70;3.1;0.000;3.1;0.000;0.0;0.000;50;0;0;0.000;0.000;0.000;0;0;0;0.70;0.70;0.70;7;1000;0.0;0;1.0000;0;0
600;2017-08-06 04:30:00;172602N232;0;0.000;27;226;227;229;223;0.000;50.02;228.4;0.000;229.3;0.000;0.0;0.000;50;0;0;0.000;0.000;0.000;0;0;0;50.02;50.02;50.02;0;1000;0.0;0;1.0000;0;0
600;2017-08-06 04:40:00;172602N232;0;0.000;29;226;226;229;222;0.000;50.00;241.5;0.000;242.3;0.000;0.0;0.000;50;0;0;0.000;0.000;0.000;0;0;0;50.00;50.00;50.00;0;1000;0.0;0;1.0000;0;0
600;2017-08-06 04:50:00;172602N232;1;0.000;29;226;226;228;225;0.066;50.03;273.3;0.000;272.6;0.000;0.0;0.000;60;0;0;0.053;0.090;0.057;0;0;2;50.03;50.03;50.03;5761;1000;0.0;0;1.0000;0;0
600;2017-08-06 05:00:00;172602N232;7;0.002;30;226;226;227;225;0.245;50.01;260.6;0.001;252.3;0.001;0.0;0.000;60;0;0;0.272;0.265;0.200;0;2;10;50.01;50.01;50.01;7139;1000;0.0;0;1.0000;0;0
600;2017-08-06 05:10:00;172602N232;24;0.005;30;226;226;226;225;0.461;50.00;316.2;0.020;295.8;0.017;0.0;0.000;60;0;0;0.503;0.578;0.303;9;0;18;50.00;50.00;50.00;7139;1000;0.0;0;1.0000;0;0
600;2017-08-06 05:20:00;172602N232;25;0.010;31;225;225;225;224;0.453;49.99;324.4;0.023;296.0;0.021;0.0;0.000;60;0;0;0.455;0.554;0.352;5;2;22;49.99;49.99;49.99;7139;1000;0.0;0;1.0000;0;0
600;2017-08-06 05:30:00;172602N232;50;0.017;31;225;225;226;224;0.621;50.00;353.3;0.055;349.6;0.047;0.0;0.000;60;0;0;0.611;0.780;0.473;9;9;32;50.00;50.00;50.00;7139;1000;0.0;0;1.0000;0;0
600;2017-08-06 05:40:00;172602N232;151;0.043;31;225;225;226;224;0.929;50.00;395.0;0.187;397.0;0.158;0.0;0.000;60;0;0;0.896;1.170;0.722;33;49;67;50.00;50.00;50.00;7139;1000;0.0;0;1.0000;0;0
600;2017-08-06 05:50:00;172602N232;238;0.083;32;225;225;226;224;1.033;50.00;408.3;0.299;404.6;0.252;0.0;0.000;60;0;0;1.135;1.115;0.849;63;88;85;50.00;50.00;50.00;7139;1000;0.0;0;1.0000;0;0
600;2017-08-06 06:00:00;172602N232;218;0.120;32;225;225;226;224;1.013;49.98;408.1;0.269;405.6;0.227;0.0;0.000;60;0;0;1.195;1.040;0.804;61;81;74;49.98;49.98;49.98;7139;1000;0.0;0;1.0000;0;0
600;2017-08-06 06:10:00;172602N232;224;0.157;32;225;225;226;223;1.038;49.99;408.6;0.285;406.4;0.229;0.0;0.000;60;0;0;1.179;1.177;0.758;57;84;82;49.99;49.99;49.99;7139;1000;0.0;0;1.0000;0;0
600;2017-08-06 06:20:00;172602N232;212;0.193;32;224;224;225;223;1.025;50.00;409.0;0.281;409.4;0.197;0.0;0.000;60;0;0;1.271;1.048;0.758;47;88;75;50.00;50.00;50.00;7139;1000;0.0;0;1.0000;0;0
600;2017-08-06 06:30:00;172602N232;132;0.215;33;224;225;224;223;0.955;49.99;402.1;0.164;386.6;0.130;0.0;0.000;60;0;0;1.327;0.797;0.743;7;65;58;49.99;49.99;49.99;7139;1000;0.0;0;1.0000;0;0
600;2017-08-06 06:40:00;172602N232;148;0.240;33;224;225;223;223;1.023;50.00;402.4;0.183;388.7;0.152;0.0;0.000;60;0;0;1.368;0.881;0.822;9;89;48;50.00;50.00;50.00;7139;1000;0.0;0;1.0000;0;0
600;2017-08-06 06:50:00;172602N232;151;0.265;33;223;224;223;223;0.881;50.00;402.2;0.195;388.8;0.148;0.0;0.000;60;0;0;0.954;0.929;0.762;17;68;65;50.00;50.00;50.00;7139;1000;0.0;0;1.0000;0;0
600;2017-08-06 07:00:00;172602N232;152;0.290;33;224;224;223;224;0.877;50.00;397.6;0.194;392.7;0.152;0.0;0.000;60;0;0;0.883;1.038;0.712;20;77;54;50.00;50.00;50.00;7139;1000;0.0;0;1.0000;0;0
600;2017-08-06 07:10:00;172602N232;210;0.325;34;223;224;224;223;0.994;49.99;408.8;0.262;401.0;0.216;0.0;0.000;60;0;0;1.152;0.970;0.860;42;87;79;49.99;49.99;49.99;7139;1000;0.0;0;1.0000;0;0
600;2017-08-06 07:20:00;172602N232;226;0.363;34;223;224;225;221;1.022;50.01;431.0;0.285;388.7;0.226;0.0;0.000;60;0;0;1.141;1.093;0.833;49;82;93;50.01;50.01;50.01;7139;1000;0.0;0;1.0000;0;0
600;2017-08-06 07:30:00;172602N232;190;0.394;34;223;222;224;222;0.954;49.99;436.4;0.229;393.3;0.184;0.0;0.000;60;0;0;1.102;1.011;0.751;59;57;72;49.99;49.99;49.99;7139;1000;0.0;0;1.0000;0;0
600;2017-08-06 07:40:00;172602N232;272;0.441;34;223;223;224;222;1.074;50.00;441.8;0.329;400.7;0.274;0.0;0.000;60;0;0;1.157;1.218;0.849;74;103;92;50.00;50.00;50.00;7139;1000;0.0;0;1.0000;0;0
600;2017-08-06 07:50:00;172602N232;549;0.533;34;223;222;226;222;1.215;49.99;450.9;0.736;408.4;0.503;0.0;0.000;60;0;0;1.116;1.296;1.233;173;197;176;49.99;49.99;49.99;7139;1000;0.0;0;1.0000;0;0
600;2017-08-06 08:00:00;172602N232;628;0.637;35;224;223;227;222;1.024;49.99;446.6;0.854;401.9;0.578;0.0;0.000;60;0;0;0.967;1.078;1.028;194;222;210;49.99;49.99;49.99;7139;1000;0.0;0;1.0000;0;0
600;2017-08-06 08:10:00;172602N232;697;0.754;35;223;223;225;221;1.298;49.98;432.3;0.894;414.0;0.692;0.0;0.000;60;0;0;1.288;1.370;1.237;222;243;231;49.98;49.98;49.98;7139;1000;0.0;0;1.0000;0;0
600;2017-08-06 08:20:00;172602N232;694;0.868;35;224;221;227;224;1.220;50.00;346.8;1.665;404.7;0.363;0.0;0.000;60;0;0;1.157;1.307;1.196;214;243;235;50.00;50.00;50.00;7139;1000;0.0;0;1.0000;0;0
600;2017-08-06 08:30:00;172602N232;1020;1.039;36;224;222;226;222;1.581;49.99;364.3;2.196;403.3;0.599;0.0;0.000;60;0;0;1.520;1.635;1.590;322;356;340;49.99;49.99;49.99;7139;1000;0.0;0;1.0000;0;0
600;2017-08-06 08:40:00;172602N232;1230;1.244;36;222;222;226;219;1.872;49.99;388.5;2.442;412.7;0.727;0.0;0.000;60;0;0;1.812;1.949;1.856;394;433;400;49.99;49.99;49.99;7139;1000;0.0;0;1.0000;0;0
600;2017-08-06 08:50:00;172602N232;1413;1.481;36;223;222;227;221;2.138;49.99;408.6;2.579;423.4;0.840;0.0;0.000;60;0;0;2.072;2.212;2.131;452;496;464;49.99;49.99;49.99;7139;1000;0.0;0;1.0000;0;0
600;2017-08-06 09:00:00;172602N232;1263;1.690;37;223;223;225;220;1.921;50.00;413.1;1.866;418.4;1.169;0.0;0.000;60;0;0;1.868;1.981;1.916;406;438;414;50.00;50.00;50.00;7139;1000;0.0;0;1.0000;0;0
600;2017-08-06 09:10:00;172602N232;1278;1.904;37;222;223;225;220;2.075;50.01;407.5;2.238;392.1;0.932;0.0;0.000;60;0;0;2.069;2.133;2.024;413;445;419;50.01;50.01;50.01;7139;1000;0.0;0;1.0000;0;0
600;2017-08-06 09:20:00;172602N232;2217;2.274;38;223;222;228;220;3.351;49.98;408.7;4.110;275.3;2.132;0.0;0.000;60;0;0;3.270;3.477;3.308;716;779;720;49.98;49.98;49.98;7139;1000;0.0;0;1.0000;0;0
600;2017-08-06 09:30:00;172602N232;2332;2.663;39;227;226;231;223;3.445;50.00;404.0;4.069;290.1;2.599;0.0;0.000;60;0;0;3.382;3.548;3.407;759;813;756;50.00;50.00;50.00;7139;1000;0.0;0;1.0000;0;0
600;2017-08-06 09:40:00;172602N232;1981;2.992;38;226;225;229;224;2.954;50.00;402.7;3.279;369.8;2.002;0.0;0.000;60;0;0;2.894;3.037;2.932;642;689;648;50.00;50.00;50.00;7139;1000;0.0;0;1.0000;0;0
600;2017-08-06 09:50:00;172602N232;1928;3.314;39;225;225;229;222;2.870;50.00;410.3;2.732;380.6;2.477;0.0;0.000;60;0;0;2.809;2.977;2.824;626;679;621;50.00;50.00;50.00;7139;1000;0.0;0;1.0000;0;0
600;2017-08-06 10:00:00;172602N232;1481;3.561;39;225;225;228;223;2.211;49.99;406.8;2.079;380.5;1.784;0.0;0.000;60;0;0;2.159;2.272;2.202;479;515;486;49.99;49.99;49.99;7139;1000;0.0;0;1.0000;0;0
600;2017-08-06 10:10:00;172602N232;3210;4.097;40;227;226;230;224;4.719;49.99;403.9;4.576;330.2;4.456;0.0;0.000;60;0;0;4.651;4.833;4.674;1049;1114;1047;49.99;49.99;49.99;7139;1000;0.0;0;1.0000;0;0
600;2017-08-06 10:20:00;172602N232;1381;4.327;40;224;223;227;223;2.097;49.98;412.7;1.737;415.0;1.606;0.0;0.000;60;0;0;2.037;2.158;2.097;442;479;458;49.98;49.98;49.98;7139;1000;0.0;0;1.0000;0;0
600;2017-08-06 10:30:00;172602N232;1806;4.628;40;225;225;228;222;2.697;49.99;415.0;2.400;405.0;2.139;0.0;0.000;60;0;0;2.646;2.770;2.675;588;628;588;49.99;49.99;49.99;7139;1000;0.0;0;1.0000;0;0
600;2017-08-06 10:40:00;172602N232;3613;5.231;40;226;227;230;222;5.328;50.00;396.6;5.045;341.1;4.949;0.0;0.000;60;0;0;5.285;5.478;5.221;1196;1263;1154;50.00;50.00;50.00;7139;1000;0.0;0;1.0000;0;0
600;2017-08-06 10:50:00;172602N232;746;5.356;41;222;222;224;222;1.311;49.99;398.8;0.983;397.5;0.875;0.0;0.000;60;0;0;1.293;1.356;1.284;238;256;251;49.99;49.99;49.99;7139;1000;0.0;0;1.0000;0;0
600;2017-08-06 11:00:00;172602N232;1461;5.599;41;223;222;224;222;2.209;50.00;422.9;1.783;426.1;1.654;0.0;0.000;60;0;0;2.160;2.254;2.215;473;500;485;50.00;50.00;50.00;7139;1000;0.0;0;1.0000;0;0
600;2017-08-06 11:10:00;172602N232;3320;6.153;41;225;224;228;224;4.911;49.99;416.8;4.359;400.7;3.958;0.0;0.000;60;0;0;4.851;5.004;4.878;1087;1141;1089;49.99;49.99;49.99;7139;1000;0.0;0;1.0000;0;0
600;2017-08-06 11:20:00;172602N232;4715;6.940;42;227;226;230;224;6.937;50.00;391.7;6.440;360.4;6.318;0.0;0.000;60;0;0;6.906;7.069;6.838;1559;1628;1530;50.00;50.00;50.00;7139;1000;0.0;0;1.0000;0;0
600;2017-08-06 11:30:00;172602N232;4743;7.730;42;226;226;231;222;6.985;50.00;385.0;6.443;366.9;6.398;0.0;0.000;60;0;0;6.935;7.182;6.839;1565;1660;1516;50.00;50.00;50.00;7139;1000;0.0;0;1.0000;0;0
600;2017-08-06 11:40:00;172602N232;1682;8.011;42;224;224;226;221;2.537;49.99;389.3;2.270;393.1;2.145;0.0;0.000;60;0;0;2.506;2.594;2.511;548;584;548;49.99;49.99;49.99;7139;1000;0.0;0;1.0000;0;0
600;2017-08-06 11:50:00;172602N232;2788;8.475;42;225;225;227;221;4.146;49.99;406.5;3.534;413.4;3.323;0.0;0.000;60;0;0;4.099;4.243;4.097;916;965;904;49.99;49.99;49.99;7139;1000;0.0;0;1.0000;0;0
600;2017-08-06 12:00:00;172602N232;2144;8.833;42;223;223;226;222;3.226;50.01;400.1;2.798;403.7;2.530;0.0;0.000;60;0;0;3.167;3.297;3.214;697;738;706;50.01;50.01;50.01;7139;1000;0.0;0;1.0000;0;0
600;2017-08-06 12:10:00;172602N232;1737;9.122;41;223;223;225;222;2.750;49.99;404.2;2.168;413.2;2.037;0.0;0.000;60;0;0;2.717;2.803;2.731;563;595;576;49.99;49.99;49.99;7139;1000;0.0;0;1.0000;0;0
600;2017-08-06 12:20:00;172602N232;4616;9.892;41;226;225;230;223;6.801;50.00;398.9;5.951;406.3;5.761;0.0;0.000;60;0;0;6.711;6.968;6.724;1509;1605;1499;50.00;50.00;50.00;7139;1000;0.0;0;1.0000;0;0
600;2017-08-06 12:30:00;172602N232;4536;10.648;43;226;225;230;222;6.689;50.01;382.5;6.049;383.6;6.003;0.0;0.000;60;0;0;6.604;6.872;6.593;1484;1586;1465;50.01;50.01;50.01;7139;1000;0.0;0;1.0000;0;0
600;2017-08-06 12:40:00;172602N232;3152;11.174;43;225;224;229;221;4.679;50.01;395.4;4.089;401.5;3.933;0.0;0.000;60;0;0;4.609;4.801;4.628;1028;1098;1023;50.01;50.01;50.01;7139;1000;0.0;0;1.0000;0;0
600;2017-08-06 12:50:00;172602N232;2581;11.605;42;225;224;228;222;3.848;50.01;403.8;3.314;414.3;3.057;0.0;0.000;60;0;0;3.797;3.935;3.814;845;895;841;50.01;50.01;50.01;7139;1000;0.0;0;1.0000;0;0
600;2017-08-06 13:00:00;172602N232;2107;11.955;42;224;223;227;222;3.161;50.01;409.3;2.694;415.0;2.453;0.0;0.000;60;0;0;3.109;3.228;3.148;685;727;693;50.01;50.01;50.01;7139;1000;0.0;0;1.0000;0;0
600;2017-08-06 13:10:00;172602N232;1991;12.288;42;224;223;226;222;2.990;50.01;418.6;2.444;423.1;2.315;0.0;0.000;60;0;0;2.929;3.056;2.985;647;686;655;50.01;50.01;50.01;7139;1000;0.0;0;1.0000;0;0
600;2017-08-06 13:20:00;172602N232;2207;12.655;42;224;221;229;223;3.288;49.99;411.3;2.779;420.0;2.590;0.0;0.000;60;0;0;3.189;3.386;3.289;703;774;729;49.99;49.99;49.99;7139;1000;0.0;0;1.0000;0;0
600;2017-08-06 13:30:00;172602N232;4246;13.362;42;227;225;230;225;6.231;50.01;397.0;5.452;399.6;5.402;0.0;0.000;60;0;0;6.143;6.367;6.183;1383;1469;1391;50.01;50.01;50.01;7139;1000;0.0;0;1.0000;0;0
600;2017-08-06 13:40:00;172602N232;4011;14.032;42;227;224;232;224;5.898;50.00;393.8;5.201;393.8;5.157;0.0;0.000;60;0;0;5.777;6.075;5.843;1294;1407;1307;50.00;50.00;50.00;7139;1000;0.0;0;1.0000;0;0
600;2017-08-06 13:50:00;172602N232;2969;14.528;43;226;224;230;223;4.391;49.99;390.7;3.899;392.0;3.819;0.0;0.000;60;0;0;4.312;4.532;4.331;963;1044;961;49.99;49.99;49.99;7139;1000;0.0;0;1.0000;0;0
600;2017-08-06 14:00:00;172602N232;866;14.672;42;224;224;226;222;1.324;50.00;395.5;1.102;406.8;1.032;0.0;0.000;60;0;0;1.273;1.374;1.327;275;302;287;50.00;50.00;50.00;7139;1000;0.0;0;1.0000;0;0
600;2017-08-06 14:10:00;172602N232;5201;15.538;42;229;228;233;225;7.585;50.00;394.3;6.708;396.4;6.674;0.0;0.000;60;0;0;7.535;7.771;7.449;1714;1809;1676;50.00;50.00;50.00;7139;1000;0.0;0;1.0000;0;0
600;2017-08-06 14:20:00;172602N232;2727;15.993;43;227;226;229;225;4.004;49.98;383.8;3.628;389.8;3.608;0.0;0.000;60;0;0;3.952;4.111;3.951;891;951;885;49.98;49.98;49.98;7139;1000;0.0;0;1.0000;0;0
600;2017-08-06 14:30:00;172602N232;1303;16.211;42;225;225;226;224;1.958;49.99;412.9;1.580;420.5;1.516;0.0;0.000;60;0;0;1.911;2.002;1.961;421;446;432;49.99;49.99;49.99;7139;1000;0.0;0;1.0000;0;0
600;2017-08-06 14:40:00;172602N232;3148;16.736;42;227;227;228;225;4.615;50.00;424.4;3.765;420.5;3.672;0.0;0.000;60;0;0;4.577;4.709;4.561;1038;1084;1024;50.00;50.00;50.00;7139;1000;0.0;0;1.0000;0;0
600;2017-08-06 14:50:00;172602N232;1985;17.065;42;226;226;227;224;2.954;49.99;403.7;2.477;406.4;2.442;0.0;0.000;60;0;0;2.923;2.998;2.941;652;675;654;49.99;49.99;49.99;7139;1000;0.0;0;1.0000;0;0
600;2017-08-06 15:00:00;172602N232;3521;17.653;43;227;227;230;224;5.158;49.99;404.2;4.397;404.6;4.398;0.0;0.000;60;0;0;5.138;5.262;5.076;1167;1212;1138;49.99;49.99;49.99;7139;1000;0.0;0;1.0000;0;0
600;2017-08-06 15:10:00;172602N232;1572;17.914;43;225;226;226;223;2.346;49.99;403.2;1.962;413.1;1.888;0.0;0.000;60;0;0;2.312;2.390;2.337;517;536;517;49.99;49.99;49.99;7139;1000;0.0;0;1.0000;0;0
600;2017-08-06 15:20:00;172602N232;1101;18.097;42;224;224;225;224;1.668;50.01;409.4;1.380;414.1;1.292;0.0;0.000;60;0;0;1.615;1.707;1.684;353;378;369;50.01;50.01;50.01;7139;1000;0.0;0;1.0000;0;0
600;2017-08-06 15:30:00;172602N232;3133;18.620;42;227;225;230;226;4.601;50.00;411.2;3.852;415.3;3.854;0.0;0.000;60;0;0;4.515;4.698;4.591;1015;1083;1034;50.00;50.00;50.00;7139;1000;0.0;0;1.0000;0;0
600;2017-08-06 15:40:00;172602N232;1642;18.895;42;225;223;227;223;2.453;50.00;397.5;2.081;405.4;2.013;0.0;0.000;60;0;0;2.383;2.520;2.457;528;571;543;50.00;50.00;50.00;7139;1000;0.0;0;1.0000;0;0
600;2017-08-06 15:50:00;172602N232;584;18.992;42;224;223;227;222;1.087;49.99;392.2;0.754;404.1;0.692;0.0;0.000;60;0;0;1.040;1.163;1.060;182;205;195;49.99;49.99;49.99;7139;1000;0.0;0;1.0000;0;0
600;2017-08-06 16:00:00;172602N232;1427;19.230;42;225;225;229;222;2.333;49.99;405.9;1.749;414.5;1.717;0.0;0.000;60;0;0;2.273;2.446;2.281;461;495;469;50.00;50.00;50.00;7139;1000;0.0;0;1.0000;0;0
600;2017-08-06 16:10:00;172602N232;3215;19.766;42;226;226;230;223;4.741;50.00;392.2;4.089;400.0;4.078;0.0;0.000;60;0;0;4.681;4.878;4.664;1055;1123;1036;50.00;50.00;50.00;7139;1000;0.0;0;1.0000;0;0
600;2017-08-06 16:20:00;172602N232;1121;19.953;42;225;225;225;224;1.707;50.03;400.9;1.387;408.7;1.373;0.0;0.000;60;0;0;1.673;1.735;1.713;363;383;374;50.03;50.03;50.03;7139;1000;0.0;0;1.0000;0;0
600;2017-08-06 16:30:00;172602N232;1352;20.178;42;225;225;227;225;2.105;50.02;405.9;1.662;414.3;1.638;0.0;0.000;60;0;0;2.080;2.107;2.129;434;459;456;50.02;50.02;50.02;7139;1000;0.0;0;1.0000;0;0
600;2017-08-06 16:40:00;172602N232;2045;20.519;42;226;225;229;224;3.034;50.00;394.6;2.575;406.1;2.560;0.0;0.000;60;0;0;2.961;3.108;3.034;659;708;676;50.00;50.00;50.00;7139;1000;0.0;0;1.0000;0;0
600;2017-08-06 16:50:00;172602N232;804;20.654;42;224;224;225;223;1.295;49.98;409.0;0.987;410.1;0.960;0.0;0.000;60;0;0;1.312;1.288;1.285;259;273;270;49.98;49.98;49.98;7139;1000;0.0;0;1.0000;0;0
600;2017-08-06 17:00:00;172602N232;527;20.742;42;223;222;226;222;1.063;49.99;405.6;0.653;410.8;0.611;0.0;0.000;60;0;0;1.006;1.124;1.061;163;188;175;49.99;49.99;49.99;7139;1000;0.0;0;1.0000;0;0
600;2017-08-06 17:10:00;172602N232;993;20.907;42;224;223;228;221;1.546;50.00;408.2;1.208;418.0;1.179;0.0;0.000;60;0;0;1.481;1.618;1.541;314;351;326;50.00;50.00;50.00;7139;1000;0.0;0;1.0000;0;0
600;2017-08-06 17:20:00;172602N232;640;21.014;42;224;224;225;224;1.117;50.03;400.4;0.800;414.6;0.748;0.0;0.000;60;0;0;1.146;1.086;1.120;205;216;217;50.03;50.03;50.03;7139;1000;0.0;0;1.0000;0;0
600;2017-08-06 17:30:00;172602N232;1486;21.261;42;226;227;227;223;2.258;50.01;391.8;1.874;409.8;1.839;0.0;0.000;60;0;0;2.244;2.284;2.246;490;507;486;50.01;50.01;50.01;7139;1000;0.0;0;1.0000;0;0
600;2017-08-06 17:40:00;172602N232;630;21.367;42;225;226;224;224;1.275;49.99;397.0;0.776;409.4;0.764;0.0;0.000;60;0;0;1.305;1.276;1.245;207;216;205;49.99;49.99;49.99;7139;1000;0.0;0;1.0000;0;0
600;2017-08-06 17:50:00;172602N232;758;21.493;41;225;226;224;225;1.353;49.98;394.7;0.948;412.0;0.915;0.0;0.000;60;0;0;1.354;1.358;1.347;244;259;252;49.98;49.98;49.98;7139;1000;0.0;0;1.0000;0;0
600;2017-08-06 18:00:00;172602N232;980;21.657;41;225;225;224;226;1.710;49.99;393.6;1.204;410.7;1.212;0.0;0.000;60;0;0;1.649;1.678;1.804;310;332;336;49.99;49.99;49.99;7139;1000;0.0;0;1.0000;0;0
600;2017-08-06 18:10:00;172602N232;1671;21.935;41;226;225;228;225;2.484;50.01;389.7;2.091;402.3;2.150;0.0;0.000;60;0;0;2.418;2.541;2.495;537;575;556;50.01;50.01;50.01;7139;1000;0.0;0;1.0000;0;0
600;2017-08-06 18:20:00;172602N232;1542;22.192;41;226;226;229;223;2.299;50.01;378.2;1.993;399.4;1.998;0.0;0.000;60;0;0;2.252;2.368;2.279;503;535;502;50.01;50.01;50.01;7139;1000;0.0;0;1.0000;0;0
600;2017-08-06 18:30:00;172602N232;637;22.300;41;226;225;227;224;1.404;50.00;371.0;0.821;396.3;0.812;0.0;0.000;60;0;0;1.427;1.495;1.290;199;223;214;50.00;50.00;50.00;7139;1000;0.0;0;1.0000;0;0
600;2017-08-06 18:40:00;172602N232;851;22.441;41;226;226;227;225;1.438;50.00;369.1;1.091;400.5;1.104;0.0;0.000;60;0;0;1.414;1.488;1.414;270;294;285;50.00;50.00;50.00;7139;1000;0.0;0;1.0000;0;0
600;2017-08-06 18:50:00;172602N232;527;22.529;41;224;223;226;224;1.193;49.99;366.2;0.670;394.8;0.683;0.0;0.000;60;0;0;1.137;1.354;1.089;166;179;180;49.99;49.99;49.99;7139;1000;0.0;0;1.0000;0;0
600;2017-08-06 19:00:00;172602N232;348;22.588;41;224;223;226;224;0.975;50.00;324.4;0.467;392.3;0.510;0.0;0.000;60;0;0;0.916;1.146;0.863;108;119;120;50.00;50.00;50.00;7139;1000;0.0;0;1.0000;0;0
600;2017-08-06 19:10:00;172602N232;222;22.624;41;225;225;227;223;1.023;50.01;374.8;0.186;379.9;0.368;0.0;0.000;60;0;0;0.962;1.247;0.860;59;68;93;50.01;50.01;50.01;7139;1000;0.0;0;1.0000;0;0
600;2017-08-06 19:20:00;172602N232;154;22.650;40;226;226;228;224;0.991;50.01;361.8;0.159;349.2;0.266;0.0;0.000;60;0;0;1.134;1.066;0.773;30;49;73;50.01;50.01;50.01;7139;1000;0.0;0;1.0000;0;0
600;2017-08-06 19:30:00;172602N232;113;22.669;40;226;225;228;224;0.942;50.01;333.8;0.146;371.8;0.150;0.0;0.000;60;0;0;0.919;1.213;0.694;29;20;65;50.01;50.01;50.01;7139;1000;0.0;0;1.0000;0;0
600;2017-08-06 19:40:00;172602N232;71;22.681;40;225;225;227;224;0.832;50.00;353.6;0.076;371.9;0.081;0.0;0.000;60;0;0;0.737;1.100;0.661;18;2;51;50.00;50.00;50.00;7139;1000;0.0;0;1.0000;0;0
600;2017-08-06 19:50:00;172602N232;43;22.688;39;226;226;228;225;0.691;49.99;336.4;0.042;357.6;0.041;0.0;0.000;60;0;0;0.692;0.857;0.525;7;6;35;49.99;49.99;49.99;7139;1000;0.0;0;1.0000;0;0
600;2017-08-06 20:00:00;172602N232;31;22.694;39;226;226;227;224;0.539;49.99;316.6;0.024;337.3;0.026;0.0;0.000;60;0;0;0.530;0.668;0.419;5;10;29;49.99;49.99;49.99;7139;1000;0.0;0;1.0000;0;0
600;2017-08-06 20:10:00;172602N232;12;22.696;38;225;224;228;224;0.360;50.00;269.4;0.005;275.9;0.006;0.0;0.000;60;0;0;0.266;0.563;0.251;10;0;16;50.00;50.00;50.00;7139;1000;0.0;0;1.0000;0;0
600;2017-08-06 20:20:00;172602N232;1;22.697;38;225;224;227;224;0.101;50.00;251.4;0.000;251.8;0.000;0.0;0.000;60;0;0;0.072;0.162;0.071;2;0;3;50.00;50.00;50.00;7139;1000;0.0;0;1.0000;0;0
600;2017-08-06 20:30:00;172602N232;0;22.697;37;225;224;226;224;0.000;50.00;282.8;0.000;281.7;0.000;0.0;0.000;51;0;0;0.000;0.000;0.000;0;0;0;50.00;50.00;50.00;5812;1000;0.0;0;1.0000;0;0
600;2017-08-06 20:40:00;172602N232;0;22.697;36;225;224;228;223;0.000;50.00;234.2;0.000;235.2;0.000;0.0;0.000;51;0;0;0.000;0.000;0.000;0;0;0;50.00;50.00;50.00;5007;1000;0.0;0;1.0000;0;0
600;2017-08-06 20:50:00;172602N232;0;22.697;36;225;224;227;223;0.000;50.00;229.0;0.000;230.0;0.000;0.0;0.000;51;0;0;0.000;0.000;0.000;0;0;0;50.00;50.00;50.00;5007;1000;0.0;0;1.0000;0;0
600;2017-08-06 21:00:00;172602N232;0;22.697;35;226;225;228;224;0.000;50.01;221.9;0.000;222.8;0.000;0.0;0.000;80;0;0;0.000;0.000;0.000;0;0;0;50.01;50.01;50.01;5007;1000;0.0;0;1.0000;0;0
[wr_ende]
