20161117;230000;172602N232;My Plant;+0100
[wr_def_start]
172602N232;Inverter Type;Inverter Group;72602N232      
[wr_def_end]
[wr]
INTERVAL;TIMESTAMP;SERIAL;P_AC;E_DAY;T_WR;U_AC;U_AC_1;U_AC_2;U_AC_3;I_AC;F_AC;U_DC_1;I_DC_1;U_DC_2;I_DC_2;U_DC_3;I_DC_3;S;E_WR;M_WR;I_AC_1;I_AC_2;I_AC_3;P_AC_1;P_AC_2;P_AC_3;F_AC_1;F_AC_2;F_AC_3;R_DC;PC;PCS;PCS_LL;COS_PHI;COS_PHI_LL;S_COS_PHI
600;2016-11-17 07:00:00;172602N232;0;0.000;0;2;2;2;2;0.000;0.62;2.7;0.000;2.7;0.000;0.0;0.000;50;0;0;0.000;0.000;0.000;0;0;0;0.62;0.62;0.62;17;1000;0.0;0;1.0000;0;0
600;2016-11-17 07:10:00;172602N232;0;0.000;17;220;220;221;218;0.000;50.00;232.1;0.000;233.0;0.000;0.0;0.000;50;0;0;0.000;0.000;0.000;0;0;0;50.00;50.00;50.00;0;1000;0.0;0;1.0000;0;0
600;2016-11-17 07:20:00;172602N232;0;0.000;18;222;222;223;220;0.001;49.99;280.7;0.000;280.0;0.000;0.0;0.000;60;0;0;0.002;0.001;0.000;0;0;0;49.99;49.99;49.99;1211;1000;0.0;0;1.0000;0;0
600;2016-11-17 07:30:00;172602N232;4;0.000;19;221;222;221;222;0.159;50.01;261.7;0.000;253.6;0.001;0.0;0.000;60;0;0;0.206;0.140;0.132;0;5;3;50.01;50.01;50.01;4696;1000;0.0;0;1.0000;0;0
600;2016-11-17 07:40:00;172602N232;28;0.006;19;222;222;222;221;0.421;50.01;330.6;0.021;344.6;0.020;0.0;0.000;60;0;0;0.477;0.480;0.308;2;12;19;50.01;50.01;50.01;4696;1000;0.0;0;1.0000;0;0
600;2016-11-17 07:50:00;172602N232;41;0.011;20;222;222;222;222;0.523;50.00;361.3;0.036;370.5;0.034;0.0;0.000;60;0;0;0.551;0.628;0.392;8;9;23;50.00;50.00;50.00;4696;1000;0.0;0;1.0000;0;0
600;2016-11-17 08:00:00;172602N232;54;0.021;20;222;223;222;222;0.637;50.00;375.4;0.055;386.3;0.046;0.0;0.000;60;0;0;0.772;0.601;0.540;4;27;27;50.00;50.00;50.00;4696;1000;0.0;0;1.0000;0;0
600;2016-11-17 08:10:00;172602N232;65;0.032;21;222;222;222;222;0.693;50.00;379.2;0.067;393.6;0.059;0.0;0.000;60;0;0;0.751;0.724;0.605;12;24;27;50.00;50.00;50.00;4696;1000;0.0;0;1.0000;0;0
600;2016-11-17 08:20:00;172602N232;173;0.061;21;222;223;223;222;0.968;50.00;411.6;0.212;427.7;0.160;0.0;0.000;60;0;0;1.137;1.038;0.731;37;69;65;50.00;50.00;50.00;4696;1000;0.0;0;1.0000;0;0
600;2016-11-17 08:30:00;172602N232;211;0.096;21;223;224;223;222;1.091;50.01;417.7;0.255;431.3;0.205;0.0;0.000;60;0;0;1.466;1.034;0.774;34;101;75;50.01;50.01;50.01;4696;1000;0.0;0;1.0000;0;0
600;2016-11-17 08:40:00;172602N232;298;0.146;22;222;223;223;221;1.105;50.00;423.9;0.365;441.2;0.289;0.0;0.000;60;0;0;1.227;1.144;0.944;78;115;103;50.00;50.00;50.00;4696;1000;0.0;0;1.0000;0;0
600;2016-11-17 08:50:00;172602N232;266;0.190;22;222;223;223;220;1.141;50.00;445.8;0.342;433.0;0.223;0.0;0.000;60;0;0;1.246;1.222;0.957;55;103;107;50.00;50.00;50.00;4696;1000;0.0;0;1.0000;0;0
600;2016-11-17 09:00:00;172602N232;312;0.242;22;222;223;223;220;1.090;50.00;430.8;0.378;440.2;0.302;0.0;0.000;60;0;0;1.193;1.136;0.943;89;112;109;50.00;50.00;50.00;4696;1000;0.0;0;1.0000;0;0
600;2016-11-17 09:10:00;172602N232;758;0.369;23;223;223;225;221;1.320;50.01;472.9;0.875;465.4;0.709;0.0;0.000;60;0;0;1.277;1.381;1.304;242;264;249;50.01;50.01;50.01;4696;1000;0.0;0;1.0000;0;0
600;2016-11-17 09:20:00;172602N232;926;0.524;23;222;222;223;221;1.440;50.00;434.8;1.215;455.8;0.856;0.0;0.000;60;0;0;1.399;1.476;1.447;298;318;308;50.00;50.00;50.00;4696;1000;0.0;0;1.0000;0;0
600;2016-11-17 09:30:00;172602N232;323;0.577;24;222;223;222;222;1.109;50.01;413.9;0.407;431.5;0.321;0.0;0.000;60;0;0;1.200;1.124;1.003;87;122;111;50.01;50.01;50.01;4696;1000;0.0;0;1.0000;0;0
600;2016-11-17 09:40:00;172602N232;275;0.624;24;222;222;222;221;1.075;50.00;411.5;0.316;422.7;0.309;0.0;0.000;60;0;0;1.183;1.066;0.977;73;105;95;50.00;50.00;50.00;4696;1000;0.0;0;1.0000;0;0
600;2016-11-17 09:50:00;172602N232;237;0.663;25;222;222;222;222;1.056;50.01;409.5;0.262;415.0;0.274;0.0;0.000;60;0;0;1.155;1.093;0.922;56;97;82;50.01;50.01;50.01;4696;1000;0.0;0;1.0000;0;0
600;2016-11-17 10:00:00;172602N232;327;0.718;25;222;223;222;222;1.097;50.00;429.8;0.354;423.5;0.378;0.0;0.000;60;0;0;1.208;1.093;0.990;97;125;103;50.00;50.00;50.00;4696;1000;0.0;0;1.0000;0;0
600;2016-11-17 10:10:00;172602N232;359;0.778;25;222;223;223;222;1.108;50.00;421.4;0.422;432.3;0.387;0.0;0.000;60;0;0;1.156;1.119;1.051;104;127;125;50.00;50.00;50.00;4696;1000;0.0;0;1.0000;0;0
600;2016-11-17 10:20:00;172602N232;1210;0.980;25;223;223;224;221;1.844;49.99;444.9;1.699;432.9;1.038;0.0;0.000;60;0;0;1.803;1.884;1.846;393;414;401;49.99;49.99;49.99;4696;1000;0.0;0;1.0000;0;0
600;2016-11-17 10:30:00;172602N232;941;1.137;26;222;223;223;221;1.449;50.00;442.2;1.565;439.8;0.544;0.0;0.000;60;0;0;1.409;1.487;1.453;304;323;311;50.00;50.00;50.00;4696;1000;0.0;0;1.0000;0;0
600;2016-11-17 10:40:00;172602N232;1069;1.315;26;223;223;225;222;1.633;50.01;442.1;1.869;449.0;0.528;0.0;0.000;60;0;0;1.594;1.669;1.638;346;367;354;50.01;50.01;50.01;4696;1000;0.0;0;1.0000;0;0
600;2016-11-17 10:50:00;172602N232;1216;1.517;27;223;223;225;221;1.873;50.00;414.2;2.053;454.1;0.801;0.0;0.000;60;0;0;1.835;1.911;1.873;393;419;402;50.00;50.00;50.00;4696;1000;0.0;0;1.0000;0;0
600;2016-11-17 11:00:00;172602N232;808;1.652;27;223;223;224;221;1.257;50.01;403.2;1.188;442.2;0.742;0.0;0.000;60;0;0;1.212;1.298;1.262;258;280;268;50.01;50.01;50.01;4696;1000;0.0;0;1.0000;0;0
600;2016-11-17 11:10:00;172602N232;333;1.709;27;222;223;223;222;1.084;50.01;412.4;0.389;423.3;0.375;0.0;0.000;60;0;0;1.169;1.093;0.992;91;125;115;50.01;50.01;50.01;4696;1000;0.0;0;1.0000;0;0
600;2016-11-17 11:20:00;172602N232;124;1.729;28;223;223;223;222;0.955;50.00;389.7;0.139;399.5;0.140;0.0;0.000;60;0;0;1.309;0.787;0.770;15;61;46;50.00;50.00;50.00;4696;1000;0.0;0;1.0000;0;0
600;2016-11-17 11:30:00;172602N232;164;1.757;28;223;223;223;222;0.933;50.01;396.3;0.182;406.7;0.188;0.0;0.000;60;0;0;0.996;1.114;0.691;27;70;65;50.01;50.01;50.01;4696;1000;0.0;0;1.0000;0;0
600;2016-11-17 11:40:00;172602N232;401;1.823;28;223;224;224;222;1.064;50.01;419.8;0.451;426.0;0.464;0.0;0.000;60;0;0;1.135;1.042;1.016;122;140;136;50.01;50.01;50.01;4696;1000;0.0;0;1.0000;0;0
600;2016-11-17 11:50:00;172602N232;438;1.896;28;223;224;224;222;0.702;49.99;423.5;0.499;431.1;0.500;0.0;0.000;60;0;0;0.657;0.735;0.715;134;154;147;49.99;49.99;49.99;4696;1000;0.0;0;1.0000;0;0
600;2016-11-17 12:00:00;172602N232;457;1.973;28;223;223;223;222;0.731;49.98;420.7;0.525;431.1;0.522;0.0;0.000;60;0;0;0.683;0.763;0.747;140;160;155;49.98;49.98;49.98;4696;1000;0.0;0;1.0000;0;0
600;2016-11-17 12:10:00;172602N232;280;2.020;28;222;222;223;222;1.063;50.02;408.9;0.324;422.2;0.314;0.0;0.000;60;0;0;1.129;1.116;0.946;76;106;95;50.02;50.02;50.02;4696;1000;0.0;0;1.0000;0;0
600;2016-11-17 12:20:00;172602N232;187;2.052;28;222;222;222;222;0.957;49.99;402.1;0.212;411.7;0.210;0.0;0.000;60;0;0;0.984;1.117;0.770;23;87;75;49.99;49.99;49.99;4696;1000;0.0;0;1.0000;0;0
600;2016-11-17 12:30:00;172602N232;901;2.202;28;223;223;224;222;1.436;50.00;449.5;0.911;443.8;1.079;0.0;0.000;60;0;0;1.397;1.474;1.438;288;312;299;50.00;50.00;50.00;4696;1000;0.0;0;1.0000;0;0
600;2016-11-17 12:40:00;172602N232;749;2.326;28;223;224;224;221;1.164;50.00;461.7;0.705;438.9;0.947;0.0;0.000;60;0;0;1.117;1.207;1.168;238;260;248;50.00;50.00;50.00;4696;1000;0.0;0;1.0000;0;0
600;2016-11-17 12:50:00;172602N232;548;2.417;28;223;224;224;221;0.867;49.99;451.5;0.555;448.7;0.625;0.0;0.000;60;0;0;0.820;0.909;0.873;171;193;182;49.99;49.99;49.99;4696;1000;0.0;0;1.0000;0;0
600;2016-11-17 13:00:00;172602N232;451;2.493;28;222;223;224;221;0.936;49.98;427.9;0.531;433.4;0.485;0.0;0.000;60;0;0;0.903;0.984;0.923;130;158;160;49.98;49.98;49.98;4696;1000;0.0;0;1.0000;0;0
600;2016-11-17 13:10:00;172602N232;934;2.650;28;223;224;225;222;1.439;50.01;442.3;1.148;447.0;0.937;0.0;0.000;60;0;0;1.400;1.476;1.441;301;322;309;50.01;50.01;50.01;4696;1000;0.0;0;1.0000;0;0
600;2016-11-17 13:20:00;172602N232;661;2.759;28;223;223;224;222;1.088;50.01;425.4;0.775;434.4;0.731;0.0;0.000;60;0;0;1.050;1.127;1.087;209;230;220;50.01;50.01;50.01;4696;1000;0.0;0;1.0000;0;0
600;2016-11-17 13:30:00;172602N232;235;2.798;29;223;223;224;222;1.055;49.99;405.2;0.270;415.3;0.268;0.0;0.000;60;0;0;1.135;1.164;0.866;51;93;89;49.99;49.99;49.99;4696;1000;0.0;0;1.0000;0;0
600;2016-11-17 13:40:00;172602N232;213;2.835;29;223;223;224;222;1.032;49.99;404.4;0.241;412.5;0.243;0.0;0.000;60;0;0;1.184;1.072;0.842;50;78;84;49.99;49.99;49.99;4696;1000;0.0;0;1.0000;0;0
600;2016-11-17 13:50:00;172602N232;84;2.848;28;223;222;223;222;0.839;50.00;377.6;0.089;390.1;0.091;0.0;0.000;60;0;0;0.987;0.847;0.684;13;30;39;50.00;50.00;50.00;4696;1000;0.0;0;1.0000;0;0
600;2016-11-17 14:00:00;172602N232;83;2.863;28;222;222;222;223;0.801;50.01;377.8;0.088;392.6;0.088;0.0;0.000;60;0;0;0.916;0.713;0.774;14;41;26;50.01;50.01;50.01;4696;1000;0.0;0;1.0000;0;0
600;2016-11-17 14:10:00;172602N232;139;2.886;28;223;223;223;223;0.904;50.02;393.9;0.154;404.9;0.156;0.0;0.000;60;0;0;0.982;0.976;0.755;19;66;52;50.02;50.02;50.02;4696;1000;0.0;0;1.0000;0;0
600;2016-11-17 14:20:00;172602N232;183;2.916;28;223;223;222;223;1.016;50.00;402.5;0.206;414.7;0.204;0.0;0.000;60;0;0;1.237;0.882;0.929;30;84;67;50.00;50.00;50.00;4696;1000;0.0;0;1.0000;0;0
600;2016-11-17 14:30:00;172602N232;168;2.944;28;223;223;222;223;0.969;49.99;402.6;0.187;413.8;0.186;0.0;0.000;60;0;0;1.081;0.910;0.917;30;69;67;49.99;49.99;49.99;4696;1000;0.0;0;1.0000;0;0
600;2016-11-17 14:40:00;172602N232;101;2.962;27;223;222;224;222;0.891;50.00;386.1;0.110;397.4;0.110;0.0;0.000;60;0;0;0.819;1.147;0.707;25;17;58;50.00;50.00;50.00;4696;1000;0.0;0;1.0000;0;0
600;2016-11-17 14:50:00;172602N232;31;2.967;27;222;223;224;221;0.488;49.99;325.1;0.025;337.4;0.028;0.0;0.000;60;0;0;0.576;0.525;0.363;1;13;27;49.99;49.99;49.99;4696;1000;0.0;0;1.0000;0;0
600;2016-11-17 15:00:00;172602N232;0;2.966;27;223;223;224;221;0.041;49.99;255.7;0.000;255.9;0.000;0.0;0.000;50;0;0;0.075;0.032;0.018;0;0;1;49.99;49.99;49.99;4696;1000;0.0;0;1.0000;0;0
600;2016-11-17 15:10:00;172602N232;0;2.966;26;222;223;224;219;0.000;50.00;230.4;0.000;231.3;0.000;0.0;0.000;50;0;0;0.000;0.000;0.000;0;0;0;50.00;50.00;50.00;4696;1000;0.0;0;1.0000;0;0
600;2016-11-17 15:20:00;172602N232;0;2.966;25;222;223;224;219;0.000;50.02;227.9;0.000;228.9;0.000;0.0;0.000;50;0;0;0.000;0.000;0.000;0;0;0;50.02;50.02;50.02;4696;1000;0.0;0;1.0000;0;0
600;2016-11-17 15:30:00;172602N232;0;2.966;25;222;224;223;220;0.000;50.01;231.4;0.000;232.4;0.000;0.0;0.000;50;0;0;0.000;0.000;0.000;0;0;0;50.01;50.01;50.01;4696;1000;0.0;0;1.0000;0;0
600;2016-11-17 15:40:00;172602N232;0;2.966;24;222;223;223;219;0.000;49.99;228.9;0.000;229.8;0.000;0.0;0.000;50;0;0;0.000;0.000;0.000;0;0;0;49.99;49.99;49.99;4696;1000;0.0;0;1.0000;0;0
600;2016-11-17 15:50:00;172602N232;0;2.966;24;222;222;224;219;0.000;49.99;228.2;0.000;229.1;0.000;0.0;0.000;50;0;0;0.000;0.000;0.000;0;0;0;49.99;49.99;49.99;4696;1000;0.0;0;1.0000;0;0
[wr_ende]
