20140216;230001;172602N232;My Plant;+0100
[wr_def_start]
172602N232;Inverter Type;Inverter Group;72602N232      
[wr_def_end]
[wr]
INTERVAL;TIMESTAMP;SERIAL;P_AC;E_DAY;T_WR;U_AC;U_AC_1;U_AC_2;U_AC_3;I_AC;F_AC;U_DC_1;I_DC_1;U_DC_2;I_DC_2;U_DC_3;I_DC_3;S;E_WR;M_WR;I_AC_1;I_AC_2;I_AC_3;P_AC_1;P_AC_2;P_AC_3;F_AC_1;F_AC_2;F_AC_3;R_DC;PC;PCS;PCS_LL;COS_PHI;COS_PHI_LL;S_COS_PHI
600;2014-02-16 07:10:00;172602N232;0;0.000;0;3;4;4;3;0.000;0.91;4.1;0.000;4.1;0.000;0.0;0.000;50;0;0;0.000;0.000;0.000;0;0;0;0.91;0.91;0.91;55;1000;0.0;0;1.0000;0;0
600;2014-02-16 07:20:00;172602N232;0;0.000;16;224;225;226;221;0.000;50.01;229.2;0.000;230.1;0.000;0.0;0.000;50;0;0;0.000;0.000;0.000;0;0;0;50.01;50.01;50.01;0;1000;0.0;0;1.0000;0;0
600;2014-02-16 07:30:00;172602N232;0;0.000;17;224;225;226;222;0.000;50.01;233.4;0.000;234.4;0.000;0.0;0.000;50;0;0;0.000;0.000;0.000;0;0;0;50.01;50.01;50.01;0;1000;0.0;0;1.0000;0;0
600;2014-02-16 07:40:00;172602N232;0;0.000;18;223;224;224;222;0.044;50.01;276.0;0.000;276.5;0.000;0.0;0.000;60;0;0;0.059;0.041;0.033;0;2;1;50.01;50.01;50.01;3147;1000;0.0;0;1.0000;0;0
600;2014-02-16 07:50:00;172602N232;13;0.003;18;222;223;223;221;0.279;50.01;282.7;0.005;292.9;0.008;0.0;0.000;60;0;0;0.383;0.261;0.194;1;8;11;50.01;50.01;50.01;5102;1000;0.0;0;1.0000;0;0
600;2014-02-16 08:00:00;172602N232;28;0.008;19;221;221;223;219;0.442;49.99;330.4;0.019;344.3;0.023;0.0;0.000;60;0;0;0.479;0.538;0.310;6;6;22;49.99;49.99;49.99;5102;1000;0.0;0;1.0000;0;0
600;2014-02-16 08:10:00;172602N232;36;0.014;19;221;221;222;219;0.489;50.00;321.6;0.033;325.9;0.035;0.0;0.000;60;0;0;0.552;0.549;0.368;4;10;26;50.00;50.00;50.00;5102;1000;0.0;0;1.0000;0;0
600;2014-02-16 08:20:00;172602N232;36;0.021;20;221;222;223;220;0.508;50.01;342.0;0.029;352.8;0.034;0.0;0.000;60;0;0;0.626;0.533;0.365;1;17;25;50.01;50.01;50.01;5102;1000;0.0;0;1.0000;0;0
600;2014-02-16 08:30:00;172602N232;69;0.032;20;221;221;222;220;0.769;50.01;378.2;0.069;383.5;0.073;0.0;0.000;60;0;0;0.939;0.768;0.600;3;28;39;50.01;50.01;50.01;5102;1000;0.0;0;1.0000;0;0
600;2014-02-16 08:40:00;172602N232;78;0.046;20;221;221;222;219;0.755;50.00;374.3;0.080;382.3;0.082;0.0;0.000;60;0;0;0.963;0.732;0.572;4;36;42;50.00;50.00;50.00;5102;1000;0.0;0;1.0000;0;0
600;2014-02-16 08:50:00;172602N232;188;0.075;21;221;221;223;220;0.988;49.99;410.9;0.209;412.2;0.210;0.0;0.000;60;0;0;1.151;1.028;0.787;47;68;71;49.99;49.99;49.99;5102;1000;0.0;0;1.0000;0;0
600;2014-02-16 09:00:00;172602N232;259;0.119;21;221;221;223;220;1.081;49.99;421.1;0.289;419.7;0.292;0.0;0.000;60;0;0;1.143;1.167;0.935;64;95;98;49.99;49.99;49.99;5102;1000;0.0;0;1.0000;0;0
600;2014-02-16 09:10:00;172602N232;389;0.183;22;220;221;222;218;0.995;49.99;429.0;0.438;425.9;0.441;0.0;0.000;60;0;0;1.031;1.002;0.954;110;136;141;49.99;49.99;49.99;5102;1000;0.0;0;1.0000;0;0
600;2014-02-16 09:20:00;172602N232;224;0.221;23;220;220;219;219;1.030;49.99;415.9;0.250;413.5;0.254;0.0;0.000;60;0;0;1.264;0.938;0.890;46;99;78;49.99;49.99;49.99;5102;1000;0.0;0;1.0000;0;0
600;2014-02-16 09:30:00;172602N232;615;0.324;23;220;219;220;220;1.118;50.00;432.8;0.726;433.5;0.667;0.0;0.000;60;0;0;1.074;1.150;1.130;195;213;205;50.00;50.00;50.00;5102;1000;0.0;0;1.0000;0;0
600;2014-02-16 09:40:00;172602N232;235;0.364;24;219;218;218;220;1.009;50.01;413.6;0.264;412.0;0.268;0.0;0.000;60;0;0;0.923;1.003;1.103;76;106;52;50.01;50.01;50.01;5102;1000;0.0;0;1.0000;0;0
600;2014-02-16 09:50:00;172602N232;235;0.403;24;219;218;219;220;1.008;50.00;414.1;0.265;413.4;0.266;0.0;0.000;60;0;0;0.952;1.015;1.057;76;93;63;50.00;50.00;50.00;5102;1000;0.0;0;1.0000;0;0
600;2014-02-16 10:00:00;172602N232;358;0.462;24;220;220;221;220;1.067;50.00;418.6;0.410;419.7;0.407;0.0;0.000;60;0;0;1.061;1.070;1.072;114;129;113;50.00;50.00;50.00;5102;1000;0.0;0;1.0000;0;0
600;2014-02-16 10:10:00;172602N232;937;0.619;25;220;221;221;219;1.478;50.00;439.1;1.062;436.8;1.061;0.0;0.000;60;0;0;1.448;1.500;1.486;302;320;313;50.00;50.00;50.00;5102;1000;0.0;0;1.0000;0;0
600;2014-02-16 10:20:00;172602N232;702;0.735;25;220;221;222;219;1.289;50.01;437.6;0.790;433.3;0.800;0.0;0.000;60;0;0;1.314;1.300;1.253;228;241;231;50.01;50.01;50.01;5102;1000;0.0;0;1.0000;0;0
600;2014-02-16 10:30:00;172602N232;501;0.820;25;220;220;221;218;1.012;50.01;432.9;0.563;427.1;0.575;0.0;0.000;60;0;0;0.996;1.060;0.982;156;178;164;50.01;50.01;50.01;5102;1000;0.0;0;1.0000;0;0
600;2014-02-16 10:40:00;172602N232;397;0.886;26;220;220;221;218;1.166;49.99;425.1;0.448;421.2;0.457;0.0;0.000;60;0;0;1.234;1.193;1.073;119;137;139;49.99;49.99;49.99;5102;1000;0.0;0;1.0000;0;0
600;2014-02-16 10:50:00;172602N232;423;0.956;26;220;220;222;218;1.101;50.00;423.3;0.481;421.8;0.492;0.0;0.000;60;0;0;1.095;1.167;1.042;128;151;142;50.00;50.00;50.00;5102;1000;0.0;0;1.0000;0;0
600;2014-02-16 11:00:00;172602N232;576;1.053;26;219;219;221;218;1.104;50.00;429.0;0.655;426.1;0.669;0.0;0.000;60;0;0;1.099;1.136;1.079;183;203;188;50.00;50.00;50.00;5102;1000;0.0;0;1.0000;0;0
600;2014-02-16 11:10:00;172602N232;477;1.132;26;219;219;221;216;0.910;50.01;426.5;0.540;424.3;0.556;0.0;0.000;60;0;0;0.865;0.973;0.894;146;168;162;50.01;50.01;50.01;5102;1000;0.0;0;1.0000;0;0
600;2014-02-16 11:20:00;172602N232;678;1.245;27;219;219;221;216;1.229;50.00;429.7;0.775;426.9;0.784;0.0;0.000;60;0;0;1.222;1.272;1.193;215;240;221;50.00;50.00;50.00;5102;1000;0.0;0;1.0000;0;0
600;2014-02-16 11:30:00;172602N232;797;1.378;27;220;220;222;218;1.411;50.01;434.5;0.900;428.4;0.920;0.0;0.000;60;0;0;1.414;1.438;1.381;251;280;264;50.01;50.01;50.01;5102;1000;0.0;0;1.0000;0;0
600;2014-02-16 11:40:00;172602N232;405;1.447;27;220;222;219;218;1.144;50.01;423.7;0.458;419.3;0.468;0.0;0.000;60;0;0;1.289;1.124;1.020;119;152;131;50.01;50.01;50.01;5102;1000;0.0;0;1.0000;0;0
600;2014-02-16 11:50:00;172602N232;393;1.512;27;220;221;219;220;1.112;49.99;425.6;0.443;422.4;0.453;0.0;0.000;60;0;0;1.226;1.061;1.050;114;151;126;49.99;49.99;49.99;5102;1000;0.0;0;1.0000;0;0
600;2014-02-16 12:00:00;172602N232;517;1.598;27;220;221;219;220;0.835;50.01;432.1;0.582;429.4;0.594;0.0;0.000;60;0;0;0.801;0.848;0.856;163;176;177;50.01;50.01;50.01;5102;1000;0.0;0;1.0000;0;0
600;2014-02-16 12:10:00;172602N232;897;1.748;28;221;222;220;222;1.434;50.01;440.1;1.004;435.6;1.023;0.0;0.000;60;0;0;1.436;1.416;1.452;292;297;306;50.01;50.01;50.01;5102;1000;0.0;0;1.0000;0;0
600;2014-02-16 12:20:00;172602N232;1451;1.990;28;222;222;224;221;2.247;50.01;434.4;1.666;434.3;1.659;0.0;0.000;60;0;0;2.201;2.284;2.257;468;498;482;50.01;50.01;50.01;5102;1000;0.0;0;1.0000;0;0
600;2014-02-16 12:30:00;172602N232;1043;2.165;28;221;221;222;220;1.631;50.01;431.8;1.190;426.6;1.213;0.0;0.000;60;0;0;1.606;1.658;1.630;335;359;348;50.01;50.01;50.01;5102;1000;0.0;0;1.0000;0;0
600;2014-02-16 12:40:00;172602N232;535;2.254;28;221;219;222;221;0.871;50.03;423.1;0.614;424.2;0.627;0.0;0.000;60;0;0;0.821;0.905;0.889;164;187;182;50.03;50.03;50.03;5102;1000;0.0;0;1.0000;0;0
600;2014-02-16 12:50:00;172602N232;508;2.339;28;221;221;220;221;1.047;50.03;424.9;0.578;424.6;0.590;0.0;0.000;60;0;0;1.084;1.038;1.020;157;181;168;50.03;50.03;50.03;5102;1000;0.0;0;1.0000;0;0
600;2014-02-16 13:00:00;172602N232;1858;2.649;29;222;223;222;222;2.807;50.03;431.4;2.091;433.6;2.220;0.0;0.000;60;0;0;2.770;2.836;2.816;610;627;619;50.03;50.03;50.03;5102;1000;0.0;0;1.0000;0;0
600;2014-02-16 13:10:00;172602N232;1497;2.897;29;222;223;222;222;2.271;50.03;430.6;1.719;425.6;1.770;0.0;0.000;60;0;0;2.229;2.298;2.286;489;506;501;50.03;50.03;50.03;5102;1000;0.0;0;1.0000;0;0
600;2014-02-16 13:20:00;172602N232;633;3.003;29;222;223;222;222;1.154;50.03;427.8;0.724;421.7;0.745;0.0;0.000;60;0;0;1.176;1.142;1.144;204;215;213;50.03;50.03;50.03;5102;1000;0.0;0;1.0000;0;0
600;2014-02-16 13:30:00;172602N232;711;3.123;29;222;223;222;222;1.205;50.03;433.0;0.806;425.6;0.831;0.0;0.000;60;0;0;1.206;1.196;1.214;229;241;239;50.03;50.03;50.03;5102;1000;0.0;0;1.0000;0;0
600;2014-02-16 13:40:00;172602N232;1304;3.341;30;223;222;225;222;1.986;50.04;437.7;1.484;431.7;1.511;0.0;0.000;60;0;0;1.932;2.032;1.995;419;450;434;50.04;50.04;50.04;5102;1000;0.0;0;1.0000;0;0
600;2014-02-16 13:50:00;172602N232;734;3.463;30;222;220;225;221;1.181;50.05;428.5;0.841;424.5;0.857;0.0;0.000;60;0;0;1.105;1.246;1.193;229;258;245;50.05;50.05;50.05;5102;1000;0.0;0;1.0000;0;0
600;2014-02-16 14:00:00;172602N232;347;3.521;30;222;219;224;222;0.929;50.03;412.9;0.394;410.6;0.403;0.0;0.000;60;0;0;0.806;1.177;0.806;116;112;119;50.03;50.03;50.03;5102;1000;0.0;0;1.0000;0;0
600;2014-02-16 14:10:00;172602N232;229;3.559;30;222;219;224;222;1.031;50.01;412.0;0.253;406.7;0.263;0.0;0.000;60;0;0;0.907;1.268;0.920;83;67;76;50.01;50.01;50.01;5102;1000;0.0;0;1.0000;0;0
600;2014-02-16 14:20:00;172602N232;559;3.653;30;222;220;225;222;1.107;49.99;423.5;0.641;430.2;0.645;0.0;0.000;60;0;0;1.034;1.208;1.079;174;202;181;49.99;49.99;49.99;5102;1000;0.0;0;1.0000;0;0
600;2014-02-16 14:30:00;172602N232;582;3.749;30;222;220;223;222;1.031;50.00;427.6;0.660;430.0;0.670;0.0;0.000;60;0;0;0.968;1.076;1.050;182;204;195;50.00;50.00;50.00;5102;1000;0.0;0;1.0000;0;0
600;2014-02-16 14:40:00;172602N232;386;3.814;30;222;222;223;222;1.005;50.01;420.6;0.439;423.2;0.445;0.0;0.000;60;0;0;1.003;1.045;0.967;118;140;126;50.01;50.01;50.01;5102;1000;0.0;0;1.0000;0;0
600;2014-02-16 14:50:00;172602N232;415;3.883;29;223;223;223;222;1.097;49.99;433.4;0.459;425.3;0.478;0.0;0.000;60;0;0;1.114;1.132;1.045;126;155;133;49.99;49.99;49.99;5102;1000;0.0;0;1.0000;0;0
600;2014-02-16 15:00:00;172602N232;354;3.942;29;222;224;221;222;1.059;49.99;428.5;0.393;422.3;0.407;0.0;0.000;60;0;0;1.161;1.023;0.995;97;148;108;49.99;49.99;49.99;5102;1000;0.0;0;1.0000;0;0
600;2014-02-16 15:10:00;172602N232;410;4.011;29;223;225;223;221;1.128;50.00;430.6;0.455;424.5;0.473;0.0;0.000;60;0;0;1.189;1.144;1.052;116;160;132;50.00;50.00;50.00;5102;1000;0.0;0;1.0000;0;0
600;2014-02-16 15:20:00;172602N232;482;4.091;29;223;223;224;222;1.019;50.00;423.2;0.551;427.9;0.557;0.0;0.000;60;0;0;1.022;1.024;1.011;153;169;157;50.00;50.00;50.00;5102;1000;0.0;0;1.0000;0;0
600;2014-02-16 15:30:00;172602N232;483;4.172;29;223;223;224;221;0.950;50.00;422.7;0.552;427.7;0.557;0.0;0.000;60;0;0;0.928;0.987;0.935;148;173;160;50.00;50.00;50.00;5102;1000;0.0;0;1.0000;0;0
600;2014-02-16 15:40:00;172602N232;457;4.249;29;224;224;225;222;0.973;50.00;420.2;0.525;426.8;0.529;0.0;0.000;60;0;0;0.957;1.016;0.946;144;164;147;50.00;50.00;50.00;5102;1000;0.0;0;1.0000;0;0
600;2014-02-16 15:50:00;172602N232;454;4.325;29;223;223;224;222;0.740;50.02;424.1;0.518;425.9;0.527;0.0;0.000;60;0;0;0.693;0.772;0.755;140;159;154;50.02;50.02;50.02;5102;1000;0.0;0;1.0000;0;0
600;2014-02-16 16:00:00;172602N232;293;4.374;29;222;223;223;221;1.047;50.00;416.2;0.331;416.2;0.337;0.0;0.000;60;0;0;1.178;1.064;0.899;82;113;95;50.00;50.00;50.00;5102;1000;0.0;0;1.0000;0;0
600;2014-02-16 16:10:00;172602N232;237;4.413;29;222;222;224;222;1.046;49.99;412.6;0.267;412.2;0.272;0.0;0.000;60;0;0;1.095;1.236;0.807;73;82;80;49.99;49.99;49.99;5102;1000;0.0;0;1.0000;0;0
600;2014-02-16 16:20:00;172602N232;154;4.438;29;222;221;222;223;0.924;49.99;397.4;0.170;400.9;0.176;0.0;0.000;60;0;0;0.782;1.091;0.901;48;50;54;49.99;49.99;49.99;5102;1000;0.0;0;1.0000;0;0
600;2014-02-16 16:30:00;172602N232;51;4.448;29;221;220;221;222;0.625;49.99;358.2;0.047;365.5;0.053;0.0;0.000;60;0;0;0.508;0.698;0.670;22;22;11;49.99;49.99;49.99;5102;1000;0.0;0;1.0000;0;0
600;2014-02-16 16:40:00;172602N232;42;4.456;28;221;219;222;222;0.584;49.99;345.4;0.036;361.5;0.041;0.0;0.000;60;0;0;0.457;0.750;0.546;25;8;16;49.99;49.99;49.99;5102;1000;0.0;0;1.0000;0;0
600;2014-02-16 16:50:00;172602N232;66;4.467;28;219;217;220;219;0.733;50.03;366.9;0.066;381.6;0.069;0.0;0.000;60;0;0;0.599;0.955;0.646;31;8;28;50.03;50.03;50.03;5102;1000;0.0;0;1.0000;0;0
600;2014-02-16 17:00:00;172602N232;34;4.472;28;218;217;217;218;0.443;50.02;325.7;0.028;335.5;0.031;0.0;0.000;60;0;0;0.374;0.526;0.430;14;13;10;50.02;50.02;50.02;5102;1000;0.0;0;1.0000;0;0
600;2014-02-16 17:10:00;172602N232;7;4.474;27;218;218;218;218;0.187;49.99;258.9;0.002;258.2;0.004;0.0;0.000;60;0;0;0.202;0.184;0.175;1;6;3;49.99;49.99;49.99;5102;1000;0.0;0;1.0000;0;0
600;2014-02-16 17:20:00;172602N232;5;4.475;27;221;222;221;221;0.164;50.00;258.9;0.001;254.9;0.004;0.0;0.000;60;0;0;0.176;0.162;0.154;1;4;4;50.00;50.00;50.00;5102;1000;0.0;0;1.0000;0;0
600;2014-02-16 17:30:00;172602N232;0;4.475;26;219;220;221;216;0.000;49.98;240.7;0.000;241.3;0.000;0.0;0.000;50;0;0;0.000;0.000;0.000;0;0;0;49.98;49.98;49.98;5102;1000;0.0;0;1.0000;0;0
600;2014-02-16 17:40:00;172602N232;0;4.475;25;220;221;223;217;0.000;49.97;212.6;0.000;212.0;0.000;0.0;0.000;80;0;0;0.000;0.000;0.000;0;0;0;49.97;49.97;49.97;5102;1000;0.0;0;1.0000;0;0
[wr_ende]
