20140426;230001;172602N232;My Plant;+0100
[wr_def_start]
172602N232;Inverter Type;Inverter Group;72602N232      
[wr_def_end]
[wr]
INTERVAL;TIMESTAMP;SERIAL;P_AC;E_DAY;T_WR;U_AC;U_AC_1;U_AC_2;U_AC_3;I_AC;F_AC;U_DC_1;I_DC_1;U_DC_2;I_DC_2;U_DC_3;I_DC_3;S;E_WR;M_WR;I_AC_1;I_AC_2;I_AC_3;P_AC_1;P_AC_2;P_AC_3;F_AC_1;F_AC_2;F_AC_3;R_DC;PC;PCS;PCS_LL;COS_PHI;COS_PHI_LL;S_COS_PHI
600;2014-04-26 05:10:00;172602N232;0;0.000;0;7;7;7;7;0.000;1.60;7.1;0.000;7.1;0.000;0.0;0.000;50;0;0;0.000;0.000;0.000;0;0;0;1.60;1.60;1.60;89;1000;0.0;0;1.0000;0;0
600;2014-04-26 05:20:00;172602N232;0;0.000;24;227;227;229;224;0.000;50.01;228.9;0.000;229.8;0.000;0.0;0.000;50;0;0;0.000;0.000;0.000;0;0;0;50.01;50.01;50.01;0;1000;0.0;0;1.0000;0;0
600;2014-04-26 05:30:00;172602N232;0;0.000;26;225;225;227;222;0.000;50.01;248.5;0.000;249.2;0.000;0.0;0.000;50;0;0;0.000;0.000;0.000;0;0;0;50.01;50.01;50.01;0;1000;0.0;0;1.0000;0;0
600;2014-04-26 05:40:00;172602N232;0;0.000;26;224;224;226;223;0.026;50.01;292.3;0.000;292.4;0.000;0.0;0.000;60;0;0;0.029;0.028;0.023;0;0;1;50.01;50.01;50.01;4859;1000;0.0;0;1.0000;0;0
600;2014-04-26 05:50:00;172602N232;15;0.002;26;224;224;225;222;0.328;50.01;297.7;0.005;317.8;0.008;0.0;0.000;60;0;0;0.422;0.361;0.201;7;1;12;50.01;50.01;50.01;5489;1000;0.0;0;1.0000;0;0
600;2014-04-26 06:00:00;172602N232;39;0.008;27;223;223;224;223;0.585;50.01;361.3;0.030;372.2;0.033;0.0;0.000;60;0;0;0.622;0.715;0.419;9;3;26;50.01;50.01;50.01;5489;1000;0.0;0;1.0000;0;0
600;2014-04-26 06:10:00;172602N232;59;0.018;27;223;223;224;222;0.836;50.01;386.4;0.057;389.5;0.060;0.0;0.000;60;0;0;0.868;0.992;0.648;3;9;46;50.01;50.01;50.01;5489;1000;0.0;0;1.0000;0;0
600;2014-04-26 06:20:00;172602N232;82;0.032;28;223;223;224;222;0.875;50.01;397.6;0.084;398.4;0.086;0.0;0.000;60;0;0;0.854;1.055;0.717;14;14;52;50.01;50.01;50.01;5489;1000;0.0;0;1.0000;0;0
600;2014-04-26 06:30:00;172602N232;103;0.049;28;223;223;224;222;0.901;50.01;406.4;0.107;405.1;0.109;0.0;0.000;60;0;0;0.925;1.036;0.744;15;24;61;50.01;50.01;50.01;5489;1000;0.0;0;1.0000;0;0
600;2014-04-26 06:40:00;172602N232;121;0.069;28;224;225;226;223;0.912;50.01;410.9;0.128;410.3;0.130;0.0;0.000;60;0;0;0.921;1.053;0.762;22;28;69;50.01;50.01;50.01;5489;1000;0.0;0;1.0000;0;0
600;2014-04-26 06:50:00;172602N232;137;0.093;29;224;224;225;223;0.936;50.02;416.0;0.147;414.5;0.147;0.0;0.000;60;0;0;0.917;1.129;0.764;25;37;72;50.02;50.02;50.02;5489;1000;0.0;0;1.0000;0;0
600;2014-04-26 07:00:00;172602N232;152;0.118;30;225;225;226;224;0.884;50.00;407.5;0.169;418.7;0.163;0.0;0.000;60;0;0;0.829;1.151;0.673;22;68;60;50.00;50.00;50.00;5489;1000;0.0;0;1.0000;0;0
600;2014-04-26 07:10:00;172602N232;166;0.146;30;226;226;226;225;0.990;50.00;407.0;0.188;421.3;0.177;0.0;0.000;60;0;0;1.373;0.889;0.709;51;63;50;50.00;50.00;50.00;5489;1000;0.0;0;1.0000;0;0
600;2014-04-26 07:20:00;172602N232;179;0.176;30;226;225;227;224;1.001;49.99;409.1;0.203;423.5;0.190;0.0;0.000;60;0;0;1.355;1.019;0.630;75;42;61;49.99;49.99;49.99;5489;1000;0.0;0;1.0000;0;0
600;2014-04-26 07:30:00;172602N232;192;0.208;31;225;223;227;224;1.023;49.99;412.7;0.217;424.1;0.203;0.0;0.000;60;0;0;1.177;1.220;0.672;93;30;67;49.99;49.99;49.99;5489;1000;0.0;0;1.0000;0;0
600;2014-04-26 07:40:00;172602N232;204;0.242;31;224;223;226;223;1.018;49.98;424.0;0.228;424.8;0.216;0.0;0.000;60;0;0;1.023;1.326;0.705;82;48;72;49.98;49.98;49.98;5489;1000;0.0;0;1.0000;0;0
600;2014-04-26 07:50:00;172602N232;219;0.279;31;223;221;226;221;1.092;50.02;443.2;0.237;424.4;0.230;0.0;0.000;60;0;0;1.092;1.388;0.797;92;41;84;50.02;50.02;50.02;5489;1000;0.0;0;1.0000;0;0
600;2014-04-26 08:00:00;172602N232;234;0.319;31;223;221;226;221;1.086;50.00;451.0;0.253;425.9;0.243;0.0;0.000;60;0;0;0.981;1.464;0.814;77;62;94;50.00;50.00;50.00;5489;1000;0.0;0;1.0000;0;0
600;2014-04-26 08:10:00;172602N232;250;0.360;32;222;221;225;221;1.110;50.00;454.5;0.272;428.3;0.255;0.0;0.000;60;0;0;0.943;1.424;0.965;77;66;105;50.00;50.00;50.00;5489;1000;0.0;0;1.0000;0;0
600;2014-04-26 08:20:00;172602N232;268;0.406;32;223;222;225;221;1.135;49.99;450.2;0.299;435.8;0.268;0.0;0.000;60;0;0;1.051;1.323;1.031;75;81;110;49.99;49.99;49.99;5489;1000;0.0;0;1.0000;0;0
600;2014-04-26 08:30:00;172602N232;284;0.452;32;223;223;224;223;1.136;50.00;466.9;0.304;443.9;0.281;0.0;0.000;60;0;0;1.221;1.267;0.921;84;105;93;50.00;50.00;50.00;5489;1000;0.0;0;1.0000;0;0
600;2014-04-26 08:40:00;172602N232;590;0.551;32;224;225;225;222;1.130;49.99;285.6;1.668;455.3;0.294;0.0;0.000;60;0;0;1.157;1.146;1.087;189;207;192;49.99;49.99;49.99;5489;1000;0.0;0;1.0000;0;0
600;2014-04-26 08:50:00;172602N232;875;0.697;32;224;223;224;224;1.331;50.00;293.3;2.505;466.3;0.312;0.0;0.000;60;0;0;1.277;1.366;1.350;277;301;295;50.00;50.00;50.00;5489;1000;0.0;0;1.0000;0;0
600;2014-04-26 09:00:00;172602N232;1169;0.892;33;223;223;224;224;1.797;49.98;371.2;2.725;461.8;0.345;0.0;0.000;60;0;0;1.733;1.825;1.835;374;397;395;49.98;49.98;49.98;5489;1000;0.0;0;1.0000;0;0
600;2014-04-26 09:10:00;172602N232;1450;1.134;33;223;222;226;222;2.175;50.00;414.3;3.015;429.1;0.508;0.0;0.000;60;0;0;2.103;2.235;2.187;465;501;482;50.00;50.00;50.00;5489;1000;0.0;0;1.0000;0;0
600;2014-04-26 09:20:00;172602N232;1741;1.425;34;223;223;225;222;2.611;50.00;411.7;3.262;260.1;1.620;0.0;0.000;60;0;0;2.554;2.667;2.614;566;597;576;50.00;50.00;50.00;5489;1000;0.0;0;1.0000;0;0
600;2014-04-26 09:30:00;172602N232;2010;1.760;34;224;224;224;224;3.013;49.99;410.3;3.493;261.6;2.322;0.0;0.000;60;0;0;2.971;3.034;3.034;661;674;674;49.99;49.99;49.99;5489;1000;0.0;0;1.0000;0;0
600;2014-04-26 09:40:00;172602N232;2293;2.141;35;224;224;225;223;3.422;50.01;407.1;3.720;275.1;2.999;0.0;0.000;60;0;0;3.376;3.471;3.421;753;779;759;50.01;50.01;50.01;5489;1000;0.0;0;1.0000;0;0
600;2014-04-26 09:50:00;172602N232;2629;2.580;37;225;224;228;224;3.915;50.01;405.0;3.929;284.1;3.810;0.0;0.000;60;0;0;3.844;3.985;3.917;854;903;870;50.01;50.01;50.01;5489;1000;0.0;0;1.0000;0;0
600;2014-04-26 10:00:00;172602N232;2974;3.077;39;225;224;228;224;4.425;50.02;399.7;4.144;350.6;3.889;0.0;0.000;60;0;0;4.339;4.502;4.434;964;1020;988;50.02;50.02;50.02;5489;1000;0.0;0;1.0000;0;0
600;2014-04-26 10:10:00;172602N232;3265;3.622;38;226;225;229;225;4.826;50.03;394.9;4.353;373.6;4.267;0.0;0.000;60;0;0;4.746;4.900;4.834;1063;1117;1083;50.03;50.03;50.03;5489;1000;0.0;0;1.0000;0;0
600;2014-04-26 10:20:00;172602N232;3458;4.196;38;226;224;229;225;5.125;50.03;390.9;4.528;387.5;4.482;0.0;0.000;60;0;0;5.012;5.228;5.135;1115;1192;1149;50.03;50.03;50.03;5489;1000;0.0;0;1.0000;0;0
600;2014-04-26 10:30:00;172602N232;3608;4.798;38;226;224;230;225;5.332;50.03;389.5;4.711;389.2;4.695;0.0;0.000;60;0;0;5.209;5.438;5.351;1161;1246;1199;50.03;50.03;50.03;5489;1000;0.0;0;1.0000;0;0
600;2014-04-26 10:40:00;172602N232;3724;5.420;39;226;224;230;224;5.506;50.03;386.9;4.894;387.2;4.877;0.0;0.000;60;0;0;5.407;5.621;5.490;1209;1289;1225;50.03;50.03;50.03;5489;1000;0.0;0;1.0000;0;0
600;2014-04-26 10:50:00;172602N232;3815;6.057;40;224;223;228;222;5.674;50.00;383.7;5.054;384.4;5.038;0.0;0.000;60;0;0;5.587;5.800;5.637;1245;1319;1249;50.00;50.00;50.00;5489;1000;0.0;0;1.0000;0;0
600;2014-04-26 11:00:00;172602N232;3921;6.710;40;224;223;227;222;5.837;50.01;383.2;5.206;383.4;5.188;0.0;0.000;60;0;0;5.754;5.936;5.823;1282;1346;1292;50.01;50.01;50.01;5489;1000;0.0;0;1.0000;0;0
600;2014-04-26 11:10:00;172602N232;4007;7.377;40;224;224;226;222;5.967;50.00;381.6;5.345;381.8;5.328;0.0;0.000;60;0;0;5.914;6.069;5.918;1322;1372;1310;50.00;50.00;50.00;5489;1000;0.0;0;1.0000;0;0
600;2014-04-26 11:20:00;172602N232;4089;8.059;41;226;226;229;225;6.020;49.99;379.5;5.482;380.0;5.463;0.0;0.000;60;0;0;5.940;6.116;6.004;1339;1400;1349;49.99;49.99;49.99;5489;1000;0.0;0;1.0000;0;0
600;2014-04-26 11:30:00;172602N232;4189;8.759;41;228;227;232;225;6.117;49.99;379.6;5.622;379.2;5.606;0.0;0.000;60;0;0;6.028;6.270;6.055;1368;1455;1365;49.99;49.99;49.99;5489;1000;0.0;0;1.0000;0;0
600;2014-04-26 11:40:00;172602N232;4244;9.467;42;230;228;234;228;6.155;50.01;377.5;5.733;376.8;5.716;0.0;0.000;60;0;0;6.019;6.327;6.120;1369;1480;1393;50.01;50.01;50.01;5489;1000;0.0;0;1.0000;0;0
600;2014-04-26 11:50:00;172602N232;4340;10.190;42;229;228;231;228;6.319;49.99;377.6;5.853;377.4;5.840;0.0;0.000;60;0;0;6.248;6.414;6.295;1424;1480;1433;49.99;49.99;49.99;5489;1000;0.0;0;1.0000;0;0
600;2014-04-26 12:00:00;172602N232;4408;10.923;42;227;226;229;227;6.459;50.00;377.0;5.965;375.7;5.950;0.0;0.000;60;0;0;6.382;6.543;6.453;1443;1499;1464;50.00;50.00;50.00;5489;1000;0.0;0;1.0000;0;0
600;2014-04-26 12:10:00;172602N232;4460;11.666;42;227;226;229;226;6.558;50.00;375.5;6.062;374.4;6.043;0.0;0.000;60;0;0;6.499;6.637;6.538;1468;1517;1474;50.00;50.00;50.00;5489;1000;0.0;0;1.0000;0;0
600;2014-04-26 12:20:00;172602N232;4516;12.421;43;227;227;230;225;6.622;50.00;374.3;6.160;373.2;6.142;0.0;0.000;60;0;0;6.574;6.738;6.555;1492;1550;1474;50.00;50.00;50.00;5489;1000;0.0;0;1.0000;0;0
600;2014-04-26 12:30:00;172602N232;4563;13.181;43;227;226;230;225;6.689;50.01;372.3;6.257;371.1;6.240;0.0;0.000;60;0;0;6.606;6.813;6.648;1495;1567;1498;50.01;50.01;50.01;5489;1000;0.0;0;1.0000;0;0
600;2014-04-26 12:40:00;172602N232;4614;13.951;43;229;228;233;225;6.725;50.00;373.3;6.311;371.8;6.300;0.0;0.000;60;0;0;6.646;6.921;6.609;1515;1612;1484;50.00;50.00;50.00;5489;1000;0.0;0;1.0000;0;0
600;2014-04-26 12:50:00;172602N232;4657;14.726;43;229;229;235;224;6.768;49.98;374.2;6.355;372.2;6.342;0.0;0.000;60;0;0;6.672;7.025;6.609;1527;1649;1479;49.98;49.98;49.98;5489;1000;0.0;0;1.0000;0;0
600;2014-04-26 13:00:00;172602N232;4677;15.505;43;228;228;234;222;6.833;50.01;373.3;6.404;371.5;6.388;0.0;0.000;60;0;0;6.723;7.088;6.690;1529;1658;1488;50.01;50.01;50.01;5489;1000;0.0;0;1.0000;0;0
600;2014-04-26 13:10:00;172602N232;4705;16.291;43;227;226;232;221;6.914;50.01;373.8;6.434;372.0;6.416;0.0;0.000;60;0;0;6.800;7.183;6.760;1537;1671;1496;50.01;50.01;50.01;5489;1000;0.0;0;1.0000;0;0
600;2014-04-26 13:20:00;172602N232;4684;17.072;43;227;227;232;223;6.869;50.00;373.5;6.416;370.9;6.403;0.0;0.000;60;0;0;6.784;7.079;6.745;1537;1643;1503;50.00;50.00;50.00;5489;1000;0.0;0;1.0000;0;0
600;2014-04-26 13:30:00;172602N232;4632;17.844;43;228;228;232;224;6.774;50.01;371.7;6.374;369.5;6.355;0.0;0.000;60;0;0;6.721;6.929;6.672;1530;1606;1493;50.01;50.01;50.01;5489;1000;0.0;0;1.0000;0;0
600;2014-04-26 13:40:00;172602N232;4602;18.611;43;228;227;231;226;6.724;50.03;371.4;6.334;369.4;6.311;0.0;0.000;60;0;0;6.660;6.838;6.675;1515;1578;1507;50.03;50.03;50.03;5489;1000;0.0;0;1.0000;0;0
600;2014-04-26 13:50:00;172602N232;4547;19.370;43;227;227;228;226;6.677;50.00;368.9;6.295;367.8;6.278;0.0;0.000;60;0;0;6.645;6.732;6.655;1508;1537;1501;50.00;50.00;50.00;5489;1000;0.0;0;1.0000;0;0
600;2014-04-26 14:00:00;172602N232;4523;20.124;43;227;227;227;226;6.642;50.01;369.9;6.249;368.2;6.232;0.0;0.000;60;0;0;6.616;6.676;6.636;1502;1518;1502;50.01;50.01;50.01;5489;1000;0.0;0;1.0000;0;0
600;2014-04-26 14:10:00;172602N232;4503;20.874;43;227;226;229;226;6.617;50.00;371.2;6.202;369.3;6.181;0.0;0.000;60;0;0;6.558;6.708;6.587;1483;1533;1485;50.00;50.00;50.00;5489;1000;0.0;0;1.0000;0;0
600;2014-04-26 14:20:00;172602N232;4479;21.620;43;227;227;228;226;6.575;50.00;373.5;6.131;371.3;6.113;0.0;0.000;60;0;0;6.545;6.633;6.549;1486;1510;1480;50.00;50.00;50.00;5489;1000;0.0;0;1.0000;0;0
600;2014-04-26 14:30:00;172602N232;4450;22.363;43;227;227;229;227;6.526;49.99;374.8;6.069;372.5;6.050;0.0;0.000;60;0;0;6.482;6.596;6.502;1469;1507;1471;49.99;49.99;49.99;5489;1000;0.0;0;1.0000;0;0
600;2014-04-26 14:40:00;172602N232;4401;23.096;43;227;227;228;224;6.476;50.00;375.3;5.998;372.8;5.978;0.0;0.000;60;0;0;6.449;6.561;6.419;1462;1498;1440;50.00;50.00;50.00;5489;1000;0.0;0;1.0000;0;0
600;2014-04-26 14:50:00;172602N232;4334;23.820;44;225;226;229;222;6.410;49.99;373.4;5.924;372.3;5.906;0.0;0.000;60;0;0;6.359;6.559;6.312;1434;1498;1400;49.99;49.99;49.99;5489;1000;0.0;0;1.0000;0;0
600;2014-04-26 15:00:00;172602N232;4288;24.533;44;226;227;228;222;6.331;49.99;374.2;5.855;372.4;5.833;0.0;0.000;60;0;0;6.309;6.447;6.237;1431;1470;1386;49.99;49.99;49.99;5489;1000;0.0;0;1.0000;0;0
600;2014-04-26 15:10:00;172602N232;4227;25.238;44;227;227;230;224;6.210;49.98;376.1;5.736;374.7;5.718;0.0;0.000;60;0;0;6.156;6.352;6.122;1394;1462;1368;49.98;49.98;49.98;5489;1000;0.0;0;1.0000;0;0
600;2014-04-26 15:20:00;172602N232;4093;25.920;44;226;226;229;223;6.036;49.99;376.3;5.553;375.2;5.527;0.0;0.000;60;0;0;5.987;6.166;5.957;1351;1414;1327;49.99;49.99;49.99;5489;1000;0.0;0;1.0000;0;0
600;2014-04-26 15:30:00;172602N232;4012;26.590;44;225;224;229;223;5.932;50.00;378.5;5.412;376.6;5.391;0.0;0.000;60;0;0;5.831;6.081;5.885;1305;1394;1310;50.00;50.00;50.00;5489;1000;0.0;0;1.0000;0;0
600;2014-04-26 15:40:00;172602N232;3907;27.241;44;225;225;228;223;5.778;50.02;379.5;5.253;377.7;5.236;0.0;0.000;60;0;0;5.710;5.891;5.734;1283;1345;1277;50.02;50.02;50.02;5489;1000;0.0;0;1.0000;0;0
600;2014-04-26 15:50:00;172602N232;3787;27.873;44;226;225;230;224;5.580;49.99;379.2;5.092;378.1;5.075;0.0;0.000;60;0;0;5.500;5.717;5.524;1238;1313;1234;49.99;49.99;49.99;5489;1000;0.0;0;1.0000;0;0
600;2014-04-26 16:00:00;172602N232;3688;28.487;44;227;226;230;225;5.432;50.00;381.2;4.934;379.7;4.912;0.0;0.000;60;0;0;5.360;5.535;5.402;1207;1268;1211;50.00;50.00;50.00;5489;1000;0.0;0;1.0000;0;0
600;2014-04-26 16:10:00;172602N232;3543;29.077;44;226;226;230;223;5.228;49.99;381.0;4.731;379.9;4.716;0.0;0.000;60;0;0;5.169;5.345;5.171;1164;1225;1151;49.99;49.99;49.99;5489;1000;0.0;0;1.0000;0;0
600;2014-04-26 16:20:00;172602N232;3382;29.641;44;226;226;229;222;5.000;49.99;382.8;4.497;381.0;4.491;0.0;0.000;60;0;0;4.967;5.098;4.936;1121;1165;1095;49.99;49.99;49.99;5489;1000;0.0;0;1.0000;0;0
600;2014-04-26 16:30:00;172602N232;3195;30.174;44;226;226;227;224;4.731;49.99;397.7;4.043;383.6;4.252;0.0;0.000;60;0;0;4.687;4.796;4.712;1054;1089;1051;49.99;49.99;49.99;5489;1000;0.0;0;1.0000;0;0
600;2014-04-26 16:40:00;172602N232;3003;30.675;44;226;226;226;225;4.445;49.99;378.0;3.985;385.6;3.991;0.0;0.000;60;0;0;4.395;4.472;4.469;989;1009;1004;49.99;49.99;49.99;5489;1000;0.0;0;1.0000;0;0
600;2014-04-26 16:50:00;172602N232;2872;31.153;44;226;227;227;225;4.246;50.01;379.0;3.795;387.9;3.785;0.0;0.000;60;0;0;4.201;4.291;4.246;948;972;950;50.01;50.01;50.01;5489;1000;0.0;0;1.0000;0;0
600;2014-04-26 17:00:00;172602N232;2741;31.611;44;225;226;227;224;4.073;50.00;381.0;3.608;389.6;3.596;0.0;0.000;60;0;0;4.037;4.116;4.066;907;928;904;50.00;50.00;50.00;5489;1000;0.0;0;1.0000;0;0
600;2014-04-26 17:10:00;172602N232;2599;32.044;44;225;226;226;224;3.860;49.99;382.0;3.407;391.5;3.395;0.0;0.000;60;0;0;3.829;3.896;3.857;860;877;861;49.99;49.99;49.99;5489;1000;0.0;0;1.0000;0;0
600;2014-04-26 17:20:00;172602N232;2459;32.453;44;225;225;226;223;3.661;49.99;384.6;3.203;395.6;3.173;0.0;0.000;60;0;0;3.619;3.708;3.657;810;834;813;49.99;49.99;49.99;5489;1000;0.0;0;1.0000;0;0
600;2014-04-26 17:30:00;172602N232;2291;32.835;44;224;224;226;222;3.422;49.99;386.1;2.994;401.9;2.881;0.0;0.000;60;0;0;3.369;3.486;3.412;751;784;754;49.99;49.99;49.99;5489;1000;0.0;0;1.0000;0;0
600;2014-04-26 17:40:00;172602N232;2138;33.192;44;224;225;226;222;3.192;50.00;386.5;2.798;385.9;2.794;0.0;0.000;60;0;0;3.152;3.246;3.180;704;728;703;50.00;50.00;50.00;5489;1000;0.0;0;1.0000;0;0
600;2014-04-26 17:50:00;172602N232;1965;33.520;44;224;224;225;223;2.942;50.02;395.7;2.494;387.0;2.576;0.0;0.000;60;0;0;2.888;2.981;2.958;642;666;655;50.02;50.02;50.02;5489;1000;0.0;0;1.0000;0;0
600;2014-04-26 18:00:00;172602N232;1764;33.814;43;223;222;224;223;2.649;49.99;382.3;2.297;387.7;2.325;0.0;0.000;60;0;0;2.575;2.688;2.685;568;599;595;49.99;49.99;49.99;5489;1000;0.0;0;1.0000;0;0
600;2014-04-26 18:10:00;172602N232;1586;34.079;43;223;221;225;223;2.386;49.99;380.0;2.076;389.9;2.078;0.0;0.000;60;0;0;2.304;2.434;2.421;506;542;535;49.99;49.99;49.99;5489;1000;0.0;0;1.0000;0;0
600;2014-04-26 18:20:00;172602N232;1427;34.316;43;224;222;226;223;2.153;49.99;381.8;1.858;391.4;1.861;0.0;0.000;60;0;0;2.074;2.209;2.178;454;491;479;49.99;49.99;49.99;5489;1000;0.0;0;1.0000;0;0
600;2014-04-26 18:30:00;172602N232;1279;34.529;43;224;221;226;224;1.942;49.98;383.3;1.655;392.2;1.663;0.0;0.000;60;0;0;1.847;2.004;1.976;400;443;434;49.98;49.98;49.98;5489;1000;0.0;0;1.0000;0;0
600;2014-04-26 18:40:00;172602N232;1106;34.714;42;224;222;227;223;1.691;49.98;381.4;1.416;392.8;1.451;0.0;0.000;60;0;0;1.615;1.752;1.706;348;386;371;49.98;49.98;49.98;5489;1000;0.0;0;1.0000;0;0
600;2014-04-26 18:50:00;172602N232;908;34.866;42;224;223;226;223;1.380;50.02;360.6;1.194;392.3;1.226;0.0;0.000;60;0;0;1.317;1.422;1.403;284;316;306;50.02;50.02;50.02;5489;1000;0.0;0;1.0000;0;0
600;2014-04-26 19:00:00;172602N232;673;34.978;42;224;222;226;224;1.061;50.01;304.2;0.924;392.7;1.002;0.0;0.000;60;0;0;0.989;1.105;1.091;207;235;229;50.01;50.01;50.01;5489;1000;0.0;0;1.0000;0;0
600;2014-04-26 19:10:00;172602N232;484;35.059;42;225;222;227;224;0.779;49.98;303.4;0.553;393.0;0.822;0.0;0.000;60;0;0;0.710;0.827;0.800;145;172;165;49.98;49.98;49.98;5489;1000;0.0;0;1.0000;0;0
600;2014-04-26 19:20:00;172602N232;372;35.121;42;225;223;227;225;0.855;49.99;394.0;0.345;372.3;0.610;0.0;0.000;60;0;0;0.806;0.953;0.807;114;128;128;49.99;49.99;49.99;5489;1000;0.0;0;1.0000;0;0
600;2014-04-26 19:30:00;172602N232;247;35.162;42;225;224;227;224;1.055;49.98;386.4;0.290;386.5;0.328;0.0;0.000;60;0;0;0.996;1.295;0.875;71;84;90;49.98;49.98;49.98;5489;1000;0.0;0;1.0000;0;0
600;2014-04-26 19:40:00;172602N232;197;35.196;41;225;225;226;224;0.995;49.98;376.7;0.237;400.1;0.238;0.0;0.000;60;0;0;1.148;1.152;0.685;53;73;69;49.98;49.98;49.98;5489;1000;0.0;0;1.0000;0;0
600;2014-04-26 19:50:00;172602N232;153;35.221;41;225;225;226;224;0.937;50.01;347.4;0.197;408.3;0.179;0.0;0.000;60;0;0;1.190;0.921;0.700;30;65;56;50.01;50.01;50.01;5489;1000;0.0;0;1.0000;0;0
600;2014-04-26 20:00:00;172602N232;103;35.239;40;225;226;226;223;0.869;50.00;311.7;0.135;396.8;0.128;0.0;0.000;60;0;0;1.084;0.817;0.708;2;43;62;50.00;50.00;50.00;5489;1000;0.0;0;1.0000;0;0
600;2014-04-26 20:10:00;172602N232;56;35.248;40;225;225;226;223;0.870;49.99;340.0;0.059;367.5;0.070;0.0;0.000;60;0;0;0.896;1.034;0.681;4;6;49;49.99;49.99;49.99;5489;1000;0.0;0;1.0000;0;0
600;2014-04-26 20:20:00;172602N232;23;35.253;40;225;224;226;225;0.550;49.99;296.1;0.017;326.3;0.022;0.0;0.000;60;0;0;0.539;0.713;0.398;9;0;24;49.99;49.99;49.99;5489;1000;0.0;0;1.0000;0;0
600;2014-04-26 20:30:00;172602N232;2;35.253;39;224;224;225;224;0.156;49.99;259.9;0.000;260.7;0.000;0.0;0.000;51;0;0;0.154;0.211;0.103;2;0;4;49.99;49.99;49.99;5672;1000;0.0;0;1.0000;0;0
600;2014-04-26 20:40:00;172602N232;0;35.253;38;224;223;227;222;0.000;50.00;273.4;0.000;273.3;0.000;0.0;0.000;51;0;0;0.000;0.000;0.000;0;0;0;50.00;50.00;50.00;13542;1000;0.0;0;1.0000;0;0
600;2014-04-26 20:50:00;172602N232;0;35.253;36;223;223;226;222;0.000;49.95;229.0;0.000;229.9;0.000;0.0;0.000;51;0;0;0.000;0.000;0.000;0;0;0;49.95;49.95;49.95;13542;1000;0.0;0;1.0000;0;0
600;2014-04-26 21:00:00;172602N232;0;35.253;36;223;223;225;221;0.000;49.98;229.8;0.000;230.8;0.000;0.0;0.000;51;0;0;0.000;0.000;0.000;0;0;0;49.98;49.98;49.98;13542;1000;0.0;0;1.0000;0;0
[wr_ende]
