20150213;230002;172602N232;My Plant;+0100
[wr_def_start]
172602N232;Inverter Type;Inverter Group;72602N232      
[wr_def_end]
[wr]
INTERVAL;TIMESTAMP;SERIAL;P_AC;E_DAY;T_WR;U_AC;U_AC_1;U_AC_2;U_AC_3;I_AC;F_AC;U_DC_1;I_DC_1;U_DC_2;I_DC_2;U_DC_3;I_DC_3;S;E_WR;M_WR;I_AC_1;I_AC_2;I_AC_3;P_AC_1;P_AC_2;P_AC_3;F_AC_1;F_AC_2;F_AC_3;R_DC;PC;PCS;PCS_LL;COS_PHI;COS_PHI_LL;S_COS_PHI
600;2015-02-13 07:20:00;172602N232;0;0.000;0;4;4;4;4;0.000;0.96;4.3;0.000;4.4;0.000;0.0;0.000;50;0;0;0.000;0.000;0.000;0;0;0;0.96;0.96;0.96;45;1000;0.0;0;1.0000;0;0
600;2015-02-13 07:30:00;172602N232;0;0.000;17;220;222;222;217;0.000;50.00;227.0;0.000;228.0;0.000;0.0;0.000;50;0;0;0.000;0.000;0.000;0;0;0;50.00;50.00;50.00;0;1000;0.0;0;1.0000;0;0
600;2015-02-13 07:40:00;172602N232;0;0.000;18;221;222;223;217;0.000;50.02;229.8;0.000;230.8;0.000;0.0;0.000;50;0;0;0.000;0.000;0.000;0;0;0;50.02;50.02;50.02;0;1000;0.0;0;1.0000;0;0
600;2015-02-13 07:50:00;172602N232;0;0.000;18;220;222;222;217;0.000;49.99;232.5;0.000;233.4;0.000;0.0;0.000;50;0;0;0.000;0.000;0.000;0;0;0;50.00;49.99;49.99;0;1000;0.0;0;1.0000;0;0
600;2015-02-13 08:00:00;172602N232;0;0.000;19;220;221;222;217;0.000;50.00;261.1;0.000;261.6;0.000;0.0;0.000;50;0;0;0.000;0.000;0.000;0;0;0;50.00;50.00;50.00;0;1000;0.0;0;1.0000;0;0
600;2015-02-13 08:10:00;172602N232;0;0.000;19;220;220;221;219;0.005;50.00;290.8;0.000;290.0;0.000;0.0;0.000;60;0;0;0.005;0.007;0.003;0;0;0;50.00;50.00;50.00;5085;1000;0.0;0;1.0000;0;0
600;2015-02-13 08:20:00;172602N232;5;0.000;19;220;220;220;220;0.165;50.00;257.6;0.000;255.4;0.002;0.0;0.000;60;0;0;0.179;0.174;0.144;0;4;4;50.00;50.00;50.00;5558;1000;0.0;0;1.0000;0;0
600;2015-02-13 08:30:00;172602N232;14;0.003;20;220;220;221;218;0.346;50.01;285.8;0.006;309.6;0.011;0.0;0.000;60;0;0;0.369;0.433;0.237;5;3;15;50.01;50.01;50.01;5558;1000;0.0;0;1.0000;0;0
600;2015-02-13 08:40:00;172602N232;24;0.007;20;220;220;222;219;0.465;50.01;330.9;0.017;333.3;0.022;0.0;0.000;60;0;0;0.504;0.581;0.311;6;3;20;50.01;50.01;50.01;5558;1000;0.0;0;1.0000;0;0
600;2015-02-13 08:50:00;172602N232;41;0.014;20;221;221;221;219;0.542;49.99;359.0;0.037;375.6;0.038;0.0;0.000;60;0;0;0.659;0.578;0.390;1;19;25;49.99;49.99;49.99;5558;1000;0.0;0;1.0000;0;0
600;2015-02-13 09:00:00;172602N232;48;0.022;21;220;220;220;220;0.593;50.00;371.2;0.045;381.5;0.047;0.0;0.000;60;0;0;0.677;0.625;0.479;4;22;22;50.00;50.00;50.00;5558;1000;0.0;0;1.0000;0;0
600;2015-02-13 09:10:00;172602N232;73;0.033;21;221;221;220;221;0.782;50.00;391.6;0.075;396.2;0.077;0.0;0.000;60;0;0;1.002;0.661;0.685;4;43;26;50.00;50.00;50.00;5558;1000;0.0;0;1.0000;0;0
600;2015-02-13 09:20:00;172602N232;80;0.048;21;223;223;225;222;0.905;50.01;395.3;0.084;399.1;0.086;0.0;0.000;60;0;0;0.912;1.083;0.722;12;14;54;50.01;50.01;50.01;5558;1000;0.0;0;1.0000;0;0
600;2015-02-13 09:30:00;172602N232;95;0.064;22;223;224;223;223;0.888;50.00;399.9;0.102;402.8;0.104;0.0;0.000;60;0;0;1.004;0.886;0.774;9;41;47;50.00;50.00;50.00;5558;1000;0.0;0;1.0000;0;0
600;2015-02-13 09:40:00;172602N232;116;0.084;22;223;223;222;224;0.885;49.99;408.2;0.125;407.1;0.128;0.0;0.000;60;0;0;0.927;0.804;0.926;20;58;36;49.99;49.99;49.99;5558;1000;0.0;0;1.0000;0;0
600;2015-02-13 09:50:00;172602N232;121;0.104;23;223;223;223;223;0.907;50.02;411.2;0.130;408.0;0.134;0.0;0.000;60;0;0;0.965;0.953;0.803;19;46;54;50.02;50.02;50.02;5558;1000;0.0;0;1.0000;0;0
600;2015-02-13 10:00:00;172602N232;142;0.128;23;225;225;225;225;0.885;50.00;415.4;0.153;411.9;0.157;0.0;0.000;60;0;0;0.905;1.033;0.718;15;71;54;50.00;50.00;50.00;5558;1000;0.0;0;1.0000;0;0
600;2015-02-13 10:10:00;172602N232;163;0.155;23;226;227;226;226;0.900;49.99;418.3;0.177;415.1;0.180;0.0;0.000;60;0;0;0.989;1.006;0.707;32;83;46;49.99;49.99;49.99;5558;1000;0.0;0;1.0000;0;0
600;2015-02-13 10:20:00;172602N232;166;0.182;23;226;226;227;226;0.996;50.00;419.4;0.181;415.4;0.185;0.0;0.000;60;0;0;1.245;0.941;0.802;40;76;48;50.00;50.00;50.00;5558;1000;0.0;0;1.0000;0;0
600;2015-02-13 10:30:00;172602N232;158;0.210;24;226;226;228;226;0.915;50.02;418.3;0.171;414.0;0.176;0.0;0.000;60;0;0;0.878;1.174;0.695;27;60;69;50.02;50.02;50.02;5558;1000;0.0;0;1.0000;0;0
600;2015-02-13 10:40:00;172602N232;204;0.243;24;226;226;228;225;1.025;49.97;423.7;0.225;419.5;0.229;0.0;0.000;60;0;0;1.188;1.144;0.743;56;68;78;49.97;49.97;49.97;5558;1000;0.0;0;1.0000;0;0
600;2015-02-13 10:50:00;172602N232;196;0.276;24;226;227;227;226;0.963;49.99;422.9;0.215;418.6;0.219;0.0;0.000;60;0;0;1.109;0.997;0.783;54;69;72;49.99;49.99;49.99;5558;1000;0.0;0;1.0000;0;0
600;2015-02-13 11:00:00;172602N232;223;0.314;24;226;227;227;225;1.049;50.01;427.1;0.245;421.0;0.250;0.0;0.000;60;0;0;1.300;1.013;0.835;49;88;84;50.01;50.01;50.01;5558;1000;0.0;0;1.0000;0;0
600;2015-02-13 11:10:00;172602N232;242;0.354;25;223;223;225;222;1.041;50.01;427.1;0.267;422.6;0.272;0.0;0.000;60;0;0;1.133;1.126;0.864;67;79;93;50.01;50.01;50.01;5558;1000;0.0;0;1.0000;0;0
600;2015-02-13 11:20:00;172602N232;287;0.401;25;222;222;223;222;1.128;50.02;428.6;0.319;426.7;0.323;0.0;0.000;60;0;0;1.226;1.212;0.946;85;115;84;50.02;50.02;50.02;5558;1000;0.0;0;1.0000;0;0
600;2015-02-13 11:30:00;172602N232;306;0.452;25;222;222;224;221;1.120;50.01;430.4;0.340;428.5;0.345;0.0;0.000;60;0;0;1.182;1.214;0.966;95;107;102;50.01;50.01;50.01;5558;1000;0.0;0;1.0000;0;0
600;2015-02-13 11:40:00;172602N232;321;0.507;25;223;223;225;222;1.142;50.00;433.2;0.355;429.7;0.361;0.0;0.000;60;0;0;1.200;1.211;1.015;97;114;109;50.00;50.00;50.00;5558;1000;0.0;0;1.0000;0;0
600;2015-02-13 11:50:00;172602N232;292;0.555;25;222;222;222;222;1.137;49.99;431.6;0.323;426.9;0.329;0.0;0.000;60;0;0;1.252;1.142;1.017;82;113;95;49.99;49.99;49.99;5558;1000;0.0;0;1.0000;0;0
600;2015-02-13 12:00:00;172602N232;450;0.631;25;221;222;219;222;0.869;50.01;439.4;0.498;432.5;0.511;0.0;0.000;60;0;0;0.867;0.875;0.866;140;157;150;50.01;50.01;50.01;5558;1000;0.0;0;1.0000;0;0
600;2015-02-13 12:10:00;172602N232;637;0.737;26;222;222;223;221;1.001;49.98;444.5;0.705;435.2;0.726;0.0;0.000;60;0;0;0.957;1.036;1.012;201;221;213;49.98;49.98;49.98;5558;1000;0.0;0;1.0000;0;0
600;2015-02-13 12:20:00;172602N232;530;0.826;26;222;222;222;221;0.838;50.01;439.9;0.591;431.0;0.608;0.0;0.000;60;0;0;0.796;0.870;0.849;166;184;178;50.01;50.01;50.01;5558;1000;0.0;0;1.0000;0;0
600;2015-02-13 12:30:00;172602N232;507;0.910;26;222;222;223;221;0.968;50.03;435.6;0.570;430.6;0.581;0.0;0.000;60;0;0;0.973;1.005;0.928;159;180;166;50.03;50.03;50.03;5558;1000;0.0;0;1.0000;0;0
600;2015-02-13 12:40:00;172602N232;473;0.990;27;222;222;224;221;0.752;50.00;438.1;0.527;429.2;0.543;0.0;0.000;60;0;0;0.707;0.786;0.764;146;166;159;50.00;50.00;50.00;5558;1000;0.0;0;1.0000;0;0
600;2015-02-13 12:50:00;172602N232;325;1.043;27;222;223;223;221;1.065;50.00;429.9;0.363;423.4;0.372;0.0;0.000;60;0;0;1.164;1.030;1.003;95;117;111;50.00;50.00;50.00;5558;1000;0.0;0;1.0000;0;0
600;2015-02-13 13:00:00;172602N232;314;1.096;27;222;223;224;220;1.171;50.02;421.7;0.356;423.8;0.359;0.0;0.000;60;0;0;1.278;1.173;1.063;90;106;115;50.02;50.02;50.02;5558;1000;0.0;0;1.0000;0;0
600;2015-02-13 13:10:00;172602N232;224;1.134;27;222;221;223;221;1.040;50.00;422.0;0.249;416.7;0.255;0.0;0.000;60;0;0;1.162;1.239;0.719;61;86;75;50.00;50.00;50.00;5558;1000;0.0;0;1.0000;0;0
600;2015-02-13 13:20:00;172602N232;324;1.188;27;223;222;224;222;1.133;50.00;428.6;0.363;424.5;0.370;0.0;0.000;60;0;0;1.132;1.249;1.019;95;112;115;50.00;50.00;50.00;5558;1000;0.0;0;1.0000;0;0
600;2015-02-13 13:30:00;172602N232;293;1.237;27;223;222;225;221;1.131;50.02;427.1;0.327;422.4;0.334;0.0;0.000;60;0;0;1.204;1.272;0.917;88;101;102;50.02;50.02;50.02;5558;1000;0.0;0;1.0000;0;0
600;2015-02-13 13:40:00;172602N232;215;1.273;27;222;222;224;221;1.049;50.01;418.7;0.239;416.2;0.244;0.0;0.000;60;0;0;1.151;1.253;0.744;44;87;82;50.01;50.01;50.01;5558;1000;0.0;0;1.0000;0;0
600;2015-02-13 13:50:00;172602N232;251;1.315;27;223;223;224;221;1.102;50.00;426.0;0.278;419.6;0.286;0.0;0.000;60;0;0;1.197;1.270;0.841;65;94;90;50.00;50.00;50.00;5558;1000;0.0;0;1.0000;0;0
600;2015-02-13 14:00:00;172602N232;184;1.345;27;223;223;225;220;0.973;50.01;417.8;0.202;413.7;0.207;0.0;0.000;60;0;0;0.953;1.252;0.714;33;66;83;50.01;50.01;50.01;5558;1000;0.0;0;1.0000;0;0
600;2015-02-13 14:10:00;172602N232;210;1.380;27;223;224;225;222;1.039;50.00;421.6;0.232;417.0;0.237;0.0;0.000;60;0;0;1.193;1.206;0.718;47;81;80;50.00;50.00;50.00;5558;1000;0.0;0;1.0000;0;0
600;2015-02-13 14:20:00;172602N232;163;1.408;27;224;224;225;222;0.941;50.01;414.1;0.179;411.7;0.183;0.0;0.000;60;0;0;0.854;1.227;0.744;25;54;82;50.01;50.01;50.01;5558;1000;0.0;0;1.0000;0;0
600;2015-02-13 14:30:00;172602N232;200;1.441;27;224;223;226;223;1.008;50.01;421.2;0.220;416.5;0.226;0.0;0.000;60;0;0;1.044;1.227;0.754;70;52;77;50.01;50.01;50.01;5558;1000;0.0;0;1.0000;0;0
600;2015-02-13 14:40:00;172602N232;155;1.467;27;224;223;226;223;0.979;49.99;414.7;0.169;410.6;0.174;0.0;0.000;60;0;0;0.816;1.338;0.785;37;33;83;49.99;49.99;49.99;5558;1000;0.0;0;1.0000;0;0
600;2015-02-13 14:50:00;172602N232;160;1.494;27;223;223;225;223;0.911;50.00;414.8;0.176;411.8;0.179;0.0;0.000;60;0;0;0.827;1.199;0.707;23;63;72;50.00;50.00;50.00;5558;1000;0.0;0;1.0000;0;0
600;2015-02-13 15:00:00;172602N232;123;1.515;27;224;224;224;223;0.940;49.99;409.0;0.134;405.5;0.138;0.0;0.000;60;0;0;0.955;1.075;0.790;25;32;64;49.99;49.99;49.99;5558;1000;0.0;0;1.0000;0;0
600;2015-02-13 15:10:00;172602N232;113;1.535;27;224;224;225;221;0.949;49.99;405.1;0.123;403.1;0.126;0.0;0.000;60;0;0;0.912;1.164;0.772;25;18;68;49.99;49.99;49.99;5558;1000;0.0;0;1.0000;0;0
600;2015-02-13 15:20:00;172602N232;83;1.548;26;224;224;226;221;0.962;50.01;394.1;0.088;395.6;0.091;0.0;0.000;60;0;0;0.918;1.220;0.749;14;6;62;50.01;50.01;50.01;5558;1000;0.0;0;1.0000;0;0
600;2015-02-13 15:30:00;172602N232;60;1.558;26;223;225;226;219;0.714;50.01;382.1;0.059;387.0;0.062;0.0;0.000;60;0;0;0.899;0.715;0.530;1;28;43;50.01;50.01;50.01;5558;1000;0.0;0;1.0000;0;0
600;2015-02-13 15:40:00;172602N232;54;1.567;26;223;226;225;219;0.661;50.01;377.4;0.051;382.7;0.055;0.0;0.000;60;0;0;0.895;0.582;0.506;0;37;41;50.01;50.01;50.01;5558;1000;0.0;0;1.0000;0;0
600;2015-02-13 15:50:00;172602N232;49;1.576;26;223;225;224;219;0.663;49.99;372.0;0.046;379.7;0.049;0.0;0.000;60;0;0;0.915;0.579;0.495;0;35;39;49.99;49.99;49.99;5558;1000;0.0;0;1.0000;0;0
600;2015-02-13 16:00:00;172602N232;31;1.582;26;221;223;223;219;0.488;49.99;337.8;0.024;359.4;0.027;0.0;0.000;60;0;0;0.612;0.471;0.382;1;19;28;49.99;49.99;49.99;5558;1000;0.0;0;1.0000;0;0
600;2015-02-13 16:10:00;172602N232;11;1.583;26;222;219;224;221;0.320;49.99;281.4;0.006;285.9;0.008;0.0;0.000;60;0;0;0.252;0.489;0.221;8;0;14;49.99;49.99;49.99;5558;1000;0.0;0;1.0000;0;0
600;2015-02-13 16:20:00;172602N232;0;1.584;25;221;219;223;222;0.047;50.00;257.2;0.000;257.1;0.000;0.0;0.000;50;0;0;0.033;0.088;0.021;1;0;0;50.00;50.00;50.00;5558;1000;0.0;0;1.0000;0;0
600;2015-02-13 16:30:00;172602N232;0;1.584;24;222;220;226;221;0.000;50.01;297.1;0.000;296.1;0.000;0.0;0.000;51;0;0;0.000;0.000;0.000;0;0;0;50.01;50.01;50.01;6442;1000;0.0;0;1.0000;0;0
600;2015-02-13 16:40:00;172602N232;0;1.584;24;222;222;224;221;0.000;50.02;233.3;0.000;234.2;0.000;0.0;0.000;51;0;0;0.000;0.000;0.000;0;0;0;50.02;50.02;50.02;6535;1000;0.0;0;1.0000;0;0
600;2015-02-13 16:50:00;172602N232;0;1.584;24;222;221;224;220;0.000;50.00;228.5;0.000;229.4;0.000;0.0;0.000;51;0;0;0.000;0.000;0.000;0;0;0;50.00;50.00;50.00;6535;1000;0.0;0;1.0000;0;0
600;2015-02-13 17:00:00;172602N232;0;1.584;23;221;221;224;219;0.000;49.99;229.6;0.000;230.5;0.000;0.0;0.000;51;0;0;0.000;0.000;0.000;0;0;0;49.99;49.99;49.99;6535;1000;0.0;0;1.0000;0;0
600;2015-02-13 17:10:00;172602N232;0;1.584;23;220;222;223;217;0.000;49.99;227.4;0.000;228.4;0.000;0.0;0.000;51;0;0;0.000;0.000;0.000;0;0;0;49.99;49.99;49.99;6535;1000;0.0;0;1.0000;0;0
[wr_ende]
