20120826;230003;172602N232;My Plant;+0100
[wr_def_start]
172602N232;Inverter Type;Inverter Group;72602N232      
[wr_def_end]
[wr]
INTERVAL;TIMESTAMP;SERIAL;P_AC;E_DAY;T_WR;U_AC;U_AC_1;U_AC_2;U_AC_3;I_AC;F_AC;U_DC_1;I_DC_1;U_DC_2;I_DC_2;U_DC_3;I_DC_3;S;E_WR;M_WR;I_AC_1;I_AC_2;I_AC_3;P_AC_1;P_AC_2;P_AC_3;F_AC_1;F_AC_2;F_AC_3;R_DC;PC;PCS;PCS_LL;COS_PHI;COS_PHI_LL;S_COS_PHI
600;2012-08-26 06:40:00;172602N232;0;0.000;0;4;4;4;4;0.000;0.98;4.4;0.000;4.4;0.000;0.0;0.000;50;0;0;0.000;0.000;0.000;0;0;0;0.98;0.98;0.98;69;1000;0.0;0;1.0000;0;0
600;2012-08-26 06:50:00;172602N232;0;0.000;26;222;223;225;219;0.000;50.01;229.2;0.000;230.1;0.000;0.0;0.000;50;0;0;0.000;0.000;0.000;0;0;0;50.01;50.01;50.01;0;1000;0.0;0;1.0000;0;0
600;2012-08-26 07:00:00;172602N232;0;0.000;27;222;223;225;219;0.000;50.01;233.1;0.000;234.0;0.000;0.0;0.000;50;0;0;0.000;0.000;0.000;0;0;0;50.01;50.01;50.01;0;1000;0.0;0;1.0000;0;0
600;2012-08-26 07:10:00;172602N232;0;0.000;28;222;222;225;220;0.053;50.02;274.7;0.000;274.3;0.000;0.0;0.000;60;0;0;0.053;0.068;0.038;0;0;2;50.02;50.02;50.02;1916;1000;0.0;0;1.0000;0;0
600;2012-08-26 07:20:00;172602N232;27;0.004;28;222;222;223;220;0.459;50.02;308.9;0.023;322.0;0.025;0.0;0.000;60;0;0;0.487;0.564;0.328;4;2;22;50.02;50.02;50.02;4045;1000;0.0;0;1.0000;0;0
600;2012-08-26 07:30:00;172602N232;60;0.013;29;222;222;224;220;0.676;50.00;360.3;0.065;365.9;0.065;0.0;0.000;60;0;0;0.641;0.889;0.498;13;8;37;50.00;50.00;50.00;4045;1000;0.0;0;1.0000;0;0
600;2012-08-26 07:40:00;172602N232;75;0.026;29;222;222;223;220;0.866;49.99;370.4;0.086;372.8;0.084;0.0;0.000;60;0;0;0.846;1.058;0.694;10;11;53;49.99;49.99;49.99;4045;1000;0.0;0;1.0000;0;0
600;2012-08-26 07:50:00;172602N232;77;0.039;30;224;225;225;223;0.889;49.99;371.5;0.089;370.8;0.087;0.0;0.000;60;0;0;1.013;0.930;0.725;3;26;48;49.99;49.99;49.99;4045;1000;0.0;0;1.0000;0;0
600;2012-08-26 08:00:00;172602N232;65;0.049;30;225;224;226;224;0.889;49.99;365.7;0.074;365.8;0.073;0.0;0.000;60;0;0;0.847;1.122;0.700;12;5;48;49.99;49.99;49.99;4045;1000;0.0;0;1.0000;0;0
600;2012-08-26 08:10:00;172602N232;68;0.062;31;224;224;225;222;0.888;50.02;362.3;0.079;366.0;0.077;0.0;0.000;60;0;0;0.918;1.043;0.704;7;11;51;50.02;50.02;50.02;4045;1000;0.0;0;1.0000;0;0
600;2012-08-26 08:20:00;172602N232;146;0.086;32;225;225;226;224;0.955;50.02;385.5;0.177;384.2;0.170;0.0;0.000;60;0;0;1.029;1.040;0.797;28;46;71;50.02;50.02;50.02;4045;1000;0.0;0;1.0000;0;0
600;2012-08-26 08:30:00;172602N232;179;0.117;32;223;224;224;221;1.092;50.03;394.9;0.216;390.6;0.211;0.0;0.000;60;0;0;1.494;0.959;0.823;11;84;84;50.03;50.03;50.03;4045;1000;0.0;0;1.0000;0;0
600;2012-08-26 08:40:00;172602N232;205;0.151;33;222;223;222;220;0.991;50.02;399.0;0.245;392.5;0.242;0.0;0.000;60;0;0;1.259;0.904;0.810;36;84;83;50.02;50.02;50.02;4045;1000;0.0;0;1.0000;0;0
600;2012-08-26 08:50:00;172602N232;169;0.180;33;222;223;222;220;1.020;50.03;390.7;0.204;386.6;0.198;0.0;0.000;60;0;0;1.365;0.896;0.799;17;83;68;50.03;50.03;50.03;4045;1000;0.0;0;1.0000;0;0
600;2012-08-26 09:00:00;172602N232;132;0.201;34;225;226;226;224;0.955;50.03;384.9;0.158;378.4;0.157;0.0;0.000;60;0;0;1.188;0.938;0.740;21;52;57;50.03;50.03;50.03;4045;1000;0.0;0;1.0000;0;0
600;2012-08-26 09:10:00;172602N232;67;0.213;34;224;224;224;222;0.848;50.03;361.4;0.079;361.6;0.078;0.0;0.000;60;0;0;1.001;0.864;0.680;0;26;48;50.03;50.03;50.03;4045;1000;0.0;0;1.0000;0;0
600;2012-08-26 09:20:00;172602N232;70;0.225;34;223;224;224;222;0.847;50.02;357.4;0.082;359.6;0.081;0.0;0.000;60;0;0;1.040;0.830;0.672;1;30;47;50.02;50.02;50.02;4045;1000;0.0;0;1.0000;0;0
600;2012-08-26 09:30:00;172602N232;169;0.254;35;223;224;224;221;1.039;50.01;389.7;0.203;384.7;0.201;0.0;0.000;60;0;0;1.375;0.949;0.793;20;64;83;50.01;50.01;50.01;4045;1000;0.0;0;1.0000;0;0
600;2012-08-26 09:40:00;172602N232;266;0.298;35;222;223;224;219;1.120;50.01;400.0;0.329;398.1;0.310;0.0;0.000;60;0;0;1.256;1.228;0.878;58;105;101;50.01;50.01;50.01;4045;1000;0.0;0;1.0000;0;0
600;2012-08-26 09:50:00;172602N232;537;0.387;35;222;223;223;219;1.079;50.01;418.3;0.641;410.0;0.633;0.0;0.000;60;0;0;1.116;1.081;1.042;166;186;183;50.01;50.01;50.01;4045;1000;0.0;0;1.0000;0;0
600;2012-08-26 10:00:00;172602N232;667;0.498;35;221;221;223;218;1.039;50.01;420.5;0.800;412.0;0.788;0.0;0.000;60;0;0;0.989;1.083;1.047;210;233;222;50.01;50.01;50.01;4045;1000;0.0;0;1.0000;0;0
600;2012-08-26 10:10:00;172602N232;485;0.580;36;223;222;225;222;0.779;50.00;412.9;0.590;406.2;0.576;0.0;0.000;60;0;0;0.719;0.823;0.795;147;172;164;50.00;50.00;50.00;4045;1000;0.0;0;1.0000;0;0
600;2012-08-26 10:20:00;172602N232;645;0.688;36;223;222;224;221;1.077;50.02;415.2;0.793;411.3;0.756;0.0;0.000;60;0;0;1.088;1.074;1.071;203;222;219;50.02;50.02;50.02;4045;1000;0.0;0;1.0000;0;0
600;2012-08-26 10:30:00;172602N232;598;0.787;36;222;223;224;220;1.017;50.01;412.9;0.736;408.8;0.704;0.0;0.000;60;0;0;1.014;1.013;1.025;191;205;199;50.01;50.01;50.01;4045;1000;0.0;0;1.0000;0;0
600;2012-08-26 10:40:00;172602N232;518;0.874;37;222;222;223;221;0.906;50.01;411.9;0.636;405.9;0.614;0.0;0.000;60;0;0;0.983;0.871;0.864;171;174;171;50.01;50.01;50.01;4045;1000;0.0;0;1.0000;0;0
600;2012-08-26 10:50:00;172602N232;297;0.924;37;222;222;222;221;1.084;50.01;398.5;0.365;393.8;0.358;0.0;0.000;60;0;0;1.171;1.131;0.951;82;113;100;50.01;50.01;50.01;4045;1000;0.0;0;1.0000;0;0
600;2012-08-26 11:00:00;172602N232;332;0.980;37;221;222;223;220;1.133;50.02;400.4;0.415;399.0;0.389;0.0;0.000;60;0;0;1.143;1.226;1.032;90;121;120;50.02;50.02;50.02;4045;1000;0.0;0;1.0000;0;0
600;2012-08-26 11:10:00;172602N232;383;1.044;37;221;222;222;219;1.080;50.00;400.3;0.490;407.4;0.434;0.0;0.000;60;0;0;1.126;1.105;1.010;112;143;126;50.00;50.00;50.00;4045;1000;0.0;0;1.0000;0;0
600;2012-08-26 11:20:00;172602N232;498;1.127;37;221;221;222;219;0.984;50.01;404.5;0.667;416.9;0.527;0.0;0.000;60;0;0;0.955;1.022;0.975;151;174;171;50.01;50.01;50.01;4045;1000;0.0;0;1.0000;0;0
600;2012-08-26 11:30:00;172602N232;1675;1.405;37;223;223;225;220;2.570;50.00;417.0;3.288;450.8;0.686;0.0;0.000;60;0;0;2.543;2.609;2.560;546;574;553;50.00;50.00;50.00;4045;1000;0.0;0;1.0000;0;0
600;2012-08-26 11:40:00;172602N232;2647;1.848;38;224;224;227;221;3.950;50.01;396.9;5.660;445.4;0.951;0.0;0.000;60;0;0;3.885;4.032;3.934;868;911;867;50.01;50.01;50.01;4045;1000;0.0;0;1.0000;0;0
600;2012-08-26 11:50:00;172602N232;3105;2.365;38;224;224;227;222;4.627;50.00;381.4;5.707;436.1;2.221;0.0;0.000;60;0;0;4.551;4.716;4.614;1017;1066;1021;50.00;50.00;50.00;4045;1000;0.0;0;1.0000;0;0
600;2012-08-26 12:00:00;172602N232;1461;2.609;39;222;223;224;220;2.233;50.01;380.1;2.302;405.1;1.463;0.0;0.000;60;0;0;2.182;2.277;2.240;473;503;484;50.01;50.01;50.01;4045;1000;0.0;0;1.0000;0;0
600;2012-08-26 12:10:00;172602N232;903;2.760;39;222;223;222;220;1.385;50.01;400.0;1.170;404.5;1.072;0.0;0.000;60;0;0;1.339;1.417;1.401;291;308;301;50.01;50.01;50.01;4045;1000;0.0;0;1.0000;0;0
600;2012-08-26 12:20:00;172602N232;524;2.847;40;221;223;221;220;1.151;50.02;386.8;0.688;394.9;0.610;0.0;0.000;60;0;0;1.205;1.187;1.061;150;194;179;50.02;50.02;50.02;4045;1000;0.0;0;1.0000;0;0
600;2012-08-26 12:30:00;172602N232;564;2.942;40;222;223;223;220;1.019;50.02;401.2;0.705;400.7;0.681;0.0;0.000;60;0;0;1.008;1.047;1.003;176;199;187;50.02;50.02;50.02;4045;1000;0.0;0;1.0000;0;0
600;2012-08-26 12:40:00;172602N232;1956;3.268;40;223;223;223;221;3.057;50.01;409.4;2.741;391.4;2.400;0.0;0.000;60;0;0;3.145;3.013;3.014;650;654;649;50.01;50.01;50.01;4045;1000;0.0;0;1.0000;0;0
600;2012-08-26 12:50:00;172602N232;3236;3.807;40;224;225;224;222;4.833;50.03;390.9;4.633;362.1;4.289;0.0;0.000;60;0;0;4.804;4.860;4.836;1078;1088;1070;50.03;50.03;50.03;4045;1000;0.0;0;1.0000;0;0
600;2012-08-26 13:00:00;172602N232;2414;4.208;41;223;224;222;222;3.615;50.01;390.6;3.308;379.3;3.063;0.0;0.000;60;0;0;3.591;3.627;3.629;803;801;804;50.01;50.01;50.01;4045;1000;0.0;0;1.0000;0;0
600;2012-08-26 13:10:00;172602N232;3210;4.743;41;222;226;222;219;4.810;50.00;384.8;4.440;376.1;4.173;0.0;0.000;60;0;0;4.841;4.849;4.740;1095;1078;1035;50.00;50.00;50.00;4045;1000;0.0;0;1.0000;0;0
600;2012-08-26 13:20:00;172602N232;2722;5.198;42;223;226;223;220;4.076;50.01;392.7;3.552;392.8;3.465;0.0;0.000;60;0;0;4.080;4.109;4.039;919;911;888;50.01;50.01;50.01;4045;1000;0.0;0;1.0000;0;0
600;2012-08-26 13:30:00;172602N232;3610;5.798;42;224;225;224;223;5.373;50.02;385.6;4.811;385.2;4.696;0.0;0.000;60;0;0;5.355;5.405;5.361;1204;1206;1194;50.02;50.02;50.02;4045;1000;0.0;0;1.0000;0;0
600;2012-08-26 13:40:00;172602N232;2823;6.269;42;223;224;225;221;4.222;50.02;385.8;3.723;385.4;3.643;0.0;0.000;60;0;0;4.162;4.282;4.222;927;961;932;50.02;50.02;50.02;4045;1000;0.0;0;1.0000;0;0
600;2012-08-26 13:50:00;172602N232;2220;6.638;43;223;223;225;221;3.326;50.02;387.2;2.940;382.0;2.911;0.0;0.000;60;0;0;3.267;3.384;3.329;727;760;732;50.02;50.02;50.02;4045;1000;0.0;0;1.0000;0;0
600;2012-08-26 14:00:00;172602N232;2317;7.024;43;224;224;225;221;3.469;50.01;401.3;2.968;396.3;2.890;0.0;0.000;60;0;0;3.424;3.517;3.467;762;787;763;50.01;50.01;50.01;4045;1000;0.0;0;1.0000;0;0
600;2012-08-26 14:10:00;172602N232;3829;7.664;43;225;225;227;223;5.681;50.00;389.9;5.041;388.6;4.934;0.0;0.000;60;0;0;5.620;5.761;5.662;1263;1308;1258;50.00;50.00;50.00;4045;1000;0.0;0;1.0000;0;0
600;2012-08-26 14:20:00;172602N232;1260;7.873;43;223;224;225;221;1.924;50.02;398.6;1.626;391.8;1.580;0.0;0.000;60;0;0;1.882;1.962;1.929;407;435;417;50.02;50.02;50.02;4045;1000;0.0;0;1.0000;0;0
600;2012-08-26 14:30:00;172602N232;3180;8.404;43;225;225;227;222;4.722;50.02;402.7;4.318;396.1;3.836;0.0;0.000;60;0;0;4.663;4.800;4.704;1046;1089;1043;50.02;50.02;50.02;4045;1000;0.0;0;1.0000;0;0
600;2012-08-26 14:40:00;172602N232;1752;8.696;43;224;224;225;222;2.624;50.03;382.4;2.519;375.3;2.159;0.0;0.000;60;0;0;2.567;2.678;2.627;571;602;578;50.03;50.03;50.03;4045;1000;0.0;0;1.0000;0;0
600;2012-08-26 14:50:00;172602N232;764;8.824;43;223;224;224;220;1.326;50.03;403.8;0.965;394.7;0.939;0.0;0.000;60;0;0;1.407;1.291;1.280;250;259;253;50.03;50.03;50.03;4045;1000;0.0;0;1.0000;0;0
600;2012-08-26 15:00:00;172602N232;1187;9.023;43;224;225;226;221;1.813;50.01;419.4;1.437;406.5;1.441;0.0;0.000;60;0;0;1.770;1.858;1.813;384;411;391;50.01;50.01;50.01;4045;1000;0.0;0;1.0000;0;0
600;2012-08-26 15:10:00;172602N232;1507;9.274;43;221;220;224;220;2.292;50.00;415.1;1.870;408.3;1.806;0.0;0.000;60;0;0;2.224;2.354;2.300;484;522;500;50.00;50.00;50.00;4045;1000;0.0;0;1.0000;0;0
600;2012-08-26 15:20:00;172602N232;2620;9.712;42;222;221;225;220;3.955;50.02;408.8;3.556;422.5;2.837;0.0;0.000;60;0;0;3.874;4.032;3.961;849;904;866;50.02;50.02;50.02;4045;1000;0.0;0;1.0000;0;0
600;2012-08-26 15:30:00;172602N232;2506;10.129;42;222;223;223;221;3.777;50.01;399.2;3.586;386.6;2.924;0.0;0.000;60;0;0;3.735;3.815;3.782;827;846;830;50.01;50.01;50.01;4045;1000;0.0;0;1.0000;0;0
600;2012-08-26 15:40:00;172602N232;3025;10.631;43;222;223;224;220;4.546;50.00;394.0;4.654;364.4;3.513;0.0;0.000;60;0;0;4.509;4.624;4.507;1003;1034;986;50.00;50.00;50.00;4045;1000;0.0;0;1.0000;0;0
600;2012-08-26 15:50:00;172602N232;1844;10.940;43;224;224;225;222;2.759;49.99;383.9;2.813;374.0;2.114;0.0;0.000;60;0;0;2.701;2.818;2.759;600;633;608;49.99;49.99;49.99;4045;1000;0.0;0;1.0000;0;0
600;2012-08-26 16:00:00;172602N232;603;11.040;43;221;222;222;220;1.208;50.02;390.3;0.774;386.4;0.747;0.0;0.000;60;0;0;1.230;1.231;1.163;186;211;204;50.02;50.02;50.02;4045;1000;0.0;0;1.0000;0;0
600;2012-08-26 16:10:00;172602N232;2006;11.375;43;223;224;224;222;3.013;50.04;403.6;2.716;380.2;2.549;0.0;0.000;60;0;0;2.967;3.051;3.022;657;680;666;50.04;50.04;50.04;4045;1000;0.0;0;1.0000;0;0
600;2012-08-26 16:20:00;172602N232;2379;11.771;43;224;224;225;222;3.567;50.03;400.7;3.107;392.9;2.980;0.0;0.000;60;0;0;3.520;3.620;3.563;780;811;784;50.03;50.03;50.03;4045;1000;0.0;0;1.0000;0;0
600;2012-08-26 16:30:00;172602N232;3198;12.303;43;224;225;227;221;4.766;50.01;393.3;4.175;391.0;4.083;0.0;0.000;60;0;0;4.711;4.860;4.727;1055;1101;1041;50.01;50.01;50.01;4045;1000;0.0;0;1.0000;0;0
600;2012-08-26 16:40:00;172602N232;2699;12.755;43;223;223;225;221;4.043;50.01;383.7;3.530;392.4;3.497;0.0;0.000;60;0;0;3.985;4.114;4.032;885;921;889;50.01;50.01;50.01;4045;1000;0.0;0;1.0000;0;0
600;2012-08-26 16:50:00;172602N232;3297;13.303;43;223;223;226;221;4.938;50.00;325.8;4.637;394.8;4.719;0.0;0.000;60;0;0;4.876;5.017;4.922;1083;1127;1084;50.00;50.00;50.00;4045;1000;0.0;0;1.0000;0;0
600;2012-08-26 17:00:00;172602N232;3097;13.819;43;226;226;227;225;4.580;50.03;260.7;4.548;391.6;5.025;0.0;0.000;60;0;0;4.526;4.627;4.587;1018;1048;1028;50.03;50.03;50.03;4045;1000;0.0;0;1.0000;0;0
600;2012-08-26 17:10:00;172602N232;2361;14.213;44;226;227;227;225;3.499;50.06;330.7;2.146;390.0;4.540;0.0;0.000;60;0;0;3.447;3.546;3.505;775;801;783;50.06;50.06;50.06;4045;1000;0.0;0;1.0000;0;0
600;2012-08-26 17:20:00;172602N232;1868;14.524;44;225;225;227;224;2.778;50.02;446.2;0.774;393.9;3.910;0.0;0.000;60;0;0;2.718;2.830;2.788;609;638;620;50.02;50.02;50.02;4045;1000;0.0;0;1.0000;0;0
600;2012-08-26 17:30:00;172602N232;1568;14.786;43;225;224;228;223;2.338;50.00;447.7;0.531;387.5;3.457;0.0;0.000;60;0;0;2.268;2.403;2.345;505;542;519;50.00;50.00;50.00;4045;1000;0.0;0;1.0000;0;0
600;2012-08-26 17:40:00;172602N232;827;14.924;43;224;224;225;223;1.492;49.99;419.1;0.461;338.0;1.979;0.0;0.000;60;0;0;1.480;1.535;1.461;260;287;277;49.99;49.99;49.99;4045;1000;0.0;0;1.0000;0;0
600;2012-08-26 17:50:00;172602N232;708;15.042;43;224;224;224;223;1.161;50.00;426.3;0.839;437.9;0.784;0.0;0.000;60;0;0;1.120;1.193;1.170;225;245;237;50.00;50.00;50.00;4045;1000;0.0;0;1.0000;0;0
600;2012-08-26 18:00:00;172602N232;591;15.141;42;221;221;220;221;1.078;50.01;275.4;1.541;443.7;0.413;0.0;0.000;60;0;0;1.055;1.097;1.084;186;205;198;50.01;50.01;50.01;4045;1000;0.0;0;1.0000;0;0
600;2012-08-26 18:10:00;172602N232;804;15.275;42;219;219;220;219;1.270;50.02;287.9;2.264;439.8;0.361;0.0;0.000;60;0;0;1.214;1.305;1.292;253;277;272;50.02;50.02;50.02;4045;1000;0.0;0;1.0000;0;0
600;2012-08-26 18:20:00;172602N232;784;15.406;42;219;216;221;219;1.250;50.01;313.5;2.011;440.6;0.358;0.0;0.000;60;0;0;1.172;1.310;1.268;242;275;265;50.01;50.01;50.01;4045;1000;0.0;0;1.0000;0;0
600;2012-08-26 18:30:00;172602N232;720;15.526;42;219;219;219;218;1.173;50.01;340.2;1.617;440.9;0.385;0.0;0.000;60;0;0;1.125;1.216;1.180;229;247;242;50.01;50.01;50.01;4045;1000;0.0;0;1.0000;0;0
600;2012-08-26 18:40:00;172602N232;706;15.644;42;219;219;220;218;1.191;50.00;325.5;1.585;418.4;0.461;0.0;0.000;60;0;0;1.176;1.206;1.192;222;242;239;50.00;50.00;50.00;4045;1000;0.0;0;1.0000;0;0
600;2012-08-26 18:50:00;172602N232;752;15.770;42;220;220;221;219;1.210;50.00;370.7;1.344;324.3;0.820;0.0;0.000;60;0;0;1.162;1.250;1.219;238;260;252;50.00;50.00;50.00;4045;1000;0.0;0;1.0000;0;0
600;2012-08-26 19:00:00;172602N232;639;15.876;42;219;220;219;218;1.050;50.01;381.7;1.182;336.8;0.588;0.0;0.000;60;0;0;1.029;1.066;1.055;203;219;214;50.01;50.01;50.01;4045;1000;0.0;0;1.0000;0;0
600;2012-08-26 19:10:00;172602N232;380;15.940;42;219;220;220;218;1.094;50.03;288.0;0.742;401.5;0.447;0.0;0.000;60;0;0;1.133;1.135;1.014;115;140;123;50.03;50.03;50.03;4045;1000;0.0;0;1.0000;0;0
600;2012-08-26 19:20:00;172602N232;396;16.005;41;220;220;220;219;1.047;50.01;372.8;0.260;379.2;0.786;0.0;0.000;60;0;0;1.071;1.085;0.987;119;149;126;50.01;50.01;50.01;4045;1000;0.0;0;1.0000;0;0
600;2012-08-26 19:30:00;172602N232;234;16.045;41;220;221;219;219;1.065;50.00;367.8;0.182;376.8;0.411;0.0;0.000;60;0;0;1.310;0.986;0.900;46;106;82;50.00;50.00;50.00;4045;1000;0.0;0;1.0000;0;0
600;2012-08-26 19:40:00;172602N232;147;16.069;41;221;222;221;219;1.009;50.00;360.3;0.161;335.2;0.255;0.0;0.000;60;0;0;1.382;0.911;0.736;16;70;66;50.00;50.00;50.00;4045;1000;0.0;0;1.0000;0;0
600;2012-08-26 19:50:00;172602N232;117;16.090;41;221;222;221;219;0.921;49.99;365.4;0.137;380.6;0.146;0.0;0.000;60;0;0;1.312;0.743;0.710;1;62;58;49.99;49.99;49.99;4045;1000;0.0;0;1.0000;0;0
600;2012-08-26 20:00:00;172602N232;61;16.101;40;221;222;221;220;0.710;49.98;337.0;0.068;350.2;0.069;0.0;0.000;60;0;0;0.889;0.666;0.575;1;34;39;49.98;49.98;49.98;4045;1000;0.0;0;1.0000;0;0
600;2012-08-26 20:10:00;172602N232;19;16.104;40;221;221;222;220;0.401;50.00;295.8;0.014;287.4;0.019;0.0;0.000;60;0;0;0.466;0.440;0.298;2;9;15;50.00;50.00;50.00;4045;1000;0.0;0;1.0000;0;0
600;2012-08-26 20:20:00;172602N232;4;16.104;39;221;223;221;219;0.184;50.00;251.1;0.000;252.6;0.000;0.0;0.000;60;0;0;0.243;0.164;0.145;0;8;7;50.00;50.00;50.00;4045;1000;0.0;0;1.0000;0;0
600;2012-08-26 20:30:00;172602N232;0;16.105;38;222;223;222;220;0.004;50.01;254.9;0.000;254.9;0.000;0.0;0.000;50;0;0;0.011;0.001;0.002;0;0;0;50.01;50.01;50.01;4045;1000;0.0;0;1.0000;0;0
600;2012-08-26 20:40:00;172602N232;0;16.105;37;221;222;223;218;0.000;50.00;231.2;0.000;232.2;0.000;0.0;0.000;50;0;0;0.000;0.000;0.000;0;0;0;50.00;50.00;50.00;4045;1000;0.0;0;1.0000;0;0
600;2012-08-26 20:50:00;172602N232;0;16.105;35;221;221;224;218;0.000;50.01;229.0;0.000;229.9;0.000;0.0;0.000;50;0;0;0.000;0.000;0.000;0;0;0;50.01;50.01;50.01;4045;1000;0.0;0;1.0000;0;0
[wr_ende]
