20140921;230004;172602N232;My Plant;+0100
[wr_def_start]
172602N232;Inverter Type;Inverter Group;72602N232      
[wr_def_end]
[wr]
INTERVAL;TIMESTAMP;SERIAL;P_AC;E_DAY;T_WR;U_AC;U_AC_1;U_AC_2;U_AC_3;I_AC;F_AC;U_DC_1;I_DC_1;U_DC_2;I_DC_2;U_DC_3;I_DC_3;S;E_WR;M_WR;I_AC_1;I_AC_2;I_AC_3;P_AC_1;P_AC_2;P_AC_3;F_AC_1;F_AC_2;F_AC_3;R_DC;PC;PCS;PCS_LL;COS_PHI;COS_PHI_LL;S_COS_PHI
600;2014-09-21 06:30:00;172602N232;0;0.000;0;3;3;3;3;0.000;0.76;3.4;0.000;3.4;0.000;0.0;0.000;50;0;0;0.000;0.000;0.000;0;0;0;0.76;0.76;0.76;37;1000;0.0;0;1.0000;0;0
600;2014-09-21 06:40:00;172602N232;0;0.000;27;226;227;229;223;0.000;50.01;228.7;0.000;229.6;0.000;0.0;0.000;50;0;0;0.000;0.000;0.000;0;0;0;50.01;50.01;50.01;0;1000;0.0;0;1.0000;0;0
600;2014-09-21 06:50:00;172602N232;0;0.000;28;227;228;229;224;0.000;50.01;252.7;0.000;253.4;0.000;0.0;0.000;50;0;0;0.000;0.000;0.000;0;0;0;50.01;50.01;50.01;0;1000;0.0;0;1.0000;0;0
600;2014-09-21 07:00:00;172602N232;1;0.000;29;227;227;228;225;0.080;50.01;273.6;0.000;276.8;0.000;0.0;0.000;60;0;0;0.107;0.078;0.055;0;1;3;50.01;50.01;50.01;3355;1000;0.0;0;1.0000;0;0
600;2014-09-21 07:10:00;172602N232;12;0.002;29;226;226;228;225;0.307;50.00;273.2;0.004;297.5;0.008;0.0;0.000;60;0;0;0.394;0.352;0.175;7;1;11;50.00;50.00;50.00;3986;1000;0.0;0;1.0000;0;0
600;2014-09-21 07:20:00;172602N232;18;0.006;30;226;226;228;224;0.390;50.00;303.5;0.010;314.5;0.014;0.0;0.000;60;0;0;0.423;0.478;0.271;7;2;18;50.00;50.00;50.00;3986;1000;0.0;0;1.0000;0;0
600;2014-09-21 07:30:00;172602N232;22;0.010;30;227;227;228;225;0.480;50.00;320.1;0.017;329.9;0.018;0.0;0.000;60;0;0;0.516;0.597;0.327;7;3;22;50.00;50.00;50.00;3986;1000;0.0;0;1.0000;0;0
600;2014-09-21 07:40:00;172602N232;34;0.018;30;225;225;227;225;0.528;50.01;340.0;0.030;348.3;0.032;0.0;0.000;60;0;0;0.640;0.637;0.309;22;1;20;50.01;50.01;50.01;3986;1000;0.0;0;1.0000;0;0
600;2014-09-21 07:50:00;172602N232;55;0.025;31;224;224;225;223;0.761;49.99;366.1;0.057;369.5;0.059;0.0;0.000;60;0;0;0.773;0.925;0.585;7;11;41;49.99;49.99;49.99;3986;1000;0.0;0;1.0000;0;0
600;2014-09-21 08:00:00;172602N232;101;0.041;31;224;224;226;223;0.904;49.99;392.2;0.118;394.8;0.107;0.0;0.000;60;0;0;0.782;1.203;0.727;30;7;63;49.99;49.99;49.99;3986;1000;0.0;0;1.0000;0;0
600;2014-09-21 08:10:00;172602N232;133;0.063;32;224;222;226;223;0.989;49.99;401.1;0.157;403.4;0.142;0.0;0.000;60;0;0;0.775;1.410;0.782;45;14;72;49.99;49.99;49.99;3986;1000;0.0;0;1.0000;0;0
600;2014-09-21 08:20:00;172602N232;159;0.090;32;224;223;226;222;0.942;49.99;407.1;0.186;409.3;0.168;0.0;0.000;60;0;0;0.726;1.372;0.730;30;45;82;49.99;49.99;49.99;3986;1000;0.0;0;1.0000;0;0
600;2014-09-21 08:30:00;172602N232;183;0.121;32;223;223;225;223;0.919;49.99;429.8;0.206;418.6;0.187;0.0;0.000;60;0;0;0.727;1.350;0.680;31;70;80;49.99;49.99;49.99;3986;1000;0.0;0;1.0000;0;0
600;2014-09-21 08:40:00;172602N232;222;0.158;33;224;223;225;222;1.062;50.03;435.7;0.267;438.9;0.208;0.0;0.000;60;0;0;1.139;1.289;0.760;56;82;82;50.03;50.03;50.03;3986;1000;0.0;0;1.0000;0;0
600;2014-09-21 08:50:00;172602N232;350;0.216;33;223;223;225;222;1.153;49.99;345.7;0.726;458.0;0.231;0.0;0.000;60;0;0;1.176;1.253;1.030;102;119;127;49.99;49.99;49.99;3986;1000;0.0;0;1.0000;0;0
600;2014-09-21 09:00:00;172602N232;568;0.311;33;222;223;223;222;1.169;49.99;374.6;1.193;436.9;0.275;0.0;0.000;60;0;0;1.198;1.187;1.124;181;199;186;49.99;49.99;49.99;3986;1000;0.0;0;1.0000;0;0
600;2014-09-21 09:10:00;172602N232;802;0.445;34;222;222;222;221;1.260;49.99;441.2;1.497;426.7;0.320;0.0;0.000;60;0;0;1.225;1.284;1.272;255;275;270;49.99;49.99;49.99;3986;1000;0.0;0;1.0000;0;0
600;2014-09-21 09:20:00;172602N232;1155;0.638;34;222;223;222;222;1.805;49.99;423.3;2.015;334.1;1.024;0.0;0.000;60;0;0;1.776;1.822;1.817;374;391;387;49.99;49.99;49.99;3986;1000;0.0;0;1.0000;0;0
600;2014-09-21 09:30:00;172602N232;1424;0.874;35;222;221;223;222;2.187;49.98;417.7;2.210;321.9;1.620;0.0;0.000;60;0;0;2.161;2.208;2.194;463;482;476;49.98;49.98;49.98;3986;1000;0.0;0;1.0000;0;0
600;2014-09-21 09:40:00;172602N232;1621;1.146;35;222;221;224;222;2.469;49.99;414.9;2.348;308.7;2.155;0.0;0.000;60;0;0;2.413;2.518;2.478;523;555;541;49.99;49.99;49.99;3986;1000;0.0;0;1.0000;0;0
600;2014-09-21 09:50:00;172602N232;1717;1.432;36;222;222;223;221;2.608;49.99;412.7;2.429;320.6;2.319;0.0;0.000;60;0;0;2.564;2.650;2.610;560;584;570;49.99;49.99;49.99;3986;1000;0.0;0;1.0000;0;0
600;2014-09-21 10:00:00;172602N232;1649;1.707;37;227;226;230;225;2.446;49.99;410.8;2.263;374.8;2.041;0.0;0.000;60;0;0;2.383;2.512;2.445;531;572;544;49.99;49.99;49.99;3986;1000;0.0;0;1.0000;0;0
600;2014-09-21 10:10:00;172602N232;1345;1.931;37;227;226;229;226;2.007;50.00;414.6;1.739;397.0;1.649;0.0;0.000;60;0;0;1.950;2.058;2.015;432;465;446;50.00;50.00;50.00;3986;1000;0.0;0;1.0000;0;0
600;2014-09-21 10:20:00;172602N232;1124;2.119;38;226;227;228;223;1.689;50.00;415.1;1.396;412.5;1.335;0.0;0.000;60;0;0;1.636;1.740;1.691;363;391;369;50.00;50.00;50.00;3986;1000;0.0;0;1.0000;0;0
600;2014-09-21 10:30:00;172602N232;2230;2.492;38;228;227;233;225;3.294;50.00;413.0;2.912;380.7;2.804;0.0;0.000;60;0;0;3.218;3.405;3.261;718;784;727;50.00;50.00;50.00;3986;1000;0.0;0;1.0000;0;0
600;2014-09-21 10:40:00;172602N232;2033;2.830;39;226;225;229;225;3.052;50.00;405.2;2.660;386.9;2.580;0.0;0.000;60;0;0;2.983;3.114;3.061;655;704;671;50.00;50.00;50.00;3986;1000;0.0;0;1.0000;0;0
600;2014-09-21 10:50:00;172602N232;2062;3.174;39;226;224;229;225;3.058;49.99;408.2;2.635;398.9;2.550;0.0;0.000;60;0;0;2.969;3.139;3.067;660;715;685;49.99;49.99;49.99;3986;1000;0.0;0;1.0000;0;0
600;2014-09-21 11:00:00;172602N232;2799;3.641;40;227;224;231;225;4.125;49.99;407.9;3.567;396.6;3.503;0.0;0.000;60;0;0;4.020;4.235;4.120;898;975;923;49.99;49.99;49.99;3986;1000;0.0;0;1.0000;0;0
600;2014-09-21 11:10:00;172602N232;1024;3.811;40;224;223;227;223;1.568;49.99;410.9;1.258;407.1;1.244;0.0;0.000;60;0;0;1.504;1.624;1.578;323;357;342;49.99;49.99;49.99;3986;1000;0.0;0;1.0000;0;0
600;2014-09-21 11:20:00;172602N232;2417;4.215;40;224;223;229;221;3.595;49.99;412.6;2.959;414.9;2.912;0.0;0.000;60;0;0;3.520;3.707;3.558;784;849;782;49.99;49.99;49.99;3986;1000;0.0;0;1.0000;0;0
600;2014-09-21 11:30:00;172602N232;3180;4.745;40;226;225;230;223;4.693;49.99;406.3;3.978;405.3;3.948;0.0;0.000;60;0;0;4.605;4.819;4.655;1033;1110;1035;49.99;49.99;49.99;3986;1000;0.0;0;1.0000;0;0
600;2014-09-21 11:40:00;172602N232;2063;5.090;40;224;224;227;222;3.078;49.99;404.0;2.567;404.7;2.531;0.0;0.000;60;0;0;3.009;3.152;3.074;667;716;679;49.99;49.99;49.99;3986;1000;0.0;0;1.0000;0;0
600;2014-09-21 11:50:00;172602N232;1707;5.374;40;224;224;226;223;2.599;50.00;401.2;2.131;400.0;2.124;0.0;0.000;60;0;0;2.569;2.641;2.588;552;589;565;50.00;50.00;50.00;3986;1000;0.0;0;1.0000;0;0
600;2014-09-21 12:00:00;172602N232;3826;6.012;40;227;226;231;223;5.634;50.00;407.4;4.781;408.1;4.741;0.0;0.000;60;0;0;5.554;5.778;5.571;1251;1333;1239;50.00;50.00;50.00;3986;1000;0.0;0;1.0000;0;0
600;2014-09-21 12:10:00;172602N232;3186;6.544;40;226;226;230;223;4.696;49.99;396.3;4.086;393.2;4.082;0.0;0.000;60;0;0;4.646;4.809;4.633;1048;1106;1029;49.99;49.99;49.99;3986;1000;0.0;0;1.0000;0;0
600;2014-09-21 12:20:00;172602N232;1333;6.767;41;225;225;228;222;2.014;50.00;406.6;1.653;402.3;1.656;0.0;0.000;60;0;0;1.964;2.076;2.003;430;463;437;50.00;50.00;50.00;3986;1000;0.0;0;1.0000;0;0
600;2014-09-21 12:30:00;172602N232;2719;7.219;40;226;226;228;223;4.021;50.00;406.4;3.377;407.2;3.358;0.0;0.000;60;0;0;3.973;4.101;3.990;894;935;887;50.00;50.00;50.00;3986;1000;0.0;0;1.0000;0;0
600;2014-09-21 12:40:00;172602N232;3854;7.861;41;225;225;229;223;5.698;50.02;399.8;4.910;400.3;4.865;0.0;0.000;60;0;0;5.619;5.824;5.653;1262;1332;1256;50.02;50.02;50.02;3986;1000;0.0;0;1.0000;0;0
600;2014-09-21 12:50:00;172602N232;2794;8.326;41;226;226;228;224;4.125;50.01;395.6;3.567;395.7;3.536;0.0;0.000;60;0;0;4.065;4.204;4.108;915;960;916;50.01;50.01;50.01;3986;1000;0.0;0;1.0000;0;0
600;2014-09-21 13:00:00;172602N232;2933;8.816;41;226;225;229;224;4.325;50.02;392.1;3.778;393.7;3.744;0.0;0.000;60;0;0;4.249;4.416;4.311;955;1016;963;50.02;50.02;50.02;3986;1000;0.0;0;1.0000;0;0
600;2014-09-21 13:10:00;172602N232;3447;9.390;41;228;227;231;225;5.045;50.00;399.9;4.369;400.7;4.330;0.0;0.000;60;0;0;4.978;5.161;4.997;1128;1192;1123;50.00;50.00;50.00;3986;1000;0.0;0;1.0000;0;0
600;2014-09-21 13:20:00;172602N232;3079;9.904;41;227;227;230;225;4.537;50.01;396.0;3.939;397.9;3.897;0.0;0.000;60;0;0;4.474;4.630;4.508;1005;1065;1008;50.01;50.01;50.01;3986;1000;0.0;0;1.0000;0;0
600;2014-09-21 13:30:00;172602N232;2952;10.396;42;228;228;231;225;4.323;50.02;393.7;3.786;394.5;3.768;0.0;0.000;60;0;0;4.259;4.417;4.295;967;1019;964;50.02;50.02;50.02;3986;1000;0.0;0;1.0000;0;0
600;2014-09-21 13:40:00;172602N232;2784;10.860;42;228;228;231;225;4.161;50.01;399.0;3.497;400.7;3.457;0.0;0.000;60;0;0;4.112;4.264;4.107;911;965;905;50.01;50.01;50.01;3986;1000;0.0;0;1.0000;0;0
600;2014-09-21 13:50:00;172602N232;2189;11.225;42;227;226;229;225;3.247;49.99;399.8;2.781;396.1;2.783;0.0;0.000;60;0;0;3.191;3.318;3.234;712;756;719;49.99;49.99;49.99;3986;1000;0.0;0;1.0000;0;0
600;2014-09-21 14:00:00;172602N232;3815;11.860;42;227;226;230;224;5.615;49.99;401.6;4.843;401.9;4.796;0.0;0.000;60;0;0;5.534;5.742;5.571;1249;1322;1244;49.99;49.99;49.99;3986;1000;0.0;0;1.0000;0;0
600;2014-09-21 14:10:00;172602N232;3844;12.501;42;226;225;230;223;5.670;49.99;394.5;4.962;394.9;4.919;0.0;0.000;60;0;0;5.586;5.804;5.620;1258;1333;1253;49.99;49.99;49.99;3986;1000;0.0;0;1.0000;0;0
600;2014-09-21 14:20:00;172602N232;2969;12.997;43;226;226;229;223;4.385;50.00;392.2;3.857;390.2;3.841;0.0;0.000;60;0;0;4.332;4.486;4.338;975;1028;963;50.00;50.00;50.00;3986;1000;0.0;0;1.0000;0;0
600;2014-09-21 14:30:00;172602N232;1192;13.195;42;224;224;225;222;1.809;50.01;398.3;1.480;397.1;1.470;0.0;0.000;60;0;0;1.764;1.851;1.812;385;409;394;50.01;50.01;50.01;3986;1000;0.0;0;1.0000;0;0
600;2014-09-21 14:40:00;172602N232;1306;13.414;42;224;224;226;222;1.984;49.99;401.1;1.620;403.7;1.594;0.0;0.000;60;0;0;1.936;2.031;1.986;424;448;432;49.99;49.99;49.99;3986;1000;0.0;0;1.0000;0;0
600;2014-09-21 14:50:00;172602N232;2883;13.893;42;224;225;227;221;4.279;50.00;403.4;3.600;401.9;3.580;0.0;0.000;60;0;0;4.223;4.372;4.243;947;996;939;50.00;50.00;50.00;3986;1000;0.0;0;1.0000;0;0
600;2014-09-21 15:00:00;172602N232;1740;14.183;42;224;224;227;220;2.709;50.00;401.1;2.162;401.4;2.137;0.0;0.000;60;0;0;2.679;2.793;2.657;567;604;567;50.00;50.00;50.00;3986;1000;0.0;0;1.0000;0;0
600;2014-09-21 15:10:00;172602N232;962;14.343;42;223;224;226;221;1.508;49.99;401.6;1.193;401.3;1.173;0.0;0.000;60;0;0;1.461;1.565;1.499;309;334;315;49.99;49.99;49.99;3986;1000;0.0;0;1.0000;0;0
600;2014-09-21 15:20:00;172602N232;3247;14.884;42;226;225;229;223;4.805;49.99;409.5;4.032;410.3;3.990;0.0;0.000;60;0;0;4.726;4.933;4.758;1060;1126;1056;49.99;49.99;49.99;3986;1000;0.0;0;1.0000;0;0
600;2014-09-21 15:30:00;172602N232;1972;15.213;42;224;224;227;222;2.946;49.99;404.9;2.457;402.3;2.444;0.0;0.000;60;0;0;2.880;3.031;2.928;640;686;644;49.99;49.99;49.99;3986;1000;0.0;0;1.0000;0;0
600;2014-09-21 15:40:00;172602N232;2858;15.689;42;225;225;229;222;4.238;50.01;403.5;3.589;403.7;3.565;0.0;0.000;60;0;0;4.170;4.345;4.201;935;991;930;50.01;50.01;50.01;3986;1000;0.0;0;1.0000;0;0
600;2014-09-21 15:50:00;172602N232;2085;16.037;43;225;225;227;222;3.198;50.00;398.6;2.621;400.8;2.600;0.0;0.000;60;0;0;3.197;3.251;3.146;688;716;678;50.00;50.00;50.00;3986;1000;0.0;0;1.0000;0;0
600;2014-09-21 16:00:00;172602N232;2986;16.534;43;225;225;229;222;4.432;50.00;409.4;3.671;403.2;3.753;0.0;0.000;60;0;0;4.366;4.536;4.395;980;1033;972;50.00;50.00;50.00;3986;1000;0.0;0;1.0000;0;0
600;2014-09-21 16:10:00;172602N232;1973;16.864;43;224;225;227;222;2.951;50.00;395.4;2.455;402.4;2.521;0.0;0.000;60;0;0;2.897;3.024;2.934;645;681;645;50.00;50.00;50.00;3986;1000;0.0;0;1.0000;0;0
600;2014-09-21 16:20:00;172602N232;1632;17.136;43;224;224;227;221;2.480;49.99;385.4;2.048;400.1;2.117;0.0;0.000;60;0;0;2.435;2.553;2.452;528;570;532;49.99;49.99;49.99;3986;1000;0.0;0;1.0000;0;0
600;2014-09-21 16:30:00;172602N232;1419;17.372;43;224;223;227;222;2.174;50.00;381.5;1.806;404.3;1.839;0.0;0.000;60;0;0;2.104;2.244;2.174;454;493;469;50.00;50.00;50.00;3986;1000;0.0;0;1.0000;0;0
600;2014-09-21 16:40:00;172602N232;1512;17.625;43;225;225;227;222;2.265;50.02;394.3;1.892;411.5;1.871;0.0;0.000;60;0;0;2.212;2.328;2.255;492;523;494;50.02;50.02;50.02;3986;1000;0.0;0;1.0000;0;0
600;2014-09-21 16:50:00;172602N232;722;17.744;42;223;223;225;221;1.447;50.02;392.7;0.914;394.9;0.903;0.0;0.000;60;0;0;1.438;1.505;1.399;224;253;243;50.02;50.02;50.02;3986;1000;0.0;0;1.0000;0;0
600;2014-09-21 17:00:00;172602N232;680;17.858;42;223;221;226;222;1.096;50.01;402.0;0.874;404.5;0.792;0.0;0.000;60;0;0;1.028;1.147;1.115;209;240;229;50.01;50.01;50.01;3986;1000;0.0;0;1.0000;0;0
600;2014-09-21 17:10:00;172602N232;593;17.957;42;223;221;226;222;1.258;50.00;371.0;0.920;381.2;0.729;0.0;0.000;60;0;0;1.223;1.366;1.185;184;208;199;50.00;50.00;50.00;3986;1000;0.0;0;1.0000;0;0
600;2014-09-21 17:20:00;172602N232;385;18.022;42;222;222;223;221;1.077;49.99;438.8;0.300;305.1;0.857;0.0;0.000;60;0;0;1.117;1.124;0.990;112;142;130;49.99;49.99;49.99;3986;1000;0.0;0;1.0000;0;0
600;2014-09-21 17:30:00;172602N232;262;18.065;41;222;221;225;221;1.101;49.99;421.9;0.245;382.7;0.410;0.0;0.000;60;0;0;1.002;1.354;0.947;78;78;104;49.99;49.99;49.99;3986;1000;0.0;0;1.0000;0;0
600;2014-09-21 17:40:00;172602N232;218;18.102;41;222;221;224;221;1.005;50.02;395.4;0.221;435.5;0.264;0.0;0.000;60;0;0;1.028;1.188;0.801;65;65;86;50.02;50.02;50.02;3986;1000;0.0;0;1.0000;0;0
600;2014-09-21 17:50:00;172602N232;168;18.130;40;221;221;223;219;0.970;50.03;386.0;0.171;418.6;0.207;0.0;0.000;60;0;0;1.003;1.187;0.720;38;51;77;50.03;50.03;50.03;3986;1000;0.0;0;1.0000;0;0
600;2014-09-21 18:00:00;172602N232;140;18.153;40;220;221;221;219;0.934;50.01;384.1;0.146;399.8;0.176;0.0;0.000;60;0;0;1.242;0.853;0.707;19;56;66;50.01;50.01;50.01;3986;1000;0.0;0;1.0000;0;0
600;2014-09-21 18:10:00;172602N232;118;18.174;40;219;221;218;219;0.895;50.00;370.8;0.127;391.2;0.150;0.0;0.000;60;0;0;1.250;0.727;0.710;8;61;51;50.00;50.00;50.00;3986;1000;0.0;0;1.0000;0;0
600;2014-09-21 18:20:00;172602N232;100;18.190;39;219;221;219;218;0.917;49.98;360.2;0.113;382.0;0.125;0.0;0.000;60;0;0;1.347;0.715;0.690;0;57;54;49.98;49.98;49.98;3986;1000;0.0;0;1.0000;0;0
600;2014-09-21 18:30:00;172602N232;80;18.203;39;219;221;218;219;0.857;49.97;355.4;0.088;375.8;0.096;0.0;0.000;60;0;0;1.299;0.642;0.632;0;53;44;49.97;49.97;49.97;3986;1000;0.0;0;1.0000;0;0
600;2014-09-21 18:40:00;172602N232;56;18.214;39;221;222;220;220;0.676;50.02;343.8;0.058;367.7;0.064;0.0;0.000;60;0;0;0.964;0.543;0.521;0;37;33;50.02;50.02;50.02;3986;1000;0.0;0;1.0000;0;0
600;2014-09-21 18:50:00;172602N232;29;18.218;38;220;221;222;219;0.535;50.03;310.7;0.024;337.8;0.029;0.0;0.000;60;0;0;0.677;0.538;0.391;3;14;25;50.03;50.03;50.03;3986;1000;0.0;0;1.0000;0;0
600;2014-09-21 19:00:00;172602N232;3;18.220;38;223;224;224;221;0.155;49.99;252.5;0.000;256.7;0.001;0.0;0.000;60;0;0;0.219;0.136;0.110;0;5;6;49.99;49.99;49.99;3986;1000;0.0;0;1.0000;0;0
600;2014-09-21 19:10:00;172602N232;0;18.220;37;223;223;226;221;0.000;49.98;263.9;0.000;263.8;0.000;0.0;0.000;50;0;0;0.001;0.000;0.000;0;0;0;49.98;49.98;49.98;3986;1000;0.0;0;1.0000;0;0
600;2014-09-21 19:20:00;172602N232;0;18.220;36;224;224;224;222;0.000;49.98;229.1;0.000;230.0;0.000;0.0;0.000;50;0;0;0.000;0.000;0.000;0;0;0;49.98;49.98;49.98;3986;1000;0.0;0;1.0000;0;0
600;2014-09-21 19:30:00;172602N232;0;18.220;35;223;225;223;222;0.000;49.97;221.7;0.000;222.7;0.000;0.0;0.000;80;0;0;0.000;0.000;0.000;0;0;0;49.97;49.97;49.97;3986;1000;0.0;0;1.0000;0;0
[wr_ende]
