20130315;230002;172602N232;My Plant;+0100
[wr_def_start]
172602N232;Inverter Type;Inverter Group;72602N232      
[wr_def_end]
[wr]
INTERVAL;TIMESTAMP;SERIAL;P_AC;E_DAY;T_WR;U_AC;U_AC_1;U_AC_2;U_AC_3;I_AC;F_AC;U_DC_1;I_DC_1;U_DC_2;I_DC_2;U_DC_3;I_DC_3;S;E_WR;M_WR;I_AC_1;I_AC_2;I_AC_3;P_AC_1;P_AC_2;P_AC_3;F_AC_1;F_AC_2;F_AC_3;R_DC;PC;PCS;PCS_LL;COS_PHI;COS_PHI_LL;S_COS_PHI
600;2013-03-15 06:10:00;172602N232;0;0.000;0;3;3;3;3;0.000;0.77;3.3;0.000;3.3;0.000;0.0;0.000;50;0;0;0.000;0.000;0.000;0;0;0;0.77;0.77;0.77;105;1000;0.0;0;1.0000;0;0
600;2013-03-15 06:20:00;172602N232;0;0.000;14;222;222;225;218;0.000;49.98;229.5;0.000;230.4;0.000;0.0;0.000;50;0;0;0.000;0.000;0.000;0;0;0;49.98;49.98;49.98;0;1000;0.0;0;1.0000;0;0
600;2013-03-15 06:30:00;172602N232;0;0.000;16;220;221;223;216;0.000;49.99;270.9;0.000;270.9;0.000;0.0;0.000;51;0;0;0.001;0.000;0.000;0;0;0;49.99;49.99;49.99;1284;1000;0.0;0;1.0000;0;0
600;2013-03-15 06:40:00;172602N232;2;0.000;16;220;221;221;219;0.081;49.97;280.8;0.000;279.8;0.000;0.0;0.000;60;0;0;0.108;0.072;0.065;0;3;3;49.97;49.97;49.97;14032;1000;0.0;0;1.0000;0;0
600;2013-03-15 06:50:00;172602N232;27;0.007;17;220;221;221;220;0.428;49.97;356.4;0.014;355.6;0.016;0.0;0.000;60;0;0;0.524;0.427;0.334;1;17;20;49.97;49.97;49.97;14694;1000;0.0;0;1.0000;0;0
600;2013-03-15 07:00:00;172602N232;54;0.016;17;221;221;222;220;0.603;50.05;399.3;0.043;411.0;0.044;0.0;0.000;60;0;0;0.694;0.655;0.461;5;21;30;50.05;50.05;50.05;14694;1000;0.0;0;1.0000;0;0
600;2013-03-15 07:10:00;172602N232;77;0.030;18;220;221;221;219;0.769;50.02;417.5;0.070;423.8;0.071;0.0;0.000;60;0;0;1.075;0.668;0.565;1;42;42;50.02;50.02;50.02;14694;1000;0.0;0;1.0000;0;0
600;2013-03-15 07:20:00;172602N232;102;0.047;18;221;222;222;220;0.898;50.01;432.7;0.097;430.7;0.097;0.0;0.000;60;0;0;1.218;0.788;0.689;3;50;52;50.01;50.01;50.01;14694;1000;0.0;0;1.0000;0;0
600;2013-03-15 07:30:00;172602N232;123;0.066;19;221;221;221;220;0.908;50.00;435.4;0.119;436.8;0.121;0.0;0.000;60;0;0;1.126;0.881;0.718;13;52;57;50.00;50.00;50.00;14694;1000;0.0;0;1.0000;0;0
600;2013-03-15 07:40:00;172602N232;145;0.089;20;220;220;221;219;0.942;50.00;444.0;0.142;445.9;0.142;0.0;0.000;60;0;0;0.951;1.108;0.767;27;38;77;50.00;50.00;50.00;14694;1000;0.0;0;1.0000;0;0
600;2013-03-15 07:50:00;172602N232;175;0.118;20;220;219;222;219;0.940;49.99;458.4;0.168;458.7;0.167;0.0;0.000;60;0;0;0.782;1.365;0.675;29;67;77;49.99;49.99;49.99;14694;1000;0.0;0;1.0000;0;0
600;2013-03-15 08:00:00;172602N232;226;0.155;21;220;220;222;220;1.034;50.03;484.0;0.226;483.9;0.193;0.0;0.000;60;0;0;1.117;1.232;0.754;68;81;74;50.03;50.03;50.03;14694;1000;0.0;0;1.0000;0;0
600;2013-03-15 08:10:00;172602N232;262;0.198;21;220;219;222;219;1.109;50.01;489.2;0.272;485.5;0.219;0.0;0.000;60;0;0;1.032;1.293;1.004;77;81;102;50.01;50.01;50.01;14694;1000;0.0;0;1.0000;0;0
600;2013-03-15 08:20:00;172602N232;269;0.245;22;220;220;221;217;1.132;50.03;407.5;0.380;495.1;0.221;0.0;0.000;60;0;0;1.224;1.236;0.938;61;102;104;50.03;50.03;50.03;14694;1000;0.0;0;1.0000;0;0
600;2013-03-15 08:30:00;172602N232;306;0.295;22;220;221;221;217;1.127;50.01;434.8;0.418;493.5;0.229;0.0;0.000;60;0;0;1.294;1.129;0.958;82;118;104;50.01;50.01;50.01;14694;1000;0.0;0;1.0000;0;0
600;2013-03-15 08:40:00;172602N232;306;0.346;22;220;220;222;218;1.119;50.02;470.8;0.347;482.8;0.257;0.0;0.000;60;0;0;1.217;1.144;0.996;94;102;108;50.02;50.02;50.02;14694;1000;0.0;0;1.0000;0;0
600;2013-03-15 08:50:00;172602N232;331;0.402;23;220;220;222;219;1.127;50.02;467.4;0.360;490.3;0.295;0.0;0.000;60;0;0;1.203;1.159;1.019;100;116;114;50.02;50.02;50.02;14694;1000;0.0;0;1.0000;0;0
600;2013-03-15 09:00:00;172602N232;361;0.463;23;222;222;224;221;1.145;50.03;475.2;0.382;497.6;0.321;0.0;0.000;60;0;0;1.158;1.211;1.066;105;128;127;50.03;50.03;50.03;14694;1000;0.0;0;1.0000;0;0
600;2013-03-15 09:10:00;172602N232;368;0.523;23;222;222;224;219;1.156;50.03;441.9;0.409;500.2;0.345;0.0;0.000;60;0;0;1.204;1.201;1.064;98;135;134;50.03;50.03;50.03;14694;1000;0.0;0;1.0000;0;0
600;2013-03-15 09:20:00;172602N232;370;0.586;23;220;220;223;218;1.169;50.02;473.2;0.343;397.5;0.567;0.0;0.000;60;0;0;1.159;1.277;1.071;104;126;138;50.02;50.02;50.02;14694;1000;0.0;0;1.0000;0;0
600;2013-03-15 09:30:00;172602N232;362;0.646;24;220;220;221;219;1.132;50.03;473.0;0.362;372.8;0.530;0.0;0.000;60;0;0;1.157;1.185;1.056;102;132;126;50.03;50.03;50.03;14694;1000;0.0;0;1.0000;0;0
600;2013-03-15 09:40:00;172602N232;379;0.709;24;220;220;221;219;1.114;50.03;465.4;0.372;487.4;0.385;0.0;0.000;60;0;0;1.144;1.150;1.048;109;142;126;50.03;50.03;50.03;14694;1000;0.0;0;1.0000;0;0
600;2013-03-15 09:50:00;172602N232;386;0.774;24;223;224;224;222;1.194;50.04;460.0;0.385;488.8;0.390;0.0;0.000;60;0;0;1.239;1.225;1.118;99;143;143;50.04;50.04;50.04;14694;1000;0.0;0;1.0000;0;0
600;2013-03-15 10:00:00;172602N232;395;0.840;24;223;223;224;222;1.120;50.01;467.1;0.404;479.4;0.391;0.0;0.000;60;0;0;1.146;1.160;1.054;113;148;132;50.01;50.01;50.01;14694;1000;0.0;0;1.0000;0;0
600;2013-03-15 10:10:00;172602N232;404;0.907;24;223;223;224;222;1.112;50.02;468.6;0.422;471.4;0.400;0.0;0.000;60;0;0;1.128;1.156;1.054;120;150;132;50.02;50.02;50.02;14694;1000;0.0;0;1.0000;0;0
600;2013-03-15 10:20:00;172602N232;411;0.976;24;223;223;225;222;1.111;50.03;474.4;0.430;465.5;0.407;0.0;0.000;60;0;0;1.124;1.156;1.055;124;153;132;50.03;50.03;50.03;14694;1000;0.0;0;1.0000;0;0
600;2013-03-15 10:30:00;172602N232;463;1.054;25;225;225;227;222;0.802;50.04;472.8;0.502;462.8;0.454;0.0;0.000;60;0;0;0.760;0.849;0.799;142;166;153;50.04;50.04;50.04;14694;1000;0.0;0;1.0000;0;0
600;2013-03-15 10:40:00;172602N232;472;1.132;25;225;225;228;223;1.027;50.04;483.1;0.520;459.4;0.446;0.0;0.000;60;0;0;1.007;1.086;0.988;149;171;150;50.04;50.04;50.04;14694;1000;0.0;0;1.0000;0;0
600;2013-03-15 10:50:00;172602N232;448;1.207;25;226;226;228;224;0.997;50.05;467.1;0.538;454.0;0.412;0.0;0.000;60;0;0;0.975;1.056;0.960;137;161;147;50.05;50.05;50.05;14694;1000;0.0;0;1.0000;0;0
600;2013-03-15 11:00:00;172602N232;785;1.339;25;225;225;227;224;1.320;50.02;401.8;1.900;452.0;0.432;0.0;0.000;60;0;0;1.299;1.351;1.311;251;272;260;50.02;50.02;50.02;14694;1000;0.0;0;1.0000;0;0
600;2013-03-15 11:10:00;172602N232;1587;1.603;25;224;225;225;223;2.375;50.02;336.4;4.148;458.7;0.447;0.0;0.000;60;0;0;2.342;2.412;2.373;523;539;524;50.02;50.02;50.02;14694;1000;0.0;0;1.0000;0;0
600;2013-03-15 11:20:00;172602N232;1950;1.928;26;223;223;225;222;2.926;50.02;414.4;4.204;468.7;0.456;0.0;0.000;60;0;0;2.876;2.980;2.923;637;665;645;50.02;50.02;50.02;14694;1000;0.0;0;1.0000;0;0
600;2013-03-15 11:30:00;172602N232;2111;2.280;26;224;224;225;222;3.168;50.01;430.2;4.430;478.1;0.441;0.0;0.000;60;0;0;3.130;3.213;3.162;694;717;698;50.01;50.01;50.01;14694;1000;0.0;0;1.0000;0;0
600;2013-03-15 11:40:00;172602N232;2235;2.654;27;224;224;227;222;3.344;50.00;425.5;4.569;279.5;1.167;0.0;0.000;60;0;0;3.297;3.410;3.325;732;767;734;50.00;50.00;50.00;14694;1000;0.0;0;1.0000;0;0
600;2013-03-15 11:50:00;172602N232;2821;3.124;27;224;223;226;222;4.225;50.01;423.6;4.622;266.7;3.384;0.0;0.000;60;0;0;4.182;4.297;4.197;929;965;925;50.01;50.01;50.01;14694;1000;0.0;0;1.0000;0;0
600;2013-03-15 12:00:00;172602N232;3377;3.686;30;222;221;224;220;5.084;49.99;421.1;4.689;318.3;4.569;0.0;0.000;60;0;0;5.042;5.150;5.060;1113;1148;1113;49.99;49.99;49.99;14694;1000;0.0;0;1.0000;0;0
600;2013-03-15 12:10:00;172602N232;3769;4.314;33;224;224;225;223;5.614;50.01;419.5;4.804;385.6;4.691;0.0;0.000;60;0;0;5.598;5.652;5.592;1252;1270;1245;50.01;50.01;50.01;14694;1000;0.0;0;1.0000;0;0
600;2013-03-15 12:20:00;172602N232;3987;4.979;34;225;225;228;223;5.896;50.02;417.0;4.865;419.7;4.792;0.0;0.000;60;0;0;5.834;5.999;5.855;1311;1367;1306;50.02;50.02;50.02;14694;1000;0.0;0;1.0000;0;0
600;2013-03-15 12:30:00;172602N232;3970;5.640;35;225;226;229;221;5.882;50.01;415.5;4.865;417.7;4.798;0.0;0.000;60;0;0;5.850;6.017;5.781;1318;1374;1276;50.01;50.01;50.01;14694;1000;0.0;0;1.0000;0;0
600;2013-03-15 12:40:00;172602N232;3881;6.290;36;226;226;229;222;5.744;50.01;414.3;4.769;417.0;4.699;0.0;0.000;60;0;0;5.712;5.839;5.681;1287;1333;1260;50.01;50.01;50.01;14694;1000;0.0;0;1.0000;0;0
600;2013-03-15 12:50:00;172602N232;3929;6.943;37;226;225;229;224;5.796;50.01;414.7;4.834;414.9;4.769;0.0;0.000;60;0;0;5.732;5.890;5.767;1287;1348;1291;50.01;50.01;50.01;14694;1000;0.0;0;1.0000;0;0
600;2013-03-15 13:00:00;172602N232;3900;7.593;37;224;223;227;221;5.822;49.99;414.5;4.799;414.7;4.738;0.0;0.000;60;0;0;5.791;5.928;5.749;1290;1342;1266;49.99;49.99;49.99;14694;1000;0.0;0;1.0000;0;0
600;2013-03-15 13:10:00;172602N232;3869;8.238;38;224;223;226;222;5.767;50.01;413.9;4.761;415.6;4.699;0.0;0.000;60;0;0;5.721;5.860;5.722;1277;1324;1267;50.01;50.01;50.01;14694;1000;0.0;0;1.0000;0;0
600;2013-03-15 13:20:00;172602N232;3845;8.879;38;225;225;228;222;5.700;50.01;412.8;4.744;414.3;4.680;0.0;0.000;60;0;0;5.669;5.787;5.644;1274;1317;1252;50.01;50.01;50.01;14694;1000;0.0;0;1.0000;0;0
600;2013-03-15 13:30:00;172602N232;3820;9.517;39;223;222;225;221;5.725;50.00;414.4;4.702;414.3;4.642;0.0;0.000;60;0;0;5.688;5.788;5.701;1262;1298;1257;50.00;50.00;50.00;14694;1000;0.0;0;1.0000;0;0
600;2013-03-15 13:40:00;172602N232;3795;10.149;38;223;222;225;222;5.677;50.00;414.3;4.662;415.5;4.609;0.0;0.000;60;0;0;5.630;5.746;5.656;1250;1294;1250;50.00;50.00;50.00;14694;1000;0.0;0;1.0000;0;0
600;2013-03-15 13:50:00;172602N232;3740;10.772;36;224;223;226;222;5.582;50.02;413.3;4.613;413.3;4.559;0.0;0.000;60;0;0;5.535;5.663;5.550;1233;1278;1227;50.02;50.02;50.02;14694;1000;0.0;0;1.0000;0;0
600;2013-03-15 14:00:00;172602N232;3655;11.382;36;224;223;226;223;5.449;50.01;414.0;4.497;413.8;4.450;0.0;0.000;60;0;0;5.408;5.500;5.441;1203;1242;1209;50.01;50.01;50.01;14694;1000;0.0;0;1.0000;0;0
600;2013-03-15 14:10:00;172602N232;3616;11.985;37;224;224;226;223;5.384;50.00;414.3;4.437;414.9;4.393;0.0;0.000;60;0;0;5.362;5.440;5.352;1197;1227;1189;50.00;50.00;50.00;14694;1000;0.0;0;1.0000;0;0
600;2013-03-15 14:20:00;172602N232;3559;12.578;38;225;224;227;224;5.288;50.01;415.7;4.354;417.0;4.304;0.0;0.000;60;0;0;5.243;5.339;5.284;1169;1207;1181;50.01;50.01;50.01;14694;1000;0.0;0;1.0000;0;0
600;2013-03-15 14:30:00;172602N232;3465;13.156;39;226;224;228;224;5.135;50.01;416.2;4.234;417.0;4.187;0.0;0.000;60;0;0;5.071;5.212;5.123;1133;1186;1144;50.01;50.01;50.01;14694;1000;0.0;0;1.0000;0;0
600;2013-03-15 14:40:00;172602N232;3356;13.715;39;226;225;230;224;4.963;50.01;416.8;4.091;417.9;4.050;0.0;0.000;60;0;0;4.891;5.058;4.942;1094;1157;1102;50.01;50.01;50.01;14694;1000;0.0;0;1.0000;0;0
600;2013-03-15 14:50:00;172602N232;3262;14.259;38;226;225;229;224;4.837;50.02;418.8;3.959;419.4;3.916;0.0;0.000;60;0;0;4.763;4.928;4.820;1065;1122;1073;50.02;50.02;50.02;14694;1000;0.0;0;1.0000;0;0
600;2013-03-15 15:00:00;172602N232;3125;14.780;38;226;226;228;224;4.621;50.01;419.1;3.790;419.2;3.749;0.0;0.000;60;0;0;4.577;4.682;4.606;1029;1066;1029;50.01;50.01;50.01;14694;1000;0.0;0;1.0000;0;0
600;2013-03-15 15:10:00;172602N232;3009;15.282;38;225;226;229;222;4.468;50.00;417.7;3.659;418.7;3.615;0.0;0.000;60;0;0;4.429;4.548;4.429;993;1036;979;50.00;50.00;50.00;14694;1000;0.0;0;1.0000;0;0
600;2013-03-15 15:20:00;172602N232;2886;15.763;38;226;226;227;223;4.287;50.00;420.1;3.488;420.4;3.448;0.0;0.000;60;0;0;4.278;4.331;4.254;962;978;944;50.00;50.00;50.00;14694;1000;0.0;0;1.0000;0;0
600;2013-03-15 15:30:00;172602N232;2771;16.225;38;224;225;226;222;4.140;49.99;422.0;3.333;421.9;3.296;0.0;0.000;60;0;0;4.142;4.185;4.093;927;938;904;49.99;49.99;49.99;14694;1000;0.0;0;1.0000;0;0
600;2013-03-15 15:40:00;172602N232;2521;16.645;38;224;225;227;220;3.767;49.99;427.7;2.973;423.3;3.003;0.0;0.000;60;0;0;3.757;3.845;3.700;841;866;811;49.99;49.99;49.99;14694;1000;0.0;0;1.0000;0;0
600;2013-03-15 15:50:00;172602N232;2457;17.055;37;225;226;228;221;3.653;50.00;434.6;2.821;425.7;2.933;0.0;0.000;60;0;0;3.631;3.732;3.598;816;846;793;50.00;50.00;50.00;14694;1000;0.0;0;1.0000;0;0
600;2013-03-15 16:00:00;172602N232;2277;17.434;37;223;224;226;219;3.416;49.99;422.2;2.636;426.4;2.772;0.0;0.000;60;0;0;3.403;3.498;3.347;759;786;730;49.99;49.99;49.99;14694;1000;0.0;0;1.0000;0;0
600;2013-03-15 16:10:00;172602N232;2010;17.769;37;222;223;224;219;3.031;50.03;406.6;2.386;427.1;2.465;0.0;0.000;60;0;0;3.009;3.086;2.999;667;689;652;50.03;50.03;50.03;14694;1000;0.0;0;1.0000;0;0
600;2013-03-15 16:20:00;172602N232;818;17.906;36;221;223;222;219;1.269;50.01;430.7;0.922;423.4;0.979;0.0;0.000;60;0;0;1.235;1.300;1.272;266;281;270;50.01;50.01;50.01;14694;1000;0.0;0;1.0000;0;0
600;2013-03-15 16:30:00;172602N232;682;18.019;36;221;223;222;219;1.067;50.00;424.3;0.787;428.3;0.793;0.0;0.000;60;0;0;1.029;1.100;1.074;219;235;226;50.00;50.00;50.00;14694;1000;0.0;0;1.0000;0;0
600;2013-03-15 16:40:00;172602N232;524;18.108;35;221;223;223;219;1.119;50.01;422.1;0.607;429.0;0.600;0.0;0.000;60;0;0;1.157;1.171;1.030;170;186;165;50.01;50.01;50.01;14694;1000;0.0;0;1.0000;0;0
600;2013-03-15 16:50:00;172602N232;549;18.199;35;222;222;225;219;1.022;50.00;429.7;0.622;434.5;0.625;0.0;0.000;60;0;0;1.022;1.077;0.968;170;198;179;50.00;50.00;50.00;14694;1000;0.0;0;1.0000;0;0
600;2013-03-15 17:00:00;172602N232;516;18.285;34;221;221;223;219;0.999;50.03;428.7;0.580;433.1;0.593;0.0;0.000;60;0;0;1.015;1.022;0.962;165;181;168;50.03;50.03;50.03;14694;1000;0.0;0;1.0000;0;0
600;2013-03-15 17:10:00;172602N232;419;18.355;34;221;222;224;219;0.743;50.02;422.3;0.480;430.8;0.477;0.0;0.000;60;0;0;0.696;0.789;0.744;126;150;142;50.02;50.02;50.02;14694;1000;0.0;0;1.0000;0;0
600;2013-03-15 17:20:00;172602N232;371;18.417;33;221;221;221;219;1.246;50.00;422.2;0.420;431.0;0.419;0.0;0.000;60;0;0;1.299;1.288;1.153;76;137;155;50.00;50.00;50.00;14694;1000;0.0;0;1.0000;0;0
600;2013-03-15 17:30:00;172602N232;321;18.471;33;221;223;222;217;1.154;50.00;419.7;0.362;429.4;0.360;0.0;0.000;60;0;0;1.363;1.128;0.972;84;122;113;50.00;50.00;50.00;14694;1000;0.0;0;1.0000;0;0
600;2013-03-15 17:40:00;172602N232;247;18.512;32;220;222;221;218;1.086;49.99;413.7;0.278;425.4;0.275;0.0;0.000;60;0;0;1.386;1.010;0.862;42;103;100;49.99;49.99;49.99;14694;1000;0.0;0;1.0000;0;0
600;2013-03-15 17:50:00;172602N232;161;18.539;32;220;221;222;216;0.986;50.00;402.4;0.180;419.2;0.175;0.0;0.000;60;0;0;1.220;0.994;0.746;14;65;81;50.00;50.00;50.00;14694;1000;0.0;0;1.0000;0;0
600;2013-03-15 18:00:00;172602N232;93;18.556;31;219;219;222;216;0.862;50.06;386.3;0.101;404.4;0.097;0.0;0.000;60;0;0;0.976;0.965;0.647;18;21;54;50.06;50.06;50.06;14694;1000;0.0;0;1.0000;0;0
600;2013-03-15 18:10:00;172602N232;18;18.558;31;218;218;220;216;0.359;50.03;296.2;0.012;295.3;0.014;0.0;0.000;60;0;0;0.391;0.458;0.228;9;0;15;50.03;50.03;50.03;14694;1000;0.0;0;1.0000;0;0
600;2013-03-15 18:20:00;172602N232;0;18.558;30;217;217;218;216;0.006;49.97;261.5;0.000;261.2;0.000;0.0;0.000;50;0;0;0.012;0.007;0.001;0;0;0;49.97;49.97;49.97;14694;1000;0.0;0;1.0000;0;0
600;2013-03-15 18:30:00;172602N232;0;18.558;28;217;217;219;214;0.000;49.98;230.5;0.000;231.5;0.000;0.0;0.000;50;0;0;0.000;0.000;0.000;0;0;0;49.98;49.98;49.98;14694;1000;0.0;0;1.0000;0;0
600;2013-03-15 18:40:00;172602N232;0;18.558;26;217;218;218;216;0.000;49.96;229.3;0.000;230.2;0.000;0.0;0.000;50;0;0;0.000;0.000;0.000;0;0;0;49.96;49.96;49.96;14694;1000;0.0;0;1.0000;0;0
[wr_ende]
