20161219;230003;172602N232;My Plant;+0100
[wr_def_start]
172602N232;Inverter Type;Inverter Group;72602N232      
[wr_def_end]
[wr]
INTERVAL;TIMESTAMP;SERIAL;P_AC;E_DAY;T_WR;U_AC;U_AC_1;U_AC_2;U_AC_3;I_AC;F_AC;U_DC_1;I_DC_1;U_DC_2;I_DC_2;U_DC_3;I_DC_3;S;E_WR;M_WR;I_AC_1;I_AC_2;I_AC_3;P_AC_1;P_AC_2;P_AC_3;F_AC_1;F_AC_2;F_AC_3;R_DC;PC;PCS;PCS_LL;COS_PHI;COS_PHI_LL;S_COS_PHI
600;2016-12-19 07:40:00;172602N232;0;0.000;0;2;2;2;2;0.000;0.61;2.7;0.000;2.7;0.000;0.0;0.000;50;0;0;0.000;0.000;0.000;0;0;0;0.61;0.61;0.61;52;1000;0.0;0;1.0000;0;0
600;2016-12-19 07:50:00;172602N232;0;0.000;14;223;224;225;219;0.000;49.99;229.1;0.000;230.0;0.000;0.0;0.000;50;0;0;0.000;0.000;0.000;0;0;0;49.99;49.99;49.99;0;1000;0.0;0;1.0000;0;0
600;2016-12-19 08:00:00;172602N232;0;0.000;16;223;224;227;219;0.000;49.99;235.2;0.000;236.1;0.000;0.0;0.000;50;0;0;0.000;0.000;0.000;0;0;0;49.99;49.99;49.99;0;1000;0.0;0;1.0000;0;0
600;2016-12-19 08:10:00;172602N232;0;0.000;17;223;223;226;220;0.001;49.99;279.5;0.000;279.3;0.000;0.0;0.000;60;0;0;0.001;0.001;0.001;0;0;0;49.99;49.99;49.99;916;1000;0.0;0;1.0000;0;0
600;2016-12-19 08:20:00;172602N232;2;0.000;17;223;223;224;222;0.083;50.01;272.0;0.000;271.1;0.000;0.0;0.000;60;0;0;0.086;0.107;0.057;1;0;3;50.01;50.01;50.01;4849;1000;0.0;0;1.0000;0;0
600;2016-12-19 08:30:00;172602N232;24;0.005;18;223;224;224;222;0.429;50.00;331.7;0.016;319.1;0.018;0.0;0.000;60;0;0;0.494;0.475;0.319;1;9;21;50.00;50.00;50.00;4903;1000;0.0;0;1.0000;0;0
600;2016-12-19 08:40:00;172602N232;44;0.013;18;223;224;224;222;0.564;49.98;364.6;0.041;362.6;0.040;0.0;0.000;60;0;0;0.665;0.584;0.445;1;23;27;49.98;49.98;49.98;4903;1000;0.0;0;1.0000;0;0
600;2016-12-19 08:50:00;172602N232;112;0.030;18;223;222;224;223;0.935;50.00;396.5;0.132;399.4;0.113;0.0;0.000;60;0;0;0.846;1.212;0.748;30;20;60;50.00;50.00;50.00;4903;1000;0.0;0;1.0000;0;0
600;2016-12-19 09:00:00;172602N232;178;0.059;19;223;222;225;222;0.980;50.00;406.7;0.217;421.6;0.176;0.0;0.000;60;0;0;0.766;1.396;0.779;42;46;88;50.00;50.00;50.00;4903;1000;0.0;0;1.0000;0;0
600;2016-12-19 09:10:00;172602N232;130;0.081;19;223;223;223;223;0.941;50.00;401.1;0.152;409.8;0.132;0.0;0.000;60;0;0;1.230;0.795;0.800;17;65;46;50.00;50.00;50.00;4903;1000;0.0;0;1.0000;0;0
600;2016-12-19 09:20:00;172602N232;102;0.098;20;223;223;222;223;0.916;50.01;396.4;0.116;403.1;0.103;0.0;0.000;60;0;0;1.184;0.759;0.807;11;54;36;50.01;50.01;50.01;4903;1000;0.0;0;1.0000;0;0
600;2016-12-19 09:30:00;172602N232;210;0.134;20;223;223;223;224;1.027;50.01;412.1;0.257;426.7;0.207;0.0;0.000;60;0;0;1.140;1.046;0.896;57;92;59;50.01;50.01;50.01;4903;1000;0.0;0;1.0000;0;0
600;2016-12-19 09:40:00;172602N232;270;0.179;21;223;224;222;223;1.084;50.01;419.0;0.338;436.4;0.257;0.0;0.000;60;0;0;1.290;0.948;1.014;70;106;91;50.01;50.01;50.01;4903;1000;0.0;0;1.0000;0;0
600;2016-12-19 09:50:00;172602N232;290;0.227;21;224;224;225;223;1.112;50.01;421.9;0.349;432.1;0.293;0.0;0.000;60;0;0;1.224;1.213;0.899;79;112;97;50.01;50.01;50.01;4903;1000;0.0;0;1.0000;0;0
600;2016-12-19 10:00:00;172602N232;285;0.276;21;224;224;224;224;1.148;50.00;419.1;0.335;427.2;0.304;0.0;0.000;60;0;0;1.235;1.182;1.028;82;115;86;50.00;50.00;50.00;4903;1000;0.0;0;1.0000;0;0
600;2016-12-19 10:10:00;172602N232;394;0.341;22;224;225;224;224;1.084;50.01;423.5;0.468;434.0;0.421;0.0;0.000;60;0;0;1.131;1.085;1.036;114;146;132;50.01;50.01;50.01;4903;1000;0.0;0;1.0000;0;0
600;2016-12-19 10:20:00;172602N232;412;0.410;22;224;225;224;223;1.099;49.99;421.1;0.497;434.5;0.436;0.0;0.000;60;0;0;1.124;1.128;1.047;124;153;133;49.99;49.99;49.99;4903;1000;0.0;0;1.0000;0;0
600;2016-12-19 10:30:00;172602N232;406;0.477;23;224;225;224;223;0.688;50.01;418.9;0.499;433.7;0.428;0.0;0.000;60;0;0;0.645;0.715;0.704;123;143;138;50.01;50.01;50.01;4903;1000;0.0;0;1.0000;0;0
600;2016-12-19 10:40:00;172602N232;333;0.533;23;224;224;225;224;1.138;50.00;416.3;0.396;424.7;0.365;0.0;0.000;60;0;0;1.169;1.229;1.017;100;118;112;50.00;50.00;50.00;4903;1000;0.0;0;1.0000;0;0
600;2016-12-19 10:50:00;172602N232;336;0.589;23;224;225;224;224;1.125;50.00;415.5;0.402;425.1;0.366;0.0;0.000;60;0;0;1.183;1.149;1.045;102;125;107;50.00;50.00;50.00;4903;1000;0.0;0;1.0000;0;0
600;2016-12-19 11:00:00;172602N232;392;0.655;24;224;224;225;224;1.118;50.01;417.8;0.476;430.7;0.420;0.0;0.000;60;0;0;1.136;1.161;1.059;121;145;125;50.01;50.01;50.01;4903;1000;0.0;0;1.0000;0;0
600;2016-12-19 11:10:00;172602N232;375;0.717;24;224;224;225;224;1.137;50.01;419.3;0.442;425.3;0.416;0.0;0.000;60;0;0;1.132;1.199;1.082;107;133;132;50.01;50.01;50.01;4903;1000;0.0;0;1.0000;0;0
600;2016-12-19 11:20:00;172602N232;424;0.788;24;225;224;226;225;1.010;50.01;420.1;0.503;427.9;0.469;0.0;0.000;60;0;0;0.997;1.046;0.989;127;153;142;50.01;50.01;50.01;4903;1000;0.0;0;1.0000;0;0
600;2016-12-19 11:30:00;172602N232;411;0.857;24;225;224;225;225;0.748;50.01;419.0;0.490;426.7;0.458;0.0;0.000;60;0;0;0.703;0.780;0.762;121;147;142;50.01;50.01;50.01;4903;1000;0.0;0;1.0000;0;0
600;2016-12-19 11:40:00;172602N232;335;0.914;25;225;224;226;225;0.791;50.01;416.0;0.396;421.4;0.374;0.0;0.000;60;0;0;0.759;0.883;0.733;104;120;110;50.01;50.01;50.01;4903;1000;0.0;0;1.0000;0;0
600;2016-12-19 11:50:00;172602N232;377;0.976;25;224;224;224;224;1.099;50.01;419.8;0.442;424.1;0.421;0.0;0.000;60;0;0;1.106;1.136;1.057;120;137;118;50.01;50.01;50.01;4903;1000;0.0;0;1.0000;0;0
600;2016-12-19 12:00:00;172602N232;370;1.037;25;222;222;223;221;1.144;50.01;420.6;0.432;422.9;0.416;0.0;0.000;60;0;0;1.129;1.194;1.109;103;129;136;50.01;50.01;50.01;4903;1000;0.0;0;1.0000;0;0
600;2016-12-19 12:10:00;172602N232;364;1.098;25;222;223;223;221;1.094;50.01;420.4;0.425;422.7;0.409;0.0;0.000;60;0;0;1.117;1.148;1.019;107;136;120;50.01;50.01;50.01;4903;1000;0.0;0;1.0000;0;0
600;2016-12-19 12:20:00;172602N232;284;1.146;25;222;223;222;222;1.142;49.99;414.9;0.329;417.9;0.318;0.0;0.000;60;0;0;1.355;1.132;0.939;87;117;78;49.99;49.99;49.99;4903;1000;0.0;0;1.0000;0;0
600;2016-12-19 12:30:00;172602N232;312;1.199;25;223;224;223;222;1.151;50.00;418.2;0.361;420.3;0.350;0.0;0.000;60;0;0;1.326;1.150;0.979;88;124;97;50.00;50.00;50.00;4903;1000;0.0;0;1.0000;0;0
600;2016-12-19 12:40:00;172602N232;299;1.248;25;223;224;223;222;1.128;50.01;417.9;0.344;419.0;0.336;0.0;0.000;60;0;0;1.301;1.061;1.024;91;107;99;50.01;50.01;50.01;4903;1000;0.0;0;1.0000;0;0
600;2016-12-19 12:50:00;172602N232;287;1.296;25;222;224;222;221;1.216;49.98;418.3;0.329;418.2;0.324;0.0;0.000;60;0;0;1.579;1.110;0.959;73;118;94;49.98;49.98;49.98;4903;1000;0.0;0;1.0000;0;0
600;2016-12-19 13:00:00;172602N232;300;1.347;25;223;224;223;222;1.179;49.99;419.3;0.345;419.5;0.338;0.0;0.000;60;0;0;1.393;1.125;1.021;78;123;98;49.99;49.99;49.99;4903;1000;0.0;0;1.0000;0;0
600;2016-12-19 13:10:00;172602N232;282;1.393;25;223;224;224;222;1.151;50.03;416.8;0.325;417.6;0.317;0.0;0.000;60;0;0;1.334;1.098;1.021;74;103;103;50.03;50.03;50.03;4903;1000;0.0;0;1.0000;0;0
600;2016-12-19 13:20:00;172602N232;224;1.431;25;223;224;225;222;1.063;50.02;412.5;0.256;412.8;0.252;0.0;0.000;60;0;0;1.197;1.248;0.745;57;85;80;50.02;50.02;50.02;4903;1000;0.0;0;1.0000;0;0
600;2016-12-19 13:30:00;172602N232;192;1.463;25;223;223;225;223;1.010;50.00;408.8;0.218;410.2;0.214;0.0;0.000;60;0;0;1.222;1.032;0.776;68;52;70;50.00;50.00;50.00;4903;1000;0.0;0;1.0000;0;0
600;2016-12-19 13:40:00;172602N232;183;1.493;25;223;223;224;222;1.003;49.99;407.1;0.208;409.6;0.203;0.0;0.000;60;0;0;1.326;0.916;0.769;59;56;66;49.99;49.99;49.99;4903;1000;0.0;0;1.0000;0;0
600;2016-12-19 13:50:00;172602N232;137;1.517;25;223;223;224;222;0.977;50.00;401.3;0.153;403.4;0.151;0.0;0.000;60;0;0;1.163;1.009;0.759;27;51;57;50.00;50.00;50.00;4903;1000;0.0;0;1.0000;0;0
600;2016-12-19 14:00:00;172602N232;112;1.536;25;223;223;224;223;0.920;50.01;395.4;0.124;397.5;0.123;0.0;0.000;60;0;0;1.218;0.798;0.745;12;52;47;50.01;50.01;50.01;4903;1000;0.0;0;1.0000;0;0
600;2016-12-19 14:10:00;172602N232;80;1.549;25;223;224;224;222;0.917;50.01;382.9;0.085;389.2;0.085;0.0;0.000;60;0;0;1.206;0.839;0.706;1;37;46;50.01;50.01;50.01;4903;1000;0.0;0;1.0000;0;0
600;2016-12-19 14:20:00;172602N232;39;1.556;25;223;224;224;222;0.623;50.02;338.9;0.035;352.3;0.038;0.0;0.000;60;0;0;0.708;0.681;0.481;0;16;31;50.02;50.02;50.02;4903;1000;0.0;0;1.0000;0;0
600;2016-12-19 14:30:00;172602N232;12;1.559;25;222;222;223;222;0.251;50.01;271.0;0.004;288.3;0.007;0.0;0.000;60;0;0;0.305;0.262;0.188;0;7;8;50.01;50.01;50.01;4903;1000;0.0;0;1.0000;0;0
600;2016-12-19 14:40:00;172602N232;0;1.558;25;223;223;223;222;0.065;50.01;251.9;0.000;252.1;0.000;0.0;0.000;60;0;0;0.079;0.072;0.045;0;1;2;50.01;50.01;50.01;4903;1000;0.0;0;1.0000;0;0
600;2016-12-19 14:50:00;172602N232;0;1.558;24;222;223;224;221;0.001;50.01;287.5;0.000;286.1;0.000;0.0;0.000;51;0;0;0.002;0.002;0.001;0;0;0;50.01;50.01;50.01;5298;1000;0.0;0;1.0000;0;0
600;2016-12-19 15:00:00;172602N232;0;1.558;23;223;223;224;220;0.000;50.00;266.8;0.000;267.1;0.000;0.0;0.000;51;0;0;0.000;0.000;0.000;0;0;0;50.00;50.00;50.00;6261;1000;0.0;0;1.0000;0;0
600;2016-12-19 15:10:00;172602N232;0;1.558;23;222;224;225;216;0.000;50.00;238.9;0.000;239.8;0.000;0.0;0.000;51;0;0;0.000;0.000;0.000;0;0;0;50.00;50.00;50.00;6261;1000;0.0;0;1.0000;0;0
600;2016-12-19 15:20:00;172602N232;0;1.558;23;221;225;223;215;0.000;50.02;229.8;0.000;230.7;0.000;0.0;0.000;51;0;0;0.000;0.000;0.000;0;0;0;50.02;50.02;50.02;6261;1000;0.0;0;1.0000;0;0
600;2016-12-19 15:30:00;172602N232;0;1.558;22;221;224;224;216;0.000;50.02;227.8;0.000;228.7;0.000;0.0;0.000;51;0;0;0.000;0.000;0.000;0;0;0;50.02;50.02;50.02;6261;1000;0.0;0;1.0000;0;0
[wr_ende]
