20140907;230003;172602N232;My Plant;+0100
[wr_def_start]
172602N232;Inverter Type;Inverter Group;72602N232      
[wr_def_end]
[wr]
INTERVAL;TIMESTAMP;SERIAL;P_AC;E_DAY;T_WR;U_AC;U_AC_1;U_AC_2;U_AC_3;I_AC;F_AC;U_DC_1;I_DC_1;U_DC_2;I_DC_2;U_DC_3;I_DC_3;S;E_WR;M_WR;I_AC_1;I_AC_2;I_AC_3;P_AC_1;P_AC_2;P_AC_3;F_AC_1;F_AC_2;F_AC_3;R_DC;PC;PCS;PCS_LL;COS_PHI;COS_PHI_LL;S_COS_PHI
600;2014-09-07 06:10:00;172602N232;0;0.000;0;4;4;4;4;0.000;0.99;4.3;0.000;4.4;0.000;0.0;0.000;50;0;0;0.000;0.000;0.000;0;0;0;0.99;0.99;0.99;117;1000;0.0;0;1.0000;0;0
600;2014-09-07 06:20:00;172602N232;0;0.000;30;222;222;224;220;0.000;50.01;227.6;0.000;228.5;0.000;0.0;0.000;50;0;0;0.000;0.000;0.000;0;0;0;50.01;50.01;50.01;0;1000;0.0;0;1.0000;0;0
600;2014-09-07 06:30:00;172602N232;0;0.000;31;222;222;224;220;0.000;50.01;229.1;0.000;230.0;0.000;0.0;0.000;50;0;0;0.000;0.000;0.000;0;0;0;50.01;50.01;50.01;0;1000;0.0;0;1.0000;0;0
600;2014-09-07 06:40:00;172602N232;0;0.000;31;221;221;223;220;0.028;50.02;261.3;0.000;261.3;0.000;0.0;0.000;60;0;0;0.030;0.036;0.018;0;0;0;50.02;50.02;50.02;921;1000;0.0;0;1.0000;0;0
600;2014-09-07 06:50:00;172602N232;32;0.004;32;221;220;221;221;0.518;50.02;331.5;0.036;342.3;0.035;0.0;0.000;60;0;0;0.525;0.605;0.424;5;11;18;50.02;50.02;50.02;4650;1000;0.0;0;1.0000;0;0
600;2014-09-07 07:00:00;172602N232;130;0.026;32;222;221;223;221;0.879;50.00;386.9;0.159;385.7;0.156;0.0;0.000;60;0;0;0.852;1.084;0.703;34;34;59;50.00;50.00;50.00;4650;1000;0.0;0;1.0000;0;0
600;2014-09-07 07:10:00;172602N232;200;0.059;33;223;223;225;222;0.905;50.00;400.0;0.244;396.4;0.241;0.0;0.000;60;0;0;0.877;0.948;0.892;53;50;96;50.00;50.00;50.00;4650;1000;0.0;0;1.0000;0;0
600;2014-09-07 07:20:00;172602N232;276;0.106;33;223;222;224;222;1.098;50.00;405.3;0.336;402.5;0.334;0.0;0.000;60;0;0;1.160;1.227;0.907;80;98;97;50.00;50.00;50.00;4650;1000;0.0;0;1.0000;0;0
600;2014-09-07 07:30:00;172602N232;278;0.153;33;223;222;224;222;1.095;50.00;406.2;0.337;401.4;0.337;0.0;0.000;60;0;0;1.145;1.219;0.922;85;96;96;50.00;50.00;50.00;4650;1000;0.0;0;1.0000;0;0
600;2014-09-07 07:40:00;172602N232;202;0.186;34;223;222;224;223;0.972;50.01;399.2;0.244;392.5;0.248;0.0;0.000;60;0;0;1.017;1.074;0.827;54;72;73;50.01;50.01;50.01;4650;1000;0.0;0;1.0000;0;0
600;2014-09-07 07:50:00;172602N232;135;0.209;34;221;221;222;221;0.861;50.01;388.0;0.164;383.9;0.166;0.0;0.000;60;0;0;0.838;1.046;0.701;18;51;64;50.01;50.01;50.01;4650;1000;0.0;0;1.0000;0;0
600;2014-09-07 08:00:00;172602N232;81;0.221;35;220;220;221;220;0.857;50.00;371.7;0.100;371.0;0.100;0.0;0.000;60;0;0;0.922;0.948;0.702;7;22;51;50.00;50.00;50.00;4650;1000;0.0;0;1.0000;0;0
600;2014-09-07 08:10:00;172602N232;74;0.235;35;220;220;221;219;0.878;50.02;369.7;0.092;369.9;0.092;0.0;0.000;60;0;0;0.937;0.992;0.706;6;18;51;50.02;50.02;50.02;4650;1000;0.0;0;1.0000;0;0
600;2014-09-07 08:20:00;172602N232;171;0.264;36;220;219;221;219;0.938;50.00;387.9;0.211;386.2;0.210;0.0;0.000;60;0;0;0.857;1.214;0.743;45;50;74;50.00;50.00;50.00;4650;1000;0.0;0;1.0000;0;0
600;2014-09-07 08:30:00;172602N232;413;0.333;36;220;219;222;218;1.099;49.99;411.2;0.498;402.8;0.507;0.0;0.000;60;0;0;1.164;1.079;1.055;135;135;140;49.99;49.99;49.99;4650;1000;0.0;0;1.0000;0;0
600;2014-09-07 08:40:00;172602N232;377;0.396;36;221;220;222;219;1.151;50.01;405.4;0.462;400.0;0.464;0.0;0.000;60;0;0;1.127;1.239;1.087;109;130;136;50.01;50.01;50.01;4650;1000;0.0;0;1.0000;0;0
600;2014-09-07 08:50:00;172602N232;404;0.464;37;221;221;220;220;1.020;50.03;406.7;0.495;400.1;0.498;0.0;0.000;60;0;0;1.025;1.053;0.983;124;149;129;50.03;50.03;50.03;4650;1000;0.0;0;1.0000;0;0
600;2014-09-07 09:00:00;172602N232;338;0.520;37;221;222;221;220;1.023;50.01;400.9;0.419;397.3;0.416;0.0;0.000;60;0;0;1.092;1.040;0.938;96;133;107;50.01;50.01;50.01;4650;1000;0.0;0;1.0000;0;0
600;2014-09-07 09:10:00;172602N232;263;0.563;37;221;222;221;221;1.087;50.01;398.1;0.325;392.2;0.327;0.0;0.000;60;0;0;1.247;1.179;0.836;70;116;75;50.01;50.01;50.01;4650;1000;0.0;0;1.0000;0;0
600;2014-09-07 09:20:00;172602N232;487;0.645;37;221;222;223;220;0.989;50.01;410.7;0.591;401.8;0.602;0.0;0.000;60;0;0;0.976;1.034;0.958;147;174;163;50.01;50.01;50.01;4650;1000;0.0;0;1.0000;0;0
600;2014-09-07 09:30:00;172602N232;830;0.784;38;221;221;223;220;1.338;50.02;418.4;0.995;409.6;1.015;0.0;0.000;60;0;0;1.329;1.351;1.336;260;287;280;50.02;50.02;50.02;4650;1000;0.0;0;1.0000;0;0
600;2014-09-07 09:40:00;172602N232;955;0.944;38;220;219;221;219;1.464;50.03;416.8;1.158;412.4;1.159;0.0;0.000;60;0;0;1.404;1.502;1.486;303;328;322;50.03;50.03;50.03;4650;1000;0.0;0;1.0000;0;0
600;2014-09-07 09:50:00;172602N232;733;1.066;39;219;218;222;219;1.142;50.00;412.5;0.896;406.8;0.899;0.0;0.000;60;0;0;1.079;1.194;1.153;228;258;245;50.00;50.00;50.00;4650;1000;0.0;0;1.0000;0;0
600;2014-09-07 10:00:00;172602N232;782;1.195;39;220;219;221;219;1.222;50.01;415.8;0.941;406.0;0.967;0.0;0.000;60;0;0;1.184;1.252;1.231;248;270;262;50.01;50.01;50.01;4650;1000;0.0;0;1.0000;0;0
600;2014-09-07 10:10:00;172602N232;873;1.342;39;220;220;219;220;1.345;50.01;413.3;1.066;408.2;1.069;0.0;0.000;60;0;0;1.293;1.374;1.368;279;297;295;50.01;50.01;50.01;4650;1000;0.0;0;1.0000;0;0
600;2014-09-07 10:20:00;172602N232;827;1.479;40;219;220;219;219;1.330;50.03;410.3;1.023;410.3;0.998;0.0;0.000;60;0;0;1.336;1.328;1.326;268;280;277;50.03;50.03;50.03;4650;1000;0.0;0;1.0000;0;0
600;2014-09-07 10:30:00;172602N232;745;1.604;40;219;219;221;217;1.157;50.03;411.9;0.913;406.9;0.912;0.0;0.000;60;0;0;1.104;1.200;1.168;235;260;248;50.03;50.03;50.03;4650;1000;0.0;0;1.0000;0;0
600;2014-09-07 10:40:00;172602N232;771;1.732;40;219;219;221;217;1.195;50.03;412.4;0.940;407.0;0.943;0.0;0.000;60;0;0;1.141;1.241;1.204;243;270;255;50.03;50.03;50.03;4650;1000;0.0;0;1.0000;0;0
600;2014-09-07 10:50:00;172602N232;436;1.806;40;219;218;221;217;0.972;50.01;394.8;0.548;397.3;0.543;0.0;0.000;60;0;0;0.950;1.037;0.930;130;153;151;50.01;50.01;50.01;4650;1000;0.0;0;1.0000;0;0
600;2014-09-07 11:00:00;172602N232;1011;1.974;41;219;218;222;217;1.566;50.01;416.3;1.214;408.2;1.245;0.0;0.000;60;0;0;1.505;1.624;1.569;321;353;334;50.01;50.01;50.01;4650;1000;0.0;0;1.0000;0;0
600;2014-09-07 11:10:00;172602N232;1877;2.286;41;220;220;223;218;2.848;50.00;413.6;2.318;415.7;2.254;0.0;0.000;60;0;0;2.790;2.923;2.832;611;649;615;50.00;50.00;50.00;4650;1000;0.0;0;1.0000;0;0
600;2014-09-07 11:20:00;172602N232;2072;2.632;41;221;221;224;218;3.136;50.02;407.3;2.602;410.0;2.519;0.0;0.000;60;0;0;3.082;3.214;3.112;677;716;676;50.02;50.02;50.02;4650;1000;0.0;0;1.0000;0;0
600;2014-09-07 11:30:00;172602N232;1703;2.916;41;220;219;223;218;2.594;50.01;407.5;2.140;410.3;2.065;0.0;0.000;60;0;0;2.530;2.668;2.585;551;591;559;50.01;50.01;50.01;4650;1000;0.0;0;1.0000;0;0
600;2014-09-07 11:40:00;172602N232;1694;3.199;42;220;220;223;218;2.583;50.02;410.3;2.096;406.5;2.090;0.0;0.000;60;0;0;2.521;2.660;2.568;549;588;555;50.02;50.02;50.02;4650;1000;0.0;0;1.0000;0;0
600;2014-09-07 11:50:00;172602N232;1786;3.497;42;220;219;223;218;2.710;50.02;408.9;2.224;408.5;2.186;0.0;0.000;60;0;0;2.639;2.783;2.709;576;619;588;50.02;50.02;50.02;4650;1000;0.0;0;1.0000;0;0
600;2014-09-07 12:00:00;172602N232;1575;3.759;42;219;217;221;219;2.404;50.02;411.1;1.941;406.7;1.943;0.0;0.000;60;0;0;2.329;2.457;2.427;504;541;528;50.02;50.02;50.02;4650;1000;0.0;0;1.0000;0;0
600;2014-09-07 12:10:00;172602N232;1680;4.039;42;220;219;222;219;2.558;50.01;408.3;2.093;407.2;2.065;0.0;0.000;60;0;0;2.500;2.606;2.569;544;574;560;50.01;50.01;50.01;4650;1000;0.0;0;1.0000;0;0
600;2014-09-07 12:20:00;172602N232;1369;4.267;42;220;218;224;217;2.115;50.01;408.1;1.710;407.9;1.670;0.0;0.000;60;0;0;2.037;2.208;2.102;437;481;449;50.01;50.01;50.01;4650;1000;0.0;0;1.0000;0;0
600;2014-09-07 12:30:00;172602N232;1009;4.436;42;219;218;222;218;1.560;50.02;406.5;1.268;409.4;1.215;0.0;0.000;60;0;0;1.499;1.613;1.570;320;351;336;50.02;50.02;50.02;4650;1000;0.0;0;1.0000;0;0
600;2014-09-07 12:40:00;172602N232;674;4.549;42;219;218;222;217;1.050;49.99;406.6;0.837;402.9;0.825;0.0;0.000;60;0;0;0.992;1.099;1.061;210;238;224;49.99;49.99;49.99;4650;1000;0.0;0;1.0000;0;0
600;2014-09-07 12:50:00;172602N232;499;4.632;42;219;218;222;218;0.787;50.02;405.2;0.614;397.7;0.623;0.0;0.000;60;0;0;0.725;0.833;0.804;151;177;169;50.02;50.02;50.02;4650;1000;0.0;0;1.0000;0;0
600;2014-09-07 13:00:00;172602N232;467;4.711;42;218;217;220;216;0.777;50.03;406.3;0.573;401.5;0.573;0.0;0.000;60;0;0;0.721;0.823;0.788;141;166;157;50.03;50.03;50.03;4650;1000;0.0;0;1.0000;0;0
600;2014-09-07 13:10:00;172602N232;505;4.795;42;217;217;219;216;0.863;50.03;408.1;0.618;404.1;0.616;0.0;0.000;60;0;0;0.812;0.906;0.873;154;179;170;50.03;50.03;50.03;4650;1000;0.0;0;1.0000;0;0
600;2014-09-07 13:20:00;172602N232;406;4.861;42;218;216;220;217;1.081;50.02;409.0;0.488;401.2;0.497;0.0;0.000;60;0;0;1.066;1.148;1.030;124;148;132;50.02;50.02;50.02;4650;1000;0.0;0;1.0000;0;0
600;2014-09-07 13:30:00;172602N232;405;4.930;42;218;217;220;217;1.056;50.03;402.7;0.497;398.9;0.500;0.0;0.000;60;0;0;1.032;1.130;1.008;121;146;136;50.03;50.03;50.03;4650;1000;0.0;0;1.0000;0;0
600;2014-09-07 13:40:00;172602N232;405;4.997;42;218;219;217;218;1.108;50.02;402.2;0.498;404.5;0.490;0.0;0.000;60;0;0;1.155;1.125;1.044;122;153;127;50.02;50.02;50.02;4650;1000;0.0;0;1.0000;0;0
600;2014-09-07 13:50:00;172602N232;660;5.108;42;217;217;218;217;1.052;50.02;418.4;0.788;413.1;0.796;0.0;0.000;60;0;0;1.010;1.079;1.069;207;228;224;50.02;50.02;50.02;4650;1000;0.0;0;1.0000;0;0
600;2014-09-07 14:00:00;172602N232;502;5.192;41;217;216;217;218;0.800;50.01;409.8;0.613;407.9;0.604;0.0;0.000;60;0;0;0.743;0.830;0.827;153;174;173;50.01;50.01;50.01;4650;1000;0.0;0;1.0000;0;0
600;2014-09-07 14:10:00;172602N232;450;5.267;41;217;216;217;218;0.761;50.02;407.0;0.549;399.2;0.558;0.0;0.000;60;0;0;0.707;0.791;0.785;136;157;155;50.02;50.02;50.02;4650;1000;0.0;0;1.0000;0;0
600;2014-09-07 14:20:00;172602N232;218;5.304;41;217;215;219;218;0.968;50.02;388.7;0.273;384.8;0.271;0.0;0.000;60;0;0;0.901;1.148;0.856;78;68;71;50.02;50.02;50.02;4650;1000;0.0;0;1.0000;0;0
600;2014-09-07 14:30:00;172602N232;116;5.322;41;217;217;218;217;0.873;50.02;377.9;0.144;373.0;0.144;0.0;0.000;60;0;0;0.845;1.038;0.738;27;30;57;50.02;50.02;50.02;4650;1000;0.0;0;1.0000;0;0
600;2014-09-07 14:40:00;172602N232;148;5.347;41;218;218;218;217;0.932;50.03;373.9;0.187;379.0;0.186;0.0;0.000;60;0;0;1.078;0.968;0.750;22;66;58;50.03;50.03;50.03;4650;1000;0.0;0;1.0000;0;0
600;2014-09-07 14:50:00;172602N232;110;5.366;40;217;217;218;217;0.846;50.00;373.0;0.135;370.8;0.139;0.0;0.000;60;0;0;1.101;0.742;0.696;14;46;47;50.00;50.00;50.00;4650;1000;0.0;0;1.0000;0;0
600;2014-09-07 15:00:00;172602N232;144;5.391;40;218;218;218;217;0.933;50.00;381.2;0.178;378.7;0.181;0.0;0.000;60;0;0;1.212;0.833;0.756;23;76;43;50.00;50.00;50.00;4650;1000;0.0;0;1.0000;0;0
600;2014-09-07 15:10:00;172602N232;198;5.423;40;218;219;219;216;0.925;50.01;396.2;0.238;387.0;0.245;0.0;0.000;60;0;0;1.069;0.834;0.872;37;67;92;50.01;50.01;50.01;4650;1000;0.0;0;1.0000;0;0
600;2014-09-07 15:20:00;172602N232;256;5.467;40;217;218;219;215;1.091;50.01;401.7;0.310;392.2;0.317;0.0;0.000;60;0;0;1.136;1.195;0.943;44;106;105;50.01;50.01;50.01;4650;1000;0.0;0;1.0000;0;0
600;2014-09-07 15:30:00;172602N232;464;5.544;40;217;217;218;215;0.966;50.01;412.7;0.558;403.6;0.569;0.0;0.000;60;0;0;0.962;1.000;0.938;144;164;153;50.01;50.01;50.01;4650;1000;0.0;0;1.0000;0;0
600;2014-09-07 15:40:00;172602N232;403;5.611;40;218;218;219;217;0.956;50.01;408.5;0.487;400.3;0.498;0.0;0.000;60;0;0;0.958;0.992;0.918;125;146;130;50.01;50.01;50.01;4650;1000;0.0;0;1.0000;0;0
600;2014-09-07 15:50:00;172602N232;678;5.724;40;219;218;220;218;1.088;49.99;410.3;0.823;412.3;0.820;0.0;0.000;60;0;0;1.067;1.111;1.088;214;235;227;49.99;49.99;49.99;4650;1000;0.0;0;1.0000;0;0
600;2014-09-07 16:00:00;172602N232;479;5.804;40;219;218;221;217;0.994;49.99;409.8;0.580;406.5;0.581;0.0;0.000;60;0;0;0.965;1.052;0.967;148;173;156;49.99;49.99;49.99;4650;1000;0.0;0;1.0000;0;0
600;2014-09-07 16:10:00;172602N232;523;5.892;40;218;218;220;217;0.886;49.99;414.5;0.624;404.1;0.645;0.0;0.000;60;0;0;0.843;0.922;0.894;162;184;174;49.99;49.99;49.99;4650;1000;0.0;0;1.0000;0;0
600;2014-09-07 16:20:00;172602N232;760;6.019;40;219;218;219;218;1.180;49.99;415.6;0.918;409.8;0.921;0.0;0.000;60;0;0;1.128;1.216;1.197;240;262;256;49.99;49.99;49.99;4650;1000;0.0;0;1.0000;0;0
600;2014-09-07 16:30:00;172602N232;521;6.105;40;219;218;220;218;1.022;50.01;406.3;0.642;403.5;0.633;0.0;0.000;60;0;0;0.987;1.073;1.007;162;183;174;50.01;50.01;50.01;4650;1000;0.0;0;1.0000;0;0
600;2014-09-07 16:40:00;172602N232;272;6.151;40;219;218;221;219;1.070;50.01;396.4;0.334;388.2;0.341;0.0;0.000;60;0;0;1.046;1.227;0.937;86;89;95;50.01;50.01;50.01;4650;1000;0.0;0;1.0000;0;0
600;2014-09-07 16:50:00;172602N232;201;6.184;40;218;217;222;216;0.947;50.01;390.6;0.248;384.2;0.250;0.0;0.000;60;0;0;0.998;1.129;0.715;82;43;74;50.01;50.01;50.01;4650;1000;0.0;0;1.0000;0;0
600;2014-09-07 17:00:00;172602N232;147;6.209;40;217;217;219;214;0.973;49.99;385.0;0.178;378.4;0.182;0.0;0.000;60;0;0;1.119;1.063;0.739;18;53;76;49.99;49.99;49.99;4650;1000;0.0;0;1.0000;0;0
600;2014-09-07 17:10:00;172602N232;63;6.220;40;216;216;218;215;0.786;49.98;356.8;0.077;358.0;0.078;0.0;0.000;60;0;0;0.848;0.899;0.613;11;11;41;49.98;49.98;49.98;4650;1000;0.0;0;1.0000;0;0
600;2014-09-07 17:20:00;172602N232;75;6.233;39;215;214;217;213;0.738;49.98;364.2;0.090;361.9;0.091;0.0;0.000;60;0;0;0.632;1.013;0.569;23;5;47;49.98;49.98;49.98;4650;1000;0.0;0;1.0000;0;0
600;2014-09-07 17:30:00;172602N232;113;6.251;39;214;215;216;213;0.816;50.00;378.8;0.137;372.3;0.140;0.0;0.000;60;0;0;0.835;0.933;0.680;18;33;61;50.00;50.00;50.00;4650;1000;0.0;0;1.0000;0;0
600;2014-09-07 17:40:00;172602N232;44;6.259;39;214;214;216;212;0.643;50.01;341.0;0.051;339.5;0.053;0.0;0.000;60;0;0;0.670;0.778;0.482;9;7;33;50.01;50.01;50.01;4650;1000;0.0;0;1.0000;0;0
600;2014-09-07 17:50:00;172602N232;67;6.271;39;214;214;213;213;0.739;50.03;361.9;0.080;356.6;0.083;0.0;0.000;60;0;0;0.878;0.681;0.659;8;34;26;50.03;50.03;50.03;4650;1000;0.0;0;1.0000;0;0
600;2014-09-07 18:00:00;172602N232;36;6.277;38;213;214;214;211;0.517;50.00;316.9;0.041;327.7;0.042;0.0;0.000;60;0;0;0.685;0.477;0.389;0;21;26;50.00;50.00;50.00;4650;1000;0.0;0;1.0000;0;0
600;2014-09-07 18:10:00;172602N232;4;6.278;38;214;213;216;212;0.184;49.99;262.3;0.002;266.2;0.003;0.0;0.000;60;0;0;0.188;0.242;0.124;2;2;6;49.99;49.99;49.99;4650;1000;0.0;0;1.0000;0;0
600;2014-09-07 18:20:00;172602N232;1;6.278;37;211;210;212;211;0.077;49.35;249.3;0.000;251.1;0.000;0.0;0.000;50;0;0;0.059;0.119;0.055;2;0;0;49.35;49.35;49.35;4282;1000;0.0;0;1.0000;0;0
600;2014-09-07 18:30:00;172602N232;0;6.278;37;214;214;215;212;0.000;49.98;232.3;0.000;233.2;0.000;0.0;0.000;50;0;0;0.000;0.000;0.000;0;0;0;49.98;49.98;49.98;0;1000;0.0;0;1.0000;0;0
600;2014-09-07 18:40:00;172602N232;0;6.278;36;214;213;216;213;0.000;50.02;313.9;0.000;311.5;0.000;0.0;0.000;51;0;0;0.001;0.000;0.000;0;0;0;50.02;50.02;50.02;2525;1000;0.0;0;1.0000;0;0
600;2014-09-07 18:50:00;172602N232;0;6.278;36;215;214;217;215;0.019;50.01;288.3;0.000;287.5;0.000;0.0;0.000;51;0;0;0.017;0.029;0.012;0;0;0;50.01;50.01;50.01;3420;1000;0.0;0;1.0000;0;0
600;2014-09-07 19:00:00;172602N232;6;6.279;36;216;216;217;216;0.201;49.98;264.7;0.003;273.5;0.005;0.0;0.000;60;0;0;0.249;0.205;0.151;2;3;5;49.98;49.98;49.98;3446;1000;0.0;0;1.0000;0;0
600;2014-09-07 19:10:00;172602N232;9;6.281;36;217;217;218;216;0.201;49.99;264.9;0.006;285.0;0.008;0.0;0.000;60;0;0;0.222;0.219;0.162;0;5;6;49.99;49.99;49.99;3446;1000;0.0;0;1.0000;0;0
600;2014-09-07 19:20:00;172602N232;0;6.281;36;218;217;221;216;0.000;49.99;279.3;0.000;278.6;0.000;0.0;0.000;51;0;0;0.000;0.000;0.000;0;0;0;49.99;49.99;49.99;3775;1000;0.0;0;1.0000;0;0
600;2014-09-07 19:30:00;172602N232;0;6.281;35;217;216;220;216;0.000;49.97;228.7;0.000;229.6;0.000;0.0;0.000;51;0;0;0.000;0.000;0.000;0;0;0;49.97;49.97;49.97;3857;1000;0.0;0;1.0000;0;0
600;2014-09-07 19:40:00;172602N232;0;6.281;35;216;215;219;215;0.000;49.98;227.6;0.000;228.5;0.000;0.0;0.000;51;0;0;0.000;0.000;0.000;0;0;0;49.98;49.98;49.98;3857;1000;0.0;0;1.0000;0;0
600;2014-09-07 19:50:00;172602N232;0;6.281;35;215;215;217;213;0.000;50.02;227.2;0.000;228.1;0.000;0.0;0.000;51;0;0;0.000;0.000;0.000;0;0;0;50.02;50.02;50.02;3857;1000;0.0;0;1.0000;0;0
[wr_ende]
