20151121;230001;172602N232;My Plant;+0100
[wr_def_start]
172602N232;Inverter Type;Inverter Group;72602N232      
[wr_def_end]
[wr]
INTERVAL;TIMESTAMP;SERIAL;P_AC;E_DAY;T_WR;U_AC;U_AC_1;U_AC_2;U_AC_3;I_AC;F_AC;U_DC_1;I_DC_1;U_DC_2;I_DC_2;U_DC_3;I_DC_3;S;E_WR;M_WR;I_AC_1;I_AC_2;I_AC_3;P_AC_1;P_AC_2;P_AC_3;F_AC_1;F_AC_2;F_AC_3;R_DC;PC;PCS;PCS_LL;COS_PHI;COS_PHI_LL;S_COS_PHI
600;2015-11-21 07:10:00;172602N232;0;0.000;0;0;0;0;0;0.000;0.12;0.5;0.000;0.5;0.000;0.0;0.000;50;0;0;0.000;0.000;0.000;0;0;0;0.12;0.12;0.12;6;1000;0.0;0;1.0000;0;0
600;2015-11-21 07:20:00;172602N232;0;0.000;15;222;223;225;218;0.000;49.99;227.5;0.000;228.5;0.000;0.0;0.000;50;0;0;0.000;0.000;0.000;0;0;0;49.99;49.99;49.99;0;1000;0.0;0;1.0000;0;0
600;2015-11-21 07:30:00;172602N232;0;0.000;17;221;222;224;218;0.000;50.01;229.3;0.000;230.2;0.000;0.0;0.000;50;0;0;0.000;0.000;0.000;0;0;0;50.01;50.01;50.01;0;1000;0.0;0;1.0000;0;0
600;2015-11-21 07:40:00;172602N232;0;0.000;18;221;221;224;218;0.000;50.00;241.3;0.000;242.2;0.000;0.0;0.000;50;0;0;0.000;0.000;0.000;0;0;0;50.00;50.00;50.00;0;1000;0.0;0;1.0000;0;0
600;2015-11-21 07:50:00;172602N232;0;0.000;18;222;223;224;218;0.001;49.99;281.0;0.000;280.6;0.000;0.0;0.000;60;0;0;0.002;0.002;0.001;0;0;0;49.99;49.99;49.99;2642;1000;0.0;0;1.0000;0;0
600;2015-11-21 08:00:00;172602N232;2;0.000;19;220;223;221;218;0.085;49.99;272.4;0.000;272.3;0.000;0.0;0.000;60;0;0;0.113;0.077;0.066;0;3;4;49.99;49.99;49.99;4783;1000;0.0;0;1.0000;0;0
600;2015-11-21 08:10:00;172602N232;13;0.005;19;221;222;221;220;0.316;49.99;292.6;0.005;280.8;0.007;0.0;0.000;60;0;0;0.435;0.247;0.268;0;15;13;49.99;49.99;49.99;4831;1000;0.0;0;1.0000;0;0
600;2015-11-21 08:20:00;172602N232;34;0.014;20;220;221;220;220;0.495;49.98;355.9;0.030;350.9;0.025;0.0;0.000;60;0;0;0.635;0.448;0.404;0;25;25;49.98;49.98;49.98;4831;1000;0.0;0;1.0000;0;0
600;2015-11-21 08:30:00;172602N232;41;0.022;20;220;221;220;219;0.562;49.97;370.6;0.037;362.8;0.032;0.0;0.000;60;0;0;0.662;0.605;0.421;6;18;27;49.97;49.97;49.97;4831;1000;0.0;0;1.0000;0;0
600;2015-11-21 08:40:00;172602N232;58;0.029;20;220;220;221;220;0.650;49.99;393.0;0.060;402.0;0.044;0.0;0.000;60;0;0;0.682;0.762;0.507;12;14;31;49.99;49.99;49.99;4831;1000;0.0;0;1.0000;0;0
600;2015-11-21 08:50:00;172602N232;71;0.039;21;221;220;221;220;0.710;49.98;400.4;0.078;413.4;0.054;0.0;0.000;60;0;0;0.779;0.723;0.630;13;27;29;49.98;49.98;49.98;4831;1000;0.0;0;1.0000;0;0
600;2015-11-21 09:00:00;172602N232;120;0.057;21;220;220;221;220;0.915;49.99;408.7;0.181;421.8;0.075;0.0;0.000;60;0;0;1.026;0.961;0.759;24;46;48;49.99;49.99;49.99;4831;1000;0.0;0;1.0000;0;0
600;2015-11-21 09:10:00;172602N232;132;0.079;21;220;221;219;221;0.900;49.98;413.2;0.191;426.2;0.086;0.0;0.000;60;0;0;0.990;0.773;0.938;23;67;39;49.98;49.98;49.98;4831;1000;0.0;0;1.0000;0;0
600;2015-11-21 09:20:00;172602N232;179;0.109;22;221;222;221;220;1.038;49.99;422.4;0.272;442.2;0.107;0.0;0.000;60;0;0;1.309;0.942;0.864;29;83;66;49.99;49.99;49.99;4831;1000;0.0;0;1.0000;0;0
600;2015-11-21 09:30:00;172602N232;278;0.155;22;221;221;222;219;1.145;50.00;439.1;0.447;467.4;0.137;0.0;0.000;60;0;0;1.341;1.157;0.938;74;103;99;50.00;50.00;50.00;4831;1000;0.0;0;1.0000;0;0
600;2015-11-21 09:40:00;172602N232;361;0.216;22;221;221;222;219;0.982;50.00;442.0;0.584;409.9;0.232;0.0;0.000;60;0;0;1.033;1.026;0.888;106;129;124;50.00;50.00;50.00;4831;1000;0.0;0;1.0000;0;0
600;2015-11-21 09:50:00;172602N232;637;0.323;23;220;222;219;220;1.077;50.01;452.8;0.977;307.3;0.646;0.0;0.000;60;0;0;1.095;1.064;1.072;206;214;215;50.01;50.01;50.01;4831;1000;0.0;0;1.0000;0;0
600;2015-11-21 10:00:00;172602N232;977;0.485;23;221;221;222;220;1.506;50.00;453.1;1.428;300.1;1.121;0.0;0.000;60;0;0;1.457;1.543;1.519;313;336;326;50.00;50.00;50.00;4831;1000;0.0;0;1.0000;0;0
600;2015-11-21 10:10:00;172602N232;1147;0.676;24;222;221;224;220;1.794;50.00;454.1;1.614;318.2;1.319;0.0;0.000;60;0;0;1.749;1.842;1.792;367;398;379;50.00;50.00;50.00;4831;1000;0.0;0;1.0000;0;0
600;2015-11-21 10:20:00;172602N232;1275;0.889;25;222;221;224;221;1.995;50.00;452.0;1.725;335.0;1.504;0.0;0.000;60;0;0;1.949;2.030;2.008;408;438;426;50.00;50.00;50.00;4831;1000;0.0;0;1.0000;0;0
600;2015-11-21 10:30:00;172602N232;1385;1.121;25;222;221;224;221;2.099;50.00;438.8;1.907;351.8;1.590;0.0;0.000;60;0;0;2.038;2.152;2.108;445;477;462;50.00;50.00;50.00;4831;1000;0.0;0;1.0000;0;0
600;2015-11-21 10:40:00;172602N232;1423;1.357;26;221;219;224;222;2.156;50.00;442.3;1.983;348.1;1.596;0.0;0.000;60;0;0;2.076;2.211;2.183;451;491;480;50.00;50.00;50.00;4831;1000;0.0;0;1.0000;0;0
600;2015-11-21 10:50:00;172602N232;1456;1.600;26;222;219;223;223;2.202;49.99;438.8;2.029;343.6;1.675;0.0;0.000;60;0;0;2.122;2.251;2.234;462;499;493;49.99;49.99;49.99;4831;1000;0.0;0;1.0000;0;0
600;2015-11-21 11:00:00;172602N232;1481;1.848;27;222;220;223;222;2.256;49.99;424.1;2.007;342.0;1.879;0.0;0.000;60;0;0;2.175;2.316;2.279;471;509;500;49.99;49.99;49.99;4831;1000;0.0;0;1.0000;0;0
600;2015-11-21 11:10:00;172602N232;1438;2.088;27;222;220;226;221;2.182;49.99;408.4;1.895;355.8;1.907;0.0;0.000;60;0;0;2.099;2.256;2.191;455;503;479;49.99;49.99;49.99;4831;1000;0.0;0;1.0000;0;0
600;2015-11-21 11:20:00;172602N232;1184;2.284;28;222;221;226;220;1.799;49.99;393.8;1.542;373.4;1.598;0.0;0.000;60;0;0;1.729;1.872;1.797;374;417;390;49.99;49.99;49.99;4831;1000;0.0;0;1.0000;0;0
600;2015-11-21 11:30:00;172602N232;712;2.404;28;223;223;225;222;1.107;49.97;431.7;0.789;396.2;0.934;0.0;0.000;60;0;0;1.059;1.149;1.114;224;250;237;49.97;49.97;49.97;4831;1000;0.0;0;1.0000;0;0
600;2015-11-21 11:40:00;172602N232;664;2.514;28;222;223;223;222;1.096;49.95;446.5;0.704;412.0;0.834;0.0;0.000;60;0;0;1.073;1.114;1.102;211;228;223;49.95;49.95;49.95;4831;1000;0.0;0;1.0000;0;0
600;2015-11-21 11:50:00;172602N232;612;2.617;29;222;220;225;222;0.964;49.98;429.5;0.722;418.5;0.697;0.0;0.000;60;0;0;0.902;1.009;0.981;188;215;207;49.98;49.98;49.98;4831;1000;0.0;0;1.0000;0;0
600;2015-11-21 12:00:00;172602N232;503;2.700;29;222;220;224;222;0.889;49.99;425.8;0.592;420.4;0.572;0.0;0.000;60;0;0;0.833;0.941;0.893;153;179;169;49.99;49.99;49.99;4831;1000;0.0;0;1.0000;0;0
600;2015-11-21 12:10:00;172602N232;542;2.791;29;223;222;224;222;0.861;49.99;428.3;0.632;420.4;0.625;0.0;0.000;60;0;0;0.806;0.905;0.874;167;191;183;49.99;49.99;49.99;4831;1000;0.0;0;1.0000;0;0
600;2015-11-21 12:20:00;172602N232;465;2.869;29;222;222;223;221;0.747;50.01;424.8;0.545;418.7;0.532;0.0;0.000;60;0;0;0.693;0.788;0.760;141;164;157;50.01;50.01;50.01;4831;1000;0.0;0;1.0000;0;0
600;2015-11-21 12:30:00;172602N232;338;2.925;29;222;222;224;222;0.883;49.99;418.4;0.398;417.2;0.381;0.0;0.000;60;0;0;0.851;0.983;0.816;102;119;116;49.99;49.99;49.99;4831;1000;0.0;0;1.0000;0;0
600;2015-11-21 12:40:00;172602N232;348;2.983;29;223;222;224;222;1.069;50.00;452.5;0.328;433.5;0.419;0.0;0.000;60;0;0;1.089;1.124;0.994;103;126;117;50.00;50.00;50.00;4831;1000;0.0;0;1.0000;0;0
600;2015-11-21 12:50:00;172602N232;448;3.058;29;223;223;224;223;0.929;50.01;470.3;0.315;356.5;0.830;0.0;0.000;60;0;0;0.901;0.982;0.906;136;158;151;50.01;50.01;50.01;4831;1000;0.0;0;1.0000;0;0
600;2015-11-21 13:00:00;172602N232;537;3.147;29;223;222;225;222;1.016;50.00;404.9;0.774;400.7;0.620;0.0;0.000;60;0;0;0.975;1.081;0.992;166;190;179;50.00;50.00;50.00;4831;1000;0.0;0;1.0000;0;0
600;2015-11-21 13:10:00;172602N232;782;3.278;29;223;222;225;221;1.266;50.01;375.4;1.376;440.3;0.607;0.0;0.000;60;0;0;1.217;1.327;1.256;246;274;261;50.01;50.01;50.01;4831;1000;0.0;0;1.0000;0;0
600;2015-11-21 13:20:00;172602N232;239;3.318;29;222;222;223;222;1.033;50.00;407.6;0.294;406.9;0.257;0.0;0.000;60;0;0;0.966;1.140;0.993;54;94;89;50.00;50.00;50.00;4831;1000;0.0;0;1.0000;0;0
600;2015-11-21 13:30:00;172602N232;542;3.410;29;223;224;222;223;1.100;49.98;418.8;0.920;442.1;0.320;0.0;0.000;60;0;0;1.103;1.118;1.080;169;195;176;49.98;49.98;49.98;4831;1000;0.0;0;1.0000;0;0
600;2015-11-21 13:40:00;172602N232;627;3.513;29;223;223;223;223;1.021;49.97;410.4;0.974;444.0;0.498;0.0;0.000;60;0;0;1.027;1.021;1.016;200;213;211;49.97;49.97;49.97;4831;1000;0.0;0;1.0000;0;0
600;2015-11-21 13:50:00;172602N232;287;3.562;29;222;222;223;221;0.958;50.00;405.4;0.388;415.6;0.277;0.0;0.000;60;0;0;1.040;1.007;0.827;78;106;101;50.00;50.00;50.00;4831;1000;0.0;0;1.0000;0;0
600;2015-11-21 14:00:00;172602N232;246;3.602;28;222;221;222;223;0.946;50.00;397.2;0.398;422.9;0.181;0.0;0.000;60;0;0;0.886;1.034;0.918;69;96;78;50.00;50.00;50.00;4831;1000;0.0;0;1.0000;0;0
600;2015-11-21 14:10:00;172602N232;362;3.663;28;222;223;221;223;0.803;50.00;361.8;0.747;453.1;0.189;0.0;0.000;60;0;0;0.807;0.787;0.816;110;126;124;50.00;50.00;50.00;4831;1000;0.0;0;1.0000;0;0
600;2015-11-21 14:20:00;172602N232;278;3.710;28;222;222;222;223;1.137;50.01;345.8;0.543;456.0;0.174;0.0;0.000;60;0;0;1.237;1.178;0.998;84;116;76;50.01;50.01;50.01;4831;1000;0.0;0;1.0000;0;0
600;2015-11-21 14:30:00;172602N232;237;3.750;28;222;222;223;221;1.062;50.00;321.0;0.427;447.8;0.202;0.0;0.000;60;0;0;1.248;1.097;0.843;63;90;82;50.00;50.00;50.00;4831;1000;0.0;0;1.0000;0;0
600;2015-11-21 14:40:00;172602N232;153;3.775;28;222;222;222;222;0.910;49.99;367.8;0.211;420.8;0.159;0.0;0.000;60;0;0;0.895;0.969;0.867;29;73;49;49.99;49.99;49.99;4831;1000;0.0;0;1.0000;0;0
600;2015-11-21 14:50:00;172602N232;167;3.802;28;222;222;222;222;0.892;49.99;445.1;0.160;435.3;0.175;0.0;0.000;60;0;0;0.815;1.086;0.777;27;89;49;49.99;49.99;49.99;4831;1000;0.0;0;1.0000;0;0
600;2015-11-21 15:00:00;172602N232;115;3.822;27;222;222;223;222;0.928;49.99;406.5;0.115;430.4;0.119;0.0;0.000;60;0;0;0.975;1.045;0.765;28;31;53;49.99;49.99;49.99;4831;1000;0.0;0;1.0000;0;0
600;2015-11-21 15:10:00;172602N232;58;3.832;27;222;222;223;221;0.722;49.98;377.6;0.053;390.5;0.059;0.0;0.000;60;0;0;0.771;0.835;0.561;7;15;37;49.98;49.98;49.98;4831;1000;0.0;0;1.0000;0;0
600;2015-11-21 15:20:00;172602N232;10;3.834;27;221;222;223;219;0.243;50.00;276.8;0.005;271.8;0.008;0.0;0.000;60;0;0;0.304;0.253;0.173;1;5;11;50.00;50.00;50.00;4831;1000;0.0;0;1.0000;0;0
600;2015-11-21 15:30:00;172602N232;0;3.834;26;222;222;223;220;0.005;50.01;276.2;0.000;275.6;0.000;0.0;0.000;50;0;0;0.006;0.006;0.003;0;0;0;50.01;50.01;50.01;4831;1000;0.0;0;1.0000;0;0
600;2015-11-21 15:40:00;172602N232;0;3.834;25;221;222;224;218;0.000;50.01;250.0;0.000;250.6;0.000;0.0;0.000;50;0;0;0.000;0.000;0.000;0;0;0;50.01;50.01;50.01;4831;1000;0.0;0;1.0000;0;0
600;2015-11-21 15:50:00;172602N232;0;3.834;24;221;221;224;218;0.000;49.99;228.6;0.000;229.6;0.000;0.0;0.000;50;0;0;0.000;0.000;0.000;0;0;0;49.99;49.99;49.99;4831;1000;0.0;0;1.0000;0;0
600;2015-11-21 16:00:00;172602N232;0;3.834;24;219;219;223;217;0.000;49.99;226.1;0.000;227.1;0.000;0.0;0.000;50;0;0;0.000;0.000;0.000;0;0;0;49.99;49.99;49.99;4831;1000;0.0;0;1.0000;0;0
[wr_ende]
