20160708;230003;172602N232;My Plant;+0100
[wr_def_start]
172602N232;Inverter Type;Inverter Group;72602N232      
[wr_def_end]
[wr]
INTERVAL;TIMESTAMP;SERIAL;P_AC;E_DAY;T_WR;U_AC;U_AC_1;U_AC_2;U_AC_3;I_AC;F_AC;U_DC_1;I_DC_1;U_DC_2;I_DC_2;U_DC_3;I_DC_3;S;E_WR;M_WR;I_AC_1;I_AC_2;I_AC_3;P_AC_1;P_AC_2;P_AC_3;F_AC_1;F_AC_2;F_AC_3;R_DC;PC;PCS;PCS_LL;COS_PHI;COS_PHI_LL;S_COS_PHI
600;2016-07-08 03:40:00;172602N232;0;0.000;0;4;4;4;4;0.000;0.96;4.0;0.000;4.0;0.000;0.0;0.000;50;0;0;0.000;0.000;0.000;0;0;0;0.96;0.96;0.96;144;1000;0.0;0;1.0000;0;0
600;2016-07-08 03:50:00;172602N232;0;0.000;22;224;224;227;221;0.000;50.00;227.6;0.000;228.5;0.000;0.0;0.000;50;0;0;0.000;0.000;0.000;0;0;0;50.00;50.00;50.00;0;1000;0.0;0;1.0000;0;0
600;2016-07-08 04:00:00;172602N232;0;0.000;24;224;224;227;221;0.000;50.01;229.6;0.000;230.5;0.000;0.0;0.000;50;0;0;0.000;0.000;0.000;0;0;0;50.01;50.01;50.01;0;1000;0.0;0;1.0000;0;0
600;2016-07-08 04:10:00;172602N232;0;0.000;25;224;224;227;221;0.000;50.01;242.6;0.000;243.4;0.000;0.0;0.000;50;0;0;0.000;0.000;0.000;0;0;0;50.01;50.01;50.01;0;1000;0.0;0;1.0000;0;0
600;2016-07-08 04:20:00;172602N232;0;0.000;25;222;225;226;215;0.021;50.01;275.9;0.000;275.0;0.000;0.0;0.000;60;0;0;0.030;0.017;0.017;0;0;0;50.01;50.01;50.01;2413;1000;0.0;0;1.0000;0;0
600;2016-07-08 04:30:00;172602N232;5;0.002;26;222;226;226;214;0.193;50.00;273.1;0.000;270.0;0.000;0.0;0.000;60;0;0;0.320;0.135;0.125;0;7;8;50.00;50.00;50.00;4090;1000;0.0;0;1.0000;0;0
600;2016-07-08 04:40:00;172602N232;18;0.009;26;222;226;226;214;0.345;50.00;299.3;0.011;295.0;0.011;0.0;0.000;60;0;0;0.481;0.297;0.259;0;19;19;50.00;50.00;50.00;4119;1000;0.0;0;1.0000;0;0
600;2016-07-08 04:50:00;172602N232;45;0.021;26;222;226;226;214;0.534;50.01;341.6;0.044;349.2;0.041;0.0;0.000;60;0;0;0.741;0.457;0.405;0;33;35;50.01;50.01;50.01;4119;1000;0.0;0;1.0000;0;0
600;2016-07-08 05:00:00;172602N232;82;0.039;27;222;226;226;214;0.848;50.01;374.5;0.092;381.2;0.086;0.0;0.000;60;0;0;1.298;0.645;0.602;0;52;55;50.01;50.01;50.01;4119;1000;0.0;0;1.0000;0;0
600;2016-07-08 05:10:00;172602N232;88;0.058;27;221;226;225;213;0.920;50.02;373.7;0.101;379.7;0.097;0.0;0.000;60;0;0;1.419;0.686;0.657;0;55;61;50.02;50.02;50.02;4119;1000;0.0;0;1.0000;0;0
600;2016-07-08 05:20:00;172602N232;93;0.079;28;220;225;224;212;0.964;50.02;372.2;0.108;380.9;0.104;0.0;0.000;60;0;0;1.482;0.707;0.704;0;56;61;50.02;50.02;50.02;4119;1000;0.0;0;1.0000;0;0
600;2016-07-08 05:30:00;172602N232;136;0.103;28;223;227;227;215;1.025;50.00;383.4;0.163;390.4;0.154;0.0;0.000;60;0;0;1.479;0.851;0.745;4;66;78;50.00;50.00;50.00;4119;1000;0.0;0;1.0000;0;0
600;2016-07-08 05:40:00;172602N232;156;0.133;28;224;228;228;216;1.200;49.98;391.1;0.185;395.0;0.177;0.0;0.000;60;0;0;1.893;0.892;0.817;1;84;97;49.98;49.98;49.98;4119;1000;0.0;0;1.0000;0;0
600;2016-07-08 05:50:00;172602N232;174;0.163;28;223;228;227;216;1.134;49.99;393.8;0.212;392.4;0.195;0.0;0.000;60;0;0;1.724;0.885;0.794;11;88;86;49.99;49.99;49.99;4119;1000;0.0;0;1.0000;0;0
600;2016-07-08 06:00:00;172602N232;274;0.200;29;224;227;226;219;1.188;49.99;404.7;0.335;403.7;0.310;0.0;0.000;60;0;0;1.542;1.133;0.889;52;117;106;49.99;49.99;49.99;4119;1000;0.0;0;1.0000;0;0
600;2016-07-08 06:10:00;172602N232;213;0.229;29;225;225;225;224;0.967;49.99;404.3;0.266;389.9;0.232;0.0;0.000;60;0;0;0.880;1.196;0.827;44;95;72;49.99;49.99;49.99;4119;1000;0.0;0;1.0000;0;0
600;2016-07-08 06:20:00;172602N232;163;0.253;29;224;225;225;223;0.905;50.01;402.3;0.196;393.5;0.175;0.0;0.000;60;0;0;0.888;1.145;0.684;15;78;68;50.01;50.01;50.01;4119;1000;0.0;0;1.0000;0;0
600;2016-07-08 06:30:00;172602N232;181;0.280;30;223;224;225;222;0.977;50.03;404.9;0.223;389.3;0.196;0.0;0.000;60;0;0;1.015;1.185;0.732;22;77;80;50.03;50.03;50.03;4119;1000;0.0;0;1.0000;0;0
600;2016-07-08 06:40:00;172602N232;175;0.305;30;223;224;224;222;0.973;50.01;401.9;0.216;390.2;0.190;0.0;0.000;60;0;0;1.021;1.148;0.751;25;70;79;50.01;50.01;50.01;4119;1000;0.0;0;1.0000;0;0
600;2016-07-08 06:50:00;172602N232;188;0.334;30;223;223;223;223;0.962;50.00;404.7;0.234;391.6;0.203;0.0;0.000;60;0;0;1.006;1.096;0.786;48;75;64;50.00;50.00;50.00;4119;1000;0.0;0;1.0000;0;0
600;2016-07-08 07:00:00;172602N232;376;0.397;30;222;223;222;223;1.076;49.98;416.5;0.472;407.0;0.407;0.0;0.000;60;0;0;1.124;1.034;1.071;114;137;123;49.98;49.98;49.98;4119;1000;0.0;0;1.0000;0;0
600;2016-07-08 07:10:00;172602N232;735;0.519;31;222;222;223;222;1.212;49.98;425.8;0.915;413.8;0.817;0.0;0.000;60;0;0;1.208;1.217;1.213;234;251;248;49.98;49.98;49.98;4119;1000;0.0;0;1.0000;0;0
600;2016-07-08 07:20:00;172602N232;762;0.647;31;223;222;224;223;1.192;50.01;421.9;0.974;409.8;0.842;0.0;0.000;60;0;0;1.138;1.233;1.206;239;264;257;50.01;50.01;50.01;4119;1000;0.0;0;1.0000;0;0
600;2016-07-08 07:30:00;172602N232;537;0.736;31;222;222;223;222;0.870;50.00;422.3;0.698;401.6;0.582;0.0;0.000;60;0;0;0.820;0.907;0.883;166;187;181;50.00;50.00;50.00;4119;1000;0.0;0;1.0000;0;0
600;2016-07-08 07:40:00;172602N232;905;0.887;32;222;222;223;222;1.457;49.98;430.6;1.133;412.6;1.000;0.0;0.000;60;0;0;1.469;1.457;1.447;293;307;303;49.98;49.98;49.98;4119;1000;0.0;0;1.0000;0;0
600;2016-07-08 07:50:00;172602N232;855;1.030;32;222;222;223;222;1.326;50.00;433.2;1.096;404.6;0.926;0.0;0.000;60;0;0;1.277;1.362;1.341;272;294;287;50.00;50.00;50.00;4119;1000;0.0;0;1.0000;0;0
600;2016-07-08 08:00:00;172602N232;1137;1.221;33;222;223;222;222;1.776;49.99;427.7;1.536;411.3;1.177;0.0;0.000;60;0;0;1.753;1.797;1.780;370;386;378;49.99;49.99;49.99;4119;1000;0.0;0;1.0000;0;0
600;2016-07-08 08:10:00;172602N232;1225;1.424;33;222;223;222;221;1.894;49.99;398.4;1.809;413.0;1.246;0.0;0.000;60;0;0;1.869;1.915;1.899;400;415;407;49.99;49.99;49.99;4119;1000;0.0;0;1.0000;0;0
600;2016-07-08 08:20:00;172602N232;1100;1.608;34;222;223;222;222;1.712;49.99;406.6;1.518;410.6;1.185;0.0;0.000;60;0;0;1.685;1.730;1.723;358;372;368;49.99;49.99;49.99;4119;1000;0.0;0;1.0000;0;0
600;2016-07-08 08:30:00;172602N232;1175;1.804;34;222;222;222;222;1.820;50.00;415.2;1.572;406.8;1.285;0.0;0.000;60;0;0;1.785;1.841;1.834;381;398;394;50.00;50.00;50.00;4119;1000;0.0;0;1.0000;0;0
600;2016-07-08 08:40:00;172602N232;1310;2.022;34;222;222;223;222;2.019;49.99;407.1;1.881;408.9;1.326;0.0;0.000;60;0;0;1.997;2.043;2.019;428;444;436;49.99;49.99;49.99;4119;1000;0.0;0;1.0000;0;0
600;2016-07-08 08:50:00;172602N232;913;2.174;35;222;222;223;220;1.485;50.00;408.7;1.247;411.4;0.966;0.0;0.000;60;0;0;1.515;1.479;1.462;297;310;303;50.00;50.00;50.00;4119;1000;0.0;0;1.0000;0;0
600;2016-07-08 09:00:00;172602N232;1559;2.435;35;225;225;227;223;2.331;49.99;408.9;2.290;405.7;1.555;0.0;0.000;60;0;0;2.290;2.381;2.323;510;535;513;49.99;49.99;49.99;4119;1000;0.0;0;1.0000;0;0
600;2016-07-08 09:10:00;172602N232;1518;2.688;35;226;226;228;224;2.300;50.00;412.0;2.232;408.7;1.483;0.0;0.000;60;0;0;2.267;2.331;2.303;493;519;504;50.00;50.00;50.00;4119;1000;0.0;0;1.0000;0;0
600;2016-07-08 09:20:00;172602N232;2452;3.097;35;227;226;229;225;3.621;49.99;399.1;4.158;319.9;2.659;0.0;0.000;60;0;0;3.565;3.697;3.602;800;844;806;49.99;49.99;49.99;4119;1000;0.0;0;1.0000;0;0
600;2016-07-08 09:30:00;172602N232;2806;3.564;38;227;226;230;225;4.132;49.98;394.3;4.562;271.2;3.942;0.0;0.000;60;0;0;4.081;4.210;4.106;919;964;921;49.98;49.98;49.98;4119;1000;0.0;0;1.0000;0;0
600;2016-07-08 09:40:00;172602N232;2887;4.046;39;227;226;230;225;4.249;49.98;388.7;4.513;308.8;4.010;0.0;0.000;60;0;0;4.189;4.343;4.217;942;995;946;49.98;49.98;49.98;4119;1000;0.0;0;1.0000;0;0
600;2016-07-08 09:50:00;172602N232;3728;4.667;40;228;227;231;226;5.467;49.99;384.8;5.748;298.7;5.315;0.0;0.000;60;0;0;5.406;5.582;5.413;1222;1285;1217;49.99;49.99;49.99;4119;1000;0.0;0;1.0000;0;0
600;2016-07-08 10:00:00;172602N232;3010;5.169;39;227;226;230;224;4.435;49.99;386.4;4.386;357.6;3.902;0.0;0.000;60;0;0;4.375;4.544;4.388;985;1044;980;49.99;49.99;49.99;4119;1000;0.0;0;1.0000;0;0
600;2016-07-08 10:10:00;172602N232;1684;5.449;39;225;225;227;224;2.511;49.99;393.9;2.292;395.2;2.030;0.0;0.000;60;0;0;2.465;2.556;2.513;550;575;558;49.99;49.99;49.99;4119;1000;0.0;0;1.0000;0;0
600;2016-07-08 10:20:00;172602N232;1709;5.733;39;226;226;228;224;2.538;50.00;403.1;2.240;413.2;1.972;0.0;0.000;60;0;0;2.484;2.598;2.532;556;588;563;50.00;50.00;50.00;4119;1000;0.0;0;1.0000;0;0
600;2016-07-08 10:30:00;172602N232;2385;6.132;39;226;226;229;224;3.524;49.98;401.9;3.129;406.4;2.839;0.0;0.000;60;0;0;3.477;3.593;3.502;782;819;782;49.98;49.98;49.98;4119;1000;0.0;0;1.0000;0;0
600;2016-07-08 10:40:00;172602N232;3508;6.717;40;228;227;231;225;5.151;49.99;391.3;4.671;389.7;4.447;0.0;0.000;60;0;0;5.099;5.256;5.099;1154;1210;1143;49.99;49.99;49.99;4119;1000;0.0;0;1.0000;0;0
600;2016-07-08 10:50:00;172602N232;2012;7.053;40;226;225;229;224;2.993;50.01;395.5;2.642;402.9;2.448;0.0;0.000;60;0;0;2.922;3.066;2.993;650;695;665;50.01;50.01;50.01;4119;1000;0.0;0;1.0000;0;0
600;2016-07-08 11:00:00;172602N232;1518;7.305;40;225;225;228;223;2.266;50.00;403.8;1.946;408.8;1.805;0.0;0.000;60;0;0;2.215;2.322;2.262;493;524;500;50.00;50.00;50.00;4119;1000;0.0;0;1.0000;0;0
600;2016-07-08 11:10:00;172602N232;1962;7.632;40;226;226;228;224;2.911;50.00;405.6;2.495;410.8;2.347;0.0;0.000;60;0;0;2.863;2.977;2.894;642;675;643;50.00;50.00;50.00;4119;1000;0.0;0;1.0000;0;0
600;2016-07-08 11:20:00;172602N232;3349;8.192;40;228;228;230;225;4.917;49.99;393.4;4.380;403.6;4.141;0.0;0.000;60;0;0;4.885;5.013;4.853;1110;1151;1086;49.99;49.99;49.99;4119;1000;0.0;0;1.0000;0;0
600;2016-07-08 11:30:00;172602N232;3454;8.767;40;228;228;231;225;5.069;50.00;386.5;4.584;393.8;4.401;0.0;0.000;60;0;0;5.017;5.178;5.012;1137;1193;1123;50.00;50.00;50.00;4119;1000;0.0;0;1.0000;0;0
600;2016-07-08 11:40:00;172602N232;2718;9.220;41;227;227;230;225;4.010;50.01;391.4;3.567;398.3;3.404;0.0;0.000;60;0;0;3.950;4.088;3.994;889;934;892;50.01;50.01;50.01;4119;1000;0.0;0;1.0000;0;0
600;2016-07-08 11:50:00;172602N232;2380;9.616;41;227;227;229;224;3.521;50.01;396.8;3.087;405.0;2.909;0.0;0.000;60;0;0;3.469;3.602;3.493;781;821;776;50.01;50.01;50.01;4119;1000;0.0;0;1.0000;0;0
600;2016-07-08 12:00:00;172602N232;1945;9.942;41;226;226;229;224;2.882;50.00;401.9;2.486;408.2;2.352;0.0;0.000;60;0;0;2.833;2.943;2.872;636;668;639;50.00;50.00;50.00;4119;1000;0.0;0;1.0000;0;0
600;2016-07-08 12:10:00;172602N232;1900;10.258;41;226;226;228;225;2.816;49.99;405.7;2.390;409.8;2.299;0.0;0.000;60;0;0;2.760;2.866;2.823;619;648;631;49.99;49.99;49.99;4119;1000;0.0;0;1.0000;0;0
600;2016-07-08 12:20:00;172602N232;2148;10.616;41;226;226;228;225;3.178;49.99;405.9;2.705;409.3;2.607;0.0;0.000;60;0;0;3.125;3.228;3.181;702;731;713;49.99;49.99;49.99;4119;1000;0.0;0;1.0000;0;0
600;2016-07-08 12:30:00;172602N232;2365;11.011;41;227;226;228;226;3.490;49.98;402.4;3.006;406.2;2.897;0.0;0.000;60;0;0;3.432;3.543;3.497;772;805;786;49.98;49.98;49.98;4119;1000;0.0;0;1.0000;0;0
600;2016-07-08 12:40:00;172602N232;2558;11.437;41;227;227;229;225;3.769;50.00;398.6;3.284;402.3;3.174;0.0;0.000;60;0;0;3.711;3.845;3.752;838;878;840;50.00;50.00;50.00;4119;1000;0.0;0;1.0000;0;0
600;2016-07-08 12:50:00;172602N232;2014;11.773;41;227;228;229;225;2.973;50.00;398.2;2.599;405.9;2.451;0.0;0.000;60;0;0;2.926;3.034;2.959;661;690;661;50.00;50.00;50.00;4119;1000;0.0;0;1.0000;0;0
600;2016-07-08 13:00:00;172602N232;1729;12.061;41;227;228;229;224;2.556;50.00;405.4;2.186;409.5;2.080;0.0;0.000;60;0;0;2.507;2.624;2.537;567;597;564;50.00;50.00;50.00;4119;1000;0.0;0;1.0000;0;0
600;2016-07-08 13:10:00;172602N232;1596;12.327;41;226;228;229;221;2.365;50.01;406.7;2.012;411.1;1.906;0.0;0.000;60;0;0;2.328;2.444;2.324;527;556;511;50.01;50.01;50.01;4119;1000;0.0;0;1.0000;0;0
600;2016-07-08 13:20:00;172602N232;1829;12.632;41;227;228;230;223;2.704;50.02;408.1;2.290;410.6;2.204;0.0;0.000;60;0;0;2.654;2.788;2.672;600;636;591;50.02;50.02;50.02;4119;1000;0.0;0;1.0000;0;0
600;2016-07-08 13:30:00;172602N232;2333;13.020;41;228;229;231;224;3.432;49.99;404.0;2.957;408.0;2.838;0.0;0.000;60;0;0;3.393;3.524;3.380;770;808;752;49.99;49.99;49.99;4119;1000;0.0;0;1.0000;0;0
600;2016-07-08 13:40:00;172602N232;1890;13.336;41;228;229;231;224;2.778;50.00;404.8;2.384;405.5;2.312;0.0;0.000;60;0;0;2.728;2.866;2.742;620;657;611;50.00;50.00;50.00;4119;1000;0.0;0;1.0000;0;0
600;2016-07-08 13:50:00;172602N232;1593;13.602;41;228;228;231;226;2.355;50.00;408.8;1.986;407.4;1.935;0.0;0.000;60;0;0;2.304;2.417;2.345;518;551;523;50.00;50.00;50.00;4119;1000;0.0;0;1.0000;0;0
600;2016-07-08 14:00:00;172602N232;1039;13.775;41;228;228;230;226;1.586;49.99;403.8;1.320;407.7;1.237;0.0;0.000;60;0;0;1.550;1.625;1.584;334;359;345;49.99;49.99;49.99;4119;1000;0.0;0;1.0000;0;0
600;2016-07-08 14:10:00;172602N232;463;13.852;41;228;228;229;227;0.857;50.00;389.6;0.596;394.1;0.560;0.0;0.000;60;0;0;0.839;0.868;0.866;138;163;160;50.00;50.00;50.00;4119;1000;0.0;0;1.0000;0;0
600;2016-07-08 14:20:00;172602N232;528;13.940;40;227;228;227;226;1.293;50.00;396.2;0.660;399.4;0.641;0.0;0.000;60;0;0;1.416;1.216;1.247;166;179;180;50.00;50.00;50.00;4119;1000;0.0;0;1.0000;0;0
600;2016-07-08 14:30:00;172602N232;2093;14.290;40;228;228;230;226;3.083;49.99;407.1;2.576;411.6;2.570;0.0;0.000;60;0;0;3.046;3.143;3.060;688;717;686;49.99;49.99;49.99;4119;1000;0.0;0;1.0000;0;0
600;2016-07-08 14:40:00;172602N232;1998;14.623;40;225;225;226;224;2.979;49.99;411.3;2.438;402.8;2.502;0.0;0.000;60;0;0;2.939;3.022;2.977;657;678;661;49.99;49.99;49.99;4119;1000;0.0;0;1.0000;0;0
600;2016-07-08 14:50:00;172602N232;1877;14.936;40;225;224;227;223;2.803;50.00;405.3;2.330;407.1;2.318;0.0;0.000;60;0;0;2.735;2.869;2.807;607;646;621;50.00;50.00;50.00;4119;1000;0.0;0;1.0000;0;0
600;2016-07-08 15:00:00;172602N232;1322;15.156;40;224;223;226;223;2.021;49.99;394.5;1.687;407.6;1.618;0.0;0.000;60;0;0;1.971;2.066;2.027;424;457;440;49.99;49.99;49.99;4119;1000;0.0;0;1.0000;0;0
600;2016-07-08 15:10:00;172602N232;779;15.287;41;224;223;226;223;1.202;50.00;407.4;0.966;412.5;0.923;0.0;0.000;60;0;0;1.139;1.249;1.218;244;272;262;50.00;50.00;50.00;4119;1000;0.0;0;1.0000;0;0
600;2016-07-08 15:20:00;172602N232;818;15.423;41;223;223;225;223;1.263;50.01;419.4;0.984;419.2;0.949;0.0;0.000;60;0;0;1.204;1.307;1.280;257;284;275;50.01;50.01;50.01;4119;1000;0.0;0;1.0000;0;0
600;2016-07-08 15:30:00;172602N232;959;15.584;41;224;223;224;224;1.462;50.01;421.7;1.146;421.3;1.118;0.0;0.000;60;0;0;1.408;1.493;1.486;306;327;324;50.01;50.01;50.01;4119;1000;0.0;0;1.0000;0;0
600;2016-07-08 15:40:00;172602N232;341;15.639;40;224;223;224;223;0.939;49.99;381.0;0.411;388.3;0.407;0.0;0.000;60;0;0;1.031;0.931;0.855;99;123;118;49.99;49.99;49.99;4119;1000;0.0;0;1.0000;0;0
600;2016-07-08 15:50:00;172602N232;73;15.652;40;223;223;224;223;0.772;50.00;351.5;0.082;364.5;0.082;0.0;0.000;60;0;0;0.932;0.769;0.615;5;33;36;50.00;50.00;50.00;4119;1000;0.0;0;1.0000;0;0
600;2016-07-08 16:00:00;172602N232;234;15.692;40;224;223;224;223;1.068;50.01;387.8;0.282;391.7;0.285;0.0;0.000;60;0;0;1.181;1.141;0.882;60;86;86;50.01;50.01;50.01;4119;1000;0.0;0;1.0000;0;0
600;2016-07-08 16:10:00;172602N232;341;15.748;39;223;224;225;219;1.178;50.00;396.3;0.414;401.9;0.410;0.0;0.000;60;0;0;1.272;1.222;1.040;86;124;129;50.00;50.00;50.00;4119;1000;0.0;0;1.0000;0;0
600;2016-07-08 16:20:00;172602N232;338;15.805;39;221;225;226;213;1.183;50.01;405.1;0.406;408.0;0.393;0.0;0.000;60;0;0;1.337;1.168;1.045;88;123;125;50.01;50.01;50.01;4119;1000;0.0;0;1.0000;0;0
600;2016-07-08 16:30:00;172602N232;258;15.848;39;221;226;225;213;1.156;50.03;392.9;0.313;399.8;0.306;0.0;0.000;60;0;0;1.552;1.141;0.777;50;112;95;50.03;50.03;50.03;4119;1000;0.0;0;1.0000;0;0
600;2016-07-08 16:40:00;172602N232;123;15.870;38;220;225;223;213;1.036;50.00;378.5;0.146;379.2;0.140;0.0;0.000;60;0;0;1.652;0.779;0.679;0;81;69;50.00;50.00;50.00;4119;1000;0.0;0;1.0000;0;0
600;2016-07-08 16:50:00;172602N232;121;15.890;38;220;225;223;213;1.053;50.01;379.2;0.145;380.5;0.138;0.0;0.000;60;0;0;1.655;0.766;0.738;0;71;70;50.01;50.01;50.01;4119;1000;0.0;0;1.0000;0;0
600;2016-07-08 17:00:00;172602N232;120;15.910;38;220;224;224;212;0.982;49.99;378.8;0.141;377.5;0.140;0.0;0.000;60;0;0;1.441;0.793;0.714;2;55;72;49.99;49.99;49.99;4119;1000;0.0;0;1.0000;0;0
600;2016-07-08 17:10:00;172602N232;63;15.921;38;219;222;225;211;0.667;49.99;340.1;0.067;341.9;0.071;0.0;0.000;60;0;0;0.659;0.854;0.489;15;8;45;49.99;49.99;49.99;4119;1000;0.0;0;1.0000;0;0
600;2016-07-08 17:20:00;172602N232;92;15.937;37;220;223;226;210;0.889;50.00;363.1;0.107;371.0;0.108;0.0;0.000;60;0;0;0.901;1.087;0.680;21;12;65;50.00;50.00;50.00;4119;1000;0.0;0;1.0000;0;0
600;2016-07-08 17:30:00;172602N232;84;15.951;37;220;225;225;211;0.882;50.01;365.2;0.095;369.5;0.096;0.0;0.000;60;0;0;1.301;0.709;0.636;0;46;59;50.01;50.01;50.01;4119;1000;0.0;0;1.0000;0;0
600;2016-07-08 17:40:00;172602N232;106;15.968;37;221;224;226;213;0.943;50.00;377.4;0.122;380.5;0.119;0.0;0.000;60;0;0;1.324;0.818;0.687;1;44;68;50.00;50.00;50.00;4119;1000;0.0;0;1.0000;0;0
600;2016-07-08 17:50:00;172602N232;97;15.985;37;220;223;226;212;0.913;49.99;376.8;0.111;377.4;0.110;0.0;0.000;60;0;0;1.040;1.006;0.695;16;21;64;49.99;49.99;49.99;4119;1000;0.0;0;1.0000;0;0
600;2016-07-08 18:00:00;172602N232;111;16.003;37;222;224;228;215;0.880;49.99;381.0;0.127;381.5;0.126;0.0;0.000;60;0;0;0.844;1.150;0.647;35;9;66;49.99;49.99;49.99;4119;1000;0.0;0;1.0000;0;0
600;2016-07-08 18:10:00;172602N232;138;16.027;37;223;226;229;213;0.976;49.99;388.7;0.160;389.1;0.157;0.0;0.000;60;0;0;1.037;1.111;0.781;17;35;86;49.99;49.99;49.99;4119;1000;0.0;0;1.0000;0;0
600;2016-07-08 18:20:00;172602N232;173;16.056;37;224;228;228;215;1.178;49.99;392.9;0.205;394.1;0.200;0.0;0.000;60;0;0;1.708;0.994;0.834;5;75;103;49.99;49.99;49.99;4119;1000;0.0;0;1.0000;0;0
600;2016-07-08 18:30:00;172602N232;192;16.088;37;224;227;227;216;1.308;50.01;397.1;0.226;396.4;0.223;0.0;0.000;60;0;0;2.083;0.958;0.883;2;98;116;50.01;50.01;50.01;4119;1000;0.0;0;1.0000;0;0
600;2016-07-08 18:40:00;172602N232;172;16.117;37;224;227;225;221;1.158;50.00;394.9;0.200;393.2;0.199;0.0;0.000;60;0;0;1.703;0.977;0.794;5;109;77;50.00;50.00;50.00;4119;1000;0.0;0;1.0000;0;0
600;2016-07-08 18:50:00;172602N232;145;16.142;37;225;226;225;224;0.873;50.00;389.6;0.167;389.5;0.165;0.0;0.000;60;0;0;0.965;0.998;0.656;9;79;55;50.00;50.00;50.00;4119;1000;0.0;0;1.0000;0;0
600;2016-07-08 19:00:00;172602N232;153;16.167;37;226;226;227;225;0.920;49.99;390.9;0.178;392.0;0.174;0.0;0.000;60;0;0;0.932;1.064;0.765;22;61;68;49.99;49.99;49.99;4119;1000;0.0;0;1.0000;0;0
600;2016-07-08 19:10:00;172602N232;141;16.191;37;226;227;227;226;1.027;49.99;391.4;0.163;390.2;0.161;0.0;0.000;60;0;0;1.325;0.942;0.814;15;65;62;49.99;49.99;49.99;4119;1000;0.0;0;1.0000;0;0
600;2016-07-08 19:20:00;172602N232;130;16.212;37;226;225;226;226;0.939;50.01;389.3;0.149;388.2;0.148;0.0;0.000;60;0;0;1.135;0.888;0.795;30;49;49;50.01;50.01;50.01;4119;1000;0.0;0;1.0000;0;0
600;2016-07-08 19:30:00;172602N232;109;16.232;37;226;225;227;226;0.924;50.00;382.6;0.125;383.2;0.124;0.0;0.000;60;0;0;0.944;1.002;0.827;39;31;38;50.01;50.00;50.00;4119;1000;0.0;0;1.0000;0;0
600;2016-07-08 19:40:00;172602N232;83;16.245;37;226;224;226;227;0.896;50.02;372.6;0.093;375.9;0.093;0.0;0.000;60;0;0;0.872;0.924;0.892;34;27;20;50.02;50.02;50.02;4119;1000;0.0;0;1.0000;0;0
600;2016-07-08 19:50:00;172602N232;54;16.254;36;226;225;227;227;0.694;50.00;356.3;0.055;361.4;0.056;0.0;0.000;60;0;0;0.552;0.888;0.642;27;10;21;50.00;50.00;50.00;4119;1000;0.0;0;1.0000;0;0
600;2016-07-08 20:00:00;172602N232;33;16.260;36;226;225;226;227;0.489;50.00;326.2;0.028;336.3;0.030;0.0;0.000;60;0;0;0.389;0.520;0.558;16;20;5;50.00;50.00;50.00;4119;1000;0.0;0;1.0000;0;0
600;2016-07-08 20:10:00;172602N232;32;16.266;36;226;226;227;227;0.490;50.00;321.8;0.028;335.3;0.030;0.0;0.000;60;0;0;0.457;0.592;0.421;7;11;16;50.00;50.00;50.00;4119;1000;0.0;0;1.0000;0;0
600;2016-07-08 20:20:00;172602N232;11;16.268;36;226;225;227;226;0.309;50.00;266.9;0.003;260.9;0.006;0.0;0.000;60;0;0;0.299;0.390;0.240;5;3;10;50.00;50.00;50.00;4119;1000;0.0;0;1.0000;0;0
600;2016-07-08 20:30:00;172602N232;5;16.269;36;226;225;226;225;0.254;49.99;251.5;0.000;253.3;0.000;0.0;0.000;60;0;0;0.290;0.267;0.205;1;1;8;49.99;49.99;49.99;4119;1000;0.0;0;1.0000;0;0
600;2016-07-08 20:40:00;172602N232;3;16.270;36;226;225;228;225;0.242;49.99;251.4;0.000;252.9;0.000;0.0;0.000;60;0;0;0.195;0.364;0.168;4;0;9;49.99;49.99;49.99;4119;1000;0.0;0;1.0000;0;0
600;2016-07-08 20:50:00;172602N232;0;16.269;35;226;225;228;226;0.017;49.99;266.7;0.000;266.3;0.000;0.0;0.000;60;0;0;0.014;0.027;0.012;0;0;0;49.99;49.99;49.99;3997;1000;0.0;0;1.0000;0;0
600;2016-07-08 21:00:00;172602N232;0;16.270;35;224;224;225;224;0.077;50.00;251.3;0.000;251.4;0.000;0.0;0.000;60;0;0;0.101;0.093;0.037;2;0;1;50.00;50.00;50.00;3650;1000;0.0;0;1.0000;0;0
600;2016-07-08 21:10:00;172602N232;0;16.270;35;223;222;224;222;0.000;50.01;275.1;0.000;274.3;0.000;0.0;0.000;50;0;0;0.000;0.000;0.000;0;0;0;50.01;50.01;50.01;3650;1000;0.0;0;1.0000;0;0
600;2016-07-08 21:20:00;172602N232;0;16.270;34;223;223;225;221;0.000;50.00;243.0;0.000;243.9;0.000;0.0;0.000;50;0;0;0.000;0.000;0.000;0;0;0;50.00;50.00;50.00;3650;1000;0.0;0;1.0000;0;0
600;2016-07-08 21:30:00;172602N232;0;16.270;34;224;224;227;222;0.000;49.99;295.2;0.000;293.6;0.000;0.0;0.000;51;0;0;0.001;0.000;0.000;0;0;0;49.99;49.99;49.99;3770;1000;0.0;0;1.0000;0;0
600;2016-07-08 21:40:00;172602N232;0;16.270;34;225;225;229;222;0.000;49.99;271.7;0.000;271.2;0.000;0.0;0.000;51;0;0;0.000;0.000;0.000;0;0;0;49.99;49.99;49.99;3938;1000;0.0;0;1.0000;0;0
600;2016-07-08 21:50:00;172602N232;0;16.270;33;227;227;230;224;0.000;50.01;228.8;0.000;229.8;0.000;0.0;0.000;51;0;0;0.000;0.000;0.000;0;0;0;50.01;50.01;50.01;3938;1000;0.0;0;1.0000;0;0
[wr_ende]
