20130227;230002;172602N232;My Plant;+0100
[wr_def_start]
172602N232;Inverter Type;Inverter Group;72602N232      
[wr_def_end]
[wr]
INTERVAL;TIMESTAMP;SERIAL;P_AC;E_DAY;T_WR;U_AC;U_AC_1;U_AC_2;U_AC_3;I_AC;F_AC;U_DC_1;I_DC_1;U_DC_2;I_DC_2;U_DC_3;I_DC_3;S;E_WR;M_WR;I_AC_1;I_AC_2;I_AC_3;P_AC_1;P_AC_2;P_AC_3;F_AC_1;F_AC_2;F_AC_3;R_DC;PC;PCS;PCS_LL;COS_PHI;COS_PHI_LL;S_COS_PHI
600;2013-02-27 07:00:00;172602N232;0;0.000;0;4;4;4;4;0.000;0.92;4.0;0.000;4.1;0.000;0.0;0.000;50;0;0;0.000;0.000;0.000;0;0;0;0.92;0.92;0.92;79;1000;0.0;0;1.0000;0;0
600;2013-02-27 07:10:00;172602N232;0;0.000;16;220;220;221;218;0.000;50.02;231.1;0.000;232.1;0.000;0.0;0.000;50;0;0;0.000;0.000;0.000;0;0;0;50.02;50.02;50.02;0;1000;0.0;0;1.0000;0;0
600;2013-02-27 07:20:00;172602N232;0;0.000;17;219;220;221;218;0.001;49.99;272.4;0.000;272.3;0.000;0.0;0.000;60;0;0;0.002;0.001;0.001;0;0;0;49.99;49.99;49.99;1257;1000;0.0;0;1.0000;0;0
600;2013-02-27 07:30:00;172602N232;9;0.003;17;221;222;220;221;0.237;49.99;286.1;0.004;280.1;0.005;0.0;0.000;60;0;0;0.341;0.172;0.200;0;11;10;49.99;49.99;49.99;4876;1000;0.0;0;1.0000;0;0
600;2013-02-27 07:40:00;172602N232;50;0.013;18;221;223;220;221;0.604;49.99;380.3;0.047;383.9;0.044;0.0;0.000;60;0;0;0.784;0.475;0.553;2;38;24;49.99;49.99;49.99;4876;1000;0.0;0;1.0000;0;0
600;2013-02-27 07:50:00;172602N232;98;0.031;18;221;223;219;221;0.924;49.99;408.7;0.107;412.9;0.099;0.0;0.000;60;0;0;1.310;0.700;0.763;1;64;36;49.99;49.99;49.99;4876;1000;0.0;0;1.0000;0;0
600;2013-02-27 08:00:00;172602N232;157;0.056;19;220;222;219;221;1.093;50.01;421.7;0.176;425.4;0.162;0.0;0.000;60;0;0;1.541;0.896;0.842;9;102;47;50.01;50.01;50.01;4876;1000;0.0;0;1.0000;0;0
600;2013-02-27 08:10:00;172602N232;213;0.087;19;220;222;219;221;1.016;50.00;428.7;0.240;430.5;0.223;0.0;0.000;60;0;0;1.233;0.850;0.967;36;91;84;50.00;50.00;50.00;4876;1000;0.0;0;1.0000;0;0
600;2013-02-27 08:20:00;172602N232;272;0.133;20;220;222;220;220;1.133;49.99;432.9;0.308;435.7;0.287;0.0;0.000;60;0;0;1.387;1.109;0.903;75;125;70;49.99;49.99;49.99;4876;1000;0.0;0;1.0000;0;0
600;2013-02-27 08:30:00;172602N232;318;0.186;21;220;222;218;221;1.163;50.00;437.0;0.361;437.4;0.338;0.0;0.000;60;0;0;1.273;1.012;1.206;94;123;99;50.00;50.00;50.00;4876;1000;0.0;0;1.0000;0;0
600;2013-02-27 08:40:00;172602N232;351;0.245;22;220;221;218;221;1.160;50.00;437.7;0.399;437.8;0.377;0.0;0.000;60;0;0;1.257;1.088;1.137;100;144;105;50.00;50.00;50.00;4876;1000;0.0;0;1.0000;0;0
600;2013-02-27 08:50:00;172602N232;405;0.313;22;221;222;220;220;1.125;50.01;441.0;0.458;438.9;0.435;0.0;0.000;60;0;0;1.200;1.146;1.030;120;156;126;50.01;50.01;50.01;4876;1000;0.0;0;1.0000;0;0
600;2013-02-27 09:00:00;172602N232;492;0.395;23;222;223;222;221;0.791;49.99;446.0;0.556;441.8;0.532;0.0;0.000;60;0;0;0.744;0.826;0.804;153;172;166;49.99;49.99;49.99;4876;1000;0.0;0;1.0000;0;0
600;2013-02-27 09:10:00;172602N232;508;0.479;23;222;222;223;222;1.137;49.98;429.9;0.595;446.2;0.545;0.0;0.000;60;0;0;1.150;1.166;1.095;166;178;162;49.98;49.98;49.98;4876;1000;0.0;0;1.0000;0;0
600;2013-02-27 09:20:00;172602N232;613;0.582;24;222;222;223;221;1.028;49.99;442.9;0.700;448.9;0.656;0.0;0.000;60;0;0;1.026;1.056;1.002;190;215;206;49.99;49.99;49.99;4876;1000;0.0;0;1.0000;0;0
600;2013-02-27 09:30:00;172602N232;589;0.681;24;221;221;222;221;0.930;49.99;449.2;0.662;444.8;0.637;0.0;0.000;60;0;0;0.875;0.969;0.946;183;205;199;49.99;49.99;49.99;4876;1000;0.0;0;1.0000;0;0
600;2013-02-27 09:40:00;172602N232;654;0.789;25;221;221;222;221;1.047;50.02;448.8;0.736;444.1;0.711;0.0;0.000;60;0;0;1.010;1.075;1.058;205;225;221;50.02;50.02;50.02;4876;1000;0.0;0;1.0000;0;0
600;2013-02-27 09:50:00;172602N232;739;0.914;25;221;222;222;220;1.158;50.01;451.2;0.831;444.9;0.805;0.0;0.000;60;0;0;1.110;1.196;1.170;235;255;248;50.01;50.01;50.01;4876;1000;0.0;0;1.0000;0;0
600;2013-02-27 10:00:00;172602N232;713;1.032;26;221;222;222;219;1.115;50.01;450.0;0.800;443.0;0.780;0.0;0.000;60;0;0;1.069;1.156;1.122;227;247;237;50.01;50.01;50.01;4876;1000;0.0;0;1.0000;0;0
600;2013-02-27 10:10:00;172602N232;808;1.167;26;222;222;222;221;1.262;50.01;449.3;0.909;443.6;0.888;0.0;0.000;60;0;0;1.225;1.289;1.274;259;276;271;50.01;50.01;50.01;4876;1000;0.0;0;1.0000;0;0
600;2013-02-27 10:20:00;172602N232;880;1.314;26;222;222;222;221;1.362;50.01;449.2;0.992;442.8;0.970;0.0;0.000;60;0;0;1.319;1.390;1.379;283;300;296;50.01;50.01;50.01;4876;1000;0.0;0;1.0000;0;0
600;2013-02-27 10:30:00;172602N232;921;1.468;27;221;222;221;221;1.420;50.03;448.3;1.043;442.0;1.014;0.0;0.000;60;0;0;1.378;1.446;1.437;298;312;309;50.03;50.03;50.03;4876;1000;0.0;0;1.0000;0;0
600;2013-02-27 10:40:00;172602N232;836;1.608;27;221;222;222;221;1.297;50.04;446.1;0.949;439.9;0.927;0.0;0.000;60;0;0;1.248;1.331;1.313;267;286;281;50.04;50.04;50.04;4876;1000;0.0;0;1.0000;0;0
600;2013-02-27 10:50:00;172602N232;884;1.754;27;222;221;223;221;1.362;50.03;446.8;1.005;439.6;0.979;0.0;0.000;60;0;0;1.306;1.400;1.382;280;304;297;50.03;50.03;50.03;4876;1000;0.0;0;1.0000;0;0
600;2013-02-27 11:00:00;172602N232;956;1.914;27;221;220;222;221;1.470;50.01;446.1;1.089;439.5;1.062;0.0;0.000;60;0;0;1.413;1.508;1.490;304;328;322;50.01;50.01;50.01;4876;1000;0.0;0;1.0000;0;0
600;2013-02-27 11:10:00;172602N232;1002;2.080;28;221;221;222;221;1.538;49.99;444.6;1.148;438.9;1.114;0.0;0.000;60;0;0;1.484;1.575;1.556;320;344;337;49.99;49.99;49.99;4876;1000;0.0;0;1.0000;0;0
600;2013-02-27 11:20:00;172602N232;1034;2.254;28;221;220;222;222;1.582;49.99;444.5;1.189;438.2;1.151;0.0;0.000;60;0;0;1.528;1.616;1.604;330;353;349;49.99;49.99;49.99;4876;1000;0.0;0;1.0000;0;0
600;2013-02-27 11:30:00;172602N232;1083;2.435;28;221;220;222;222;1.676;49.99;445.2;1.241;438.4;1.206;0.0;0.000;60;0;0;1.631;1.706;1.692;348;369;364;49.99;49.99;49.99;4876;1000;0.0;0;1.0000;0;0
600;2013-02-27 11:40:00;172602N232;1125;2.622;28;222;222;222;221;1.744;50.00;443.3;1.297;438.1;1.253;0.0;0.000;60;0;0;1.728;1.756;1.748;369;380;374;50.00;50.00;50.00;4876;1000;0.0;0;1.0000;0;0
600;2013-02-27 11:50:00;172602N232;1143;2.812;28;222;222;224;222;1.781;50.02;442.1;1.328;437.3;1.271;0.0;0.000;60;0;0;1.735;1.811;1.799;365;392;384;50.02;50.02;50.02;4876;1000;0.0;0;1.0000;0;0
600;2013-02-27 12:00:00;172602N232;1094;2.995;29;223;222;224;222;1.682;49.97;442.2;1.267;437.0;1.218;0.0;0.000;60;0;0;1.635;1.718;1.694;351;375;365;49.97;49.97;49.97;4876;1000;0.0;0;1.0000;0;0
600;2013-02-27 12:10:00;172602N232;1104;3.179;29;223;222;224;223;1.690;49.99;439.7;1.291;437.3;1.224;0.0;0.000;60;0;0;1.635;1.730;1.707;353;380;370;49.99;49.99;49.99;4876;1000;0.0;0;1.0000;0;0
600;2013-02-27 12:20:00;172602N232;1432;3.420;29;223;222;225;223;2.164;50.00;438.9;1.706;441.3;1.556;0.0;0.000;60;0;0;2.090;2.218;2.184;458;492;481;50.00;50.00;50.00;4876;1000;0.0;0;1.0000;0;0
600;2013-02-27 12:30:00;172602N232;1560;3.678;29;223;222;224;222;2.345;50.00;438.2;1.864;440.6;1.697;0.0;0.000;60;0;0;2.288;2.389;2.359;506;531;521;50.00;50.00;50.00;4876;1000;0.0;0;1.0000;0;0
600;2013-02-27 12:40:00;172602N232;2034;4.018;29;223;222;223;222;3.058;50.01;434.8;2.444;439.6;2.233;0.0;0.000;60;0;0;3.004;3.102;3.070;665;687;679;50.01;50.01;50.01;4876;1000;0.0;0;1.0000;0;0
600;2013-02-27 12:50:00;172602N232;2294;4.401;29;224;223;224;224;3.431;50.02;429.6;2.750;431.7;2.613;0.0;0.000;60;0;0;3.363;3.485;3.447;747;778;767;50.02;50.02;50.02;4876;1000;0.0;0;1.0000;0;0
600;2013-02-27 13:00:00;172602N232;1666;4.678;30;224;223;224;224;2.496;49.99;433.7;1.979;432.6;1.880;0.0;0.000;60;0;0;2.433;2.527;2.529;539;561;563;49.99;49.99;49.99;4876;1000;0.0;0;1.0000;0;0
600;2013-02-27 13:10:00;172602N232;1661;4.955;30;224;223;224;224;2.488;50.00;434.7;1.956;433.2;1.882;0.0;0.000;60;0;0;2.432;2.522;2.510;540;561;558;50.00;50.00;50.00;4876;1000;0.0;0;1.0000;0;0
600;2013-02-27 13:20:00;172602N232;1159;5.149;30;223;223;222;223;1.779;50.00;436.4;1.348;430.5;1.325;0.0;0.000;60;0;0;1.761;1.791;1.787;381;389;387;50.00;50.00;50.00;4876;1000;0.0;0;1.0000;0;0
600;2013-02-27 13:30:00;172602N232;1007;5.316;30;223;224;223;223;1.533;50.00;441.7;1.149;431.6;1.149;0.0;0.000;60;0;0;1.491;1.560;1.548;326;341;337;50.00;50.00;50.00;4876;1000;0.0;0;1.0000;0;0
600;2013-02-27 13:40:00;172602N232;1402;5.550;30;224;224;225;222;2.118;50.01;439.9;1.610;435.9;1.595;0.0;0.000;60;0;0;2.073;2.160;2.122;456;480;464;50.01;50.01;50.01;4876;1000;0.0;0;1.0000;0;0
600;2013-02-27 13:50:00;172602N232;1092;5.732;30;223;224;225;221;1.661;50.03;437.9;1.266;432.3;1.238;0.0;0.000;60;0;0;1.616;1.705;1.663;353;377;360;50.03;50.03;50.03;4876;1000;0.0;0;1.0000;0;0
600;2013-02-27 14:00:00;172602N232;835;5.871;30;223;224;223;222;1.283;49.98;438.3;0.960;430.0;0.951;0.0;0.000;60;0;0;1.238;1.320;1.293;268;287;278;49.98;49.98;49.98;4876;1000;0.0;0;1.0000;0;0
600;2013-02-27 14:10:00;172602N232;921;6.025;30;223;224;225;222;1.407;49.98;439.8;1.057;431.6;1.046;0.0;0.000;60;0;0;1.362;1.446;1.415;296;317;306;49.98;49.98;49.98;4876;1000;0.0;0;1.0000;0;0
600;2013-02-27 14:20:00;172602N232;878;6.172;30;223;224;224;222;1.347;49.98;436.3;1.007;431.0;1.007;0.0;0.000;60;0;0;1.303;1.387;1.353;282;303;291;49.98;49.98;49.98;4876;1000;0.0;0;1.0000;0;0
600;2013-02-27 14:30:00;172602N232;710;6.291;30;223;224;225;222;1.099;49.99;440.8;0.803;429.3;0.812;0.0;0.000;60;0;0;1.051;1.140;1.106;225;247;236;49.99;49.99;49.99;4876;1000;0.0;0;1.0000;0;0
600;2013-02-27 14:40:00;172602N232;783;6.421;30;224;224;225;223;1.205;50.00;439.5;0.889;430.6;0.895;0.0;0.000;60;0;0;1.159;1.242;1.214;249;271;261;50.00;50.00;50.00;4876;1000;0.0;0;1.0000;0;0
600;2013-02-27 14:50:00;172602N232;610;6.523;30;224;225;225;222;0.957;50.01;428.5;0.709;428.0;0.697;0.0;0.000;60;0;0;0.916;0.993;0.963;192;212;203;50.01;50.01;50.01;4876;1000;0.0;0;1.0000;0;0
600;2013-02-27 15:00:00;172602N232;488;6.604;30;222;224;223;221;0.949;50.02;433.6;0.557;425.7;0.556;0.0;0.000;60;0;0;0.955;0.997;0.897;155;176;155;50.02;50.02;50.02;4876;1000;0.0;0;1.0000;0;0
600;2013-02-27 15:10:00;172602N232;514;6.690;30;223;224;225;221;0.820;50.00;434.0;0.589;426.4;0.584;0.0;0.000;60;0;0;0.768;0.863;0.831;159;181;172;50.00;50.00;50.00;4876;1000;0.0;0;1.0000;0;0
600;2013-02-27 15:20:00;172602N232;480;6.770;30;223;223;223;224;0.961;49.99;433.0;0.550;426.7;0.543;0.0;0.000;60;0;0;0.933;0.991;0.961;150;172;156;49.99;49.99;49.99;4876;1000;0.0;0;1.0000;0;0
600;2013-02-27 15:30:00;172602N232;369;6.832;30;223;223;222;224;1.159;49.98;430.4;0.419;423.3;0.417;0.0;0.000;60;0;0;1.176;1.164;1.138;115;152;100;49.98;49.98;49.98;4876;1000;0.0;0;1.0000;0;0
600;2013-02-27 15:40:00;172602N232;378;6.896;29;223;222;223;224;1.104;49.99;421.7;0.438;423.9;0.430;0.0;0.000;60;0;0;1.096;1.128;1.089;119;141;116;49.99;49.99;49.99;4876;1000;0.0;0;1.0000;0;0
600;2013-02-27 15:50:00;172602N232;329;6.951;29;225;225;226;225;1.185;50.02;427.8;0.374;421.6;0.372;0.0;0.000;60;0;0;1.225;1.165;1.166;100;120;108;50.02;50.02;50.02;4876;1000;0.0;0;1.0000;0;0
600;2013-02-27 16:00:00;172602N232;298;7.000;29;225;225;226;225;1.145;49.99;423.7;0.340;420.3;0.336;0.0;0.000;60;0;0;1.301;1.173;0.961;98;108;90;49.99;49.99;49.99;4876;1000;0.0;0;1.0000;0;0
600;2013-02-27 16:10:00;172602N232;269;7.045;29;225;226;225;225;1.122;49.98;423.7;0.305;418.3;0.303;0.0;0.000;60;0;0;1.294;1.199;0.875;73;121;72;49.98;49.98;49.98;4876;1000;0.0;0;1.0000;0;0
600;2013-02-27 16:20:00;172602N232;253;7.087;28;225;226;224;226;1.106;49.98;423.0;0.286;417.5;0.285;0.0;0.000;60;0;0;1.290;1.134;0.895;68;125;59;49.98;49.98;49.98;4876;1000;0.0;0;1.0000;0;0
600;2013-02-27 16:30:00;172602N232;233;7.127;28;226;226;225;225;1.023;49.99;421.6;0.264;416.3;0.261;0.0;0.000;60;0;0;1.177;1.008;0.885;53;98;81;49.99;49.99;49.99;4876;1000;0.0;0;1.0000;0;0
600;2013-02-27 16:40:00;172602N232;210;7.162;28;226;226;225;225;1.005;49.97;406.5;0.245;414.2;0.237;0.0;0.000;60;0;0;1.174;0.874;0.967;46;81;82;49.97;49.97;49.97;4876;1000;0.0;0;1.0000;0;0
600;2013-02-27 16:50:00;172602N232;199;7.196;28;225;226;224;225;1.020;49.99;401.2;0.232;413.2;0.223;0.0;0.000;60;0;0;1.259;0.843;0.960;43;90;64;49.99;49.99;49.99;4876;1000;0.0;0;1.0000;0;0
600;2013-02-27 17:00:00;172602N232;129;7.217;28;224;223;224;224;0.931;50.04;396.3;0.147;404.1;0.143;0.0;0.000;60;0;0;0.863;1.068;0.864;35;41;51;50.04;50.04;50.04;4876;1000;0.0;0;1.0000;0;0
600;2013-02-27 17:10:00;172602N232;96;7.233;28;224;223;225;224;0.889;50.03;386.9;0.108;397.1;0.104;0.0;0.000;60;0;0;0.954;0.962;0.751;17;31;46;50.03;50.03;50.03;4876;1000;0.0;0;1.0000;0;0
600;2013-02-27 17:20:00;172602N232;53;7.242;27;223;222;224;222;0.694;49.99;365.4;0.054;376.6;0.053;0.0;0.000;60;0;0;0.706;0.815;0.561;12;10;32;49.99;49.99;49.99;4876;1000;0.0;0;1.0000;0;0
600;2013-02-27 17:30:00;172602N232;19;7.245;27;221;222;222;221;0.365;49.99;307.2;0.013;307.4;0.014;0.0;0.000;60;0;0;0.486;0.333;0.276;0;17;14;49.99;49.99;49.99;4876;1000;0.0;0;1.0000;0;0
600;2013-02-27 17:40:00;172602N232;1;7.246;27;221;221;221;220;0.082;49.98;265.4;0.000;264.7;0.000;0.0;0.000;50;0;0;0.118;0.072;0.056;0;2;2;49.98;49.98;49.98;4876;1000;0.0;0;1.0000;0;0
600;2013-02-27 17:50:00;172602N232;0;7.246;25;220;221;223;216;0.000;49.97;256.0;0.000;256.0;0.000;0.0;0.000;50;0;0;0.000;0.000;0.000;0;0;0;49.97;49.97;49.97;4876;1000;0.0;0;1.0000;0;0
600;2013-02-27 18:00:00;172602N232;0;7.246;24;220;221;222;218;0.000;50.06;234.0;0.000;235.0;0.000;0.0;0.000;50;0;0;0.000;0.000;0.000;0;0;0;50.06;50.06;50.06;4876;1000;0.0;0;1.0000;0;0
600;2013-02-27 18:10:00;172602N232;0;7.246;23;220;220;222;219;0.000;50.06;226.6;0.000;227.6;0.000;0.0;0.000;50;0;0;0.000;0.000;0.000;0;0;0;50.06;50.06;50.06;4876;1000;0.0;0;1.0000;0;0
[wr_ende]
