20130606;230001;172602N232;My Plant;+0100
[wr_def_start]
172602N232;Inverter Type;Inverter Group;72602N232      
[wr_def_end]
[wr]
INTERVAL;TIMESTAMP;SERIAL;P_AC;E_DAY;T_WR;U_AC;U_AC_1;U_AC_2;U_AC_3;I_AC;F_AC;U_DC_1;I_DC_1;U_DC_2;I_DC_2;U_DC_3;I_DC_3;S;E_WR;M_WR;I_AC_1;I_AC_2;I_AC_3;P_AC_1;P_AC_2;P_AC_3;F_AC_1;F_AC_2;F_AC_3;R_DC;PC;PCS;PCS_LL;COS_PHI;COS_PHI_LL;S_COS_PHI
600;2013-06-06 04:00:00;172602N232;0;0.000;1;7;7;7;7;0.000;1.62;7.4;0.000;7.4;0.000;0.0;0.000;50;0;0;0.000;0.000;0.000;0;0;0;1.62;1.62;1.62;306;1000;0.0;0;1.0000;0;0
600;2013-06-06 04:10:00;172602N232;0;0.000;27;226;226;228;223;0.000;50.02;227.2;0.000;228.1;0.000;0.0;0.000;50;0;0;0.000;0.000;0.000;0;0;0;50.02;50.02;50.02;0;1000;0.0;0;1.0000;0;0
600;2013-06-06 04:20:00;172602N232;0;0.000;28;226;226;228;223;0.000;50.01;229.9;0.000;230.8;0.000;0.0;0.000;50;0;0;0.000;0.000;0.000;0;0;0;50.01;50.01;50.01;0;1000;0.0;0;1.0000;0;0
600;2013-06-06 04:30:00;172602N232;0;0.000;29;226;226;228;223;0.000;50.00;235.7;0.000;236.6;0.000;0.0;0.000;50;0;0;0.000;0.000;0.000;0;0;0;50.00;50.00;50.00;0;1000;0.0;0;1.0000;0;0
600;2013-06-06 04:40:00;172602N232;0;0.000;29;226;227;228;223;0.001;50.02;285.1;0.000;284.2;0.000;0.0;0.000;60;0;0;0.001;0.001;0.001;0;0;0;50.02;50.02;50.02;1564;1000;0.0;0;1.0000;0;0
600;2013-06-06 04:50:00;172602N232;2;0.000;29;226;227;228;225;0.091;50.02;270.0;0.000;273.0;0.000;0.0;0.000;60;0;0;0.117;0.083;0.073;0;2;4;50.02;50.02;50.02;5441;1000;0.0;0;1.0000;0;0
600;2013-06-06 05:00:00;172602N232;22;0.003;30;226;226;228;225;0.419;50.00;322.8;0.012;328.1;0.014;0.0;0.000;60;0;0;0.523;0.462;0.274;6;2;18;50.00;50.00;50.00;5580;1000;0.0;0;1.0000;0;0
600;2013-06-06 05:10:00;172602N232;42;0.011;30;226;226;227;224;0.569;50.01;364.9;0.036;365.5;0.036;0.0;0.000;60;0;0;0.716;0.582;0.410;1;18;27;50.01;50.01;50.01;5580;1000;0.0;0;1.0000;0;0
600;2013-06-06 05:20:00;172602N232;64;0.024;31;226;226;227;224;0.948;50.01;389.2;0.067;387.7;0.063;0.0;0.000;60;0;0;1.104;1.003;0.738;0;19;52;50.01;50.01;50.01;5580;1000;0.0;0;1.0000;0;0
600;2013-06-06 05:30:00;172602N232;94;0.039;31;225;225;226;223;0.945;50.01;401.7;0.101;398.3;0.097;0.0;0.000;60;0;0;1.056;1.017;0.762;5;28;62;50.01;50.01;50.01;5580;1000;0.0;0;1.0000;0;0
600;2013-06-06 05:40:00;172602N232;127;0.059;31;224;225;226;222;0.947;50.00;409.0;0.140;407.5;0.133;0.0;0.000;60;0;0;0.933;1.151;0.757;18;34;73;50.00;50.00;50.00;5580;1000;0.0;0;1.0000;0;0
600;2013-06-06 05:50:00;172602N232;134;0.081;32;223;224;225;222;0.936;50.01;411.9;0.148;411.1;0.140;0.0;0.000;60;0;0;0.975;1.073;0.761;18;42;72;50.01;50.01;50.01;5580;1000;0.0;0;1.0000;0;0
600;2013-06-06 06:00:00;172602N232;156;0.107;33;225;225;226;223;0.985;50.02;416.0;0.175;415.6;0.163;0.0;0.000;60;0;0;1.123;1.097;0.737;8;71;76;50.02;50.02;50.02;5580;1000;0.0;0;1.0000;0;0
600;2013-06-06 06:10:00;172602N232;200;0.140;33;223;224;225;221;1.040;49.99;420.2;0.230;420.7;0.207;0.0;0.000;60;0;0;1.360;0.972;0.789;35;77;86;49.99;49.99;49.99;5580;1000;0.0;0;1.0000;0;0
600;2013-06-06 06:20:00;172602N232;201;0.175;34;226;227;227;224;0.976;49.97;419.7;0.233;420.7;0.207;0.0;0.000;60;0;0;1.189;0.782;0.959;31;63;105;49.97;49.97;49.97;5580;1000;0.0;0;1.0000;0;0
600;2013-06-06 06:30:00;172602N232;200;0.208;34;226;226;226;225;1.009;49.98;419.4;0.231;420.8;0.206;0.0;0.000;60;0;0;1.127;1.131;0.771;39;84;75;49.98;49.98;49.98;5580;1000;0.0;0;1.0000;0;0
600;2013-06-06 06:40:00;172602N232;231;0.247;34;225;226;226;224;1.073;49.99;421.9;0.267;422.9;0.243;0.0;0.000;60;0;0;1.311;1.155;0.755;46;105;78;49.99;49.99;49.99;5580;1000;0.0;0;1.0000;0;0
600;2013-06-06 06:50:00;172602N232;257;0.289;35;224;225;225;223;1.157;49.99;423.5;0.301;426.3;0.268;0.0;0.000;60;0;0;1.248;1.257;0.966;43;113;99;49.99;49.99;49.99;5580;1000;0.0;0;1.0000;0;0
600;2013-06-06 07:00:00;172602N232;280;0.337;35;223;223;224;221;1.150;50.04;424.8;0.330;429.3;0.290;0.0;0.000;60;0;0;1.289;1.219;0.942;65;114;99;50.04;50.04;50.04;5580;1000;0.0;0;1.0000;0;0
600;2013-06-06 07:10:00;172602N232;317;0.390;35;222;223;222;221;1.156;50.00;426.1;0.381;432.3;0.323;0.0;0.000;60;0;0;1.316;1.059;1.093;89;119;107;50.00;50.00;50.00;5580;1000;0.0;0;1.0000;0;0
600;2013-06-06 07:20:00;172602N232;342;0.448;35;224;225;225;223;1.167;49.98;430.8;0.411;434.0;0.348;0.0;0.000;60;0;0;1.276;1.130;1.097;95;127;119;49.98;49.98;49.98;5580;1000;0.0;0;1.0000;0;0
600;2013-06-06 07:30:00;172602N232;361;0.507;35;225;225;225;224;1.182;49.99;436.9;0.435;430.0;0.363;0.0;0.000;60;0;0;1.238;1.202;1.106;108;141;109;49.99;49.99;49.99;5580;1000;0.0;0;1.0000;0;0
600;2013-06-06 07:40:00;172602N232;375;0.571;35;224;225;223;223;1.185;49.98;442.0;0.450;429.1;0.376;0.0;0.000;60;0;0;1.298;1.169;1.090;101;147;126;49.98;49.98;49.98;5580;1000;0.0;0;1.0000;0;0
600;2013-06-06 07:50:00;172602N232;388;0.635;36;223;225;222;223;1.180;49.99;447.0;0.464;424.4;0.390;0.0;0.000;60;0;0;1.326;1.180;1.036;109;152;126;49.99;49.99;49.99;5580;1000;0.0;0;1.0000;0;0
600;2013-06-06 08:00:00;172602N232;422;0.705;36;224;225;223;223;1.147;50.00;458.4;0.503;420.1;0.421;0.0;0.000;60;0;0;1.198;1.161;1.083;128;160;132;50.00;50.00;50.00;5580;1000;0.0;0;1.0000;0;0
600;2013-06-06 08:10:00;172602N232;445;0.780;36;223;225;223;223;1.150;49.99;469.3;0.525;418.8;0.440;0.0;0.000;60;0;0;1.165;1.172;1.115;141;163;139;49.99;49.99;49.99;5580;1000;0.0;0;1.0000;0;0
600;2013-06-06 08:20:00;172602N232;556;0.872;36;223;224;224;223;1.153;49.99;431.9;0.882;420.4;0.443;0.0;0.000;60;0;0;1.184;1.163;1.113;180;194;180;49.99;49.99;49.99;5580;1000;0.0;0;1.0000;0;0
600;2013-06-06 08:30:00;172602N232;1136;1.063;36;224;225;225;222;1.761;49.99;387.8;2.431;425.5;0.455;0.0;0.000;60;0;0;1.730;1.781;1.773;367;387;379;49.99;49.99;49.99;5580;1000;0.0;0;1.0000;0;0
600;2013-06-06 08:40:00;172602N232;1237;1.268;37;224;225;225;222;1.958;50.00;396.4;2.614;434.4;0.465;0.0;0.000;60;0;0;1.937;1.961;1.976;398;421;416;50.00;50.00;50.00;5580;1000;0.0;0;1.0000;0;0
600;2013-06-06 08:50:00;172602N232;1365;1.496;37;224;225;225;223;2.060;50.00;396.9;2.910;449.6;0.468;0.0;0.000;60;0;0;2.017;2.090;2.073;444;465;455;50.00;50.00;50.00;5580;1000;0.0;0;1.0000;0;0
600;2013-06-06 09:00:00;172602N232;1504;1.747;37;225;226;226;224;2.234;49.99;408.2;3.158;431.5;0.503;0.0;0.000;60;0;0;2.187;2.275;2.241;492;511;499;49.99;49.99;49.99;5580;1000;0.0;0;1.0000;0;0
600;2013-06-06 09:10:00;172602N232;1609;2.015;38;225;226;227;223;2.393;49.99;404.6;3.421;301.2;0.806;0.0;0.000;60;0;0;2.347;2.448;2.384;527;552;528;49.99;49.99;49.99;5580;1000;0.0;0;1.0000;0;0
600;2013-06-06 09:20:00;172602N232;1698;2.299;38;225;225;227;222;2.532;49.99;400.4;3.638;300.0;0.868;0.0;0.000;60;0;0;2.474;2.591;2.531;553;583;559;49.99;49.99;49.99;5580;1000;0.0;0;1.0000;0;0
600;2013-06-06 09:30:00;172602N232;1795;2.598;38;224;224;227;222;2.680;50.00;398.8;3.857;414.0;0.640;0.0;0.000;60;0;0;2.612;2.752;2.678;582;620;590;50.00;50.00;50.00;5580;1000;0.0;0;1.0000;0;0
600;2013-06-06 09:40:00;172602N232;1844;2.905;39;224;223;227;222;2.765;50.00;396.5;4.030;411.0;0.622;0.0;0.000;60;0;0;2.696;2.841;2.758;596;639;607;50.00;50.00;50.00;5580;1000;0.0;0;1.0000;0;0
600;2013-06-06 09:50:00;172602N232;1917;3.225;39;224;224;226;222;2.877;50.01;394.2;4.253;434.4;0.577;0.0;0.000;60;0;0;2.814;2.937;2.882;622;659;634;50.01;50.01;50.01;5580;1000;0.0;0;1.0000;0;0
600;2013-06-06 10:00:00;172602N232;1990;3.558;39;224;224;226;222;2.986;50.00;392.5;4.435;431.4;0.603;0.0;0.000;60;0;0;2.930;3.048;2.981;649;682;657;50.00;50.00;50.00;5580;1000;0.0;0;1.0000;0;0
600;2013-06-06 10:10:00;172602N232;2090;3.906;40;224;224;227;222;3.124;50.01;388.7;4.655;445.2;0.662;0.0;0.000;60;0;0;3.063;3.199;3.110;682;720;686;50.01;50.01;50.01;5580;1000;0.0;0;1.0000;0;0
600;2013-06-06 10:20:00;172602N232;2169;4.268;40;224;224;227;222;3.242;50.00;386.5;4.865;372.7;0.910;0.0;0.000;60;0;0;3.176;3.322;3.229;706;747;713;50.00;50.00;50.00;5580;1000;0.0;0;1.0000;0;0
600;2013-06-06 10:30:00;172602N232;2762;4.728;40;224;224;226;222;4.119;49.99;383.3;5.090;258.5;3.334;0.0;0.000;60;0;0;4.072;4.202;4.083;909;947;904;49.99;49.99;49.99;5580;1000;0.0;0;1.0000;0;0
600;2013-06-06 10:40:00;172602N232;3143;5.252;41;224;224;226;223;4.679;49.99;380.5;5.290;260.2;4.586;0.0;0.000;60;0;0;4.633;4.741;4.663;1037;1069;1036;49.99;49.99;49.99;5580;1000;0.0;0;1.0000;0;0
600;2013-06-06 10:50:00;172602N232;3471;5.831;41;225;224;227;223;5.157;50.01;377.6;5.373;286.2;5.272;0.0;0.000;60;0;0;5.082;5.239;5.152;1137;1184;1147;50.01;50.01;50.01;5580;1000;0.0;0;1.0000;0;0
600;2013-06-06 11:00:00;172602N232;3783;6.462;42;225;224;228;223;5.610;49.98;376.2;5.544;325.2;5.428;0.0;0.000;60;0;0;5.540;5.738;5.552;1241;1307;1233;49.98;49.98;49.98;5580;1000;0.0;0;1.0000;0;0
600;2013-06-06 11:10:00;172602N232;4128;7.149;42;225;225;228;222;6.115;49.99;372.2;5.772;361.5;5.676;0.0;0.000;60;0;0;6.051;6.249;6.046;1358;1424;1343;49.99;49.99;49.99;5580;1000;0.0;0;1.0000;0;0
600;2013-06-06 11:20:00;172602N232;4213;7.851;43;225;225;228;222;6.242;49.99;368.8;5.902;367.4;5.751;0.0;0.000;60;0;0;6.167;6.389;6.170;1384;1457;1371;49.99;49.99;49.99;5580;1000;0.0;0;1.0000;0;0
600;2013-06-06 11:30:00;172602N232;4138;8.542;43;225;225;228;223;6.122;49.99;368.5;6.009;343.5;5.830;0.0;0.000;60;0;0;6.049;6.255;6.062;1358;1427;1352;49.99;49.99;49.99;5580;1000;0.0;0;1.0000;0;0
600;2013-06-06 11:40:00;172602N232;4332;9.264;43;226;225;229;223;6.400;49.99;366.0;6.230;346.8;6.151;0.0;0.000;60;0;0;6.319;6.546;6.336;1419;1496;1414;49.99;49.99;49.99;5580;1000;0.0;0;1.0000;0;0
600;2013-06-06 11:50:00;172602N232;4443;10.004;43;226;224;230;224;6.549;50.00;363.7;6.298;359.8;6.216;0.0;0.000;60;0;0;6.436;6.688;6.523;1443;1537;1461;50.00;50.00;50.00;5580;1000;0.0;0;1.0000;0;0
600;2013-06-06 12:00:00;172602N232;4531;10.759;43;227;226;230;225;6.660;49.99;363.2;6.376;364.5;6.305;0.0;0.000;60;0;0;6.568;6.795;6.618;1481;1562;1486;49.99;49.99;49.99;5580;1000;0.0;0;1.0000;0;0
600;2013-06-06 12:10:00;172602N232;4558;11.520;43;227;226;231;224;6.700;50.01;360.7;6.456;362.6;6.378;0.0;0.000;60;0;0;6.610;6.851;6.640;1492;1579;1484;50.01;50.01;50.01;5580;1000;0.0;0;1.0000;0;0
600;2013-06-06 12:20:00;172602N232;4603;12.288;44;226;224;230;223;6.789;50.01;359.6;6.548;360.8;6.476;0.0;0.000;60;0;0;6.669;6.958;6.741;1496;1600;1505;50.01;50.01;50.01;5580;1000;0.0;0;1.0000;0;0
600;2013-06-06 12:30:00;172602N232;4642;13.060;44;226;225;229;223;6.852;49.99;356.7;6.657;358.3;6.577;0.0;0.000;60;0;0;6.786;6.983;6.788;1526;1599;1515;49.99;49.99;49.99;5580;1000;0.0;0;1.0000;0;0
600;2013-06-06 12:40:00;172602N232;4616;13.830;44;227;227;230;225;6.769;50.02;356.3;6.630;357.6;6.551;0.0;0.000;60;0;0;6.687;6.897;6.725;1516;1587;1511;50.02;50.02;50.02;5580;1000;0.0;0;1.0000;0;0
600;2013-06-06 12:50:00;172602N232;4664;14.607;44;228;227;231;224;6.833;50.02;355.1;6.728;355.8;6.647;0.0;0.000;60;0;0;6.750;6.987;6.763;1532;1616;1514;50.02;50.02;50.02;5580;1000;0.0;0;1.0000;0;0
600;2013-06-06 13:00:00;172602N232;4733;15.396;44;227;227;231;223;6.943;49.99;354.4;6.846;354.5;6.768;0.0;0.000;60;0;0;6.877;7.142;6.811;1562;1651;1518;49.99;49.99;49.99;5580;1000;0.0;0;1.0000;0;0
600;2013-06-06 13:10:00;172602N232;4688;16.178;44;228;226;232;225;6.865;49.99;353.6;6.787;354.4;6.714;0.0;0.000;60;0;0;6.770;7.033;6.793;1531;1628;1527;49.99;49.99;49.99;5580;1000;0.0;0;1.0000;0;0
600;2013-06-06 13:20:00;172602N232;3861;16.822;44;227;226;230;224;5.671;50.00;353.6;5.604;354.9;5.535;0.0;0.000;60;0;0;5.583;5.819;5.612;1259;1342;1257;50.00;50.00;50.00;5580;1000;0.0;0;1.0000;0;0
600;2013-06-06 13:30:00;172602N232;3088;17.336;44;226;226;229;224;4.541;49.99;371.3;4.284;373.6;4.125;0.0;0.000;60;0;0;4.474;4.658;4.493;1012;1070;1005;49.99;49.99;49.99;5580;1000;0.0;0;1.0000;0;0
600;2013-06-06 13:40:00;172602N232;5171;18.199;44;230;229;234;226;7.503;49.99;356.2;7.420;358.4;7.341;0.0;0.000;60;0;0;7.412;7.693;7.404;1697;1796;1675;49.99;49.99;49.99;5580;1000;0.0;0;1.0000;0;0
600;2013-06-06 13:50:00;172602N232;4743;18.991;45;229;228;233;227;6.890;50.00;354.8;6.879;357.0;6.737;0.0;0.000;60;0;0;6.778;7.063;6.831;1548;1649;1547;50.00;50.00;50.00;5580;1000;0.0;0;1.0000;0;0
600;2013-06-06 14:00:00;172602N232;3598;19.591;45;228;228;231;227;5.250;49.98;359.0;5.158;360.8;5.059;0.0;0.000;60;0;0;5.174;5.350;5.227;1178;1238;1183;49.98;49.98;49.98;5580;1000;0.0;0;1.0000;0;0
600;2013-06-06 14:10:00;172602N232;2110;19.943;45;227;226;229;226;3.115;49.99;381.1;2.836;378.8;2.786;0.0;0.000;60;0;0;3.038;3.175;3.133;682;722;704;49.99;49.99;49.99;5580;1000;0.0;0;1.0000;0;0
600;2013-06-06 14:20:00;172602N232;2753;20.401;44;228;228;230;227;4.028;49.99;387.1;3.684;388.2;3.521;0.0;0.000;60;0;0;3.966;4.094;4.026;901;938;911;49.99;49.99;49.99;5580;1000;0.0;0;1.0000;0;0
600;2013-06-06 14:30:00;172602N232;2600;20.834;44;228;228;230;227;3.809;49.98;385.6;3.482;384.6;3.344;0.0;0.000;60;0;0;3.753;3.870;3.804;852;886;859;49.98;49.98;49.98;5580;1000;0.0;0;1.0000;0;0
600;2013-06-06 14:40:00;172602N232;2758;21.295;44;228;228;229;227;4.044;50.00;387.4;3.651;383.9;3.616;0.0;0.000;60;0;0;3.993;4.090;4.049;906;932;917;50.00;50.00;50.00;5580;1000;0.0;0;1.0000;0;0
600;2013-06-06 14:50:00;172602N232;2371;21.690;44;228;228;229;227;3.481;50.00;395.6;3.059;389.9;3.057;0.0;0.000;60;0;0;3.432;3.527;3.485;780;804;786;50.00;50.00;50.00;5580;1000;0.0;0;1.0000;0;0
600;2013-06-06 15:00:00;172602N232;2735;22.145;44;229;229;232;227;3.982;49.98;390.0;3.611;386.2;3.518;0.0;0.000;60;0;0;3.922;4.076;3.950;896;944;893;49.98;49.98;49.98;5580;1000;0.0;0;1.0000;0;0
600;2013-06-06 15:10:00;172602N232;3360;22.706;45;230;230;233;227;4.866;50.00;389.4;4.449;387.2;4.383;0.0;0.000;60;0;0;4.824;4.970;4.806;1112;1155;1089;50.00;50.00;50.00;5580;1000;0.0;0;1.0000;0;0
600;2013-06-06 15:20:00;172602N232;5168;23.567;45;231;232;234;228;7.447;49.99;362.7;7.298;364.6;7.205;0.0;0.000;60;0;0;7.424;7.576;7.341;1723;1774;1672;49.99;49.99;49.99;5580;1000;0.0;0;1.0000;0;0
600;2013-06-06 15:30:00;172602N232;3692;24.185;46;230;230;232;227;5.364;49.99;367.3;5.133;365.5;5.124;0.0;0.000;60;0;0;5.324;5.438;5.332;1224;1258;1209;49.99;49.99;49.99;5580;1000;0.0;0;1.0000;0;0
600;2013-06-06 15:40:00;172602N232;4636;24.957;46;230;230;234;226;6.715;49.99;365.8;6.508;365.5;6.440;0.0;0.000;60;0;0;6.657;6.863;6.625;1531;1604;1500;49.99;49.99;49.99;5580;1000;0.0;0;1.0000;0;0
600;2013-06-06 15:50:00;172602N232;4136;25.645;46;228;228;231;225;6.042;49.99;366.0;5.813;363.2;5.775;0.0;0.000;60;0;0;5.990;6.148;5.988;1368;1418;1348;49.99;49.99;49.99;5580;1000;0.0;0;1.0000;0;0
600;2013-06-06 16:00:00;172602N232;3622;26.249;46;227;227;230;224;5.316;49.99;371.2;5.006;368.1;4.951;0.0;0.000;60;0;0;5.266;5.429;5.255;1197;1249;1174;49.99;49.99;49.99;5580;1000;0.0;0;1.0000;0;0
600;2013-06-06 16:10:00;172602N232;4411;26.984;46;227;228;230;224;6.459;49.99;366.0;6.139;363.8;6.162;0.0;0.000;60;0;0;6.406;6.588;6.384;1458;1518;1431;49.99;49.99;49.99;5580;1000;0.0;0;1.0000;0;0
600;2013-06-06 16:20:00;172602N232;3168;27.513;46;227;227;228;225;4.658;50.00;367.5;4.355;371.8;4.358;0.0;0.000;60;0;0;4.612;4.726;4.637;1047;1080;1040;50.00;50.00;50.00;5580;1000;0.0;0;1.0000;0;0
600;2013-06-06 16:30:00;172602N232;3932;28.168;46;227;228;230;225;5.761;49.99;363.7;5.460;372.4;5.429;0.0;0.000;60;0;0;5.743;5.839;5.702;1310;1341;1280;49.99;49.99;49.99;5580;1000;0.0;0;1.0000;0;0
600;2013-06-06 16:40:00;172602N232;1962;28.496;46;226;227;227;223;2.916;49.99;367.4;2.725;372.1;2.655;0.0;0.000;60;0;0;2.889;2.965;2.896;648;672;640;49.99;49.99;49.99;5580;1000;0.0;0;1.0000;0;0
600;2013-06-06 16:50:00;172602N232;1695;28.777;45;226;227;228;223;2.537;49.99;382.4;2.224;385.5;2.208;0.0;0.000;60;0;0;2.498;2.590;2.525;555;585;554;49.99;49.99;49.99;5580;1000;0.0;0;1.0000;0;0
600;2013-06-06 17:00:00;172602N232;1420;29.015;45;225;227;228;221;2.131;49.99;390.4;1.807;389.2;1.853;0.0;0.000;60;0;0;2.098;2.187;2.110;467;491;459;49.99;49.99;49.99;5580;1000;0.0;0;1.0000;0;0
600;2013-06-06 17:10:00;172602N232;1064;29.192;45;224;226;227;221;1.611;50.01;388.0;1.354;390.9;1.384;0.0;0.000;60;0;0;1.564;1.660;1.610;344;370;348;50.01;50.01;50.01;5580;1000;0.0;0;1.0000;0;0
600;2013-06-06 17:20:00;172602N232;1427;29.430;44;224;226;227;220;2.152;49.99;397.1;1.783;397.3;1.829;0.0;0.000;60;0;0;2.115;2.212;2.131;467;494;463;49.99;49.99;49.99;5580;1000;0.0;0;1.0000;0;0
600;2013-06-06 17:30:00;172602N232;3496;30.012;44;226;227;230;222;5.162;49.98;387.7;4.492;391.6;4.611;0.0;0.000;60;0;0;5.125;5.287;5.074;1160;1213;1120;49.98;49.98;49.98;5580;1000;0.0;0;1.0000;0;0
600;2013-06-06 17:40:00;172602N232;2267;30.390;45;225;227;227;220;3.374;49.98;372.8;2.995;381.8;3.071;0.0;0.000;60;0;0;3.354;3.450;3.320;757;782;726;49.98;49.98;49.98;5580;1000;0.0;0;1.0000;0;0
600;2013-06-06 17:50:00;172602N232;2049;30.732;45;224;226;225;221;3.075;49.99;372.6;2.734;387.7;2.706;0.0;0.000;60;0;0;3.057;3.122;3.046;683;699;665;49.99;49.99;49.99;5580;1000;0.0;0;1.0000;0;0
600;2013-06-06 18:00:00;172602N232;1679;31.012;44;225;228;226;222;2.518;50.00;376.3;2.206;389.4;2.217;0.0;0.000;60;0;0;2.500;2.554;2.500;559;572;547;50.00;50.00;50.00;5580;1000;0.0;0;1.0000;0;0
600;2013-06-06 18:10:00;172602N232;1122;31.200;44;225;227;227;222;1.714;49.98;394.2;1.405;392.3;1.455;0.0;0.000;60;0;0;1.685;1.755;1.704;366;388;366;49.98;49.98;49.98;5580;1000;0.0;0;1.0000;0;0
600;2013-06-06 18:20:00;172602N232;1752;31.491;44;227;227;229;225;2.611;49.99;384.1;2.239;401.9;2.247;0.0;0.000;60;0;0;2.567;2.655;2.612;571;599;579;49.99;49.99;49.99;5580;1000;0.0;0;1.0000;0;0
600;2013-06-06 18:30:00;172602N232;1962;31.818;44;227;226;229;226;2.906;49.98;373.7;2.597;391.5;2.597;0.0;0.000;60;0;0;2.838;2.962;2.919;635;671;653;49.98;49.98;49.98;5580;1000;0.0;0;1.0000;0;0
600;2013-06-06 18:40:00;172602N232;2215;32.189;44;227;227;229;227;3.259;49.98;366.6;2.984;385.7;2.976;0.0;0.000;60;0;0;3.190;3.311;3.276;721;754;739;49.98;49.98;49.98;5580;1000;0.0;0;1.0000;0;0
600;2013-06-06 18:50:00;172602N232;1905;32.506;45;228;228;229;227;2.798;49.99;370.6;2.514;386.5;2.571;0.0;0.000;60;0;0;2.731;2.854;2.811;618;651;634;49.99;49.99;49.99;5580;1000;0.0;0;1.0000;0;0
600;2013-06-06 19:00:00;172602N232;1682;32.785;45;227;228;228;227;2.476;50.00;358.4;2.279;386.4;2.283;0.0;0.000;60;0;0;2.415;2.518;2.495;546;572;562;50.00;50.00;50.00;5580;1000;0.0;0;1.0000;0;0
600;2013-06-06 19:10:00;172602N232;1467;33.030;45;227;227;229;226;2.169;49.99;355.2;1.982;387.3;2.004;0.0;0.000;60;0;0;2.111;2.223;2.175;474;505;486;49.99;49.99;49.99;5580;1000;0.0;0;1.0000;0;0
600;2013-06-06 19:20:00;172602N232;1296;33.246;45;227;228;228;226;1.946;49.98;350.2;1.751;388.9;1.785;0.0;0.000;60;0;0;1.905;1.975;1.958;420;443;431;49.98;49.98;49.98;5580;1000;0.0;0;1.0000;0;0
600;2013-06-06 19:30:00;172602N232;1135;33.436;45;227;227;229;226;1.699;49.98;343.2;1.536;391.2;1.577;0.0;0.000;60;0;0;1.648;1.735;1.716;364;390;379;49.98;49.98;49.98;5580;1000;0.0;0;1.0000;0;0
600;2013-06-06 19:40:00;172602N232;961;33.597;45;228;228;228;226;1.431;49.97;328.1;1.320;392.0;1.363;0.0;0.000;60;0;0;1.379;1.467;1.449;308;329;322;49.97;49.97;49.97;5580;1000;0.0;0;1.0000;0;0
600;2013-06-06 19:50:00;172602N232;793;33.729;45;228;229;230;226;1.199;49.98;314.8;1.082;391.5;1.165;0.0;0.000;60;0;0;1.153;1.238;1.206;251;276;264;49.98;49.98;49.98;5580;1000;0.0;0;1.0000;0;0
600;2013-06-06 20:00:00;172602N232;623;33.833;44;225;225;226;223;0.960;50.01;285.3;0.857;391.6;0.975;0.0;0.000;60;0;0;0.907;0.999;0.974;194;217;209;50.01;50.01;50.01;5580;1000;0.0;0;1.0000;0;0
600;2013-06-06 20:10:00;172602N232;463;33.911;44;224;223;225;223;0.891;50.00;251.1;0.628;384.8;0.801;0.0;0.000;60;0;0;0.857;0.938;0.879;140;166;155;50.00;50.00;50.00;5580;1000;0.0;0;1.0000;0;0
600;2013-06-06 20:20:00;172602N232;373;33.972;44;222;223;224;219;1.196;50.00;367.5;0.331;381.1;0.648;0.0;0.000;60;0;0;1.224;1.259;1.107;91;135;145;50.00;50.00;50.00;5580;1000;0.0;0;1.0000;0;0
600;2013-06-06 20:30:00;172602N232;305;34.023;44;222;222;225;219;1.141;49.98;396.1;0.263;380.7;0.499;0.0;0.000;60;0;0;1.205;1.255;0.963;91;102;111;49.98;49.98;49.98;5580;1000;0.0;0;1.0000;0;0
600;2013-06-06 20:40:00;172602N232;231;34.062;43;222;222;223;221;1.021;49.98;383.3;0.230;367.0;0.359;0.0;0.000;60;0;0;1.073;1.113;0.878;52;88;91;49.98;49.98;49.98;5580;1000;0.0;0;1.0000;0;0
600;2013-06-06 20:50:00;172602N232;175;34.091;43;222;223;223;220;0.978;49.98;389.2;0.184;402.9;0.218;0.0;0.000;60;0;0;1.206;0.960;0.768;13;79;81;49.98;49.98;49.98;5580;1000;0.0;0;1.0000;0;0
600;2013-06-06 21:00:00;172602N232;133;34.114;43;222;222;222;222;0.975;49.96;382.8;0.143;394.3;0.163;0.0;0.000;60;0;0;1.273;0.862;0.790;16;71;45;49.96;49.96;49.96;5580;1000;0.0;0;1.0000;0;0
600;2013-06-06 21:10:00;172602N232;98;34.130;42;222;223;222;221;0.909;49.97;373.5;0.105;380.3;0.119;0.0;0.000;60;0;0;1.254;0.764;0.711;4;49;48;49.97;49.97;49.97;5580;1000;0.0;0;1.0000;0;0
600;2013-06-06 21:20:00;172602N232;62;34.142;42;222;223;223;221;0.759;49.98;355.9;0.065;363.4;0.071;0.0;0.000;60;0;0;0.944;0.749;0.586;1;27;43;49.98;49.98;49.98;5580;1000;0.0;0;1.0000;0;0
600;2013-06-06 21:30:00;172602N232;32;34.146;42;222;223;221;222;0.497;50.00;320.6;0.027;336.4;0.031;0.0;0.000;60;0;0;0.632;0.413;0.446;0;26;22;50.00;50.00;50.00;5580;1000;0.0;0;1.0000;0;0
600;2013-06-06 21:40:00;172602N232;8;34.148;41;223;224;222;223;0.287;50.01;262.7;0.001;265.9;0.004;0.0;0.000;60;0;0;0.400;0.215;0.246;0;12;10;50.01;50.01;50.01;5580;1000;0.0;0;1.0000;0;0
600;2013-06-06 21:50:00;172602N232;0;34.148;41;223;223;224;222;0.030;50.02;250.3;0.000;250.5;0.000;0.0;0.000;60;0;0;0.039;0.032;0.021;0;0;0;50.02;50.02;50.02;5580;1000;0.0;0;1.0000;0;0
600;2013-06-06 22:00:00;172602N232;0;34.148;40;224;223;226;221;0.000;49.95;267.1;0.000;266.8;0.000;0.0;0.000;50;0;0;0.000;0.000;0.000;0;0;0;49.95;49.95;49.95;5580;1000;0.0;0;1.0000;0;0
600;2013-06-06 22:10:00;172602N232;0;34.148;38;223;223;226;221;0.000;50.00;230.3;0.000;231.2;0.000;0.0;0.000;50;0;0;0.000;0.000;0.000;0;0;0;50.00;50.00;50.00;5580;1000;0.0;0;1.0000;0;0
600;2013-06-06 22:20:00;172602N232;0;34.148;37;224;224;225;222;0.000;49.99;227.2;0.000;228.1;0.000;0.0;0.000;50;0;0;0.000;0.000;0.000;0;0;0;50.00;50.00;50.00;5580;1000;0.0;0;1.0000;0;0
600;2013-06-06 22:30:00;172602N232;0;34.148;37;223;224;224;221;0.000;49.99;228.6;0.000;229.5;0.000;0.0;0.000;80;0;0;0.000;0.000;0.000;0;0;0;49.99;49.99;49.99;5580;1000;0.0;0;1.0000;0;0
[wr_ende]
