20130704;230004;172602N232;My Plant;+0100
[wr_def_start]
172602N232;Inverter Type;Inverter Group;72602N232      
[wr_def_end]
[wr]
INTERVAL;TIMESTAMP;SERIAL;P_AC;E_DAY;T_WR;U_AC;U_AC_1;U_AC_2;U_AC_3;I_AC;F_AC;U_DC_1;I_DC_1;U_DC_2;I_DC_2;U_DC_3;I_DC_3;S;E_WR;M_WR;I_AC_1;I_AC_2;I_AC_3;P_AC_1;P_AC_2;P_AC_3;F_AC_1;F_AC_2;F_AC_3;R_DC;PC;PCS;PCS_LL;COS_PHI;COS_PHI_LL;S_COS_PHI
600;2013-07-04 04:10:00;172602N232;0;0.000;1;8;8;8;8;0.000;1.88;8.5;0.000;8.6;0.000;0.0;0.000;50;0;0;0.000;0.000;0.000;0;0;0;1.88;1.88;1.88;153;1000;0.0;0;1.0000;0;0
600;2013-07-04 04:20:00;172602N232;0;0.000;27;225;226;227;222;0.000;49.97;228.4;0.000;229.3;0.000;0.0;0.000;50;0;0;0.000;0.000;0.000;0;0;0;49.97;49.97;49.97;0;1000;0.0;0;1.0000;0;0
600;2013-07-04 04:30:00;172602N232;0;0.000;29;225;226;227;222;0.000;49.99;225.1;0.000;226.0;0.000;0.0;0.000;50;0;0;0.000;0.000;0.000;0;0;0;49.99;49.99;49.99;0;1000;0.0;0;1.0000;0;0
600;2013-07-04 04:40:00;172602N232;0;0.000;29;225;226;227;223;0.000;49.99;231.5;0.000;232.4;0.000;0.0;0.000;50;0;0;0.000;0.000;0.000;0;0;0;49.99;49.99;49.99;0;1000;0.0;0;1.0000;0;0
600;2013-07-04 04:50:00;172602N232;0;0.000;29;225;226;228;222;0.000;50.00;248.3;0.000;248.9;0.000;0.0;0.000;50;0;0;0.000;0.000;0.000;0;0;0;50.00;50.00;50.00;0;1000;0.0;0;1.0000;0;0
600;2013-07-04 05:00:00;172602N232;0;0.000;30;225;225;227;222;0.000;49.99;317.7;0.000;314.4;0.000;0.0;0.000;51;0;0;0.001;0.000;0.001;0;0;0;49.99;49.99;49.99;1976;1000;0.0;0;1.0000;0;0
600;2013-07-04 05:10:00;172602N232;0;0.000;30;224;224;226;222;0.001;49.99;267.6;0.000;266.7;0.000;0.0;0.000;60;0;0;0.002;0.001;0.001;0;0;0;49.99;49.99;49.99;5674;1000;0.0;0;1.0000;0;0
600;2013-07-04 05:20:00;172602N232;0;0.000;30;224;224;226;221;0.000;50.00;305.6;0.000;303.1;0.000;0.0;0.000;51;0;0;0.000;0.000;0.000;0;0;0;50.00;50.00;50.00;6548;1000;0.0;0;1.0000;0;0
600;2013-07-04 05:30:00;172602N232;0;0.000;30;223;224;226;220;0.000;49.99;315.9;0.000;312.4;0.000;0.0;0.000;51;0;0;0.001;0.000;0.000;0;0;0;49.99;49.99;49.99;6940;1000;0.0;0;1.0000;0;0
600;2013-07-04 05:40:00;172602N232;1;0.000;31;222;223;224;221;0.113;49.99;251.0;0.000;251.7;0.000;0.0;0.000;60;0;0;0.157;0.102;0.082;0;2;4;49.99;49.99;49.99;6940;1000;0.0;0;1.0000;0;0
600;2013-07-04 05:50:00;172602N232;7;0.002;31;227;227;228;224;0.252;50.00;255.5;0.000;254.3;0.002;0.0;0.000;60;0;0;0.427;0.195;0.134;2;3;8;50.00;50.00;50.00;6940;1000;0.0;0;1.0000;0;0
600;2013-07-04 06:00:00;172602N232;24;0.009;31;227;228;228;225;0.434;50.01;308.5;0.020;321.2;0.020;0.0;0.000;60;0;0;0.554;0.423;0.325;3;14;22;50.01;50.01;50.01;6940;1000;0.0;0;1.0000;0;0
600;2013-07-04 06:10:00;172602N232;39;0.017;31;225;226;227;223;0.550;49.97;337.6;0.038;342.4;0.037;0.0;0.000;60;0;0;0.659;0.584;0.408;0;20;30;49.97;49.97;49.97;6940;1000;0.0;0;1.0000;0;0
600;2013-07-04 06:20:00;172602N232;44;0.028;32;225;226;226;222;0.553;49.99;342.1;0.044;346.3;0.044;0.0;0.000;60;0;0;0.669;0.506;0.485;0;26;38;49.99;49.99;49.99;6940;1000;0.0;0;1.0000;0;0
600;2013-07-04 06:30:00;172602N232;60;0.039;32;224;225;225;222;0.813;49.99;360.4;0.066;364.9;0.063;0.0;0.000;60;0;0;1.069;0.777;0.595;1;27;43;49.99;49.99;49.99;6940;1000;0.0;0;1.0000;0;0
600;2013-07-04 06:40:00;172602N232;66;0.054;33;223;224;223;222;0.936;49.99;363.8;0.077;367.8;0.074;0.0;0.000;60;0;0;1.384;0.724;0.700;0;48;40;49.99;49.99;49.99;6940;1000;0.0;0;1.0000;0;0
600;2013-07-04 06:50:00;172602N232;80;0.069;33;222;223;222;222;0.916;50.00;370.3;0.093;371.4;0.089;0.0;0.000;60;0;0;1.197;0.810;0.742;4;43;37;50.00;50.00;50.00;6940;1000;0.0;0;1.0000;0;0
600;2013-07-04 07:00:00;172602N232;85;0.082;34;222;222;222;221;0.892;50.01;372.0;0.099;373.6;0.095;0.0;0.000;60;0;0;1.065;0.869;0.744;4;36;46;50.01;50.01;50.01;6940;1000;0.0;0;1.0000;0;0
600;2013-07-04 07:10:00;172602N232;98;0.096;34;221;221;223;220;0.889;49.99;376.6;0.115;376.2;0.111;0.0;0.000;60;0;0;0.943;1.041;0.684;19;23;56;49.99;49.99;49.99;6940;1000;0.0;0;1.0000;0;0
600;2013-07-04 07:20:00;172602N232;113;0.112;34;225;225;226;224;0.952;49.99;381.8;0.134;381.1;0.130;0.0;0.000;60;0;0;1.060;1.041;0.755;17;36;58;49.99;49.99;49.99;6940;1000;0.0;0;1.0000;0;0
600;2013-07-04 07:30:00;172602N232;154;0.136;34;225;226;225;225;1.058;49.97;390.9;0.184;388.9;0.178;0.0;0.000;60;0;0;1.283;1.056;0.837;12;86;55;49.97;49.97;49.97;6940;1000;0.0;0;1.0000;0;0
600;2013-07-04 07:40:00;172602N232;205;0.165;35;226;227;227;225;1.024;49.98;397.5;0.247;394.3;0.239;0.0;0.000;60;0;0;1.226;0.985;0.861;43;74;87;49.98;49.98;49.98;6940;1000;0.0;0;1.0000;0;0
600;2013-07-04 07:50:00;172602N232;180;0.195;35;226;227;226;226;1.030;49.99;393.9;0.216;390.8;0.208;0.0;0.000;60;0;0;1.441;0.875;0.776;53;77;48;49.99;49.99;49.99;6940;1000;0.0;0;1.0000;0;0
600;2013-07-04 08:00:00;172602N232;230;0.233;35;226;226;226;226;1.024;50.02;400.7;0.276;396.7;0.267;0.0;0.000;60;0;0;1.069;1.005;0.999;60;83;85;50.02;50.02;50.02;6940;1000;0.0;0;1.0000;0;0
600;2013-07-04 08:10:00;172602N232;353;0.292;35;226;225;228;224;1.150;49.99;410.3;0.425;404.4;0.414;0.0;0.000;60;0;0;1.214;1.238;1.000;109;124;118;49.99;49.99;49.99;6940;1000;0.0;0;1.0000;0;0
600;2013-07-04 08:20:00;172602N232;360;0.353;36;226;225;228;225;1.237;49.98;410.6;0.433;405.2;0.422;0.0;0.000;60;0;0;1.266;1.347;1.099;110;113;135;49.98;49.98;49.98;6940;1000;0.0;0;1.0000;0;0
600;2013-07-04 08:30:00;172602N232;477;0.432;36;226;226;227;225;0.834;49.99;418.4;0.569;409.4;0.564;0.0;0.000;60;0;0;0.779;0.884;0.840;144;168;163;49.99;49.99;49.99;6940;1000;0.0;0;1.0000;0;0
600;2013-07-04 08:40:00;172602N232;416;0.502;36;225;226;225;225;0.702;49.99;414.0;0.498;406.8;0.492;0.0;0.000;60;0;0;0.658;0.741;0.709;127;147;141;49.99;49.99;49.99;6940;1000;0.0;0;1.0000;0;0
600;2013-07-04 08:50:00;172602N232;420;0.572;37;226;227;225;226;1.162;50.01;414.3;0.502;406.5;0.496;0.0;0.000;60;0;0;1.247;1.128;1.111;129;157;132;50.01;50.01;50.01;6940;1000;0.0;0;1.0000;0;0
600;2013-07-04 09:00:00;172602N232;385;0.635;37;227;227;228;226;1.228;50.01;414.3;0.458;405.3;0.455;0.0;0.000;60;0;0;1.247;1.287;1.151;103;139;141;50.01;50.01;50.01;6940;1000;0.0;0;1.0000;0;0
600;2013-07-04 09:10:00;172602N232;453;0.712;37;227;228;228;226;0.999;49.99;416.0;0.542;408.5;0.534;0.0;0.000;60;0;0;1.001;1.038;0.958;137;163;151;49.99;49.99;49.99;6940;1000;0.0;0;1.0000;0;0
600;2013-07-04 09:20:00;172602N232;717;0.831;37;227;227;229;226;1.107;49.99;423.8;0.853;415.2;0.842;0.0;0.000;60;0;0;1.061;1.148;1.112;226;250;239;49.99;49.99;49.99;6940;1000;0.0;0;1.0000;0;0
600;2013-07-04 09:30:00;172602N232;794;0.964;38;227;227;228;224;1.216;50.00;423.3;0.946;414.9;0.937;0.0;0.000;60;0;0;1.165;1.264;1.219;252;277;263;50.00;50.00;50.00;6940;1000;0.0;0;1.0000;0;0
600;2013-07-04 09:40:00;172602N232;790;1.096;38;226;227;228;224;1.209;49.99;418.9;0.953;412.8;0.935;0.0;0.000;60;0;0;1.157;1.256;1.215;251;275;263;49.99;49.99;49.99;6940;1000;0.0;0;1.0000;0;0
600;2013-07-04 09:50:00;172602N232;780;1.226;38;225;227;227;222;1.226;50.01;416.2;0.940;409.4;0.938;0.0;0.000;60;0;0;1.191;1.270;1.219;250;272;257;50.01;50.01;50.01;6940;1000;0.0;0;1.0000;0;0
600;2013-07-04 10:00:00;172602N232;442;1.300;38;224;225;226;222;1.003;50.00;406.8;0.542;402.4;0.527;0.0;0.000;60;0;0;0.991;1.053;0.966;133;160;148;50.00;50.00;50.00;6940;1000;0.0;0;1.0000;0;0
600;2013-07-04 10:10:00;172602N232;751;1.425;39;225;226;226;222;1.271;50.00;421.3;0.898;413.4;0.886;0.0;0.000;60;0;0;1.282;1.272;1.260;244;257;248;50.00;50.00;50.00;6940;1000;0.0;0;1.0000;0;0
600;2013-07-04 10:20:00;172602N232;585;1.522;39;223;223;224;222;1.145;49.99;414.6;0.715;410.2;0.684;0.0;0.000;60;0;0;1.203;1.115;1.119;193;197;193;49.99;49.99;49.99;6940;1000;0.0;0;1.0000;0;0
600;2013-07-04 10:30:00;172602N232;869;1.668;39;225;225;227;224;1.387;49.99;424.8;1.028;415.1;1.028;0.0;0.000;60;0;0;1.380;1.399;1.384;278;298;291;49.99;49.99;49.99;6940;1000;0.0;0;1.0000;0;0
600;2013-07-04 10:40:00;172602N232;724;1.789;39;225;225;226;223;1.128;49.99;416.1;0.878;409.8;0.861;0.0;0.000;60;0;0;1.090;1.163;1.133;229;251;242;49.99;49.99;49.99;6940;1000;0.0;0;1.0000;0;0
600;2013-07-04 10:50:00;172602N232;428;1.861;39;225;226;226;224;0.936;50.01;406.5;0.524;399.6;0.514;0.0;0.000;60;0;0;0.932;0.965;0.912;122;154;151;50.01;50.01;50.01;6940;1000;0.0;0;1.0000;0;0
600;2013-07-04 11:00:00;172602N232;305;1.911;39;225;226;225;224;1.176;50.00;399.5;0.376;396.0;0.361;0.0;0.000;60;0;0;1.347;1.122;1.061;84;116;102;50.00;50.00;50.00;6940;1000;0.0;0;1.0000;0;0
600;2013-07-04 11:10:00;172602N232;424;1.982;39;225;226;227;223;1.049;50.00;410.0;0.512;403.7;0.503;0.0;0.000;60;0;0;1.064;1.102;0.982;118;153;151;50.00;50.00;50.00;6940;1000;0.0;0;1.0000;0;0
600;2013-07-04 11:20:00;172602N232;790;2.115;39;225;226;226;224;1.205;49.99;421.8;0.943;412.8;0.939;0.0;0.000;60;0;0;1.152;1.245;1.218;251;273;265;49.99;49.99;49.99;6940;1000;0.0;0;1.0000;0;0
600;2013-07-04 11:30:00;172602N232;1339;2.337;39;226;226;229;224;2.012;49.99;424.6;1.604;416.5;1.587;0.0;0.000;60;0;0;1.960;2.068;2.009;432;464;442;49.99;49.99;49.99;6940;1000;0.0;0;1.0000;0;0
600;2013-07-04 11:40:00;172602N232;1131;2.526;39;226;225;228;225;1.709;49.99;417.5;1.378;411.0;1.353;0.0;0.000;60;0;0;1.648;1.767;1.712;361;393;376;49.99;49.99;49.99;6940;1000;0.0;0;1.0000;0;0
600;2013-07-04 11:50:00;172602N232;879;2.673;40;226;227;226;226;1.332;50.03;415.2;1.069;407.4;1.058;0.0;0.000;60;0;0;1.284;1.365;1.348;281;300;295;50.03;50.03;50.03;6940;1000;0.0;0;1.0000;0;0
600;2013-07-04 12:00:00;172602N232;698;2.789;40;226;228;225;227;1.159;50.00;413.9;0.848;405.0;0.842;0.0;0.000;60;0;0;1.179;1.126;1.172;228;232;236;50.00;50.00;50.00;6940;1000;0.0;0;1.0000;0;0
600;2013-07-04 12:10:00;172602N232;529;2.877;40;227;227;229;225;0.943;50.01;410.1;0.646;401.9;0.641;0.0;0.000;60;0;0;0.933;0.972;0.924;167;186;174;50.01;50.01;50.01;6940;1000;0.0;0;1.0000;0;0
600;2013-07-04 12:20:00;172602N232;657;2.987;40;227;226;229;224;1.006;50.00;413.2;0.796;406.4;0.793;0.0;0.000;60;0;0;0.944;1.062;1.012;203;233;218;50.00;50.00;50.00;6940;1000;0.0;0;1.0000;0;0
600;2013-07-04 12:30:00;172602N232;548;3.079;40;226;225;229;225;0.849;49.99;411.0;0.670;404.8;0.655;0.0;0.000;60;0;0;0.783;0.900;0.866;166;195;185;49.99;49.99;49.99;6940;1000;0.0;0;1.0000;0;0
600;2013-07-04 12:40:00;172602N232;715;3.199;40;226;225;229;225;1.123;50.00;408.2;0.879;408.7;0.858;0.0;0.000;60;0;0;1.048;1.180;1.141;223;251;239;50.00;50.00;50.00;6940;1000;0.0;0;1.0000;0;0
600;2013-07-04 12:50:00;172602N232;806;3.333;40;226;226;228;225;1.227;50.01;418.5;0.964;409.3;0.975;0.0;0.000;60;0;0;1.171;1.272;1.240;254;281;269;50.01;50.01;50.01;6940;1000;0.0;0;1.0000;0;0
600;2013-07-04 13:00:00;172602N232;1183;3.530;40;226;226;228;224;1.791;49.99;415.2;1.447;413.9;1.406;0.0;0.000;60;0;0;1.750;1.835;1.788;382;409;390;49.99;49.99;49.99;6940;1000;0.0;0;1.0000;0;0
600;2013-07-04 13:10:00;172602N232;551;3.622;40;225;226;226;223;0.887;50.00;405.6;0.683;400.4;0.665;0.0;0.000;60;0;0;0.860;0.913;0.888;173;192;185;50.00;50.00;50.00;6940;1000;0.0;0;1.0000;0;0
600;2013-07-04 13:20:00;172602N232;331;3.678;40;225;225;226;223;1.151;50.00;398.5;0.409;394.1;0.399;0.0;0.000;60;0;0;1.240;1.175;1.040;93;117;119;50.00;50.00;50.00;6940;1000;0.0;0;1.0000;0;0
600;2013-07-04 13:30:00;172602N232;620;3.781;40;225;225;227;224;1.043;49.99;406.4;0.765;406.5;0.746;0.0;0.000;60;0;0;1.012;1.074;1.044;195;216;207;49.99;49.99;49.99;6940;1000;0.0;0;1.0000;0;0
600;2013-07-04 13:40:00;172602N232;425;3.852;40;225;226;226;224;0.991;50.01;407.5;0.516;399.9;0.511;0.0;0.000;60;0;0;0.978;1.033;0.964;118;150;154;50.01;50.01;50.01;6940;1000;0.0;0;1.0000;0;0
600;2013-07-04 13:50:00;172602N232;794;3.984;40;226;226;228;224;1.283;50.03;412.3;0.967;408.5;0.956;0.0;0.000;60;0;0;1.288;1.291;1.271;252;274;266;50.03;50.03;50.03;6940;1000;0.0;0;1.0000;0;0
600;2013-07-04 14:00:00;172602N232;915;4.137;40;226;226;228;224;1.384;49.98;415.7;1.123;410.8;1.086;0.0;0.000;60;0;0;1.330;1.432;1.390;291;319;303;49.98;49.98;49.98;6940;1000;0.0;0;1.0000;0;0
600;2013-07-04 14:10:00;172602N232;464;4.214;40;224;224;227;222;1.183;49.99;402.4;0.576;397.6;0.559;0.0;0.000;60;0;0;1.195;1.260;1.095;141;157;164;49.99;49.99;49.99;6940;1000;0.0;0;1.0000;0;0
600;2013-07-04 14:20:00;172602N232;329;4.269;40;225;225;227;223;1.219;50.00;400.8;0.403;394.6;0.396;0.0;0.000;60;0;0;1.314;1.295;1.050;104;103;120;50.00;50.00;50.00;6940;1000;0.0;0;1.0000;0;0
600;2013-07-04 14:30:00;172602N232;675;4.381;40;226;226;228;224;1.211;50.00;406.1;0.829;407.1;0.816;0.0;0.000;60;0;0;1.182;1.268;1.184;213;233;227;50.00;50.00;50.00;6940;1000;0.0;0;1.0000;0;0
600;2013-07-04 14:40:00;172602N232;1055;4.559;40;227;227;229;224;1.610;50.00;418.1;1.278;412.3;1.260;0.0;0.000;60;0;0;1.562;1.657;1.612;337;368;349;50.00;50.00;50.00;6940;1000;0.0;0;1.0000;0;0
600;2013-07-04 14:50:00;172602N232;1113;4.745;40;227;228;230;224;1.680;50.01;413.3;1.356;409.5;1.347;0.0;0.000;60;0;0;1.639;1.731;1.672;358;387;365;50.01;50.01;50.01;6940;1000;0.0;0;1.0000;0;0
600;2013-07-04 15:00:00;172602N232;1476;4.990;40;227;228;229;224;2.200;49.98;415.4;1.822;412.2;1.755;0.0;0.000;60;0;0;2.163;2.257;2.180;482;511;481;49.98;49.98;49.98;6940;1000;0.0;0;1.0000;0;0
600;2013-07-04 15:10:00;172602N232;707;5.108;40;226;227;228;224;1.085;49.99;405.2;0.886;401.7;0.851;0.0;0.000;60;0;0;1.035;1.132;1.089;223;248;234;49.99;49.99;49.99;6940;1000;0.0;0;1.0000;0;0
600;2013-07-04 15:20:00;172602N232;1895;5.424;40;228;228;230;225;2.795;49.99;422.5;2.274;411.1;2.306;0.0;0.000;60;0;0;2.743;2.860;2.783;619;652;622;49.99;49.99;49.99;6940;1000;0.0;0;1.0000;0;0
600;2013-07-04 15:30:00;172602N232;1928;5.745;41;227;227;230;224;2.845;49.97;410.0;2.403;404.2;2.364;0.0;0.000;60;0;0;2.791;2.916;2.828;629;666;631;49.97;49.97;49.97;6940;1000;0.0;0;1.0000;0;0
600;2013-07-04 15:40:00;172602N232;1126;5.933;41;227;227;230;225;1.696;50.00;405.5;1.422;401.8;1.371;0.0;0.000;60;0;0;1.647;1.744;1.698;361;392;371;50.00;50.00;50.00;6940;1000;0.0;0;1.0000;0;0
600;2013-07-04 15:50:00;172602N232;682;6.047;41;225;225;228;223;1.063;50.01;403.7;0.856;399.0;0.831;0.0;0.000;60;0;0;1.001;1.118;1.070;212;241;227;50.01;50.01;50.01;6940;1000;0.0;0;1.0000;0;0
600;2013-07-04 16:00:00;172602N232;585;6.144;41;222;222;224;220;0.919;49.99;406.6;0.722;399.6;0.711;0.0;0.000;60;0;0;0.863;0.965;0.930;181;206;195;49.99;49.99;49.99;6940;1000;0.0;0;1.0000;0;0
600;2013-07-04 16:10:00;172602N232;900;6.295;41;222;222;224;220;1.530;50.00;413.0;1.100;406.3;1.086;0.0;0.000;60;0;0;1.598;1.492;1.500;296;304;298;50.00;50.00;50.00;6940;1000;0.0;0;1.0000;0;0
600;2013-07-04 16:20:00;172602N232;1543;6.553;41;222;223;224;220;2.345;49.99;407.2;1.927;409.2;1.873;0.0;0.000;60;0;0;2.302;2.395;2.338;504;530;507;49.99;49.99;49.99;6940;1000;0.0;0;1.0000;0;0
600;2013-07-04 16:30:00;172602N232;592;6.651;41;221;222;222;220;1.065;50.00;401.8;0.743;397.2;0.719;0.0;0.000;60;0;0;1.038;1.085;1.073;187;206;197;50.00;50.00;50.00;6940;1000;0.0;0;1.0000;0;0
600;2013-07-04 16:40:00;172602N232;1096;6.834;41;222;222;224;221;1.697;49.99;409.9;1.350;406.2;1.335;0.0;0.000;60;0;0;1.651;1.737;1.703;351;379;364;49.99;49.99;49.99;6940;1000;0.0;0;1.0000;0;0
600;2013-07-04 16:50:00;172602N232;1381;7.065;41;223;223;224;221;2.114;50.00;413.4;1.699;406.1;1.681;0.0;0.000;60;0;0;2.076;2.156;2.110;447;476;455;50.00;50.00;50.00;6940;1000;0.0;0;1.0000;0;0
600;2013-07-04 17:00:00;172602N232;955;7.224;41;222;223;224;220;1.509;50.00;401.8;1.212;400.7;1.165;0.0;0.000;60;0;0;1.473;1.544;1.512;305;331;318;50.00;50.00;50.00;6940;1000;0.0;0;1.0000;0;0
600;2013-07-04 17:10:00;172602N232;858;7.367;41;222;223;224;220;1.343;50.01;400.6;1.083;400.5;1.056;0.0;0.000;60;0;0;1.310;1.378;1.343;275;297;284;50.01;50.01;50.01;6940;1000;0.0;0;1.0000;0;0
600;2013-07-04 17:20:00;172602N232;323;7.421;41;222;223;221;221;1.169;50.01;386.8;0.410;388.3;0.394;0.0;0.000;60;0;0;1.420;1.157;0.931;82;143;97;50.01;50.01;50.01;6940;1000;0.0;0;1.0000;0;0
600;2013-07-04 17:30:00;172602N232;569;7.516;41;221;222;221;220;1.131;50.00;397.5;0.718;400.0;0.685;0.0;0.000;60;0;0;1.194;1.131;1.070;179;201;187;50.00;50.00;50.00;6940;1000;0.0;0;1.0000;0;0
600;2013-07-04 17:40:00;172602N232;279;7.563;41;221;222;220;220;1.030;50.00;390.5;0.342;384.4;0.337;0.0;0.000;60;0;0;1.226;0.972;0.892;62;115;101;50.00;50.00;50.00;6940;1000;0.0;0;1.0000;0;0
600;2013-07-04 17:50:00;172602N232;667;7.674;41;222;222;224;219;1.126;50.00;404.4;0.831;403.2;0.807;0.0;0.000;60;0;0;1.132;1.135;1.111;212;230;223;50.00;50.00;50.00;6940;1000;0.0;0;1.0000;0;0
600;2013-07-04 18:00:00;172602N232;390;7.739;41;221;221;223;220;1.099;50.02;398.1;0.482;393.2;0.475;0.0;0.000;60;0;0;1.128;1.165;1.005;113;136;139;50.02;50.02;50.02;6940;1000;0.0;0;1.0000;0;0
600;2013-07-04 18:10:00;172602N232;649;7.847;41;221;221;222;221;1.176;50.00;398.6;0.804;401.2;0.799;0.0;0.000;60;0;0;1.165;1.201;1.162;202;227;217;50.00;50.00;50.00;6940;1000;0.0;0;1.0000;0;0
600;2013-07-04 18:20:00;172602N232;660;7.957;41;222;220;224;220;1.088;49.99;410.1;0.810;402.6;0.799;0.0;0.000;60;0;0;1.016;1.142;1.108;204;233;221;49.99;49.99;49.99;6940;1000;0.0;0;1.0000;0;0
600;2013-07-04 18:30:00;172602N232;439;8.032;41;222;221;223;221;0.750;49.99;399.2;0.548;396.3;0.536;0.0;0.000;60;0;0;0.698;0.792;0.761;133;157;148;49.99;49.99;49.99;6940;1000;0.0;0;1.0000;0;0
600;2013-07-04 18:40:00;172602N232;226;8.069;40;222;222;224;221;1.024;49.99;383.2;0.286;386.9;0.268;0.0;0.000;60;0;0;1.007;1.230;0.835;59;80;85;49.99;49.99;49.99;6940;1000;0.0;0;1.0000;0;0
600;2013-07-04 18:50:00;172602N232;396;8.136;40;223;223;224;223;1.143;50.00;400.4;0.489;398.4;0.474;0.0;0.000;60;0;0;1.161;1.178;1.091;114;139;141;50.00;50.00;50.00;6940;1000;0.0;0;1.0000;0;0
600;2013-07-04 19:00:00;172602N232;208;8.169;40;223;223;224;223;0.991;50.01;383.6;0.258;381.2;0.245;0.0;0.000;60;0;0;1.018;1.101;0.854;50;75;80;50.01;50.01;50.01;6940;1000;0.0;0;1.0000;0;0
600;2013-07-04 19:10:00;172602N232;168;8.198;40;223;223;224;222;0.950;50.00;383.5;0.204;381.5;0.199;0.0;0.000;60;0;0;0.973;1.176;0.701;40;61;65;50.00;50.00;50.00;6940;1000;0.0;0;1.0000;0;0
600;2013-07-04 19:20:00;172602N232;302;8.248;40;223;223;225;223;1.146;50.00;398.0;0.373;395.8;0.358;0.0;0.000;60;0;0;1.161;1.283;0.995;91;102;107;50.00;50.00;50.00;6940;1000;0.0;0;1.0000;0;0
600;2013-07-04 19:30:00;172602N232;340;8.305;40;224;223;225;223;0.905;49.99;400.0;0.418;396.4;0.403;0.0;0.000;60;0;0;0.895;1.005;0.816;100;120;118;49.99;49.99;49.99;6940;1000;0.0;0;1.0000;0;0
600;2013-07-04 19:40:00;172602N232;178;8.334;39;223;224;224;222;0.961;49.99;381.6;0.220;384.8;0.211;0.0;0.000;60;0;0;1.067;1.064;0.753;24;75;78;49.99;49.99;49.99;6940;1000;0.0;0;1.0000;0;0
600;2013-07-04 19:50:00;172602N232;185;8.366;39;224;224;225;222;1.053;49.99;385.4;0.228;387.2;0.217;0.0;0.000;60;0;0;1.308;1.053;0.800;28;77;78;49.99;49.99;49.99;6940;1000;0.0;0;1.0000;0;0
600;2013-07-04 20:00:00;172602N232;232;8.405;39;224;224;225;223;1.058;49.99;388.9;0.285;390.7;0.278;0.0;0.000;60;0;0;1.024;1.234;0.917;46;91;92;49.99;49.99;49.99;6940;1000;0.0;0;1.0000;0;0
600;2013-07-04 20:10:00;172602N232;371;8.468;39;222;223;223;221;1.150;50.00;392.9;0.459;399.8;0.450;0.0;0.000;60;0;0;1.205;1.185;1.060;104;137;128;50.00;50.00;50.00;6940;1000;0.0;0;1.0000;0;0
600;2013-07-04 20:20:00;172602N232;667;8.578;39;222;224;222;221;1.147;49.99;400.3;0.784;402.9;0.865;0.0;0.000;60;0;0;1.191;1.133;1.118;212;227;226;49.99;49.99;49.99;6940;1000;0.0;0;1.0000;0;0
600;2013-07-04 20:30:00;172602N232;366;8.640;39;222;223;223;221;0.994;49.98;392.0;0.453;397.7;0.447;0.0;0.000;60;0;0;1.060;0.990;0.934;108;130;125;49.98;49.98;49.98;6940;1000;0.0;0;1.0000;0;0
600;2013-07-04 20:40:00;172602N232;345;8.698;39;222;222;224;221;1.170;49.98;393.9;0.409;397.8;0.435;0.0;0.000;60;0;0;1.197;1.241;1.074;98;118;127;49.98;49.98;49.98;6940;1000;0.0;0;1.0000;0;0
600;2013-07-04 20:50:00;172602N232;220;8.734;39;222;222;224;221;1.058;49.99;387.7;0.263;388.4;0.271;0.0;0.000;60;0;0;1.068;1.342;0.766;62;73;84;49.99;49.99;49.99;6940;1000;0.0;0;1.0000;0;0
600;2013-07-04 21:00:00;172602N232;125;8.755;39;222;222;223;221;0.909;49.98;375.1;0.150;378.6;0.145;0.0;0.000;60;0;0;1.033;1.003;0.691;16;51;57;49.98;49.98;49.98;6940;1000;0.0;0;1.0000;0;0
600;2013-07-04 21:10:00;172602N232;23;8.759;39;221;221;224;219;0.455;49.98;295.6;0.021;294.5;0.021;0.0;0.000;60;0;0;0.411;0.638;0.318;11;2;21;49.98;49.98;49.98;6940;1000;0.0;0;1.0000;0;0
600;2013-07-04 21:20:00;172602N232;26;8.764;38;221;220;225;220;0.548;49.97;301.8;0.023;318.3;0.025;0.0;0.000;60;0;0;0.412;0.869;0.363;22;0;25;49.97;49.97;49.97;6940;1000;0.0;0;1.0000;0;0
600;2013-07-04 21:30:00;172602N232;51;8.773;38;222;221;225;221;0.707;49.98;343.0;0.055;355.5;0.056;0.0;0.000;60;0;0;0.547;1.075;0.500;27;0;37;49.98;49.98;49.98;6940;1000;0.0;0;1.0000;0;0
600;2013-07-04 21:40:00;172602N232;21;8.776;38;222;223;223;222;0.429;49.99;296.2;0.016;305.2;0.017;0.0;0.000;60;0;0;0.495;0.478;0.315;4;10;20;49.99;49.99;49.99;6940;1000;0.0;0;1.0000;0;0
600;2013-07-04 21:50:00;172602N232;0;8.777;38;223;224;223;220;0.049;50.01;250.3;0.000;250.9;0.000;0.0;0.000;60;0;0;0.078;0.039;0.030;0;0;1;50.01;50.01;50.01;6940;1000;0.0;0;1.0000;0;0
600;2013-07-04 22:00:00;172602N232;0;8.777;36;222;223;224;221;0.000;49.99;242.8;0.000;243.1;0.000;0.0;0.000;50;0;0;0.000;0.000;0.000;0;0;0;49.99;49.99;49.99;6940;1000;0.0;0;1.0000;0;0
600;2013-07-04 22:10:00;172602N232;0;8.777;35;222;223;223;220;0.000;49.98;229.6;0.000;230.5;0.000;0.0;0.000;50;0;0;0.000;0.000;0.000;0;0;0;49.98;49.98;49.98;6940;1000;0.0;0;1.0000;0;0
600;2013-07-04 22:20:00;172602N232;0;8.777;35;222;223;224;220;0.000;50.01;228.1;0.000;229.0;0.000;0.0;0.000;50;0;0;0.000;0.000;0.000;0;0;0;50.01;50.01;50.01;6940;1000;0.0;0;1.0000;0;0
600;2013-07-04 22:30:00;172602N232;0;8.777;34;222;223;223;220;0.000;50.00;229.5;0.000;230.4;0.000;0.0;0.000;50;0;0;0.000;0.000;0.000;0;0;0;50.00;50.00;50.00;6940;1000;0.0;0;1.0000;0;0
[wr_ende]
