20130406;230003;172602N232;My Plant;+0100
[wr_def_start]
172602N232;Inverter Type;Inverter Group;72602N232      
[wr_def_end]
[wr]
INTERVAL;TIMESTAMP;SERIAL;P_AC;E_DAY;T_WR;U_AC;U_AC_1;U_AC_2;U_AC_3;I_AC;F_AC;U_DC_1;I_DC_1;U_DC_2;I_DC_2;U_DC_3;I_DC_3;S;E_WR;M_WR;I_AC_1;I_AC_2;I_AC_3;P_AC_1;P_AC_2;P_AC_3;F_AC_1;F_AC_2;F_AC_3;R_DC;PC;PCS;PCS_LL;COS_PHI;COS_PHI_LL;S_COS_PHI
600;2013-04-06 06:10:00;172602N232;0;0.000;0;1;1;1;1;0.000;0.25;1.0;0.000;1.0;0.000;0.0;0.000;50;0;0;0.000;0.000;0.000;0;0;0;0.25;0.25;0.25;24;1000;0.0;0;1.0000;0;0
600;2013-04-06 06:20:00;172602N232;0;0.000;14;224;224;226;221;0.000;49.97;228.9;0.000;229.8;0.000;0.0;0.000;50;0;0;0.000;0.000;0.000;0;0;0;49.97;49.97;49.97;0;1000;0.0;0;1.0000;0;0
600;2013-04-06 06:30:00;172602N232;0;0.000;16;224;224;226;221;0.000;49.97;240.3;0.000;241.2;0.000;0.0;0.000;50;0;0;0.000;0.000;0.000;0;0;0;49.97;49.97;49.97;0;1000;0.0;0;1.0000;0;0
600;2013-04-06 06:40:00;172602N232;0;0.000;17;224;225;225;223;0.014;49.97;296.0;0.000;295.3;0.000;0.0;0.000;52;0;0;0.020;0.015;0.009;0;0;0;49.97;49.97;49.97;7259;1000;0.0;0;1.0000;0;0
600;2013-04-06 06:50:00;172602N232;17;0.005;17;225;226;225;224;0.348;49.97;313.8;0.006;321.1;0.009;0.0;0.000;60;0;0;0.479;0.298;0.267;0;16;14;49.97;49.97;49.97;10330;1000;0.0;0;1.0000;0;0
600;2013-04-06 07:00:00;172602N232;46;0.014;18;226;226;226;225;0.555;50.00;389.7;0.034;395.6;0.037;0.0;0.000;60;0;0;0.728;0.494;0.445;0;31;24;50.00;50.00;50.00;10330;1000;0.0;0;1.0000;0;0
600;2013-04-06 07:10:00;172602N232;72;0.028;18;227;227;226;226;0.823;49.98;412.1;0.066;413.8;0.069;0.0;0.000;60;0;0;1.147;0.644;0.679;0;46;32;49.98;49.98;49.98;10330;1000;0.0;0;1.0000;0;0
600;2013-04-06 07:20:00;172602N232;104;0.045;18;226;227;226;225;0.940;49.97;425.7;0.101;423.9;0.104;0.0;0.000;60;0;0;1.301;0.753;0.768;3;56;46;49.97;49.97;49.97;10330;1000;0.0;0;1.0000;0;0
600;2013-04-06 07:30:00;172602N232;127;0.064;19;226;226;226;225;0.984;49.99;434.7;0.128;427.6;0.128;0.0;0.000;60;0;0;1.350;0.813;0.791;12;62;50;49.99;49.99;49.99;10330;1000;0.0;0;1.0000;0;0
600;2013-04-06 07:40:00;172602N232;147;0.086;20;226;226;227;225;0.903;49.98;439.7;0.151;436.1;0.145;0.0;0.000;60;0;0;0.917;1.100;0.694;19;65;61;49.98;49.98;49.98;10330;1000;0.0;0;1.0000;0;0
600;2013-04-06 07:50:00;172602N232;169;0.114;21;225;225;226;223;0.940;49.98;441.7;0.174;439.7;0.166;0.0;0.000;60;0;0;0.879;1.218;0.723;20;69;78;49.98;49.98;49.98;10330;1000;0.0;0;1.0000;0;0
600;2013-04-06 08:00:00;172602N232;201;0.147;21;224;224;224;223;0.965;50.00;447.3;0.207;444.7;0.202;0.0;0.000;60;0;0;1.165;0.828;0.904;39;66;94;50.00;50.00;50.00;10330;1000;0.0;0;1.0000;0;0
600;2013-04-06 08:10:00;172602N232;226;0.185;21;224;224;224;223;1.028;49.99;449.0;0.236;443.5;0.231;0.0;0.000;60;0;0;1.242;1.100;0.742;55;99;70;49.99;49.99;49.99;10330;1000;0.0;0;1.0000;0;0
600;2013-04-06 08:20:00;172602N232;236;0.224;22;224;224;225;222;1.024;49.99;450.5;0.244;452.1;0.239;0.0;0.000;60;0;0;1.202;1.182;0.688;63;97;74;49.99;49.99;49.99;10330;1000;0.0;0;1.0000;0;0
600;2013-04-06 08:30:00;172602N232;255;0.268;22;223;223;223;223;1.074;49.98;457.8;0.259;468.4;0.250;0.0;0.000;60;0;0;1.221;1.193;0.809;69;114;70;49.98;49.98;49.98;10330;1000;0.0;0;1.0000;0;0
600;2013-04-06 08:40:00;172602N232;289;0.316;22;222;221;223;223;1.113;49.97;475.1;0.286;478.3;0.278;0.0;0.000;60;0;0;1.129;1.205;1.006;95;109;82;49.97;49.97;49.97;10330;1000;0.0;0;1.0000;0;0
600;2013-04-06 08:50:00;172602N232;387;0.381;23;222;221;222;222;1.075;49.97;447.0;0.456;437.1;0.415;0.0;0.000;60;0;0;1.069;1.122;1.034;122;142;121;49.97;49.97;49.97;10330;1000;0.0;0;1.0000;0;0
600;2013-04-06 09:00:00;172602N232;713;0.499;23;222;222;223;222;1.114;49.97;409.6;1.247;414.3;0.491;0.0;0.000;60;0;0;1.065;1.144;1.133;225;246;241;49.97;49.97;49.97;10330;1000;0.0;0;1.0000;0;0
600;2013-04-06 09:10:00;172602N232;617;0.603;23;223;223;223;223;1.102;50.00;362.5;1.186;476.4;0.396;0.0;0.000;60;0;0;1.126;1.087;1.093;199;209;207;50.00;50.00;50.00;10330;1000;0.0;0;1.0000;0;0
600;2013-04-06 09:20:00;172602N232;434;0.675;24;223;223;224;222;1.062;49.99;485.9;0.429;452.6;0.484;0.0;0.000;60;0;0;1.055;1.105;1.026;133;158;141;49.99;49.99;49.99;10330;1000;0.0;0;1.0000;0;0
600;2013-04-06 09:30:00;172602N232;462;0.752;24;223;224;223;222;0.973;50.01;475.8;0.459;481.0;0.471;0.0;0.000;60;0;0;0.986;1.000;0.933;147;166;147;50.01;50.01;50.01;10330;1000;0.0;0;1.0000;0;0
600;2013-04-06 09:40:00;172602N232;434;0.825;24;221;222;221;221;1.119;49.99;465.8;0.442;485.5;0.432;0.0;0.000;60;0;0;1.140;1.139;1.079;138;158;135;49.99;49.99;49.99;10330;1000;0.0;0;1.0000;0;0
600;2013-04-06 09:50:00;172602N232;420;0.895;25;221;222;221;221;1.114;49.99;463.3;0.425;474.6;0.434;0.0;0.000;60;0;0;1.133;1.143;1.068;131;156;132;49.99;49.99;49.99;10330;1000;0.0;0;1.0000;0;0
600;2013-04-06 10:00:00;172602N232;429;0.967;25;221;222;222;220;1.008;49.98;461.4;0.419;481.1;0.454;0.0;0.000;60;0;0;1.010;1.045;0.970;135;155;137;49.98;49.98;49.98;10330;1000;0.0;0;1.0000;0;0
600;2013-04-06 10:10:00;172602N232;417;1.036;25;221;221;223;220;0.913;49.98;456.4;0.419;470.1;0.447;0.0;0.000;60;0;0;0.896;0.960;0.884;127;151;137;49.98;49.98;49.98;10330;1000;0.0;0;1.0000;0;0
600;2013-04-06 10:20:00;172602N232;407;1.104;25;221;222;221;221;1.102;50.00;466.1;0.415;468.3;0.420;0.0;0.000;60;0;0;1.116;1.141;1.050;123;153;128;50.00;50.00;50.00;10330;1000;0.0;0;1.0000;0;0
600;2013-04-06 10:30:00;172602N232;391;1.170;25;221;222;222;219;1.169;49.99;473.1;0.404;458.7;0.396;0.0;0.000;60;0;0;1.255;1.192;1.061;106;152;131;49.99;49.99;49.99;10330;1000;0.0;0;1.0000;0;0
600;2013-04-06 10:40:00;172602N232;523;1.257;25;222;222;224;220;1.170;50.02;271.2;1.359;451.2;0.383;0.0;0.000;60;0;0;1.159;1.233;1.118;164;189;169;50.02;50.02;50.02;10330;1000;0.0;0;1.0000;0;0
600;2013-04-06 10:50:00;172602N232;1052;1.433;25;222;222;225;220;1.635;50.02;257.9;3.490;447.7;0.367;0.0;0.000;60;0;0;1.593;1.678;1.634;337;366;348;50.02;50.02;50.02;10330;1000;0.0;0;1.0000;0;0
600;2013-04-06 11:00:00;172602N232;1291;1.648;25;221;220;222;220;2.005;49.99;273.1;4.191;443.1;0.368;0.0;0.000;60;0;0;1.966;2.041;2.010;417;442;430;49.99;49.99;49.99;10330;1000;0.0;0;1.0000;0;0
600;2013-04-06 11:10:00;172602N232;1432;1.887;26;221;221;223;221;2.183;49.99;319.4;4.001;447.1;0.394;0.0;0.000;60;0;0;2.141;2.219;2.191;466;488;476;49.99;49.99;49.99;10330;1000;0.0;0;1.0000;0;0
600;2013-04-06 11:20:00;172602N232;1827;2.193;26;222;222;223;220;2.770;49.98;340.2;4.714;453.1;0.530;0.0;0.000;60;0;0;2.734;2.820;2.756;601;622;602;49.98;49.98;49.98;10330;1000;0.0;0;1.0000;0;0
600;2013-04-06 11:30:00;172602N232;1880;2.505;26;221;222;222;220;2.862;49.99;387.2;3.996;450.7;0.794;0.0;0.000;60;0;0;2.833;2.912;2.842;619;640;618;49.99;49.99;49.99;10330;1000;0.0;0;1.0000;0;0
600;2013-04-06 11:40:00;172602N232;2076;2.852;27;222;223;222;221;3.157;49.99;407.8;3.639;450.3;1.338;0.0;0.000;60;0;0;3.142;3.184;3.145;689;701;685;49.99;49.99;49.99;10330;1000;0.0;0;1.0000;0;0
600;2013-04-06 11:50:00;172602N232;651;2.960;27;221;222;222;220;1.152;50.00;405.7;0.836;419.1;0.725;0.0;0.000;60;0;0;1.134;1.186;1.138;208;226;214;50.00;50.00;50.00;10330;1000;0.0;0;1.0000;0;0
600;2013-04-06 12:00:00;172602N232;521;3.047;28;225;226;226;224;0.811;49.97;419.4;0.610;423.2;0.607;0.0;0.000;60;0;0;0.759;0.848;0.826;161;183;175;49.97;49.97;49.97;10330;1000;0.0;0;1.0000;0;0
600;2013-04-06 12:10:00;172602N232;593;3.146;28;223;225;222;223;1.122;49.99;414.0;0.704;424.2;0.691;0.0;0.000;60;0;0;1.210;1.103;1.053;191;204;196;49.99;49.99;49.99;10330;1000;0.0;0;1.0000;0;0
600;2013-04-06 12:20:00;172602N232;931;3.302;28;223;224;222;223;1.431;49.99;426.2;1.089;427.7;1.082;0.0;0.000;60;0;0;1.401;1.449;1.444;303;314;312;49.99;49.99;49.99;10330;1000;0.0;0;1.0000;0;0
600;2013-04-06 12:30:00;172602N232;2302;3.685;28;224;224;225;224;3.433;49.97;431.0;3.250;447.0;2.062;0.0;0.000;60;0;0;3.380;3.485;3.435;753;781;766;49.97;49.97;49.97;10330;1000;0.0;0;1.0000;0;0
600;2013-04-06 12:40:00;172602N232;2050;4.027;28;224;223;225;225;3.066;49.99;411.6;3.091;442.1;1.764;0.0;0.000;60;0;0;3.005;3.102;3.091;666;694;689;49.99;49.99;49.99;10330;1000;0.0;0;1.0000;0;0
600;2013-04-06 12:50:00;172602N232;791;4.159;28;223;223;223;223;1.338;49.99;422.2;0.964;419.3;0.903;0.0;0.000;60;0;0;1.359;1.311;1.346;256;264;269;49.99;49.99;49.99;10330;1000;0.0;0;1.0000;0;0
600;2013-04-06 13:00:00;172602N232;829;4.298;29;222;222;222;222;1.319;49.96;422.4;1.010;426.0;0.929;0.0;0.000;60;0;0;1.309;1.325;1.325;267;280;279;49.96;49.96;49.96;10330;1000;0.0;0;1.0000;0;0
600;2013-04-06 13:10:00;172602N232;3598;4.898;29;223;223;223;224;5.374;49.99;424.6;4.527;404.1;4.316;0.0;0.000;60;0;0;5.349;5.374;5.401;1193;1199;1206;49.99;49.99;49.99;10330;1000;0.0;0;1.0000;0;0
600;2013-04-06 13:20:00;172602N232;1302;5.116;29;222;222;223;221;2.033;50.01;416.4;1.603;409.5;1.576;0.0;0.000;60;0;0;2.036;2.041;2.022;423;443;434;50.01;50.01;50.01;10330;1000;0.0;0;1.0000;0;0
600;2013-04-06 13:30:00;172602N232;849;5.257;29;221;222;222;220;1.370;50.02;420.6;1.006;422.2;0.995;0.0;0.000;60;0;0;1.384;1.369;1.357;276;288;283;50.02;50.02;50.02;10330;1000;0.0;0;1.0000;0;0
600;2013-04-06 13:40:00;172602N232;1139;5.447;30;222;224;222;219;1.756;50.02;435.9;1.309;428.4;1.323;0.0;0.000;60;0;0;1.742;1.775;1.753;377;386;374;50.02;50.02;50.02;10330;1000;0.0;0;1.0000;0;0
600;2013-04-06 13:50:00;172602N232;1017;5.617;30;222;225;222;219;1.550;50.01;432.7;1.199;427.7;1.157;0.0;0.000;60;0;0;1.529;1.575;1.546;338;344;332;50.01;50.01;50.01;10330;1000;0.0;0;1.0000;0;0
600;2013-04-06 14:00:00;172602N232;1358;5.843;30;222;225;224;219;2.066;49.97;429.6;1.631;430.4;1.531;0.0;0.000;60;0;0;2.047;2.110;2.042;451;466;439;49.97;49.97;49.97;10330;1000;0.0;0;1.0000;0;0
600;2013-04-06 14:10:00;172602N232;3527;6.432;30;223;225;225;220;5.256;49.97;423.3;4.287;427.0;4.138;0.0;0.000;60;0;0;5.264;5.342;5.162;1186;1206;1134;49.97;49.97;49.97;10330;1000;0.0;0;1.0000;0;0
600;2013-04-06 14:20:00;172602N232;1862;6.742;30;223;224;225;219;2.810;49.98;419.0;2.266;417.9;2.195;0.0;0.000;60;0;0;2.789;2.868;2.775;617;642;602;49.98;49.98;49.98;10330;1000;0.0;0;1.0000;0;0
600;2013-04-06 14:30:00;172602N232;2476;7.156;30;222;224;224;220;3.709;49.98;413.5;3.034;410.9;2.990;0.0;0.000;60;0;0;3.676;3.803;3.649;821;857;798;49.98;49.98;49.98;10330;1000;0.0;0;1.0000;0;0
600;2013-04-06 14:40:00;172602N232;3827;7.793;31;224;225;226;222;5.674;49.98;417.1;4.697;417.9;4.605;0.0;0.000;60;0;0;5.675;5.762;5.587;1277;1308;1239;49.98;49.98;49.98;10330;1000;0.0;0;1.0000;0;0
600;2013-04-06 14:50:00;172602N232;4117;8.479;36;225;224;227;222;6.107;49.98;407.5;5.153;409.4;5.071;0.0;0.000;60;0;0;6.076;6.202;6.043;1363;1411;1343;49.98;49.98;49.98;10330;1000;0.0;0;1.0000;0;0
600;2013-04-06 15:00:00;172602N232;2101;8.830;32;223;220;225;222;3.209;49.98;409.7;2.562;407.8;2.504;0.0;0.000;60;0;0;3.078;3.316;3.234;671;730;697;49.98;49.98;49.98;10330;1000;0.0;0;1.0000;0;0
600;2013-04-06 15:10:00;172602N232;4164;9.524;36;224;222;227;223;6.194;49.98;411.7;5.150;413.9;5.074;0.0;0.000;60;0;0;6.080;6.341;6.162;1349;1441;1372;49.98;49.98;49.98;10330;1000;0.0;0;1.0000;0;0
600;2013-04-06 15:20:00;172602N232;4215;10.227;38;225;224;227;223;6.259;49.98;408.6;5.258;410.2;5.193;0.0;0.000;60;0;0;6.197;6.356;6.225;1384;1443;1386;49.98;49.98;49.98;10330;1000;0.0;0;1.0000;0;0
600;2013-04-06 15:30:00;172602N232;3740;10.851;36;224;223;226;223;5.572;49.96;410.7;4.627;412.1;4.571;0.0;0.000;60;0;0;5.529;5.649;5.540;1234;1273;1230;49.96;49.96;49.96;10330;1000;0.0;0;1.0000;0;0
600;2013-04-06 15:40:00;172602N232;4229;11.555;35;225;224;227;224;6.274;49.97;406.0;5.295;408.2;5.236;0.0;0.000;60;0;0;6.202;6.381;6.239;1385;1448;1393;49.97;49.97;49.97;10330;1000;0.0;0;1.0000;0;0
600;2013-04-06 15:50:00;172602N232;4117;12.241;36;225;223;228;224;6.101;50.02;404.2;5.179;406.3;5.128;0.0;0.000;60;0;0;6.008;6.208;6.088;1341;1414;1361;50.02;50.02;50.02;10330;1000;0.0;0;1.0000;0;0
600;2013-04-06 16:00:00;172602N232;4226;12.947;38;225;223;228;223;6.272;50.01;403.0;5.337;404.3;5.287;0.0;0.000;60;0;0;6.166;6.409;6.243;1373;1462;1390;50.01;50.01;50.01;10330;1000;0.0;0;1.0000;0;0
600;2013-04-06 16:10:00;172602N232;3582;13.544;36;223;221;227;222;5.348;50.00;406.3;4.469;405.9;4.467;0.0;0.000;60;0;0;5.245;5.473;5.326;1158;1239;1180;50.00;50.00;50.00;10330;1000;0.0;0;1.0000;0;0
600;2013-04-06 16:20:00;172602N232;2155;13.903;37;223;222;224;221;3.240;49.98;412.8;2.645;408.8;2.640;0.0;0.000;60;0;0;3.195;3.297;3.229;705;739;710;49.98;49.98;49.98;10330;1000;0.0;0;1.0000;0;0
600;2013-04-06 16:30:00;172602N232;593;14.002;36;221;221;220;221;0.943;49.99;410.6;0.715;413.0;0.707;0.0;0.000;60;0;0;0.897;0.969;0.963;187;204;201;49.99;49.99;49.99;10330;1000;0.0;0;1.0000;0;0
600;2013-04-06 16:40:00;172602N232;1139;14.192;36;221;222;221;221;1.770;49.99;424.6;1.332;425.7;1.333;0.0;0.000;60;0;0;1.735;1.788;1.788;370;385;382;49.99;49.99;49.99;10330;1000;0.0;0;1.0000;0;0
600;2013-04-06 16:50:00;172602N232;1274;14.405;35;222;222;223;221;1.940;49.99;423.6;1.504;426.2;1.490;0.0;0.000;60;0;0;1.900;1.974;1.947;415;436;423;49.99;49.99;49.99;10330;1000;0.0;0;1.0000;0;0
600;2013-04-06 17:00:00;172602N232;1269;14.617;35;223;224;225;219;1.930;50.01;420.2;1.506;425.3;1.495;0.0;0.000;60;0;0;1.901;1.977;1.912;417;439;412;50.01;50.01;50.01;10330;1000;0.0;0;1.0000;0;0
600;2013-04-06 17:10:00;172602N232;900;14.766;35;222;223;223;220;1.380;49.99;422.5;1.056;424.5;1.057;0.0;0.000;60;0;0;1.338;1.424;1.380;290;312;296;49.99;49.99;49.99;10330;1000;0.0;0;1.0000;0;0
600;2013-04-06 17:20:00;172602N232;1602;15.034;34;223;223;225;221;2.428;49.99;425.6;1.874;429.8;1.876;0.0;0.000;60;0;0;2.397;2.473;2.414;525;549;525;49.99;49.99;49.99;10330;1000;0.0;0;1.0000;0;0
600;2013-04-06 17:30:00;172602N232;2089;15.381;34;223;224;225;220;3.151;49.99;418.3;2.495;432.6;2.428;0.0;0.000;60;0;0;3.128;3.205;3.122;691;715;681;49.99;49.99;49.99;10330;1000;0.0;0;1.0000;0;0
600;2013-04-06 17:40:00;172602N232;1045;15.556;34;222;222;222;221;1.684;49.99;413.4;1.235;425.2;1.237;0.0;0.000;60;0;0;1.697;1.679;1.678;340;354;350;49.99;49.99;49.99;10330;1000;0.0;0;1.0000;0;0
600;2013-04-06 17:50:00;172602N232;1539;15.813;34;224;224;223;224;2.333;49.98;424.4;1.813;429.0;1.805;0.0;0.000;60;0;0;2.308;2.340;2.352;507;515;516;49.98;49.98;49.98;10330;1000;0.0;0;1.0000;0;0
600;2013-04-06 18:00:00;172602N232;971;15.975;33;222;221;223;221;1.566;50.02;418.1;1.150;420.2;1.151;0.0;0.000;60;0;0;1.530;1.599;1.570;311;333;325;50.02;50.02;50.02;10330;1000;0.0;0;1.0000;0;0
600;2013-04-06 18:10:00;172602N232;534;16.064;33;222;221;224;220;0.866;50.01;413.4;0.629;421.7;0.627;0.0;0.000;60;0;0;0.825;0.911;0.863;164;189;178;50.01;50.01;50.01;10330;1000;0.0;0;1.0000;0;0
600;2013-04-06 18:20:00;172602N232;1262;16.274;33;222;221;225;219;1.931;49.97;396.7;1.405;426.3;1.689;0.0;0.000;60;0;0;1.876;2.001;1.917;407;442;412;49.97;49.97;49.97;10330;1000;0.0;0;1.0000;0;0
600;2013-04-06 18:30:00;172602N232;472;16.353;33;220;221;223;217;0.948;49.97;413.0;0.542;415.2;0.568;0.0;0.000;60;0;0;0.946;0.998;0.900;145;169;156;49.97;49.97;49.97;10330;1000;0.0;0;1.0000;0;0
600;2013-04-06 18:40:00;172602N232;259;16.396;32;221;221;223;219;1.103;49.96;404.6;0.304;412.3;0.295;0.0;0.000;60;0;0;1.085;1.281;0.945;68;86;103;49.96;49.96;49.96;10330;1000;0.0;0;1.0000;0;0
600;2013-04-06 18:50:00;172602N232;311;16.449;32;222;223;224;220;1.128;49.95;405.4;0.365;417.2;0.360;0.0;0.000;60;0;0;1.215;1.195;0.975;78;116;115;49.95;49.95;49.95;10330;1000;0.0;0;1.0000;0;0
600;2013-04-06 19:00:00;172602N232;193;16.480;32;222;223;223;219;1.022;50.00;396.3;0.226;411.2;0.217;0.0;0.000;60;0;0;1.340;0.852;0.874;24;70;97;50.00;50.00;50.00;10330;1000;0.0;0;1.0000;0;0
600;2013-04-06 19:10:00;172602N232;164;16.509;31;222;224;223;219;1.061;49.99;396.5;0.186;406.4;0.185;0.0;0.000;60;0;0;1.538;0.885;0.761;4;85;81;49.99;49.99;49.99;10330;1000;0.0;0;1.0000;0;0
600;2013-04-06 19:20:00;172602N232;163;16.535;31;223;225;225;220;1.121;49.97;390.1;0.188;417.2;0.180;0.0;0.000;60;0;0;1.636;0.954;0.773;9;83;81;49.97;49.97;49.97;10330;1000;0.0;0;1.0000;0;0
600;2013-04-06 19:30:00;172602N232;161;16.563;30;224;224;225;222;1.000;49.96;385.5;0.179;427.0;0.182;0.0;0.000;60;0;0;1.355;0.916;0.731;14;76;69;49.96;49.96;49.96;10330;1000;0.0;0;1.0000;0;0
600;2013-04-06 19:40:00;172602N232;124;16.584;30;224;224;224;223;0.951;49.95;381.1;0.137;406.8;0.144;0.0;0.000;60;0;0;1.344;0.767;0.743;3;67;53;49.95;49.95;49.95;10330;1000;0.0;0;1.0000;0;0
600;2013-04-06 19:50:00;172602N232;75;16.596;30;223;222;224;222;0.836;49.95;362.6;0.082;389.0;0.081;0.0;0.000;60;0;0;0.891;0.984;0.635;13;16;47;49.95;49.95;49.95;10330;1000;0.0;0;1.0000;0;0
600;2013-04-06 20:00:00;172602N232;14;16.599;29;222;223;223;221;0.358;49.97;281.7;0.008;279.0;0.011;0.0;0.000;60;0;0;0.434;0.379;0.261;1;6;16;49.97;49.97;49.97;10330;1000;0.0;0;1.0000;0;0
600;2013-04-06 20:10:00;172602N232;0;16.598;28;222;224;221;220;0.006;49.98;260.2;0.000;260.1;0.000;0.0;0.000;50;0;0;0.011;0.004;0.003;0;0;0;49.98;49.98;49.98;10330;1000;0.0;0;1.0000;0;0
600;2013-04-06 20:20:00;172602N232;0;16.598;27;221;222;222;219;0.000;49.99;229.3;0.000;230.3;0.000;0.0;0.000;50;0;0;0.000;0.000;0.000;0;0;0;49.99;49.99;49.99;10330;1000;0.0;0;1.0000;0;0
[wr_ende]
