20150324;230002;172602N232;My Plant;+0100
[wr_def_start]
172602N232;Inverter Type;Inverter Group;72602N232      
[wr_def_end]
[wr]
INTERVAL;TIMESTAMP;SERIAL;P_AC;E_DAY;T_WR;U_AC;U_AC_1;U_AC_2;U_AC_3;I_AC;F_AC;U_DC_1;I_DC_1;U_DC_2;I_DC_2;U_DC_3;I_DC_3;S;E_WR;M_WR;I_AC_1;I_AC_2;I_AC_3;P_AC_1;P_AC_2;P_AC_3;F_AC_1;F_AC_2;F_AC_3;R_DC;PC;PCS;PCS_LL;COS_PHI;COS_PHI_LL;S_COS_PHI
600;2015-03-24 05:30:00;172602N232;0;0.000;0;4;4;4;4;0.000;0.91;3.9;0.000;3.9;0.000;0.0;0.000;50;0;0;0.000;0.000;0.000;0;0;0;0.91;0.91;0.91;55;1000;0.0;0;1.0000;0;0
600;2015-03-24 05:40:00;172602N232;0;0.000;17;223;223;226;220;0.000;49.99;228.6;0.000;229.5;0.000;0.0;0.000;50;0;0;0.000;0.000;0.000;0;0;0;49.99;49.99;49.99;0;1000;0.0;0;1.0000;0;0
600;2015-03-24 05:50:00;172602N232;0;0.000;18;222;223;226;218;0.000;49.99;244.7;0.000;245.5;0.000;0.0;0.000;50;0;0;0.000;0.000;0.000;0;0;0;49.99;49.99;49.99;0;1000;0.0;0;1.0000;0;0
600;2015-03-24 06:00:00;172602N232;0;0.000;19;222;222;225;219;0.001;50.00;282.6;0.000;282.2;0.000;0.0;0.000;60;0;0;0.002;0.001;0.001;0;0;0;50.00;50.00;50.00;3324;1000;0.0;0;1.0000;0;0
600;2015-03-24 06:10:00;172602N232;4;0.001;19;221;222;223;219;0.139;50.00;273.2;0.000;282.3;0.001;0.0;0.000;60;0;0;0.171;0.141;0.105;1;2;6;50.00;50.00;50.00;5523;1000;0.0;0;1.0000;0;0
600;2015-03-24 06:20:00;172602N232;26;0.007;20;221;222;222;219;0.424;49.99;314.3;0.018;337.1;0.022;0.0;0.000;60;0;0;0.563;0.394;0.315;0;19;22;49.99;49.99;49.99;5461;1000;0.0;0;1.0000;0;0
600;2015-03-24 06:30:00;172602N232;60;0.017;20;222;223;224;220;0.732;49.99;383.6;0.057;386.2;0.061;0.0;0.000;60;0;0;0.817;0.844;0.537;4;16;41;49.99;49.99;49.99;5461;1000;0.0;0;1.0000;0;0
600;2015-03-24 06:40:00;172602N232;100;0.032;21;221;222;223;219;0.950;50.01;401.0;0.106;401.1;0.109;0.0;0.000;60;0;0;0.989;1.103;0.759;12;22;64;50.01;50.01;50.01;5461;1000;0.0;0;1.0000;0;0
600;2015-03-24 06:50:00;172602N232;157;0.058;21;222;221;223;221;0.941;49.98;415.2;0.169;413.5;0.172;0.0;0.000;60;0;0;0.810;1.262;0.753;29;52;73;49.98;49.98;49.98;5461;1000;0.0;0;1.0000;0;0
600;2015-03-24 07:00:00;172602N232;239;0.097;22;222;222;223;222;1.055;49.98;423.9;0.264;419.8;0.268;0.0;0.000;60;0;0;1.107;1.090;0.968;62;83;92;49.98;49.98;49.98;5461;1000;0.0;0;1.0000;0;0
600;2015-03-24 07:10:00;172602N232;376;0.159;22;223;223;225;222;1.228;49.99;432.4;0.419;427.5;0.426;0.0;0.000;60;0;0;1.191;1.369;1.126;107;122;145;49.99;49.99;49.99;5461;1000;0.0;0;1.0000;0;0
600;2015-03-24 07:20:00;172602N232;381;0.224;22;223;223;225;222;1.202;49.99;432.9;0.424;427.4;0.433;0.0;0.000;60;0;0;1.179;1.303;1.126;104;128;146;49.99;49.99;49.99;5461;1000;0.0;0;1.0000;0;0
600;2015-03-24 07:30:00;172602N232;453;0.299;23;223;222;225;222;0.839;49.99;434.2;0.510;430.3;0.515;0.0;0.000;60;0;0;0.802;0.881;0.834;139;162;150;49.99;49.99;49.99;5461;1000;0.0;0;1.0000;0;0
600;2015-03-24 07:40:00;172602N232;457;0.375;24;223;222;224;222;0.809;50.00;433.3;0.515;427.8;0.524;0.0;0.000;60;0;0;0.764;0.855;0.809;139;163;153;50.00;50.00;50.00;5461;1000;0.0;0;1.0000;0;0
600;2015-03-24 07:50:00;172602N232;477;0.456;24;222;222;225;221;0.758;49.99;432.7;0.535;425.5;0.555;0.0;0.000;60;0;0;0.705;0.804;0.767;145;170;160;49.99;49.99;49.99;5461;1000;0.0;0;1.0000;0;0
600;2015-03-24 08:00:00;172602N232;577;0.552;25;223;222;225;221;0.955;49.99;434.8;0.651;427.6;0.668;0.0;0.000;60;0;0;0.891;1.008;0.967;179;204;192;49.99;49.99;49.99;5461;1000;0.0;0;1.0000;0;0
600;2015-03-24 08:10:00;172602N232;797;0.685;25;223;223;224;221;1.289;50.00;437.6;0.905;430.7;0.919;0.0;0.000;60;0;0;1.349;1.266;1.254;263;269;263;50.00;50.00;50.00;5461;1000;0.0;0;1.0000;0;0
600;2015-03-24 08:20:00;172602N232;1002;0.853;26;223;223;224;222;1.524;50.00;435.7;1.154;432.5;1.151;0.0;0.000;60;0;0;1.475;1.563;1.536;321;345;334;50.00;50.00;50.00;5461;1000;0.0;0;1.0000;0;0
600;2015-03-24 08:30:00;172602N232;1000;1.019;26;224;223;227;222;1.527;49.99;431.2;1.172;432.9;1.137;0.0;0.000;60;0;0;1.475;1.579;1.529;319;349;330;49.99;49.99;49.99;5461;1000;0.0;0;1.0000;0;0
600;2015-03-24 08:40:00;172602N232;1116;1.204;27;224;223;227;222;1.717;50.00;428.0;1.350;439.0;1.225;0.0;0.000;60;0;0;1.660;1.784;1.707;355;392;367;50.00;50.00;50.00;5461;1000;0.0;0;1.0000;0;0
600;2015-03-24 08:50:00;172602N232;1037;1.378;27;225;224;228;223;1.574;50.00;426.2;1.259;434.9;1.146;0.0;0.000;60;0;0;1.519;1.626;1.577;330;362;343;50.00;50.00;50.00;5461;1000;0.0;0;1.0000;0;0
600;2015-03-24 09:00:00;172602N232;1753;1.670;28;225;224;228;224;2.608;50.00;429.1;2.144;429.3;1.966;0.0;0.000;60;0;0;2.550;2.674;2.602;568;605;578;50.00;50.00;50.00;5461;1000;0.0;0;1.0000;0;0
600;2015-03-24 09:10:00;172602N232;1601;1.937;28;224;223;227;223;2.393;50.02;423.5;1.937;426.9;1.843;0.0;0.000;60;0;0;2.327;2.459;2.393;516;553;529;50.02;50.02;50.02;5461;1000;0.0;0;1.0000;0;0
600;2015-03-24 09:20:00;172602N232;1597;2.204;29;224;224;227;223;2.383;50.01;421.9;1.929;428.1;1.844;0.0;0.000;60;0;0;2.320;2.446;2.384;516;552;528;50.01;50.01;50.01;5461;1000;0.0;0;1.0000;0;0
600;2015-03-24 09:30:00;172602N232;1892;2.519;29;225;224;228;223;2.818;50.03;421.7;2.292;424.2;2.208;0.0;0.000;60;0;0;2.748;2.889;2.817;612;653;625;50.03;50.03;50.03;5461;1000;0.0;0;1.0000;0;0
600;2015-03-24 09:40:00;172602N232;1376;2.748;29;223;222;226;222;2.102;50.02;420.2;1.655;420.3;1.627;0.0;0.000;60;0;0;2.041;2.157;2.109;441;475;458;50.02;50.02;50.02;5461;1000;0.0;0;1.0000;0;0
600;2015-03-24 09:50:00;172602N232;1144;2.939;30;224;222;226;223;1.756;50.01;424.1;1.358;421.6;1.347;0.0;0.000;60;0;0;1.705;1.797;1.767;365;395;382;50.01;50.01;50.01;5461;1000;0.0;0;1.0000;0;0
600;2015-03-24 10:00:00;172602N232;1531;3.194;30;224;223;226;223;2.307;50.00;426.1;1.822;426.7;1.782;0.0;0.000;60;0;0;2.242;2.362;2.318;492;527;510;50.00;50.00;50.00;5461;1000;0.0;0;1.0000;0;0
600;2015-03-24 10:10:00;172602N232;1860;3.505;30;224;223;226;223;2.784;49.99;424.1;2.230;427.6;2.163;0.0;0.000;60;0;0;2.722;2.845;2.786;603;638;617;49.99;49.99;49.99;5461;1000;0.0;0;1.0000;0;0
600;2015-03-24 10:20:00;172602N232;1507;3.756;31;224;223;226;223;2.266;50.00;422.5;1.805;420.8;1.782;0.0;0.000;60;0;0;2.214;2.310;2.276;488;516;502;50.00;50.00;50.00;5461;1000;0.0;0;1.0000;0;0
600;2015-03-24 10:30:00;172602N232;1214;3.959;31;224;223;226;224;1.827;49.99;425.2;1.445;422.3;1.423;0.0;0.000;60;0;0;1.777;1.868;1.838;391;416;405;49.99;49.99;49.99;5461;1000;0.0;0;1.0000;0;0
600;2015-03-24 10:40:00;172602N232;2767;4.421;31;225;224;228;224;4.108;49.98;422.4;3.337;422.9;3.285;0.0;0.000;60;0;0;4.051;4.200;4.073;905;955;906;49.98;49.98;49.98;5461;1000;0.0;0;1.0000;0;0
600;2015-03-24 10:50:00;172602N232;3487;5.001;32;226;224;230;225;5.156;49.99;408.4;4.345;409.4;4.292;0.0;0.000;60;0;0;5.068;5.268;5.133;1131;1207;1148;49.99;49.99;49.99;5461;1000;0.0;0;1.0000;0;0
600;2015-03-24 11:00:00;172602N232;1919;5.321;32;225;224;227;223;2.859;49.99;407.2;2.384;406.2;2.373;0.0;0.000;60;0;0;2.797;2.921;2.861;623;660;635;49.99;49.99;49.99;5461;1000;0.0;0;1.0000;0;0
600;2015-03-24 11:10:00;172602N232;1866;5.632;32;225;224;227;223;2.783;49.99;412.5;2.283;413.1;2.266;0.0;0.000;60;0;0;2.726;2.842;2.781;607;640;617;49.99;49.99;49.99;5461;1000;0.0;0;1.0000;0;0
600;2015-03-24 11:20:00;172602N232;1774;5.927;32;225;224;227;224;2.642;50.00;413.6;2.169;413.8;2.144;0.0;0.000;60;0;0;2.583;2.700;2.643;575;609;588;50.00;50.00;50.00;5461;1000;0.0;0;1.0000;0;0
600;2015-03-24 11:30:00;172602N232;2441;6.336;33;226;225;229;224;3.621;50.01;413.5;2.994;414.5;2.956;0.0;0.000;60;0;0;3.565;3.702;3.597;798;842;800;50.01;50.01;50.01;5461;1000;0.0;0;1.0000;0;0
600;2015-03-24 11:40:00;172602N232;2552;6.761;33;225;225;228;223;3.788;50.01;410.9;3.192;412.1;3.065;0.0;0.000;60;0;0;3.736;3.874;3.755;837;880;833;50.01;50.01;50.01;5461;1000;0.0;0;1.0000;0;0
600;2015-03-24 11:50:00;172602N232;4119;7.446;35;227;225;231;224;6.062;50.01;402.9;5.298;404.8;5.087;0.0;0.000;60;0;0;5.982;6.191;6.015;1345;1426;1347;50.01;50.01;50.01;5461;1000;0.0;0;1.0000;0;0
600;2015-03-24 12:00:00;172602N232;4401;8.181;39;227;226;231;225;6.470;50.00;389.6;5.765;390.1;5.710;0.0;0.000;60;0;0;6.401;6.606;6.405;1442;1522;1435;50.00;50.00;50.00;5461;1000;0.0;0;1.0000;0;0
600;2015-03-24 12:10:00;172602N232;4222;8.885;38;226;225;230;224;6.225;49.98;386.3;5.558;386.8;5.544;0.0;0.000;60;0;0;6.156;6.357;6.162;1383;1460;1377;49.98;49.98;49.98;5461;1000;0.0;0;1.0000;0;0
600;2015-03-24 12:20:00;172602N232;4398;9.619;39;227;225;230;224;6.477;50.00;385.2;5.830;385.3;5.778;0.0;0.000;60;0;0;6.405;6.614;6.414;1440;1522;1434;50.00;50.00;50.00;5461;1000;0.0;0;1.0000;0;0
600;2015-03-24 12:30:00;172602N232;4304;10.336;39;226;226;231;223;6.338;50.00;383.8;5.819;386.3;5.554;0.0;0.000;60;0;0;6.282;6.499;6.234;1417;1499;1386;50.00;50.00;50.00;5461;1000;0.0;0;1.0000;0;0
600;2015-03-24 12:40:00;172602N232;2768;10.796;37;225;225;228;222;4.107;49.99;391.3;3.571;392.8;3.551;0.0;0.000;60;0;0;4.064;4.199;4.059;910;956;899;49.99;49.99;49.99;5461;1000;0.0;0;1.0000;0;0
600;2015-03-24 12:50:00;172602N232;2373;11.192;37;224;224;228;222;3.534;50.00;400.0;3.024;397.4;3.003;0.0;0.000;60;0;0;3.481;3.614;3.508;775;820;776;50.00;50.00;50.00;5461;1000;0.0;0;1.0000;0;0
600;2015-03-24 13:00:00;172602N232;1996;11.526;37;224;223;226;222;2.988;50.02;411.3;2.454;407.3;2.456;0.0;0.000;60;0;0;2.928;3.060;2.977;650;687;657;50.02;50.02;50.02;5461;1000;0.0;0;1.0000;0;0
600;2015-03-24 13:10:00;172602N232;1725;11.813;37;224;223;226;222;2.579;49.98;410.7;2.120;408.1;2.117;0.0;0.000;60;0;0;2.526;2.640;2.573;561;594;568;49.98;49.98;49.98;5461;1000;0.0;0;1.0000;0;0
600;2015-03-24 13:20:00;172602N232;1488;12.060;37;223;222;226;222;2.231;49.98;413.8;1.807;411.6;1.810;0.0;0.000;60;0;0;2.168;2.288;2.238;479;513;494;49.98;49.98;49.98;5461;1000;0.0;0;1.0000;0;0
600;2015-03-24 13:30:00;172602N232;1239;12.267;37;224;223;226;223;1.944;50.00;421.0;1.472;414.0;1.497;0.0;0.000;60;0;0;1.904;1.969;1.959;396;425;415;50.00;50.00;50.00;5461;1000;0.0;0;1.0000;0;0
600;2015-03-24 13:40:00;172602N232;2228;12.639;37;225;224;227;224;3.319;49.99;420.6;2.671;417.7;2.681;0.0;0.000;60;0;0;3.267;3.373;3.317;727;761;738;49.99;49.99;49.99;5461;1000;0.0;0;1.0000;0;0
600;2015-03-24 13:50:00;172602N232;1495;12.889;36;224;223;225;222;2.262;49.99;417.3;1.799;412.9;1.812;0.0;0.000;60;0;0;2.214;2.306;2.268;484;513;496;49.99;49.99;49.99;5461;1000;0.0;0;1.0000;0;0
600;2015-03-24 14:00:00;172602N232;941;13.046;36;224;223;225;223;1.453;50.00;414.5;1.123;411.9;1.144;0.0;0.000;60;0;0;1.407;1.486;1.468;299;325;315;50.00;50.00;50.00;5461;1000;0.0;0;1.0000;0;0
600;2015-03-24 14:10:00;172602N232;734;13.168;36;224;223;225;223;1.136;49.98;411.3;0.877;413.1;0.890;0.0;0.000;60;0;0;1.078;1.178;1.152;230;256;247;49.98;49.98;49.98;5461;1000;0.0;0;1.0000;0;0
600;2015-03-24 14:20:00;172602N232;697;13.284;36;223;223;224;223;1.176;49.99;415.4;0.816;415.2;0.846;0.0;0.000;60;0;0;1.235;1.141;1.153;226;234;235;49.99;49.99;49.99;5461;1000;0.0;0;1.0000;0;0
600;2015-03-24 14:30:00;172602N232;912;13.436;35;224;223;225;223;1.427;49.99;411.7;1.096;418.5;1.095;0.0;0.000;60;0;0;1.411;1.442;1.429;292;313;305;49.99;49.99;49.99;5461;1000;0.0;0;1.0000;0;0
600;2015-03-24 14:40:00;172602N232;1031;13.609;35;224;223;226;223;1.561;50.00;411.1;1.245;418.6;1.240;0.0;0.000;60;0;0;1.500;1.605;1.579;327;357;346;50.00;50.00;50.00;5461;1000;0.0;0;1.0000;0;0
600;2015-03-24 14:50:00;172602N232;922;13.763;35;224;223;227;224;1.401;50.00;425.3;1.075;416.0;1.107;0.0;0.000;60;0;0;1.340;1.441;1.424;290;319;311;50.00;50.00;50.00;5461;1000;0.0;0;1.0000;0;0
600;2015-03-24 15:00:00;172602N232;885;13.911;35;225;223;227;224;1.344;50.00;418.3;1.034;415.9;1.077;0.0;0.000;60;0;0;1.288;1.381;1.364;279;306;298;50.00;50.00;50.00;5461;1000;0.0;0;1.0000;0;0
600;2015-03-24 15:10:00;172602N232;1335;14.132;35;225;224;227;224;2.008;49.99;416.7;1.587;419.8;1.596;0.0;0.000;60;0;0;1.952;2.055;2.018;429;459;444;49.99;49.99;49.99;5461;1000;0.0;0;1.0000;0;0
600;2015-03-24 15:20:00;172602N232;2415;14.535;35;226;225;229;225;3.575;49.99;417.4;2.910;415.6;2.922;0.0;0.000;60;0;0;3.510;3.644;3.571;785;830;798;49.99;49.99;49.99;5461;1000;0.0;0;1.0000;0;0
600;2015-03-24 15:30:00;172602N232;951;14.693;35;225;223;228;224;1.443;50.00;418.5;1.127;409.2;1.161;0.0;0.000;60;0;0;1.375;1.494;1.460;298;332;318;50.00;50.00;50.00;5461;1000;0.0;0;1.0000;0;0
600;2015-03-24 15:40:00;172602N232;1476;14.940;35;225;223;228;224;2.223;50.01;421.6;1.712;418.4;1.824;0.0;0.000;60;0;0;2.147;2.295;2.227;470;514;491;50.01;50.01;50.01;5461;1000;0.0;0;1.0000;0;0
600;2015-03-24 15:50:00;172602N232;1424;15.178;35;225;223;227;224;2.147;50.00;424.4;1.643;417.3;1.754;0.0;0.000;60;0;0;2.079;2.196;2.167;455;491;477;50.00;50.00;50.00;5461;1000;0.0;0;1.0000;0;0
600;2015-03-24 16:00:00;172602N232;880;15.324;35;225;224;227;223;1.341;49.99;413.5;1.038;414.3;1.079;0.0;0.000;60;0;0;1.285;1.385;1.354;278;307;293;49.99;49.99;49.99;5461;1000;0.0;0;1.0000;0;0
600;2015-03-24 16:10:00;172602N232;524;15.412;35;224;223;227;224;0.822;49.99;408.5;0.628;413.9;0.625;0.0;0.000;60;0;0;0.758;0.867;0.842;158;186;178;49.99;49.99;49.99;5461;1000;0.0;0;1.0000;0;0
600;2015-03-24 16:20:00;172602N232;635;15.519;35;224;223;225;224;0.987;50.00;411.6;0.777;427.2;0.718;0.0;0.000;60;0;0;0.926;1.024;1.011;196;221;216;50.00;50.00;50.00;5461;1000;0.0;0;1.0000;0;0
600;2015-03-24 16:30:00;172602N232;351;15.577;35;224;223;224;224;0.864;49.99;408.4;0.415;410.1;0.413;0.0;0.000;60;0;0;0.852;0.897;0.843;104;125;119;49.99;49.99;49.99;5461;1000;0.0;0;1.0000;0;0
600;2015-03-24 16:40:00;172602N232;198;15.610;34;223;223;225;222;1.035;50.00;398.3;0.231;402.5;0.228;0.0;0.000;60;0;0;1.157;1.187;0.762;44;73;84;50.00;50.00;50.00;5461;1000;0.0;0;1.0000;0;0
600;2015-03-24 16:50:00;172602N232;143;15.634;34;222;223;224;220;1.021;49.99;392.3;0.165;398.0;0.163;0.0;0.000;60;0;0;1.307;1.020;0.738;17;54;71;49.99;49.99;49.99;5461;1000;0.0;0;1.0000;0;0
600;2015-03-24 17:00:00;172602N232;88;15.649;33;221;221;223;220;0.920;49.99;378.4;0.097;385.4;0.098;0.0;0.000;60;0;0;1.039;1.018;0.704;15;20;55;49.99;49.99;49.99;5461;1000;0.0;0;1.0000;0;0
600;2015-03-24 17:10:00;172602N232;63;15.659;33;221;221;222;220;0.845;50.00;371.9;0.065;378.4;0.068;0.0;0.000;60;0;0;1.021;0.873;0.642;5;23;43;50.00;50.00;50.00;5461;1000;0.0;0;1.0000;0;0
600;2015-03-24 17:20:00;172602N232;52;15.668;32;222;222;223;221;0.654;49.99;366.0;0.049;370.5;0.053;0.0;0.000;60;0;0;0.736;0.735;0.492;5;15;33;49.99;49.99;49.99;5461;1000;0.0;0;1.0000;0;0
600;2015-03-24 17:30:00;172602N232;45;15.677;32;222;220;224;222;0.657;50.00;357.8;0.040;367.0;0.044;0.0;0.000;60;0;0;0.537;0.967;0.468;27;0;33;50.00;50.00;50.00;5461;1000;0.0;0;1.0000;0;0
600;2015-03-24 17:40:00;172602N232;21;15.680;32;221;219;224;222;0.444;50.05;306.9;0.014;316.2;0.017;0.0;0.000;60;0;0;0.332;0.713;0.287;19;0;18;50.05;50.05;50.05;5461;1000;0.0;0;1.0000;0;0
600;2015-03-24 17:50:00;172602N232;0;15.680;31;221;221;222;221;0.014;49.99;251.0;0.000;251.2;0.000;0.0;0.000;50;0;0;0.029;0.013;0.002;0;0;0;49.99;49.99;49.99;5461;1000;0.0;0;1.0000;0;0
600;2015-03-24 18:00:00;172602N232;0;15.680;30;221;220;223;220;0.000;49.96;230.6;0.000;231.6;0.000;0.0;0.000;50;0;0;0.000;0.000;0.000;0;0;0;49.96;49.96;49.96;5461;1000;0.0;0;1.0000;0;0
600;2015-03-24 18:10:00;172602N232;0;15.680;29;221;222;223;219;0.000;50.00;229.4;0.000;230.4;0.000;0.0;0.000;50;0;0;0.000;0.000;0.000;0;0;0;50.00;50.00;50.00;5461;1000;0.0;0;1.0000;0;0
600;2015-03-24 18:20:00;172602N232;0;15.680;28;221;221;223;218;0.000;49.97;226.9;0.000;227.8;0.000;0.0;0.000;50;0;0;0.000;0.000;0.000;0;0;0;49.97;49.97;49.97;5461;1000;0.0;0;1.0000;0;0
[wr_ende]
