20170701;230002;172602N232;My Plant;+0100
[wr_def_start]
172602N232;Inverter Type;Inverter Group;72602N232      
[wr_def_end]
[wr]
INTERVAL;TIMESTAMP;SERIAL;P_AC;E_DAY;T_WR;U_AC;U_AC_1;U_AC_2;U_AC_3;I_AC;F_AC;U_DC_1;I_DC_1;U_DC_2;I_DC_2;U_DC_3;I_DC_3;S;E_WR;M_WR;I_AC_1;I_AC_2;I_AC_3;P_AC_1;P_AC_2;P_AC_3;F_AC_1;F_AC_2;F_AC_3;R_DC;PC;PCS;PCS_LL;COS_PHI;COS_PHI_LL;S_COS_PHI
600;2017-07-01 03:30:00;172602N232;0;0.000;0;6;6;6;6;0.000;1.43;6.3;0.000;6.3;0.000;0.0;0.000;50;0;0;0.000;0.000;0.000;0;0;0;1.43;1.43;1.43;62;1000;0.0;0;1.0000;0;0
600;2017-07-01 03:40:00;172602N232;0;0.000;26;226;227;229;223;0.000;50.01;229.1;0.000;230.0;0.000;0.0;0.000;50;0;0;0.000;0.000;0.000;0;0;0;50.01;50.01;50.01;0;1000;0.0;0;1.0000;0;0
600;2017-07-01 03:50:00;172602N232;0;0.000;27;226;226;229;223;0.000;50.01;229.9;0.000;230.8;0.000;0.0;0.000;50;0;0;0.000;0.000;0.000;0;0;0;50.01;50.01;50.01;0;1000;0.0;0;1.0000;0;0
600;2017-07-01 04:00:00;172602N232;0;0.000;28;226;226;229;223;0.018;50.00;270.8;0.000;270.3;0.000;0.0;0.000;60;0;0;0.014;0.026;0.016;0;0;0;50.00;50.00;50.00;1319;1000;0.0;0;1.0000;0;0
600;2017-07-01 04:10:00;172602N232;14;0.002;28;226;227;227;225;0.307;50.01;282.5;0.009;275.3;0.009;0.0;0.000;60;0;0;0.308;0.395;0.219;3;2;14;50.01;50.01;50.01;3916;1000;0.0;0;1.0000;0;0
600;2017-07-01 04:20:00;172602N232;35;0.008;28;227;227;227;226;0.476;49.97;335.9;0.033;332.5;0.031;0.0;0.000;60;0;0;0.450;0.621;0.357;5;7;22;49.97;49.97;49.97;3916;1000;0.0;0;1.0000;0;0
600;2017-07-01 04:30:00;172602N232;33;0.013;29;227;227;228;226;0.492;49.99;330.8;0.032;328.1;0.029;0.0;0.000;60;0;0;0.464;0.671;0.343;8;2;22;49.99;49.99;49.99;3916;1000;0.0;0;1.0000;0;0
600;2017-07-01 04:40:00;172602N232;30;0.018;29;226;227;227;226;0.455;50.02;321.4;0.028;321.4;0.026;0.0;0.000;60;0;0;0.442;0.606;0.317;7;3;21;50.02;50.02;50.02;3916;1000;0.0;0;1.0000;0;0
600;2017-07-01 04:50:00;172602N232;41;0.025;30;227;227;228;226;0.497;50.01;340.5;0.039;352.7;0.037;0.0;0.000;60;0;0;0.473;0.676;0.342;11;7;22;50.01;50.01;50.01;3916;1000;0.0;0;1.0000;0;0
600;2017-07-01 05:00:00;172602N232;70;0.037;30;227;227;228;226;0.735;50.03;363.4;0.081;367.8;0.071;0.0;0.000;60;0;0;0.683;0.955;0.568;16;12;41;50.03;50.03;50.03;3916;1000;0.0;0;1.0000;0;0
600;2017-07-01 05:10:00;172602N232;154;0.062;30;226;226;227;225;0.939;50.03;392.0;0.189;389.8;0.168;0.0;0.000;60;0;0;0.847;1.217;0.755;30;51;71;50.03;50.03;50.03;3916;1000;0.0;0;1.0000;0;0
600;2017-07-01 05:20:00;172602N232;176;0.093;31;226;226;227;225;0.971;50.00;394.0;0.216;398.4;0.192;0.0;0.000;60;0;0;1.159;1.046;0.709;56;51;67;50.00;50.00;50.00;3916;1000;0.0;0;1.0000;0;0
600;2017-07-01 05:30:00;172602N232;206;0.127;31;226;226;227;225;0.979;50.00;404.7;0.247;403.3;0.225;0.0;0.000;60;0;0;1.090;1.085;0.762;64;63;77;50.00;50.00;50.00;3916;1000;0.0;0;1.0000;0;0
600;2017-07-01 05:40:00;172602N232;298;0.177;31;226;226;227;225;1.154;50.01;413.8;0.362;404.9;0.333;0.0;0.000;60;0;0;1.159;1.342;0.961;88;99;109;50.01;50.01;50.01;3916;1000;0.0;0;1.0000;0;0
600;2017-07-01 05:50:00;172602N232;446;0.252;31;226;225;227;225;1.010;49.99;420.7;0.556;403.7;0.498;0.0;0.000;60;0;0;0.974;1.082;0.976;137;156;151;49.99;49.99;49.99;3916;1000;0.0;0;1.0000;0;0
600;2017-07-01 06:00:00;172602N232;517;0.337;32;225;226;227;223;0.808;50.00;419.8;0.664;406.4;0.566;0.0;0.000;60;0;0;0.754;0.853;0.817;159;183;173;50.00;50.00;50.00;3916;1000;0.0;0;1.0000;0;0
600;2017-07-01 06:10:00;172602N232;510;0.424;32;225;226;228;222;0.808;50.00;418.2;0.658;402.7;0.564;0.0;0.000;60;0;0;0.757;0.857;0.810;158;182;169;50.00;50.00;50.00;3916;1000;0.0;0;1.0000;0;0
600;2017-07-01 06:20:00;172602N232;448;0.498;33;226;226;228;224;0.728;50.01;415.7;0.581;393.9;0.499;0.0;0.000;60;0;0;0.677;0.770;0.737;136;160;150;50.01;50.01;50.01;3916;1000;0.0;0;1.0000;0;0
600;2017-07-01 06:30:00;172602N232;519;0.585;33;225;226;225;225;0.822;50.00;419.0;0.671;394.1;0.584;0.0;0.000;60;0;0;0.775;0.855;0.838;161;181;176;50.00;50.00;50.00;3916;1000;0.0;0;1.0000;0;0
600;2017-07-01 06:40:00;172602N232;625;0.688;34;226;226;227;225;0.965;50.00;416.3;0.832;399.0;0.681;0.0;0.000;60;0;0;0.914;1.004;0.977;195;218;210;50.00;50.00;50.00;3916;1000;0.0;0;1.0000;0;0
600;2017-07-01 06:50:00;172602N232;672;0.801;34;225;225;226;224;1.035;49.99;418.2;0.882;403.1;0.735;0.0;0.000;60;0;0;0.983;1.075;1.047;211;234;225;49.99;49.99;49.99;3916;1000;0.0;0;1.0000;0;0
600;2017-07-01 07:00:00;172602N232;442;0.875;35;224;225;225;222;0.893;49.99;417.0;0.571;409.9;0.471;0.0;0.000;60;0;0;0.885;0.931;0.863;134;158;148;49.99;49.99;49.99;3916;1000;0.0;0;1.0000;0;0
600;2017-07-01 07:10:00;172602N232;287;0.922;35;223;224;225;222;1.138;50.01;417.6;0.369;399.2;0.296;0.0;0.000;60;0;0;1.229;1.275;0.911;80;106;98;50.01;50.01;50.01;3916;1000;0.0;0;1.0000;0;0
600;2017-07-01 07:20:00;172602N232;253;0.966;35;223;223;224;222;1.106;50.02;427.1;0.317;390.8;0.262;0.0;0.000;60;0;0;1.123;1.298;0.899;66;94;90;50.02;50.02;50.02;3916;1000;0.0;0;1.0000;0;0
600;2017-07-01 07:30:00;172602N232;238;1.004;35;223;222;224;222;1.041;50.01;439.5;0.290;390.8;0.240;0.0;0.000;60;0;0;1.025;1.282;0.818;70;85;81;50.01;50.01;50.01;3916;1000;0.0;0;1.0000;0;0
600;2017-07-01 07:40:00;172602N232;245;1.046;35;223;223;224;221;1.072;49.99;451.2;0.302;394.9;0.236;0.0;0.000;60;0;0;1.082;1.239;0.896;58;92;93;49.99;49.99;49.99;3916;1000;0.0;0;1.0000;0;0
600;2017-07-01 07:50:00;172602N232;618;1.149;35;223;224;223;221;1.140;49.99;305.0;1.739;393.0;0.246;0.0;0.000;60;0;0;1.137;1.163;1.121;197;211;208;49.99;49.99;49.99;3916;1000;0.0;0;1.0000;0;0
600;2017-07-01 08:00:00;172602N232;941;1.305;35;222;223;221;221;1.459;49.99;309.9;2.721;395.3;0.266;0.0;0.000;60;0;0;1.428;1.486;1.464;305;320;313;49.99;49.99;49.99;3916;1000;0.0;0;1.0000;0;0
600;2017-07-01 08:10:00;172602N232;1163;1.499;35;223;223;223;223;1.830;49.99;342.9;3.068;402.0;0.289;0.0;0.000;60;0;0;1.807;1.829;1.854;378;391;392;49.99;49.99;49.99;3916;1000;0.0;0;1.0000;0;0
600;2017-07-01 08:20:00;172602N232;1406;1.734;36;223;223;222;222;2.147;50.00;387.8;3.309;408.8;0.309;0.0;0.000;60;0;0;2.118;2.158;2.167;460;473;471;50.00;50.00;50.00;3916;1000;0.0;0;1.0000;0;0
600;2017-07-01 08:30:00;172602N232;1533;1.990;36;223;221;225;222;2.321;49.99;396.7;3.531;410.7;0.334;0.0;0.000;60;0;0;2.257;2.370;2.337;492;528;512;49.99;49.99;49.99;3916;1000;0.0;0;1.0000;0;0
600;2017-07-01 08:40:00;172602N232;1587;2.254;37;223;222;225;221;2.401;49.99;394.7;3.684;416.5;0.331;0.0;0.000;60;0;0;2.343;2.458;2.402;514;546;525;49.99;49.99;49.99;3916;1000;0.0;0;1.0000;0;0
600;2017-07-01 08:50:00;172602N232;1689;2.537;37;223;223;227;220;2.549;49.99;392.2;3.959;413.4;0.347;0.0;0.000;60;0;0;2.493;2.628;2.527;549;589;549;49.99;49.99;49.99;3916;1000;0.0;0;1.0000;0;0
600;2017-07-01 09:00:00;172602N232;1829;2.841;37;224;224;226;221;2.745;49.99;389.2;4.140;381.2;0.700;0.0;0.000;60;0;0;2.693;2.809;2.735;597;630;600;49.99;49.99;49.99;3916;1000;0.0;0;1.0000;0;0
600;2017-07-01 09:10:00;172602N232;2310;3.228;38;224;225;227;221;3.450;49.99;387.3;4.160;273.8;2.697;0.0;0.000;60;0;0;3.413;3.519;3.419;762;795;752;49.99;49.99;49.99;3916;1000;0.0;0;1.0000;0;0
600;2017-07-01 09:20:00;172602N232;2630;3.666;39;225;224;227;223;3.914;50.00;388.4;4.475;269.7;3.474;0.0;0.000;60;0;0;3.854;3.984;3.905;859;902;866;50.00;50.00;50.00;3916;1000;0.0;0;1.0000;0;0
600;2017-07-01 09:30:00;172602N232;2850;4.141;40;224;223;226;223;4.248;50.00;387.0;4.732;276.6;3.864;0.0;0.000;60;0;0;4.187;4.320;4.238;933;975;940;50.00;50.00;50.00;3916;1000;0.0;0;1.0000;0;0
600;2017-07-01 09:40:00;172602N232;3043;4.649;40;224;223;227;222;4.533;49.99;383.1;4.945;292.7;4.116;0.0;0.000;60;0;0;4.453;4.628;4.520;990;1049;1002;49.99;49.99;49.99;3916;1000;0.0;0;1.0000;0;0
600;2017-07-01 09:50:00;172602N232;3240;5.189;40;224;223;228;222;4.829;50.00;381.3;5.130;289.8;4.644;0.0;0.000;60;0;0;4.742;4.936;4.809;1053;1120;1065;50.00;50.00;50.00;3916;1000;0.0;0;1.0000;0;0
600;2017-07-01 10:00:00;172602N232;3435;5.761;41;225;222;229;223;5.108;50.01;377.0;5.306;297.7;5.042;0.0;0.000;60;0;0;4.980;5.249;5.097;1101;1200;1132;50.01;50.01;50.01;3916;1000;0.0;0;1.0000;0;0
600;2017-07-01 10:10:00;172602N232;3666;6.373;41;225;225;231;220;5.441;50.01;377.7;5.476;312.5;5.339;0.0;0.000;60;0;0;5.367;5.634;5.322;1202;1296;1167;50.01;50.01;50.01;3916;1000;0.0;0;1.0000;0;0
600;2017-07-01 10:20:00;172602N232;3860;7.014;41;225;225;231;220;5.717;49.98;374.9;5.644;323.7;5.610;0.0;0.000;60;0;0;5.658;5.915;5.580;1271;1361;1226;49.98;49.98;49.98;3916;1000;0.0;0;1.0000;0;0
600;2017-07-01 10:30:00;172602N232;4031;7.688;42;228;228;232;224;5.910;49.99;372.3;5.810;334.9;5.801;0.0;0.000;60;0;0;5.867;6.048;5.815;1332;1398;1298;49.99;49.99;49.99;3916;1000;0.0;0;1.0000;0;0
600;2017-07-01 10:40:00;172602N232;4162;8.381;42;228;228;231;226;6.082;49.98;369.8;6.044;331.8;6.047;0.0;0.000;60;0;0;6.026;6.195;6.027;1370;1431;1359;49.98;49.98;49.98;3916;1000;0.0;0;1.0000;0;0
600;2017-07-01 10:50:00;172602N232;3722;9.002;42;228;228;231;227;5.440;49.99;370.1;5.338;358.2;5.068;0.0;0.000;60;0;0;5.382;5.528;5.412;1223;1275;1225;49.99;49.99;49.99;3916;1000;0.0;0;1.0000;0;0
600;2017-07-01 11:00:00;172602N232;4122;9.689;42;229;229;232;227;6.024;49.99;372.7;5.790;353.7;5.720;0.0;0.000;60;0;0;5.982;6.131;5.960;1359;1410;1344;49.99;49.99;49.99;3916;1000;0.0;0;1.0000;0;0
600;2017-07-01 11:10:00;172602N232;3650;10.296;42;229;228;232;228;5.311;50.00;363.9;5.238;351.0;5.190;0.0;0.000;60;0;0;5.244;5.410;5.281;1195;1254;1200;50.00;50.00;50.00;3916;1000;0.0;0;1.0000;0;0
600;2017-07-01 11:20:00;172602N232;4168;10.992;43;230;229;232;228;6.046;49.96;373.1;5.819;374.3;5.553;0.0;0.000;60;0;0;5.982;6.157;5.999;1368;1433;1365;49.96;49.96;49.96;3916;1000;0.0;0;1.0000;0;0
600;2017-07-01 11:30:00;172602N232;4751;11.785;43;230;230;233;228;6.874;49.99;363.4;6.671;364.3;6.633;0.0;0.000;60;0;0;6.814;6.997;6.811;1565;1632;1552;49.99;49.99;49.99;3916;1000;0.0;0;1.0000;0;0
600;2017-07-01 11:40:00;172602N232;4803;12.586;43;231;230;234;228;6.945;49.98;358.7;6.837;358.5;6.823;0.0;0.000;60;0;0;6.874;7.072;6.889;1579;1651;1571;49.98;49.98;49.98;3916;1000;0.0;0;1.0000;0;0
600;2017-07-01 11:50:00;172602N232;4521;13.337;43;230;229;234;227;6.548;49.98;361.2;6.396;359.9;6.396;0.0;0.000;60;0;0;6.470;6.700;6.474;1484;1564;1470;49.98;49.98;49.98;3916;1000;0.0;0;1.0000;0;0
600;2017-07-01 12:00:00;172602N232;5076;14.185;44;230;229;234;228;7.343;49.99;360.4;7.235;357.3;7.216;0.0;0.000;60;0;0;7.239;7.509;7.283;1658;1758;1657;49.99;49.99;49.99;3916;1000;0.0;0;1.0000;0;0
600;2017-07-01 12:10:00;172602N232;3481;14.766;44;229;228;231;227;5.060;49.99;368.1;4.860;366.2;4.840;0.0;0.000;60;0;0;4.968;5.177;5.037;1133;1203;1141;49.99;49.99;49.99;3916;1000;0.0;0;1.0000;0;0
600;2017-07-01 12:20:00;172602N232;4226;15.469;44;229;229;232;227;6.137;50.00;366.0;5.901;364.1;5.881;0.0;0.000;60;0;0;6.054;6.251;6.107;1383;1453;1387;50.00;50.00;50.00;3916;1000;0.0;0;1.0000;0;0
600;2017-07-01 12:30:00;172602N232;3033;15.974;44;229;228;231;227;4.414;50.01;368.2;4.230;371.9;4.084;0.0;0.000;60;0;0;4.342;4.507;4.394;988;1045;995;50.01;50.01;50.01;3916;1000;0.0;0;1.0000;0;0
600;2017-07-01 12:40:00;172602N232;5115;16.827;44;228;232;234;219;7.455;50.00;370.5;7.040;369.9;7.039;0.0;0.000;60;0;0;7.481;7.770;7.116;1737;1820;1556;50.00;50.00;50.00;3916;1000;0.0;0;1.0000;0;0
600;2017-07-01 12:50:00;172602N232;5013;17.662;44;228;232;235;218;7.319;49.99;362.7;7.066;360.6;7.067;0.0;0.000;60;0;0;7.343;7.664;6.950;1702;1798;1511;49.99;49.99;49.99;3916;1000;0.0;0;1.0000;0;0
600;2017-07-01 13:00:00;172602N232;4976;18.492;45;228;231;235;218;7.265;50.01;361.0;7.048;357.4;7.079;0.0;0.000;60;0;0;7.254;7.608;6.935;1677;1790;1507;50.01;50.01;50.01;3916;1000;0.0;0;1.0000;0;0
600;2017-07-01 13:10:00;172602N232;4731;19.279;45;228;231;235;217;6.915;50.02;360.7;6.725;357.9;6.707;0.0;0.000;60;0;0;6.923;7.248;6.575;1600;1699;1427;50.02;50.02;50.02;3916;1000;0.0;0;1.0000;0;0
600;2017-07-01 13:20:00;172602N232;5043;20.120;45;228;232;235;219;7.350;50.00;358.2;7.195;356.0;7.216;0.0;0.000;60;0;0;7.351;7.700;7.001;1701;1810;1530;50.00;50.00;50.00;3916;1000;0.0;0;1.0000;0;0
600;2017-07-01 13:30:00;172602N232;5002;20.954;45;229;229;235;224;7.273;50.02;356.0;7.186;353.6;7.197;0.0;0.000;60;0;0;7.200;7.519;7.100;1649;1764;1587;50.02;50.02;50.02;3916;1000;0.0;0;1.0000;0;0
600;2017-07-01 13:40:00;172602N232;5056;21.799;45;231;229;235;227;7.308;50.00;358.1;7.238;355.1;7.230;0.0;0.000;60;0;0;7.213;7.507;7.206;1653;1766;1636;50.00;50.00;50.00;3916;1000;0.0;0;1.0000;0;0
600;2017-07-01 13:50:00;172602N232;4284;22.512;46;230;229;234;227;6.213;50.00;360.1;6.081;357.3;6.093;0.0;0.000;60;0;0;6.132;6.379;6.129;1401;1493;1389;50.00;50.00;50.00;3916;1000;0.0;0;1.0000;0;0
600;2017-07-01 14:00:00;172602N232;4020;23.181;46;230;229;234;226;5.822;49.99;367.7;5.604;367.4;5.553;0.0;0.000;60;0;0;5.748;5.997;5.721;1317;1405;1293;49.99;49.99;49.99;3916;1000;0.0;0;1.0000;0;0
600;2017-07-01 14:10:00;172602N232;3586;23.778;46;229;228;233;226;5.213;50.00;364.4;5.055;360.2;5.080;0.0;0.000;60;0;0;5.125;5.375;5.141;1167;1256;1158;50.00;50.00;50.00;3916;1000;0.0;0;1.0000;0;0
600;2017-07-01 14:20:00;172602N232;2075;24.125;45;227;227;230;225;3.080;50.00;384.2;2.770;379.8;2.740;0.0;0.000;60;0;0;3.017;3.169;3.056;672;724;677;50.00;50.00;50.00;3916;1000;0.0;0;1.0000;0;0
600;2017-07-01 14:30:00;172602N232;2910;24.611;45;228;227;232;225;4.257;50.01;384.6;3.857;380.4;3.866;0.0;0.000;60;0;0;4.189;4.367;4.215;949;1016;947;50.01;50.01;50.01;3916;1000;0.0;0;1.0000;0;0
600;2017-07-01 14:40:00;172602N232;3303;25.162;44;230;229;234;227;4.774;49.99;386.5;4.445;385.6;4.339;0.0;0.000;60;0;0;4.686;4.926;4.712;1074;1154;1070;49.99;49.99;49.99;3916;1000;0.0;0;1.0000;0;0
600;2017-07-01 14:50:00;172602N232;4444;25.901;44;231;230;236;228;6.413;49.98;372.5;6.103;371.3;6.065;0.0;0.000;60;0;0;6.322;6.609;6.310;1450;1558;1434;49.98;49.98;49.98;3916;1000;0.0;0;1.0000;0;0
600;2017-07-01 15:00:00;172602N232;4757;26.695;45;232;231;236;229;6.838;49.99;367.2;6.613;365.6;6.614;0.0;0.000;60;0;0;6.752;7.011;6.753;1557;1655;1542;49.99;49.99;49.99;3916;1000;0.0;0;1.0000;0;0
600;2017-07-01 15:10:00;172602N232;4591;27.460;45;232;230;236;229;6.611;49.99;367.5;6.374;365.0;6.393;0.0;0.000;60;0;0;6.520;6.771;6.542;1500;1595;1494;49.99;49.99;49.99;3916;1000;0.0;0;1.0000;0;0
600;2017-07-01 15:20:00;172602N232;4444;28.203;45;232;230;236;229;6.395;50.00;366.5;6.185;363.9;6.208;0.0;0.000;60;0;0;6.282;6.567;6.338;1445;1551;1446;50.00;50.00;50.00;3916;1000;0.0;0;1.0000;0;0
600;2017-07-01 15:30:00;172602N232;4047;28.877;46;231;230;236;228;5.834;50.00;369.3;5.574;368.0;5.592;0.0;0.000;60;0;0;5.746;5.997;5.761;1321;1414;1311;50.00;50.00;50.00;3916;1000;0.0;0;1.0000;0;0
600;2017-07-01 15:40:00;172602N232;3905;29.528;46;230;230;235;227;5.655;49.97;384.9;5.109;372.1;5.378;0.0;0.000;60;0;0;5.594;5.797;5.575;1284;1358;1262;49.97;49.97;49.97;3916;1000;0.0;0;1.0000;0;0
600;2017-07-01 15:50:00;172602N232;3572;30.123;46;230;229;235;227;5.176;49.97;370.6;4.820;376.8;4.883;0.0;0.000;60;0;0;5.090;5.308;5.131;1162;1244;1164;49.97;49.97;49.97;3916;1000;0.0;0;1.0000;0;0
600;2017-07-01 16:00:00;172602N232;4041;30.796;45;231;230;235;227;5.841;49.98;368.5;5.509;375.8;5.531;0.0;0.000;60;0;0;5.778;5.983;5.763;1327;1403;1308;49.98;49.98;49.98;3916;1000;0.0;0;1.0000;0;0
600;2017-07-01 16:10:00;172602N232;3861;31.441;45;230;230;234;228;5.592;49.99;366.3;5.298;373.0;5.321;0.0;0.000;60;0;0;5.514;5.705;5.557;1264;1333;1263;49.99;49.99;49.99;3916;1000;0.0;0;1.0000;0;0
600;2017-07-01 16:20:00;172602N232;3762;32.067;45;230;229;234;228;5.452;50.03;367.5;5.141;374.2;5.165;0.0;0.000;60;0;0;5.350;5.554;5.452;1222;1297;1240;50.03;50.03;50.03;3916;1000;0.0;0;1.0000;0;0
600;2017-07-01 16:30:00;172602N232;3644;32.674;45;230;229;234;227;5.290;50.01;369.1;4.949;376.7;4.974;0.0;0.000;60;0;0;5.202;5.394;5.274;1188;1257;1197;50.01;50.01;50.01;3916;1000;0.0;0;1.0000;0;0
600;2017-07-01 16:40:00;172602N232;3530;33.263;45;229;229;233;227;5.134;49.99;372.6;4.741;380.8;4.769;0.0;0.000;60;0;0;5.068;5.242;5.094;1156;1219;1152;49.99;49.99;49.99;3916;1000;0.0;0;1.0000;0;0
600;2017-07-01 16:50:00;172602N232;3398;33.829;44;230;229;233;227;4.940;49.99;371.9;4.575;379.2;4.606;0.0;0.000;60;0;0;4.875;5.026;4.919;1114;1167;1115;49.99;49.99;49.99;3916;1000;0.0;0;1.0000;0;0
600;2017-07-01 17:00:00;172602N232;3213;34.365;44;230;229;233;227;4.673;49.99;382.9;4.149;381.9;4.373;0.0;0.000;60;0;0;4.605;4.773;4.643;1051;1111;1050;49.99;49.99;49.99;3916;1000;0.0;0;1.0000;0;0
600;2017-07-01 17:10:00;172602N232;3057;34.875;44;230;228;234;227;4.448;50.00;363.7;4.143;381.7;4.175;0.0;0.000;60;0;0;4.358;4.566;4.421;991;1065;999;50.00;50.00;50.00;3916;1000;0.0;0;1.0000;0;0
600;2017-07-01 17:20:00;172602N232;2906;35.360;44;229;228;233;227;4.233;50.01;365.4;3.923;383.1;3.946;0.0;0.000;60;0;0;4.153;4.330;4.216;945;1007;952;50.01;50.01;50.01;3916;1000;0.0;0;1.0000;0;0
600;2017-07-01 17:30:00;172602N232;2753;35.817;43;229;228;233;226;4.016;49.99;366.7;3.713;390.6;3.649;0.0;0.000;60;0;0;3.941;4.120;3.988;894;957;899;49.99;49.99;49.99;3916;1000;0.0;0;1.0000;0;0
600;2017-07-01 17:40:00;172602N232;2568;36.246;43;229;227;233;226;3.753;49.99;372.6;3.434;401.3;3.282;0.0;0.000;60;0;0;3.674;3.849;3.738;832;892;841;49.99;49.99;49.99;3916;1000;0.0;0;1.0000;0;0
600;2017-07-01 17:50:00;172602N232;2376;36.643;43;229;227;233;226;3.475;50.00;366.6;3.186;383.8;3.220;0.0;0.000;60;0;0;3.392;3.580;3.455;767;830;777;50.00;50.00;50.00;3916;1000;0.0;0;1.0000;0;0
600;2017-07-01 18:00:00;172602N232;2221;37.013;43;228;226;233;226;3.255;49.99;364.3;2.996;381.7;3.024;0.0;0.000;60;0;0;3.160;3.364;3.242;711;779;729;49.99;49.99;49.99;3916;1000;0.0;0;1.0000;0;0
600;2017-07-01 18:10:00;172602N232;2054;37.355;43;224;218;230;223;3.074;49.99;368.3;2.731;382.2;2.797;0.0;0.000;60;0;0;2.931;3.191;3.102;637;728;687;49.99;49.99;49.99;3916;1000;0.0;0;1.0000;0;0
600;2017-07-01 18:20:00;172602N232;1862;37.665;43;225;221;229;224;2.777;50.00;357.8;2.515;382.8;2.561;0.0;0.000;60;0;0;2.663;2.867;2.802;584;653;623;50.00;50.00;50.00;3916;1000;0.0;0;1.0000;0;0
600;2017-07-01 18:30:00;172602N232;1668;37.944;43;225;222;229;224;2.487;49.99;355.3;2.254;383.2;2.302;0.0;0.000;60;0;0;2.392;2.566;2.505;527;583;557;49.99;49.99;49.99;3916;1000;0.0;0;1.0000;0;0
600;2017-07-01 18:40:00;172602N232;1475;38.190;43;225;223;227;223;2.202;50.00;351.0;1.988;384.9;2.051;0.0;0.000;60;0;0;2.130;2.258;2.220;472;509;492;50.00;50.00;50.00;3916;1000;0.0;0;1.0000;0;0
600;2017-07-01 18:50:00;172602N232;1305;38.407;43;224;224;227;222;1.975;50.01;342.5;1.769;388.3;1.826;0.0;0.000;60;0;0;1.915;2.037;1.973;419;453;431;50.01;50.01;50.01;3916;1000;0.0;0;1.0000;0;0
600;2017-07-01 19:00:00;172602N232;1130;38.596;43;224;223;227;223;1.733;50.00;328.3;1.561;390.0;1.604;0.0;0.000;60;0;0;1.661;1.806;1.732;357;396;375;50.00;50.00;50.00;3916;1000;0.0;0;1.0000;0;0
600;2017-07-01 19:10:00;172602N232;950;38.755;43;224;223;227;222;1.442;50.01;316.3;1.303;390.5;1.390;0.0;0.000;60;0;0;1.385;1.486;1.457;301;331;316;50.01;50.01;50.01;3916;1000;0.0;0;1.0000;0;0
600;2017-07-01 19:20:00;172602N232;759;38.881;43;224;223;226;223;1.168;50.03;293.3;1.034;390.6;1.178;0.0;0.000;60;0;0;1.108;1.212;1.184;238;265;255;50.03;50.03;50.03;3916;1000;0.0;0;1.0000;0;0
600;2017-07-01 19:30:00;172602N232;597;38.981;42;224;223;226;222;0.929;50.03;252.9;0.870;391.2;0.971;0.0;0.000;60;0;0;0.866;0.978;0.945;183;210;201;50.03;50.03;50.03;3916;1000;0.0;0;1.0000;0;0
600;2017-07-01 19:40:00;172602N232;413;39.051;42;224;223;225;223;0.813;50.02;287.5;0.418;382.6;0.781;0.0;0.000;60;0;0;0.776;0.861;0.804;123;146;142;50.02;50.02;50.02;3916;1000;0.0;0;1.0000;0;0
600;2017-07-01 19:50:00;172602N232;321;39.104;42;224;224;225;222;1.137;50.00;401.9;0.192;383.3;0.603;0.0;0.000;60;0;0;1.198;1.238;0.976;95;114;110;50.00;50.00;50.00;3916;1000;0.0;0;1.0000;0;0
600;2017-07-01 20:00:00;172602N232;254;39.147;42;224;224;225;223;1.105;50.00;387.7;0.178;380.4;0.452;0.0;0.000;60;0;0;1.108;1.353;0.856;71;90;92;50.00;50.00;50.00;3916;1000;0.0;0;1.0000;0;0
600;2017-07-01 20:10:00;172602N232;176;39.176;41;224;224;226;223;0.938;50.00;391.8;0.162;346.4;0.291;0.0;0.000;60;0;0;0.809;1.336;0.671;38;62;74;50.00;50.00;50.00;3916;1000;0.0;0;1.0000;0;0
600;2017-07-01 20:20:00;172602N232;135;39.199;41;224;225;225;223;0.918;50.00;381.3;0.139;404.6;0.164;0.0;0.000;60;0;0;0.893;1.132;0.731;18;47;68;50.00;50.00;50.00;3916;1000;0.0;0;1.0000;0;0
600;2017-07-01 20:30:00;172602N232;106;39.217;41;224;225;224;223;0.924;50.01;368.1;0.112;386.1;0.129;0.0;0.000;60;0;0;1.025;0.993;0.756;8;35;61;50.01;50.01;50.01;3916;1000;0.0;0;1.0000;0;0
600;2017-07-01 20:40:00;172602N232;81;39.231;40;224;225;225;222;0.939;50.00;365.4;0.084;371.4;0.098;0.0;0.000;60;0;0;0.978;1.097;0.743;5;17;58;50.00;50.00;50.00;3916;1000;0.0;0;1.0000;0;0
600;2017-07-01 20:50:00;172602N232;53;39.239;40;224;225;225;221;0.876;50.00;343.9;0.053;357.1;0.062;0.0;0.000;60;0;0;0.925;1.013;0.692;1;10;48;50.00;50.00;50.00;3916;1000;0.0;0;1.0000;0;0
600;2017-07-01 21:00:00;172602N232;27;39.243;40;222;227;226;214;0.429;50.01;308.9;0.019;326.4;0.022;0.0;0.000;60;0;0;0.581;0.370;0.337;0;24;26;50.01;50.01;50.01;3916;1000;0.0;0;1.0000;0;0
600;2017-07-01 21:10:00;172602N232;5;39.245;40;223;227;227;214;0.191;50.01;254.6;0.000;254.5;0.000;0.0;0.000;60;0;0;0.276;0.157;0.140;0;7;9;50.01;50.01;50.01;3916;1000;0.0;0;1.0000;0;0
600;2017-07-01 21:20:00;172602N232;0;39.245;39;223;226;227;215;0.018;50.00;267.5;0.000;267.0;0.000;0.0;0.000;51;0;0;0.026;0.015;0.014;0;0;0;50.00;50.00;50.00;4527;1000;0.0;0;1.0000;0;0
600;2017-07-01 21:30:00;172602N232;0;39.245;38;223;222;228;217;0.000;50.03;258.9;0.000;259.2;0.000;0.0;0.000;51;0;0;0.000;0.000;0.000;0;0;0;50.03;50.03;50.03;8214;1000;0.0;0;1.0000;0;0
600;2017-07-01 21:40:00;172602N232;0;39.245;38;222;223;227;216;0.000;50.01;230.6;0.000;231.5;0.000;0.0;0.000;51;0;0;0.000;0.000;0.000;0;0;0;50.01;50.01;50.01;8214;1000;0.0;0;1.0000;0;0
600;2017-07-01 21:50:00;172602N232;0;39.245;37;222;223;226;216;0.000;50.00;227.5;0.000;228.4;0.000;0.0;0.000;51;0;0;0.000;0.000;0.000;0;0;0;50.00;50.00;50.00;8214;1000;0.0;0;1.0000;0;0
600;2017-07-01 22:00:00;172602N232;0;39.245;37;222;223;226;216;0.000;50.01;228.6;0.000;229.5;0.000;0.0;0.000;80;0;0;0.000;0.000;0.000;0;0;0;50.01;50.01;50.01;8214;1000;0.0;0;1.0000;0;0
[wr_ende]
