20161103;230001;172602N232;My Plant;+0100
[wr_def_start]
172602N232;Inverter Type;Inverter Group;72602N232      
[wr_def_end]
[wr]
INTERVAL;TIMESTAMP;SERIAL;P_AC;E_DAY;T_WR;U_AC;U_AC_1;U_AC_2;U_AC_3;I_AC;F_AC;U_DC_1;I_DC_1;U_DC_2;I_DC_2;U_DC_3;I_DC_3;S;E_WR;M_WR;I_AC_1;I_AC_2;I_AC_3;P_AC_1;P_AC_2;P_AC_3;F_AC_1;F_AC_2;F_AC_3;R_DC;PC;PCS;PCS_LL;COS_PHI;COS_PHI_LL;S_COS_PHI
600;2016-11-03 06:20:00;172602N232;0;5.840;0;2;2;2;2;0.000;0.48;2.0;0.000;2.0;0.000;0.0;0.000;30;0;0;0.000;0.000;0.000;0;0;0;0.48;0.48;0.48;53;1000;0.0;0;1.0000;0;0
600;2016-11-03 06:30:00;172602N232;0;5.840;15;220;220;222;218;0.000;49.80;226.8;0.000;227.8;0.000;0.0;0.000;50;0;0;0.000;0.000;0.000;0;0;0;49.80;49.80;49.80;0;1000;0.0;0;1.0000;0;0
600;2016-11-03 06:40:00;172602N232;0;5.840;17;220;220;223;217;0.000;50.00;231.9;0.000;232.9;0.000;0.0;0.000;50;0;0;0.000;0.000;0.000;0;0;0;50.00;50.00;50.00;0;1000;0.0;0;1.0000;0;0
600;2016-11-03 06:50:00;172602N232;0;5.840;18;220;220;222;218;0.001;50.00;281.1;0.000;280.5;0.000;0.0;0.000;60;0;0;0.002;0.001;0.001;0;0;0;50.00;50.00;50.00;1354;1000;0.0;0;1.0000;0;0
600;2016-11-03 07:00:00;172602N232;2;5.840;19;220;221;221;219;0.104;50.00;278.3;0.000;272.4;0.000;0.0;0.000;60;0;0;0.137;0.103;0.072;1;2;4;50.00;50.00;50.00;5744;1000;0.0;0;1.0000;0;0
600;2016-11-03 07:10:00;172602N232;25;5.844;19;221;221;222;219;0.449;49.99;346.5;0.018;304.3;0.017;0.0;0.000;60;0;0;0.506;0.538;0.304;7;4;21;49.99;49.99;49.99;5807;1000;0.0;0;1.0000;0;0
600;2016-11-03 07:20:00;172602N232;62;5.855;19;220;221;221;218;0.708;50.01;399.9;0.063;386.0;0.052;0.0;0.000;60;0;0;0.890;0.714;0.521;4;26;39;50.01;50.01;50.01;5807;1000;0.0;0;1.0000;0;0
600;2016-11-03 07:30:00;172602N232;135;5.877;20;222;222;223;220;1.009;49.99;420.3;0.161;410.6;0.126;0.0;0.000;60;0;0;1.202;1.059;0.766;20;45;68;49.99;49.99;49.99;5807;1000;0.0;0;1.0000;0;0
600;2016-11-03 07:40:00;172602N232;143;5.901;20;222;223;223;219;0.965;50.01;425.4;0.164;423.5;0.132;0.0;0.000;60;0;0;1.193;0.914;0.788;9;55;76;50.01;50.01;50.01;5807;1000;0.0;0;1.0000;0;0
600;2016-11-03 07:50:00;172602N232;181;5.932;21;222;223;221;222;1.065;50.00;432.8;0.203;444.9;0.169;0.0;0.000;60;0;0;1.464;0.899;0.834;30;96;53;50.00;50.00;50.00;5807;1000;0.0;0;1.0000;0;0
600;2016-11-03 08:00:00;172602N232;233;5.970;21;222;223;223;221;1.074;49.99;430.0;0.271;450.4;0.220;0.0;0.000;60;0;0;1.267;1.170;0.786;53;98;80;49.99;49.99;49.99;5807;1000;0.0;0;1.0000;0;0
600;2016-11-03 08:10:00;172602N232;268;6.015;21;222;223;223;222;1.129;49.99;433.2;0.324;454.2;0.244;0.0;0.000;60;0;0;1.168;1.169;1.052;63;105;99;49.99;49.99;49.99;5807;1000;0.0;0;1.0000;0;0
600;2016-11-03 08:20:00;172602N232;313;6.067;22;223;223;223;222;1.121;50.00;435.0;0.385;456.2;0.284;0.0;0.000;60;0;0;1.207;1.129;1.028;93;116;102;50.00;50.00;50.00;5807;1000;0.0;0;1.0000;0;0
600;2016-11-03 08:30:00;172602N232;482;6.148;22;223;224;224;222;0.953;50.01;449.0;0.589;461.2;0.442;0.0;0.000;60;0;0;0.935;0.987;0.937;146;170;164;50.01;50.01;50.01;5807;1000;0.0;0;1.0000;0;0
600;2016-11-03 08:40:00;172602N232;354;6.207;22;223;224;223;223;0.816;50.01;447.2;0.459;459.2;0.286;0.0;0.000;60;0;0;0.827;0.836;0.787;107;131;113;50.01;50.01;50.01;5807;1000;0.0;0;1.0000;0;0
600;2016-11-03 08:50:00;172602N232;481;6.288;23;223;224;223;222;0.999;50.02;454.9;0.639;467.2;0.368;0.0;0.000;60;0;0;1.014;1.026;0.959;152;172;155;50.02;50.02;50.02;5807;1000;0.0;0;1.0000;0;0
600;2016-11-03 09:00:00;172602N232;692;6.402;24;223;224;223;222;1.082;50.02;442.0;1.042;478.6;0.462;0.0;0.000;60;0;0;1.045;1.113;1.090;221;237;232;50.02;50.02;50.02;5807;1000;0.0;0;1.0000;0;0
600;2016-11-03 09:10:00;172602N232;814;6.539;24;223;224;224;220;1.336;50.02;426.3;1.233;476.2;0.587;0.0;0.000;60;0;0;1.337;1.366;1.307;262;282;267;50.02;50.02;50.02;5807;1000;0.0;0;1.0000;0;0
600;2016-11-03 09:20:00;172602N232;789;6.670;25;223;224;225;220;1.225;49.99;431.5;1.026;462.1;0.730;0.0;0.000;60;0;0;1.187;1.269;1.220;254;275;259;49.99;49.99;49.99;5807;1000;0.0;0;1.0000;0;0
600;2016-11-03 09:30:00;172602N232;669;6.783;25;222;223;223;221;1.049;50.00;446.7;0.765;449.3;0.704;0.0;0.000;60;0;0;1.004;1.091;1.053;212;233;223;50.00;50.00;50.00;5807;1000;0.0;0;1.0000;0;0
600;2016-11-03 09:40:00;172602N232;804;6.917;26;223;222;224;222;1.249;50.00;448.6;0.913;447.0;0.863;0.0;0.000;60;0;0;1.203;1.288;1.258;256;278;269;50.00;50.00;50.00;5807;1000;0.0;0;1.0000;0;0
600;2016-11-03 09:50:00;172602N232;767;7.045;26;222;222;223;221;1.194;50.01;446.1;0.875;443.3;0.831;0.0;0.000;60;0;0;1.147;1.237;1.200;244;266;255;50.01;50.01;50.01;5807;1000;0.0;0;1.0000;0;0
600;2016-11-03 10:00:00;172602N232;676;7.157;26;222;223;223;221;1.058;50.01;443.9;0.769;440.0;0.737;0.0;0.000;60;0;0;1.014;1.097;1.064;215;234;225;50.01;50.01;50.01;5807;1000;0.0;0;1.0000;0;0
600;2016-11-03 10:10:00;172602N232;595;7.256;27;222;223;223;221;0.937;50.02;441.8;0.671;434.3;0.665;0.0;0.000;60;0;0;0.893;0.974;0.944;188;206;199;50.02;50.02;50.02;5807;1000;0.0;0;1.0000;0;0
600;2016-11-03 10:20:00;172602N232;518;7.344;27;222;222;223;222;0.824;50.01;438.2;0.588;433.2;0.576;0.0;0.000;60;0;0;0.774;0.861;0.837;160;181;175;50.01;50.01;50.01;5807;1000;0.0;0;1.0000;0;0
600;2016-11-03 10:30:00;172602N232;415;7.413;27;222;222;222;221;0.677;50.00;436.0;0.466;428.1;0.468;0.0;0.000;60;0;0;0.627;0.711;0.693;126;146;141;50.00;50.00;50.00;5807;1000;0.0;0;1.0000;0;0
600;2016-11-03 10:40:00;172602N232;523;7.500;27;222;222;223;222;0.833;50.00;439.8;0.586;430.7;0.591;0.0;0.000;60;0;0;0.783;0.867;0.850;162;182;177;50.00;50.00;50.00;5807;1000;0.0;0;1.0000;0;0
600;2016-11-03 10:50:00;172602N232;440;7.573;27;222;222;222;222;0.712;50.00;432.4;0.500;429.0;0.496;0.0;0.000;60;0;0;0.662;0.745;0.731;134;154;150;50.00;50.00;50.00;5807;1000;0.0;0;1.0000;0;0
600;2016-11-03 11:00:00;172602N232;842;7.714;27;222;223;222;222;1.319;49.99;442.4;0.976;439.8;0.918;0.0;0.000;60;0;0;1.290;1.342;1.327;272;287;282;49.99;49.99;49.99;5807;1000;0.0;0;1.0000;0;0
600;2016-11-03 11:10:00;172602N232;860;7.858;28;223;223;223;222;1.325;50.01;440.6;0.989;441.9;0.940;0.0;0.000;60;0;0;1.282;1.361;1.334;276;296;287;50.01;50.01;50.01;5807;1000;0.0;0;1.0000;0;0
600;2016-11-03 11:20:00;172602N232;532;7.947;28;222;223;223;222;0.842;50.00;434.2;0.607;428.1;0.601;0.0;0.000;60;0;0;0.794;0.879;0.854;165;186;179;50.00;50.00;50.00;5807;1000;0.0;0;1.0000;0;0
600;2016-11-03 11:30:00;172602N232;742;8.070;28;223;223;225;222;1.154;50.01;441.3;0.833;431.4;0.848;0.0;0.000;60;0;0;1.109;1.194;1.161;236;257;247;50.01;50.01;50.01;5807;1000;0.0;0;1.0000;0;0
600;2016-11-03 11:40:00;172602N232;1022;8.241;28;223;223;224;222;1.581;50.01;440.3;1.180;442.9;1.119;0.0;0.000;60;0;0;1.547;1.614;1.583;330;352;339;50.01;50.01;50.01;5807;1000;0.0;0;1.0000;0;0
600;2016-11-03 11:50:00;172602N232;420;8.311;28;222;222;223;221;0.681;50.01;429.0;0.488;428.2;0.466;0.0;0.000;60;0;0;0.631;0.717;0.695;127;149;142;50.01;50.01;50.01;5807;1000;0.0;0;1.0000;0;0
600;2016-11-03 12:00:00;172602N232;638;8.418;28;222;223;223;220;1.001;50.01;431.9;0.729;429.9;0.726;0.0;0.000;60;0;0;0.955;1.042;1.008;201;223;212;50.01;50.01;50.01;5807;1000;0.0;0;1.0000;0;0
600;2016-11-03 12:10:00;172602N232;774;8.547;28;222;223;224;221;1.200;50.01;435.8;0.891;436.6;0.863;0.0;0.000;60;0;0;1.154;1.240;1.208;246;268;258;50.01;50.01;50.01;5807;1000;0.0;0;1.0000;0;0
600;2016-11-03 12:20:00;172602N232;722;8.667;28;222;221;222;221;1.139;49.99;437.2;0.786;433.9;0.849;0.0;0.000;60;0;0;1.091;1.180;1.148;228;250;241;49.99;49.99;49.99;5807;1000;0.0;0;1.0000;0;0
600;2016-11-03 12:30:00;172602N232;454;8.743;28;221;221;223;221;0.740;49.99;429.6;0.526;427.0;0.506;0.0;0.000;60;0;0;0.689;0.780;0.753;138;160;153;49.99;49.99;49.99;5807;1000;0.0;0;1.0000;0;0
600;2016-11-03 12:40:00;172602N232;514;8.829;28;221;221;222;220;0.845;49.99;431.4;0.593;428.7;0.577;0.0;0.000;60;0;0;0.803;0.883;0.851;160;180;172;49.99;49.99;49.99;5807;1000;0.0;0;1.0000;0;0
600;2016-11-03 12:50:00;172602N232;467;8.907;28;222;221;223;220;1.103;49.99;425.1;0.537;424.8;0.532;0.0;0.000;60;0;0;1.067;1.172;1.070;132;162;171;49.99;49.99;49.99;5807;1000;0.0;0;1.0000;0;0
600;2016-11-03 13:00:00;172602N232;691;9.022;28;222;222;223;220;1.088;49.97;438.9;0.784;429.6;0.786;0.0;0.000;60;0;0;1.044;1.129;1.093;219;240;230;49.97;49.97;49.97;5807;1000;0.0;0;1.0000;0;0
600;2016-11-03 13:10:00;172602N232;617;9.125;28;222;223;224;221;0.970;49.99;435.1;0.710;429.5;0.694;0.0;0.000;60;0;0;0.921;1.013;0.978;193;215;206;49.99;49.99;49.99;5807;1000;0.0;0;1.0000;0;0
600;2016-11-03 13:20:00;172602N232;464;9.203;28;222;223;224;221;0.747;50.00;431.3;0.533;426.5;0.523;0.0;0.000;60;0;0;0.698;0.786;0.758;142;164;156;50.00;50.00;50.00;5807;1000;0.0;0;1.0000;0;0
600;2016-11-03 13:30:00;172602N232;299;9.252;28;222;222;223;220;1.098;49.99;423.7;0.339;420.5;0.334;0.0;0.000;60;0;0;1.088;1.188;1.019;73;108;115;49.99;49.99;49.99;5807;1000;0.0;0;1.0000;0;0
600;2016-11-03 13:40:00;172602N232;213;9.288;28;222;222;223;221;1.083;49.99;411.1;0.242;414.6;0.237;0.0;0.000;60;0;0;1.200;1.277;0.772;46;84;80;49.99;49.99;49.99;5807;1000;0.0;0;1.0000;0;0
600;2016-11-03 13:50:00;172602N232;275;9.334;28;222;222;224;221;1.107;50.00;422.8;0.310;419.5;0.309;0.0;0.000;60;0;0;1.123;1.250;0.950;76;96;101;50.00;50.00;50.00;5807;1000;0.0;0;1.0000;0;0
600;2016-11-03 14:00:00;172602N232;261;9.378;28;223;223;224;221;1.107;49.99;422.1;0.295;420.5;0.288;0.0;0.000;60;0;0;1.156;1.258;0.908;65;92;102;49.99;49.99;49.99;5807;1000;0.0;0;1.0000;0;0
600;2016-11-03 14:10:00;172602N232;374;9.440;27;223;223;225;221;1.209;49.99;426.6;0.432;432.2;0.407;0.0;0.000;60;0;0;1.241;1.284;1.104;95;131;146;49.99;49.99;49.99;5807;1000;0.0;0;1.0000;0;0
600;2016-11-03 14:20:00;172602N232;329;9.496;27;224;224;226;222;1.053;50.00;421.9;0.381;428.2;0.361;0.0;0.000;60;0;0;1.140;1.121;0.899;113;124;91;50.00;50.00;50.00;5807;1000;0.0;0;1.0000;0;0
600;2016-11-03 14:30:00;172602N232;318;9.549;27;223;223;225;222;1.131;49.99;427.2;0.360;425.0;0.354;0.0;0.000;60;0;0;1.252;1.115;1.028;105;98;114;49.99;49.99;49.99;5807;1000;0.0;0;1.0000;0;0
600;2016-11-03 14:40:00;172602N232;269;9.594;27;224;224;225;223;1.044;49.98;423.4;0.303;422.0;0.297;0.0;0.000;60;0;0;1.141;1.050;0.941;76;91;100;49.98;49.98;49.98;5807;1000;0.0;0;1.0000;0;0
600;2016-11-03 14:50:00;172602N232;212;9.629;27;224;224;224;223;1.036;49.98;413.5;0.239;417.3;0.234;0.0;0.000;60;0;0;1.251;1.115;0.744;34;97;79;49.98;49.98;49.98;5807;1000;0.0;0;1.0000;0;0
600;2016-11-03 15:00:00;172602N232;112;9.648;27;224;225;224;223;0.933;49.98;400.1;0.121;402.9;0.119;0.0;0.000;60;0;0;1.146;0.910;0.745;6;46;63;49.98;49.98;49.98;5807;1000;0.0;0;1.0000;0;0
600;2016-11-03 15:10:00;172602N232;30;9.654;26;224;224;224;222;0.454;49.98;322.9;0.024;324.2;0.027;0.0;0.000;60;0;0;0.660;0.372;0.332;1;20;21;49.98;49.98;49.98;5807;1000;0.0;0;1.0000;0;0
600;2016-11-03 15:20:00;172602N232;0;9.653;26;223;224;225;221;0.054;50.03;251.6;0.000;252.0;0.000;0.0;0.000;60;0;0;0.077;0.049;0.038;0;0;2;50.03;50.03;50.03;5807;1000;0.0;0;1.0000;0;0
600;2016-11-03 15:30:00;172602N232;0;9.653;25;222;223;223;221;0.044;50.00;267.1;0.000;266.8;0.000;0.0;0.000;60;0;0;0.058;0.037;0.037;0;1;2;50.00;50.00;50.00;5612;1000;0.0;0;1.0000;0;0
600;2016-11-03 15:40:00;172602N232;0;9.652;24;222;222;224;220;0.004;50.00;263.6;0.000;263.6;0.000;0.0;0.000;50;0;0;0.014;0.000;0.000;0;0;0;50.00;50.00;50.00;5585;1000;0.0;0;1.0000;0;0
600;2016-11-03 15:50:00;172602N232;0;9.652;24;221;222;224;219;0.000;49.99;227.6;0.000;228.6;0.000;0.0;0.000;50;0;0;0.000;0.000;0.000;0;0;0;49.99;49.99;49.99;5585;1000;0.0;0;1.0000;0;0
600;2016-11-03 16:00:00;172602N232;0;9.652;24;221;221;224;218;0.000;49.99;230.7;0.000;231.7;0.000;0.0;0.000;50;0;0;0.000;0.000;0.000;0;0;0;49.99;49.99;49.99;5585;1000;0.0;0;1.0000;0;0
600;2016-11-03 16:10:00;172602N232;0;9.652;23;220;221;224;214;0.000;49.97;226.7;0.000;227.6;0.000;0.0;0.000;50;0;0;0.000;0.000;0.000;0;0;0;49.97;49.97;49.97;5585;1000;0.0;0;1.0000;0;0
[wr_ende]
