20160827;230002;172602N232;My Plant;+0100
[wr_def_start]
172602N232;Inverter Type;Inverter Group;72602N232      
[wr_def_end]
[wr]
INTERVAL;TIMESTAMP;SERIAL;P_AC;E_DAY;T_WR;U_AC;U_AC_1;U_AC_2;U_AC_3;I_AC;F_AC;U_DC_1;I_DC_1;U_DC_2;I_DC_2;U_DC_3;I_DC_3;S;E_WR;M_WR;I_AC_1;I_AC_2;I_AC_3;P_AC_1;P_AC_2;P_AC_3;F_AC_1;F_AC_2;F_AC_3;R_DC;PC;PCS;PCS_LL;COS_PHI;COS_PHI_LL;S_COS_PHI
600;2016-08-27 05:10:00;172602N232;0;0.000;0;5;5;5;5;0.000;1.29;5.7;0.000;5.7;0.000;0.0;0.000;50;0;0;0.000;0.000;0.000;0;0;0;1.29;1.29;1.29;175;1000;0.0;0;1.0000;0;0
600;2016-08-27 05:20:00;172602N232;0;0.000;29;226;226;229;224;0.000;50.02;228.6;0.000;229.6;0.000;0.0;0.000;50;0;0;0.000;0.000;0.000;0;0;0;50.02;50.02;50.02;0;1000;0.0;0;1.0000;0;0
600;2016-08-27 05:30:00;172602N232;0;0.000;30;226;226;229;224;0.000;49.99;238.8;0.000;239.7;0.000;0.0;0.000;50;0;0;0.000;0.000;0.000;0;0;0;49.99;49.99;49.99;0;1000;0.0;0;1.0000;0;0
600;2016-08-27 05:40:00;172602N232;0;0.000;31;227;226;229;225;0.006;50.00;279.6;0.000;278.5;0.000;0.0;0.000;60;0;0;0.006;0.009;0.003;0;0;0;50.00;50.00;50.00;2228;1000;0.0;0;1.0000;0;0
600;2016-08-27 05:50:00;172602N232;5;0.001;31;227;226;228;226;0.191;50.00;275.8;0.000;269.5;0.001;0.0;0.000;60;0;0;0.202;0.231;0.140;1;0;7;50.00;50.00;50.00;3849;1000;0.0;0;1.0000;0;0
600;2016-08-27 06:00:00;172602N232;22;0.005;31;227;227;227;226;0.386;50.00;318.0;0.015;310.3;0.015;0.0;0.000;60;0;0;0.425;0.437;0.298;1;8;16;50.00;50.00;50.00;3870;1000;0.0;0;1.0000;0;0
600;2016-08-27 06:10:00;172602N232;40;0.010;32;226;226;227;226;0.607;50.00;356.2;0.037;359.4;0.032;0.0;0.000;60;0;0;0.646;0.730;0.446;3;8;27;50.00;50.00;50.00;3870;1000;0.0;0;1.0000;0;0
600;2016-08-27 06:20:00;172602N232;53;0.020;32;226;226;227;226;0.809;50.02;370.1;0.056;377.5;0.049;0.0;0.000;60;0;0;0.870;0.923;0.634;2;14;38;50.02;50.02;50.02;3870;1000;0.0;0;1.0000;0;0
600;2016-08-27 06:30:00;172602N232;68;0.031;33;227;227;228;226;0.860;50.01;379.6;0.076;387.4;0.066;0.0;0.000;60;0;0;0.960;0.914;0.706;1;23;45;50.01;50.01;50.01;3870;1000;0.0;0;1.0000;0;0
600;2016-08-27 06:40:00;172602N232;83;0.045;33;226;226;227;225;0.875;49.99;388.0;0.093;393.3;0.081;0.0;0.000;60;0;0;0.898;1.018;0.711;8;20;53;49.99;49.99;49.99;3870;1000;0.0;0;1.0000;0;0
600;2016-08-27 06:50:00;172602N232;96;0.061;33;226;226;227;225;0.890;50.00;393.9;0.111;394.9;0.096;0.0;0.000;60;0;0;0.955;0.993;0.722;8;29;58;50.00;50.00;50.00;3870;1000;0.0;0;1.0000;0;0
600;2016-08-27 07:00:00;172602N232;109;0.080;34;225;225;226;225;0.850;49.98;398.7;0.126;396.5;0.109;0.0;0.000;60;0;0;0.875;0.955;0.720;17;33;56;49.98;49.98;49.98;3870;1000;0.0;0;1.0000;0;0
600;2016-08-27 07:10:00;172602N232;119;0.100;34;225;225;225;225;0.856;50.00;401.7;0.139;398.8;0.122;0.0;0.000;60;0;0;0.944;0.889;0.737;14;43;60;50.00;50.00;50.00;3870;1000;0.0;0;1.0000;0;0
600;2016-08-27 07:20:00;172602N232;129;0.121;34;225;225;226;225;0.900;50.02;405.4;0.150;397.3;0.133;0.0;0.000;60;0;0;0.862;1.104;0.735;28;32;67;50.02;50.02;50.02;3870;1000;0.0;0;1.0000;0;0
600;2016-08-27 07:30:00;172602N232;138;0.144;34;226;225;227;225;0.928;50.01;403.0;0.163;397.4;0.144;0.0;0.000;60;0;0;0.828;1.242;0.716;23;43;70;50.01;50.01;50.01;3870;1000;0.0;0;1.0000;0;0
600;2016-08-27 07:40:00;172602N232;146;0.169;35;226;226;227;225;0.874;50.00;402.3;0.173;399.8;0.150;0.0;0.000;60;0;0;0.794;1.175;0.655;22;58;63;50.00;50.00;50.00;3870;1000;0.0;0;1.0000;0;0
600;2016-08-27 07:50:00;172602N232;154;0.195;35;226;225;227;225;0.798;49.99;402.5;0.186;397.6;0.159;0.0;0.000;60;0;0;0.649;1.192;0.553;25;73;54;49.99;49.99;49.99;3870;1000;0.0;0;1.0000;0;0
600;2016-08-27 08:00:00;172602N232;164;0.222;35;225;225;227;225;0.849;50.00;405.2;0.200;398.4;0.168;0.0;0.000;60;0;0;0.648;1.268;0.631;22;73;67;50.00;50.00;50.00;3870;1000;0.0;0;1.0000;0;0
600;2016-08-27 08:10:00;172602N232;177;0.251;35;225;225;227;224;0.931;50.00;414.0;0.211;404.1;0.179;0.0;0.000;60;0;0;0.903;1.205;0.685;16;81;77;50.00;50.00;50.00;3870;1000;0.0;0;1.0000;0;0
600;2016-08-27 08:20:00;172602N232;197;0.285;35;226;226;227;225;1.024;50.01;445.5;0.221;411.3;0.195;0.0;0.000;60;0;0;1.342;0.819;0.911;52;62;81;50.01;50.01;50.01;3870;1000;0.0;0;1.0000;0;0
600;2016-08-27 08:30:00;172602N232;326;0.339;36;226;226;228;225;1.160;50.01;343.8;0.696;421.7;0.210;0.0;0.000;60;0;0;1.271;1.232;0.979;94;115;114;50.01;50.01;50.01;3870;1000;0.0;0;1.0000;0;0
600;2016-08-27 08:40:00;172602N232;594;0.438;36;227;227;229;224;1.000;50.00;354.6;1.387;436.4;0.224;0.0;0.000;60;0;0;0.960;1.047;0.995;187;210;195;50.00;50.00;50.00;3870;1000;0.0;0;1.0000;0;0
600;2016-08-27 08:50:00;172602N232;913;0.591;36;227;226;230;224;1.369;50.00;344.0;2.373;447.2;0.238;0.0;0.000;60;0;0;1.312;1.424;1.373;289;321;301;50.00;50.00;50.00;3870;1000;0.0;0;1.0000;0;0
600;2016-08-27 09:00:00;172602N232;1158;0.784;37;227;225;230;225;1.768;50.01;368.9;2.838;452.4;0.250;0.0;0.000;60;0;0;1.710;1.831;1.764;367;405;383;50.01;50.01;50.01;3870;1000;0.0;0;1.0000;0;0
600;2016-08-27 09:10:00;172602N232;1327;1.006;37;226;225;229;224;2.015;50.02;394.1;3.062;460.2;0.262;0.0;0.000;60;0;0;1.951;2.079;2.015;423;461;441;50.02;50.02;50.02;3870;1000;0.0;0;1.0000;0;0
600;2016-08-27 09:20:00;172602N232;1604;1.273;38;226;225;228;224;2.379;50.00;407.6;3.308;375.4;0.900;0.0;0.000;60;0;0;2.315;2.437;2.385;518;552;532;50.00;50.00;50.00;3870;1000;0.0;0;1.0000;0;0
600;2016-08-27 09:30:00;172602N232;1994;1.605;38;226;225;229;224;2.951;49.99;403.1;3.549;267.8;2.210;0.0;0.000;60;0;0;2.882;3.030;2.941;645;690;657;49.99;49.99;49.99;3870;1000;0.0;0;1.0000;0;0
600;2016-08-27 09:40:00;172602N232;2232;1.977;39;226;224;229;224;3.303;49.99;397.4;3.827;284.9;2.638;0.0;0.000;60;0;0;3.222;3.405;3.283;720;778;732;49.99;49.99;49.99;3870;1000;0.0;0;1.0000;0;0
600;2016-08-27 09:50:00;172602N232;2465;2.390;39;228;226;231;226;3.615;50.01;393.8;4.022;269.2;3.438;0.0;0.000;60;0;0;3.536;3.714;3.597;798;856;809;50.01;50.01;50.01;3870;1000;0.0;0;1.0000;0;0
600;2016-08-27 10:00:00;172602N232;2628;2.827;40;228;228;231;225;3.849;50.00;390.4;4.136;271.9;3.915;0.0;0.000;60;0;0;3.796;3.947;3.806;862;909;854;50.00;50.00;50.00;3870;1000;0.0;0;1.0000;0;0
600;2016-08-27 10:10:00;172602N232;3009;3.329;41;229;229;232;226;4.389;50.00;387.6;4.628;275.9;4.611;0.0;0.000;60;0;0;4.330;4.492;4.347;988;1039;982;50.00;50.00;50.00;3870;1000;0.0;0;1.0000;0;0
600;2016-08-27 10:20:00;172602N232;2830;3.800;41;228;228;231;226;4.143;50.01;386.3;4.254;295.8;4.183;0.0;0.000;60;0;0;4.089;4.232;4.109;929;972;926;50.01;50.01;50.01;3870;1000;0.0;0;1.0000;0;0
600;2016-08-27 10:30:00;172602N232;3237;4.340;42;229;229;232;227;4.714;49.99;386.4;4.799;309.6;4.649;0.0;0.000;60;0;0;4.639;4.830;4.673;1057;1119;1059;49.99;49.99;49.99;3870;1000;0.0;0;1.0000;0;0
600;2016-08-27 10:40:00;172602N232;2183;4.704;42;228;229;229;227;3.210;49.99;380.9;3.181;322.2;3.110;0.0;0.000;60;0;0;3.162;3.269;3.200;714;747;721;49.99;49.99;49.99;3870;1000;0.0;0;1.0000;0;0
600;2016-08-27 10:50:00;172602N232;2286;5.085;42;229;229;231;227;3.339;50.00;391.8;3.212;351.7;3.099;0.0;0.000;60;0;0;3.271;3.432;3.315;744;790;749;50.00;50.00;50.00;3870;1000;0.0;0;1.0000;0;0
600;2016-08-27 11:00:00;172602N232;3512;5.671;42;230;230;232;228;5.109;50.00;383.4;4.992;337.3;4.923;0.0;0.000;60;0;0;5.048;5.215;5.065;1152;1207;1150;50.00;50.00;50.00;3870;1000;0.0;0;1.0000;0;0
600;2016-08-27 11:10:00;172602N232;3645;6.279;43;230;231;233;227;5.294;49.99;380.6;5.143;345.5;5.069;0.0;0.000;60;0;0;5.244;5.428;5.212;1203;1266;1177;49.99;49.99;49.99;3870;1000;0.0;0;1.0000;0;0
600;2016-08-27 11:20:00;172602N232;3110;6.797;43;230;230;232;227;4.521;49.99;377.3;4.347;355.4;4.272;0.0;0.000;60;0;0;4.458;4.643;4.464;1022;1078;1009;49.99;49.99;49.99;3870;1000;0.0;0;1.0000;0;0
600;2016-08-27 11:30:00;172602N232;4379;7.529;43;231;230;234;228;6.332;49.98;373.7;6.137;357.7;6.070;0.0;0.000;60;0;0;6.262;6.511;6.225;1440;1524;1414;49.98;49.98;49.98;3870;1000;0.0;0;1.0000;0;0
600;2016-08-27 11:40:00;172602N232;3080;8.042;43;229;229;231;227;4.481;49.99;375.4;4.271;363.5;4.184;0.0;0.000;60;0;0;4.419;4.591;4.435;1010;1064;1005;49.99;49.99;49.99;3870;1000;0.0;0;1.0000;0;0
600;2016-08-27 11:50:00;172602N232;4291;8.756;43;231;230;234;228;6.204;49.99;375.3;5.861;374.5;5.784;0.0;0.000;60;0;0;6.131;6.370;6.111;1410;1489;1390;49.99;49.99;49.99;3870;1000;0.0;0;1.0000;0;0
600;2016-08-27 12:00:00;172602N232;3920;9.410;44;230;230;233;227;5.683;49.99;365.5;5.443;367.6;5.421;0.0;0.000;60;0;0;5.635;5.837;5.579;1296;1359;1263;49.99;49.99;49.99;3870;1000;0.0;0;1.0000;0;0
600;2016-08-27 12:10:00;172602N232;1648;9.685;43;227;227;229;226;2.470;49.99;374.5;2.209;384.4;2.096;0.0;0.000;60;0;0;2.415;2.545;2.452;533;571;540;49.99;49.99;49.99;3870;1000;0.0;0;1.0000;0;0
600;2016-08-27 12:20:00;172602N232;4850;10.494;43;230;229;234;228;7.016;50.00;375.8;6.575;377.3;6.552;0.0;0.000;60;0;0;6.925;7.194;6.931;1586;1685;1577;50.00;50.00;50.00;3870;1000;0.0;0;1.0000;0;0
600;2016-08-27 12:30:00;172602N232;2033;10.831;44;228;227;230;227;2.998;50.00;368.6;2.824;371.4;2.788;0.0;0.000;60;0;0;2.937;3.074;2.984;657;705;668;50.00;50.00;50.00;3870;1000;0.0;0;1.0000;0;0
600;2016-08-27 12:40:00;172602N232;2476;11.243;43;228;227;231;226;3.621;50.01;387.6;3.255;392.8;3.170;0.0;0.000;60;0;0;3.540;3.733;3.590;799;864;809;50.01;50.01;50.01;3870;1000;0.0;0;1.0000;0;0
600;2016-08-27 12:50:00;172602N232;4541;12.001;43;230;228;235;227;6.584;50.01;374.4;6.173;375.2;6.163;0.0;0.000;60;0;0;6.449;6.787;6.518;1466;1591;1480;50.01;50.01;50.01;3870;1000;0.0;0;1.0000;0;0
600;2016-08-27 13:00:00;172602N232;1760;12.294;44;227;226;230;226;2.594;50.01;372.7;2.404;374.8;2.391;0.0;0.000;60;0;0;2.515;2.672;2.597;563;611;583;50.01;50.01;50.01;3870;1000;0.0;0;1.0000;0;0
600;2016-08-27 13:10:00;172602N232;3255;12.838;44;229;228;232;227;4.743;50.02;387.4;4.294;390.5;4.227;0.0;0.000;60;0;0;4.654;4.863;4.714;1055;1129;1068;50.02;50.02;50.02;3870;1000;0.0;0;1.0000;0;0
600;2016-08-27 13:20:00;172602N232;4515;13.588;44;230;229;234;228;6.531;50.02;372.7;6.162;373.6;6.149;0.0;0.000;60;0;0;6.419;6.688;6.488;1467;1563;1481;50.02;50.02;50.02;3870;1000;0.0;0;1.0000;0;0
600;2016-08-27 13:30:00;172602N232;4688;14.370;44;231;229;235;228;6.773;49.99;363.3;6.576;363.7;6.567;0.0;0.000;60;0;0;6.656;6.962;6.701;1523;1633;1529;49.99;49.99;49.99;3870;1000;0.0;0;1.0000;0;0
600;2016-08-27 13:40:00;172602N232;3501;14.953;44;230;229;233;227;5.080;49.99;365.1;4.902;363.7;4.923;0.0;0.000;60;0;0;5.000;5.215;5.027;1144;1216;1141;49.99;49.99;49.99;3870;1000;0.0;0;1.0000;0;0
600;2016-08-27 13:50:00;172602N232;2783;15.419;45;229;228;231;227;4.058;50.01;378.3;3.783;377.7;3.709;0.0;0.000;60;0;0;3.989;4.153;4.034;908;960;913;50.01;50.01;50.01;3870;1000;0.0;0;1.0000;0;0
600;2016-08-27 14:00:00;172602N232;4482;16.166;45;230;229;234;228;6.482;49.99;376.4;6.070;376.4;6.086;0.0;0.000;60;0;0;6.366;6.674;6.408;1459;1565;1457;49.99;49.99;49.99;3870;1000;0.0;0;1.0000;0;0
600;2016-08-27 14:10:00;172602N232;4034;16.838;45;230;229;234;228;5.837;49.99;367.2;5.600;367.1;5.575;0.0;0.000;60;0;0;5.734;6.006;5.772;1313;1410;1312;49.99;49.99;49.99;3870;1000;0.0;0;1.0000;0;0
600;2016-08-27 14:20:00;172602N232;2386;17.236;45;229;228;232;228;3.470;50.01;380.1;3.189;375.9;3.145;0.0;0.000;60;0;0;3.393;3.573;3.445;772;829;782;50.01;50.01;50.01;3870;1000;0.0;0;1.0000;0;0
600;2016-08-27 14:30:00;172602N232;4592;18.003;45;232;231;235;230;6.606;50.00;368.0;6.360;368.6;6.341;0.0;0.000;60;0;0;6.511;6.770;6.538;1501;1589;1499;50.00;50.00;50.00;3870;1000;0.0;0;1.0000;0;0
600;2016-08-27 14:40:00;172602N232;4580;18.766;45;231;230;235;229;6.607;50.00;362.6;6.429;362.5;6.446;0.0;0.000;60;0;0;6.506;6.786;6.529;1494;1593;1491;50.00;50.00;50.00;3870;1000;0.0;0;1.0000;0;0
600;2016-08-27 14:50:00;172602N232;3047;19.273;46;229;229;232;227;4.435;50.00;369.5;4.225;367.2;4.226;0.0;0.000;60;0;0;4.365;4.547;4.394;995;1054;996;50.00;50.00;50.00;3870;1000;0.0;0;1.0000;0;0
600;2016-08-27 15:00:00;172602N232;3559;19.866;46;230;229;233;227;5.165;49.99;378.3;4.794;376.8;4.800;0.0;0.000;60;0;0;5.097;5.298;5.101;1166;1233;1158;49.99;49.99;50.00;3870;1000;0.0;0;1.0000;0;0
600;2016-08-27 15:10:00;172602N232;3584;20.464;46;230;229;233;228;5.196;50.00;373.5;4.899;371.8;4.878;0.0;0.000;60;0;0;5.114;5.330;5.145;1170;1243;1170;50.00;50.00;50.00;3870;1000;0.0;0;1.0000;0;0
600;2016-08-27 15:20:00;172602N232;4074;21.144;46;230;230;234;227;5.895;50.00;373.1;5.578;372.4;5.550;0.0;0.000;60;0;0;5.833;6.043;5.809;1341;1412;1319;50.00;50.00;50.00;3870;1000;0.0;0;1.0000;0;0
600;2016-08-27 15:30:00;172602N232;3848;21.785;46;230;230;232;228;5.587;50.01;371.6;5.276;371.0;5.261;0.0;0.000;60;0;0;5.518;5.705;5.539;1265;1321;1260;50.01;50.01;50.01;3870;1000;0.0;0;1.0000;0;0
600;2016-08-27 15:40:00;172602N232;3471;22.363;46;229;229;232;227;5.049;49.99;372.6;4.706;371.3;4.780;0.0;0.000;60;0;0;4.966;5.174;5.007;1134;1199;1136;49.99;49.99;49.99;3870;1000;0.0;0;1.0000;0;0
600;2016-08-27 15:50:00;172602N232;3465;22.941;45;229;228;232;227;5.053;49.99;373.5;4.708;373.3;4.713;0.0;0.000;60;0;0;4.963;5.188;5.008;1127;1201;1134;49.99;49.99;49.99;3870;1000;0.0;0;1.0000;0;0
600;2016-08-27 16:00:00;172602N232;2978;23.438;45;228;228;231;225;4.361;49.97;371.4;4.081;368.1;4.099;0.0;0.000;60;0;0;4.292;4.488;4.304;973;1038;965;49.97;49.97;49.97;3870;1000;0.0;0;1.0000;0;0
600;2016-08-27 16:10:00;172602N232;1771;23.733;45;226;227;229;224;2.631;49.97;390.8;2.251;380.7;2.348;0.0;0.000;60;0;0;2.589;2.707;2.599;581;614;573;49.97;49.97;49.97;3870;1000;0.0;0;1.0000;0;0
600;2016-08-27 16:20:00;172602N232;2137;24.089;44;226;230;232;217;3.157;50.00;389.9;2.683;383.3;2.829;0.0;0.000;60;0;0;3.134;3.316;3.022;715;766;653;50.00;50.00;50.00;3870;1000;0.0;0;1.0000;0;0
600;2016-08-27 16:30:00;172602N232;1600;24.356;44;226;231;231;215;2.564;50.01;374.6;2.078;380.7;2.131;0.0;0.000;60;0;0;2.563;2.707;2.422;539;578;481;50.01;50.01;50.01;3870;1000;0.0;0;1.0000;0;0
600;2016-08-27 16:40:00;172602N232;1933;24.677;44;226;230;232;216;2.870;49.99;383.4;2.491;392.6;2.500;0.0;0.000;60;0;0;2.861;3.009;2.742;651;692;588;49.99;49.99;49.99;3870;1000;0.0;0;1.0000;0;0
600;2016-08-27 16:50:00;172602N232;2835;25.152;44;226;230;231;216;4.192;50.00;379.1;3.733;389.6;3.742;0.0;0.000;60;0;0;4.186;4.379;4.011;959;1010;864;50.00;50.00;50.00;3870;1000;0.0;0;1.0000;0;0
600;2016-08-27 17:00:00;172602N232;1970;25.480;44;224;229;229;215;2.934;49.99;377.2;2.610;393.5;2.528;0.0;0.000;60;0;0;2.926;3.073;2.803;667;703;599;49.99;49.99;49.99;3870;1000;0.0;0;1.0000;0;0
600;2016-08-27 17:10:00;172602N232;1249;25.687;44;224;229;228;213;2.021;49.98;378.2;1.630;384.3;1.627;0.0;0.000;60;0;0;2.051;2.105;1.907;416;449;381;49.98;49.98;49.98;3870;1000;0.0;0;1.0000;0;0
600;2016-08-27 17:20:00;172602N232;687;25.802;44;223;229;227;212;1.508;49.99;378.6;0.864;382.1;0.905;0.0;0.000;60;0;0;1.659;1.494;1.372;208;255;222;49.99;49.99;49.99;3870;1000;0.0;0;1.0000;0;0
600;2016-08-27 17:30:00;172602N232;377;25.865;43;222;227;227;211;1.182;50.00;376.4;0.466;382.9;0.501;0.0;0.000;60;0;0;1.378;1.164;1.005;103;145;126;50.00;50.00;50.00;3870;1000;0.0;0;1.0000;0;0
600;2016-08-27 17:40:00;172602N232;955;26.025;43;225;231;231;215;1.659;49.99;359.2;1.215;392.7;1.343;0.0;0.000;60;0;0;1.713;1.700;1.564;309;346;299;50.00;50.00;50.00;3870;1000;0.0;0;1.0000;0;0
600;2016-08-27 17:50:00;172602N232;1222;26.228;43;223;228;227;214;1.858;49.99;349.8;1.571;376.1;1.811;0.0;0.000;60;0;0;1.841;1.943;1.791;408;436;375;49.99;49.99;49.99;3870;1000;0.0;0;1.0000;0;0
600;2016-08-27 18:00:00;172602N232;784;26.359;43;222;228;227;212;1.204;49.99;328.3;1.436;309.2;1.065;0.0;0.000;60;0;0;1.174;1.279;1.159;258;283;241;49.99;49.99;49.99;3870;1000;0.0;0;1.0000;0;0
600;2016-08-27 18:10:00;172602N232;514;26.445;43;223;227;227;216;0.809;49.99;370.7;0.871;426.3;0.441;0.0;0.000;60;0;0;0.765;0.860;0.802;163;186;163;49.99;49.99;49.99;3870;1000;0.0;0;1.0000;0;0
600;2016-08-27 18:20:00;172602N232;374;26.507;42;224;225;226;223;1.127;49.99;380.8;0.530;403.6;0.406;0.0;0.000;60;0;0;1.184;1.155;1.044;100;138;133;49.99;49.99;49.99;3870;1000;0.0;0;1.0000;0;0
600;2016-08-27 18:30:00;172602N232;326;26.562;42;224;225;226;223;1.184;49.99;339.7;0.533;404.1;0.345;0.0;0.000;60;0;0;1.301;1.227;1.024;82;123;119;49.99;49.99;49.99;3870;1000;0.0;0;1.0000;0;0
600;2016-08-27 18:40:00;172602N232;180;26.592;42;224;224;225;224;0.946;49.99;362.0;0.236;401.1;0.205;0.0;0.000;60;0;0;1.103;0.996;0.740;36;74;69;49.99;49.99;49.99;3870;1000;0.0;0;1.0000;0;0
600;2016-08-27 18:50:00;172602N232;139;26.615;41;224;224;225;224;0.906;49.99;374.9;0.152;408.6;0.162;0.0;0.000;60;0;0;0.842;1.142;0.735;24;47;66;49.99;49.99;49.99;3870;1000;0.0;0;1.0000;0;0
600;2016-08-27 19:00:00;172602N232;102;26.632;41;224;224;225;224;0.924;50.00;342.3;0.117;377.9;0.133;0.0;0.000;60;0;0;1.068;0.932;0.773;4;42;55;50.00;50.00;50.00;3870;1000;0.0;0;1.0000;0;0
600;2016-08-27 19:10:00;172602N232;80;26.646;41;225;225;224;224;0.919;50.00;340.4;0.093;366.4;0.100;0.0;0.000;60;0;0;1.122;0.861;0.775;0;42;46;50.00;50.00;50.00;3870;1000;0.0;0;1.0000;0;0
600;2016-08-27 19:20:00;172602N232;57;26.656;40;225;225;225;224;0.931;50.00;329.7;0.066;363.4;0.067;0.0;0.000;60;0;0;1.116;0.937;0.740;0;25;46;50.00;50.00;50.00;3870;1000;0.0;0;1.0000;0;0
600;2016-08-27 19:30:00;172602N232;25;26.661;40;225;225;226;224;0.467;50.00;297.6;0.021;305.4;0.025;0.0;0.000;60;0;0;0.567;0.494;0.342;1;14;19;50.00;50.00;50.00;3870;1000;0.0;0;1.0000;0;0
600;2016-08-27 19:40:00;172602N232;3;26.661;39;225;225;226;224;0.208;49.99;252.8;0.000;252.4;0.000;0.0;0.000;60;0;0;0.286;0.214;0.124;2;2;6;49.99;49.99;49.99;3870;1000;0.0;0;1.0000;0;0
600;2016-08-27 19:50:00;172602N232;0;26.661;39;225;226;226;223;0.007;50.00;251.4;0.000;251.6;0.000;0.0;0.000;50;0;0;0.017;0.004;0.001;0;0;0;50.00;50.00;50.00;3870;1000;0.0;0;1.0000;0;0
600;2016-08-27 20:00:00;172602N232;0;26.661;37;224;225;227;220;0.000;50.00;230.1;0.000;231.1;0.000;0.0;0.000;50;0;0;0.000;0.000;0.000;0;0;0;50.00;50.00;50.00;3870;1000;0.0;0;1.0000;0;0
600;2016-08-27 20:10:00;172602N232;0;26.661;37;224;224;226;223;0.000;49.99;227.6;0.000;228.6;0.000;0.0;0.000;50;0;0;0.000;0.000;0.000;0;0;0;49.99;49.99;49.99;3870;1000;0.0;0;1.0000;0;0
[wr_ende]
