20120916;230001;172602N232;My Plant;+0100
[wr_def_start]
172602N232;Inverter Type;Inverter Group;72602N232      
[wr_def_end]
[wr]
INTERVAL;TIMESTAMP;SERIAL;P_AC;E_DAY;T_WR;U_AC;U_AC_1;U_AC_2;U_AC_3;I_AC;F_AC;U_DC_1;I_DC_1;U_DC_2;I_DC_2;U_DC_3;I_DC_3;S;E_WR;M_WR;I_AC_1;I_AC_2;I_AC_3;P_AC_1;P_AC_2;P_AC_3;F_AC_1;F_AC_2;F_AC_3;R_DC;PC;PCS;PCS_LL;COS_PHI;COS_PHI_LL;S_COS_PHI
600;2012-09-16 06:40:00;172602N232;0;0.000;0;5;5;5;5;0.000;1.24;5.5;0.000;5.5;0.000;0.0;0.000;50;0;0;0.000;0.000;0.000;0;0;0;1.24;1.24;1.24;57;1000;0.0;0;1.0000;0;0
600;2012-09-16 06:50:00;172602N232;0;0.000;24;223;224;226;219;0.000;49.99;248.7;0.000;249.1;0.000;0.0;0.000;50;0;0;0.000;0.000;0.000;0;0;0;49.99;49.99;49.99;0;1000;0.0;0;1.0000;0;0
600;2012-09-16 07:00:00;172602N232;3;0.001;25;224;224;225;222;0.134;50.00;272.3;0.000;268.6;0.001;0.0;0.000;60;0;0;0.135;0.148;0.121;0;3;6;50.00;50.00;50.00;8118;1000;0.0;0;1.0000;0;0
600;2012-09-16 07:10:00;172602N232;24;0.005;26;223;224;224;222;0.447;50.00;328.9;0.019;304.9;0.019;0.0;0.000;60;0;0;0.494;0.522;0.326;1;6;21;50.00;50.00;50.00;8952;1000;0.0;0;1.0000;0;0
600;2012-09-16 07:20:00;172602N232;52;0.014;27;223;223;224;222;0.731;49.99;364.0;0.057;365.1;0.051;0.0;0.000;60;0;0;0.732;0.904;0.558;6;7;39;49.99;49.99;49.99;8952;1000;0.0;0;1.0000;0;0
600;2012-09-16 07:30:00;172602N232;76;0.025;27;222;223;224;220;0.935;49.99;381.8;0.088;382.9;0.079;0.0;0.000;60;0;0;0.953;1.113;0.740;7;13;55;49.99;49.99;49.99;8952;1000;0.0;0;1.0000;0;0
600;2012-09-16 07:40:00;172602N232;135;0.048;28;222;222;223;221;0.884;49.98;398.8;0.158;398.3;0.145;0.0;0.000;60;0;0;0.794;1.151;0.708;24;46;63;49.98;49.98;49.98;8952;1000;0.0;0;1.0000;0;0
600;2012-09-16 07:50:00;172602N232;291;0.097;28;222;222;223;220;1.073;50.00;411.9;0.345;412.8;0.328;0.0;0.000;60;0;0;1.118;1.172;0.929;87;98;104;50.00;50.00;50.00;8952;1000;0.0;0;1.0000;0;0
600;2012-09-16 08:00:00;172602N232;509;0.181;29;223;222;224;222;0.806;50.01;422.8;0.630;429.5;0.546;0.0;0.000;60;0;0;0.749;0.844;0.827;156;179;173;50.01;50.01;50.01;8952;1000;0.0;0;1.0000;0;0
600;2012-09-16 08:10:00;172602N232;402;0.249;30;223;223;224;221;0.881;50.03;414.7;0.510;424.2;0.423;0.0;0.000;60;0;0;0.878;0.908;0.857;115;147;138;50.03;50.03;50.03;8952;1000;0.0;0;1.0000;0;0
600;2012-09-16 08:20:00;172602N232;355;0.308;31;222;223;223;220;1.168;50.01;412.5;0.446;420.3;0.378;0.0;0.000;60;0;0;1.271;1.176;1.058;97;133;122;50.01;50.01;50.01;8952;1000;0.0;0;1.0000;0;0
600;2012-09-16 08:30:00;172602N232;316;0.361;31;226;227;227;224;1.149;49.99;412.0;0.400;419.0;0.330;0.0;0.000;60;0;0;1.292;1.201;0.954;86;122;106;49.99;49.99;49.99;8952;1000;0.0;0;1.0000;0;0
600;2012-09-16 08:40:00;172602N232;395;0.427;32;226;227;227;225;1.099;50.00;414.0;0.496;420.6;0.423;0.0;0.000;60;0;0;1.138;1.115;1.044;118;146;129;50.00;50.00;50.00;8952;1000;0.0;0;1.0000;0;0
600;2012-09-16 08:50:00;172602N232;544;0.518;32;226;228;226;224;1.152;49.99;428.5;0.682;433.9;0.558;0.0;0.000;60;0;0;1.228;1.181;1.048;172;196;173;49.99;49.99;49.99;8952;1000;0.0;0;1.0000;0;0
600;2012-09-16 09:00:00;172602N232;438;0.592;33;225;227;226;223;0.926;50.00;418.7;0.556;426.7;0.456;0.0;0.000;60;0;0;0.910;0.969;0.899;137;158;142;50.00;50.00;50.00;8952;1000;0.0;0;1.0000;0;0
600;2012-09-16 09:10:00;172602N232;787;0.722;33;226;227;227;224;1.233;50.00;436.8;0.959;443.4;0.808;0.0;0.000;60;0;0;1.192;1.270;1.239;251;272;262;50.00;50.00;50.00;8952;1000;0.0;0;1.0000;0;0
600;2012-09-16 09:20:00;172602N232;987;0.888;34;226;226;227;224;1.484;50.00;422.2;1.255;440.4;1.034;0.0;0.000;60;0;0;1.427;1.523;1.502;315;340;330;50.00;50.00;50.00;8952;1000;0.0;0;1.0000;0;0
600;2012-09-16 09:30:00;172602N232;941;1.044;34;225;226;227;223;1.420;50.01;416.8;1.187;426.8;1.042;0.0;0.000;60;0;0;1.366;1.461;1.433;301;326;313;50.01;50.01;50.01;8952;1000;0.0;0;1.0000;0;0
600;2012-09-16 09:40:00;172602N232;981;1.208;35;225;225;226;222;1.479;50.01;415.6;1.233;418.8;1.117;0.0;0.000;60;0;0;1.429;1.521;1.487;316;339;324;50.01;50.01;50.01;8952;1000;0.0;0;1.0000;0;0
600;2012-09-16 09:50:00;172602N232;1136;1.398;35;224;225;225;223;1.766;50.01;413.0;1.444;418.8;1.293;0.0;0.000;60;0;0;1.753;1.778;1.769;371;386;377;50.01;50.01;50.01;8952;1000;0.0;0;1.0000;0;0
600;2012-09-16 10:00:00;172602N232;1020;1.568;36;226;226;226;225;1.554;50.00;414.9;1.275;415.2;1.183;0.0;0.000;60;0;0;1.515;1.581;1.566;329;348;341;50.00;50.00;50.00;8952;1000;0.0;0;1.0000;0;0
600;2012-09-16 10:10:00;172602N232;1001;1.736;36;223;225;225;220;1.553;50.00;414.0;1.253;413.8;1.167;0.0;0.000;60;0;0;1.515;1.596;1.550;323;346;330;50.00;50.00;50.00;8952;1000;0.0;0;1.0000;0;0
600;2012-09-16 10:20:00;172602N232;985;1.899;36;222;224;225;217;1.561;50.00;412.3;1.238;414.2;1.141;0.0;0.000;60;0;0;1.559;1.594;1.532;321;343;319;50.00;50.00;50.00;8952;1000;0.0;0;1.0000;0;0
600;2012-09-16 10:30:00;172602N232;606;2.001;37;222;224;224;218;1.272;49.99;408.4;0.753;404.2;0.721;0.0;0.000;60;0;0;1.354;1.261;1.201;201;207;196;49.99;49.99;49.99;8952;1000;0.0;0;1.0000;0;0
600;2012-09-16 10:40:00;172602N232;716;2.119;37;222;225;225;217;1.222;49.98;412.4;0.887;408.7;0.843;0.0;0.000;60;0;0;1.232;1.248;1.186;236;249;230;49.98;49.98;49.98;8952;1000;0.0;0;1.0000;0;0
600;2012-09-16 10:50:00;172602N232;1061;2.298;37;222;223;224;220;1.641;49.99;412.3;1.367;420.2;1.184;0.0;0.000;60;0;0;1.599;1.683;1.642;342;366;351;49.99;49.99;49.99;8952;1000;0.0;0;1.0000;0;0
600;2012-09-16 11:00:00;172602N232;1257;2.507;37;222;222;224;221;1.964;49.99;417.9;1.636;421.9;1.365;0.0;0.000;60;0;0;1.917;2.002;1.973;403;433;420;49.99;49.99;49.99;8952;1000;0.0;0;1.0000;0;0
600;2012-09-16 11:10:00;172602N232;1427;2.744;37;222;222;225;219;2.181;50.00;413.5;1.844;419.0;1.599;0.0;0.000;60;0;0;2.124;2.242;2.179;461;494;470;50.00;50.00;50.00;8952;1000;0.0;0;1.0000;0;0
600;2012-09-16 11:20:00;172602N232;1269;2.956;38;221;221;224;219;1.936;50.01;410.9;1.641;414.4;1.440;0.0;0.000;60;0;0;1.881;1.990;1.939;409;440;418;50.01;50.01;50.01;8952;1000;0.0;0;1.0000;0;0
600;2012-09-16 11:30:00;172602N232;1790;3.254;38;223;223;224;221;2.693;50.01;423.0;2.317;421.4;1.934;0.0;0.000;60;0;0;2.641;2.735;2.705;585;609;594;50.01;50.01;50.01;8952;1000;0.0;0;1.0000;0;0
600;2012-09-16 11:40:00;172602N232;2079;3.602;38;223;223;225;221;3.118;50.02;416.1;2.716;419.2;2.290;0.0;0.000;60;0;0;3.068;3.171;3.116;682;710;685;50.02;50.02;50.02;8952;1000;0.0;0;1.0000;0;0
600;2012-09-16 11:50:00;172602N232;1670;3.880;38;223;223;225;221;2.513;50.00;405.9;2.154;412.8;1.952;0.0;0.000;60;0;0;2.454;2.569;2.516;543;573;551;50.00;50.00;50.00;8952;1000;0.0;0;1.0000;0;0
600;2012-09-16 12:00:00;172602N232;1863;4.190;39;222;221;225;221;2.818;49.99;404.0;2.535;413.0;2.057;0.0;0.000;60;0;0;2.739;2.884;2.832;599;643;619;49.99;49.99;49.99;8952;1000;0.0;0;1.0000;0;0
600;2012-09-16 12:10:00;172602N232;1198;4.390;39;223;222;225;221;1.833;49.99;399.8;1.693;410.3;1.264;0.0;0.000;60;0;0;1.767;1.893;1.839;383;416;398;49.99;49.99;49.99;8952;1000;0.0;0;1.0000;0;0
600;2012-09-16 12:20:00;172602N232;2284;4.771;39;223;223;225;222;3.427;50.01;403.7;3.693;430.2;1.895;0.0;0.000;60;0;0;3.373;3.472;3.437;747;778;758;50.01;50.01;50.01;8952;1000;0.0;0;1.0000;0;0
600;2012-09-16 12:30:00;172602N232;2417;5.174;39;223;223;226;219;3.632;50.01;395.6;3.859;427.1;2.130;0.0;0.000;60;0;0;3.580;3.720;3.598;794;836;784;50.01;50.01;50.01;8952;1000;0.0;0;1.0000;0;0
600;2012-09-16 12:40:00;172602N232;2430;5.579;40;223;224;224;221;3.647;49.99;399.0;3.656;432.7;2.293;0.0;0.000;60;0;0;3.617;3.697;3.627;806;825;797;49.99;49.99;49.99;8952;1000;0.0;0;1.0000;0;0
600;2012-09-16 12:50:00;172602N232;1275;5.792;40;223;224;223;222;1.931;50.02;395.0;1.730;407.8;1.413;0.0;0.000;60;0;0;1.890;1.957;1.948;416;430;426;50.02;50.02;50.02;8952;1000;0.0;0;1.0000;0;0
600;2012-09-16 13:00:00;172602N232;1563;6.053;40;224;225;225;221;2.353;49.99;406.6;1.949;406.0;1.933;0.0;0.000;60;0;0;2.316;2.402;2.343;512;537;513;49.99;49.99;49.99;8952;1000;0.0;0;1.0000;0;0
600;2012-09-16 13:10:00;172602N232;2523;6.474;40;224;226;225;221;3.779;49.98;381.0;3.057;386.3;3.668;0.0;0.000;60;0;0;3.774;3.826;3.738;842;858;821;49.98;49.98;49.98;8952;1000;0.0;0;1.0000;0;0
600;2012-09-16 13:20:00;172602N232;1187;6.672;41;222;223;223;222;1.896;50.02;395.8;1.522;396.8;1.464;0.0;0.000;60;0;0;1.876;1.912;1.902;386;403;395;50.02;50.02;50.02;8952;1000;0.0;0;1.0000;0;0
600;2012-09-16 13:30:00;172602N232;369;6.734;41;222;223;222;221;0.794;50.01;390.1;0.468;386.4;0.457;0.0;0.000;60;0;0;0.820;0.782;0.780;105;132;130;50.01;50.01;50.01;8952;1000;0.0;0;1.0000;0;0
600;2012-09-16 13:40:00;172602N232;444;6.808;40;222;224;223;219;1.109;50.01;397.9;0.544;392.8;0.542;0.0;0.000;60;0;0;1.226;1.121;0.981;131;162;148;50.01;50.01;50.01;8952;1000;0.0;0;1.0000;0;0
600;2012-09-16 13:50:00;172602N232;758;6.934;40;222;222;224;220;1.203;50.02;413.1;0.920;404.8;0.923;0.0;0.000;60;0;0;1.130;1.251;1.230;238;265;253;50.02;50.02;50.02;8952;1000;0.0;0;1.0000;0;0
600;2012-09-16 14:00:00;172602N232;797;7.068;40;222;221;225;221;1.238;50.02;412.3;0.969;404.0;0.968;0.0;0.000;60;0;0;1.181;1.282;1.252;250;279;266;50.02;50.02;50.02;8952;1000;0.0;0;1.0000;0;0
600;2012-09-16 14:10:00;172602N232;449;7.143;40;222;222;224;220;0.865;49.99;403.3;0.551;395.5;0.552;0.0;0.000;60;0;0;0.830;0.921;0.844;137;161;149;49.99;49.99;49.99;8952;1000;0.0;0;1.0000;0;0
600;2012-09-16 14:20:00;172602N232;235;7.182;40;222;221;224;221;1.069;50.00;387.7;0.292;385.3;0.284;0.0;0.000;60;0;0;1.013;1.337;0.857;72;70;90;50.00;50.00;50.00;8952;1000;0.0;0;1.0000;0;0
600;2012-09-16 14:30:00;172602N232;192;7.214;39;221;219;224;221;0.985;50.00;382.6;0.237;381.8;0.230;0.0;0.000;60;0;0;0.785;1.375;0.795;66;44;81;50.00;50.00;50.00;8952;1000;0.0;0;1.0000;0;0
600;2012-09-16 14:40:00;172602N232;245;7.255;39;221;217;225;221;1.070;50.00;387.7;0.309;392.8;0.284;0.0;0.000;60;0;0;0.944;1.404;0.862;97;54;91;50.00;50.00;50.00;8952;1000;0.0;0;1.0000;0;0
600;2012-09-16 14:50:00;172602N232;293;7.304;39;221;220;225;217;1.115;50.02;394.6;0.366;397.8;0.343;0.0;0.000;60;0;0;1.071;1.329;0.947;101;78;111;50.02;50.02;50.02;8952;1000;0.0;0;1.0000;0;0
600;2012-09-16 15:00:00;172602N232;95;7.319;38;221;220;224;218;0.841;50.00;359.2;0.114;362.3;0.108;0.0;0.000;60;0;0;0.669;1.216;0.640;33;4;61;50.00;50.00;50.00;8952;1000;0.0;0;1.0000;0;0
600;2012-09-16 15:10:00;172602N232;194;7.353;38;222;222;224;219;0.786;49.98;358.1;0.235;364.9;0.233;0.0;0.000;60;0;0;0.762;0.932;0.665;54;60;80;49.98;49.98;49.98;8952;1000;0.0;0;1.0000;0;0
600;2012-09-16 15:20:00;172602N232;650;7.460;38;222;222;225;221;1.016;50.00;406.3;0.795;412.2;0.776;0.0;0.000;60;0;0;0.958;1.062;1.029;202;229;217;50.00;50.00;50.00;8952;1000;0.0;0;1.0000;0;0
600;2012-09-16 15:30:00;172602N232;826;7.599;38;223;222;225;221;1.270;49.98;413.5;0.999;413.0;0.990;0.0;0.000;60;0;0;1.211;1.314;1.285;260;289;276;49.98;49.98;49.98;8952;1000;0.0;0;1.0000;0;0
600;2012-09-16 15:40:00;172602N232;824;7.736;38;223;222;225;221;1.268;49.99;420.4;0.986;410.3;0.989;0.0;0.000;60;0;0;1.211;1.310;1.284;259;287;275;49.99;49.99;49.99;8952;1000;0.0;0;1.0000;0;0
600;2012-09-16 15:50:00;172602N232;825;7.875;38;222;222;224;221;1.275;50.01;411.8;1.008;408.7;0.996;0.0;0.000;60;0;0;1.218;1.314;1.293;260;286;277;50.01;50.01;50.01;8952;1000;0.0;0;1.0000;0;0
600;2012-09-16 16:00:00;172602N232;446;7.949;39;222;222;224;221;0.821;50.03;402.1;0.553;398.7;0.538;0.0;0.000;60;0;0;0.777;0.877;0.811;137;156;151;50.03;50.03;50.03;8952;1000;0.0;0;1.0000;0;0
600;2012-09-16 16:10:00;172602N232;227;7.986;39;222;221;223;222;1.018;50.00;386.0;0.281;386.8;0.273;0.0;0.000;60;0;0;0.986;1.236;0.832;69;78;78;50.00;50.00;50.01;8952;1000;0.0;0;1.0000;0;0
600;2012-09-16 16:20:00;172602N232;93;8.002;38;221;220;223;221;0.881;50.00;363.0;0.116;370.7;0.107;0.0;0.000;60;0;0;0.739;1.180;0.724;35;8;51;50.00;50.00;50.00;8952;1000;0.0;0;1.0000;0;0
600;2012-09-16 16:30:00;172602N232;203;8.037;38;221;220;222;220;1.006;49.99;381.5;0.250;389.1;0.243;0.0;0.000;60;0;0;1.148;1.079;0.792;59;66;76;49.99;49.99;49.99;8952;1000;0.0;0;1.0000;0;0
600;2012-09-16 16:40:00;172602N232;233;8.076;38;221;220;223;220;1.027;49.99;386.1;0.284;392.6;0.282;0.0;0.000;60;0;0;1.030;1.221;0.831;79;66;86;49.99;49.99;49.99;8952;1000;0.0;0;1.0000;0;0
600;2012-09-16 16:50:00;172602N232;701;8.193;38;221;221;222;221;1.162;49.99;402.5;0.869;413.7;0.835;0.0;0.000;60;0;0;1.148;1.174;1.164;222;241;236;49.99;49.99;49.99;8952;1000;0.0;0;1.0000;0;0
600;2012-09-16 17:00:00;172602N232;596;8.292;38;221;221;221;221;0.998;49.99;402.4;0.730;409.1;0.722;0.0;0.000;60;0;0;0.955;1.031;1.008;186;207;201;49.99;49.99;49.99;8952;1000;0.0;0;1.0000;0;0
600;2012-09-16 17:10:00;172602N232;642;8.399;38;221;220;222;220;1.264;49.98;404.6;0.787;403.9;0.773;0.0;0.000;60;0;0;1.217;1.323;1.254;199;218;223;49.98;49.98;49.98;8952;1000;0.0;0;1.0000;0;0
600;2012-09-16 17:20:00;172602N232;325;8.454;38;220;221;222;218;1.038;49.97;397.7;0.401;394.7;0.390;0.0;0.000;60;0;0;1.086;1.105;0.923;85;116;122;49.97;49.97;49.97;8952;1000;0.0;0;1.0000;0;0
600;2012-09-16 17:30:00;172602N232;498;8.537;38;220;220;221;219;1.053;49.98;412.0;0.599;404.1;0.597;0.0;0.000;60;0;0;1.063;1.084;1.014;150;175;170;49.98;49.98;49.98;8952;1000;0.0;0;1.0000;0;0
600;2012-09-16 17:40:00;172602N232;459;8.613;38;220;220;219;220;0.966;49.97;398.8;0.565;402.0;0.562;0.0;0.000;60;0;0;0.945;0.995;0.960;145;162;150;49.97;49.97;49.97;8952;1000;0.0;0;1.0000;0;0
600;2012-09-16 17:50:00;172602N232;321;8.667;38;219;218;220;219;1.084;49.97;396.2;0.393;396.1;0.390;0.0;0.000;60;0;0;1.078;1.171;1.003;105;114;99;49.97;49.97;49.97;8952;1000;0.0;0;1.0000;0;0
600;2012-09-16 18:00:00;172602N232;383;8.731;38;219;217;221;219;1.076;50.01;393.2;0.474;401.1;0.465;0.0;0.000;60;0;0;1.037;1.164;1.028;122;132;126;50.01;50.01;50.01;8952;1000;0.0;0;1.0000;0;0
600;2012-09-16 18:10:00;172602N232;434;8.803;38;220;220;221;219;0.901;50.01;395.0;0.532;404.2;0.530;0.0;0.000;60;0;0;0.890;0.953;0.860;133;154;145;50.01;50.01;50.01;8952;1000;0.0;0;1.0000;0;0
600;2012-09-16 18:20:00;172602N232;310;8.856;38;219;219;220;218;1.086;49.98;390.2;0.381;398.0;0.379;0.0;0.000;60;0;0;1.123;1.148;0.987;89;115;104;49.98;49.98;49.98;8952;1000;0.0;0;1.0000;0;0
600;2012-09-16 18:30:00;172602N232;278;8.902;38;219;219;219;218;1.075;49.97;389.4;0.342;396.3;0.335;0.0;0.000;60;0;0;1.192;1.101;0.932;79;106;91;49.97;49.97;49.97;8952;1000;0.0;0;1.0000;0;0
600;2012-09-16 18:40:00;172602N232;70;8.913;38;219;221;219;218;0.780;49.97;358.7;0.080;359.4;0.080;0.0;0.000;60;0;0;1.116;0.618;0.607;0;45;42;49.97;49.97;49.97;8952;1000;0.0;0;1.0000;0;0
600;2012-09-16 18:50:00;172602N232;66;8.925;38;219;221;218;218;0.744;49.97;351.7;0.074;358.6;0.075;0.0;0.000;60;0;0;1.063;0.583;0.586;0;44;34;49.97;49.97;49.97;8952;1000;0.0;0;1.0000;0;0
600;2012-09-16 19:00:00;172602N232;35;8.931;37;219;222;218;218;0.536;50.00;327.6;0.032;334.8;0.035;0.0;0.000;60;0;0;0.745;0.405;0.460;0;29;29;50.00;50.00;50.00;8952;1000;0.0;0;1.0000;0;0
600;2012-09-16 19:10:00;172602N232;6;8.933;37;219;221;220;217;0.220;50.03;254.0;0.000;259.6;0.001;0.0;0.000;60;0;0;0.292;0.202;0.166;1;7;9;50.03;50.03;50.03;8952;1000;0.0;0;1.0000;0;0
600;2012-09-16 19:20:00;172602N232;0;8.932;37;219;222;221;215;0.057;49.99;250.4;0.000;251.1;0.000;0.0;0.000;60;0;0;0.074;0.051;0.046;0;2;2;49.99;49.99;49.99;8952;1000;0.0;0;1.0000;0;0
600;2012-09-16 19:30:00;172602N232;0;8.932;36;219;221;220;216;0.003;49.97;241.6;0.000;242.0;0.000;0.0;0.000;50;0;0;0.011;0.000;0.000;0;0;0;49.97;49.97;49.97;8952;1000;0.0;0;1.0000;0;0
600;2012-09-16 19:40:00;172602N232;0;8.932;34;219;221;219;217;0.000;49.96;227.4;0.000;228.3;0.000;0.0;0.000;50;0;0;0.000;0.000;0.000;0;0;0;49.96;49.96;49.96;8952;1000;0.0;0;1.0000;0;0
600;2012-09-16 19:50:00;172602N232;0;8.932;33;219;221;219;217;0.000;49.95;227.4;0.000;228.2;0.000;0.0;0.000;50;0;0;0.000;0.000;0.000;0;0;0;49.95;49.95;49.95;8952;1000;0.0;0;1.0000;0;0
[wr_ende]
