20140302;230001;172602N232;My Plant;+0100
[wr_def_start]
172602N232;Inverter Type;Inverter Group;72602N232      
[wr_def_end]
[wr]
INTERVAL;TIMESTAMP;SERIAL;P_AC;E_DAY;T_WR;U_AC;U_AC_1;U_AC_2;U_AC_3;I_AC;F_AC;U_DC_1;I_DC_1;U_DC_2;I_DC_2;U_DC_3;I_DC_3;S;E_WR;M_WR;I_AC_1;I_AC_2;I_AC_3;P_AC_1;P_AC_2;P_AC_3;F_AC_1;F_AC_2;F_AC_3;R_DC;PC;PCS;PCS_LL;COS_PHI;COS_PHI_LL;S_COS_PHI
600;2014-03-02 06:50:00;172602N232;0;0.000;0;3;3;3;3;0.000;0.72;3.1;0.000;3.1;0.000;0.0;0.000;50;0;0;0.000;0.000;0.000;0;0;0;0.72;0.72;0.72;23;1000;0.0;0;1.0000;0;0
600;2014-03-02 07:00:00;172602N232;0;0.000;16;223;223;225;220;0.000;50.01;228.9;0.000;229.9;0.000;0.0;0.000;50;0;0;0.000;0.000;0.000;0;0;0;50.01;50.01;50.01;0;1000;0.0;0;1.0000;0;0
600;2014-03-02 07:10:00;172602N232;0;0.000;17;222;223;225;219;0.000;50.02;233.6;0.000;234.5;0.000;0.0;0.000;50;0;0;0.000;0.000;0.000;0;0;0;50.02;50.02;50.02;0;1000;0.0;0;1.0000;0;0
600;2014-03-02 07:20:00;172602N232;0;0.000;18;221;222;224;218;0.000;50.00;245.2;0.000;246.1;0.000;0.0;0.000;50;0;0;0.000;0.000;0.000;0;0;0;50.00;50.00;50.00;0;1000;0.0;0;1.0000;0;0
600;2014-03-02 07:30:00;172602N232;0;0.000;18;222;223;224;219;0.000;49.99;236.9;0.000;237.8;0.000;0.0;0.000;50;0;0;0.000;0.000;0.000;0;0;0;49.99;49.99;49.99;0;1000;0.0;0;1.0000;0;0
600;2014-03-02 07:40:00;172602N232;0;0.000;18;223;223;225;220;0.041;49.99;293.4;0.000;293.0;0.000;0.0;0.000;60;0;0;0.049;0.042;0.034;0;0;1;49.99;49.99;49.99;3660;1000;0.0;0;1.0000;0;0
600;2014-03-02 07:50:00;172602N232;21;0.004;19;222;223;223;220;0.370;50.01;312.2;0.010;320.2;0.016;0.0;0.000;60;0;0;0.420;0.410;0.280;2;9;19;50.01;50.01;50.01;5243;1000;0.0;0;1.0000;0;0
600;2014-03-02 08:00:00;172602N232;25;0.012;19;221;223;222;220;0.400;49.99;317.5;0.016;332.5;0.020;0.0;0.000;60;0;0;0.510;0.347;0.343;0;20;23;49.99;49.99;49.99;5243;1000;0.0;0;1.0000;0;0
600;2014-03-02 08:10:00;172602N232;46;0.024;19;221;222;220;219;0.631;49.98;361.5;0.041;374.5;0.044;0.0;0.000;60;0;0;0.924;0.450;0.520;0;34;36;49.98;49.98;49.98;5243;1000;0.0;0;1.0000;0;0
600;2014-03-02 08:20:00;172602N232;32;0.031;20;221;221;221;220;0.494;50.00;333.7;0.024;351.6;0.027;0.0;0.000;60;0;0;0.645;0.464;0.375;2;19;24;50.00;50.00;50.00;5243;1000;0.0;0;1.0000;0;0
600;2014-03-02 08:30:00;172602N232;39;0.035;20;221;221;223;218;0.567;50.00;346.3;0.032;362.9;0.036;0.0;0.000;60;0;0;0.501;0.809;0.392;16;0;30;50.00;50.00;50.00;5243;1000;0.0;0;1.0000;0;0
600;2014-03-02 08:40:00;172602N232;75;0.043;21;223;222;225;221;0.761;50.00;379.8;0.075;386.2;0.079;0.0;0.000;60;0;0;0.667;1.066;0.551;31;3;47;50.00;50.00;50.00;5243;1000;0.0;0;1.0000;0;0
600;2014-03-02 08:50:00;172602N232;58;0.054;21;224;225;224;222;0.718;50.01;369.5;0.055;380.9;0.059;0.0;0.000;60;0;0;0.913;0.682;0.561;3;30;40;50.01;50.01;50.01;5243;1000;0.0;0;1.0000;0;0
600;2014-03-02 09:00:00;172602N232;105;0.073;21;223;224;222;222;0.923;49.99;396.4;0.111;398.0;0.115;0.0;0.000;60;0;0;1.338;0.717;0.715;2;68;44;49.99;49.99;49.99;5243;1000;0.0;0;1.0000;0;0
600;2014-03-02 09:10:00;172602N232;170;0.098;22;223;223;223;222;0.994;50.00;414.2;0.185;411.2;0.191;0.0;0.000;60;0;0;1.265;0.866;0.852;23;81;64;50.00;50.00;50.00;5243;1000;0.0;0;1.0000;0;0
600;2014-03-02 09:20:00;172602N232;133;0.119;22;222;222;222;222;0.893;49.99;405.6;0.143;404.2;0.148;0.0;0.000;60;0;0;1.054;0.821;0.805;21;63;47;49.99;49.99;49.99;5243;1000;0.0;0;1.0000;0;0
600;2014-03-02 09:30:00;172602N232;270;0.164;23;222;222;222;221;1.088;50.01;426.1;0.297;420.6;0.305;0.0;0.000;60;0;0;1.167;1.134;0.964;68;109;91;50.01;50.01;50.01;5243;1000;0.0;0;1.0000;0;0
600;2014-03-02 09:40:00;172602N232;266;0.208;23;222;224;223;221;1.116;50.02;421.9;0.296;421.3;0.302;0.0;0.000;60;0;0;1.369;1.112;0.869;62;114;89;50.02;50.02;50.02;5243;1000;0.0;0;1.0000;0;0
600;2014-03-02 09:50:00;172602N232;411;0.277;23;222;223;221;221;1.171;50.00;425.4;0.464;429.2;0.467;0.0;0.000;60;0;0;1.298;1.144;1.071;124;153;131;50.00;50.00;50.00;5243;1000;0.0;0;1.0000;0;0
600;2014-03-02 10:00:00;172602N232;279;0.324;24;222;223;221;222;1.095;49.99;422.7;0.310;423.2;0.315;0.0;0.000;60;0;0;1.217;1.072;0.996;75;124;78;49.99;49.99;49.99;5243;1000;0.0;0;1.0000;0;0
600;2014-03-02 10:10:00;172602N232;348;0.383;24;222;223;221;222;1.074;49.99;426.9;0.385;425.4;0.395;0.0;0.000;60;0;0;1.141;1.080;1.002;104;137;105;49.99;49.99;49.99;5243;1000;0.0;0;1.0000;0;0
600;2014-03-02 10:20:00;172602N232;373;0.444;24;222;224;220;223;1.214;50.00;431.6;0.413;427.1;0.426;0.0;0.000;60;0;0;1.347;1.174;1.123;104;164;103;50.00;50.00;50.00;5243;1000;0.0;0;1.0000;0;0
600;2014-03-02 10:30:00;172602N232;668;0.557;25;223;225;222;224;1.167;50.00;439.6;0.741;433.2;0.767;0.0;0.000;60;0;0;1.154;1.184;1.164;214;230;223;50.00;50.00;50.00;5243;1000;0.0;0;1.0000;0;0
600;2014-03-02 10:40:00;172602N232;1361;0.784;25;224;226;224;223;2.092;49.99;438.8;1.544;434.9;1.567;0.0;0.000;60;0;0;2.086;2.103;2.089;447;461;452;49.99;49.99;49.99;5243;1000;0.0;0;1.0000;0;0
600;2014-03-02 10:50:00;172602N232;640;0.890;25;223;225;221;224;1.254;49.99;432.7;0.723;426.7;0.743;0.0;0.000;60;0;0;1.302;1.225;1.237;212;213;213;49.99;49.99;49.99;5243;1000;0.0;0;1.0000;0;0
600;2014-03-02 11:00:00;172602N232;393;0.956;26;223;225;220;223;1.193;50.00;422.8;0.444;419.2;0.457;0.0;0.000;60;0;0;1.353;1.103;1.124;115;151;125;50.00;50.00;50.00;5243;1000;0.0;0;1.0000;0;0
600;2014-03-02 11:10:00;172602N232;613;1.058;26;223;225;222;223;1.262;50.01;431.0;0.690;426.4;0.709;0.0;0.000;60;0;0;1.337;1.219;1.230;192;213;206;50.01;50.01;50.01;5243;1000;0.0;0;1.0000;0;0
600;2014-03-02 11:20:00;172602N232;579;1.155;26;224;225;223;224;1.115;50.01;432.5;0.651;426.9;0.671;0.0;0.000;60;0;0;1.156;1.139;1.051;188;200;188;50.01;50.01;50.01;5243;1000;0.0;0;1.0000;0;0
600;2014-03-02 11:30:00;172602N232;822;1.292;26;224;225;223;224;1.285;50.00;436.4;0.926;430.1;0.954;0.0;0.000;60;0;0;1.268;1.296;1.293;266;277;277;50.00;50.00;50.00;5243;1000;0.0;0;1.0000;0;0
600;2014-03-02 11:40:00;172602N232;2474;1.704;27;227;226;228;226;3.641;50.01;435.2;2.877;434.5;2.854;0.0;0.000;60;0;0;3.585;3.697;3.643;809;842;820;50.01;50.01;50.01;5243;1000;0.0;0;1.0000;0;0
600;2014-03-02 11:50:00;172602N232;1619;1.975;27;226;225;228;225;2.426;49.99;425.9;1.896;425.5;1.910;0.0;0.000;60;0;0;2.359;2.496;2.424;520;561;536;49.99;49.99;49.99;5243;1000;0.0;0;1.0000;0;0
600;2014-03-02 12:00:00;172602N232;1674;2.253;27;226;226;228;224;2.497;50.01;432.2;1.949;427.6;1.951;0.0;0.000;60;0;0;2.448;2.554;2.491;545;575;552;50.01;50.01;50.01;5243;1000;0.0;0;1.0000;0;0
600;2014-03-02 12:10:00;172602N232;1034;2.427;28;225;225;227;222;1.572;50.02;434.2;1.180;426.6;1.213;0.0;0.000;60;0;0;1.527;1.622;1.568;333;360;340;50.02;50.02;50.02;5243;1000;0.0;0;1.0000;0;0
600;2014-03-02 12:20:00;172602N232;1167;2.621;28;225;225;227;222;1.758;50.00;434.0;1.327;429.5;1.361;0.0;0.000;60;0;0;1.714;1.813;1.749;378;404;382;50.00;50.00;50.00;5243;1000;0.0;0;1.0000;0;0
600;2014-03-02 12:30:00;172602N232;966;2.782;28;226;226;227;225;1.583;50.02;431.9;1.102;423.8;1.137;0.0;0.000;60;0;0;1.579;1.599;1.572;313;331;320;50.02;50.02;50.02;5243;1000;0.0;0;1.0000;0;0
600;2014-03-02 12:40:00;172602N232;442;2.856;28;225;225;226;225;1.041;50.02;422.9;0.503;417.7;0.519;0.0;0.000;60;0;0;1.036;1.075;1.012;135;159;146;50.02;50.02;50.02;5243;1000;0.0;0;1.0000;0;0
600;2014-03-02 12:50:00;172602N232;509;2.941;28;224;224;225;224;1.037;49.99;428.1;0.574;422.8;0.594;0.0;0.000;60;0;0;1.032;1.066;1.013;160;180;167;49.99;49.99;49.99;5243;1000;0.0;0;1.0000;0;0
600;2014-03-02 13:00:00;172602N232;395;3.007;28;223;223;223;222;0.999;50.02;422.9;0.447;418.9;0.460;0.0;0.000;60;0;0;1.070;1.031;0.896;117;149;127;50.02;50.02;50.02;5243;1000;0.0;0;1.0000;0;0
600;2014-03-02 13:10:00;172602N232;287;3.056;28;223;223;223;223;1.040;50.04;416.1;0.324;413.6;0.333;0.0;0.000;60;0;0;1.108;1.097;0.917;75;117;92;50.04;50.04;50.04;5243;1000;0.0;0;1.0000;0;0
600;2014-03-02 13:20:00;172602N232;210;3.090;28;223;222;224;222;0.983;50.03;409.9;0.234;407.2;0.242;0.0;0.000;60;0;0;1.019;1.161;0.770;45;89;74;50.03;50.03;50.03;5243;1000;0.0;0;1.0000;0;0
600;2014-03-02 13:30:00;172602N232;359;3.150;27;222;222;223;222;1.073;50.03;425.5;0.400;418.1;0.414;0.0;0.000;60;0;0;1.108;1.166;0.945;104;133;120;50.03;50.03;50.03;5243;1000;0.0;0;1.0000;0;0
600;2014-03-02 13:40:00;172602N232;533;3.240;27;223;222;224;223;1.003;50.03;433.5;0.597;426.0;0.618;0.0;0.000;60;0;0;0.967;1.043;0.999;166;188;177;50.03;50.03;50.03;5243;1000;0.0;0;1.0000;0;0
600;2014-03-02 13:50:00;172602N232;646;3.347;27;223;223;225;222;1.298;49.98;429.3;0.724;422.6;0.747;0.0;0.000;60;0;0;1.284;1.389;1.223;205;225;214;49.98;49.98;49.98;5243;1000;0.0;0;1.0000;0;0
600;2014-03-02 14:00:00;172602N232;711;3.467;27;223;223;225;222;1.126;49.99;434.3;0.802;426.2;0.829;0.0;0.000;60;0;0;1.084;1.164;1.132;224;247;238;49.99;49.99;49.99;5243;1000;0.0;0;1.0000;0;0
600;2014-03-02 14:10:00;172602N232;1814;3.769;28;225;223;227;224;2.728;50.00;438.2;2.109;436.3;2.041;0.0;0.000;60;0;0;2.662;2.786;2.736;582;624;605;50.00;50.00;50.00;5243;1000;0.0;0;1.0000;0;0
600;2014-03-02 14:20:00;172602N232;2988;4.267;28;225;224;228;224;4.432;50.00;423.7;3.680;433.9;3.349;0.0;0.000;60;0;0;4.333;4.535;4.429;964;1032;990;50.00;50.00;50.00;5243;1000;0.0;0;1.0000;0;0
600;2014-03-02 14:30:00;172602N232;911;4.419;28;224;223;226;224;1.394;50.01;425.2;1.065;417.5;1.082;0.0;0.000;60;0;0;1.335;1.434;1.413;288;315;307;50.01;50.01;50.01;5243;1000;0.0;0;1.0000;0;0
600;2014-03-02 14:40:00;172602N232;656;4.528;29;223;223;225;223;1.117;50.00;428.4;0.749;422.3;0.774;0.0;0.000;60;0;0;1.137;1.109;1.107;211;223;220;50.00;50.00;50.00;5243;1000;0.0;0;1.0000;0;0
600;2014-03-02 14:50:00;172602N232;620;4.632;29;223;223;225;222;0.978;50.00;425.4;0.712;421.7;0.730;0.0;0.000;60;0;0;0.933;1.015;0.986;194;216;207;50.00;50.00;50.00;5243;1000;0.0;0;1.0000;0;0
600;2014-03-02 15:00:00;172602N232;1199;4.832;29;225;225;226;223;1.820;49.99;435.4;1.363;433.4;1.381;0.0;0.000;60;0;0;1.787;1.857;1.818;389;412;396;49.99;49.99;49.99;5243;1000;0.0;0;1.0000;0;0
600;2014-03-02 15:10:00;172602N232;852;4.974;29;225;225;227;223;1.330;50.00;425.6;0.973;422.7;1.000;0.0;0.000;60;0;0;1.283;1.381;1.328;271;298;281;50.00;50.00;50.00;5243;1000;0.0;0;1.0000;0;0
600;2014-03-02 15:20:00;172602N232;250;5.017;29;225;224;226;224;0.939;49.99;407.5;0.283;405.2;0.293;0.0;0.000;60;0;0;0.897;1.161;0.760;68;89;91;49.99;49.99;49.99;5243;1000;0.0;0;1.0000;0;0
600;2014-03-02 15:30:00;172602N232;196;5.049;29;224;225;225;223;0.981;49.99;407.0;0.220;403.4;0.227;0.0;0.000;60;0;0;1.132;1.016;0.797;38;78;79;49.99;49.99;49.99;5243;1000;0.0;0;1.0000;0;0
600;2014-03-02 15:40:00;172602N232;234;5.087;29;223;223;224;224;1.004;49.99;412.9;0.262;407.8;0.271;0.0;0.000;60;0;0;0.980;1.145;0.887;60;98;75;49.99;49.99;49.99;5243;1000;0.0;0;1.0000;0;0
600;2014-03-02 15:50:00;172602N232;421;5.159;29;225;224;226;225;0.928;50.00;426.8;0.474;421.1;0.489;0.0;0.000;60;0;0;0.893;1.011;0.881;129;151;139;50.00;50.00;50.00;5243;1000;0.0;0;1.0000;0;0
600;2014-03-02 16:00:00;172602N232;167;5.187;29;225;226;226;223;0.940;50.01;407.7;0.184;403.2;0.190;0.0;0.000;60;0;0;1.102;0.944;0.775;18;67;81;50.01;50.01;50.01;5243;1000;0.0;0;1.0000;0;0
600;2014-03-02 16:10:00;172602N232;214;5.222;28;224;225;225;222;1.032;50.00;406.5;0.242;408.4;0.248;0.0;0.000;60;0;0;1.295;1.000;0.801;33;96;85;50.00;50.00;50.00;5243;1000;0.0;0;1.0000;0;0
600;2014-03-02 16:20:00;172602N232;272;5.268;28;224;223;227;223;1.116;49.99;420.6;0.302;414.7;0.313;0.0;0.000;60;0;0;1.093;1.301;0.956;84;81;105;49.99;49.99;49.99;5243;1000;0.0;0;1.0000;0;0
600;2014-03-02 16:30:00;172602N232;137;5.291;28;223;222;224;223;0.897;49.99;399.6;0.149;398.6;0.153;0.0;0.000;60;0;0;0.790;1.131;0.772;39;34;62;49.99;49.99;49.99;5243;1000;0.0;0;1.0000;0;0
600;2014-03-02 16:40:00;172602N232;92;5.307;28;223;222;225;224;0.833;49.99;386.6;0.098;389.9;0.101;0.0;0.000;60;0;0;0.774;0.926;0.800;32;23;36;49.99;49.99;49.99;5243;1000;0.0;0;1.0000;0;0
600;2014-03-02 16:50:00;172602N232;40;5.314;27;224;222;227;223;0.614;50.03;339.0;0.035;356.2;0.038;0.0;0.000;60;0;0;0.474;0.952;0.417;25;0;32;50.03;50.03;50.03;5243;1000;0.0;0;1.0000;0;0
600;2014-03-02 17:00:00;172602N232;115;5.333;27;223;222;224;222;0.900;50.01;393.9;0.125;399.5;0.128;0.0;0.000;60;0;0;0.833;1.127;0.741;32;18;64;50.01;50.01;50.01;5243;1000;0.0;0;1.0000;0;0
600;2014-03-02 17:10:00;172602N232;55;5.343;27;222;222;224;220;0.627;49.97;345.4;0.053;355.7;0.056;0.0;0.000;60;0;0;0.677;0.730;0.476;10;12;37;49.97;49.97;49.97;5243;1000;0.0;0;1.0000;0;0
600;2014-03-02 17:20:00;172602N232;30;5.347;27;220;220;220;220;0.470;49.98;324.3;0.023;332.6;0.026;0.0;0.000;60;0;0;0.502;0.493;0.415;6;16;14;49.98;49.98;49.98;5243;1000;0.0;0;1.0000;0;0
600;2014-03-02 17:30:00;172602N232;9;5.349;26;219;219;219;219;0.216;49.99;272.3;0.005;274.5;0.007;0.0;0.000;60;0;0;0.210;0.248;0.192;3;3;8;49.99;49.99;49.99;5243;1000;0.0;0;1.0000;0;0
600;2014-03-02 17:40:00;172602N232;0;5.349;25;219;220;221;216;0.001;49.98;250.5;0.000;251.3;0.000;0.0;0.000;50;0;0;0.003;0.000;0.000;0;0;0;49.98;49.98;49.98;5243;1000;0.0;0;1.0000;0;0
600;2014-03-02 17:50:00;172602N232;0;5.349;24;217;217;219;214;0.000;50.05;229.0;0.000;230.0;0.000;0.0;0.000;50;0;0;0.000;0.000;0.000;0;0;0;50.05;50.05;50.05;5243;1000;0.0;0;1.0000;0;0
600;2014-03-02 18:00:00;172602N232;0;5.349;24;220;220;224;217;0.000;50.00;228.2;0.000;229.2;0.000;0.0;0.000;50;0;0;0.000;0.000;0.000;0;0;0;50.00;50.00;50.00;5243;1000;0.0;0;1.0000;0;0
[wr_ende]
