20170207;230001;172602N232;My Plant;+0100
[wr_def_start]
172602N232;Inverter Type;Inverter Group;72602N232      
[wr_def_end]
[wr]
INTERVAL;TIMESTAMP;SERIAL;P_AC;E_DAY;T_WR;U_AC;U_AC_1;U_AC_2;U_AC_3;I_AC;F_AC;U_DC_1;I_DC_1;U_DC_2;I_DC_2;U_DC_3;I_DC_3;S;E_WR;M_WR;I_AC_1;I_AC_2;I_AC_3;P_AC_1;P_AC_2;P_AC_3;F_AC_1;F_AC_2;F_AC_3;R_DC;PC;PCS;PCS_LL;COS_PHI;COS_PHI_LL;S_COS_PHI
600;2017-02-07 07:10:00;172602N232;0;0.000;0;2;2;2;2;0.000;0.51;2.2;0.000;2.2;0.000;0.0;0.000;50;0;0;0.000;0.000;0.000;0;0;0;0.51;0.51;0.51;48;1000;0.0;0;1.0000;0;0
600;2017-02-07 07:20:00;172602N232;0;0.000;11;222;223;224;219;0.000;50.04;226.9;0.000;227.8;0.000;0.0;0.000;50;0;0;0.000;0.000;0.000;0;0;0;50.04;50.04;50.04;0;1000;0.0;0;1.0000;0;0
600;2017-02-07 07:30:00;172602N232;0;0.000;13;222;224;224;219;0.000;50.03;228.1;0.000;229.0;0.000;0.0;0.000;50;0;0;0.000;0.000;0.000;0;0;0;50.03;50.03;50.03;0;1000;0.0;0;1.0000;0;0
600;2017-02-07 07:40:00;172602N232;0;0.000;14;223;223;225;220;0.000;49.98;229.5;0.000;230.4;0.000;0.0;0.000;50;0;0;0.000;0.000;0.000;0;0;0;49.98;49.98;49.98;0;1000;0.0;0;1.0000;0;0
600;2017-02-07 07:50:00;172602N232;0;0.000;14;223;223;225;219;0.000;49.99;235.6;0.000;236.5;0.000;0.0;0.000;50;0;0;0.000;0.000;0.000;0;0;0;49.99;49.99;49.99;0;1000;0.0;0;1.0000;0;0
600;2017-02-07 08:00:00;172602N232;0;0.000;15;224;225;227;220;0.001;50.01;273.4;0.000;273.1;0.000;0.0;0.000;60;0;0;0.002;0.001;0.001;0;0;0;50.01;50.01;50.01;4213;1000;0.0;0;1.0000;0;0
600;2017-02-07 08:10:00;172602N232;0;0.000;15;224;224;224;223;0.040;50.00;273.6;0.000;273.0;0.000;0.0;0.000;60;0;0;0.064;0.033;0.024;0;1;0;50.00;50.00;50.00;9324;1000;0.0;0;1.0000;0;0
600;2017-02-07 08:20:00;172602N232;1;0.000;15;225;225;225;225;0.076;50.00;252.6;0.000;252.6;0.000;0.0;0.000;60;0;0;0.106;0.071;0.052;0;2;2;50.00;50.00;50.00;6569;1000;0.0;0;1.0000;0;0
600;2017-02-07 08:30:00;172602N232;0;0.000;15;225;224;226;224;0.010;50.00;289.3;0.000;288.2;0.000;0.0;0.000;51;0;0;0.010;0.015;0.006;0;0;0;50.00;50.00;50.00;7004;1000;0.0;0;1.0000;0;0
600;2017-02-07 08:40:00;172602N232;0;0.000;16;224;224;226;224;0.001;50.00;288.9;0.000;287.4;0.000;0.0;0.000;60;0;0;0.002;0.001;0.001;0;0;0;50.00;50.00;50.00;8232;1000;0.0;0;1.0000;0;0
600;2017-02-07 08:50:00;172602N232;0;0.000;16;224;224;225;224;0.038;49.99;271.7;0.000;271.5;0.000;0.0;0.000;60;0;0;0.039;0.054;0.021;0;0;0;49.99;49.99;49.99;8846;1000;0.0;0;1.0000;0;0
600;2017-02-07 09:00:00;172602N232;8;0.002;16;224;224;225;224;0.228;50.01;271.2;0.002;272.9;0.003;0.0;0.000;60;0;0;0.250;0.271;0.164;2;1;8;50.01;50.01;50.01;6880;1000;0.0;0;1.0000;0;0
600;2017-02-07 09:10:00;172602N232;44;0.009;17;224;224;225;224;0.565;50.00;384.7;0.040;354.7;0.037;0.0;0.000;60;0;0;0.544;0.723;0.429;14;5;27;50.00;50.00;50.00;6880;1000;0.0;0;1.0000;0;0
600;2017-02-07 09:20:00;172602N232;15;0.010;17;223;223;224;224;0.294;50.00;305.7;0.010;287.9;0.011;0.0;0.000;60;0;0;0.265;0.377;0.242;6;3;10;50.00;50.00;50.00;6880;1000;0.0;0;1.0000;0;0
600;2017-02-07 09:30:00;172602N232;34;0.017;17;223;223;223;222;0.511;50.01;361.8;0.029;324.3;0.028;0.0;0.000;60;0;0;0.538;0.616;0.379;7;8;26;50.01;50.01;50.01;6880;1000;0.0;0;1.0000;0;0
600;2017-02-07 09:40:00;172602N232;73;0.030;17;223;223;225;222;0.893;50.00;404.1;0.078;407.2;0.064;0.0;0.000;60;0;0;0.775;1.221;0.685;25;1;51;50.00;50.00;50.00;6880;1000;0.0;0;1.0000;0;0
600;2017-02-07 09:50:00;172602N232;43;0.038;18;223;222;224;223;0.619;49.99;381.9;0.040;346.1;0.036;0.0;0.000;60;0;0;0.568;0.827;0.462;23;1;31;49.99;49.99;49.99;6880;1000;0.0;0;1.0000;0;0
600;2017-02-07 10:00:00;172602N232;31;0.042;18;223;223;223;223;0.466;50.01;341.2;0.027;329.7;0.023;0.0;0.000;60;0;0;0.468;0.556;0.374;8;8;17;50.01;50.01;50.01;6880;1000;0.0;0;1.0000;0;0
600;2017-02-07 10:10:00;172602N232;72;0.055;18;223;223;224;223;0.800;50.03;402.9;0.077;406.8;0.061;0.0;0.000;60;0;0;0.833;0.956;0.611;9;18;43;50.03;50.03;50.03;6880;1000;0.0;0;1.0000;0;0
600;2017-02-07 10:20:00;172602N232;75;0.068;18;223;223;224;223;0.895;49.99;403.5;0.082;407.1;0.065;0.0;0.000;60;0;0;0.830;1.149;0.706;17;7;52;49.99;49.99;49.99;6880;1000;0.0;0;1.0000;0;0
600;2017-02-07 10:30:00;172602N232;23;0.072;18;223;222;224;223;0.431;50.00;331.9;0.018;301.3;0.017;0.0;0.000;60;0;0;0.423;0.553;0.319;11;1;18;50.00;50.00;50.00;6880;1000;0.0;0;1.0000;0;0
600;2017-02-07 10:40:00;172602N232;22;0.076;18;222;222;223;223;0.374;50.00;333.8;0.016;304.9;0.014;0.0;0.000;60;0;0;0.367;0.461;0.296;7;2;17;50.00;50.00;50.00;6880;1000;0.0;0;1.0000;0;0
600;2017-02-07 10:50:00;172602N232;18;0.079;18;223;222;223;222;0.365;49.98;314.8;0.012;291.3;0.011;0.0;0.000;60;0;0;0.361;0.457;0.279;7;0;16;49.98;49.98;49.98;6880;1000;0.0;0;1.0000;0;0
600;2017-02-07 11:00:00;172602N232;26;0.084;19;222;222;221;222;0.399;50.00;354.2;0.019;312.2;0.018;0.0;0.000;60;0;0;0.393;0.414;0.392;5;11;14;50.00;50.00;50.00;6880;1000;0.0;0;1.0000;0;0
600;2017-02-07 11:10:00;172602N232;4;0.084;19;222;222;222;222;0.106;50.01;266.1;0.001;260.6;0.001;0.0;0.000;60;0;0;0.130;0.079;0.111;0;3;4;50.01;50.01;50.01;6880;1000;0.0;0;1.0000;0;0
600;2017-02-07 11:20:00;172602N232;2;0.085;19;224;223;225;223;0.108;49.99;272.2;0.000;273.5;0.000;0.0;0.000;60;0;0;0.087;0.159;0.080;1;0;4;49.99;49.99;49.99;6735;1000;0.0;0;1.0000;0;0
600;2017-02-07 11:30:00;172602N232;4;0.085;19;223;222;224;223;0.231;50.01;257.9;0.000;258.3;0.000;0.0;0.000;60;0;0;0.217;0.329;0.148;4;0;7;50.01;50.01;50.01;6705;1000;0.0;0;1.0000;0;0
600;2017-02-07 11:40:00;172602N232;9;0.087;19;224;223;225;223;0.284;50.01;277.4;0.003;272.1;0.002;0.0;0.000;60;0;0;0.258;0.392;0.202;6;0;11;50.01;50.01;50.01;6705;1000;0.0;0;1.0000;0;0
600;2017-02-07 11:50:00;172602N232;30;0.093;19;223;223;225;223;0.483;49.99;357.4;0.024;328.5;0.020;0.0;0.000;60;0;0;0.419;0.664;0.368;13;1;22;49.99;49.99;49.99;6705;1000;0.0;0;1.0000;0;0
600;2017-02-07 12:00:00;172602N232;71;0.105;19;223;223;224;223;0.906;49.99;403.0;0.076;404.6;0.061;0.0;0.000;60;0;0;0.861;1.147;0.711;14;7;49;49.99;49.99;49.99;6705;1000;0.0;0;1.0000;0;0
600;2017-02-07 12:10:00;172602N232;31;0.111;19;223;223;224;222;0.526;50.01;365.1;0.026;331.8;0.023;0.0;0.000;60;0;0;0.551;0.671;0.357;10;3;24;50.01;50.01;50.01;6705;1000;0.0;0;1.0000;0;0
600;2017-02-07 12:20:00;172602N232;34;0.116;19;223;223;225;222;0.581;49.99;374.5;0.030;331.9;0.026;0.0;0.000;60;0;0;0.567;0.790;0.388;16;0;28;49.99;49.99;49.99;6705;1000;0.0;0;1.0000;0;0
600;2017-02-07 12:30:00;172602N232;18;0.120;19;223;223;224;223;0.408;50.00;328.7;0.011;297.2;0.010;0.0;0.000;60;0;0;0.440;0.501;0.283;5;3;18;50.00;50.00;50.00;6705;1000;0.0;0;1.0000;0;0
600;2017-02-07 12:40:00;172602N232;24;0.126;19;224;222;225;223;0.456;50.01;352.2;0.017;312.8;0.016;0.0;0.000;60;0;0;0.412;0.652;0.305;18;0;20;50.01;50.01;50.01;6705;1000;0.0;0;1.0000;0;0
600;2017-02-07 12:50:00;172602N232;22;0.131;19;224;223;224;223;0.454;49.99;347.5;0.015;308.0;0.014;0.0;0.000;60;0;0;0.494;0.563;0.305;10;1;19;49.99;49.99;49.99;6705;1000;0.0;0;1.0000;0;0
600;2017-02-07 13:00:00;172602N232;15;0.135;19;224;223;225;224;0.347;50.01;308.5;0.007;287.3;0.007;0.0;0.000;60;0;0;0.359;0.453;0.230;9;0;13;50.01;50.01;50.01;6705;1000;0.0;0;1.0000;0;0
600;2017-02-07 13:10:00;172602N232;20;0.139;19;224;223;225;223;0.420;50.03;339.7;0.012;305.2;0.011;0.0;0.000;60;0;0;0.419;0.538;0.304;5;2;18;50.03;50.03;50.03;6705;1000;0.0;0;1.0000;0;0
600;2017-02-07 13:20:00;172602N232;15;0.142;19;223;223;224;223;0.357;49.98;305.5;0.008;287.8;0.007;0.0;0.000;60;0;0;0.405;0.410;0.256;4;2;14;49.98;49.98;49.98;6705;1000;0.0;0;1.0000;0;0
600;2017-02-07 13:30:00;172602N232;27;0.147;19;224;223;225;224;0.451;49.99;361.4;0.019;317.8;0.018;0.0;0.000;60;0;0;0.462;0.561;0.332;10;2;22;49.99;49.99;49.99;6705;1000;0.0;0;1.0000;0;0
600;2017-02-07 13:40:00;172602N232;23;0.153;19;223;223;225;222;0.466;50.00;349.2;0.017;311.5;0.016;0.0;0.000;60;0;0;0.498;0.593;0.308;8;0;21;50.00;50.00;50.00;6705;1000;0.0;0;1.0000;0;0
600;2017-02-07 13:50:00;172602N232;18;0.156;19;224;224;225;223;0.367;49.99;324.8;0.011;297.8;0.010;0.0;0.000;60;0;0;0.429;0.409;0.263;4;5;16;49.99;49.99;49.99;6705;1000;0.0;0;1.0000;0;0
600;2017-02-07 14:00:00;172602N232;18;0.158;19;224;224;224;224;0.362;50.01;325.2;0.011;297.8;0.010;0.0;0.000;60;0;0;0.406;0.418;0.264;4;6;15;50.01;50.01;50.01;6705;1000;0.0;0;1.0000;0;0
600;2017-02-07 14:10:00;172602N232;17;0.162;19;224;223;224;224;0.363;50.01;320.5;0.009;297.3;0.008;0.0;0.000;60;0;0;0.323;0.491;0.275;5;3;13;50.01;50.01;50.01;6705;1000;0.0;0;1.0000;0;0
600;2017-02-07 14:20:00;172602N232;15;0.164;19;224;224;225;224;0.324;50.00;306.1;0.008;288.3;0.008;0.0;0.000;60;0;0;0.337;0.405;0.230;4;1;15;50.00;50.00;50.00;6705;1000;0.0;0;1.0000;0;0
600;2017-02-07 14:30:00;172602N232;14;0.165;19;224;224;223;224;0.298;50.00;295.0;0.007;286.2;0.006;0.0;0.000;60;0;0;0.356;0.274;0.266;0;12;9;50.00;50.00;50.00;6705;1000;0.0;0;1.0000;0;0
600;2017-02-07 14:40:00;172602N232;6;0.165;19;224;225;225;224;0.193;50.00;262.7;0.001;261.2;0.001;0.0;0.000;60;0;0;0.253;0.167;0.160;0;4;8;50.00;50.00;50.00;6705;1000;0.0;0;1.0000;0;0
600;2017-02-07 14:50:00;172602N232;30;0.168;19;223;227;226;217;0.429;49.99;359.5;0.024;313.9;0.022;0.0;0.000;60;0;0;0.557;0.378;0.352;0;26;28;49.99;49.99;49.99;6705;1000;0.0;0;1.0000;0;0
600;2017-02-07 15:00:00;172602N232;3;0.169;19;223;228;226;216;0.102;50.00;252.7;0.000;256.0;0.000;0.0;0.000;60;0;0;0.141;0.088;0.077;0;5;5;50.00;50.00;50.00;6705;1000;0.0;0;1.0000;0;0
600;2017-02-07 15:10:00;172602N232;0;0.170;19;224;227;227;216;0.044;50.00;271.4;0.000;271.0;0.000;0.0;0.000;60;0;0;0.070;0.033;0.031;0;1;1;50.00;50.00;50.00;6981;1000;0.0;0;1.0000;0;0
600;2017-02-07 15:20:00;172602N232;0;0.169;19;223;226;228;217;0.001;50.01;307.4;0.000;304.4;0.000;0.0;0.000;51;0;0;0.003;0.000;0.000;0;0;0;50.01;50.01;50.01;7215;1000;0.0;0;1.0000;0;0
600;2017-02-07 15:30:00;172602N232;0;0.169;19;223;226;227;217;0.009;49.99;295.7;0.000;292.7;0.000;0.0;0.000;50;0;0;0.028;0.000;0.000;0;0;0;49.99;49.99;50.00;7337;1000;0.0;0;1.0000;0;0
600;2017-02-07 15:40:00;172602N232;0;0.169;18;223;224;228;217;0.000;49.99;245.2;0.000;246.1;0.000;0.0;0.000;50;0;0;0.000;0.000;0.000;0;0;0;49.99;49.99;49.99;7337;1000;0.0;0;1.0000;0;0
600;2017-02-07 15:50:00;172602N232;0;0.169;18;223;224;228;217;0.000;50.00;234.9;0.000;235.9;0.000;0.0;0.000;50;0;0;0.000;0.000;0.000;0;0;0;50.00;50.00;50.00;7337;1000;0.0;0;1.0000;0;0
600;2017-02-07 16:00:00;172602N232;0;0.169;18;222;222;227;217;0.000;49.99;229.3;0.000;230.3;0.000;0.0;0.000;50;0;0;0.000;0.000;0.000;0;0;0;49.99;49.99;49.99;7337;1000;0.0;0;1.0000;0;0
600;2017-02-07 16:10:00;172602N232;0;0.169;18;222;221;227;219;0.000;49.99;227.1;0.000;228.1;0.000;0.0;0.000;50;0;0;0.000;0.000;0.000;0;0;0;49.99;49.99;49.99;7337;1000;0.0;0;1.0000;0;0
600;2017-02-07 16:20:00;172602N232;0;0.169;17;223;222;227;220;0.000;50.03;227.0;0.000;227.9;0.000;0.0;0.000;50;0;0;0.000;0.000;0.000;0;0;0;50.03;50.03;50.03;7337;1000;0.0;0;1.0000;0;0
600;2017-02-07 16:30:00;172602N232;0;0.169;17;223;221;226;222;0.000;50.01;227.9;0.000;228.7;0.000;0.0;0.000;50;0;0;0.000;0.000;0.000;0;0;0;50.01;50.01;50.01;7337;1000;0.0;0;1.0000;0;0
[wr_ende]
