20151122;230001;172602N232;My Plant;+0100
[wr_def_start]
172602N232;Inverter Type;Inverter Group;72602N232      
[wr_def_end]
[wr]
INTERVAL;TIMESTAMP;SERIAL;P_AC;E_DAY;T_WR;U_AC;U_AC_1;U_AC_2;U_AC_3;I_AC;F_AC;U_DC_1;I_DC_1;U_DC_2;I_DC_2;U_DC_3;I_DC_3;S;E_WR;M_WR;I_AC_1;I_AC_2;I_AC_3;P_AC_1;P_AC_2;P_AC_3;F_AC_1;F_AC_2;F_AC_3;R_DC;PC;PCS;PCS_LL;COS_PHI;COS_PHI_LL;S_COS_PHI
600;2015-11-22 07:30:00;172602N232;0;0.000;0;0;0;0;0;0.000;0.11;0.4;0.000;0.4;0.000;0.0;0.000;50;0;0;0.000;0.000;0.000;0;0;0;0.11;0.11;0.11;10;1000;0.0;0;1.0000;0;0
600;2015-11-22 07:40:00;172602N232;0;0.000;13;221;221;223;218;0.000;50.01;228.4;0.000;229.4;0.000;0.0;0.000;50;0;0;0.000;0.000;0.000;0;0;0;50.01;50.01;50.01;0;1000;0.0;0;1.0000;0;0
600;2015-11-22 07:50:00;172602N232;0;0.000;15;221;221;224;218;0.000;50.01;227.3;0.000;228.2;0.000;0.0;0.000;50;0;0;0.000;0.000;0.000;0;0;0;50.01;50.01;50.01;0;1000;0.0;0;1.0000;0;0
600;2015-11-22 08:00:00;172602N232;0;0.000;16;220;220;223;217;0.000;50.00;227.0;0.000;227.9;0.000;0.0;0.000;50;0;0;0.000;0.000;0.000;0;0;0;50.00;50.00;50.00;0;1000;0.0;0;1.0000;0;0
600;2015-11-22 08:10:00;172602N232;0;0.000;16;220;220;224;217;0.000;49.99;226.6;0.000;227.6;0.000;0.0;0.000;50;0;0;0.000;0.000;0.000;0;0;0;49.99;49.99;49.99;0;1000;0.0;0;1.0000;0;0
600;2015-11-22 08:20:00;172602N232;0;0.000;16;221;221;224;217;0.000;50.00;228.3;0.000;229.2;0.000;0.0;0.000;50;0;0;0.000;0.000;0.000;0;0;0;50.00;50.00;50.00;0;1000;0.0;0;1.0000;0;0
600;2015-11-22 08:30:00;172602N232;0;0.000;17;221;221;224;218;0.000;50.01;227.4;0.000;228.3;0.000;0.0;0.000;50;0;0;0.000;0.000;0.000;0;0;0;50.01;50.01;50.01;0;1000;0.0;0;1.0000;0;0
600;2015-11-22 08:40:00;172602N232;0;0.000;17;220;219;223;217;0.000;50.01;227.7;0.000;228.6;0.000;0.0;0.000;50;0;0;0.000;0.000;0.000;0;0;0;50.01;50.01;50.01;0;1000;0.0;0;1.0000;0;0
600;2015-11-22 08:50:00;172602N232;0;0.000;17;220;218;223;218;0.000;50.01;231.5;0.000;232.4;0.000;0.0;0.000;50;0;0;0.000;0.000;0.000;0;0;0;50.01;50.01;50.01;0;1000;0.0;0;1.0000;0;0
600;2015-11-22 09:00:00;172602N232;0;0.000;17;219;219;222;217;0.000;50.01;243.4;0.000;244.3;0.000;0.0;0.000;50;0;0;0.000;0.000;0.000;0;0;0;50.01;50.01;50.01;0;1000;0.0;0;1.0000;0;0
600;2015-11-22 09:10:00;172602N232;0;0.000;17;219;219;222;216;0.000;50.01;257.7;0.000;258.4;0.000;0.0;0.000;50;0;0;0.000;0.000;0.000;0;0;0;50.01;50.01;50.01;0;1000;0.0;0;1.0000;0;0
600;2015-11-22 09:20:00;172602N232;0;0.000;17;220;220;223;216;0.000;50.01;331.4;0.000;332.7;0.000;0.0;0.000;50;0;0;0.000;0.000;0.000;0;0;0;50.01;50.01;50.01;0;1000;0.0;0;1.0000;0;0
600;2015-11-22 09:30:00;172602N232;0;0.000;17;220;220;222;217;0.000;50.03;281.2;0.000;282.0;0.000;0.0;0.000;50;0;0;0.000;0.000;0.000;0;0;0;50.03;50.03;50.03;0;1000;0.0;0;1.0000;0;0
600;2015-11-22 09:40:00;172602N232;0;0.000;17;220;220;223;216;0.000;50.01;245.1;0.000;246.1;0.000;0.0;0.000;50;0;0;0.000;0.000;0.000;0;0;0;50.01;50.01;50.01;0;1000;0.0;0;1.0000;0;0
600;2015-11-22 09:50:00;172602N232;0;0.000;17;220;220;223;216;0.000;50.01;323.1;0.000;325.0;0.000;0.0;0.000;51;0;0;0.000;0.000;0.000;0;0;0;50.01;50.01;50.01;3681;1000;0.0;0;1.0000;0;0
600;2015-11-22 10:00:00;172602N232;0;0.000;17;219;220;224;215;0.000;50.03;255.4;0.000;256.4;0.000;0.0;0.000;51;0;0;0.000;0.000;0.000;0;0;0;50.03;50.03;50.03;6047;1000;0.0;0;1.0000;0;0
600;2015-11-22 10:10:00;172602N232;0;0.000;18;219;220;223;215;0.000;50.03;237.8;0.000;238.7;0.000;0.0;0.000;51;0;0;0.000;0.000;0.000;0;0;0;50.03;50.03;50.03;6047;1000;0.0;0;1.0000;0;0
600;2015-11-22 10:20:00;172602N232;0;0.000;18;219;219;222;215;0.000;50.02;237.5;0.000;238.4;0.000;0.0;0.000;51;0;0;0.000;0.000;0.000;0;0;0;50.02;50.02;50.02;6047;1000;0.0;0;1.0000;0;0
600;2015-11-22 10:30:00;172602N232;0;0.000;18;219;218;221;217;0.000;50.01;236.7;0.000;237.6;0.000;0.0;0.000;51;0;0;0.000;0.000;0.000;0;0;0;50.01;50.01;50.01;6047;1000;0.0;0;1.0000;0;0
600;2015-11-22 10:40:00;172602N232;0;0.000;18;224;224;226;221;0.000;50.00;231.7;0.000;232.7;0.000;0.0;0.000;51;0;0;0.000;0.000;0.000;0;0;0;50.00;50.00;50.00;6047;1000;0.0;0;1.0000;0;0
600;2015-11-22 10:50:00;172602N232;0;0.000;18;223;224;225;221;0.000;49.99;233.9;0.000;234.8;0.000;0.0;0.000;51;0;0;0.000;0.000;0.000;0;0;0;49.99;49.99;49.99;6047;1000;0.0;0;1.0000;0;0
600;2015-11-22 11:00:00;172602N232;0;0.000;18;224;226;226;221;0.000;50.00;233.7;0.000;234.6;0.000;0.0;0.000;51;0;0;0.000;0.000;0.000;0;0;0;50.00;50.00;50.00;6047;1000;0.0;0;1.0000;0;0
600;2015-11-22 11:10:00;172602N232;0;0.000;18;224;226;226;220;0.000;50.01;235.6;0.000;236.5;0.000;0.0;0.000;51;0;0;0.000;0.000;0.000;0;0;0;50.01;50.01;50.01;6047;1000;0.0;0;1.0000;0;0
600;2015-11-22 11:20:00;172602N232;0;0.000;18;224;225;227;221;0.000;50.01;232.2;0.000;233.1;0.000;0.0;0.000;51;0;0;0.000;0.000;0.000;0;0;0;50.01;50.01;50.01;6047;1000;0.0;0;1.0000;0;0
600;2015-11-22 11:30:00;172602N232;0;0.000;18;223;223;227;220;0.000;49.99;227.3;0.000;228.2;0.000;0.0;0.000;51;0;0;0.000;0.000;0.000;0;0;0;49.99;49.99;49.99;6047;1000;0.0;0;1.0000;0;0
600;2015-11-22 11:40:00;172602N232;0;0.000;18;224;224;227;221;0.000;50.00;229.0;0.000;229.9;0.000;0.0;0.000;51;0;0;0.000;0.000;0.000;0;0;0;50.00;50.00;50.00;6047;1000;0.0;0;1.0000;0;0
600;2015-11-22 11:50:00;172602N232;0;0.000;18;224;225;226;222;0.000;50.00;233.3;0.000;234.2;0.000;0.0;0.000;51;0;0;0.000;0.000;0.000;0;0;0;50.00;50.00;50.00;6047;1000;0.0;0;1.0000;0;0
600;2015-11-22 12:00:00;172602N232;0;0.000;18;225;225;227;222;0.000;49.99;234.3;0.000;235.2;0.000;0.0;0.000;51;0;0;0.000;0.000;0.000;0;0;0;49.99;49.99;49.99;6047;1000;0.0;0;1.0000;0;0
600;2015-11-22 12:10:00;172602N232;0;0.000;18;225;225;228;222;0.000;50.02;231.4;0.000;232.3;0.000;0.0;0.000;51;0;0;0.000;0.000;0.000;0;0;0;50.02;50.02;50.02;6047;1000;0.0;0;1.0000;0;0
600;2015-11-22 12:20:00;172602N232;0;0.000;18;225;227;229;219;0.000;50.02;235.6;0.000;236.5;0.000;0.0;0.000;51;0;0;0.000;0.000;0.000;0;0;0;50.02;50.02;50.02;6047;1000;0.0;0;1.0000;0;0
600;2015-11-22 12:30:00;172602N232;0;0.000;18;224;226;228;219;0.000;50.01;245.3;0.000;246.2;0.000;0.0;0.000;51;0;0;0.000;0.000;0.000;0;0;0;50.01;50.01;50.01;6047;1000;0.0;0;1.0000;0;0
600;2015-11-22 12:40:00;172602N232;0;0.000;18;224;226;227;218;0.000;50.02;243.1;0.000;244.0;0.000;0.0;0.000;51;0;0;0.000;0.000;0.000;0;0;0;50.02;50.02;50.02;6047;1000;0.0;0;1.0000;0;0
600;2015-11-22 12:50:00;172602N232;0;0.000;18;224;226;227;219;0.000;50.02;246.1;0.000;246.9;0.000;0.0;0.000;51;0;0;0.000;0.000;0.000;0;0;0;50.02;50.02;50.02;6047;1000;0.0;0;1.0000;0;0
600;2015-11-22 13:00:00;172602N232;0;0.000;18;225;226;228;220;0.000;50.02;258.4;0.000;259.1;0.000;0.0;0.000;51;0;0;0.000;0.000;0.000;0;0;0;50.02;50.02;50.02;6047;1000;0.0;0;1.0000;0;0
600;2015-11-22 13:10:00;172602N232;0;0.000;18;225;226;228;222;0.000;50.03;251.0;0.000;251.8;0.000;0.0;0.000;51;0;0;0.000;0.000;0.000;0;0;0;50.03;50.03;50.03;6047;1000;0.0;0;1.0000;0;0
600;2015-11-22 13:20:00;172602N232;0;0.000;18;226;226;228;223;0.000;50.03;293.0;0.000;290.5;0.000;0.0;0.000;60;0;0;0.002;0.000;0.000;0;0;0;50.03;50.03;50.03;6047;1000;0.0;0;1.0000;0;0
600;2015-11-22 13:30:00;172602N232;0;0.000;18;225;225;227;223;0.001;50.01;299.4;0.000;293.7;0.000;0.0;0.000;51;0;0;0.002;0.001;0.001;0;0;0;50.01;50.01;50.01;6802;1000;0.0;0;1.0000;0;0
600;2015-11-22 13:40:00;172602N232;0;0.000;18;223;224;226;220;0.000;50.00;304.0;0.000;296.6;0.000;0.0;0.000;51;0;0;0.000;0.000;0.000;0;0;0;50.00;50.00;50.01;21902;1000;0.0;0;1.0000;0;0
600;2015-11-22 13:50:00;172602N232;0;0.000;18;222;223;226;219;0.000;50.00;256.2;0.000;256.6;0.000;0.0;0.000;51;0;0;0.000;0.000;0.000;0;0;0;50.00;50.00;50.00;21902;1000;0.0;0;1.0000;0;0
600;2015-11-22 14:00:00;172602N232;0;0.000;18;222;222;226;219;0.000;50.01;347.5;0.000;339.6;0.000;0.0;0.000;51;0;0;0.000;0.000;0.000;0;0;0;50.01;50.01;50.01;21902;1000;0.0;0;1.0000;0;0
600;2015-11-22 14:10:00;172602N232;0;0.000;18;221;221;224;219;0.000;50.00;268.5;0.000;267.1;0.000;0.0;0.000;51;0;0;0.000;0.000;0.000;0;0;0;50.00;50.00;50.00;21902;1000;0.0;0;1.0000;0;0
600;2015-11-22 14:20:00;172602N232;0;0.000;18;222;222;225;219;0.000;50.00;240.9;0.000;241.8;0.000;0.0;0.000;51;0;0;0.000;0.000;0.000;0;0;0;50.00;50.00;50.00;21902;1000;0.0;0;1.0000;0;0
600;2015-11-22 14:30:00;172602N232;0;0.000;18;221;221;225;218;0.000;50.01;235.8;0.000;236.8;0.000;0.0;0.000;51;0;0;0.000;0.000;0.000;0;0;0;50.01;50.01;50.01;21902;1000;0.0;0;1.0000;0;0
600;2015-11-22 14:40:00;172602N232;0;0.000;18;221;220;225;218;0.000;50.00;232.9;0.000;233.8;0.000;0.0;0.000;51;0;0;0.000;0.000;0.000;0;0;0;50.00;50.00;50.00;21902;1000;0.0;0;1.0000;0;0
600;2015-11-22 14:50:00;172602N232;0;0.000;18;221;221;225;218;0.000;50.01;226.7;0.000;227.6;0.000;0.0;0.000;51;0;0;0.000;0.000;0.000;0;0;0;50.01;50.01;50.01;21902;1000;0.0;0;1.0000;0;0
600;2015-11-22 15:00:00;172602N232;0;0.000;18;222;222;225;218;0.000;50.00;231.8;0.000;232.7;0.000;0.0;0.000;51;0;0;0.000;0.000;0.000;0;0;0;50.00;50.00;50.00;21902;1000;0.0;0;1.0000;0;0
600;2015-11-22 15:10:00;172602N232;0;0.000;18;221;222;224;218;0.000;50.01;227.9;0.000;228.9;0.000;0.0;0.000;51;0;0;0.000;0.000;0.000;0;0;0;50.01;50.01;50.01;21902;1000;0.0;0;1.0000;0;0
600;2015-11-22 15:20:00;172602N232;0;0.000;18;220;221;222;217;0.000;49.99;226.9;0.000;227.8;0.000;0.0;0.000;51;0;0;0.000;0.000;0.000;0;0;0;49.99;49.99;49.99;21902;1000;0.0;0;1.0000;0;0
[wr_ende]
