20160302;230002;172602N232;My Plant;+0100
[wr_def_start]
172602N232;Inverter Type;Inverter Group;72602N232      
[wr_def_end]
[wr]
INTERVAL;TIMESTAMP;SERIAL;P_AC;E_DAY;T_WR;U_AC;U_AC_1;U_AC_2;U_AC_3;I_AC;F_AC;U_DC_1;I_DC_1;U_DC_2;I_DC_2;U_DC_3;I_DC_3;S;E_WR;M_WR;I_AC_1;I_AC_2;I_AC_3;P_AC_1;P_AC_2;P_AC_3;F_AC_1;F_AC_2;F_AC_3;R_DC;PC;PCS;PCS_LL;COS_PHI;COS_PHI_LL;S_COS_PHI
600;2016-03-02 06:30:00;172602N232;0;0.000;0;4;4;4;4;0.000;0.97;4.3;0.000;4.3;0.000;0.0;0.000;50;0;0;0.000;0.000;0.000;0;0;0;0.97;0.97;0.97;82;1000;0.0;0;1.0000;0;0
600;2016-03-02 06:40:00;172602N232;0;0.000;13;219;219;221;216;0.000;49.98;228.8;0.000;229.7;0.000;0.0;0.000;50;0;0;0.000;0.000;0.000;0;0;0;49.98;49.98;49.98;0;1000;0.0;0;1.0000;0;0
600;2016-03-02 06:50:00;172602N232;0;0.000;14;223;223;225;219;0.000;49.98;235.9;0.000;236.7;0.000;0.0;0.000;50;0;0;0.000;0.000;0.000;0;0;0;49.98;49.98;49.98;0;1000;0.0;0;1.0000;0;0
600;2016-03-02 07:00:00;172602N232;0;0.000;15;222;221;224;220;0.024;49.99;293.9;0.000;288.9;0.000;0.0;0.000;60;0;0;0.023;0.031;0.018;0;0;0;49.99;49.99;49.99;2673;1000;0.0;0;1.0000;0;0
600;2016-03-02 07:10:00;172602N232;8;0.001;15;222;222;224;222;0.266;49.99;290.9;0.016;251.4;0.000;0.0;0.000;60;0;0;0.287;0.316;0.195;3;3;9;49.99;49.99;49.99;4675;1000;0.0;0;1.0000;0;0
600;2016-03-02 07:20:00;172602N232;26;0.006;16;222;222;224;221;0.460;50.00;338.1;0.048;252.3;0.004;0.0;0.000;60;0;0;0.481;0.547;0.352;10;2;22;50.00;50.00;50.00;4675;1000;0.0;0;1.0000;0;0
600;2016-03-02 07:30:00;172602N232;34;0.011;16;222;222;223;220;0.484;50.03;363.7;0.058;253.0;0.014;0.0;0.000;60;0;0;0.548;0.558;0.347;6;9;23;50.03;50.03;50.03;4675;1000;0.0;0;1.0000;0;0
600;2016-03-02 07:40:00;172602N232;56;0.021;17;222;222;223;222;0.612;49.99;376.6;0.096;262.3;0.043;0.0;0.000;60;0;0;0.672;0.714;0.450;7;17;31;49.99;49.99;49.99;4675;1000;0.0;0;1.0000;0;0
600;2016-03-02 07:50:00;172602N232;80;0.034;17;222;222;223;222;0.803;49.98;395.9;0.130;268.7;0.076;0.0;0.000;60;0;0;0.838;0.923;0.650;13;20;45;49.98;49.98;49.98;4675;1000;0.0;0;1.0000;0;0
600;2016-03-02 08:00:00;172602N232;73;0.046;17;222;222;223;221;0.931;49.98;399.0;0.115;266.5;0.076;0.0;0.000;60;0;0;0.940;1.119;0.736;8;9;54;49.98;49.98;49.98;4675;1000;0.0;0;1.0000;0;0
600;2016-03-02 08:10:00;172602N232;101;0.063;18;223;222;223;222;0.950;49.99;409.1;0.151;268.2;0.118;0.0;0.000;60;0;0;0.970;1.123;0.759;14;24;61;49.99;49.99;49.99;4675;1000;0.0;0;1.0000;0;0
600;2016-03-02 08:20:00;172602N232;119;0.084;18;223;223;224;222;0.958;50.01;413.8;0.171;268.4;0.154;0.0;0.000;60;0;0;0.971;1.130;0.774;21;32;65;50.01;50.01;50.01;4675;1000;0.0;0;1.0000;0;0
600;2016-03-02 08:30:00;172602N232;128;0.105;18;224;223;225;224;0.919;50.00;414.8;0.170;317.1;0.149;0.0;0.000;60;0;0;0.812;1.172;0.775;39;26;61;50.00;50.00;50.00;4675;1000;0.0;0;1.0000;0;0
600;2016-03-02 08:40:00;172602N232;143;0.129;19;224;224;224;223;0.960;50.00;415.7;0.178;345.2;0.166;0.0;0.000;60;0;0;1.040;1.060;0.782;26;52;63;50.00;50.00;50.00;4675;1000;0.0;0;1.0000;0;0
600;2016-03-02 08:50:00;172602N232;156;0.155;19;223;223;222;223;1.080;50.00;415.3;0.181;400.9;0.169;0.0;0.000;60;0;0;1.397;0.989;0.855;16;89;49;50.00;50.00;50.00;4675;1000;0.0;0;1.0000;0;0
600;2016-03-02 09:00:00;172602N232;141;0.178;19;223;223;224;223;0.907;50.00;410.1;0.154;407.2;0.154;0.0;0.000;60;0;0;0.809;1.180;0.732;33;48;58;50.00;50.00;50.00;4675;1000;0.0;0;1.0000;0;0
600;2016-03-02 09:10:00;172602N232;132;0.200;20;223;222;224;222;0.920;50.01;407.6;0.143;403.4;0.146;0.0;0.000;60;0;0;0.850;1.166;0.746;27;35;68;50.01;50.01;50.01;4675;1000;0.0;0;1.0000;0;0
600;2016-03-02 09:20:00;172602N232;194;0.233;20;223;222;223;223;0.971;50.01;418.1;0.214;413.1;0.216;0.0;0.000;60;0;0;0.962;1.236;0.715;39;86;67;50.01;50.01;50.01;4675;1000;0.0;0;1.0000;0;0
600;2016-03-02 09:30:00;172602N232;302;0.284;20;223;221;225;222;1.145;49.98;429.4;0.336;421.2;0.342;0.0;0.000;60;0;0;1.148;1.357;0.932;99;95;106;49.98;49.98;49.98;4675;1000;0.0;0;1.0000;0;0
600;2016-03-02 09:40:00;172602N232;369;0.345;21;223;222;224;223;1.119;49.99;431.7;0.413;423.6;0.420;0.0;0.000;60;0;0;1.094;1.223;1.041;114;126;126;49.99;49.99;49.99;4675;1000;0.0;0;1.0000;0;0
600;2016-03-02 09:50:00;172602N232;386;0.410;21;223;223;224;223;0.959;50.01;433.2;0.432;423.7;0.440;0.0;0.000;60;0;0;0.979;1.010;0.890;120;141;123;50.01;50.01;50.01;4675;1000;0.0;0;1.0000;0;0
600;2016-03-02 10:00:00;172602N232;454;0.486;21;223;223;224;221;0.807;50.01;436.0;0.511;425.6;0.520;0.0;0.000;60;0;0;0.759;0.853;0.809;139;161;152;50.01;50.01;50.01;4675;1000;0.0;0;1.0000;0;0
600;2016-03-02 10:10:00;172602N232;397;0.552;22;223;223;225;221;1.095;50.01;433.7;0.444;423.9;0.453;0.0;0.000;60;0;0;1.053;1.200;1.034;111;134;150;50.01;50.01;50.01;4675;1000;0.0;0;1.0000;0;0
600;2016-03-02 10:20:00;172602N232;327;0.606;22;223;223;224;221;1.151;50.02;427.4;0.368;420.2;0.373;0.0;0.000;60;0;0;1.252;1.180;1.022;95;113;117;50.02;50.02;50.02;4675;1000;0.0;0;1.0000;0;0
600;2016-03-02 10:30:00;172602N232;355;0.666;22;222;223;224;220;1.147;50.00;428.9;0.400;421.8;0.406;0.0;0.000;60;0;0;1.236;1.162;1.045;101;127;125;50.00;50.00;50.00;4675;1000;0.0;0;1.0000;0;0
600;2016-03-02 10:40:00;172602N232;472;0.745;22;223;224;224;221;0.944;49.99;437.5;0.528;425.6;0.541;0.0;0.000;60;0;0;1.091;0.975;0.768;153;176;141;49.99;49.99;49.99;4675;1000;0.0;0;1.0000;0;0
600;2016-03-02 10:50:00;172602N232;490;0.826;23;223;223;225;220;0.875;50.01;430.3;0.559;425.4;0.564;0.0;0.000;60;0;0;0.953;0.910;0.764;155;179;154;50.01;50.01;50.01;4675;1000;0.0;0;1.0000;0;0
600;2016-03-02 11:00:00;172602N232;483;0.908;23;223;222;225;220;0.827;49.99;429.9;0.551;424.5;0.557;0.0;0.000;60;0;0;0.784;0.875;0.822;149;172;159;49.99;49.99;49.99;4675;1000;0.0;0;1.0000;0;0
600;2016-03-02 11:10:00;172602N232;422;0.978;23;222;223;223;220;0.995;49.99;424.1;0.483;422.4;0.489;0.0;0.000;60;0;0;0.992;1.044;0.949;122;154;144;49.99;49.99;49.99;4675;1000;0.0;0;1.0000;0;0
600;2016-03-02 11:20:00;172602N232;464;1.055;23;223;223;225;222;1.034;50.01;431.9;0.525;423.6;0.535;0.0;0.000;60;0;0;1.040;1.093;0.970;144;167;151;50.01;50.01;50.01;4675;1000;0.0;0;1.0000;0;0
600;2016-03-02 11:30:00;172602N232;484;1.136;24;224;225;226;222;0.851;50.00;420.2;0.566;424.7;0.560;0.0;0.000;60;0;0;0.815;0.896;0.843;150;173;159;50.00;50.00;50.00;4675;1000;0.0;0;1.0000;0;0
600;2016-03-02 11:40:00;172602N232;587;1.235;24;225;225;227;222;1.137;50.01;437.8;0.661;426.6;0.676;0.0;0.000;60;0;0;1.290;1.078;1.043;198;197;189;50.01;50.01;50.01;4675;1000;0.0;0;1.0000;0;0
600;2016-03-02 11:50:00;172602N232;548;1.326;24;224;224;227;222;1.083;50.02;425.9;0.633;425.8;0.632;0.0;0.000;60;0;0;1.074;1.089;1.088;176;190;180;50.02;50.02;50.02;4675;1000;0.0;0;1.0000;0;0
600;2016-03-02 12:00:00;172602N232;560;1.419;24;224;224;226;221;0.879;50.01;432.5;0.637;426.1;0.646;0.0;0.000;60;0;0;0.828;0.928;0.883;174;198;185;50.01;50.01;50.01;4675;1000;0.0;0;1.0000;0;0
600;2016-03-02 12:10:00;172602N232;649;1.528;24;224;225;227;221;1.009;50.02;441.6;0.726;428.5;0.746;0.0;0.000;60;0;0;0.961;1.062;1.004;204;229;213;50.02;50.02;50.02;4675;1000;0.0;0;1.0000;0;0
600;2016-03-02 12:20:00;172602N232;666;1.639;25;224;225;227;220;1.098;50.01;428.9;0.771;428.3;0.767;0.0;0.000;60;0;0;1.162;1.094;1.040;217;231;216;50.01;50.01;50.01;4675;1000;0.0;0;1.0000;0;0
600;2016-03-02 12:30:00;172602N232;784;1.769;25;223;225;226;220;1.211;49.98;425.5;0.919;427.2;0.908;0.0;0.000;60;0;0;1.173;1.264;1.198;252;275;255;49.98;49.98;49.98;4675;1000;0.0;0;1.0000;0;0
600;2016-03-02 12:40:00;172602N232;705;1.887;25;224;225;226;221;1.091;49.99;424.3;0.826;426.3;0.817;0.0;0.000;60;0;0;1.052;1.138;1.085;225;247;231;49.99;49.99;49.99;4675;1000;0.0;0;1.0000;0;0
600;2016-03-02 12:50:00;172602N232;544;1.978;25;224;225;226;221;0.926;49.99;423.0;0.635;424.0;0.630;0.0;0.000;60;0;0;0.970;0.913;0.895;177;186;180;49.99;49.99;49.99;4675;1000;0.0;0;1.0000;0;0
600;2016-03-02 13:00:00;172602N232;713;2.097;25;224;224;227;222;1.148;49.97;428.1;0.826;426.3;0.827;0.0;0.000;60;0;0;1.171;1.152;1.121;232;245;234;49.97;49.97;49.97;4675;1000;0.0;0;1.0000;0;0
600;2016-03-02 13:10:00;172602N232;759;2.224;26;224;223;227;222;1.188;49.97;430.3;0.877;426.7;0.881;0.0;0.000;60;0;0;1.134;1.247;1.183;239;268;250;49.97;49.97;49.97;4675;1000;0.0;0;1.0000;0;0
600;2016-03-02 13:20:00;172602N232;815;2.361;26;224;224;227;221;1.267;50.02;434.2;0.934;428.1;0.943;0.0;0.000;60;0;0;1.218;1.328;1.255;259;288;266;50.02;50.02;50.02;4675;1000;0.0;0;1.0000;0;0
600;2016-03-02 13:30:00;172602N232;773;2.489;26;224;224;228;221;1.191;50.01;438.8;0.874;429.5;0.891;0.0;0.000;60;0;0;1.139;1.250;1.184;244;274;252;50.01;50.01;50.01;4675;1000;0.0;0;1.0000;0;0
600;2016-03-02 13:40:00;172602N232;803;2.623;26;224;224;228;221;1.234;50.01;427.3;0.934;430.1;0.926;0.0;0.000;60;0;0;1.183;1.290;1.230;254;284;263;50.01;50.01;50.01;4675;1000;0.0;0;1.0000;0;0
600;2016-03-02 13:50:00;172602N232;793;2.755;26;224;224;228;221;1.220;50.02;435.9;0.904;430.1;0.914;0.0;0.000;60;0;0;1.165;1.277;1.219;250;281;260;50.02;50.02;50.02;4675;1000;0.0;0;1.0000;0;0
600;2016-03-02 14:00:00;172602N232;518;2.842;26;224;224;228;221;0.817;49.99;432.7;0.587;422.5;0.601;0.0;0.000;60;0;0;0.766;0.869;0.818;160;186;171;49.99;49.99;49.99;4675;1000;0.0;0;1.0000;0;0
600;2016-03-02 14:10:00;172602N232;321;2.896;26;225;225;227;222;1.139;50.00;422.8;0.364;416.2;0.370;0.0;0.000;60;0;0;1.236;1.245;0.937;79;116;123;50.00;50.00;50.00;4675;1000;0.0;0;1.0000;0;0
600;2016-03-02 14:20:00;172602N232;385;2.959;26;226;227;229;223;1.189;50.01;422.1;0.442;419.5;0.445;0.0;0.000;60;0;0;1.253;1.247;1.068;103;140;140;50.01;50.01;50.01;4675;1000;0.0;0;1.0000;0;0
600;2016-03-02 14:30:00;172602N232;585;3.057;26;227;228;229;224;1.203;50.00;426.5;0.676;425.6;0.677;0.0;0.000;60;0;0;1.287;1.190;1.132;196;199;188;50.00;50.00;50.00;4675;1000;0.0;0;1.0000;0;0
600;2016-03-02 14:40:00;172602N232;628;3.162;26;227;227;227;227;1.159;49.97;432.4;0.719;425.0;0.727;0.0;0.000;60;0;0;1.182;1.163;1.134;201;216;209;49.97;49.97;49.97;4675;1000;0.0;0;1.0000;0;0
600;2016-03-02 14:50:00;172602N232;675;3.275;26;224;224;226;224;1.051;49.98;433.8;0.772;426.6;0.779;0.0;0.000;60;0;0;0.999;1.090;1.064;211;235;227;49.98;49.98;49.98;4675;1000;0.0;0;1.0000;0;0
600;2016-03-02 15:00:00;172602N232;565;3.370;26;224;224;225;224;0.903;49.99;437.0;0.637;424.5;0.653;0.0;0.000;60;0;0;0.857;0.940;0.914;176;197;190;49.99;49.99;49.99;4675;1000;0.0;0;1.0000;0;0
600;2016-03-02 15:10:00;172602N232;404;3.436;26;224;223;225;224;0.903;49.98;429.8;0.456;421.5;0.466;0.0;0.000;60;0;0;0.851;0.971;0.887;117;139;147;49.98;49.98;49.98;4675;1000;0.0;0;1.0000;0;0
600;2016-03-02 15:20:00;172602N232;544;3.527;26;225;224;226;223;0.961;49.99;422.1;0.634;425.1;0.630;0.0;0.000;60;0;0;0.907;1.017;0.961;165;190;186;49.99;49.99;49.99;4675;1000;0.0;0;1.0000;0;0
600;2016-03-02 15:30:00;172602N232;476;3.607;26;224;224;225;222;0.789;50.01;422.5;0.552;423.2;0.551;0.0;0.000;60;0;0;0.782;0.823;0.763;147;170;157;50.01;50.01;50.01;4675;1000;0.0;0;1.0000;0;0
600;2016-03-02 15:40:00;172602N232;339;3.664;26;224;224;225;223;0.956;50.00;428.9;0.380;420.2;0.388;0.0;0.000;60;0;0;0.995;0.939;0.935;97;121;118;50.00;50.00;50.00;4675;1000;0.0;0;1.0000;0;0
600;2016-03-02 15:50:00;172602N232;157;3.689;26;223;223;225;221;0.952;49.98;408.7;0.173;407.5;0.174;0.0;0.000;60;0;0;0.944;1.155;0.757;32;44;80;49.98;49.98;49.98;4675;1000;0.0;0;1.0000;0;0
600;2016-03-02 16:00:00;172602N232;93;3.705;26;223;224;225;220;0.912;49.98;392.6;0.099;396.7;0.100;0.0;0.000;60;0;0;1.102;0.907;0.729;4;32;61;49.98;49.98;49.98;4675;1000;0.0;0;1.0000;0;0
600;2016-03-02 16:10:00;172602N232;51;3.714;26;223;224;225;220;0.703;49.97;364.9;0.049;377.8;0.051;0.0;0.000;60;0;0;0.843;0.742;0.525;1;19;39;49.97;49.97;49.97;4675;1000;0.0;0;1.0000;0;0
600;2016-03-02 16:20:00;172602N232;21;3.718;25;222;223;224;221;0.410;49.98;303.7;0.012;331.6;0.015;0.0;0.000;60;0;0;0.554;0.420;0.256;7;7;17;49.98;49.98;49.98;4675;1000;0.0;0;1.0000;0;0
600;2016-03-02 16:30:00;172602N232;14;3.721;25;222;222;222;222;0.313;50.02;282.8;0.005;303.3;0.009;0.0;0.000;60;0;0;0.373;0.336;0.232;3;10;10;50.02;50.02;50.02;4675;1000;0.0;0;1.0000;0;0
600;2016-03-02 16:40:00;172602N232;3;3.722;24;221;222;218;222;0.147;49.99;254.9;0.000;254.0;0.000;0.0;0.000;60;0;0;0.167;0.161;0.113;0;9;1;49.99;49.99;49.99;4675;1000;0.0;0;1.0000;0;0
600;2016-03-02 16:50:00;172602N232;13;3.724;24;220;221;217;221;0.317;49.97;288.3;0.004;274.3;0.009;0.0;0.000;60;0;0;0.329;0.272;0.350;3;18;3;49.97;49.97;49.97;4675;1000;0.0;0;1.0000;0;0
600;2016-03-02 17:00:00;172602N232;5;3.725;24;220;221;219;221;0.159;49.99;257.3;0.000;256.6;0.002;0.0;0.000;60;0;0;0.204;0.132;0.141;0;6;4;49.99;49.99;49.99;4675;1000;0.0;0;1.0000;0;0
600;2016-03-02 17:10:00;172602N232;0;3.725;23;219;219;222;218;0.000;49.97;265.6;0.000;265.4;0.000;0.0;0.000;50;0;0;0.000;0.000;0.000;0;0;0;49.97;49.97;49.97;4675;1000;0.0;0;1.0000;0;0
600;2016-03-02 17:20:00;172602N232;0;3.725;22;219;218;223;217;0.000;49.98;228.5;0.000;229.4;0.000;0.0;0.000;50;0;0;0.000;0.000;0.000;0;0;0;49.98;49.98;49.98;4675;1000;0.0;0;1.0000;0;0
600;2016-03-02 17:30:00;172602N232;0;3.725;22;220;219;224;218;0.000;50.06;227.3;0.000;228.3;0.000;0.0;0.000;50;0;0;0.000;0.000;0.000;0;0;0;50.06;50.06;50.06;4675;1000;0.0;0;1.0000;0;0
[wr_ende]
