20140904;230000;172602N232;My Plant;+0100
[wr_def_start]
172602N232;Inverter Type;Inverter Group;72602N232      
[wr_def_end]
[wr]
INTERVAL;TIMESTAMP;SERIAL;P_AC;E_DAY;T_WR;U_AC;U_AC_1;U_AC_2;U_AC_3;I_AC;F_AC;U_DC_1;I_DC_1;U_DC_2;I_DC_2;U_DC_3;I_DC_3;S;E_WR;M_WR;I_AC_1;I_AC_2;I_AC_3;P_AC_1;P_AC_2;P_AC_3;F_AC_1;F_AC_2;F_AC_3;R_DC;PC;PCS;PCS_LL;COS_PHI;COS_PHI_LL;S_COS_PHI
600;2014-09-04 05:50:00;172602N232;0;0.000;0;6;6;6;6;0.000;1.45;6.5;0.000;6.5;0.000;0.0;0.000;50;0;0;0.000;0.000;0.000;0;0;0;1.45;1.45;1.45;73;1000;0.0;0;1.0000;0;0
600;2014-09-04 06:00:00;172602N232;0;0.000;29;221;221;224;217;0.000;49.97;229.3;0.000;230.2;0.000;0.0;0.000;50;0;0;0.000;0.000;0.000;0;0;0;49.97;49.97;49.97;0;1000;0.0;0;1.0000;0;0
600;2014-09-04 06:10:00;172602N232;0;0.000;30;221;221;225;218;0.000;49.98;260.8;0.000;261.2;0.000;0.0;0.000;50;0;0;0.000;0.000;0.000;0;0;0;49.98;49.98;49.98;0;1000;0.0;0;1.0000;0;0
600;2014-09-04 06:20:00;172602N232;0;0.000;30;220;220;222;219;0.030;49.98;284.2;0.000;284.0;0.000;0.0;0.000;60;0;0;0.041;0.034;0.016;0;0;0;49.98;49.98;49.98;3906;1000;0.0;0;1.0000;0;0
600;2014-09-04 06:30:00;172602N232;16;0.004;30;220;219;221;218;0.406;49.99;291.1;0.008;312.3;0.011;0.0;0.000;60;0;0;0.386;0.563;0.271;11;0;16;49.99;49.99;49.99;4478;1000;0.0;0;1.0000;0;0
600;2014-09-04 06:40:00;172602N232;49;0.010;31;219;219;218;219;0.611;50.02;359.5;0.045;368.6;0.048;0.0;0.000;60;0;0;0.696;0.527;0.610;8;31;9;50.02;50.02;50.02;4478;1000;0.0;0;1.0000;0;0
600;2014-09-04 06:50:00;172602N232;78;0.024;31;219;219;219;218;0.869;50.03;382.6;0.083;385.0;0.084;0.0;0.000;60;0;0;1.103;0.760;0.746;2;40;38;50.03;50.03;50.03;4478;1000;0.0;0;1.0000;0;0
600;2014-09-04 07:00:00;172602N232;107;0.042;32;220;221;220;220;0.872;50.00;392.4;0.118;392.5;0.119;0.0;0.000;60;0;0;1.057;0.789;0.772;12;52;41;50.00;50.00;50.00;4478;1000;0.0;0;1.0000;0;0
600;2014-09-04 07:10:00;172602N232;157;0.067;32;221;221;222;220;0.916;49.99;401.2;0.178;401.7;0.175;0.0;0.000;60;0;0;1.010;1.054;0.685;32;63;60;49.99;49.99;49.99;4478;1000;0.0;0;1.0000;0;0
600;2014-09-04 07:20:00;172602N232;192;0.099;32;220;220;221;220;0.931;49.98;405.1;0.221;406.3;0.216;0.0;0.000;60;0;0;1.075;0.961;0.757;69;60;62;49.98;49.98;49.98;4478;1000;0.0;0;1.0000;0;0
600;2014-09-04 07:30:00;172602N232;272;0.146;33;221;220;221;220;1.078;49.97;412.4;0.319;415.3;0.304;0.0;0.000;60;0;0;1.098;1.199;0.938;81;102;87;49.97;49.97;49.97;4478;1000;0.0;0;1.0000;0;0
600;2014-09-04 07:40:00;172602N232;271;0.191;33;221;221;222;220;1.058;50.00;410.8;0.319;412.5;0.305;0.0;0.000;60;0;0;1.113;1.131;0.931;80;96;93;50.00;50.00;50.00;4478;1000;0.0;0;1.0000;0;0
600;2014-09-04 07:50:00;172602N232;395;0.257;34;221;222;222;221;0.884;50.00;418.2;0.470;422.4;0.441;0.0;0.000;60;0;0;0.873;0.920;0.859;119;142;132;50.00;50.00;50.00;4478;1000;0.0;0;1.0000;0;0
600;2014-09-04 08:00:00;172602N232;460;0.334;34;221;222;221;221;0.722;50.00;419.6;0.556;425.5;0.510;0.0;0.000;60;0;0;0.671;0.755;0.741;141;161;156;50.00;50.00;50.00;4478;1000;0.0;0;1.0000;0;0
600;2014-09-04 08:10:00;172602N232;591;0.432;35;222;222;222;221;0.916;50.00;422.0;0.715;419.5;0.671;0.0;0.000;60;0;0;0.866;0.950;0.934;185;205;200;50.00;50.00;50.00;4478;1000;0.0;0;1.0000;0;0
600;2014-09-04 08:20:00;172602N232;841;0.572;35;222;222;223;220;1.282;49.99;427.4;1.024;421.6;0.943;0.0;0.000;60;0;0;1.229;1.325;1.294;267;292;280;49.99;49.99;49.99;4478;1000;0.0;0;1.0000;0;0
600;2014-09-04 08:30:00;172602N232;888;0.720;36;221;222;223;219;1.360;49.99;427.7;1.095;418.4;0.992;0.0;0.000;60;0;0;1.311;1.402;1.369;284;308;294;49.99;49.99;49.99;4478;1000;0.0;0;1.0000;0;0
600;2014-09-04 08:40:00;172602N232;798;0.854;36;221;221;223;220;1.285;50.00;424.2;0.996;431.8;0.847;0.0;0.000;60;0;0;1.248;1.326;1.282;253;278;265;50.00;50.00;50.00;4478;1000;0.0;0;1.0000;0;0
600;2014-09-04 08:50:00;172602N232;865;0.998;37;220;220;222;219;1.326;49.99;438.1;1.108;424.8;0.879;0.0;0.000;60;0;0;1.270;1.368;1.342;274;300;290;49.99;49.99;49.99;4478;1000;0.0;0;1.0000;0;0
600;2014-09-04 09:00:00;172602N232;726;1.119;37;219;219;221;218;1.154;49.99;432.2;0.993;409.1;0.703;0.0;0.000;60;0;0;1.123;1.185;1.155;230;252;242;49.99;49.99;49.99;4478;1000;0.0;0;1.0000;0;0
600;2014-09-04 09:10:00;172602N232;972;1.281;37;219;218;221;218;1.500;49.99;426.2;1.334;425.9;0.929;0.0;0.000;60;0;0;1.441;1.543;1.516;308;336;326;49.99;49.99;49.99;4478;1000;0.0;0;1.0000;0;0
600;2014-09-04 09:20:00;172602N232;1222;1.485;38;219;218;222;218;1.892;49.99;421.1;1.885;409.7;1.054;0.0;0.000;60;0;0;1.825;1.954;1.898;389;424;406;49.99;49.99;49.99;4478;1000;0.0;0;1.0000;0;0
600;2014-09-04 09:30:00;172602N232;1466;1.729;38;220;219;223;218;2.236;49.99;411.6;2.274;359.4;1.507;0.0;0.000;60;0;0;2.173;2.302;2.234;472;508;483;49.99;49.99;49.99;4478;1000;0.0;0;1.0000;0;0
600;2014-09-04 09:40:00;172602N232;1400;1.963;38;220;219;223;218;2.153;49.99;411.9;1.845;415.1;1.565;0.0;0.000;60;0;0;2.094;2.215;2.150;451;486;462;49.99;49.99;49.99;4478;1000;0.0;0;1.0000;0;0
600;2014-09-04 09:50:00;172602N232;2341;2.353;39;221;220;223;219;3.543;50.00;408.6;3.201;409.8;2.594;0.0;0.000;60;0;0;3.480;3.618;3.531;763;805;770;50.00;50.00;50.00;4478;1000;0.0;0;1.0000;0;0
600;2014-09-04 10:00:00;172602N232;1437;2.593;39;220;219;221;218;2.205;50.01;402.3;1.874;403.0;1.721;0.0;0.000;60;0;0;2.157;2.246;2.212;466;494;477;50.01;50.01;50.01;4478;1000;0.0;0;1.0000;0;0
600;2014-09-04 10:10:00;172602N232;1587;2.857;39;221;221;223;220;2.436;50.00;407.9;2.022;409.4;1.895;0.0;0.000;60;0;0;2.397;2.479;2.432;516;544;524;50.00;50.00;50.00;4478;1000;0.0;0;1.0000;0;0
600;2014-09-04 10:20:00;172602N232;1598;3.124;40;221;220;223;219;2.422;49.99;407.6;2.023;410.6;1.904;0.0;0.000;60;0;0;2.363;2.477;2.426;517;549;529;49.99;49.99;49.99;4478;1000;0.0;0;1.0000;0;0
600;2014-09-04 10:30:00;172602N232;1940;3.448;40;221;220;223;220;2.951;50.00;405.5;2.463;405.9;2.360;0.0;0.000;60;0;0;2.889;3.013;2.952;629;667;643;50.00;50.00;50.00;4478;1000;0.0;0;1.0000;0;0
600;2014-09-04 10:40:00;172602N232;1960;3.774;40;221;221;224;219;2.965;49.99;404.3;2.486;404.9;2.384;0.0;0.000;60;0;0;2.911;3.028;2.957;638;675;645;49.99;49.99;49.99;4478;1000;0.0;0;1.0000;0;0
600;2014-09-04 10:50:00;172602N232;1894;4.090;41;220;220;222;219;2.874;50.00;405.5;2.382;407.6;2.307;0.0;0.000;60;0;0;2.817;2.938;2.867;616;653;624;50.00;50.00;50.00;4478;1000;0.0;0;1.0000;0;0
600;2014-09-04 11:00:00;172602N232;2025;4.428;41;221;220;223;219;3.057;49.98;401.8;2.566;405.2;2.484;0.0;0.000;60;0;0;3.001;3.134;3.038;659;700;664;49.98;49.98;49.98;4478;1000;0.0;0;1.0000;0;0
600;2014-09-04 11:10:00;172602N232;1514;4.680;41;220;220;222;218;2.310;49.99;405.3;1.900;403.8;1.857;0.0;0.000;60;0;0;2.255;2.364;2.312;491;522;500;49.99;49.99;49.99;4478;1000;0.0;0;1.0000;0;0
600;2014-09-04 11:20:00;172602N232;1725;4.968;41;220;220;222;218;2.627;49.98;409.4;2.131;407.9;2.111;0.0;0.000;60;0;0;2.570;2.690;2.621;560;593;568;49.98;49.98;49.98;4478;1000;0.0;0;1.0000;0;0
600;2014-09-04 11:30:00;172602N232;1797;5.267;41;221;220;224;220;2.714;50.00;405.9;2.242;405.6;2.207;0.0;0.000;60;0;0;2.649;2.778;2.717;581;620;594;50.00;50.00;50.00;4478;1000;0.0;0;1.0000;0;0
600;2014-09-04 11:40:00;172602N232;1937;5.590;41;221;220;224;220;2.934;50.00;404.5;2.431;404.8;2.377;0.0;0.000;60;0;0;2.852;3.010;2.941;622;670;643;50.00;50.00;50.00;4478;1000;0.0;0;1.0000;0;0
600;2014-09-04 11:50:00;172602N232;2725;6.044;41;222;221;226;220;4.087;49.99;399.5;3.461;397.6;3.441;0.0;0.000;60;0;0;3.988;4.202;4.071;878;948;895;49.99;49.99;49.99;4478;1000;0.0;0;1.0000;0;0
600;2014-09-04 12:00:00;172602N232;2707;6.495;42;223;222;226;221;4.048;50.01;391.2;3.530;391.5;3.446;0.0;0.000;60;0;0;3.965;4.140;4.040;877;935;891;50.01;50.01;50.01;4478;1000;0.0;0;1.0000;0;0
600;2014-09-04 12:10:00;172602N232;1918;6.815;42;222;220;225;220;2.902;50.01;394.1;2.478;392.4;2.424;0.0;0.000;60;0;0;2.816;2.987;2.903;615;667;635;50.01;50.01;50.01;4478;1000;0.0;0;1.0000;0;0
600;2014-09-04 12:20:00;172602N232;3061;7.325;42;221;219;226;220;4.601;50.00;394.4;3.894;393.2;3.963;0.0;0.000;60;0;0;4.472;4.746;4.586;979;1076;1007;50.00;50.00;50.00;4478;1000;0.0;0;1.0000;0;0
600;2014-09-04 12:30:00;172602N232;1672;7.604;43;221;219;224;220;2.545;50.00;393.7;2.153;392.2;2.126;0.0;0.000;60;0;0;2.453;2.630;2.553;531;582;557;50.00;50.00;50.00;4478;1000;0.0;0;1.0000;0;0
600;2014-09-04 12:40:00;172602N232;1955;7.932;43;221;219;224;220;2.949;49.98;397.9;2.486;394.4;2.484;0.0;0.000;60;0;0;2.863;3.036;2.950;626;680;647;49.98;49.98;49.98;4478;1000;0.0;0;1.0000;0;0
600;2014-09-04 12:50:00;172602N232;2893;8.414;43;222;220;225;220;4.353;49.98;391.7;3.774;390.7;3.709;0.0;0.000;60;0;0;4.262;4.469;4.328;936;1002;950;49.98;49.98;49.98;4478;1000;0.0;0;1.0000;0;0
600;2014-09-04 13:00:00;172602N232;3286;8.961;43;223;221;227;220;4.917;49.99;387.6;4.326;387.0;4.268;0.0;0.000;60;0;0;4.826;5.066;4.861;1065;1150;1068;49.99;49.99;49.99;4478;1000;0.0;0;1.0000;0;0
600;2014-09-04 13:10:00;172602N232;4439;9.700;43;225;224;229;222;6.565;49.97;377.6;6.010;376.5;5.974;0.0;0.000;60;0;0;6.474;6.757;6.465;1450;1550;1435;49.97;49.97;49.97;4478;1000;0.0;0;1.0000;0;0
600;2014-09-04 13:20:00;172602N232;3878;10.348;44;224;224;229;221;5.755;49.97;373.6;5.325;371.7;5.253;0.0;0.000;60;0;0;5.678;5.915;5.672;1270;1353;1254;49.97;49.97;49.97;4478;1000;0.0;0;1.0000;0;0
600;2014-09-04 13:30:00;172602N232;3851;10.990;44;224;224;228;220;5.728;49.99;374.4;5.243;372.6;5.213;0.0;0.000;60;0;0;5.664;5.890;5.630;1266;1342;1239;49.99;49.99;49.99;4478;1000;0.0;0;1.0000;0;0
600;2014-09-04 13:40:00;172602N232;4266;11.700;44;225;225;227;222;6.331;50.00;372.6;5.847;370.8;5.827;0.0;0.000;60;0;0;6.305;6.424;6.265;1419;1455;1390;50.00;50.00;50.00;4478;1000;0.0;0;1.0000;0;0
600;2014-09-04 13:50:00;172602N232;4409;12.434;44;225;225;228;223;6.532;49.98;370.4;6.090;368.6;6.053;0.0;0.000;60;0;0;6.475;6.657;6.465;1453;1516;1438;49.98;49.98;49.98;4478;1000;0.0;0;1.0000;0;0
600;2014-09-04 14:00:00;172602N232;3664;13.045;44;225;224;228;222;5.433;49.99;367.4;5.078;365.4;5.068;0.0;0.000;60;0;0;5.359;5.561;5.381;1198;1270;1195;49.99;49.99;49.99;4478;1000;0.0;0;1.0000;0;0
600;2014-09-04 14:10:00;172602N232;3736;13.668;45;224;223;227;222;5.559;49.98;372.1;5.123;370.8;5.079;0.0;0.000;60;0;0;5.495;5.679;5.505;1227;1289;1218;49.98;49.98;49.98;4478;1000;0.0;0;1.0000;0;0
600;2014-09-04 14:20:00;172602N232;2286;14.049;45;223;223;225;221;3.417;49.99;385.2;2.999;380.6;3.001;0.0;0.000;60;0;0;3.361;3.488;3.404;746;786;750;49.99;49.99;49.99;4478;1000;0.0;0;1.0000;0;0
600;2014-09-04 14:30:00;172602N232;4557;14.809;45;226;225;230;222;6.727;50.01;375.6;6.199;374.6;6.159;0.0;0.000;60;0;0;6.638;6.885;6.660;1492;1583;1480;50.01;50.01;50.01;4478;1000;0.0;0;1.0000;0;0
600;2014-09-04 14:40:00;172602N232;2908;15.293;45;224;224;228;222;4.315;50.00;375.3;3.969;369.9;3.952;0.0;0.000;60;0;0;4.244;4.420;4.281;949;1007;948;50.00;50.00;50.00;4478;1000;0.0;0;1.0000;0;0
600;2014-09-04 14:50:00;172602N232;4164;15.987;45;226;225;230;223;6.137;49.99;376.4;5.671;373.4;5.624;0.0;0.000;60;0;0;6.053;6.318;6.042;1361;1459;1345;49.99;49.99;49.99;4478;1000;0.0;0;1.0000;0;0
600;2014-09-04 15:00:00;172602N232;2405;16.389;45;223;221;228;221;3.600;49.99;381.7;3.207;374.6;3.205;0.0;0.000;60;0;0;3.499;3.721;3.581;770;845;789;49.99;49.99;49.99;4478;1000;0.0;0;1.0000;0;0
600;2014-09-04 15:10:00;172602N232;3452;16.965;45;223;221;228;220;5.160;49.98;382.8;4.612;380.0;4.579;0.0;0.000;60;0;0;5.056;5.322;5.102;1116;1216;1123;49.98;49.98;49.98;4478;1000;0.0;0;1.0000;0;0
600;2014-09-04 15:20:00;172602N232;2791;17.430;45;223;221;226;221;4.184;50.00;382.3;3.714;379.2;3.707;0.0;0.000;60;0;0;4.103;4.288;4.161;905;969;915;50.00;50.00;50.00;4478;1000;0.0;0;1.0000;0;0
600;2014-09-04 15:30:00;172602N232;2213;17.799;45;223;222;226;221;3.316;50.00;381.4;2.928;377.5;2.933;0.0;0.000;60;0;0;3.245;3.406;3.299;716;770;725;50.00;50.00;50.00;4478;1000;0.0;0;1.0000;0;0
600;2014-09-04 15:40:00;172602N232;2996;18.300;45;223;221;227;220;4.486;50.01;387.3;3.945;384.9;3.906;0.0;0.000;60;0;0;4.399;4.608;4.452;972;1044;979;50.01;50.01;50.01;4478;1000;0.0;0;1.0000;0;0
600;2014-09-04 15:50:00;172602N232;2953;18.793;44;222;221;225;219;4.439;49.99;385.4;3.894;382.7;3.869;0.0;0.000;60;0;0;4.363;4.568;4.388;962;1032;958;49.99;49.99;49.99;4478;1000;0.0;0;1.0000;0;0
600;2014-09-04 16:00:00;172602N232;3217;19.329;44;222;222;225;218;4.842;49.97;387.1;4.233;385.4;4.215;0.0;0.000;60;0;0;4.793;4.950;4.784;1060;1111;1043;49.97;49.97;49.97;4478;1000;0.0;0;1.0000;0;0
600;2014-09-04 16:10:00;172602N232;3329;19.883;44;221;222;223;220;5.022;49.97;380.6;4.457;379.4;4.430;0.0;0.000;60;0;0;4.987;5.091;4.990;1102;1132;1093;49.97;49.97;49.97;4478;1000;0.0;0;1.0000;0;0
600;2014-09-04 16:20:00;172602N232;2735;20.338;44;221;221;223;219;4.138;49.98;383.1;3.629;380.0;3.616;0.0;0.000;60;0;0;4.090;4.215;4.109;900;938;896;49.98;49.98;49.98;4478;1000;0.0;0;1.0000;0;0
600;2014-09-04 16:30:00;172602N232;2973;20.835;44;220;220;222;219;4.504;49.99;385.1;3.933;382.4;3.917;0.0;0.000;60;0;0;4.463;4.575;4.474;981;1013;976;49.99;49.99;49.99;4478;1000;0.0;0;1.0000;0;0
600;2014-09-04 16:40:00;172602N232;2791;21.300;44;221;221;223;220;4.211;50.02;391.2;3.610;383.0;3.688;0.0;0.000;60;0;0;4.154;4.277;4.202;915;951;923;50.02;50.02;50.02;4478;1000;0.0;0;1.0000;0;0
600;2014-09-04 16:50:00;172602N232;2375;21.696;44;221;220;223;220;3.587;50.00;386.1;3.070;385.5;3.146;0.0;0.000;60;0;0;3.517;3.660;3.586;772;816;784;50.00;50.00;50.00;4478;1000;0.0;0;1.0000;0;0
600;2014-09-04 17:00:00;172602N232;2714;22.148;44;221;220;224;219;4.102;49.98;379.7;3.589;388.0;3.569;0.0;0.000;60;0;0;4.026;4.204;4.078;883;940;889;49.98;49.98;49.98;4478;1000;0.0;0;1.0000;0;0
600;2014-09-04 17:10:00;172602N232;2091;22.497;44;220;220;222;218;3.180;49.99;380.2;2.765;393.3;2.694;0.0;0.000;60;0;0;3.122;3.248;3.170;683;718;688;49.99;49.99;49.99;4478;1000;0.0;0;1.0000;0;0
600;2014-09-04 17:20:00;172602N232;1817;22.801;44;219;220;220;218;2.780;49.99;384.3;2.381;384.8;2.378;0.0;0.000;60;0;0;2.739;2.816;2.786;597;616;602;49.99;49.99;49.99;4478;1000;0.0;0;1.0000;0;0
600;2014-09-04 17:30:00;172602N232;1892;23.116;44;219;219;219;218;2.894;50.00;385.9;2.479;385.1;2.472;0.0;0.000;60;0;0;2.859;2.919;2.905;624;637;629;50.00;50.00;50.00;4478;1000;0.0;0;1.0000;0;0
600;2014-09-04 17:40:00;172602N232;1636;23.388;44;219;220;220;218;2.498;50.01;378.6;2.140;390.2;2.145;0.0;0.000;60;0;0;2.453;2.530;2.511;535;553;546;50.01;50.01;50.01;4478;1000;0.0;0;1.0000;0;0
600;2014-09-04 17:50:00;172602N232;968;23.550;44;218;217;219;216;1.588;50.00;362.5;1.031;388.8;1.535;0.0;0.000;60;0;0;1.541;1.628;1.596;308;335;323;50.00;50.00;50.00;4478;1000;0.0;0;1.0000;0;0
600;2014-09-04 18:00:00;172602N232;973;23.712;44;218;218;220;215;1.501;49.99;421.2;0.746;367.8;1.799;0.0;0.000;60;0;0;1.447;1.553;1.504;312;340;320;49.99;49.99;49.99;4478;1000;0.0;0;1.0000;0;0
600;2014-09-04 18:10:00;172602N232;514;23.799;44;218;218;220;215;1.128;49.98;432.0;0.493;293.7;1.028;0.0;0.000;60;0;0;1.112;1.188;1.085;156;182;175;49.98;49.98;49.98;4478;1000;0.0;0;1.0000;0;0
600;2014-09-04 18:20:00;172602N232;301;23.849;43;218;218;220;217;1.113;49.99;429.5;0.327;417.9;0.345;0.0;0.000;60;0;0;1.148;1.199;0.992;90;102;108;49.99;49.99;49.99;4478;1000;0.0;0;1.0000;0;0
600;2014-09-04 18:30:00;172602N232;255;23.890;43;218;218;220;217;1.087;49.98;421.1;0.284;405.4;0.294;0.0;0.000;60;0;0;1.049;1.298;0.915;73;81;99;49.98;49.98;49.98;4478;1000;0.0;0;1.0000;0;0
600;2014-09-04 18:40:00;172602N232;217;23.928;43;219;216;221;218;0.982;50.01;401.3;0.249;403.1;0.253;0.0;0.000;60;0;0;0.970;1.172;0.804;86;48;80;50.01;50.01;50.01;4478;1000;0.0;0;1.0000;0;0
600;2014-09-04 18:50:00;172602N232;172;23.957;42;217;214;219;218;0.921;49.99;384.3;0.196;395.1;0.208;0.0;0.000;60;0;0;0.683;1.387;0.693;58;43;69;49.99;49.99;49.99;4478;1000;0.0;0;1.0000;0;0
600;2014-09-04 19:00:00;172602N232;147;23.981;42;218;216;219;217;0.871;49.98;371.7;0.165;397.7;0.181;0.0;0.000;60;0;0;0.709;1.160;0.744;41;35;71;49.98;49.98;49.98;4478;1000;0.0;0;1.0000;0;0
600;2014-09-04 19:10:00;172602N232;124;24.003;42;219;219;219;218;0.819;49.98;358.4;0.138;400.4;0.154;0.0;0.000;60;0;0;0.883;0.863;0.711;16;47;60;49.98;49.98;49.98;4478;1000;0.0;0;1.0000;0;0
600;2014-09-04 19:20:00;172602N232;82;24.016;42;219;219;221;218;0.858;49.97;345.7;0.091;376.6;0.103;0.0;0.000;60;0;0;0.861;1.008;0.707;10;17;53;49.97;49.97;49.97;4478;1000;0.0;0;1.0000;0;0
600;2014-09-04 19:30:00;172602N232;40;24.023;41;219;218;220;218;0.742;49.96;322.8;0.039;351.3;0.045;0.0;0.000;60;0;0;0.728;0.892;0.606;8;7;30;49.96;49.96;49.96;4478;1000;0.0;0;1.0000;0;0
600;2014-09-04 19:40:00;172602N232;11;24.025;41;218;217;219;218;0.337;49.97;265.2;0.005;275.3;0.009;0.0;0.000;60;0;0;0.328;0.429;0.255;5;1;12;49.97;49.97;49.97;4478;1000;0.0;0;1.0000;0;0
600;2014-09-04 19:50:00;172602N232;0;24.025;40;218;217;221;217;0.014;50.01;284.0;0.000;283.5;0.000;0.0;0.000;51;0;0;0.012;0.024;0.007;0;0;0;50.01;50.01;50.01;7293;1000;0.0;0;1.0000;0;0
600;2014-09-04 20:00:00;172602N232;0;24.025;39;218;217;222;216;0.000;50.01;235.1;0.000;236.1;0.000;0.0;0.000;51;0;0;0.000;0.000;0.000;0;0;0;50.01;50.01;50.01;9836;1000;0.0;0;1.0000;0;0
600;2014-09-04 20:10:00;172602N232;0;24.025;39;218;215;221;217;0.000;50.00;229.6;0.000;230.5;0.000;0.0;0.000;51;0;0;0.000;0.000;0.000;0;0;0;50.00;50.00;50.00;9836;1000;0.0;0;1.0000;0;0
[wr_ende]
