20151012;230001;172602N232;My Plant;+0100
[wr_def_start]
172602N232;Inverter Type;Inverter Group;72602N232      
[wr_def_end]
[wr]
INTERVAL;TIMESTAMP;SERIAL;P_AC;E_DAY;T_WR;U_AC;U_AC_1;U_AC_2;U_AC_3;I_AC;F_AC;U_DC_1;I_DC_1;U_DC_2;I_DC_2;U_DC_3;I_DC_3;S;E_WR;M_WR;I_AC_1;I_AC_2;I_AC_3;P_AC_1;P_AC_2;P_AC_3;F_AC_1;F_AC_2;F_AC_3;R_DC;PC;PCS;PCS_LL;COS_PHI;COS_PHI_LL;S_COS_PHI
600;2015-10-12 06:50:00;172602N232;0;0.000;0;3;3;3;3;0.000;0.76;3.3;0.000;3.3;0.000;0.0;0.000;50;0;0;0.000;0.000;0.000;0;0;0;0.76;0.76;0.76;38;1000;0.0;0;1.0000;0;0
600;2015-10-12 07:00:00;172602N232;0;0.000;20;223;223;226;220;0.000;49.99;229.1;0.000;230.1;0.000;0.0;0.000;50;0;0;0.000;0.000;0.000;0;0;0;49.99;49.99;49.99;0;1000;0.0;0;1.0000;0;0
600;2015-10-12 07:10:00;172602N232;0;0.000;21;222;222;226;218;0.000;50.00;243.6;0.000;244.4;0.000;0.0;0.000;50;0;0;0.000;0.000;0.000;0;0;0;50.00;50.00;50.00;0;1000;0.0;0;1.0000;0;0
600;2015-10-12 07:20:00;172602N232;0;0.000;22;222;223;224;219;0.001;50.00;285.4;0.000;284.8;0.000;0.0;0.000;60;0;0;0.002;0.001;0.001;0;0;0;50.00;50.00;50.00;2402;1000;0.0;0;1.0000;0;0
600;2015-10-12 07:30:00;172602N232;0;0.000;22;222;223;222;221;0.004;50.01;282.6;0.000;281.7;0.000;0.0;0.000;51;0;0;0.009;0.004;0.001;0;0;0;50.01;50.01;50.01;4819;1000;0.0;0;1.0000;0;0
600;2015-10-12 07:40:00;172602N232;151;0.024;23;222;222;223;222;0.780;50.01;382.5;0.176;381.6;0.156;0.0;0.000;60;0;0;0.878;0.817;0.646;41;57;53;50.01;50.01;50.01;4698;1000;0.0;0;1.0000;0;0
600;2015-10-12 07:50:00;172602N232;120;0.044;23;223;223;224;222;0.953;50.02;394.1;0.138;398.4;0.129;0.0;0.000;60;0;0;1.034;1.080;0.747;19;38;62;50.02;50.02;50.02;4698;1000;0.0;0;1.0000;0;0
600;2015-10-12 08:00:00;172602N232;60;0.055;24;223;222;224;222;0.817;50.01;383.7;0.062;381.6;0.060;0.0;0.000;60;0;0;0.898;0.917;0.636;6;20;38;50.01;50.01;50.01;4698;1000;0.0;0;1.0000;0;0
600;2015-10-12 08:10:00;172602N232;67;0.066;24;223;223;224;222;0.944;50.03;388.7;0.073;388.0;0.066;0.0;0.000;60;0;0;1.052;1.050;0.730;3;18;49;50.03;50.03;50.03;4698;1000;0.0;0;1.0000;0;0
600;2015-10-12 08:20:00;172602N232;181;0.096;25;223;223;224;221;0.991;50.01;417.0;0.216;417.3;0.182;0.0;0.000;60;0;0;1.236;0.936;0.803;42;64;73;50.01;50.01;50.01;4698;1000;0.0;0;1.0000;0;0
600;2015-10-12 08:30:00;172602N232;210;0.131;25;223;222;226;222;1.019;50.02;414.5;0.256;422.3;0.210;0.0;0.000;60;0;0;0.982;1.330;0.747;64;63;80;50.02;50.02;50.02;4698;1000;0.0;0;1.0000;0;0
600;2015-10-12 08:40:00;172602N232;143;0.155;25;223;223;224;221;0.901;50.01;411.2;0.166;405.8;0.148;0.0;0.000;60;0;0;0.964;1.001;0.739;22;42;77;50.01;50.01;50.01;4698;1000;0.0;0;1.0000;0;0
600;2015-10-12 08:50:00;172602N232;163;0.183;26;222;223;223;221;0.945;50.00;438.9;0.184;410.0;0.159;0.0;0.000;60;0;0;1.008;1.072;0.756;14;66;82;50.00;50.00;50.00;4698;1000;0.0;0;1.0000;0;0
600;2015-10-12 09:00:00;172602N232;245;0.223;26;222;221;223;220;1.047;49.99;446.7;0.354;428.1;0.183;0.0;0.000;60;0;0;1.115;1.212;0.816;71;82;90;49.99;49.99;49.99;4698;1000;0.0;0;1.0000;0;0
600;2015-10-12 09:10:00;172602N232;321;0.278;26;221;221;222;220;1.113;50.01;419.4;0.427;430.7;0.299;0.0;0.000;60;0;0;1.148;1.224;0.968;91;116;113;50.01;50.01;50.01;4698;1000;0.0;0;1.0000;0;0
600;2015-10-12 09:20:00;172602N232;553;0.370;27;221;221;219;222;0.877;50.03;426.9;0.686;443.7;0.567;0.0;0.000;60;0;0;0.828;0.901;0.903;172;189;190;50.03;50.03;50.03;4698;1000;0.0;0;1.0000;0;0
600;2015-10-12 09:30:00;172602N232;608;0.470;27;220;220;219;222;0.960;50.01;429.3;0.729;428.1;0.671;0.0;0.000;60;0;0;0.908;0.984;0.990;190;207;209;50.01;50.01;50.01;4698;1000;0.0;0;1.0000;0;0
600;2015-10-12 09:40:00;172602N232;636;0.577;28;220;220;219;222;1.173;50.01;431.9;0.755;426.8;0.707;0.0;0.000;60;0;0;0.989;1.117;1.413;184;215;236;50.01;50.01;50.01;4698;1000;0.0;0;1.0000;0;0
600;2015-10-12 09:50:00;172602N232;766;0.705;28;220;220;218;222;1.203;49.99;432.6;0.915;429.3;0.849;0.0;0.000;60;0;0;1.152;1.225;1.232;243;259;263;49.99;49.99;49.99;4698;1000;0.0;0;1.0000;0;0
600;2015-10-12 10:00:00;172602N232;842;0.845;29;220;219;217;222;1.314;50.00;429.7;1.009;428.6;0.937;0.0;0.000;60;0;0;1.264;1.331;1.347;268;282;290;50.00;50.00;50.00;4698;1000;0.0;0;1.0000;0;0
600;2015-10-12 10:10:00;172602N232;860;0.989;29;220;219;218;222;1.340;50.00;428.8;1.032;425.2;0.968;0.0;0.000;60;0;0;1.288;1.364;1.369;273;290;295;50.00;50.00;50.00;4698;1000;0.0;0;1.0000;0;0
600;2015-10-12 10:20:00;172602N232;893;1.138;30;220;220;217;222;1.389;50.01;427.9;1.074;423.0;1.014;0.0;0.000;60;0;0;1.345;1.407;1.415;287;299;305;50.01;50.01;50.01;4698;1000;0.0;0;1.0000;0;0
600;2015-10-12 10:30:00;172602N232;1019;1.308;30;221;222;219;221;1.575;50.01;427.5;1.253;433.1;1.110;0.0;0.000;60;0;0;1.544;1.592;1.591;333;342;342;50.01;50.01;50.01;4698;1000;0.0;0;1.0000;0;0
600;2015-10-12 10:40:00;172602N232;1215;1.511;30;221;221;221;221;1.936;49.99;424.6;1.500;432.4;1.337;0.0;0.000;60;0;0;1.906;1.938;1.964;390;411;411;49.99;49.99;49.99;4698;1000;0.0;0;1.0000;0;0
600;2015-10-12 10:50:00;172602N232;1123;1.698;31;221;221;222;218;1.742;50.00;423.7;1.377;424.3;1.270;0.0;0.000;60;0;0;1.702;1.786;1.739;362;389;370;50.00;50.00;50.00;4698;1000;0.0;0;1.0000;0;0
600;2015-10-12 11:00:00;172602N232;963;1.859;31;220;221;222;218;1.513;50.00;424.3;1.166;416.4;1.118;0.0;0.000;60;0;0;1.494;1.539;1.508;311;331;319;50.00;50.00;50.00;4698;1000;0.0;0;1.0000;0;0
600;2015-10-12 11:10:00;172602N232;544;1.949;31;220;221;222;218;1.034;50.01;417.8;0.654;409.5;0.639;0.0;0.000;60;0;0;1.063;1.025;1.014;174;186;182;50.01;50.01;50.01;4698;1000;0.0;0;1.0000;0;0
600;2015-10-12 11:20:00;172602N232;486;2.031;32;220;220;222;219;0.780;50.00;420.4;0.579;408.6;0.574;0.0;0.000;60;0;0;0.722;0.824;0.796;147;172;164;50.00;50.00;50.00;4698;1000;0.0;0;1.0000;0;0
600;2015-10-12 11:30:00;172602N232;305;2.081;32;221;220;223;220;0.938;50.01;403.9;0.368;399.3;0.362;0.0;0.000;60;0;0;0.982;1.032;0.801;89;109;105;50.01;50.01;50.01;4698;1000;0.0;0;1.0000;0;0
600;2015-10-12 11:40:00;172602N232;435;2.154;32;221;220;222;220;0.957;50.01;422.9;0.513;409.4;0.508;0.0;0.000;60;0;0;0.943;1.000;0.930;131;155;148;50.01;50.01;50.01;4698;1000;0.0;0;1.0000;0;0
600;2015-10-12 11:50:00;172602N232;526;2.242;32;221;221;222;221;0.836;50.01;426.0;0.625;415.0;0.605;0.0;0.000;60;0;0;0.785;0.873;0.852;162;184;177;50.01;50.01;50.01;4698;1000;0.0;0;1.0000;0;0
600;2015-10-12 12:00:00;172602N232;961;2.403;32;222;222;223;221;1.493;50.02;429.3;1.156;423.8;1.089;0.0;0.000;60;0;0;1.457;1.522;1.501;309;330;320;50.02;50.02;50.02;4698;1000;0.0;0;1.0000;0;0
600;2015-10-12 12:10:00;172602N232;1155;2.594;32;222;222;223;220;1.799;50.00;430.0;1.372;417.3;1.352;0.0;0.000;60;0;0;1.773;1.821;1.804;374;396;383;50.00;50.00;50.00;4698;1000;0.0;0;1.0000;0;0
600;2015-10-12 12:20:00;172602N232;1044;2.769;32;222;221;224;220;1.600;50.03;429.0;1.240;413.8;1.234;0.0;0.000;60;0;0;1.548;1.646;1.608;333;363;346;50.03;50.03;50.03;4698;1000;0.0;0;1.0000;0;0
600;2015-10-12 12:30:00;172602N232;817;2.906;32;221;220;223;219;1.270;50.02;427.6;0.966;412.3;0.967;0.0;0.000;60;0;0;1.216;1.315;1.280;258;285;272;50.02;50.02;50.02;4698;1000;0.0;0;1.0000;0;0
600;2015-10-12 12:40:00;172602N232;1107;3.090;32;221;220;223;219;1.705;50.00;424.5;1.339;416.3;1.295;0.0;0.000;60;0;0;1.646;1.754;1.715;353;384;368;50.00;50.00;50.00;4698;1000;0.0;0;1.0000;0;0
600;2015-10-12 12:50:00;172602N232;788;3.222;32;220;220;222;219;1.272;50.01;418.0;0.952;408.7;0.941;0.0;0.000;60;0;0;1.247;1.303;1.267;249;274;263;50.01;50.01;50.01;4698;1000;0.0;0;1.0000;0;0
600;2015-10-12 13:00:00;172602N232;1044;3.396;33;221;221;223;220;1.611;50.01;428.8;1.240;414.6;1.231;0.0;0.000;60;0;0;1.566;1.651;1.617;335;361;346;50.01;50.01;50.01;4698;1000;0.0;0;1.0000;0;0
600;2015-10-12 13:10:00;172602N232;1072;3.575;33;225;225;227;222;1.674;50.00;428.6;1.279;414.0;1.266;0.0;0.000;60;0;0;1.640;1.704;1.678;344;371;356;50.00;50.00;50.00;4698;1000;0.0;0;1.0000;0;0
600;2015-10-12 13:20:00;172602N232;1335;3.797;33;225;225;226;224;2.027;50.02;426.7;1.599;411.0;1.598;0.0;0.000;60;0;0;1.984;2.061;2.036;431;457;445;50.02;50.02;50.02;4698;1000;0.0;0;1.0000;0;0
600;2015-10-12 13:30:00;172602N232;1277;4.010;33;226;226;227;225;1.934;50.02;425.2;1.534;408.9;1.537;0.0;0.000;60;0;0;1.897;1.965;1.942;412;437;426;50.02;50.02;50.02;4698;1000;0.0;0;1.0000;0;0
600;2015-10-12 13:40:00;172602N232;1082;4.191;33;226;226;226;225;1.646;50.01;427.3;1.282;406.5;1.315;0.0;0.000;60;0;0;1.602;1.676;1.662;347;370;362;50.01;50.01;50.01;4698;1000;0.0;0;1.0000;0;0
600;2015-10-12 13:50:00;172602N232;1060;4.368;33;226;226;227;225;1.627;49.99;427.3;1.260;410.0;1.273;0.0;0.000;60;0;0;1.582;1.656;1.644;339;363;356;49.99;49.99;49.99;4698;1000;0.0;0;1.0000;0;0
600;2015-10-12 14:00:00;172602N232;1121;4.555;33;226;226;227;226;1.694;50.00;426.7;1.343;405.4;1.354;0.0;0.000;60;0;0;1.647;1.730;1.706;360;385;374;50.00;50.00;50.00;4698;1000;0.0;0;1.0000;0;0
600;2015-10-12 14:10:00;172602N232;1600;4.822;34;226;225;228;226;2.385;50.00;424.9;2.196;415.5;1.654;0.0;0.000;60;0;0;2.315;2.435;2.406;513;550;535;50.00;50.00;50.00;4698;1000;0.0;0;1.0000;0;0
600;2015-10-12 14:20:00;172602N232;2600;5.256;34;228;227;230;227;3.819;50.01;411.5;4.362;456.9;1.832;0.0;0.000;60;0;0;3.743;3.886;3.830;843;890;864;50.01;50.01;50.01;4698;1000;0.0;0;1.0000;0;0
600;2015-10-12 14:30:00;172602N232;1691;5.537;34;228;227;231;226;2.505;50.01;406.6;2.676;429.9;1.411;0.0;0.000;60;0;0;2.440;2.570;2.506;545;585;559;50.01;50.01;50.01;4698;1000;0.0;0;1.0000;0;0
600;2015-10-12 14:40:00;172602N232;2061;5.882;34;228;227;233;226;3.029;50.01;409.8;3.295;446.5;1.607;0.0;0.000;60;0;0;2.947;3.123;3.017;662;720;676;50.01;50.01;50.01;4698;1000;0.0;0;1.0000;0;0
600;2015-10-12 14:50:00;172602N232;1050;6.056;35;227;227;232;224;1.581;50.00;407.3;1.509;426.0;1.012;0.0;0.000;60;0;0;1.515;1.656;1.572;332;372;344;50.00;50.00;50.00;4698;1000;0.0;0;1.0000;0;0
600;2015-10-12 15:00:00;172602N232;516;6.142;35;228;226;231;225;0.810;49.99;409.4;0.651;407.8;0.592;0.0;0.000;60;0;0;0.743;0.864;0.825;156;185;173;49.99;49.99;49.99;4698;1000;0.0;0;1.0000;0;0
600;2015-10-12 15:10:00;172602N232;452;6.218;35;228;227;230;227;0.710;49.99;415.9;0.547;401.6;0.537;0.0;0.000;60;0;0;0.649;0.752;0.729;135;161;153;49.99;49.99;49.99;4698;1000;0.0;0;1.0000;0;0
600;2015-10-12 15:20:00;172602N232;533;6.307;35;228;227;230;227;0.875;50.01;416.6;0.642;404.1;0.637;0.0;0.000;60;0;0;0.821;0.922;0.884;163;189;179;50.01;50.01;50.01;4698;1000;0.0;0;1.0000;0;0
600;2015-10-12 15:30:00;172602N232;498;6.390;35;227;226;229;226;0.819;50.01;414.0;0.601;406.1;0.589;0.0;0.000;60;0;0;0.760;0.865;0.832;151;177;168;50.01;50.01;50.01;4698;1000;0.0;0;1.0000;0;0
600;2015-10-12 15:40:00;172602N232;588;6.489;35;224;223;227;223;1.058;49.98;424.3;0.679;413.6;0.699;0.0;0.000;60;0;0;0.995;1.142;1.037;183;206;198;49.98;49.98;49.98;4698;1000;0.0;0;1.0000;0;0
600;2015-10-12 15:50:00;172602N232;250;6.530;35;224;220;228;223;1.112;49.99;396.9;0.303;400.7;0.291;0.0;0.000;60;0;0;0.942;1.542;0.853;97;54;97;49.99;49.99;49.99;4698;1000;0.0;0;1.0000;0;0
600;2015-10-12 16:00:00;172602N232;477;6.609;35;223;221;227;221;1.198;49.99;422.0;0.346;411.4;0.776;0.0;0.000;60;0;0;1.116;1.427;1.053;157;152;166;49.99;49.99;49.99;4698;1000;0.0;0;1.0000;0;0
600;2015-10-12 16:10:00;172602N232;919;6.763;34;224;220;227;224;1.419;49.99;435.7;0.633;422.6;1.496;0.0;0.000;60;0;0;1.336;1.486;1.436;283;324;310;49.99;49.99;49.99;4698;1000;0.0;0;1.0000;0;0
600;2015-10-12 16:20:00;172602N232;423;6.833;34;224;220;227;225;1.105;50.00;407.6;0.510;399.0;0.514;0.0;0.000;60;0;0;1.085;1.180;1.050;133;152;136;50.00;50.00;50.00;4698;1000;0.0;0;1.0000;0;0
600;2015-10-12 16:30:00;172602N232;258;6.877;34;223;221;225;224;1.084;50.01;398.2;0.309;394.1;0.310;0.0;0.000;60;0;0;1.048;1.334;0.870;88;85;83;50.01;50.01;50.01;4698;1000;0.0;0;1.0000;0;0
600;2015-10-12 16:40:00;172602N232;179;6.906;34;223;220;225;223;0.958;49.99;401.7;0.206;390.7;0.208;0.0;0.000;60;0;0;0.694;1.466;0.716;45;54;78;49.99;49.99;49.99;4698;1000;0.0;0;1.0000;0;0
600;2015-10-12 16:50:00;172602N232;135;6.929;33;223;221;225;223;1.016;49.99;396.8;0.154;386.4;0.156;0.0;0.000;60;0;0;0.830;1.421;0.799;51;17;68;49.99;49.99;49.99;4698;1000;0.0;0;1.0000;0;0
600;2015-10-12 17:00:00;172602N232;116;6.949;33;222;221;224;222;0.973;49.99;394.1;0.130;383.5;0.133;0.0;0.000;60;0;0;0.906;1.251;0.763;32;20;65;49.99;49.99;49.99;4698;1000;0.0;0;1.0000;0;0
600;2015-10-12 17:10:00;172602N232;96;6.966;33;222;220;223;222;0.939;49.98;383.0;0.109;379.8;0.109;0.0;0.000;60;0;0;0.810;1.238;0.770;36;15;50;49.98;49.98;49.98;4698;1000;0.0;0;1.0000;0;0
600;2015-10-12 17:20:00;172602N232;52;6.974;32;222;220;223;222;0.709;49.99;342.5;0.054;350.0;0.056;0.0;0.000;60;0;0;0.608;0.952;0.568;24;4;31;49.99;49.99;49.99;4698;1000;0.0;0;1.0000;0;0
600;2015-10-12 17:30:00;172602N232;0;6.974;32;223;221;224;222;0.035;50.03;284.6;0.000;284.0;0.000;0.0;0.000;51;0;0;0.038;0.046;0.021;0;0;0;50.03;50.03;50.03;7776;1000;0.0;0;1.0000;0;0
600;2015-10-12 17:40:00;172602N232;0;6.974;30;223;223;224;221;0.000;50.03;245.3;0.000;246.0;0.000;0.0;0.000;51;0;0;0.000;0.000;0.000;0;0;0;50.03;50.03;50.03;12974;1000;0.0;0;1.0000;0;0
600;2015-10-12 17:50:00;172602N232;0;6.974;30;222;223;223;220;0.000;50.00;230.1;0.000;231.1;0.000;0.0;0.000;51;0;0;0.000;0.000;0.000;0;0;0;50.00;50.00;50.00;12974;1000;0.0;0;1.0000;0;0
600;2015-10-12 18:00:00;172602N232;0;6.974;29;222;223;223;221;0.000;49.98;227.6;0.000;228.6;0.000;0.0;0.000;51;0;0;0.000;0.000;0.000;0;0;0;49.98;49.98;49.98;12974;1000;0.0;0;1.0000;0;0
[wr_ende]
