20130130;230003;172602N232;My Plant;+0100
[wr_def_start]
172602N232;Inverter Type;Inverter Group;72602N232      
[wr_def_end]
[wr]
INTERVAL;TIMESTAMP;SERIAL;P_AC;E_DAY;T_WR;U_AC;U_AC_1;U_AC_2;U_AC_3;I_AC;F_AC;U_DC_1;I_DC_1;U_DC_2;I_DC_2;U_DC_3;I_DC_3;S;E_WR;M_WR;I_AC_1;I_AC_2;I_AC_3;P_AC_1;P_AC_2;P_AC_3;F_AC_1;F_AC_2;F_AC_3;R_DC;PC;PCS;PCS_LL;COS_PHI;COS_PHI_LL;S_COS_PHI
600;2013-01-30 08:10:00;172602N232;0;0.000;0;1;2;2;1;0.000;0.45;1.9;0.000;1.9;0.000;0.0;0.000;50;0;0;0.000;0.000;0.000;0;0;0;0.45;0.45;0.45;32;1000;0.0;0;1.0000;0;0
600;2013-01-30 08:20:00;172602N232;0;0.000;16;220;220;222;218;0.000;49.97;227.0;0.000;228.0;0.000;0.0;0.000;50;0;0;0.000;0.000;0.000;0;0;0;49.97;49.97;49.97;0;1000;0.0;0;1.0000;0;0
600;2013-01-30 08:30:00;172602N232;0;0.000;18;220;220;222;217;0.000;49.98;227.3;0.000;228.2;0.000;0.0;0.000;50;0;0;0.000;0.000;0.000;0;0;0;49.98;49.98;49.98;0;1000;0.0;0;1.0000;0;0
600;2013-01-30 08:40:00;172602N232;0;0.000;18;220;220;223;217;0.000;49.99;234.8;0.000;235.7;0.000;0.0;0.000;50;0;0;0.000;0.000;0.000;0;0;0;49.99;49.99;49.99;0;1000;0.0;0;1.0000;0;0
600;2013-01-30 08:50:00;172602N232;0;0.000;19;221;220;223;219;0.002;49.98;279.1;0.000;278.7;0.000;0.0;0.000;51;0;0;0.002;0.003;0.001;0;0;0;49.98;49.98;49.98;4266;1000;0.0;0;1.0000;0;0
600;2013-01-30 09:00:00;172602N232;72;0.011;19;222;222;223;220;0.661;49.98;351.1;0.080;357.1;0.075;0.0;0.000;60;0;0;0.890;0.621;0.472;4;32;39;49.98;49.98;49.98;5666;1000;0.0;0;1.0000;0;0
600;2013-01-30 09:10:00;172602N232;128;0.035;20;221;223;222;219;1.050;49.98;396.3;0.153;404.8;0.138;0.0;0.000;60;0;0;1.585;0.837;0.728;0;78;63;49.98;49.98;49.98;5666;1000;0.0;0;1.0000;0;0
600;2013-01-30 09:20:00;172602N232;147;0.058;20;221;222;220;220;0.997;49.98;404.1;0.169;406.4;0.162;0.0;0.000;60;0;0;1.384;0.802;0.805;17;78;58;49.98;49.98;49.98;5666;1000;0.0;0;1.0000;0;0
600;2013-01-30 09:30:00;172602N232;112;0.077;21;221;222;220;220;0.959;49.99;395.7;0.129;399.8;0.125;0.0;0.000;60;0;0;1.362;0.778;0.738;2;71;45;49.99;49.99;49.99;5666;1000;0.0;0;1.0000;0;0
600;2013-01-30 09:40:00;172602N232;190;0.108;21;221;221;221;219;1.062;50.00;408.6;0.222;410.9;0.210;0.0;0.000;60;0;0;1.417;0.930;0.840;27;87;75;50.00;50.00;50.00;5666;1000;0.0;0;1.0000;0;0
600;2013-01-30 09:50:00;172602N232;129;0.130;22;220;221;221;219;0.994;49.99;401.7;0.148;401.7;0.143;0.0;0.000;60;0;0;1.380;0.838;0.764;5;67;63;49.99;49.99;49.99;5666;1000;0.0;0;1.0000;0;0
600;2013-01-30 10:00:00;172602N232;123;0.151;23;220;221;220;220;0.924;49.98;397.0;0.142;400.8;0.135;0.0;0.000;60;0;0;1.215;0.792;0.766;10;67;44;49.98;49.98;49.98;5666;1000;0.0;0;1.0000;0;0
600;2013-01-30 10:10:00;172602N232;174;0.179;24;220;220;220;219;1.125;49.98;410.8;0.199;409.6;0.196;0.0;0.000;60;0;0;1.564;0.919;0.894;12;92;72;49.98;49.98;49.98;5666;1000;0.0;0;1.0000;0;0
600;2013-01-30 10:20:00;172602N232;241;0.220;24;220;220;220;218;1.088;50.01;413.3;0.281;416.4;0.271;0.0;0.000;60;0;0;1.296;1.073;0.895;58;99;83;50.01;50.01;50.01;5666;1000;0.0;0;1.0000;0;0
600;2013-01-30 10:30:00;172602N232;326;0.274;25;220;220;220;219;0.887;49.99;417.8;0.383;420.2;0.363;0.0;0.000;60;0;0;0.891;0.958;0.812;92;122;109;49.99;49.99;49.99;5666;1000;0.0;0;1.0000;0;0
600;2013-01-30 10:40:00;172602N232;485;0.356;25;220;221;220;219;0.838;50.00;428.8;0.578;429.8;0.533;0.0;0.000;60;0;0;0.812;0.860;0.842;152;168;163;50.00;50.00;50.00;5666;1000;0.0;0;1.0000;0;0
600;2013-01-30 10:50:00;172602N232;421;0.426;25;220;220;220;219;0.855;49.99;429.3;0.496;427.1;0.467;0.0;0.000;60;0;0;0.843;0.882;0.842;127;152;140;49.99;49.99;49.99;5666;1000;0.0;0;1.0000;0;0
600;2013-01-30 11:00:00;172602N232;618;0.529;26;220;220;221;219;0.987;49.99;436.6;0.732;433.7;0.672;0.0;0.000;60;0;0;0.952;1.012;0.997;196;212;208;49.99;49.99;49.99;5666;1000;0.0;0;1.0000;0;0
600;2013-01-30 11:10:00;172602N232;440;0.602;27;220;220;220;219;1.068;50.01;425.0;0.526;427.1;0.484;0.0;0.000;60;0;0;1.094;1.088;1.024;140;158;139;50.01;50.01;50.01;5666;1000;0.0;0;1.0000;0;0
600;2013-01-30 11:20:00;172602N232;410;0.670;27;219;220;220;219;1.034;49.99;421.4;0.510;428.7;0.433;0.0;0.000;60;0;0;1.059;1.062;0.982;129;150;129;49.99;49.99;49.99;5666;1000;0.0;0;1.0000;0;0
600;2013-01-30 11:30:00;172602N232;305;0.722;27;220;219;220;220;1.021;50.00;417.4;0.372;421.6;0.328;0.0;0.000;60;0;0;1.060;1.053;0.952;93;119;90;50.00;50.00;50.00;5666;1000;0.0;0;1.0000;0;0
600;2013-01-30 11:40:00;172602N232;541;0.812;27;220;220;219;220;0.942;50.00;428.5;0.696;441.8;0.531;0.0;0.000;60;0;0;0.905;0.974;0.948;170;189;180;50.00;50.00;50.00;5666;1000;0.0;0;1.0000;0;0
600;2013-01-30 11:50:00;172602N232;628;0.916;28;221;221;221;221;1.009;50.00;444.0;0.778;374.9;0.780;0.0;0.000;60;0;0;0.973;1.037;1.019;198;216;211;50.00;50.00;50.00;5666;1000;0.0;0;1.0000;0;0
600;2013-01-30 12:00:00;172602N232;1194;1.116;28;222;222;222;222;1.858;49.98;452.4;1.268;366.6;1.754;0.0;0.000;60;0;0;1.829;1.877;1.869;388;404;400;49.98;49.98;49.98;5666;1000;0.0;0;1.0000;0;0
600;2013-01-30 12:10:00;172602N232;1539;1.374;28;223;223;223;223;2.341;49.98;455.5;1.575;400.4;2.082;0.0;0.000;60;0;0;2.309;2.369;2.347;504;520;513;49.98;49.98;49.98;5666;1000;0.0;0;1.0000;0;0
600;2013-01-30 12:20:00;172602N232;919;1.526;29;222;222;222;222;1.444;49.98;431.3;1.091;429.2;1.039;0.0;0.000;60;0;0;1.401;1.472;1.461;295;313;309;49.98;49.98;49.98;5666;1000;0.0;0;1.0000;0;0
600;2013-01-30 12:30:00;172602N232;842;1.667;29;222;222;222;222;1.379;49.99;436.9;0.981;430.7;0.950;0.0;0.000;60;0;0;1.393;1.374;1.371;274;284;282;49.99;49.99;49.99;5666;1000;0.0;0;1.0000;0;0
600;2013-01-30 12:40:00;172602N232;988;1.831;30;222;221;224;221;1.533;50.00;439.2;1.133;431.6;1.130;0.0;0.000;60;0;0;1.486;1.573;1.541;316;341;329;50.00;50.00;50.00;5666;1000;0.0;0;1.0000;0;0
600;2013-01-30 12:50:00;172602N232;802;1.965;30;221;220;223;219;1.247;50.00;430.3;0.948;428.6;0.907;0.0;0.000;60;0;0;1.198;1.286;1.257;255;278;267;50.00;50.00;50.00;5666;1000;0.0;0;1.0000;0;0
600;2013-01-30 13:00:00;172602N232;621;2.069;30;221;220;223;219;1.036;49.98;427.6;0.741;427.4;0.697;0.0;0.000;60;0;0;1.002;1.071;1.035;196;217;207;49.98;49.98;49.98;5666;1000;0.0;0;1.0000;0;0
600;2013-01-30 13:10:00;172602N232;531;2.157;30;223;223;225;222;0.938;49.99;420.3;0.650;426.3;0.590;0.0;0.000;60;0;0;0.915;0.970;0.931;168;186;176;49.99;49.99;49.99;5666;1000;0.0;0;1.0000;0;0
600;2013-01-30 13:20:00;172602N232;555;2.251;30;225;225;225;224;1.109;50.00;423.5;0.672;429.9;0.611;0.0;0.000;60;0;0;1.160;1.107;1.060;179;192;182;50.00;50.00;50.00;5666;1000;0.0;0;1.0000;0;0
600;2013-01-30 13:30:00;172602N232;446;2.325;31;223;223;225;221;0.838;49.99;424.6;0.529;423.1;0.502;0.0;0.000;60;0;0;0.812;0.884;0.819;136;158;151;49.99;49.99;49.99;5666;1000;0.0;0;1.0000;0;0
600;2013-01-30 13:40:00;172602N232;266;2.370;31;223;224;225;221;1.102;49.99;408.3;0.319;410.8;0.298;0.0;0.000;60;0;0;1.267;1.105;0.935;55;99;110;49.99;49.99;49.99;5666;1000;0.0;0;1.0000;0;0
600;2013-01-30 13:50:00;172602N232;318;2.422;30;221;222;223;219;1.184;50.00;417.7;0.376;417.1;0.359;0.0;0.000;60;0;0;1.302;1.221;1.031;73;121;123;50.00;50.00;50.00;5666;1000;0.0;0;1.0000;0;0
600;2013-01-30 14:00:00;172602N232;180;2.452;30;221;222;223;219;1.060;49.99;406.5;0.210;403.7;0.203;0.0;0.000;60;0;0;1.449;0.956;0.775;24;72;81;49.99;49.99;49.99;5666;1000;0.0;0;1.0000;0;0
600;2013-01-30 14:10:00;172602N232;62;2.463;30;221;222;223;219;0.725;49.99;368.4;0.066;369.0;0.067;0.0;0.000;60;0;0;0.909;0.731;0.535;3;22;42;49.99;49.99;49.99;5666;1000;0.0;0;1.0000;0;0
600;2013-01-30 14:20:00;172602N232;47;2.471;30;221;222;222;219;0.532;50.00;338.8;0.047;345.6;0.048;0.0;0.000;60;0;0;0.718;0.489;0.390;1;29;30;50.00;50.00;50.00;5666;1000;0.0;0;1.0000;0;0
600;2013-01-30 14:30:00;172602N232;26;2.476;29;221;221;222;220;0.429;50.01;318.9;0.022;330.0;0.023;0.0;0.000;60;0;0;0.550;0.435;0.304;0;16;20;50.01;50.01;50.01;5666;1000;0.0;0;1.0000;0;0
600;2013-01-30 14:40:00;172602N232;40;2.483;29;220;221;221;219;0.532;50.00;339.8;0.039;348.0;0.040;0.0;0.000;60;0;0;0.740;0.446;0.410;0;32;29;50.00;50.00;50.00;5666;1000;0.0;0;1.0000;0;0
600;2013-01-30 14:50:00;172602N232;95;2.499;29;220;220;221;218;0.937;50.01;387.3;0.109;390.0;0.105;0.0;0.000;60;0;0;1.139;0.973;0.700;8;34;58;50.01;50.01;50.01;5666;1000;0.0;0;1.0000;0;0
600;2013-01-30 15:00:00;172602N232;40;2.505;29;220;220;221;218;0.545;50.02;329.6;0.040;331.2;0.040;0.0;0.000;60;0;0;0.662;0.573;0.400;3;14;30;50.02;50.02;50.02;5666;1000;0.0;0;1.0000;0;0
600;2013-01-30 15:10:00;172602N232;112;2.524;28;220;221;221;218;0.973;50.03;394.0;0.129;395.3;0.125;0.0;0.000;60;0;0;1.370;0.843;0.708;3;52;60;50.03;50.03;50.03;5666;1000;0.0;0;1.0000;0;0
600;2013-01-30 15:20:00;172602N232;159;2.552;28;219;221;220;217;1.117;50.01;403.8;0.185;405.9;0.178;0.0;0.000;60;0;0;1.724;0.888;0.740;0;93;75;50.01;50.01;50.01;5666;1000;0.0;0;1.0000;0;0
600;2013-01-30 15:30:00;172602N232;244;2.592;28;219;220;220;218;1.060;49.99;416.1;0.282;415.5;0.272;0.0;0.000;60;0;0;1.283;1.047;0.850;50;104;89;49.99;49.99;49.99;5666;1000;0.0;0;1.0000;0;0
600;2013-01-30 15:40:00;172602N232;111;2.611;28;219;220;221;218;0.875;49.96;388.1;0.127;392.6;0.122;0.0;0.000;60;0;0;1.075;0.886;0.666;8;47;59;49.96;49.96;49.96;5666;1000;0.0;0;1.0000;0;0
600;2013-01-30 15:50:00;172602N232;88;2.625;28;219;219;222;217;0.775;49.99;369.4;0.099;374.1;0.095;0.0;0.000;60;0;0;0.733;1.032;0.560;25;14;51;49.99;49.99;49.99;5666;1000;0.0;0;1.0000;0;0
600;2013-01-30 16:00:00;172602N232;8;2.627;28;220;218;222;218;0.250;50.01;277.6;0.004;282.7;0.006;0.0;0.000;60;0;0;0.205;0.380;0.167;6;0;10;50.01;50.01;50.01;5666;1000;0.0;0;1.0000;0;0
600;2013-01-30 16:10:00;172602N232;7;2.629;28;220;219;222;220;0.265;49.99;263.7;0.001;262.0;0.004;0.0;0.000;60;0;0;0.241;0.370;0.184;3;0;10;49.99;49.99;49.99;5666;1000;0.0;0;1.0000;0;0
600;2013-01-30 16:20:00;172602N232;10;2.630;28;220;221;222;219;0.305;49.99;274.0;0.005;272.1;0.007;0.0;0.000;60;0;0;0.388;0.326;0.202;2;4;12;49.99;49.99;49.99;5666;1000;0.0;0;1.0000;0;0
600;2013-01-30 16:30:00;172602N232;18;2.634;27;220;221;221;219;0.383;49.99;304.4;0.013;311.6;0.014;0.0;0.000;60;0;0;0.531;0.365;0.254;2;10;17;49.99;49.99;49.99;5666;1000;0.0;0;1.0000;0;0
600;2013-01-30 16:40:00;172602N232;0;2.634;27;219;219;222;218;0.041;49.99;277.9;0.000;276.9;0.000;0.0;0.000;51;0;0;0.032;0.063;0.028;0;0;1;49.99;49.99;49.99;6522;1000;0.0;0;1.0000;0;0
600;2013-01-30 16:50:00;172602N232;0;2.634;25;220;220;222;217;0.000;49.98;246.8;0.000;247.5;0.000;0.0;0.000;51;0;0;0.000;0.000;0.000;0;0;0;49.98;49.98;49.98;8131;1000;0.0;0;1.0000;0;0
600;2013-01-30 17:00:00;172602N232;0;2.634;25;219;219;221;217;0.000;50.01;229.6;0.000;230.6;0.000;0.0;0.000;51;0;0;0.000;0.000;0.000;0;0;0;50.01;50.01;50.01;8131;1000;0.0;0;1.0000;0;0
600;2013-01-30 17:10:00;172602N232;0;2.634;24;218;217;221;216;0.000;49.98;228.9;0.000;229.8;0.000;0.0;0.000;51;0;0;0.000;0.000;0.000;0;0;0;49.98;49.98;49.98;8131;1000;0.0;0;1.0000;0;0
[wr_ende]
