20130906;230003;172602N232;My Plant;+0100
[wr_def_start]
172602N232;Inverter Type;Inverter Group;72602N232      
[wr_def_end]
[wr]
INTERVAL;TIMESTAMP;SERIAL;P_AC;E_DAY;T_WR;U_AC;U_AC_1;U_AC_2;U_AC_3;I_AC;F_AC;U_DC_1;I_DC_1;U_DC_2;I_DC_2;U_DC_3;I_DC_3;S;E_WR;M_WR;I_AC_1;I_AC_2;I_AC_3;P_AC_1;P_AC_2;P_AC_3;F_AC_1;F_AC_2;F_AC_3;R_DC;PC;PCS;PCS_LL;COS_PHI;COS_PHI_LL;S_COS_PHI
600;2013-09-06 06:00:00;172602N232;0;0.000;0;3;3;3;3;0.000;0.89;4.0;0.000;4.0;0.000;0.0;0.000;50;0;0;0.000;0.000;0.000;0;0;0;0.89;0.89;0.89;58;1000;0.0;0;1.0000;0;0
600;2013-09-06 06:10:00;172602N232;0;0.000;26;225;225;228;221;0.000;49.98;229.2;0.000;230.2;0.000;0.0;0.000;50;0;0;0.000;0.000;0.000;0;0;0;49.98;49.98;49.98;0;1000;0.0;0;1.0000;0;0
600;2013-09-06 06:20:00;172602N232;0;0.000;28;224;225;227;221;0.000;49.98;238.3;0.000;239.2;0.000;0.0;0.000;50;0;0;0.000;0.000;0.000;0;0;0;49.98;49.98;49.98;0;1000;0.0;0;1.0000;0;0
600;2013-09-06 06:30:00;172602N232;0;0.000;29;224;224;225;222;0.034;49.98;276.4;0.000;275.4;0.000;0.0;0.000;60;0;0;0.040;0.038;0.026;0;1;1;49.98;49.98;49.98;2607;1000;0.0;0;1.0000;0;0
600;2013-09-06 06:40:00;172602N232;11;0.003;29;223;224;224;222;0.286;49.98;278.9;0.005;281.2;0.005;0.0;0.000;60;0;0;0.383;0.260;0.216;1;8;11;49.98;49.98;49.98;3964;1000;0.0;0;1.0000;0;0
600;2013-09-06 06:50:00;172602N232;36;0.010;30;223;224;223;223;0.491;50.02;343.1;0.033;347.1;0.032;0.0;0.000;60;0;0;0.558;0.470;0.446;1;24;21;50.02;50.02;50.02;3964;1000;0.0;0;1.0000;0;0
600;2013-09-06 07:00:00;172602N232;58;0.021;30;221;221;222;220;0.744;49.99;367.9;0.063;368.5;0.059;0.0;0.000;60;0;0;0.926;0.730;0.577;1;28;35;49.99;49.99;49.99;3964;1000;0.0;0;1.0000;0;0
600;2013-09-06 07:10:00;172602N232;78;0.036;31;222;223;222;221;0.840;49.98;377.2;0.090;375.1;0.084;0.0;0.000;60;0;0;1.147;0.734;0.641;1;39;43;49.98;49.98;49.98;3964;1000;0.0;0;1.0000;0;0
600;2013-09-06 07:20:00;172602N232;97;0.052;31;222;223;223;221;0.886;49.97;383.4;0.115;381.0;0.106;0.0;0.000;60;0;0;1.165;0.821;0.674;2;43;52;49.97;49.97;49.97;3964;1000;0.0;0;1.0000;0;0
600;2013-09-06 07:30:00;172602N232;116;0.067;32;222;221;223;221;0.905;49.99;389.4;0.139;386.9;0.127;0.0;0.000;60;0;0;0.949;1.048;0.719;24;28;62;49.99;49.99;49.99;3964;1000;0.0;0;1.0000;0;0
600;2013-09-06 07:40:00;172602N232;131;0.089;32;221;222;221;221;0.905;49.99;392.2;0.158;390.4;0.144;0.0;0.000;60;0;0;1.126;0.821;0.769;13;57;59;49.99;49.99;49.99;3964;1000;0.0;0;1.0000;0;0
600;2013-09-06 07:50:00;172602N232;145;0.113;33;221;221;222;220;0.992;50.00;392.5;0.176;393.7;0.159;0.0;0.000;60;0;0;1.118;1.088;0.771;23;51;68;50.00;50.00;50.00;3964;1000;0.0;0;1.0000;0;0
600;2013-09-06 08:00:00;172602N232;160;0.140;33;221;221;223;220;1.081;49.99;394.2;0.198;395.5;0.175;0.0;0.000;60;0;0;1.275;1.209;0.759;28;62;68;49.99;49.99;49.99;3964;1000;0.0;0;1.0000;0;0
600;2013-09-06 08:10:00;172602N232;173;0.169;33;221;222;222;219;1.122;49.99;393.7;0.216;397.1;0.189;0.0;0.000;60;0;0;1.595;0.987;0.786;7;96;70;49.99;49.99;49.99;3964;1000;0.0;0;1.0000;0;0
600;2013-09-06 08:20:00;172602N232;187;0.200;34;221;221;221;219;1.016;49.98;395.8;0.235;398.7;0.203;0.0;0.000;60;0;0;1.502;0.790;0.758;36;72;77;49.98;49.98;49.98;3964;1000;0.0;0;1.0000;0;0
600;2013-09-06 08:30:00;172602N232;202;0.234;34;221;222;222;219;0.969;49.99;401.9;0.252;403.0;0.218;0.0;0.000;60;0;0;1.205;0.795;0.907;33;63;104;49.99;49.99;49.99;3964;1000;0.0;0;1.0000;0;0
600;2013-09-06 08:40:00;172602N232;223;0.272;34;222;222;224;219;1.053;49.98;417.6;0.269;413.9;0.233;0.0;0.000;60;0;0;1.265;1.151;0.743;48;87;86;49.98;49.98;49.98;3964;1000;0.0;0;1.0000;0;0
600;2013-09-06 08:50:00;172602N232;252;0.314;34;224;223;226;222;1.108;49.98;443.1;0.290;428.8;0.248;0.0;0.000;60;0;0;1.023;1.340;0.963;65;79;106;49.98;49.98;49.98;3964;1000;0.0;0;1.0000;0;0
600;2013-09-06 09:00:00;172602N232;285;0.361;35;223;223;225;221;1.160;49.98;373.0;0.452;433.5;0.265;0.0;0.000;60;0;0;1.256;1.293;0.932;78;102;104;49.98;49.98;49.98;3964;1000;0.0;0;1.0000;0;0
600;2013-09-06 09:10:00;172602N232;293;0.410;35;223;222;225;222;1.118;49.96;450.9;0.335;446.7;0.278;0.0;0.000;60;0;0;1.130;1.348;0.877;95;100;96;49.96;49.96;49.96;3964;1000;0.0;0;1.0000;0;0
600;2013-09-06 09:20:00;172602N232;305;0.461;35;223;221;226;222;1.156;49.99;441.1;0.344;436.7;0.314;0.0;0.000;60;0;0;1.144;1.411;0.914;102;96;105;49.99;49.99;49.99;3964;1000;0.0;0;1.0000;0;0
600;2013-09-06 09:30:00;172602N232;323;0.515;35;222;221;225;222;1.138;49.99;432.4;0.367;448.0;0.332;0.0;0.000;60;0;0;1.157;1.255;1.003;105;107;109;49.99;49.99;49.99;3964;1000;0.0;0;1.0000;0;0
600;2013-09-06 09:40:00;172602N232;336;0.571;35;222;222;224;222;1.102;49.98;425.7;0.376;450.8;0.357;0.0;0.000;60;0;0;1.145;1.132;1.031;102;121;111;49.98;49.98;49.98;3964;1000;0.0;0;1.0000;0;0
600;2013-09-06 09:50:00;172602N232;353;0.631;35;222;222;225;220;1.167;49.99;427.0;0.383;457.0;0.379;0.0;0.000;60;0;0;1.202;1.252;1.047;104;121;125;49.99;49.99;49.99;3964;1000;0.0;0;1.0000;0;0
600;2013-09-06 10:00:00;172602N232;354;0.690;35;224;223;227;221;1.227;49.99;422.2;0.395;444.1;0.388;0.0;0.000;60;0;0;1.255;1.360;1.068;107;112;132;49.99;49.99;49.99;3964;1000;0.0;0;1.0000;0;0
600;2013-09-06 10:10:00;172602N232;359;0.750;36;225;225;227;223;1.237;50.00;431.5;0.406;430.1;0.396;0.0;0.000;60;0;0;1.280;1.354;1.078;102;119;136;50.00;50.00;50.00;3964;1000;0.0;0;1.0000;0;0
600;2013-09-06 10:20:00;172602N232;367;0.811;36;225;225;228;223;1.238;49.98;440.2;0.426;417.6;0.404;0.0;0.000;60;0;0;1.189;1.409;1.117;100;116;150;49.98;49.98;49.98;3964;1000;0.0;0;1.0000;0;0
600;2013-09-06 10:30:00;172602N232;376;0.874;36;225;225;228;223;1.240;49.99;443.5;0.431;419.2;0.408;0.0;0.000;60;0;0;1.158;1.441;1.121;101;114;159;49.99;49.99;49.99;3964;1000;0.0;0;1.0000;0;0
600;2013-09-06 10:40:00;172602N232;697;0.990;36;225;224;228;223;1.133;50.00;268.4;2.092;416.1;0.404;0.0;0.000;60;0;0;1.083;1.186;1.131;218;245;232;50.00;50.00;50.00;3964;1000;0.0;0;1.0000;0;0
600;2013-09-06 10:50:00;172602N232;943;1.148;36;226;226;229;224;1.429;49.99;258.5;3.056;411.4;0.410;0.0;0.000;60;0;0;1.375;1.484;1.428;300;330;310;49.99;49.99;49.99;3964;1000;0.0;0;1.0000;0;0
600;2013-09-06 11:00:00;172602N232;1134;1.337;37;226;226;228;225;1.736;50.01;266.1;3.698;414.4;0.414;0.0;0.000;60;0;0;1.700;1.772;1.738;367;390;375;50.01;50.01;50.01;3964;1000;0.0;0;1.0000;0;0
600;2013-09-06 11:10:00;172602N232;1431;1.576;37;227;226;229;225;2.156;50.00;303.9;4.183;419.2;0.424;0.0;0.000;60;0;0;2.105;2.211;2.152;461;496;472;50.00;50.00;50.00;3964;1000;0.0;0;1.0000;0;0
600;2013-09-06 11:20:00;172602N232;1630;1.847;38;229;229;233;226;2.381;50.00;346.4;4.228;423.9;0.431;0.0;0.000;60;0;0;2.320;2.457;2.368;528;568;532;50.00;50.00;50.00;3964;1000;0.0;0;1.0000;0;0
600;2013-09-06 11:30:00;172602N232;1889;2.162;38;227;226;230;224;2.794;49.99;382.1;4.490;424.3;0.439;0.0;0.000;60;0;0;2.734;2.880;2.768;614;658;615;49.99;49.99;49.99;3964;1000;0.0;0;1.0000;0;0
600;2013-09-06 11:40:00;172602N232;1932;2.485;39;225;224;229;222;2.882;49.99;383.9;4.586;424.2;0.437;0.0;0.000;60;0;0;2.815;2.981;2.850;625;676;628;49.99;49.99;49.99;3964;1000;0.0;0;1.0000;0;0
600;2013-09-06 11:50:00;172602N232;2014;2.821;39;224;223;228;222;3.012;49.98;382.3;4.796;433.8;0.448;0.0;0.000;60;0;0;2.950;3.098;2.990;654;701;658;49.98;49.98;49.98;3964;1000;0.0;0;1.0000;0;0
600;2013-09-06 12:00:00;172602N232;2066;3.165;40;226;225;229;223;3.068;49.97;380.5;4.924;441.3;0.469;0.0;0.000;60;0;0;3.006;3.150;3.050;671;716;677;49.97;49.97;49.97;3964;1000;0.0;0;1.0000;0;0
600;2013-09-06 12:10:00;172602N232;2110;3.517;40;227;226;231;225;3.116;50.00;379.6;5.031;442.2;0.494;0.0;0.000;60;0;0;3.044;3.207;3.099;683;734;691;50.00;50.00;50.00;3964;1000;0.0;0;1.0000;0;0
600;2013-09-06 12:20:00;172602N232;2138;3.873;41;227;226;231;224;3.163;50.00;377.2;5.103;434.7;0.536;0.0;0.000;60;0;0;3.091;3.263;3.137;693;748;696;50.00;50.00;50.00;3964;1000;0.0;0;1.0000;0;0
600;2013-09-06 12:30:00;172602N232;2176;4.236;41;226;225;231;223;3.227;49.99;377.6;5.175;444.8;0.536;0.0;0.000;60;0;0;3.143;3.342;3.196;701;767;706;49.99;49.99;49.99;3964;1000;0.0;0;1.0000;0;0
600;2013-09-06 12:40:00;172602N232;2838;4.711;42;226;225;231;222;4.206;49.99;375.8;5.242;268.5;3.606;0.0;0.000;60;0;0;4.129;4.337;4.154;923;996;918;49.99;49.99;49.99;3964;1000;0.0;0;1.0000;0;0
600;2013-09-06 12:50:00;172602N232;3372;5.273;42;226;225;230;222;5.000;49.98;375.0;5.306;279.9;5.182;0.0;0.000;60;0;0;4.928;5.139;4.934;1102;1177;1091;49.98;49.98;49.98;3964;1000;0.0;0;1.0000;0;0
600;2013-09-06 13:00:00;172602N232;3669;5.884;42;225;224;230;222;5.441;49.99;374.5;5.363;330.5;5.229;0.0;0.000;60;0;0;5.365;5.584;5.374;1198;1279;1189;49.99;49.99;49.99;3964;1000;0.0;0;1.0000;0;0
600;2013-09-06 13:10:00;172602N232;3893;6.533;43;226;225;230;223;5.756;50.00;373.0;5.363;371.4;5.267;0.0;0.000;60;0;0;5.675;5.904;5.689;1272;1355;1263;50.00;50.00;50.00;3964;1000;0.0;0;1.0000;0;0
600;2013-09-06 13:20:00;172602N232;3940;7.188;43;226;225;231;223;5.808;49.98;373.0;5.397;374.7;5.322;0.0;0.000;60;0;0;5.715;5.986;5.724;1285;1382;1272;49.98;49.98;49.98;3964;1000;0.0;0;1.0000;0;0
600;2013-09-06 13:30:00;172602N232;3946;7.848;44;226;225;230;224;5.822;49.98;371.2;5.435;371.6;5.374;0.0;0.000;60;0;0;5.750;5.945;5.772;1292;1364;1288;49.98;49.98;49.98;3964;1000;0.0;0;1.0000;0;0
600;2013-09-06 13:40:00;172602N232;3926;8.502;44;227;226;231;224;5.781;49.99;369.4;5.434;369.6;5.377;0.0;0.000;60;0;0;5.714;5.917;5.713;1287;1364;1273;49.99;49.99;49.99;3964;1000;0.0;0;1.0000;0;0
600;2013-09-06 13:50:00;172602N232;3928;9.157;44;227;226;231;224;5.784;49.97;369.8;5.432;369.7;5.382;0.0;0.000;60;0;0;5.739;5.906;5.707;1294;1359;1273;49.97;49.97;49.97;3964;1000;0.0;0;1.0000;0;0
600;2013-09-06 14:00:00;172602N232;3924;9.810;44;227;226;230;224;5.780;49.97;369.5;5.431;368.9;5.384;0.0;0.000;60;0;0;5.741;5.876;5.723;1295;1347;1280;49.97;49.97;49.97;3964;1000;0.0;0;1.0000;0;0
600;2013-09-06 14:10:00;172602N232;3918;10.464;45;226;227;230;223;5.776;49.98;368.0;5.442;368.0;5.398;0.0;0.000;60;0;0;5.757;5.878;5.693;1301;1349;1268;49.98;49.98;49.98;3964;1000;0.0;0;1.0000;0;0
600;2013-09-06 14:20:00;172602N232;3889;11.113;45;227;227;231;223;5.717;49.98;367.3;5.410;367.3;5.365;0.0;0.000;60;0;0;5.673;5.862;5.617;1284;1354;1248;49.98;49.98;49.98;3964;1000;0.0;0;1.0000;0;0
600;2013-09-06 14:30:00;172602N232;3851;11.756;45;228;227;232;224;5.651;50.01;367.9;5.349;367.7;5.303;0.0;0.000;60;0;0;5.593;5.786;5.575;1267;1338;1244;50.01;50.01;50.01;3964;1000;0.0;0;1.0000;0;0
600;2013-09-06 14:40:00;172602N232;3825;12.393;46;227;227;231;224;5.623;49.99;369.3;5.293;368.6;5.256;0.0;0.000;60;0;0;5.581;5.753;5.535;1262;1326;1235;49.99;49.99;49.99;3964;1000;0.0;0;1.0000;0;0
600;2013-09-06 14:50:00;172602N232;3790;13.023;46;227;226;230;223;5.585;49.99;370.0;5.231;369.8;5.191;0.0;0.000;60;0;0;5.541;5.711;5.503;1250;1315;1224;49.99;49.99;49.99;3964;1000;0.0;0;1.0000;0;0
600;2013-09-06 15:00:00;172602N232;3733;13.647;46;227;227;230;223;5.496;49.99;371.3;5.138;370.2;5.101;0.0;0.000;60;0;0;5.454;5.615;5.421;1235;1290;1206;49.99;49.99;49.99;3964;1000;0.0;0;1.0000;0;0
600;2013-09-06 15:10:00;172602N232;3675;14.260;46;227;226;231;223;5.413;49.99;371.8;5.046;371.4;5.011;0.0;0.000;60;0;0;5.357;5.540;5.343;1208;1276;1189;49.99;49.99;49.99;3964;1000;0.0;0;1.0000;0;0
600;2013-09-06 15:20:00;172602N232;3583;14.857;46;226;225;230;222;5.303;49.99;371.7;4.921;371.0;4.886;0.0;0.000;60;0;0;5.228;5.444;5.237;1170;1251;1160;49.99;49.99;49.99;3964;1000;0.0;0;1.0000;0;0
600;2013-09-06 15:30:00;172602N232;3502;15.440;46;227;227;231;224;5.156;49.97;373.2;4.793;371.8;4.761;0.0;0.000;60;0;0;5.110;5.269;5.089;1154;1212;1134;49.97;49.97;49.97;3964;1000;0.0;0;1.0000;0;0
600;2013-09-06 15:40:00;172602N232;3415;16.009;46;227;227;231;224;5.018;49.98;373.8;4.660;373.3;4.627;0.0;0.000;60;0;0;4.984;5.115;4.955;1130;1178;1105;49.98;49.98;49.98;3964;1000;0.0;0;1.0000;0;0
600;2013-09-06 15:50:00;172602N232;3343;16.568;46;228;228;232;225;4.893;49.97;376.6;4.528;375.6;4.499;0.0;0.000;60;0;0;4.849;4.989;4.841;1103;1153;1085;49.97;49.97;49.97;3964;1000;0.0;0;1.0000;0;0
600;2013-09-06 16:00:00;172602N232;3205;17.102;46;228;228;231;224;4.704;49.99;377.6;4.327;376.5;4.301;0.0;0.000;60;0;0;4.668;4.807;4.637;1062;1108;1033;49.99;49.99;49.99;3964;1000;0.0;0;1.0000;0;0
600;2013-09-06 16:10:00;172602N232;3076;17.615;46;225;227;227;222;4.558;49.99;378.6;4.136;378.3;4.110;0.0;0.000;60;0;0;4.560;4.620;4.495;1033;1046;996;49.99;49.99;49.99;3964;1000;0.0;0;1.0000;0;0
600;2013-09-06 16:20:00;172602N232;2989;18.112;46;226;228;229;222;4.415;49.99;381.7;3.983;382.1;3.956;0.0;0.000;60;0;0;4.405;4.502;4.340;999;1028;960;49.99;49.99;49.99;3964;1000;0.0;0;1.0000;0;0
600;2013-09-06 16:30:00;172602N232;2853;18.589;45;226;229;229;220;4.218;49.99;384.3;3.774;383.9;3.752;0.0;0.000;60;0;0;4.223;4.313;4.120;962;986;904;49.99;49.99;49.99;3964;1000;0.0;0;1.0000;0;0
600;2013-09-06 16:40:00;172602N232;2687;19.038;45;225;228;228;221;3.985;49.99;385.8;3.538;385.6;3.516;0.0;0.000;60;0;0;3.970;4.075;3.910;899;927;859;49.99;49.99;49.99;3964;1000;0.0;0;1.0000;0;0
600;2013-09-06 16:50:00;172602N232;2547;19.462;45;226;227;230;220;3.776;49.99;391.5;3.298;387.3;3.323;0.0;0.000;60;0;0;3.742;3.891;3.697;843;891;811;49.99;49.99;49.99;3964;1000;0.0;0;1.0000;0;0
600;2013-09-06 17:00:00;172602N232;2351;19.853;45;225;226;229;219;3.501;49.99;393.9;2.998;395.8;3.022;0.0;0.000;60;0;0;3.468;3.611;3.426;777;823;749;49.99;49.99;49.99;3964;1000;0.0;0;1.0000;0;0
600;2013-09-06 17:10:00;172602N232;2193;20.220;45;227;228;230;224;3.232;49.98;379.9;2.905;398.1;2.798;0.0;0.000;60;0;0;3.192;3.304;3.201;722;756;713;49.98;49.98;49.98;3964;1000;0.0;0;1.0000;0;0
600;2013-09-06 17:20:00;172602N232;2021;20.557;45;228;228;230;225;2.976;49.98;381.9;2.684;404.2;2.514;0.0;0.000;60;0;0;2.931;3.045;2.952;665;695;660;49.98;49.98;49.98;3964;1000;0.0;0;1.0000;0;0
600;2013-09-06 17:30:00;172602N232;1857;20.867;45;227;228;229;225;2.734;49.97;383.2;2.457;384.8;2.427;0.0;0.000;60;0;0;2.686;2.792;2.726;609;636;610;49.97;49.97;49.97;3964;1000;0.0;0;1.0000;0;0
600;2013-09-06 17:40:00;172602N232;1680;21.146;45;227;228;229;225;2.474;49.98;383.9;2.210;384.0;2.206;0.0;0.000;60;0;0;2.423;2.530;2.470;549;576;552;49.98;49.98;49.98;3964;1000;0.0;0;1.0000;0;0
600;2013-09-06 17:50:00;172602N232;1431;21.385;45;227;228;227;225;2.133;50.00;376.6;1.825;387.6;1.946;0.0;0.000;60;0;0;2.101;2.159;2.139;469;484;475;50.00;50.00;50.00;3964;1000;0.0;0;1.0000;0;0
600;2013-09-06 18:00:00;172602N232;969;21.546;45;225;227;226;223;1.505;50.01;345.9;0.909;389.2;1.708;0.0;0.000;60;0;0;1.481;1.530;1.504;314;331;322;50.01;50.01;50.01;3964;1000;0.0;0;1.0000;0;0
600;2013-09-06 18:10:00;172602N232;698;21.664;44;224;227;226;220;1.203;49.99;397.9;0.473;352.8;1.442;0.0;0.000;60;0;0;1.231;1.213;1.166;230;240;225;49.99;49.99;49.99;3964;1000;0.0;0;1.0000;0;0
600;2013-09-06 18:20:00;172602N232;362;21.724;44;225;227;227;221;1.174;50.00;422.4;0.360;338.3;0.658;0.0;0.000;60;0;0;1.300;1.179;1.045;102;132;126;50.00;50.00;50.00;3964;1000;0.0;0;1.0000;0;0
600;2013-09-06 18:30:00;172602N232;286;21.771;44;225;227;227;222;1.174;49.99;417.6;0.321;407.5;0.338;0.0;0.000;60;0;0;1.434;1.192;0.897;67;115;102;49.99;49.99;49.99;3964;1000;0.0;0;1.0000;0;0
600;2013-09-06 18:40:00;172602N232;240;21.812;44;226;227;227;223;1.139;49.98;407.4;0.278;393.0;0.291;0.0;0.000;60;0;0;1.487;1.195;0.736;41;112;85;49.98;49.98;49.98;3964;1000;0.0;0;1.0000;0;0
600;2013-09-06 18:50:00;172602N232;200;21.846;43;226;227;228;224;0.982;49.99;384.2;0.234;390.9;0.250;0.0;0.000;60;0;0;1.079;1.098;0.769;51;64;83;49.99;49.99;49.99;3964;1000;0.0;0;1.0000;0;0
600;2013-09-06 19:00:00;172602N232;162;21.873;43;227;228;229;223;0.921;50.00;376.6;0.189;382.9;0.206;0.0;0.000;60;0;0;0.871;1.210;0.682;12;70;80;50.00;50.00;50.00;3964;1000;0.0;0;1.0000;0;0
600;2013-09-06 19:10:00;172602N232;126;21.894;43;223;223;225;221;0.971;50.00;360.6;0.148;381.5;0.161;0.0;0.000;60;0;0;1.141;1.061;0.711;25;33;69;50.00;50.00;50.00;3964;1000;0.0;0;1.0000;0;0
600;2013-09-06 19:20:00;172602N232;80;21.907;42;223;223;225;221;0.868;49.98;341.9;0.089;377.2;0.102;0.0;0.000;60;0;0;0.911;1.031;0.662;12;12;56;49.98;49.98;49.98;3964;1000;0.0;0;1.0000;0;0
600;2013-09-06 19:30:00;172602N232;45;21.916;42;224;224;226;221;0.666;49.96;320.6;0.046;345.9;0.054;0.0;0.000;60;0;0;0.712;0.788;0.499;3;8;37;49.96;49.96;49.96;3964;1000;0.0;0;1.0000;0;0
600;2013-09-06 19:40:00;172602N232;3;21.916;42;224;225;226;221;0.167;49.96;252.9;0.000;257.1;0.001;0.0;0.000;60;0;0;0.225;0.167;0.109;0;2;6;49.96;49.96;49.96;3964;1000;0.0;0;1.0000;0;0
600;2013-09-06 19:50:00;172602N232;0;21.916;41;224;223;227;220;0.000;49.97;277.3;0.000;276.6;0.000;0.0;0.000;51;0;0;0.000;0.000;0.000;0;0;0;49.97;49.97;49.97;14347;1000;0.0;0;1.0000;0;0
600;2013-09-06 20:00:00;172602N232;0;21.916;39;224;224;227;220;0.000;50.01;230.8;0.000;231.8;0.000;0.0;0.000;51;0;0;0.000;0.000;0.000;0;0;0;50.01;50.01;50.01;15237;1000;0.0;0;1.0000;0;0
600;2013-09-06 20:10:00;172602N232;0;21.916;39;223;223;226;221;0.000;50.01;228.0;0.000;229.0;0.000;0.0;0.000;51;0;0;0.000;0.000;0.000;0;0;0;50.01;50.01;50.01;15237;1000;0.0;0;1.0000;0;0
[wr_ende]
