20171204;230000;172602N232;My Plant;+0100
[wr_def_start]
172602N232;Inverter Type;Inverter Group;72602N232      
[wr_def_end]
[wr]
INTERVAL;TIMESTAMP;SERIAL;P_AC;E_DAY;T_WR;U_AC;U_AC_1;U_AC_2;U_AC_3;I_AC;F_AC;U_DC_1;I_DC_1;U_DC_2;I_DC_2;U_DC_3;I_DC_3;S;E_WR;M_WR;I_AC_1;I_AC_2;I_AC_3;P_AC_1;P_AC_2;P_AC_3;F_AC_1;F_AC_2;F_AC_3;R_DC;PC;PCS;PCS_LL;COS_PHI;COS_PHI_LL;S_COS_PHI
600;2017-12-04 07:10:00;172602N232;0;0.000;0;2;2;2;2;0.000;0.61;2.6;0.000;2.6;0.000;0.0;0.000;50;0;0;0.000;0.000;0.000;0;0;0;0.61;0.61;0.61;37;1000;0.0;0;1.0000;0;0
600;2017-12-04 07:20:00;172602N232;0;0.000;15;224;223;227;223;0.000;50.02;229.4;0.000;230.4;0.000;0.0;0.000;50;0;0;0.000;0.000;0.000;0;0;0;50.02;50.02;50.02;0;1000;0.0;0;1.0000;0;0
600;2017-12-04 07:30:00;172602N232;0;0.000;16;224;224;227;221;0.000;50.01;235.4;0.000;236.3;0.000;0.0;0.000;50;0;0;0.000;0.000;0.000;0;0;0;50.01;50.01;50.01;0;1000;0.0;0;1.0000;0;0
600;2017-12-04 07:40:00;172602N232;0;0.000;17;224;225;225;222;0.001;49.99;283.2;0.000;281.9;0.000;0.0;0.000;60;0;0;0.001;0.001;0.001;0;0;0;49.99;49.99;49.99;2731;1000;0.0;0;1.0000;0;0
600;2017-12-04 07:50:00;172602N232;3;0.000;17;223;223;223;222;0.133;49.99;279.7;0.000;270.2;0.000;0.0;0.000;60;0;0;0.183;0.111;0.107;0;4;4;49.99;49.99;49.99;6001;1000;0.0;0;1.0000;0;0
600;2017-12-04 08:00:00;172602N232;19;0.003;18;223;223;223;224;0.365;49.99;336.4;0.013;265.0;0.011;0.0;0.000;60;0;0;0.369;0.365;0.362;6;15;2;49.99;49.99;49.99;6023;1000;0.0;0;1.0000;0;0
600;2017-12-04 08:10:00;172602N232;39;0.011;18;223;223;221;224;0.523;49.99;378.5;0.037;337.5;0.028;0.0;0.000;60;0;0;0.470;0.495;0.604;13;35;0;49.99;49.99;49.99;6023;1000;0.0;0;1.0000;0;0
600;2017-12-04 08:20:00;172602N232;56;0.020;18;223;223;221;224;0.609;50.00;393.1;0.059;369.5;0.043;0.0;0.000;60;0;0;0.613;0.543;0.672;12;41;5;50.00;50.00;50.00;6023;1000;0.0;0;1.0000;0;0
600;2017-12-04 08:30:00;172602N232;72;0.032;19;222;224;221;223;0.726;50.00;400.4;0.079;413.2;0.053;0.0;0.000;60;0;0;0.991;0.588;0.601;2;45;27;50.00;50.00;50.00;6023;1000;0.0;0;1.0000;0;0
600;2017-12-04 08:40:00;172602N232;90;0.047;19;222;223;220;222;0.897;49.99;421.6;0.103;420.4;0.067;0.0;0.000;60;0;0;1.240;0.706;0.745;2;60;32;49.99;49.99;49.99;6023;1000;0.0;0;1.0000;0;0
600;2017-12-04 08:50:00;172602N232;118;0.066;20;223;224;223;221;1.001;50.01;449.8;0.133;437.6;0.087;0.0;0.000;60;0;0;1.464;0.788;0.753;3;58;60;50.01;50.01;50.01;6023;1000;0.0;0;1.0000;0;0
600;2017-12-04 09:00:00;172602N232;145;0.090;20;222;224;221;223;1.059;50.02;461.8;0.158;454.4;0.112;0.0;0.000;60;0;0;1.343;0.925;0.911;12;94;41;50.02;50.02;50.02;6023;1000;0.0;0;1.0000;0;0
600;2017-12-04 09:10:00;172602N232;170;0.119;20;222;223;220;223;0.965;50.00;472.8;0.181;456.2;0.137;0.0;0.000;60;0;0;0.943;0.959;0.993;34;88;46;50.00;50.00;50.00;6023;1000;0.0;0;1.0000;0;0
600;2017-12-04 09:20:00;172602N232;190;0.151;21;223;222;224;222;0.992;49.98;479.6;0.201;462.2;0.152;0.0;0.000;60;0;0;1.006;1.265;0.707;51;64;73;49.98;49.98;49.98;6023;1000;0.0;0;1.0000;0;0
600;2017-12-04 09:30:00;172602N232;270;0.196;21;223;223;223;222;1.107;50.00;349.4;0.517;466.2;0.170;0.0;0.000;60;0;0;1.191;1.154;0.978;77;104;87;50.00;50.00;50.00;6023;1000;0.0;0;1.0000;0;0
600;2017-12-04 09:40:00;172602N232;303;0.247;21;223;223;223;223;1.124;49.99;284.2;0.744;465.2;0.186;0.0;0.000;60;0;0;1.186;1.143;1.044;94;111;96;49.99;49.99;49.99;6023;1000;0.0;0;1.0000;0;0
600;2017-12-04 09:50:00;172602N232;233;0.286;21;224;224;224;223;1.052;49.99;317.5;0.435;468.5;0.197;0.0;0.000;60;0;0;1.080;1.159;0.919;55;86;91;49.99;49.99;49.99;6023;1000;0.0;0;1.0000;0;0
600;2017-12-04 10:00:00;172602N232;228;0.324;22;223;225;222;223;1.045;50.00;463.6;0.237;459.5;0.211;0.0;0.000;60;0;0;1.286;0.987;0.863;42;104;79;50.00;50.00;50.00;6023;1000;0.0;0;1.0000;0;0
600;2017-12-04 10:10:00;172602N232;240;0.364;22;224;224;225;223;1.073;49.98;470.4;0.250;455.9;0.219;0.0;0.000;60;0;0;1.252;1.161;0.807;53;104;81;49.98;49.98;49.98;6023;1000;0.0;0;1.0000;0;0
600;2017-12-04 10:20:00;172602N232;470;0.443;22;223;223;225;222;1.019;50.00;389.0;0.975;456.7;0.218;0.0;0.000;60;0;0;0.959;1.111;0.989;141;163;164;50.00;50.00;50.00;6023;1000;0.0;0;1.0000;0;0
600;2017-12-04 10:30:00;172602N232;653;0.553;23;224;224;226;222;1.082;49.99;421.3;1.293;455.7;0.216;0.0;0.000;60;0;0;1.084;1.091;1.073;208;224;219;49.99;49.99;49.99;6023;1000;0.0;0;1.0000;0;0
600;2017-12-04 10:40:00;172602N232;694;0.668;23;225;225;226;224;1.146;49.99;443.4;1.319;459.2;0.209;0.0;0.000;60;0;0;1.135;1.158;1.145;221;238;233;49.99;49.99;49.99;6023;1000;0.0;0;1.0000;0;0
600;2017-12-04 10:50:00;172602N232;669;0.779;24;225;225;225;224;1.039;49.99;404.6;1.389;461.5;0.212;0.0;0.000;60;0;0;0.996;1.073;1.050;212;231;224;49.99;49.99;49.99;6023;1000;0.0;0;1.0000;0;0
600;2017-12-04 11:00:00;172602N232;589;0.877;24;225;225;226;224;0.935;50.00;332.9;1.428;468.7;0.232;0.0;0.000;60;0;0;0.887;0.972;0.947;184;204;198;50.00;50.00;50.00;6023;1000;0.0;0;1.0000;0;0
600;2017-12-04 11:10:00;172602N232;448;0.952;24;225;225;227;224;0.798;49.98;284.0;1.167;459.6;0.247;0.0;0.000;60;0;0;0.758;0.838;0.799;133;157;156;49.98;49.98;49.98;6023;1000;0.0;0;1.0000;0;0
600;2017-12-04 11:20:00;172602N232;367;1.014;25;226;227;226;225;1.211;49.98;311.5;0.823;450.6;0.255;0.0;0.000;60;0;0;1.296;1.235;1.103;98;149;119;49.98;49.98;49.98;6023;1000;0.0;0;1.0000;0;0
600;2017-12-04 11:30:00;172602N232;335;1.070;25;226;226;228;225;1.182;50.00;356.1;0.572;459.9;0.261;0.0;0.000;60;0;0;1.278;1.213;1.056;106;110;117;50.00;50.00;50.00;6023;1000;0.0;0;1.0000;0;0
600;2017-12-04 11:40:00;172602N232;302;1.121;25;226;225;228;225;1.135;50.00;301.5;0.570;455.2;0.272;0.0;0.000;60;0;0;1.155;1.321;0.930;96;105;99;50.00;50.00;50.00;6023;1000;0.0;0;1.0000;0;0
600;2017-12-04 11:50:00;172602N232;262;1.164;25;225;225;226;224;1.137;50.00;380.3;0.341;449.8;0.283;0.0;0.000;60;0;0;1.133;1.345;0.935;70;92;97;50.00;50.00;50.00;6023;1000;0.0;0;1.0000;0;0
600;2017-12-04 12:00:00;172602N232;270;1.209;25;224;224;224;223;1.148;50.01;438.8;0.271;447.7;0.298;0.0;0.000;60;0;0;1.247;1.239;0.958;65;107;96;50.01;50.01;50.01;6023;1000;0.0;0;1.0000;0;0
600;2017-12-04 12:10:00;172602N232;273;1.255;25;224;225;225;223;1.155;49.99;438.3;0.294;414.1;0.309;0.0;0.000;60;0;0;1.202;1.273;0.990;63;106;102;49.99;49.99;49.99;6023;1000;0.0;0;1.0000;0;0
600;2017-12-04 12:20:00;172602N232;284;1.302;25;225;225;226;223;1.160;50.00;445.2;0.317;405.6;0.314;0.0;0.000;60;0;0;1.273;1.268;0.939;73;107;103;50.00;50.00;50.00;6023;1000;0.0;0;1.0000;0;0
600;2017-12-04 12:30:00;172602N232;306;1.354;25;224;225;224;223;1.156;49.99;450.3;0.332;425.4;0.328;0.0;0.000;60;0;0;1.335;1.063;1.070;90;114;100;49.99;49.99;49.99;6023;1000;0.0;0;1.0000;0;0
600;2017-12-04 12:40:00;172602N232;335;1.410;25;224;224;223;224;1.126;49.98;457.4;0.348;433.9;0.365;0.0;0.000;60;0;0;1.137;1.132;1.111;105;131;96;49.98;49.98;49.98;6023;1000;0.0;0;1.0000;0;0
600;2017-12-04 12:50:00;172602N232;365;1.470;25;224;223;224;224;1.162;49.98;466.1;0.380;438.3;0.388;0.0;0.000;60;0;0;1.151;1.176;1.160;124;123;116;49.98;49.98;49.98;6023;1000;0.0;0;1.0000;0;0
600;2017-12-04 13:00:00;172602N232;390;1.536;25;224;223;225;225;1.137;49.99;444.2;0.477;426.6;0.392;0.0;0.000;60;0;0;1.105;1.185;1.123;124;138;126;49.99;49.99;49.99;6023;1000;0.0;0;1.0000;0;0
600;2017-12-04 13:10:00;172602N232;429;1.608;25;225;224;226;226;0.807;50.00;429.1;0.552;433.9;0.415;0.0;0.000;60;0;0;0.760;0.848;0.815;130;152;145;50.00;50.00;50.00;6023;1000;0.0;0;1.0000;0;0
600;2017-12-04 13:20:00;172602N232;384;1.672;25;225;223;227;225;0.631;49.99;438.3;0.457;427.8;0.400;0.0;0.000;60;0;0;0.576;0.667;0.652;114;137;132;49.99;49.99;49.99;6023;1000;0.0;0;1.0000;0;0
600;2017-12-04 13:30:00;172602N232;333;1.727;25;225;224;227;224;0.921;49.99;424.3;0.395;422.3;0.359;0.0;0.000;60;0;0;0.956;0.978;0.830;111;121;100;49.99;49.99;49.99;6023;1000;0.0;0;1.0000;0;0
600;2017-12-04 13:40:00;172602N232;378;1.791;26;226;226;227;225;1.092;49.98;437.5;0.445;429.7;0.392;0.0;0.000;60;0;0;1.108;1.184;0.984;120;136;120;49.98;49.98;49.98;6023;1000;0.0;0;1.0000;0;0
600;2017-12-04 13:50:00;172602N232;432;1.863;26;225;225;226;224;0.886;49.99;457.7;0.497;439.8;0.430;0.0;0.000;60;0;0;0.861;0.926;0.872;132;155;143;49.99;49.99;49.99;6023;1000;0.0;0;1.0000;0;0
600;2017-12-04 14:00:00;172602N232;369;1.924;26;226;225;227;225;0.713;49.98;439.5;0.433;436.6;0.378;0.0;0.000;60;0;0;0.680;0.748;0.713;110;130;128;49.98;49.98;49.98;6023;1000;0.0;0;1.0000;0;0
600;2017-12-04 14:10:00;172602N232;288;1.973;26;226;226;227;225;1.112;50.01;428.2;0.336;427.8;0.299;0.0;0.000;60;0;0;1.221;1.207;0.910;87;111;88;50.01;50.01;50.01;6023;1000;0.0;0;1.0000;0;0
600;2017-12-04 14:20:00;172602N232;197;2.006;26;224;224;225;223;1.022;50.00;422.9;0.222;410.2;0.210;0.0;0.000;60;0;0;1.098;1.223;0.747;40;77;78;50.00;50.00;50.00;6023;1000;0.0;0;1.0000;0;0
600;2017-12-04 14:30:00;172602N232;87;2.021;26;224;224;226;223;0.875;49.99;395.6;0.093;385.7;0.090;0.0;0.000;60;0;0;0.822;1.111;0.694;17;12;56;49.99;49.99;49.99;6023;1000;0.0;0;1.0000;0;0
600;2017-12-04 14:40:00;172602N232;39;2.027;25;223;227;227;216;0.515;49.99;357.9;0.032;331.0;0.036;0.0;0.000;60;0;0;0.704;0.465;0.377;1;26;31;49.99;49.99;49.99;6023;1000;0.0;0;1.0000;0;0
600;2017-12-04 14:50:00;172602N232;4;2.028;25;222;227;226;214;0.168;49.98;257.1;0.000;256.4;0.001;0.0;0.000;60;0;0;0.273;0.126;0.105;2;5;6;49.98;49.98;49.98;6023;1000;0.0;0;1.0000;0;0
600;2017-12-04 15:00:00;172602N232;0;2.028;24;221;224;226;214;0.005;49.98;270.3;0.000;270.0;0.000;0.0;0.000;51;0;0;0.008;0.004;0.004;0;0;0;49.98;49.98;49.98;5838;1000;0.0;0;1.0000;0;0
600;2017-12-04 15:10:00;172602N232;0;2.028;23;221;222;226;215;0.000;50.03;233.1;0.000;234.1;0.000;0.0;0.000;51;0;0;0.000;0.000;0.000;0;0;0;50.03;50.03;50.03;5698;1000;0.0;0;1.0000;0;0
600;2017-12-04 15:20:00;172602N232;0;2.028;23;222;223;227;216;0.000;50.00;227.6;0.000;228.6;0.000;0.0;0.000;51;0;0;0.000;0.000;0.000;0;0;0;50.00;50.00;50.00;5698;1000;0.0;0;1.0000;0;0
[wr_ende]
