20171108;230002;172602N232;My Plant;+0100
[wr_def_start]
172602N232;Inverter Type;Inverter Group;72602N232      
[wr_def_end]
[wr]
INTERVAL;TIMESTAMP;SERIAL;P_AC;E_DAY;T_WR;U_AC;U_AC_1;U_AC_2;U_AC_3;I_AC;F_AC;U_DC_1;I_DC_1;U_DC_2;I_DC_2;U_DC_3;I_DC_3;S;E_WR;M_WR;I_AC_1;I_AC_2;I_AC_3;P_AC_1;P_AC_2;P_AC_3;F_AC_1;F_AC_2;F_AC_3;R_DC;PC;PCS;PCS_LL;COS_PHI;COS_PHI_LL;S_COS_PHI
600;2017-11-08 06:30:00;172602N232;0;0.000;0;4;4;4;4;0.000;0.92;4.1;0.000;4.1;0.000;0.0;0.000;50;0;0;0.000;0.000;0.000;0;0;0;0.92;0.92;0.92;40;1000;0.0;0;1.0000;0;0
600;2017-11-08 06:40:00;172602N232;0;0.000;17;220;221;221;216;0.000;50.00;229.1;0.000;230.0;0.000;0.0;0.000;50;0;0;0.000;0.000;0.000;0;0;0;50.00;50.00;50.00;0;1000;0.0;0;1.0000;0;0
600;2017-11-08 06:50:00;172602N232;0;0.000;18;220;220;223;218;0.000;50.00;242.8;0.000;243.6;0.000;0.0;0.000;50;0;0;0.000;0.000;0.000;0;0;0;50.00;50.00;50.00;0;1000;0.0;0;1.0000;0;0
600;2017-11-08 07:00:00;172602N232;0;0.000;18;221;221;223;219;0.001;50.00;285.9;0.000;285.0;0.000;0.0;0.000;60;0;0;0.001;0.001;0.001;0;0;0;50.00;50.00;50.00;3180;1000;0.0;0;1.0000;0;0
600;2017-11-08 07:10:00;172602N232;6;0.002;18;221;222;222;219;0.193;50.02;286.6;0.001;276.4;0.002;0.0;0.000;60;0;0;0.273;0.171;0.135;0;7;8;50.02;50.02;50.02;5174;1000;0.0;0;1.0000;0;0
600;2017-11-08 07:20:00;172602N232;43;0.011;19;221;222;219;221;0.556;50.01;379.3;0.042;336.8;0.035;0.0;0.000;60;0;0;0.701;0.465;0.503;0;34;20;50.01;50.01;50.01;5207;1000;0.0;0;1.0000;0;0
600;2017-11-08 07:30:00;172602N232;91;0.024;19;221;222;220;222;0.880;49.99;403.6;0.104;390.5;0.085;0.0;0.000;60;0;0;1.122;0.729;0.789;10;52;28;49.99;49.99;49.99;5207;1000;0.0;0;1.0000;0;0
600;2017-11-08 07:40:00;172602N232;97;0.041;20;221;222;220;221;0.949;50.01;406.1;0.116;390.5;0.089;0.0;0.000;60;0;0;1.316;0.743;0.789;5;64;31;50.01;50.01;50.01;5207;1000;0.0;0;1.0000;0;0
600;2017-11-08 07:50:00;172602N232;104;0.059;20;221;222;221;220;0.872;50.01;404.7;0.123;387.9;0.096;0.0;0.000;60;0;0;1.144;0.800;0.673;4;59;48;50.01;50.01;50.01;5207;1000;0.0;0;1.0000;0;0
600;2017-11-08 08:00:00;172602N232;95;0.074;21;221;222;220;221;0.933;50.03;402.9;0.106;397.3;0.091;0.0;0.000;60;0;0;1.275;0.746;0.780;4;60;33;50.03;50.03;50.03;5207;1000;0.0;0;1.0000;0;0
600;2017-11-08 08:10:00;172602N232;254;0.115;21;222;223;222;222;1.065;50.01;429.0;0.311;437.0;0.236;0.0;0.000;60;0;0;1.201;1.090;0.905;72;107;73;50.01;50.01;50.01;5207;1000;0.0;0;1.0000;0;0
600;2017-11-08 08:20:00;172602N232;365;0.176;21;222;222;222;222;1.099;50.02;438.5;0.455;455.1;0.326;0.0;0.000;60;0;0;1.111;1.134;1.052;114;136;113;50.02;50.02;50.02;5207;1000;0.0;0;1.0000;0;0
600;2017-11-08 08:30:00;172602N232;424;0.247;22;222;222;223;223;0.992;50.02;443.3;0.542;452.0;0.372;0.0;0.000;60;0;0;0.963;1.052;0.962;130;154;138;50.02;50.02;50.02;5207;1000;0.0;0;1.0000;0;0
600;2017-11-08 08:40:00;172602N232;439;0.321;22;222;222;222;222;0.748;49.99;436.4;0.568;457.5;0.388;0.0;0.000;60;0;0;0.706;0.780;0.759;135;154;149;49.99;49.99;49.99;5207;1000;0.0;0;1.0000;0;0
600;2017-11-08 08:50:00;172602N232;356;0.380;22;221;221;222;221;0.993;50.01;429.0;0.447;450.0;0.332;0.0;0.000;60;0;0;0.978;1.030;0.973;112;127;115;50.01;50.01;50.01;5207;1000;0.0;0;1.0000;0;0
600;2017-11-08 09:00:00;172602N232;551;0.471;23;221;221;222;222;0.955;50.00;434.7;0.704;457.7;0.508;0.0;0.000;60;0;0;0.912;0.991;0.964;171;192;186;50.00;50.00;50.00;5207;1000;0.0;0;1.0000;0;0
600;2017-11-08 09:10:00;172602N232;434;0.544;24;222;222;222;222;0.916;50.01;429.6;0.564;454.1;0.390;0.0;0.000;60;0;0;0.915;0.912;0.923;132;154;147;50.01;50.01;50.01;5207;1000;0.0;0;1.0000;0;0
600;2017-11-08 09:20:00;172602N232;422;0.614;24;222;222;222;221;1.094;50.01;429.5;0.570;403.1;0.411;0.0;0.000;60;0;0;1.193;0.937;1.153;142;139;139;50.01;50.01;50.01;5207;1000;0.0;0;1.0000;0;0
600;2017-11-08 09:30:00;172602N232;349;0.674;24;222;222;223;222;1.101;50.02;427.9;0.450;391.0;0.368;0.0;0.000;60;0;0;1.145;1.140;1.018;109;129;109;50.02;50.02;50.02;5207;1000;0.0;0;1.0000;0;0
600;2017-11-08 09:40:00;172602N232;542;0.765;25;222;222;223;222;0.861;50.01;436.4;0.667;434.5;0.550;0.0;0.000;60;0;0;0.813;0.896;0.874;168;188;183;50.01;50.01;50.01;5207;1000;0.0;0;1.0000;0;0
600;2017-11-08 09:50:00;172602N232;620;0.867;25;223;223;224;222;1.009;50.00;440.5;0.732;450.0;0.633;0.0;0.000;60;0;0;0.978;1.044;1.005;194;216;207;50.00;50.00;50.00;5207;1000;0.0;0;1.0000;0;0
600;2017-11-08 10:00:00;172602N232;628;0.972;25;222;222;224;220;0.990;50.02;438.7;0.741;447.7;0.651;0.0;0.000;60;0;0;0.943;1.030;0.997;198;219;210;50.02;50.02;50.02;5207;1000;0.0;0;1.0000;0;0
600;2017-11-08 10:10:00;172602N232;643;1.080;26;222;222;224;221;1.073;50.00;437.7;0.749;444.1;0.684;0.0;0.000;60;0;0;1.019;1.141;1.059;204;226;211;50.00;50.00;50.00;5207;1000;0.0;0;1.0000;0;0
600;2017-11-08 10:20:00;172602N232;677;1.192;26;222;222;224;221;1.113;50.00;437.6;0.793;443.5;0.719;0.0;0.000;60;0;0;1.062;1.171;1.106;214;237;223;50.00;50.00;50.00;5207;1000;0.0;0;1.0000;0;0
600;2017-11-08 10:30:00;172602N232;820;1.330;26;223;223;225;221;1.267;49.99;435.0;0.988;448.6;0.850;0.0;0.000;60;0;0;1.220;1.309;1.274;261;285;272;49.99;49.99;49.99;5207;1000;0.0;0;1.0000;0;0
600;2017-11-08 10:40:00;172602N232;862;1.473;26;222;222;224;221;1.330;49.99;430.4;1.060;448.8;0.886;0.0;0.000;60;0;0;1.284;1.370;1.338;275;298;287;49.99;49.99;49.99;5207;1000;0.0;0;1.0000;0;0
600;2017-11-08 10:50:00;172602N232;920;1.626;27;223;223;224;222;1.419;50.01;436.4;1.165;448.0;0.901;0.0;0.000;60;0;0;1.376;1.450;1.431;295;316;307;50.01;50.01;50.01;5207;1000;0.0;0;1.0000;0;0
600;2017-11-08 11:00:00;172602N232;977;1.790;27;223;222;224;222;1.510;50.00;440.6;1.204;449.4;0.969;0.0;0.000;60;0;0;1.467;1.540;1.523;313;335;327;50.00;50.00;50.00;5207;1000;0.0;0;1.0000;0;0
600;2017-11-08 11:10:00;172602N232;752;1.915;27;223;224;223;223;1.182;49.99;424.0;0.941;444.0;0.775;0.0;0.000;60;0;0;1.151;1.199;1.196;240;255;254;49.99;49.99;49.99;5207;1000;0.0;0;1.0000;0;0
600;2017-11-08 11:20:00;172602N232;744;2.039;27;224;224;224;223;1.156;50.00;423.6;0.926;442.8;0.774;0.0;0.000;60;0;0;1.110;1.191;1.168;236;256;249;50.00;50.00;50.00;5207;1000;0.0;0;1.0000;0;0
600;2017-11-08 11:30:00;172602N232;753;2.165;28;223;224;224;223;1.180;50.01;424.8;0.920;443.1;0.798;0.0;0.000;60;0;0;1.142;1.205;1.194;239;257;254;50.01;50.01;50.01;5207;1000;0.0;0;1.0000;0;0
600;2017-11-08 11:40:00;172602N232;931;2.320;28;223;224;223;224;1.424;50.00;430.5;1.128;451.5;0.971;0.0;0.000;60;0;0;1.380;1.451;1.442;299;316;314;50.00;50.00;50.00;5207;1000;0.0;0;1.0000;0;0
600;2017-11-08 11:50:00;172602N232;886;2.468;28;223;223;223;223;1.360;49.98;428.8;1.077;447.6;0.932;0.0;0.000;60;0;0;1.316;1.389;1.376;284;302;298;49.98;49.98;49.98;5207;1000;0.0;0;1.0000;0;0
600;2017-11-08 12:00:00;172602N232;1074;2.648;28;223;223;224;223;1.657;50.01;457.1;0.938;403.1;1.612;0.0;0.000;60;0;0;1.630;1.672;1.669;350;363;359;50.01;50.01;50.01;5207;1000;0.0;0;1.0000;0;0
600;2017-11-08 12:10:00;172602N232;692;2.763;28;223;223;223;223;1.077;49.98;453.0;0.548;327.4;1.342;0.0;0.000;60;0;0;1.027;1.111;1.095;218;238;234;49.98;49.98;49.98;5207;1000;0.0;0;1.0000;0;0
600;2017-11-08 12:20:00;172602N232;658;2.873;29;223;223;224;223;1.027;49.99;459.4;0.576;326.0;1.201;0.0;0.000;60;0;0;0.976;1.065;1.042;206;228;221;49.99;49.99;49.99;5207;1000;0.0;0;1.0000;0;0
600;2017-11-08 12:30:00;172602N232;570;2.967;29;223;223;225;222;0.898;50.00;463.7;0.545;327.5;0.952;0.0;0.000;60;0;0;0.844;0.939;0.912;176;200;192;50.00;50.00;50.00;5207;1000;0.0;0;1.0000;0;0
600;2017-11-08 12:40:00;172602N232;535;3.058;29;224;224;225;223;0.843;49.99;461.3;0.567;419.4;0.632;0.0;0.000;60;0;0;0.788;0.882;0.860;164;188;181;49.99;49.99;49.99;5207;1000;0.0;0;1.0000;0;0
600;2017-11-08 12:50:00;172602N232;655;3.166;29;223;223;225;222;1.025;49.99;350.7;1.189;451.5;0.539;0.0;0.000;60;0;0;0.971;1.070;1.036;205;229;220;49.99;49.99;49.99;5207;1000;0.0;0;1.0000;0;0
600;2017-11-08 13:00:00;172602N232;630;3.271;29;223;223;224;221;1.039;50.01;374.5;1.076;441.8;0.510;0.0;0.000;60;0;0;0.998;1.083;1.038;198;220;210;50.01;50.01;50.01;5207;1000;0.0;0;1.0000;0;0
600;2017-11-08 13:10:00;172602N232;475;3.351;29;223;223;224;222;0.758;50.01;412.1;0.583;426.2;0.525;0.0;0.000;60;0;0;0.707;0.796;0.773;145;167;160;50.01;50.01;50.01;5207;1000;0.0;0;1.0000;0;0
600;2017-11-08 13:20:00;172602N232;530;3.440;29;223;222;224;222;0.999;49.98;420.5;0.631;429.0;0.592;0.0;0.000;60;0;0;0.983;1.010;1.004;168;185;176;49.98;49.98;49.98;5207;1000;0.0;0;1.0000;0;0
600;2017-11-08 13:30:00;172602N232;507;3.524;29;222;222;224;221;0.813;49.99;419.1;0.605;427.3;0.567;0.0;0.000;60;0;0;0.765;0.852;0.823;157;178;170;49.99;49.99;49.99;5207;1000;0.0;0;1.0000;0;0
600;2017-11-08 13:40:00;172602N232;465;3.601;29;223;223;224;221;0.746;50.00;416.6;0.557;426.0;0.520;0.0;0.000;60;0;0;0.694;0.788;0.756;142;165;156;50.00;50.00;50.00;5207;1000;0.0;0;1.0000;0;0
600;2017-11-08 13:50:00;172602N232;648;3.710;29;223;223;225;221;1.016;50.01;425.4;0.782;431.7;0.706;0.0;0.000;60;0;0;0.964;1.060;1.025;203;226;217;50.01;50.01;50.01;5207;1000;0.0;0;1.0000;0;0
600;2017-11-08 14:00:00;172602N232;532;3.799;29;223;223;225;222;0.845;50.01;428.7;0.629;428.0;0.584;0.0;0.000;60;0;0;0.789;0.886;0.861;163;187;180;50.01;50.01;50.01;5207;1000;0.0;0;1.0000;0;0
600;2017-11-08 14:10:00;172602N232;331;3.855;29;223;224;224;221;1.087;50.03;432.9;0.378;429.5;0.352;0.0;0.000;60;0;0;1.163;1.084;1.016;98;119;112;50.03;50.03;50.03;5207;1000;0.0;0;1.0000;0;0
600;2017-11-08 14:20:00;172602N232;285;3.901;29;223;224;225;220;1.111;50.01;429.7;0.321;427.1;0.303;0.0;0.000;60;0;0;1.174;1.258;0.902;79;105;99;50.01;50.01;50.01;5207;1000;0.0;0;1.0000;0;0
600;2017-11-08 14:30:00;172602N232;210;3.937;29;223;223;225;223;1.024;49.99;414.3;0.238;417.5;0.228;0.0;0.000;60;0;0;1.144;1.076;0.852;70;57;82;49.99;49.99;49.99;5207;1000;0.0;0;1.0000;0;0
600;2017-11-08 14:40:00;172602N232;203;3.971;28;223;223;225;222;0.925;49.98;416.0;0.221;409.6;0.231;0.0;0.000;60;0;0;0.929;0.884;0.962;47;45;109;49.98;49.98;49.98;5207;1000;0.0;0;1.0000;0;0
600;2017-11-08 14:50:00;172602N232;167;3.999;28;224;225;225;223;0.962;49.98;405.3;0.180;405.0;0.193;0.0;0.000;60;0;0;0.905;1.245;0.737;17;65;83;49.98;49.98;49.98;5207;1000;0.0;0;1.0000;0;0
600;2017-11-08 15:00:00;172602N232;109;4.017;28;224;225;225;224;0.926;49.97;387.4;0.121;389.4;0.122;0.0;0.000;60;0;0;1.016;0.997;0.766;10;38;61;49.97;49.97;49.97;5207;1000;0.0;0;1.0000;0;0
600;2017-11-08 15:10:00;172602N232;39;4.024;27;224;224;225;223;0.627;50.03;337.0;0.037;326.4;0.039;0.0;0.000;60;0;0;0.615;0.811;0.456;9;5;30;50.03;50.03;50.03;5207;1000;0.0;0;1.0000;0;0
600;2017-11-08 15:20:00;172602N232;4;4.025;27;224;224;225;223;0.207;50.01;254.4;0.000;254.5;0.001;0.0;0.000;60;0;0;0.190;0.283;0.149;2;0;8;50.01;50.01;50.01;5207;1000;0.0;0;1.0000;0;0
600;2017-11-08 15:30:00;172602N232;0;4.025;27;223;224;224;221;0.007;50.00;274.2;0.000;273.4;0.000;0.0;0.000;50;0;0;0.008;0.009;0.006;0;0;0;50.00;50.00;50.00;5207;1000;0.0;0;1.0000;0;0
600;2017-11-08 15:40:00;172602N232;0;4.025;25;223;224;225;219;0.000;50.00;234.7;0.000;235.7;0.000;0.0;0.000;50;0;0;0.000;0.000;0.000;0;0;0;50.00;50.00;50.00;5207;1000;0.0;0;1.0000;0;0
600;2017-11-08 15:50:00;172602N232;0;4.025;25;222;224;224;219;0.000;49.98;229.3;0.000;230.3;0.000;0.0;0.000;50;0;0;0.000;0.000;0.000;0;0;0;49.98;49.98;49.98;5207;1000;0.0;0;1.0000;0;0
600;2017-11-08 16:00:00;172602N232;0;4.025;24;221;223;223;217;0.000;49.98;219.7;0.000;220.6;0.000;0.0;0.000;80;0;0;0.000;0.000;0.000;0;0;0;49.98;49.98;49.98;5207;1000;0.0;0;1.0000;0;0
[wr_ende]
