20161109;230000;172602N232;My Plant;+0100
[wr_def_start]
172602N232;Inverter Type;Inverter Group;72602N232      
[wr_def_end]
[wr]
INTERVAL;TIMESTAMP;SERIAL;P_AC;E_DAY;T_WR;U_AC;U_AC_1;U_AC_2;U_AC_3;I_AC;F_AC;U_DC_1;I_DC_1;U_DC_2;I_DC_2;U_DC_3;I_DC_3;S;E_WR;M_WR;I_AC_1;I_AC_2;I_AC_3;P_AC_1;P_AC_2;P_AC_3;F_AC_1;F_AC_2;F_AC_3;R_DC;PC;PCS;PCS_LL;COS_PHI;COS_PHI_LL;S_COS_PHI
600;2016-11-09 07:20:00;172602N232;0;0.000;0;2;2;2;2;0.000;0.54;2.3;0.000;2.4;0.000;0.0;0.000;50;0;0;0.000;0.000;0.000;0;0;0;0.54;0.54;0.54;13;1000;0.0;0;1.0000;0;0
600;2016-11-09 07:30:00;172602N232;0;0.000;12;220;221;222;219;0.000;49.97;227.2;0.000;228.1;0.000;0.0;0.000;50;0;0;0.000;0.000;0.000;0;0;0;49.97;49.97;49.97;0;1000;0.0;0;1.0000;0;0
600;2016-11-09 07:40:00;172602N232;0;0.000;13;221;221;223;218;0.000;49.98;227.0;0.000;227.9;0.000;0.0;0.000;50;0;0;0.000;0.000;0.000;0;0;0;49.98;49.98;49.98;0;1000;0.0;0;1.0000;0;0
600;2016-11-09 07:50:00;172602N232;0;0.000;14;220;221;222;218;0.000;49.99;226.9;0.000;227.8;0.000;0.0;0.000;50;0;0;0.000;0.000;0.000;0;0;0;49.99;49.99;49.99;0;1000;0.0;0;1.0000;0;0
600;2016-11-09 08:00:00;172602N232;0;0.000;14;220;220;223;217;0.000;49.98;228.1;0.000;229.0;0.000;0.0;0.000;50;0;0;0.000;0.000;0.000;0;0;0;49.98;49.98;49.98;0;1000;0.0;0;1.0000;0;0
600;2016-11-09 08:10:00;172602N232;0;0.000;14;219;220;221;216;0.000;49.99;226.3;0.000;227.2;0.000;0.0;0.000;50;0;0;0.000;0.000;0.000;0;0;0;49.99;49.99;49.99;0;1000;0.0;0;1.0000;0;0
600;2016-11-09 08:20:00;172602N232;0;0.000;15;221;222;223;218;0.000;49.99;230.2;0.000;231.1;0.000;0.0;0.000;50;0;0;0.000;0.000;0.000;0;0;0;49.99;49.99;49.99;0;1000;0.0;0;1.0000;0;0
600;2016-11-09 08:30:00;172602N232;0;0.000;15;222;222;224;219;0.000;50.01;234.2;0.000;235.1;0.000;0.0;0.000;50;0;0;0.000;0.000;0.000;0;0;0;50.01;50.01;50.01;0;1000;0.0;0;1.0000;0;0
600;2016-11-09 08:40:00;172602N232;0;0.000;15;221;222;224;218;0.000;50.00;237.9;0.000;238.8;0.000;0.0;0.000;50;0;0;0.000;0.000;0.000;0;0;0;50.00;50.00;50.00;0;1000;0.0;0;1.0000;0;0
600;2016-11-09 08:50:00;172602N232;0;0.000;15;221;222;223;218;0.000;50.00;287.1;0.000;286.9;0.000;0.0;0.000;50;0;0;0.000;0.000;0.000;0;0;0;50.00;50.00;50.00;0;1000;0.0;0;1.0000;0;0
600;2016-11-09 09:00:00;172602N232;0;0.000;15;220;221;223;217;0.000;50.01;290.6;0.000;290.4;0.000;0.0;0.000;50;0;0;0.000;0.000;0.000;0;0;0;50.01;50.01;50.02;0;1000;0.0;0;1.0000;0;0
600;2016-11-09 09:10:00;172602N232;0;0.000;15;220;221;222;217;0.000;50.01;255.9;0.000;256.5;0.000;0.0;0.000;50;0;0;0.000;0.000;0.000;0;0;0;50.01;50.01;50.01;0;1000;0.0;0;1.0000;0;0
600;2016-11-09 09:20:00;172602N232;0;0.000;15;219;221;221;216;0.000;49.99;256.8;0.000;257.4;0.000;0.0;0.000;50;0;0;0.000;0.000;0.000;0;0;0;49.99;49.99;49.99;0;1000;0.0;0;1.0000;0;0
600;2016-11-09 09:30:00;172602N232;0;0.000;15;219;221;222;215;0.000;49.99;277.9;0.000;278.3;0.000;0.0;0.000;51;0;0;0.001;0.000;0.000;0;0;0;49.99;49.99;49.99;1084;1000;0.0;0;1.0000;0;0
600;2016-11-09 09:40:00;172602N232;0;0.000;15;220;222;221;216;0.002;50.00;281.8;0.000;281.2;0.000;0.0;0.000;60;0;0;0.006;0.001;0.001;0;0;0;50.00;50.00;50.00;8410;1000;0.0;0;1.0000;0;0
600;2016-11-09 09:50:00;172602N232;0;0.000;15;220;221;223;217;0.005;49.99;298.1;0.000;297.2;0.000;0.0;0.000;51;0;0;0.017;0.000;0.000;0;0;0;49.99;49.99;49.99;5019;1000;0.0;0;1.0000;0;0
600;2016-11-09 10:00:00;172602N232;0;0.000;16;220;221;221;216;0.001;49.99;293.1;0.000;291.9;0.000;0.0;0.000;51;0;0;0.004;0.000;0.000;0;0;0;49.99;49.99;49.99;9617;1000;0.0;0;1.0000;0;0
600;2016-11-09 10:10:00;172602N232;0;0.000;16;220;221;222;216;0.000;49.99;259.5;0.000;260.0;0.000;0.0;0.000;51;0;0;0.000;0.000;0.000;0;0;0;49.99;49.99;49.99;7665;1000;0.0;0;1.0000;0;0
600;2016-11-09 10:20:00;172602N232;0;0.000;16;220;220;222;216;0.002;49.98;276.0;0.000;275.6;0.000;0.0;0.000;60;0;0;0.003;0.003;0.001;0;0;0;49.98;49.98;49.98;7665;1000;0.0;0;1.0000;0;0
600;2016-11-09 10:30:00;172602N232;9;0.001;16;220;220;222;218;0.232;49.98;297.1;0.002;310.5;0.005;0.0;0.000;60;0;0;0.248;0.293;0.156;2;0;10;49.98;49.98;49.98;5842;1000;0.0;0;1.0000;0;0
600;2016-11-09 10:40:00;172602N232;11;0.003;16;220;220;221;218;0.288;49.97;276.4;0.002;291.6;0.006;0.0;0.000;60;0;0;0.364;0.327;0.173;4;1;11;49.97;49.97;49.97;4910;1000;0.0;0;1.0000;0;0
600;2016-11-09 10:50:00;172602N232;8;0.005;17;219;220;221;217;0.213;49.97;267.5;0.001;276.9;0.004;0.0;0.000;60;0;0;0.280;0.218;0.141;1;2;9;49.97;49.97;49.97;4910;1000;0.0;0;1.0000;0;0
600;2016-11-09 11:00:00;172602N232;1;0.006;17;220;220;221;217;0.097;49.98;251.6;0.000;252.5;0.000;0.0;0.000;60;0;0;0.113;0.111;0.067;1;1;3;49.98;49.98;49.98;4910;1000;0.0;0;1.0000;0;0
600;2016-11-09 11:10:00;172602N232;3;0.006;17;225;225;226;223;0.173;49.99;253.2;0.000;256.7;0.000;0.0;0.000;60;0;0;0.276;0.149;0.095;1;2;5;49.99;49.99;49.99;4910;1000;0.0;0;1.0000;0;0
600;2016-11-09 11:20:00;172602N232;16;0.009;17;225;226;227;223;0.347;50.00;298.5;0.007;301.1;0.009;0.0;0.000;60;0;0;0.482;0.376;0.184;11;0;12;50.00;50.00;50.00;4910;1000;0.0;0;1.0000;0;0
600;2016-11-09 11:30:00;172602N232;29;0.014;17;223;223;223;221;0.446;50.00;360.0;0.017;347.4;0.020;0.0;0.000;60;0;0;0.537;0.441;0.360;5;15;25;50.00;50.00;50.00;4910;1000;0.0;0;1.0000;0;0
600;2016-11-09 11:40:00;172602N232;8;0.018;17;223;224;223;222;0.206;49.99;277.7;0.004;274.6;0.005;0.0;0.000;60;0;0;0.267;0.187;0.164;0;10;10;49.99;49.99;49.99;4910;1000;0.0;0;1.0000;0;0
600;2016-11-09 11:50:00;172602N232;17;0.023;18;222;224;222;222;0.359;49.99;317.1;0.008;308.3;0.011;0.0;0.000;60;0;0;0.513;0.286;0.279;0;18;16;49.99;49.99;49.99;4910;1000;0.0;0;1.0000;0;0
600;2016-11-09 12:00:00;172602N232;3;0.025;18;222;223;222;221;0.110;49.98;284.1;0.000;278.1;0.000;0.0;0.000;60;0;0;0.164;0.093;0.074;0;4;4;49.98;49.98;49.98;4828;1000;0.0;0;1.0000;0;0
600;2016-11-09 12:10:00;172602N232;2;0.027;18;222;223;221;221;0.097;50.00;257.6;0.000;253.9;0.000;0.0;0.000;60;0;0;0.121;0.089;0.082;0;4;4;50.00;50.00;50.00;4748;1000;0.0;0;1.0000;0;0
600;2016-11-09 12:20:00;172602N232;1;0.028;18;222;223;223;220;0.073;49.98;251.8;0.000;252.4;0.000;0.0;0.000;60;0;0;0.102;0.063;0.056;0;1;3;49.98;49.98;49.98;4748;1000;0.0;0;1.0000;0;0
600;2016-11-09 12:30:00;172602N232;0;0.028;18;222;224;223;220;0.087;49.98;251.8;0.000;252.2;0.000;0.0;0.000;60;0;0;0.132;0.069;0.061;0;2;3;49.98;49.98;49.98;4748;1000;0.0;0;1.0000;0;0
600;2016-11-09 12:40:00;172602N232;20;0.034;18;222;223;223;220;0.367;49.99;339.6;0.009;304.3;0.011;0.0;0.000;60;0;0;0.533;0.312;0.256;0;17;18;49.99;49.99;49.99;4748;1000;0.0;0;1.0000;0;0
600;2016-11-09 12:50:00;172602N232;5;0.038;18;222;223;223;220;0.160;49.98;266.6;0.001;263.8;0.002;0.0;0.000;60;0;0;0.233;0.135;0.114;0;6;7;49.98;49.98;49.98;4748;1000;0.0;0;1.0000;0;0
600;2016-11-09 13:00:00;172602N232;0;0.038;18;222;223;223;220;0.015;49.99;272.9;0.000;272.2;0.000;0.0;0.000;60;0;0;0.018;0.014;0.013;0;0;0;49.99;49.99;49.99;4718;1000;0.0;0;1.0000;0;0
600;2016-11-09 13:10:00;172602N232;0;0.038;18;222;223;223;219;0.005;50.00;284.1;0.000;283.0;0.000;0.0;0.000;51;0;0;0.006;0.005;0.004;0;0;0;50.00;50.00;50.00;5056;1000;0.0;0;1.0000;0;0
600;2016-11-09 13:20:00;172602N232;7;0.040;18;221;222;223;218;0.192;49.99;288.1;0.002;277.1;0.002;0.0;0.000;60;0;0;0.258;0.178;0.141;0;5;9;49.99;49.99;49.99;5242;1000;0.0;0;1.0000;0;0
600;2016-11-09 13:30:00;172602N232;0;0.041;18;223;224;224;220;0.006;49.98;278.9;0.000;277.5;0.000;0.0;0.000;60;0;0;0.008;0.005;0.005;0;0;0;49.98;49.98;49.98;4964;1000;0.0;0;1.0000;0;0
600;2016-11-09 13:40:00;172602N232;0;0.041;18;223;224;224;220;0.002;49.99;273.0;0.000;272.1;0.000;0.0;0.000;60;0;0;0.004;0.002;0.002;0;0;0;49.99;49.99;49.99;4438;1000;0.0;0;1.0000;0;0
600;2016-11-09 13:50:00;172602N232;1;0.041;18;222;224;223;220;0.064;49.98;278.4;0.000;275.9;0.000;0.0;0.000;60;0;0;0.093;0.051;0.050;0;2;3;49.98;49.98;49.98;5229;1000;0.0;0;1.0000;0;0
600;2016-11-09 14:00:00;172602N232;0;0.041;18;222;224;224;218;0.000;49.98;292.5;0.000;290.2;0.000;0.0;0.000;51;0;0;0.001;0.000;0.000;0;0;0;49.98;49.98;49.98;4399;1000;0.0;0;1.0000;0;0
600;2016-11-09 14:10:00;172602N232;1;0.043;18;222;223;223;219;0.087;49.99;267.2;0.000;266.4;0.000;0.0;0.000;60;0;0;0.131;0.070;0.061;0;3;3;49.99;49.99;49.99;3967;1000;0.0;0;1.0000;0;0
600;2016-11-09 14:20:00;172602N232;0;0.043;18;223;224;225;220;0.003;50.00;304.3;0.000;300.7;0.000;0.0;0.000;51;0;0;0.011;0.000;0.000;0;0;0;50.00;50.00;50.00;4488;1000;0.0;0;1.0000;0;0
600;2016-11-09 14:30:00;172602N232;0;0.043;18;223;224;224;220;0.000;49.99;263.5;0.000;263.1;0.000;0.0;0.000;60;0;0;0.002;0.000;0.000;0;0;0;49.99;49.99;49.99;5315;1000;0.0;0;1.0000;0;0
600;2016-11-09 14:40:00;172602N232;0;0.043;18;224;225;225;221;0.001;49.99;290.4;0.000;287.8;0.000;0.0;0.000;51;0;0;0.005;0.000;0.000;0;0;0;49.99;49.99;49.99;5278;1000;0.0;0;1.0000;0;0
600;2016-11-09 14:50:00;172602N232;0;0.043;18;223;224;226;220;0.000;49.98;239.3;0.000;240.3;0.000;0.0;0.000;51;0;0;0.000;0.000;0.000;0;0;0;49.98;49.98;49.98;5259;1000;0.0;0;1.0000;0;0
600;2016-11-09 15:00:00;172602N232;0;0.043;18;223;224;225;220;0.000;49.98;231.5;0.000;232.5;0.000;0.0;0.000;51;0;0;0.000;0.000;0.000;0;0;0;49.98;49.98;49.98;5259;1000;0.0;0;1.0000;0;0
600;2016-11-09 15:10:00;172602N232;0;0.043;18;223;224;225;220;0.000;49.98;237.1;0.000;238.0;0.000;0.0;0.000;51;0;0;0.000;0.000;0.000;0;0;0;49.98;49.98;49.98;5259;1000;0.0;0;1.0000;0;0
600;2016-11-09 15:20:00;172602N232;0;0.043;18;224;224;226;220;0.000;50.02;228.6;0.000;229.5;0.000;0.0;0.000;51;0;0;0.000;0.000;0.000;0;0;0;50.02;50.02;50.02;5259;1000;0.0;0;1.0000;0;0
600;2016-11-09 15:30:00;172602N232;0;0.043;17;224;224;226;221;0.000;50.00;227.4;0.000;228.3;0.000;0.0;0.000;51;0;0;0.000;0.000;0.000;0;0;0;50.00;50.00;50.00;5259;1000;0.0;0;1.0000;0;0
600;2016-11-09 15:40:00;172602N232;0;0.043;17;223;225;225;220;0.000;49.98;226.8;0.000;227.7;0.000;0.0;0.000;51;0;0;0.000;0.000;0.000;0;0;0;49.98;49.98;49.98;5259;1000;0.0;0;1.0000;0;0
[wr_ende]
