20151030;230000;172602N232;My Plant;+0100
[wr_def_start]
172602N232;Inverter Type;Inverter Group;72602N232      
[wr_def_end]
[wr]
INTERVAL;TIMESTAMP;SERIAL;P_AC;E_DAY;T_WR;U_AC;U_AC_1;U_AC_2;U_AC_3;I_AC;F_AC;U_DC_1;I_DC_1;U_DC_2;I_DC_2;U_DC_3;I_DC_3;S;E_WR;M_WR;I_AC_1;I_AC_2;I_AC_3;P_AC_1;P_AC_2;P_AC_3;F_AC_1;F_AC_2;F_AC_3;R_DC;PC;PCS;PCS_LL;COS_PHI;COS_PHI_LL;S_COS_PHI
600;2015-10-30 06:30:00;172602N232;0;0.000;0;1;1;1;1;0.000;0.38;1.6;0.000;1.6;0.000;0.0;0.000;50;0;0;0.000;0.000;0.000;0;0;0;0.38;0.38;0.38;9;1000;0.0;0;1.0000;0;0
600;2015-10-30 06:40:00;172602N232;0;0.000;20;225;225;227;221;0.000;50.07;229.7;0.000;230.6;0.000;0.0;0.000;50;0;0;0.000;0.000;0.000;0;0;0;50.07;50.07;50.07;0;1000;0.0;0;1.0000;0;0
600;2015-10-30 06:50:00;172602N232;0;0.000;21;224;225;227;222;0.000;50.02;237.7;0.000;238.7;0.000;0.0;0.000;50;0;0;0.000;0.000;0.000;0;0;0;50.02;50.02;50.02;0;1000;0.0;0;1.0000;0;0
600;2015-10-30 07:00:00;172602N232;0;0.000;22;224;224;226;223;0.005;49.99;274.0;0.000;273.9;0.000;0.0;0.000;60;0;0;0.004;0.006;0.006;0;0;0;49.99;49.99;49.99;2839;1000;0.0;0;1.0000;0;0
600;2015-10-30 07:10:00;172602N232;9;0.001;22;224;223;225;224;0.230;49.99;270.7;0.003;274.7;0.005;0.0;0.000;60;0;0;0.203;0.294;0.194;6;2;6;49.99;49.99;49.99;7935;1000;0.0;0;1.0000;0;0
600;2015-10-30 07:20:00;172602N232;43;0.008;23;224;222;225;224;0.529;49.99;357.5;0.039;358.0;0.041;0.0;0.000;60;0;0;0.435;0.680;0.474;19;5;20;49.99;49.99;49.99;7935;1000;0.0;0;1.0000;0;0
600;2015-10-30 07:30:00;172602N232;66;0.019;23;223;222;224;224;0.851;50.01;378.9;0.071;376.1;0.071;0.0;0.000;60;0;0;0.747;1.093;0.713;28;3;34;50.01;50.01;50.01;7935;1000;0.0;0;1.0000;0;0
600;2015-10-30 07:40:00;172602N232;69;0.030;24;223;222;224;223;0.910;50.03;379.4;0.076;375.5;0.076;0.0;0.000;60;0;0;0.832;1.141;0.759;21;8;40;50.03;50.03;50.03;7935;1000;0.0;0;1.0000;0;0
600;2015-10-30 07:50:00;172602N232;85;0.045;24;223;221;224;223;0.932;50.02;387.2;0.096;381.0;0.095;0.0;0.000;60;0;0;0.770;1.258;0.770;34;6;46;50.02;50.02;50.02;7935;1000;0.0;0;1.0000;0;0
600;2015-10-30 08:00:00;172602N232;91;0.060;24;223;221;224;223;0.921;50.01;388.6;0.102;381.2;0.102;0.0;0.000;60;0;0;0.758;1.226;0.780;36;9;46;50.01;50.01;50.01;7935;1000;0.0;0;1.0000;0;0
600;2015-10-30 08:10:00;172602N232;117;0.081;25;223;222;225;222;0.926;50.01;397.4;0.132;386.7;0.133;0.0;0.000;60;0;0;0.811;1.219;0.750;37;16;62;50.01;50.01;50.01;7935;1000;0.0;0;1.0000;0;0
600;2015-10-30 08:20:00;172602N232;169;0.108;25;223;222;225;222;0.961;50.01;407.3;0.194;395.0;0.195;0.0;0.000;60;0;0;0.837;1.300;0.747;49;46;72;50.01;50.01;50.01;7935;1000;0.0;0;1.0000;0;0
600;2015-10-30 08:30:00;172602N232;212;0.144;25;224;225;224;223;1.057;49.99;410.8;0.245;399.2;0.246;0.0;0.000;60;0;0;1.291;1.110;0.770;41;98;71;49.99;49.99;49.99;7935;1000;0.0;0;1.0000;0;0
600;2015-10-30 08:40:00;172602N232;223;0.181;26;224;225;225;223;1.058;50.01;412.6;0.257;399.5;0.260;0.0;0.000;60;0;0;1.230;1.139;0.805;47;96;78;50.01;50.01;50.01;7935;1000;0.0;0;1.0000;0;0
600;2015-10-30 08:50:00;172602N232;210;0.216;26;224;225;226;223;1.022;50.01;409.6;0.244;397.8;0.246;0.0;0.000;60;0;0;1.136;1.206;0.724;42;87;79;50.01;50.01;50.01;7935;1000;0.0;0;1.0000;0;0
600;2015-10-30 09:00:00;172602N232;206;0.251;27;223;224;224;223;0.988;50.02;412.1;0.236;397.2;0.240;0.0;0.000;60;0;0;1.155;0.996;0.815;34;90;79;50.02;50.02;50.02;7935;1000;0.0;0;1.0000;0;0
600;2015-10-30 09:10:00;172602N232;300;0.300;27;224;225;224;222;1.182;50.03;421.0;0.345;404.9;0.351;0.0;0.000;60;0;0;1.408;1.146;0.992;77;121;99;50.03;50.03;50.03;7935;1000;0.0;0;1.0000;0;0
600;2015-10-30 09:20:00;172602N232;392;0.366;27;224;225;225;222;1.072;50.02;425.1;0.454;408.4;0.462;0.0;0.000;60;0;0;1.114;1.089;1.013;113;147;131;50.02;50.02;50.02;7935;1000;0.0;0;1.0000;0;0
600;2015-10-30 09:30:00;172602N232;469;0.445;27;224;224;226;223;0.745;50.02;425.1;0.549;410.8;0.554;0.0;0.000;60;0;0;0.691;0.789;0.757;142;166;158;50.02;50.02;50.02;7935;1000;0.0;0;1.0000;0;0
600;2015-10-30 09:40:00;172602N232;495;0.528;28;225;224;226;224;0.813;50.00;423.4;0.584;411.3;0.584;0.0;0.000;60;0;0;0.759;0.861;0.819;151;175;167;50.00;50.00;50.00;7935;1000;0.0;0;1.0000;0;0
600;2015-10-30 09:50:00;172602N232;479;0.607;28;224;225;226;223;0.757;49.99;424.0;0.563;408.3;0.570;0.0;0.000;60;0;0;0.708;0.796;0.769;147;168;161;49.99;49.99;49.99;7935;1000;0.0;0;1.0000;0;0
600;2015-10-30 10:00:00;172602N232;389;0.673;29;224;225;225;224;1.117;49.99;420.5;0.456;403.1;0.464;0.0;0.000;60;0;0;1.138;1.143;1.072;115;141;131;49.99;49.99;49.99;7935;1000;0.0;0;1.0000;0;0
600;2015-10-30 10:10:00;172602N232;320;0.725;29;224;224;226;223;1.158;49.99;415.0;0.376;399.9;0.381;0.0;0.000;60;0;0;1.199;1.259;1.017;93;109;116;49.99;49.99;49.99;7935;1000;0.0;0;1.0000;0;0
600;2015-10-30 10:20:00;172602N232;426;0.797;29;224;224;226;223;0.889;50.00;415.8;0.508;406.9;0.507;0.0;0.000;60;0;0;0.855;0.940;0.873;125;151;148;50.00;50.00;50.00;7935;1000;0.0;0;1.0000;0;0
600;2015-10-30 10:30:00;172602N232;347;0.855;30;222;222;223;221;1.161;49.99;419.3;0.405;403.6;0.410;0.0;0.000;60;0;0;1.169;1.235;1.081;102;118;125;49.99;49.99;49.99;7935;1000;0.0;0;1.0000;0;0
600;2015-10-30 10:40:00;172602N232;452;0.930;30;222;221;224;221;0.946;49.99;423.3;0.531;406.6;0.538;0.0;0.000;60;0;0;0.894;1.012;0.934;136;157;157;49.99;49.99;49.99;7935;1000;0.0;0;1.0000;0;0
600;2015-10-30 10:50:00;172602N232;505;1.015;30;222;222;224;221;0.906;49.99;425.3;0.596;412.1;0.590;0.0;0.000;60;0;0;0.872;0.952;0.894;158;179;166;49.99;49.99;49.99;7935;1000;0.0;0;1.0000;0;0
600;2015-10-30 11:00:00;172602N232;517;1.102;30;223;222;225;221;0.876;49.99;425.1;0.611;412.2;0.604;0.0;0.000;60;0;0;0.829;0.923;0.878;160;183;172;49.99;49.99;49.99;7935;1000;0.0;0;1.0000;0;0
600;2015-10-30 11:10:00;172602N232;453;1.177;30;222;222;223;222;0.728;50.00;422.1;0.540;414.6;0.521;0.0;0.000;60;0;0;0.676;0.765;0.744;138;159;154;50.00;50.00;50.00;7935;1000;0.0;0;1.0000;0;0
600;2015-10-30 11:20:00;172602N232;351;1.236;31;222;222;223;222;1.165;50.00;416.4;0.422;406.0;0.405;0.0;0.000;60;0;0;1.194;1.176;1.126;99;126;124;50.00;50.00;50.00;7935;1000;0.0;0;1.0000;0;0
600;2015-10-30 11:30:00;172602N232;434;1.307;31;222;222;223;221;0.931;49.99;421.2;0.515;409.2;0.509;0.0;0.000;60;0;0;0.902;0.979;0.912;130;156;147;49.99;49.99;49.99;7935;1000;0.0;0;1.0000;0;0
600;2015-10-30 11:40:00;172602N232;421;1.379;31;223;222;224;222;0.679;50.01;421.1;0.497;404.5;0.502;0.0;0.000;60;0;0;0.625;0.721;0.692;127;150;143;50.01;50.01;50.01;7935;1000;0.0;0;1.0000;0;0
600;2015-10-30 11:50:00;172602N232;484;1.459;31;222;222;224;220;0.772;50.01;424.6;0.571;413.2;0.564;0.0;0.000;60;0;0;0.722;0.816;0.779;149;171;162;50.01;50.01;50.01;7935;1000;0.0;0;1.0000;0;0
600;2015-10-30 12:00:00;172602N232;507;1.544;31;223;223;224;221;0.978;49.99;425.1;0.598;414.1;0.589;0.0;0.000;60;0;0;0.844;1.095;0.995;151;185;170;49.99;49.99;49.99;7935;1000;0.0;0;1.0000;0;0
600;2015-10-30 12:10:00;172602N232;478;1.624;31;222;223;222;222;0.762;50.00;422.6;0.568;413.4;0.555;0.0;0.000;60;0;0;0.710;0.800;0.776;147;168;162;50.00;50.00;50.00;7935;1000;0.0;0;1.0000;0;0
600;2015-10-30 12:20:00;172602N232;574;1.719;31;223;223;224;221;0.901;50.00;423.5;0.687;417.3;0.661;0.0;0.000;60;0;0;0.848;0.946;0.911;178;202;193;50.00;50.00;50.00;7935;1000;0.0;0;1.0000;0;0
600;2015-10-30 12:30:00;172602N232;477;1.799;32;223;223;224;221;0.757;49.99;420.3;0.572;413.8;0.551;0.0;0.000;60;0;0;0.704;0.800;0.768;146;169;160;49.99;49.99;49.99;7935;1000;0.0;0;1.0000;0;0
600;2015-10-30 12:40:00;172602N232;475;1.879;32;223;222;225;221;0.791;50.00;419.0;0.573;414.0;0.547;0.0;0.000;60;0;0;0.739;0.842;0.794;145;169;159;50.00;50.00;50.00;7935;1000;0.0;0;1.0000;0;0
600;2015-10-30 12:50:00;172602N232;365;1.940;32;223;222;225;222;1.222;50.00;415.9;0.437;403.8;0.428;0.0;0.000;60;0;0;1.181;1.388;1.099;106;116;142;50.00;50.00;50.00;7935;1000;0.0;0;1.0000;0;0
600;2015-10-30 13:00:00;172602N232;237;1.979;32;223;222;224;221;1.076;50.00;406.9;0.282;398.5;0.275;0.0;0.000;60;0;0;1.168;1.259;0.802;61;90;84;50.00;50.00;50.00;7935;1000;0.0;0;1.0000;0;0
600;2015-10-30 13:10:00;172602N232;388;2.045;32;223;223;225;222;1.183;50.00;413.8;0.472;401.2;0.457;0.0;0.000;60;0;0;1.259;1.238;1.052;120;137;130;50.00;50.00;50.00;7935;1000;0.0;0;1.0000;0;0
600;2015-10-30 13:20:00;172602N232;794;2.177;32;224;224;225;222;1.224;50.02;429.9;0.939;423.3;0.905;0.0;0.000;60;0;0;1.172;1.270;1.231;251;276;264;50.02;50.02;50.02;7935;1000;0.0;0;1.0000;0;0
600;2015-10-30 13:30:00;172602N232;686;2.291;32;223;223;224;221;1.143;50.01;427.7;0.815;419.2;0.788;0.0;0.000;60;0;0;1.150;1.147;1.134;219;235;230;50.01;50.01;50.01;7935;1000;0.0;0;1.0000;0;0
600;2015-10-30 13:40:00;172602N232;474;2.371;32;223;223;224;221;0.814;50.00;418.8;0.570;412.4;0.547;0.0;0.000;60;0;0;0.777;0.858;0.808;146;167;159;50.00;50.00;50.00;7935;1000;0.0;0;1.0000;0;0
600;2015-10-30 13:50:00;172602N232;267;2.415;32;222;222;223;221;1.101;49.99;407.1;0.322;402.4;0.308;0.0;0.000;60;0;0;1.207;1.216;0.882;74;103;89;49.99;49.99;49.99;7935;1000;0.0;0;1.0000;0;0
600;2015-10-30 14:00:00;172602N232;166;2.442;32;222;222;224;221;0.973;50.00;396.8;0.197;390.2;0.191;0.0;0.000;60;0;0;1.015;1.174;0.730;31;60;72;50.00;50.00;50.00;7935;1000;0.0;0;1.0000;0;0
600;2015-10-30 14:10:00;172602N232;106;2.461;31;222;222;224;222;0.916;50.01;384.2;0.124;378.4;0.122;0.0;0.000;60;0;0;0.891;1.122;0.735;21;22;61;50.01;50.01;50.01;7935;1000;0.0;0;1.0000;0;0
600;2015-10-30 14:20:00;172602N232;241;2.501;31;222;222;224;221;1.062;50.02;405.2;0.287;401.5;0.274;0.0;0.000;60;0;0;1.126;1.167;0.895;66;80;93;50.02;50.02;50.02;7935;1000;0.0;0;1.0000;0;0
600;2015-10-30 14:30:00;172602N232;318;2.554;31;223;223;225;221;1.157;50.02;414.7;0.380;408.9;0.363;0.0;0.000;60;0;0;1.263;1.206;1.003;102;105;109;50.02;50.02;50.02;7935;1000;0.0;0;1.0000;0;0
600;2015-10-30 14:40:00;172602N232;350;2.613;31;223;223;225;222;1.220;50.01;415.7;0.421;410.9;0.400;0.0;0.000;60;0;0;1.280;1.287;1.093;98;119;131;50.01;50.01;50.01;7935;1000;0.0;0;1.0000;0;0
600;2015-10-30 14:50:00;172602N232;262;2.657;31;223;223;225;222;1.095;50.01;409.3;0.313;403.8;0.299;0.0;0.000;60;0;0;1.170;1.252;0.863;82;85;92;50.01;50.01;50.01;7935;1000;0.0;0;1.0000;0;0
600;2015-10-30 15:00:00;172602N232;131;2.679;31;223;222;224;222;0.926;50.00;392.9;0.154;384.5;0.151;0.0;0.000;60;0;0;0.819;1.226;0.735;31;29;69;50.00;50.00;50.00;7935;1000;0.0;0;1.0000;0;0
600;2015-10-30 15:10:00;172602N232;74;2.691;31;222;222;223;222;0.797;49.99;375.7;0.083;369.9;0.083;0.0;0.000;60;0;0;0.798;0.954;0.641;14;16;43;49.99;49.99;49.99;7935;1000;0.0;0;1.0000;0;0
600;2015-10-30 15:20:00;172602N232;52;2.700;31;222;222;224;221;0.647;50.00;363.5;0.053;358.9;0.055;0.0;0.000;60;0;0;0.633;0.846;0.464;11;5;35;50.00;50.00;50.00;7935;1000;0.0;0;1.0000;0;0
600;2015-10-30 15:30:00;172602N232;38;2.707;30;222;222;224;220;0.633;50.01;345.0;0.036;344.6;0.038;0.0;0.000;60;0;0;0.611;0.854;0.434;13;1;31;50.01;50.01;50.01;7935;1000;0.0;0;1.0000;0;0
600;2015-10-30 15:40:00;172602N232;18;2.711;30;221;222;223;220;0.368;50.00;291.4;0.012;288.8;0.015;0.0;0.000;60;0;0;0.387;0.468;0.250;5;1;17;50.00;50.00;50.00;7935;1000;0.0;0;1.0000;0;0
600;2015-10-30 15:50:00;172602N232;1;2.711;30;222;221;223;220;0.080;49.99;251.6;0.000;251.7;0.000;0.0;0.000;60;0;0;0.076;0.105;0.059;0;0;3;49.99;49.99;49.99;7935;1000;0.0;0;1.0000;0;0
600;2015-10-30 16:00:00;172602N232;0;2.711;29;222;221;225;219;0.000;49.99;285.5;0.000;284.6;0.000;0.0;0.000;50;0;0;0.000;0.000;0.000;0;0;0;49.99;49.99;49.99;7935;1000;0.0;0;1.0000;0;0
600;2015-10-30 16:10:00;172602N232;0;2.711;28;221;220;225;218;0.000;49.98;234.4;0.000;235.3;0.000;0.0;0.000;50;0;0;0.000;0.000;0.000;0;0;0;49.98;49.98;49.98;7935;1000;0.0;0;1.0000;0;0
600;2015-10-30 16:20:00;172602N232;0;2.711;28;220;220;223;218;0.000;49.98;227.8;0.000;228.7;0.000;0.0;0.000;50;0;0;0.000;0.000;0.000;0;0;0;49.98;49.98;49.98;7935;1000;0.0;0;1.0000;0;0
[wr_ende]
