20121214;230000;172602N232;My Plant;+0100
[wr_def_start]
172602N232;Inverter Type;Inverter Group;72602N232      
[wr_def_end]
[wr]
INTERVAL;TIMESTAMP;SERIAL;P_AC;E_DAY;T_WR;U_AC;U_AC_1;U_AC_2;U_AC_3;I_AC;F_AC;U_DC_1;I_DC_1;U_DC_2;I_DC_2;U_DC_3;I_DC_3;S;E_WR;M_WR;I_AC_1;I_AC_2;I_AC_3;P_AC_1;P_AC_2;P_AC_3;F_AC_1;F_AC_2;F_AC_3;R_DC;PC;PCS;PCS_LL;COS_PHI;COS_PHI_LL;S_COS_PHI
600;2012-12-14 08:30:00;172602N232;0;0.000;0;1;1;1;1;0.000;0.29;1.0;0.000;1.3;0.000;0.0;0.000;50;0;0;0.000;0.000;0.000;0;0;0;0.29;0.29;0.29;18;1000;0.0;0;1.0000;0;0
600;2012-12-14 08:40:00;172602N232;0;0.000;14;222;223;223;219;0.000;50.00;224.8;0.000;227.2;0.000;0.0;0.000;50;0;0;0.000;0.000;0.000;0;0;0;50.00;50.00;50.00;0;1000;0.0;0;1.0000;0;0
600;2012-12-14 08:50:00;172602N232;0;0.000;15;222;223;222;219;0.000;49.98;227.2;0.000;228.5;0.000;0.0;0.000;50;0;0;0.000;0.000;0.000;0;0;0;49.98;49.98;49.98;0;1000;0.0;0;1.0000;0;0
600;2012-12-14 09:00:00;172602N232;0;0.000;16;222;223;224;220;0.000;50.01;229.6;0.000;230.6;0.000;0.0;0.000;50;0;0;0.000;0.000;0.000;0;0;0;50.01;50.01;50.01;0;1000;0.0;0;1.0000;0;0
600;2012-12-14 09:10:00;172602N232;0;0.000;16;219;220;222;217;0.000;50.02;232.9;0.000;233.9;0.000;0.0;0.000;50;0;0;0.000;0.000;0.000;0;0;0;50.02;50.02;50.02;0;1000;0.0;0;1.0000;0;0
600;2012-12-14 09:20:00;172602N232;0;0.000;17;218;219;221;215;0.000;50.01;231.0;0.000;232.0;0.000;0.0;0.000;50;0;0;0.000;0.000;0.000;0;0;0;50.01;50.01;50.01;0;1000;0.0;0;1.0000;0;0
600;2012-12-14 09:30:00;172602N232;0;0.000;17;218;219;221;215;0.000;50.02;231.9;0.000;232.9;0.000;0.0;0.000;50;0;0;0.000;0.000;0.000;0;0;0;50.02;50.02;50.02;0;1000;0.0;0;1.0000;0;0
600;2012-12-14 09:40:00;172602N232;0;0.000;17;219;219;221;216;0.000;50.01;229.3;0.000;230.3;0.000;0.0;0.000;50;0;0;0.000;0.000;0.000;0;0;0;50.01;50.01;50.01;0;1000;0.0;0;1.0000;0;0
600;2012-12-14 09:50:00;172602N232;0;0.000;17;218;219;220;216;0.000;50.00;255.6;0.000;256.5;0.000;0.0;0.000;50;0;0;0.000;0.000;0.000;0;0;0;50.00;50.00;50.00;0;1000;0.0;0;1.0000;0;0
600;2012-12-14 10:00:00;172602N232;0;0.000;17;218;218;220;215;0.001;49.99;255.1;0.000;307.5;0.000;0.0;0.000;51;0;0;0.001;0.001;0.001;0;0;0;49.99;49.99;49.99;1684;1000;0.0;0;1.0000;0;0
600;2012-12-14 10:10:00;172602N232;0;0.000;17;218;218;219;216;0.002;50.00;252.9;0.000;314.5;0.002;0.0;0.000;51;0;0;0.004;0.002;0.000;0;0;0;50.00;50.00;50.00;5169;1000;0.0;0;1.0000;0;0
600;2012-12-14 10:20:00;172602N232;0;0.000;18;218;218;219;217;0.006;50.00;253.9;0.000;291.7;0.003;0.0;0.000;60;0;0;0.009;0.007;0.002;0;0;0;50.00;50.00;50.00;5605;1000;0.0;0;1.0000;0;0
600;2012-12-14 10:30:00;172602N232;0;0.000;18;217;218;217;217;0.032;50.01;259.5;0.000;304.3;0.007;0.0;0.000;60;0;0;0.039;0.040;0.018;0;2;0;50.01;50.01;50.01;5747;1000;0.0;0;1.0000;0;0
600;2012-12-14 10:40:00;172602N232;3;0.001;18;217;218;217;217;0.137;50.01;250.4;0.000;311.0;0.019;0.0;0.000;60;0;0;0.181;0.139;0.092;0;7;1;50.01;50.01;50.01;5792;1000;0.0;0;1.0000;0;0
600;2012-12-14 10:50:00;172602N232;22;0.006;19;218;218;216;218;0.361;50.02;250.6;0.000;380.9;0.056;0.0;0.000;60;0;0;0.470;0.313;0.301;0;19;11;50.02;50.02;50.02;5792;1000;0.0;0;1.0000;0;0
600;2012-12-14 11:00:00;172602N232;41;0.014;19;219;219;219;219;0.529;49.99;251.3;0.000;420.5;0.095;0.0;0.000;60;0;0;0.648;0.499;0.441;1;25;22;49.99;49.99;49.99;5792;1000;0.0;0;1.0000;0;0
600;2012-12-14 11:10:00;172602N232;47;0.022;19;219;219;220;218;0.588;49.99;251.1;0.000;422.2;0.109;0.0;0.000;60;0;0;0.683;0.635;0.447;3;20;27;49.99;49.99;49.99;5792;1000;0.0;0;1.0000;0;0
600;2012-12-14 11:20:00;172602N232;30;0.029;20;219;219;220;218;0.469;50.00;250.6;0.000;412.8;0.073;0.0;0.000;60;0;0;0.553;0.493;0.362;2;18;21;50.00;50.00;50.00;5792;1000;0.0;0;1.0000;0;0
600;2012-12-14 11:30:00;172602N232;22;0.033;20;220;219;221;219;0.418;50.00;251.3;0.000;406.2;0.055;0.0;0.000;60;0;0;0.473;0.482;0.300;4;8;19;50.00;50.00;50.00;5792;1000;0.0;0;1.0000;0;0
600;2012-12-14 11:40:00;172602N232;21;0.036;21;220;220;221;218;0.402;49.99;250.7;0.000;402.1;0.051;0.0;0.000;60;0;0;0.450;0.482;0.276;6;4;18;49.99;49.99;49.99;5792;1000;0.0;0;1.0000;0;0
600;2012-12-14 11:50:00;172602N232;24;0.039;21;220;219;222;218;0.450;50.00;250.9;0.000;402.5;0.060;0.0;0.000;60;0;0;0.388;0.660;0.302;13;0;21;50.00;50.00;50.00;5792;1000;0.0;0;1.0000;0;0
600;2012-12-14 12:00:00;172602N232;23;0.039;21;218;217;221;217;0.450;49.98;251.3;0.000;406.5;0.057;0.0;0.000;60;0;0;0.435;0.642;0.274;18;0;18;49.98;49.98;49.98;5792;1000;0.0;0;1.0000;0;0
600;2012-12-14 12:10:00;172602N232;15;0.043;22;218;217;220;216;0.350;50.00;250.7;0.000;385.6;0.038;0.0;0.000;60;0;0;0.328;0.481;0.243;6;1;16;50.00;50.00;50.00;5792;1000;0.0;0;1.0000;0;0
600;2012-12-14 12:20:00;172602N232;1;0.044;22;218;217;221;216;0.106;50.01;250.7;0.000;305.4;0.013;0.0;0.000;60;0;0;0.076;0.169;0.073;2;0;4;50.01;50.01;50.01;5792;1000;0.0;0;1.0000;0;0
600;2012-12-14 12:30:00;172602N232;2;0.044;22;218;218;220;216;0.111;50.00;251.2;0.000;305.1;0.010;0.0;0.000;80;0;0;0.118;0.140;0.077;0;0;4;50.00;50.00;50.00;5792;1000;0.0;0;1.0000;0;0
600;2012-12-14 12:40:00;172602N232;4;0.045;21;218;219;220;216;0.140;50.00;255.4;0.000;331.8;0.018;0.0;0.000;60;0;0;0.180;0.148;0.093;1;2;5;50.00;50.00;50.00;11055;1000;0.0;0;1.0000;0;0
600;2012-12-14 12:50:00;172602N232;14;0.047;21;219;219;221;216;0.329;50.02;250.5;0.000;377.2;0.039;0.0;0.000;60;0;0;0.368;0.399;0.220;5;3;14;50.02;50.02;50.02;11431;1000;0.0;0;1.0000;0;0
600;2012-12-14 13:00:00;172602N232;16;0.050;22;219;220;220;217;0.365;49.99;251.3;0.000;391.1;0.043;0.0;0.000;60;0;0;0.455;0.385;0.257;2;9;17;49.99;49.99;49.99;11431;1000;0.0;0;1.0000;0;0
600;2012-12-14 13:10:00;172602N232;21;0.056;22;220;221;220;218;0.402;50.00;250.8;0.000;402.1;0.051;0.0;0.000;60;0;0;0.531;0.379;0.296;0;18;19;50.00;50.00;50.00;11431;1000;0.0;0;1.0000;0;0
600;2012-12-14 13:20:00;172602N232;10;0.060;22;219;220;220;217;0.284;50.00;250.9;0.000;358.5;0.033;0.0;0.000;60;0;0;0.391;0.267;0.194;2;6;12;50.00;50.00;50.00;11431;1000;0.0;0;1.0000;0;0
600;2012-12-14 13:30:00;172602N232;0;0.060;22;219;220;221;216;0.029;49.99;253.6;0.000;304.9;0.005;0.0;0.000;51;0;0;0.043;0.024;0.021;0;0;1;49.99;49.99;49.99;10881;1000;0.0;0;1.0000;0;0
600;2012-12-14 13:40:00;172602N232;0;0.061;21;219;221;221;216;0.055;49.98;251.2;0.000;298.5;0.010;0.0;0.000;60;0;0;0.068;0.053;0.046;0;1;2;49.98;49.98;49.98;5162;1000;0.0;0;1.0000;0;0
600;2012-12-14 13:50:00;172602N232;0;0.061;21;219;220;221;216;0.020;50.01;256.7;0.000;309.1;0.005;0.0;0.000;60;0;0;0.028;0.021;0.013;0;0;0;50.01;50.01;50.01;5110;1000;0.0;0;1.0000;0;0
600;2012-12-14 14:00:00;172602N232;0;0.060;21;219;220;221;217;0.010;49.99;254.7;0.000;286.3;0.003;0.0;0.000;60;0;0;0.014;0.011;0.007;0;0;0;49.99;49.99;49.99;7633;1000;0.0;0;1.0000;0;0
600;2012-12-14 14:10:00;172602N232;0;0.061;21;220;220;223;218;0.014;50.00;260.0;0.000;306.2;0.003;0.0;0.000;51;0;0;0.013;0.020;0.009;0;0;0;50.00;50.00;50.00;6337;1000;0.0;0;1.0000;0;0
600;2012-12-14 14:20:00;172602N232;0;0.061;21;220;220;222;218;0.008;49.98;254.4;0.000;316.7;0.002;0.0;0.000;51;0;0;0.010;0.010;0.006;0;0;0;49.98;49.98;49.98;6678;1000;0.0;0;1.0000;0;0
600;2012-12-14 14:30:00;172602N232;0;0.061;20;220;220;223;218;0.000;49.99;249.6;0.000;280.0;0.000;0.0;0.000;51;0;0;0.000;0.000;0.000;0;0;0;49.99;49.99;49.99;8051;1000;0.0;0;1.0000;0;0
600;2012-12-14 14:40:00;172602N232;0;0.061;20;220;220;223;217;0.000;50.00;244.0;0.000;245.0;0.000;0.0;0.000;51;0;0;0.000;0.000;0.000;0;0;0;50.00;50.00;50.00;8051;1000;0.0;0;1.0000;0;0
600;2012-12-14 14:50:00;172602N232;0;0.061;20;220;221;223;217;0.000;49.99;235.1;0.000;236.2;0.000;0.0;0.000;51;0;0;0.000;0.000;0.000;0;0;0;49.99;49.99;49.99;8051;1000;0.0;0;1.0000;0;0
600;2012-12-14 15:00:00;172602N232;0;0.061;20;220;221;224;217;0.000;50.00;227.4;0.000;228.4;0.000;0.0;0.000;51;0;0;0.000;0.000;0.000;0;0;0;50.00;50.00;50.00;8051;1000;0.0;0;1.0000;0;0
600;2012-12-14 15:10:00;172602N232;0;0.061;20;219;219;222;216;0.000;49.99;227.3;0.000;228.3;0.000;0.0;0.000;51;0;0;0.000;0.000;0.000;0;0;0;49.99;49.99;49.99;8051;1000;0.0;0;1.0000;0;0
600;2012-12-14 15:20:00;172602N232;0;0.061;20;218;218;222;215;0.000;49.99;229.8;0.000;230.8;0.000;0.0;0.000;51;0;0;0.000;0.000;0.000;0;0;0;49.99;49.99;49.99;8051;1000;0.0;0;1.0000;0;0
600;2012-12-14 15:30:00;172602N232;0;0.061;20;219;219;222;215;0.000;50.00;228.0;0.000;229.0;0.000;0.0;0.000;51;0;0;0.000;0.000;0.000;0;0;0;50.00;50.00;50.00;8051;1000;0.0;0;1.0000;0;0
600;2012-12-14 15:40:00;172602N232;0;0.061;20;218;218;221;215;0.000;49.99;206.7;0.000;227.6;0.000;0.0;0.000;51;0;0;0.000;0.000;0.000;0;0;0;49.99;49.99;49.99;8051;1000;0.0;0;1.0000;0;0
[wr_ende]
