20160404;230001;172602N232;My Plant;+0100
[wr_def_start]
172602N232;Inverter Type;Inverter Group;72602N232      
[wr_def_end]
[wr]
INTERVAL;TIMESTAMP;SERIAL;P_AC;E_DAY;T_WR;U_AC;U_AC_1;U_AC_2;U_AC_3;I_AC;F_AC;U_DC_1;I_DC_1;U_DC_2;I_DC_2;U_DC_3;I_DC_3;S;E_WR;M_WR;I_AC_1;I_AC_2;I_AC_3;P_AC_1;P_AC_2;P_AC_3;F_AC_1;F_AC_2;F_AC_3;R_DC;PC;PCS;PCS_LL;COS_PHI;COS_PHI_LL;S_COS_PHI
600;2016-04-04 05:50:00;172602N232;0;0.000;0;3;3;3;3;0.000;0.81;3.6;0.000;3.6;0.000;0.0;0.000;50;0;0;0.000;0.000;0.000;0;0;0;0.81;0.81;0.81;28;1000;0.0;0;1.0000;0;0
600;2016-04-04 06:00:00;172602N232;0;0.000;21;225;224;228;222;0.000;49.99;263.9;0.000;264.0;0.000;0.0;0.000;60;0;0;0.001;0.000;0.001;0;0;0;49.99;49.99;49.99;1349;1000;0.0;0;1.0000;0;0
600;2016-04-04 06:10:00;172602N232;0;0.000;22;224;224;225;223;0.040;50.00;269.9;0.000;269.3;0.000;0.0;0.000;60;0;0;0.044;0.048;0.030;0;0;1;50.00;50.00;50.00;6656;1000;0.0;0;1.0000;0;0
600;2016-04-04 06:20:00;172602N232;24;0.003;22;224;224;225;224;0.410;49.99;330.5;0.015;330.4;0.017;0.0;0.000;60;0;0;0.417;0.476;0.338;6;8;14;49.99;49.99;49.99;5026;1000;0.0;0;1.0000;0;0
600;2016-04-04 06:30:00;172602N232;68;0.015;23;223;224;224;223;0.732;50.02;390.7;0.066;399.8;0.064;0.0;0.000;60;0;0;0.902;0.728;0.567;4;29;35;50.02;50.02;50.02;5026;1000;0.0;0;1.0000;0;0
600;2016-04-04 06:40:00;172602N232;107;0.032;23;223;223;224;222;0.970;49.99;408.1;0.112;413.2;0.110;0.0;0.000;60;0;0;1.050;1.109;0.753;17;28;63;49.99;49.99;49.99;5026;1000;0.0;0;1.0000;0;0
600;2016-04-04 06:50:00;172602N232;115;0.052;24;222;222;223;222;0.932;49.99;408.8;0.121;411.6;0.121;0.0;0.000;60;0;0;0.957;1.075;0.764;20;32;61;49.99;49.99;49.99;5026;1000;0.0;0;1.0000;0;0
600;2016-04-04 07:00:00;172602N232;170;0.080;24;222;221;224;222;0.963;49.98;417.8;0.185;418.1;0.184;0.0;0.000;60;0;0;0.800;1.340;0.749;40;54;74;49.98;49.98;49.98;5026;1000;0.0;0;1.0000;0;0
600;2016-04-04 07:10:00;172602N232;233;0.120;25;223;221;224;223;1.059;49.98;424.9;0.257;422.6;0.257;0.0;0.000;60;0;0;1.026;1.302;0.851;75;80;76;49.98;49.98;49.98;5026;1000;0.0;0;1.0000;0;0
600;2016-04-04 07:20:00;172602N232;332;0.175;25;222;220;224;222;1.147;50.00;431.5;0.372;429.7;0.366;0.0;0.000;60;0;0;1.133;1.290;1.018;114;107;110;50.00;50.00;50.00;5026;1000;0.0;0;1.0000;0;0
600;2016-04-04 07:30:00;172602N232;410;0.243;25;222;220;223;222;1.115;50.03;434.6;0.463;433.7;0.450;0.0;0.000;60;0;0;1.109;1.179;1.059;129;147;132;50.03;50.03;50.03;5026;1000;0.0;0;1.0000;0;0
600;2016-04-04 07:40:00;172602N232;451;0.318;26;221;220;221;221;0.865;50.00;434.8;0.510;431.1;0.506;0.0;0.000;60;0;0;0.834;0.899;0.862;140;160;150;50.00;50.00;50.00;5026;1000;0.0;0;1.0000;0;0
600;2016-04-04 07:50:00;172602N232;486;0.399;26;222;222;222;223;0.799;49.99;434.6;0.551;430.5;0.548;0.0;0.000;60;0;0;0.750;0.833;0.815;149;169;165;49.99;49.99;49.99;5026;1000;0.0;0;1.0000;0;0
600;2016-04-04 08:00:00;172602N232;430;0.472;27;224;224;223;223;0.929;50.00;432.4;0.484;426.8;0.489;0.0;0.000;60;0;0;0.910;0.960;0.917;127;156;145;50.00;50.00;50.00;5026;1000;0.0;0;1.0000;0;0
600;2016-04-04 08:10:00;172602N232;376;0.534;28;223;223;224;223;1.144;50.00;430.6;0.419;422.3;0.432;0.0;0.000;60;0;0;1.133;1.234;1.066;112;136;125;50.00;50.00;50.00;5026;1000;0.0;0;1.0000;0;0
600;2016-04-04 08:20:00;172602N232;407;0.602;28;224;225;225;223;1.168;49.99;427.8;0.460;422.9;0.470;0.0;0.000;60;0;0;1.187;1.207;1.110;111;147;147;49.99;49.99;49.99;5026;1000;0.0;0;1.0000;0;0
600;2016-04-04 08:30:00;172602N232;408;0.671;28;225;225;226;225;1.131;50.00;420.6;0.469;422.5;0.472;0.0;0.000;60;0;0;1.127;1.187;1.079;124;148;134;50.00;50.00;50.00;5026;1000;0.0;0;1.0000;0;0
600;2016-04-04 08:40:00;172602N232;402;0.737;28;226;225;228;226;1.166;50.01;430.0;0.450;421.9;0.464;0.0;0.000;60;0;0;1.137;1.278;1.083;127;132;141;50.01;50.01;50.01;5026;1000;0.0;0;1.0000;0;0
600;2016-04-04 08:50:00;172602N232;353;0.796;29;226;225;227;225;1.201;49.99;426.8;0.397;419.2;0.408;0.0;0.000;60;0;0;1.219;1.312;1.073;107;119;126;49.99;49.99;49.99;5026;1000;0.0;0;1.0000;0;0
600;2016-04-04 09:00:00;172602N232;216;0.833;29;225;224;226;225;0.946;50.00;413.9;0.241;409.3;0.248;0.0;0.000;60;0;0;0.846;1.238;0.754;58;87;69;50.00;50.00;50.00;5026;1000;0.0;0;1.0000;0;0
600;2016-04-04 09:10:00;172602N232;176;0.862;29;225;224;226;225;0.967;50.01;402.6;0.200;404.6;0.202;0.0;0.000;60;0;0;0.893;1.266;0.743;46;60;68;50.01;50.01;50.01;5026;1000;0.0;0;1.0000;0;0
600;2016-04-04 09:20:00;172602N232;245;0.904;29;224;223;226;224;1.054;50.02;407.5;0.281;410.9;0.284;0.0;0.000;60;0;0;0.979;1.335;0.849;74;82;87;50.02;50.02;50.02;5026;1000;0.0;0;1.0000;0;0
600;2016-04-04 09:30:00;172602N232;328;0.958;29;225;224;226;224;1.130;49.99;423.9;0.369;416.5;0.380;0.0;0.000;60;0;0;1.177;1.231;0.984;106;115;105;49.99;49.99;49.99;5026;1000;0.0;0;1.0000;0;0
600;2016-04-04 09:40:00;172602N232;296;1.007;29;225;224;226;223;1.092;50.01;417.6;0.336;413.9;0.343;0.0;0.000;60;0;0;1.128;1.233;0.917;92;103;99;50.01;50.01;50.01;5026;1000;0.0;0;1.0000;0;0
600;2016-04-04 09:50:00;172602N232;418;1.077;29;225;225;227;223;0.847;50.01;422.1;0.478;419.8;0.489;0.0;0.000;60;0;0;0.831;0.900;0.810;126;146;144;50.01;50.01;50.01;5026;1000;0.0;0;1.0000;0;0
600;2016-04-04 10:00:00;172602N232;377;1.140;29;225;225;227;224;1.146;49.99;418.8;0.433;417.6;0.440;0.0;0.000;60;0;0;1.181;1.226;1.033;119;132;124;49.99;49.99;49.99;5026;1000;0.0;0;1.0000;0;0
600;2016-04-04 10:10:00;172602N232;351;1.199;29;225;224;227;224;1.151;50.01;422.3;0.399;416.9;0.408;0.0;0.000;60;0;0;1.206;1.223;1.024;111;120;118;50.01;50.01;50.01;5026;1000;0.0;0;1.0000;0;0
600;2016-04-04 10:20:00;172602N232;364;1.259;29;225;225;226;224;1.138;50.02;418.7;0.418;417.4;0.423;0.0;0.000;60;0;0;1.170;1.202;1.043;114;127;121;50.02;50.02;50.02;5026;1000;0.0;0;1.0000;0;0
600;2016-04-04 10:30:00;172602N232;362;1.321;29;225;224;227;224;1.157;49.98;412.7;0.419;416.9;0.425;0.0;0.000;60;0;0;1.176;1.267;1.030;110;126;124;49.98;49.98;49.98;5026;1000;0.0;0;1.0000;0;0
600;2016-04-04 10:40:00;172602N232;847;1.462;29;225;225;226;224;1.397;49.99;424.0;0.981;428.2;0.992;0.0;0.000;60;0;0;1.363;1.442;1.387;271;294;280;49.99;49.99;49.99;5026;1000;0.0;0;1.0000;0;0
600;2016-04-04 10:50:00;172602N232;1437;1.702;30;226;226;229;224;2.163;50.00;436.1;1.635;431.7;1.680;0.0;0.000;60;0;0;2.114;2.216;2.159;464;496;475;50.00;50.00;50.00;5026;1000;0.0;0;1.0000;0;0
600;2016-04-04 11:00:00;172602N232;1144;1.893;30;226;226;228;225;1.725;49.98;431.0;1.316;428.1;1.341;0.0;0.000;60;0;0;1.681;1.766;1.728;369;394;379;49.98;49.98;49.98;5026;1000;0.0;0;1.0000;0;0
600;2016-04-04 11:10:00;172602N232;2250;2.268;30;229;228;231;227;3.296;50.00;428.0;2.654;425.2;2.653;0.0;0.000;60;0;0;3.238;3.371;3.280;734;773;740;50.00;50.00;50.00;5026;1000;0.0;0;1.0000;0;0
600;2016-04-04 11:20:00;172602N232;1995;2.599;31;228;227;231;226;2.936;49.99;420.1;2.411;420.2;2.369;0.0;0.000;60;0;0;2.877;3.009;2.923;649;688;656;49.99;49.99;49.99;5026;1000;0.0;0;1.0000;0;0
600;2016-04-04 11:30:00;172602N232;2195;2.967;31;226;226;229;225;3.250;50.00;419.2;2.652;415.2;2.646;0.0;0.000;60;0;0;3.200;3.327;3.224;717;756;720;50.00;50.00;50.00;5026;1000;0.0;0;1.0000;0;0
600;2016-04-04 11:40:00;172602N232;2225;3.337;32;227;227;230;225;3.286;50.00;418.2;2.698;414.5;2.690;0.0;0.000;60;0;0;3.231;3.372;3.255;726;769;727;50.00;50.00;50.00;5026;1000;0.0;0;1.0000;0;0
600;2016-04-04 11:50:00;172602N232;1848;3.645;32;227;226;229;225;2.738;50.02;418.5;2.229;412.5;2.244;0.0;0.000;60;0;0;2.680;2.814;2.722;600;639;607;50.02;50.02;50.02;5026;1000;0.0;0;1.0000;0;0
600;2016-04-04 12:00:00;172602N232;1311;3.864;33;225;225;228;224;2.002;50.00;422.4;1.549;411.7;1.598;0.0;0.000;60;0;0;1.957;2.047;2.002;421;453;435;50.00;50.00;50.00;5026;1000;0.0;0;1.0000;0;0
600;2016-04-04 12:10:00;172602N232;960;4.025;33;225;224;227;224;1.456;50.00;423.8;1.122;412.4;1.165;0.0;0.000;60;0;0;1.404;1.497;1.467;306;332;321;50.00;50.00;50.00;5026;1000;0.0;0;1.0000;0;0
600;2016-04-04 12:20:00;172602N232;1116;4.210;33;225;224;227;223;1.697;50.00;424.6;1.313;416.7;1.328;0.0;0.000;60;0;0;1.645;1.756;1.691;358;387;368;50.00;50.00;50.00;5026;1000;0.0;0;1.0000;0;0
600;2016-04-04 12:30:00;172602N232;2080;4.557;33;226;225;229;223;3.086;49.97;424.6;2.468;417.4;2.499;0.0;0.000;60;0;0;3.030;3.170;3.058;678;721;679;49.97;49.97;49.97;5026;1000;0.0;0;1.0000;0;0
600;2016-04-04 12:40:00;172602N232;2127;4.912;33;226;225;229;224;3.151;49.99;421.5;2.541;413.1;2.593;0.0;0.000;60;0;0;3.093;3.230;3.132;693;735;697;49.99;49.99;49.99;5026;1000;0.0;0;1.0000;0;0
600;2016-04-04 12:50:00;172602N232;2278;5.292;34;226;225;228;224;3.375;50.01;416.8;2.762;410.7;2.790;0.0;0.000;60;0;0;3.316;3.441;3.368;743;780;753;50.01;50.01;50.01;5026;1000;0.0;0;1.0000;0;0
600;2016-04-04 13:00:00;172602N232;3227;5.829;34;226;225;228;224;4.768;49.98;406.4;4.031;404.6;4.038;0.0;0.000;60;0;0;4.724;4.861;4.721;1061;1108;1055;49.98;49.98;49.98;5026;1000;0.0;0;1.0000;0;0
600;2016-04-04 13:10:00;172602N232;2478;6.242;36;224;223;226;223;3.691;50.01;402.3;3.124;399.8;3.113;0.0;0.000;60;0;0;3.632;3.762;3.679;809;849;818;50.01;50.01;50.01;5026;1000;0.0;0;1.0000;0;0
600;2016-04-04 13:20:00;172602N232;4021;6.914;38;226;225;230;224;5.924;50.02;393.6;5.205;394.0;5.160;0.0;0.000;60;0;0;5.857;6.056;5.859;1317;1397;1310;50.02;50.02;50.02;5026;1000;0.0;0;1.0000;0;0
600;2016-04-04 13:30:00;172602N232;3205;7.450;37;225;225;229;223;4.743;49.97;392.3;4.172;391.2;4.120;0.0;0.000;60;0;0;4.685;4.871;4.675;1051;1110;1040;49.97;49.97;49.97;5026;1000;0.0;0;1.0000;0;0
600;2016-04-04 13:40:00;172602N232;2654;7.891;36;225;224;228;223;3.949;49.97;395.5;3.421;390.5;3.422;0.0;0.000;60;0;0;3.903;4.031;3.914;870;915;868;49.97;49.97;49.97;5026;1000;0.0;0;1.0000;0;0
600;2016-04-04 13:50:00;172602N232;1017;8.060;37;224;224;226;222;1.562;49.99;405.0;1.250;396.5;1.284;0.0;0.000;60;0;0;1.519;1.604;1.563;327;352;336;49.99;49.99;49.99;5026;1000;0.0;0;1.0000;0;0
600;2016-04-04 14:00:00;172602N232;1284;8.275;37;224;224;226;223;1.986;49.99;418.5;1.537;408.1;1.576;0.0;0.000;60;0;0;1.957;2.015;1.988;416;441;426;49.99;49.99;49.99;5026;1000;0.0;0;1.0000;0;0
600;2016-04-04 14:10:00;172602N232;3624;8.879;37;226;226;228;225;5.344;50.01;408.4;4.525;406.7;4.488;0.0;0.000;60;0;0;5.287;5.436;5.310;1191;1241;1191;50.01;50.01;50.01;5026;1000;0.0;0;1.0000;0;0
600;2016-04-04 14:20:00;172602N232;2575;9.309;38;226;225;228;224;3.811;50.02;401.1;3.262;397.5;3.252;0.0;0.000;60;0;0;3.758;3.873;3.802;843;880;850;50.02;50.02;50.02;5026;1000;0.0;0;1.0000;0;0
600;2016-04-04 14:30:00;172602N232;1515;9.561;37;225;225;227;224;2.275;49.98;415.2;1.824;401.6;1.903;0.0;0.000;60;0;0;2.231;2.314;2.280;491;518;504;49.98;49.98;49.98;5026;1000;0.0;0;1.0000;0;0
600;2016-04-04 14:40:00;172602N232;1330;9.783;37;225;225;227;224;2.036;49.99;408.9;1.618;405.9;1.647;0.0;0.000;60;0;0;2.005;2.061;2.043;431;456;442;49.99;49.99;49.99;5026;1000;0.0;0;1.0000;0;0
600;2016-04-04 14:50:00;172602N232;2151;10.142;37;227;226;229;225;3.171;50.00;417.7;2.596;409.0;2.649;0.0;0.000;60;0;0;3.106;3.246;3.163;699;742;708;50.00;50.00;50.00;5026;1000;0.0;0;1.0000;0;0
600;2016-04-04 15:00:00;172602N232;917;10.295;37;226;226;228;225;1.392;49.99;408.7;1.101;401.6;1.149;0.0;0.000;60;0;0;1.341;1.433;1.403;292;318;306;49.99;49.99;49.99;5026;1000;0.0;0;1.0000;0;0
600;2016-04-04 15:10:00;172602N232;588;10.393;37;226;225;227;226;0.913;50.01;410.9;0.702;402.9;0.720;0.0;0.000;60;0;0;0.858;0.950;0.933;182;205;200;50.01;50.01;50.01;5026;1000;0.0;0;1.0000;0;0
600;2016-04-04 15:20:00;172602N232;808;10.528;37;226;226;227;226;1.234;50.01;418.0;0.956;410.6;0.981;0.0;0.000;60;0;0;1.184;1.270;1.249;256;278;271;50.01;50.01;50.01;5026;1000;0.0;0;1.0000;0;0
600;2016-04-04 15:30:00;172602N232;1780;10.824;37;227;227;230;226;2.629;50.01;419.2;2.116;415.2;2.162;0.0;0.000;60;0;0;2.572;2.690;2.627;577;613;587;50.01;50.01;50.01;5026;1000;0.0;0;1.0000;0;0
600;2016-04-04 15:40:00;172602N232;1641;11.099;36;228;228;229;226;2.452;50.00;414.7;1.973;411.1;2.012;0.0;0.000;60;0;0;2.422;2.484;2.450;536;560;542;50.00;50.00;50.00;5026;1000;0.0;0;1.0000;0;0
600;2016-04-04 15:50:00;172602N232;2521;11.518;36;228;228;231;226;3.688;49.99;417.4;3.049;410.0;3.108;0.0;0.000;60;0;0;3.634;3.767;3.663;824;868;825;49.99;49.99;49.99;5026;1000;0.0;0;1.0000;0;0
600;2016-04-04 16:00:00;172602N232;2048;11.860;37;228;227;231;226;3.012;49.99;412.3;2.493;404.5;2.555;0.0;0.000;60;0;0;2.960;3.083;2.994;667;708;670;49.99;49.99;49.99;5026;1000;0.0;0;1.0000;0;0
600;2016-04-04 16:10:00;172602N232;1095;12.043;37;227;227;228;226;1.683;49.99;405.4;1.340;403.3;1.372;0.0;0.000;60;0;0;1.649;1.705;1.697;352;375;367;49.99;49.99;49.99;5026;1000;0.0;0;1.0000;0;0
600;2016-04-04 16:20:00;172602N232;755;12.169;37;226;227;226;226;1.154;50.01;414.4;0.902;405.1;0.925;0.0;0.000;60;0;0;1.112;1.185;1.167;241;258;253;50.01;50.01;50.01;5026;1000;0.0;0;1.0000;0;0
600;2016-04-04 16:30:00;172602N232;1796;12.469;37;227;226;229;225;2.664;50.01;420.4;2.078;413.2;2.197;0.0;0.000;60;0;0;2.600;2.734;2.658;580;622;592;50.01;50.01;50.01;5026;1000;0.0;0;1.0000;0;0
600;2016-04-04 16:40:00;172602N232;1633;12.741;37;226;225;229;225;2.438;50.00;401.2;2.014;404.1;2.043;0.0;0.000;60;0;0;2.374;2.505;2.436;526;566;539;50.00;50.00;50.00;5026;1000;0.0;0;1.0000;0;0
600;2016-04-04 16:50:00;172602N232;347;12.798;37;225;224;227;224;1.085;50.00;392.1;0.424;393.5;0.431;0.0;0.000;60;0;0;1.063;1.224;0.970;103;119;123;50.00;50.00;50.00;5026;1000;0.0;0;1.0000;0;0
600;2016-04-04 17:00:00;172602N232;558;12.892;36;225;225;226;225;0.918;50.01;410.5;0.665;406.5;0.683;0.0;0.000;60;0;0;0.884;0.948;0.923;173;194;189;50.01;50.01;50.01;5026;1000;0.0;0;1.0000;0;0
600;2016-04-04 17:10:00;172602N232;280;12.939;36;224;224;224;225;0.876;50.00;396.5;0.332;396.0;0.338;0.0;0.000;60;0;0;0.945;0.898;0.786;79;106;92;50.00;50.00;50.00;5026;1000;0.0;0;1.0000;0;0
600;2016-04-04 17:20:00;172602N232;151;12.964;36;224;222;226;224;0.976;50.00;379.1;0.179;387.5;0.180;0.0;0.000;60;0;0;0.770;1.374;0.784;44;26;79;50.00;50.00;50.00;5026;1000;0.0;0;1.0000;0;0
600;2016-04-04 17:30:00;172602N232;170;12.992;35;225;224;227;223;0.984;50.05;394.0;0.195;390.5;0.202;0.0;0.000;60;0;0;0.943;1.237;0.774;45;46;77;50.05;50.05;50.05;5026;1000;0.0;0;1.0000;0;0
600;2016-04-04 17:40:00;172602N232;290;13.040;35;225;226;224;225;1.151;50.03;399.6;0.343;403.6;0.348;0.0;0.000;60;0;0;1.297;1.144;1.014;81;123;85;50.03;50.03;50.03;5026;1000;0.0;0;1.0000;0;0
600;2016-04-04 17:50:00;172602N232;219;13.077;34;225;227;223;225;1.014;50.01;393.4;0.257;397.8;0.261;0.0;0.000;60;0;0;1.223;0.991;0.830;33;110;76;50.01;50.01;50.01;5026;1000;0.0;0;1.0000;0;0
600;2016-04-04 18:00:00;172602N232;227;13.116;34;226;226;226;226;1.046;50.00;401.5;0.262;400.0;0.269;0.0;0.000;60;0;0;1.136;1.143;0.859;50;100;76;50.00;50.00;50.00;5026;1000;0.0;0;1.0000;0;0
600;2016-04-04 18:10:00;172602N232;74;13.128;34;225;225;226;226;0.715;49.99;351.5;0.080;363.6;0.082;0.0;0.000;60;0;0;0.759;0.746;0.641;10;32;32;49.99;49.99;49.99;5026;1000;0.0;0;1.0000;0;0
600;2016-04-04 18:20:00;172602N232;4;13.129;33;226;226;226;225;0.153;49.99;256.1;0.000;258.9;0.002;0.0;0.000;60;0;0;0.182;0.167;0.112;0;2;6;49.99;49.99;49.99;5026;1000;0.0;0;1.0000;0;0
600;2016-04-04 18:30:00;172602N232;0;13.129;32;226;225;228;225;0.000;50.03;257.3;0.000;257.1;0.000;0.0;0.000;50;0;0;0.000;0.000;0.000;0;0;0;50.03;50.03;50.03;5026;1000;0.0;0;1.0000;0;0
600;2016-04-04 18:40:00;172602N232;0;13.129;31;225;225;228;223;0.000;50.00;228.4;0.000;229.4;0.000;0.0;0.000;50;0;0;0.000;0.000;0.000;0;0;0;50.00;50.00;50.00;5026;1000;0.0;0;1.0000;0;0
600;2016-04-04 18:50:00;172602N232;0;13.129;30;225;225;227;223;0.000;49.98;228.0;0.000;229.0;0.000;0.0;0.000;50;0;0;0.000;0.000;0.000;0;0;0;49.98;49.98;49.98;5026;1000;0.0;0;1.0000;0;0
600;2016-04-04 19:00:00;172602N232;0;13.129;30;225;225;227;224;0.000;49.98;227.9;0.000;228.9;0.000;0.0;0.000;50;0;0;0.000;0.000;0.000;0;0;0;49.98;49.98;49.98;5026;1000;0.0;0;1.0000;0;0
600;2016-04-04 19:10:00;172602N232;0;13.129;29;225;224;228;223;0.000;49.97;234.9;0.000;235.8;0.000;0.0;0.000;50;0;0;0.000;0.000;0.000;0;0;0;49.97;49.97;49.97;5026;1000;0.0;0;1.0000;0;0
600;2016-04-04 19:20:00;172602N232;0;13.129;29;225;224;228;222;0.000;49.99;229.4;0.000;230.3;0.000;0.0;0.000;50;0;0;0.000;0.000;0.000;0;0;0;49.99;49.99;49.99;5026;1000;0.0;0;1.0000;0;0
600;2016-04-04 19:30:00;172602N232;0;13.129;29;225;224;228;221;0.000;50.03;227.2;0.000;228.1;0.000;0.0;0.000;50;0;0;0.000;0.000;0.000;0;0;0;50.03;50.03;50.03;5026;1000;0.0;0;1.0000;0;0
600;2016-04-04 19:40:00;172602N232;0;13.129;28;225;225;228;222;0.000;50.02;230.1;0.000;231.0;0.000;0.0;0.000;50;0;0;0.000;0.000;0.000;0;0;0;50.02;50.02;50.02;5026;1000;0.0;0;1.0000;0;0
[wr_ende]
