20140409;230002;172602N232;My Plant;+0100
[wr_def_start]
172602N232;Inverter Type;Inverter Group;72602N232      
[wr_def_end]
[wr]
INTERVAL;TIMESTAMP;SERIAL;P_AC;E_DAY;T_WR;U_AC;U_AC_1;U_AC_2;U_AC_3;I_AC;F_AC;U_DC_1;I_DC_1;U_DC_2;I_DC_2;U_DC_3;I_DC_3;S;E_WR;M_WR;I_AC_1;I_AC_2;I_AC_3;P_AC_1;P_AC_2;P_AC_3;F_AC_1;F_AC_2;F_AC_3;R_DC;PC;PCS;PCS_LL;COS_PHI;COS_PHI_LL;S_COS_PHI
600;2014-04-09 06:00:00;172602N232;0;0.000;0;5;5;5;5;0.000;1.16;5.0;0.000;5.0;0.000;0.0;0.000;50;0;0;0.000;0.000;0.000;0;0;0;1.16;1.16;1.16;0;1000;0.0;0;1.0000;0;0
600;2014-04-09 06:10:00;172602N232;0;0.000;20;224;224;227;221;0.000;50.00;227.4;0.000;228.3;0.000;0.0;0.000;50;0;0;0.000;0.000;0.000;0;0;0;50.00;50.00;50.00;0;1000;0.0;0;1.0000;0;0
600;2014-04-09 06:20:00;172602N232;0;0.000;21;223;223;225;220;0.000;49.99;231.0;0.000;232.0;0.000;0.0;0.000;50;0;0;0.000;0.000;0.000;0;0;0;49.99;49.99;49.99;0;1000;0.0;0;1.0000;0;0
600;2014-04-09 06:30:00;172602N232;0;0.000;21;221;221;222;219;0.001;49.98;270.7;0.000;270.7;0.000;0.0;0.000;60;0;0;0.002;0.001;0.001;0;0;0;49.98;49.98;49.98;2044;1000;0.0;0;1.0000;0;0
600;2014-04-09 06:40:00;172602N232;0;0.000;22;220;221;220;220;0.045;49.97;278.2;0.000;277.6;0.000;0.0;0.000;60;0;0;0.066;0.044;0.027;0;2;0;49.97;49.97;49.97;7272;1000;0.0;0;1.0000;0;0
600;2014-04-09 06:50:00;172602N232;23;0.004;22;222;222;221;222;0.370;50.03;309.2;0.018;322.7;0.021;0.0;0.000;60;0;0;0.464;0.319;0.327;1;20;9;50.03;50.03;50.03;7136;1000;0.0;0;1.0000;0;0
600;2014-04-09 07:00:00;172602N232;47;0.012;23;221;221;221;222;0.574;49.99;356.8;0.045;370.7;0.048;0.0;0.000;60;0;0;0.638;0.543;0.543;5;32;13;49.99;49.99;49.99;7136;1000;0.0;0;1.0000;0;0
600;2014-04-09 07:10:00;172602N232;41;0.018;23;222;221;223;222;0.513;49.97;344.2;0.038;361.5;0.041;0.0;0.000;60;0;0;0.493;0.624;0.422;13;9;20;49.97;49.97;49.97;7136;1000;0.0;0;1.0000;0;0
600;2014-04-09 07:20:00;172602N232;85;0.032;23;222;222;223;222;0.789;49.99;381.8;0.092;385.6;0.095;0.0;0.000;60;0;0;0.874;0.870;0.623;16;27;40;49.99;49.99;49.99;7136;1000;0.0;0;1.0000;0;0
600;2014-04-09 07:30:00;172602N232;288;0.080;24;221;223;222;220;1.076;50.00;416.6;0.325;415.2;0.332;0.0;0.000;60;0;0;1.290;1.002;0.936;75;112;101;50.00;50.00;50.00;7136;1000;0.0;0;1.0000;0;0
600;2014-04-09 07:40:00;172602N232;283;0.127;24;221;221;221;220;1.080;49.99;418.8;0.322;416.3;0.327;0.0;0.000;60;0;0;1.187;1.079;0.975;73;110;98;49.99;49.99;49.99;7136;1000;0.0;0;1.0000;0;0
600;2014-04-09 07:50:00;172602N232;182;0.158;25;221;222;222;220;1.011;50.00;404.2;0.205;404.8;0.210;0.0;0.000;60;0;0;1.260;0.946;0.827;28;77;77;50.00;50.00;50.00;7136;1000;0.0;0;1.0000;0;0
600;2014-04-09 08:00:00;172602N232;281;0.205;25;223;223;223;223;1.095;50.01;417.8;0.321;413.7;0.328;0.0;0.000;60;0;0;1.160;1.149;0.978;78;115;86;50.01;50.01;50.01;7136;1000;0.0;0;1.0000;0;0
600;2014-04-09 08:10:00;172602N232;546;0.296;26;223;222;224;222;0.879;50.00;431.8;0.629;430.4;0.620;0.0;0.000;60;0;0;0.831;0.917;0.890;169;191;184;50.00;50.00;50.00;7136;1000;0.0;0;1.0000;0;0
600;2014-04-09 08:20:00;172602N232;302;0.346;26;221;221;221;221;0.952;50.00;414.7;0.347;412.6;0.353;0.0;0.000;60;0;0;1.041;0.921;0.894;89;110;101;50.00;50.00;50.00;7136;1000;0.0;0;1.0000;0;0
600;2014-04-09 08:30:00;172602N232;216;0.383;27;221;221;221;220;1.027;50.00;409.9;0.246;405.6;0.253;0.0;0.000;60;0;0;1.181;0.975;0.927;39;88;86;50.00;50.00;50.00;7136;1000;0.0;0;1.0000;0;0
600;2014-04-09 08:40:00;172602N232;347;0.441;27;221;222;222;220;1.148;49.99;417.7;0.400;415.2;0.408;0.0;0.000;60;0;0;1.214;1.191;1.039;95;128;122;49.99;49.99;49.99;7136;1000;0.0;0;1.0000;0;0
600;2014-04-09 08:50:00;172602N232;454;0.517;28;223;224;225;222;0.854;49.97;423.4;0.523;420.1;0.535;0.0;0.000;60;0;0;0.827;0.888;0.848;137;162;153;49.97;49.97;49.97;7136;1000;0.0;0;1.0000;0;0
600;2014-04-09 09:00:00;172602N232;638;0.623;28;222;223;223;220;1.101;49.98;430.5;0.728;423.3;0.753;0.0;0.000;60;0;0;1.101;1.120;1.082;205;220;211;49.98;49.98;49.98;7136;1000;0.0;0;1.0000;0;0
600;2014-04-09 09:10:00;172602N232;449;0.699;28;222;221;223;221;0.877;50.01;426.3;0.514;417.4;0.532;0.0;0.000;60;0;0;0.856;0.902;0.875;139;158;150;50.01;50.01;50.01;7136;1000;0.0;0;1.0000;0;0
600;2014-04-09 09:20:00;172602N232;403;0.766;29;221;220;223;221;0.993;50.01;417.8;0.462;413.7;0.476;0.0;0.000;60;0;0;0.987;1.114;0.879;124;141;136;50.01;50.01;50.01;7136;1000;0.0;0;1.0000;0;0
600;2014-04-09 09:30:00;172602N232;573;0.862;29;221;221;223;221;0.948;50.01;430.4;0.652;421.8;0.673;0.0;0.000;60;0;0;0.917;0.973;0.954;179;199;193;50.01;50.01;50.01;7136;1000;0.0;0;1.0000;0;0
600;2014-04-09 09:40:00;172602N232;533;0.950;29;222;221;223;221;0.850;50.02;424.2;0.615;419.4;0.633;0.0;0.000;60;0;0;0.795;0.891;0.864;164;187;180;50.02;50.02;50.02;7136;1000;0.0;0;1.0000;0;0
600;2014-04-09 09:50:00;172602N232;625;1.055;30;221;221;223;221;0.993;49.99;426.1;0.719;423.2;0.737;0.0;0.000;60;0;0;0.943;1.033;1.005;195;218;210;49.99;49.99;49.99;7136;1000;0.0;0;1.0000;0;0
600;2014-04-09 10:00:00;172602N232;632;1.160;30;222;221;224;221;1.264;49.99;425.4;0.724;420.4;0.735;0.0;0.000;60;0;0;1.228;1.338;1.228;201;215;214;49.99;49.99;49.99;7136;1000;0.0;0;1.0000;0;0
600;2014-04-09 10:10:00;172602N232;831;1.299;30;222;221;225;220;1.341;50.00;433.8;0.940;428.0;0.971;0.0;0.000;60;0;0;1.284;1.405;1.336;261;291;277;50.00;50.00;50.00;7136;1000;0.0;0;1.0000;0;0
600;2014-04-09 10:20:00;172602N232;573;1.395;31;222;221;224;221;0.901;50.00;427.5;0.656;421.5;0.678;0.0;0.000;60;0;0;0.837;0.948;0.918;175;202;194;50.00;50.00;50.00;7136;1000;0.0;0;1.0000;0;0
600;2014-04-09 10:30:00;172602N232;476;1.475;31;222;221;224;221;0.784;50.01;425.2;0.545;417.4;0.566;0.0;0.000;60;0;0;0.726;0.828;0.798;144;169;161;50.01;50.01;50.01;7136;1000;0.0;0;1.0000;0;0
600;2014-04-09 10:40:00;172602N232;534;1.563;31;222;221;223;222;0.855;50.02;424.2;0.615;420.4;0.634;0.0;0.000;60;0;0;0.802;0.895;0.869;165;187;181;50.02;50.02;50.02;7136;1000;0.0;0;1.0000;0;0
600;2014-04-09 10:50:00;172602N232;722;1.683;31;223;223;225;222;1.118;49.99;431.9;0.824;426.5;0.844;0.0;0.000;60;0;0;1.066;1.159;1.129;228;250;242;49.99;49.99;49.99;7136;1000;0.0;0;1.0000;0;0
600;2014-04-09 11:00:00;172602N232;784;1.814;31;222;222;223;221;1.213;50.00;434.1;0.890;426.0;0.924;0.0;0.000;60;0;0;1.164;1.255;1.221;249;272;261;50.00;50.00;50.00;7136;1000;0.0;0;1.0000;0;0
600;2014-04-09 11:10:00;172602N232;812;1.950;31;222;221;223;221;1.254;50.00;428.1;0.934;424.1;0.965;0.0;0.000;60;0;0;1.199;1.296;1.269;257;281;272;50.00;50.00;50.00;7136;1000;0.0;0;1.0000;0;0
600;2014-04-09 11:20:00;172602N232;1034;2.123;32;221;220;223;221;1.595;49.99;436.7;1.170;426.2;1.227;0.0;0.000;60;0;0;1.542;1.630;1.615;330;355;347;49.99;49.99;49.99;7136;1000;0.0;0;1.0000;0;0
600;2014-04-09 11:30:00;172602N232;996;2.289;32;222;221;223;221;1.526;49.99;429.1;1.148;425.1;1.184;0.0;0.000;60;0;0;1.476;1.561;1.543;319;341;335;49.99;49.99;49.99;7136;1000;0.0;0;1.0000;0;0
600;2014-04-09 11:40:00;172602N232;1092;2.471;32;222;222;223;221;1.699;50.01;436.6;1.236;426.5;1.297;0.0;0.000;60;0;0;1.659;1.729;1.711;352;373;366;50.01;50.01;50.01;7136;1000;0.0;0;1.0000;0;0
600;2014-04-09 11:50:00;172602N232;885;2.619;32;222;223;223;221;1.370;49.98;431.7;1.011;423.5;1.051;0.0;0.000;60;0;0;1.335;1.398;1.377;285;303;295;49.98;49.98;49.98;7136;1000;0.0;0;1.0000;0;0
600;2014-04-09 12:00:00;172602N232;1201;2.819;32;222;223;223;221;1.823;50.01;438.2;1.360;428.2;1.415;0.0;0.000;60;0;0;1.782;1.857;1.832;390;410;399;50.01;50.01;50.01;7136;1000;0.0;0;1.0000;0;0
600;2014-04-09 12:10:00;172602N232;1202;3.019;32;224;224;225;224;1.831;50.02;432.6;1.380;426.1;1.427;0.0;0.000;60;0;0;1.786;1.864;1.843;389;410;401;50.02;50.02;50.02;7136;1000;0.0;0;1.0000;0;0
600;2014-04-09 12:20:00;172602N232;1087;3.201;33;227;227;228;226;1.652;49.99;431.5;1.248;425.2;1.283;0.0;0.000;60;0;0;1.611;1.682;1.664;351;371;363;49.99;49.99;49.99;7136;1000;0.0;0;1.0000;0;0
600;2014-04-09 12:30:00;172602N232;578;3.297;33;226;226;227;225;0.891;50.01;423.7;0.669;417.1;0.692;0.0;0.000;60;0;0;0.835;0.930;0.909;179;201;196;50.01;50.01;50.01;7136;1000;0.0;0;1.0000;0;0
600;2014-04-09 12:40:00;172602N232;708;3.416;33;226;225;228;226;1.082;50.03;429.3;0.813;422.7;0.837;0.0;0.000;60;0;0;1.020;1.126;1.102;220;247;239;50.03;50.03;50.03;7136;1000;0.0;0;1.0000;0;0
600;2014-04-09 12:50:00;172602N232;832;3.555;33;225;224;226;224;1.274;50.00;427.7;0.961;424.2;0.986;0.0;0.000;60;0;0;1.219;1.317;1.287;263;288;279;50.00;50.00;50.00;7136;1000;0.0;0;1.0000;0;0
600;2014-04-09 13:00:00;172602N232;1564;3.814;33;225;225;227;223;2.350;50.01;436.3;1.783;429.5;1.843;0.0;0.000;60;0;0;2.295;2.401;2.356;506;537;519;50.01;50.01;50.01;7136;1000;0.0;0;1.0000;0;0
600;2014-04-09 13:10:00;172602N232;1412;4.050;33;225;225;226;223;2.137;50.01;437.5;1.603;426.6;1.672;0.0;0.000;60;0;0;2.093;2.176;2.144;456;485;468;50.01;50.01;50.01;7136;1000;0.0;0;1.0000;0;0
600;2014-04-09 13:20:00;172602N232;1483;4.297;33;224;224;226;223;2.257;50.00;431.5;1.702;426.0;1.762;0.0;0.000;60;0;0;2.211;2.290;2.272;479;506;496;50.00;50.00;50.00;7136;1000;0.0;0;1.0000;0;0
600;2014-04-09 13:30:00;172602N232;1578;4.561;33;225;225;228;224;2.366;49.99;436.8;1.796;425.6;1.876;0.0;0.000;60;0;0;2.313;2.416;2.371;510;542;523;49.99;49.99;49.99;7136;1000;0.0;0;1.0000;0;0
600;2014-04-09 13:40:00;172602N232;1380;4.791;33;225;226;227;222;2.083;50.01;433.3;1.581;424.9;1.645;0.0;0.000;60;0;0;2.051;2.130;2.069;451;477;451;50.01;50.01;50.01;7136;1000;0.0;0;1.0000;0;0
600;2014-04-09 13:50:00;172602N232;1156;4.984;34;224;224;226;222;1.778;49.98;433.9;1.318;424.1;1.375;0.0;0.000;60;0;0;1.746;1.811;1.777;373;399;382;49.98;49.98;49.98;7136;1000;0.0;0;1.0000;0;0
600;2014-04-09 14:00:00;172602N232;1023;5.155;34;223;223;225;221;1.561;49.97;432.7;1.168;423.3;1.217;0.0;0.000;60;0;0;1.519;1.601;1.564;330;353;338;49.97;49.97;49.97;7136;1000;0.0;0;1.0000;0;0
600;2014-04-09 14:10:00;172602N232;1280;5.368;34;223;224;226;221;1.962;49.98;432.4;1.470;425.9;1.518;0.0;0.000;60;0;0;1.929;1.999;1.958;416;441;421;49.99;49.99;49.99;7136;1000;0.0;0;1.0000;0;0
600;2014-04-09 14:20:00;172602N232;1067;5.546;34;223;223;225;220;1.646;50.00;429.9;1.232;424.0;1.262;0.0;0.000;60;0;0;1.604;1.687;1.647;344;370;352;50.00;50.00;50.00;7136;1000;0.0;0;1.0000;0;0
600;2014-04-09 14:30:00;172602N232;1154;5.739;34;225;226;227;222;1.734;49.99;433.2;1.316;425.3;1.369;0.0;0.000;60;0;0;1.692;1.782;1.729;374;399;379;49.99;49.99;49.99;7136;1000;0.0;0;1.0000;0;0
600;2014-04-09 14:40:00;172602N232;1496;5.988;34;227;228;229;224;2.218;50.01;430.7;1.726;425.5;1.780;0.0;0.000;60;0;0;2.171;2.271;2.212;487;515;491;50.01;50.01;50.01;7136;1000;0.0;0;1.0000;0;0
600;2014-04-09 14:50:00;172602N232;1320;6.209;34;222;223;224;220;2.018;49.99;428.5;1.527;424.5;1.573;0.0;0.000;60;0;0;1.980;2.064;2.012;429;455;435;49.99;49.99;49.99;7136;1000;0.0;0;1.0000;0;0
600;2014-04-09 15:00:00;172602N232;1568;6.470;34;224;223;226;222;2.372;50.00;432.4;1.805;425.6;1.862;0.0;0.000;60;0;0;2.306;2.432;2.378;504;542;521;50.00;50.00;50.00;7136;1000;0.0;0;1.0000;0;0
600;2014-04-09 15:10:00;172602N232;1825;6.774;34;224;223;227;223;2.741;49.99;432.8;2.102;424.5;2.166;0.0;0.000;60;0;0;2.675;2.806;2.742;588;629;606;49.99;49.99;49.99;7136;1000;0.0;0;1.0000;0;0
600;2014-04-09 15:20:00;172602N232;1005;6.942;34;223;222;225;223;1.554;49.99;425.3;1.173;417.8;1.207;0.0;0.000;60;0;0;1.500;1.599;1.565;320;348;336;49.99;49.99;49.99;7136;1000;0.0;0;1.0000;0;0
600;2014-04-09 15:30:00;172602N232;753;7.067;34;223;222;225;222;1.162;49.99;425.0;0.872;418.5;0.899;0.0;0.000;60;0;0;1.104;1.208;1.174;236;263;252;49.99;49.99;49.99;7136;1000;0.0;0;1.0000;0;0
600;2014-04-09 15:40:00;172602N232;773;7.197;34;224;223;226;223;1.210;50.01;426.2;0.896;421.5;0.913;0.0;0.000;60;0;0;1.148;1.264;1.218;242;271;258;50.01;50.01;50.01;7136;1000;0.0;0;1.0000;0;0
600;2014-04-09 15:50:00;172602N232;1103;7.381;34;223;222;226;222;1.684;50.00;425.9;1.278;425.7;1.313;0.0;0.000;60;0;0;1.621;1.740;1.692;350;384;367;50.00;50.00;50.00;7136;1000;0.0;0;1.0000;0;0
600;2014-04-09 16:00:00;172602N232;1840;7.688;34;223;222;226;222;2.764;49.99;430.8;2.125;425.3;2.195;0.0;0.000;60;0;0;2.699;2.831;2.762;595;636;608;49.99;49.99;49.99;7136;1000;0.0;0;1.0000;0;0
600;2014-04-09 16:10:00;172602N232;1068;7.866;34;223;223;224;222;1.668;49.98;423.0;1.248;420.5;1.284;0.0;0.000;60;0;0;1.632;1.697;1.677;345;366;356;49.98;49.98;49.98;7136;1000;0.0;0;1.0000;0;0
600;2014-04-09 16:20:00;172602N232;905;8.018;34;222;222;224;221;1.400;49.99;423.4;1.052;422.8;1.081;0.0;0.000;60;0;0;1.351;1.441;1.410;288;313;302;49.99;49.99;49.99;7136;1000;0.0;0;1.0000;0;0
600;2014-04-09 16:30:00;172602N232;811;8.153;34;223;222;225;222;1.248;49.98;418.1;0.954;419.7;0.973;0.0;0.000;60;0;0;1.189;1.292;1.264;255;283;272;49.98;49.98;49.98;7136;1000;0.0;0;1.0000;0;0
600;2014-04-09 16:40:00;172602N232;919;8.307;34;222;222;223;221;1.424;49.99;418.1;1.080;421.4;1.103;0.0;0.000;60;0;0;1.381;1.461;1.432;294;316;306;49.99;49.99;49.99;7136;1000;0.0;0;1.0000;0;0
600;2014-04-09 16:50:00;172602N232;624;8.410;34;224;223;225;223;1.156;50.01;414.2;0.731;417.6;0.752;0.0;0.000;60;0;0;1.147;1.188;1.134;196;219;207;50.01;50.01;50.01;7136;1000;0.0;0;1.0000;0;0
600;2014-04-09 17:00:00;172602N232;696;8.527;34;222;221;222;222;1.205;50.01;420.6;0.805;423.9;0.828;0.0;0.000;60;0;0;1.205;1.172;1.239;223;234;237;50.01;50.01;50.01;7136;1000;0.0;0;1.0000;0;0
600;2014-04-09 17:10:00;172602N232;795;8.659;34;220;220;219;222;1.242;49.99;421.7;0.919;425.7;0.945;0.0;0.000;60;0;0;1.202;1.259;1.267;254;268;271;49.99;49.99;49.99;7136;1000;0.0;0;1.0000;0;0
600;2014-04-09 17:20:00;172602N232;2483;9.074;34;222;221;223;220;3.741;49.98;418.0;2.990;435.4;2.877;0.0;0.000;60;0;0;3.684;3.814;3.725;811;852;817;49.98;49.98;49.98;7136;1000;0.0;0;1.0000;0;0
600;2014-04-09 17:30:00;172602N232;1989;9.406;34;221;218;223;221;3.031;49.99;411.5;2.424;420.9;2.369;0.0;0.000;60;0;0;2.944;3.100;3.051;636;685;667;49.99;49.99;49.99;7136;1000;0.0;0;1.0000;0;0
600;2014-04-09 17:40:00;172602N232;2118;9.758;34;221;218;224;221;3.214;50.00;410.4;2.608;412.4;2.579;0.0;0.000;60;0;0;3.106;3.294;3.244;671;734;711;50.00;50.00;50.00;7136;1000;0.0;0;1.0000;0;0
600;2014-04-09 17:50:00;172602N232;1058;9.935;35;220;219;223;217;1.787;50.04;398.4;1.299;405.7;1.313;0.0;0.000;60;0;0;1.734;1.877;1.751;339;367;350;50.04;50.04;50.04;7136;1000;0.0;0;1.0000;0;0
600;2014-04-09 18:00:00;172602N232;1759;10.229;35;221;219;224;219;2.669;50.01;363.6;2.182;414.2;2.373;0.0;0.000;60;0;0;2.576;2.749;2.682;560;613;585;50.01;50.01;50.01;7136;1000;0.0;0;1.0000;0;0
600;2014-04-09 18:10:00;172602N232;916;10.382;35;220;220;222;220;1.436;49.98;387.1;1.081;409.3;1.237;0.0;0.000;60;0;0;1.378;1.484;1.447;290;318;306;49.98;49.98;49.98;7136;1000;0.0;0;1.0000;0;0
600;2014-04-09 18:20:00;172602N232;447;10.455;35;221;220;222;220;0.991;49.98;403.1;0.533;411.3;0.546;0.0;0.000;60;0;0;0.969;1.028;0.977;139;160;146;49.98;49.98;49.98;7136;1000;0.0;0;1.0000;0;0
600;2014-04-09 18:30:00;172602N232;338;10.513;35;221;220;223;221;0.951;49.98;388.3;0.450;409.7;0.366;0.0;0.000;60;0;0;0.865;1.153;0.837;106;110;121;49.98;49.98;49.98;7136;1000;0.0;0;1.0000;0;0
600;2014-04-09 18:40:00;172602N232;51;10.521;34;222;220;224;221;0.650;49.98;341.0;0.064;355.3;0.045;0.0;0.000;60;0;0;0.544;0.949;0.459;25;3;35;49.98;49.98;49.98;7136;1000;0.0;0;1.0000;0;0
600;2014-04-09 18:50:00;172602N232;53;10.531;34;221;221;222;221;0.711;50.02;354.3;0.054;364.1;0.058;0.0;0.000;60;0;0;0.756;0.840;0.539;11;13;36;50.02;50.02;50.02;7136;1000;0.0;0;1.0000;0;0
600;2014-04-09 19:00:00;172602N232;54;10.539;33;221;222;221;221;0.711;49.99;358.3;0.055;366.2;0.060;0.0;0.000;60;0;0;0.924;0.637;0.574;1;30;32;49.99;49.99;49.99;7136;1000;0.0;0;1.0000;0;0
600;2014-04-09 19:10:00;172602N232;45;10.548;33;222;220;223;222;0.679;49.98;347.6;0.044;359.7;0.049;0.0;0.000;60;0;0;0.591;0.914;0.532;19;6;30;49.98;49.98;49.98;7136;1000;0.0;0;1.0000;0;0
600;2014-04-09 19:20:00;172602N232;85;10.563;32;222;221;223;221;0.835;50.00;368.9;0.095;382.5;0.098;0.0;0.000;60;0;0;0.746;1.102;0.658;28;14;49;50.00;50.00;50.00;7136;1000;0.0;0;1.0000;0;0
600;2014-04-09 19:30:00;172602N232;64;10.573;32;222;223;222;222;0.646;49.99;349.3;0.066;362.0;0.070;0.0;0.000;60;0;0;0.735;0.626;0.579;6;31;29;49.99;49.99;49.99;7136;1000;0.0;0;1.0000;0;0
600;2014-04-09 19:40:00;172602N232;6;10.574;32;222;223;222;222;0.202;50.00;255.2;0.000;266.6;0.002;0.0;0.000;60;0;0;0.243;0.201;0.164;0;11;4;50.00;50.00;50.00;7136;1000;0.0;0;1.0000;0;0
600;2014-04-09 19:50:00;172602N232;1;10.575;31;222;222;223;221;0.071;50.04;262.7;0.000;264.5;0.000;0.0;0.000;50;0;0;0.113;0.053;0.048;0;1;0;50.04;50.04;50.04;7136;1000;0.0;0;1.0000;0;0
600;2014-04-09 20:00:00;172602N232;0;10.575;29;219;220;220;216;0.000;50.02;230.3;0.000;231.2;0.000;0.0;0.000;50;0;0;0.000;0.000;0.000;0;0;0;50.02;50.02;50.02;7136;1000;0.0;0;1.0000;0;0
600;2014-04-09 20:10:00;172602N232;0;10.575;28;219;220;221;218;0.000;49.99;227.3;0.000;228.3;0.000;0.0;0.000;50;0;0;0.000;0.000;0.000;0;0;0;49.99;49.99;49.99;7136;1000;0.0;0;1.0000;0;0
[wr_ende]
