20130514;230000;172602N232;My Plant;+0100
[wr_def_start]
172602N232;Inverter Type;Inverter Group;72602N232      
[wr_def_end]
[wr]
INTERVAL;TIMESTAMP;SERIAL;P_AC;E_DAY;T_WR;U_AC;U_AC_1;U_AC_2;U_AC_3;I_AC;F_AC;U_DC_1;I_DC_1;U_DC_2;I_DC_2;U_DC_3;I_DC_3;S;E_WR;M_WR;I_AC_1;I_AC_2;I_AC_3;P_AC_1;P_AC_2;P_AC_3;F_AC_1;F_AC_2;F_AC_3;R_DC;PC;PCS;PCS_LL;COS_PHI;COS_PHI_LL;S_COS_PHI
600;2013-05-14 04:50:00;172602N232;0;0.000;0;3;3;3;3;0.000;0.69;3.0;0.000;3.0;0.000;0.0;0.000;50;0;0;0.000;0.000;0.000;0;0;0;0.69;0.69;0.69;55;1000;0.0;0;1.0000;0;0
600;2013-05-14 05:00:00;172602N232;0;0.000;21;226;226;228;222;0.000;50.00;227.3;0.000;228.2;0.000;0.0;0.000;50;0;0;0.000;0.000;0.000;0;0;0;50.01;50.01;50.01;0;1000;0.0;0;1.0000;0;0
600;2013-05-14 05:10:00;172602N232;0;0.000;22;226;226;229;222;0.000;50.01;227.6;0.000;228.5;0.000;0.0;0.000;50;0;0;0.000;0.000;0.000;0;0;0;50.01;50.01;50.01;0;1000;0.0;0;1.0000;0;0
600;2013-05-14 05:20:00;172602N232;0;0.000;23;225;226;228;222;0.000;49.99;228.9;0.000;229.8;0.000;0.0;0.000;50;0;0;0.000;0.000;0.000;0;0;0;49.99;49.99;49.99;0;1000;0.0;0;1.0000;0;0
600;2013-05-14 05:30:00;172602N232;0;0.000;23;225;225;228;221;0.000;50.00;230.8;0.000;231.7;0.000;0.0;0.000;50;0;0;0.000;0.000;0.000;0;0;0;50.00;50.00;50.00;0;1000;0.0;0;1.0000;0;0
600;2013-05-14 05:40:00;172602N232;0;0.000;23;225;224;228;222;0.000;49.99;238.9;0.000;239.8;0.000;0.0;0.000;50;0;0;0.000;0.000;0.000;0;0;0;49.99;49.99;49.99;0;1000;0.0;0;1.0000;0;0
600;2013-05-14 05:50:00;172602N232;0;0.000;24;224;224;227;221;0.029;49.99;269.3;0.000;269.1;0.000;0.0;0.000;60;0;0;0.029;0.038;0.021;0;0;1;49.99;49.99;49.99;3357;1000;0.0;0;1.0000;0;0
600;2013-05-14 06:00:00;172602N232;9;0.002;24;224;224;225;222;0.231;50.02;275.6;0.005;273.3;0.006;0.0;0.000;60;0;0;0.227;0.294;0.173;2;1;11;50.02;50.02;50.02;9666;1000;0.0;0;1.0000;0;0
600;2013-05-14 06:10:00;172602N232;55;0.010;24;224;224;226;222;0.645;50.00;367.5;0.055;377.5;0.053;0.0;0.000;60;0;0;0.667;0.807;0.463;7;11;35;50.00;50.00;50.00;9666;1000;0.0;0;1.0000;0;0
600;2013-05-14 06:20:00;172602N232;120;0.029;24;223;223;225;222;0.905;49.98;391.5;0.135;403.0;0.130;0.0;0.000;60;0;0;0.836;1.154;0.725;25;30;63;49.98;49.98;49.98;9666;1000;0.0;0;1.0000;0;0
600;2013-05-14 06:30:00;172602N232;239;0.070;25;223;223;224;222;1.051;49.97;422.7;0.269;420.4;0.261;0.0;0.000;60;0;0;1.115;1.217;0.823;66;95;75;49.97;49.97;49.97;9666;1000;0.0;0;1.0000;0;0
600;2013-05-14 06:40:00;172602N232;231;0.108;25;222;222;222;221;1.059;49.96;419.3;0.263;418.1;0.254;0.0;0.000;60;0;0;1.247;1.174;0.758;59;104;66;49.96;49.96;49.96;9666;1000;0.0;0;1.0000;0;0
600;2013-05-14 06:50:00;172602N232;223;0.147;26;222;223;222;222;1.032;49.99;417.4;0.254;416.9;0.243;0.0;0.000;60;0;0;1.253;0.986;0.858;60;98;62;49.99;49.99;49.99;9666;1000;0.0;0;1.0000;0;0
600;2013-05-14 07:00:00;172602N232;387;0.211;27;223;223;224;222;1.114;50.02;432.5;0.440;428.1;0.427;0.0;0.000;60;0;0;1.148;1.149;1.047;123;144;118;50.02;50.02;50.02;9666;1000;0.0;0;1.0000;0;0
600;2013-05-14 07:10:00;172602N232;435;0.283;27;222;223;223;219;0.930;49.97;433.3;0.497;429.3;0.484;0.0;0.000;60;0;0;0.915;0.979;0.898;136;158;140;49.97;49.97;49.97;9666;1000;0.0;0;1.0000;0;0
600;2013-05-14 07:20:00;172602N232;494;0.366;28;222;222;223;220;0.843;49.96;435.2;0.566;430.7;0.551;0.0;0.000;60;0;0;0.802;0.886;0.841;153;174;164;49.96;49.96;49.96;9666;1000;0.0;0;1.0000;0;0
600;2013-05-14 07:30:00;172602N232;619;0.470;29;222;222;223;220;0.981;49.99;438.9;0.713;434.6;0.684;0.0;0.000;60;0;0;0.931;1.019;0.993;195;215;208;49.99;49.99;49.99;9666;1000;0.0;0;1.0000;0;0
600;2013-05-14 07:40:00;172602N232;647;0.577;29;222;222;223;221;1.057;49.99;437.9;0.750;436.0;0.709;0.0;0.000;60;0;0;1.053;1.065;1.055;208;220;217;49.99;49.99;49.99;9666;1000;0.0;0;1.0000;0;0
600;2013-05-14 07:50:00;172602N232;564;0.672;30;222;222;223;221;0.903;49.99;428.3;0.673;432.5;0.614;0.0;0.000;60;0;0;0.858;0.939;0.914;176;196;190;49.99;49.99;49.99;9666;1000;0.0;0;1.0000;0;0
600;2013-05-14 08:00:00;172602N232;507;0.756;30;221;222;222;220;0.876;50.01;429.2;0.609;434.2;0.540;0.0;0.000;60;0;0;0.866;0.908;0.856;159;178;169;50.01;50.01;50.01;9666;1000;0.0;0;1.0000;0;0
600;2013-05-14 08:10:00;172602N232;455;0.832;31;223;224;225;222;0.975;50.01;427.1;0.540;425.6;0.500;0.0;0.000;60;0;0;0.958;1.028;0.939;139;164;150;50.01;50.01;50.01;9666;1000;0.0;0;1.0000;0;0
600;2013-05-14 08:20:00;172602N232;634;0.938;31;227;226;228;226;0.983;49.99;435.2;0.758;434.1;0.681;0.0;0.000;60;0;0;0.922;1.033;0.995;197;222;213;49.99;49.99;49.99;9666;1000;0.0;0;1.0000;0;0
600;2013-05-14 08:30:00;172602N232;1104;1.122;31;228;226;230;227;1.655;50.00;426.4;1.593;449.0;0.963;0.0;0.000;60;0;0;1.584;1.716;1.665;349;384;369;50.00;50.00;50.00;9666;1000;0.0;0;1.0000;0;0
600;2013-05-14 08:40:00;172602N232;1062;1.300;32;227;226;229;227;1.603;49.99;434.3;1.376;443.3;1.033;0.0;0.000;60;0;0;1.540;1.654;1.617;338;366;357;49.99;49.99;49.99;9666;1000;0.0;0;1.0000;0;0
600;2013-05-14 08:50:00;172602N232;1086;1.480;32;226;225;227;225;1.653;49.99;433.8;1.418;446.2;1.048;0.0;0.000;60;0;0;1.607;1.695;1.659;349;375;362;49.99;49.99;49.99;9666;1000;0.0;0;1.0000;0;0
600;2013-05-14 09:00:00;172602N232;1219;1.684;33;224;223;226;222;1.864;50.01;430.4;1.592;443.5;1.179;0.0;0.000;60;0;0;1.817;1.911;1.865;393;420;404;50.01;50.01;50.01;9666;1000;0.0;0;1.0000;0;0
600;2013-05-14 09:10:00;172602N232;1576;1.946;33;227;227;228;226;2.349;50.00;415.6;2.516;455.5;1.201;0.0;0.000;60;0;0;2.305;2.390;2.354;513;537;524;50.00;50.00;50.00;9666;1000;0.0;0;1.0000;0;0
600;2013-05-14 09:20:00;172602N232;1960;2.274;33;229;229;231;227;2.873;50.00;388.7;3.479;459.3;1.388;0.0;0.000;60;0;0;2.822;2.929;2.868;640;671;647;50.00;50.00;50.00;9666;1000;0.0;0;1.0000;0;0
600;2013-05-14 09:30:00;172602N232;1087;2.455;34;227;227;229;225;1.645;50.00;443.9;1.290;443.7;1.138;0.0;0.000;60;0;0;1.590;1.700;1.647;347;377;360;50.00;50.00;50.00;9666;1000;0.0;0;1.0000;0;0
600;2013-05-14 09:40:00;172602N232;1050;2.630;34;227;226;228;225;1.579;50.01;445.2;1.425;447.2;0.989;0.0;0.000;60;0;0;1.519;1.630;1.589;335;364;350;50.01;50.01;50.01;9666;1000;0.0;0;1.0000;0;0
600;2013-05-14 09:50:00;172602N232;1648;2.906;34;227;227;229;226;2.442;50.02;402.0;3.093;447.9;1.017;0.0;0.000;60;0;0;2.378;2.500;2.449;533;569;547;50.02;50.02;50.02;9666;1000;0.0;0;1.0000;0;0
600;2013-05-14 10:00:00;172602N232;1297;3.122;34;225;225;226;224;1.951;50.01;416.1;1.770;434.2;1.278;0.0;0.000;60;0;0;1.903;1.989;1.961;420;443;432;50.01;50.01;50.01;9666;1000;0.0;0;1.0000;0;0
600;2013-05-14 10:10:00;172602N232;1835;3.428;35;227;227;229;227;2.711;50.00;420.6;3.237;451.3;1.067;0.0;0.000;60;0;0;2.659;2.755;2.721;597;624;611;50.00;50.00;50.00;9666;1000;0.0;0;1.0000;0;0
600;2013-05-14 10:20:00;172602N232;1513;3.680;35;225;225;226;224;2.276;50.00;408.5;2.406;436.5;1.201;0.0;0.000;60;0;0;2.228;2.317;2.285;491;518;504;50.00;50.00;50.00;9666;1000;0.0;0;1.0000;0;0
600;2013-05-14 10:30:00;172602N232;1308;3.898;35;223;224;224;222;2.060;50.00;414.9;2.280;435.4;0.782;0.0;0.000;60;0;0;2.041;2.099;2.040;428;448;430;50.00;50.00;50.00;9666;1000;0.0;0;1.0000;0;0
600;2013-05-14 10:40:00;172602N232;1569;4.160;35;223;224;226;221;2.376;50.00;414.6;2.416;429.2;1.332;0.0;0.000;60;0;0;2.326;2.442;2.360;510;545;513;50.00;50.00;50.00;9666;1000;0.0;0;1.0000;0;0
600;2013-05-14 10:50:00;172602N232;1843;4.469;35;224;224;226;222;2.760;50.00;413.7;3.000;397.1;1.848;0.0;0.000;60;0;0;2.704;2.830;2.746;600;638;605;50.00;50.00;50.00;9666;1000;0.0;0;1.0000;0;0
600;2013-05-14 11:00:00;172602N232;1292;4.684;35;223;223;225;221;1.964;49.99;413.9;1.836;426.0;1.251;0.0;0.000;60;0;0;1.915;2.016;1.963;418;445;427;49.99;49.99;49.99;9666;1000;0.0;0;1.0000;0;0
600;2013-05-14 11:10:00;172602N232;2491;5.098;36;224;224;226;221;3.729;49.99;419.8;3.901;445.0;1.973;0.0;0.000;60;0;0;3.689;3.807;3.693;819;855;813;49.99;49.99;49.99;9666;1000;0.0;0;1.0000;0;0
600;2013-05-14 11:20:00;172602N232;3585;5.697;36;224;224;228;221;5.326;49.98;395.0;6.075;418.0;3.167;0.0;0.000;60;0;0;5.286;5.449;5.243;1186;1241;1158;49.98;49.98;49.98;9666;1000;0.0;0;1.0000;0;0
600;2013-05-14 11:30:00;172602N232;1911;6.016;36;222;222;224;219;2.888;49.99;408.2;2.483;414.9;2.193;0.0;0.000;60;0;0;2.838;2.961;2.865;625;660;625;49.99;49.99;49.99;9666;1000;0.0;0;1.0000;0;0
600;2013-05-14 11:40:00;172602N232;957;6.175;37;221;221;223;220;1.479;50.00;416.4;1.200;422.4;1.067;0.0;0.000;60;0;0;1.429;1.519;1.490;306;330;318;50.00;50.00;50.00;9666;1000;0.0;0;1.0000;0;0
600;2013-05-14 11:50:00;172602N232;1967;6.504;37;223;223;224;222;2.960;50.00;430.4;2.487;439.1;2.060;0.0;0.000;60;0;0;2.902;3.010;2.970;641;668;654;50.00;50.00;50.00;9666;1000;0.0;0;1.0000;0;0
600;2013-05-14 12:00:00;172602N232;1359;6.729;37;222;222;224;222;2.071;49.99;425.0;1.658;424.2;1.542;0.0;0.000;60;0;0;2.022;2.108;2.085;439;463;454;49.99;49.99;49.99;9666;1000;0.0;0;1.0000;0;0
600;2013-05-14 12:10:00;172602N232;4081;7.408;37;225;224;228;223;6.033;50.00;417.1;4.989;419.7;4.839;0.0;0.000;60;0;0;5.959;6.158;5.982;1337;1409;1333;50.00;50.00;50.00;9666;1000;0.0;0;1.0000;0;0
600;2013-05-14 12:20:00;172602N232;905;7.560;37;222;221;224;220;1.410;50.01;405.0;1.128;405.9;1.093;0.0;0.000;60;0;0;1.357;1.457;1.417;287;316;300;50.01;50.01;50.01;9666;1000;0.0;0;1.0000;0;0
600;2013-05-14 12:30:00;172602N232;5183;8.422;37;228;226;232;225;7.565;49.99;414.4;6.409;416.2;6.302;0.0;0.000;60;0;0;7.478;7.759;7.460;1696;1802;1682;49.99;49.99;49.99;9666;1000;0.0;0;1.0000;0;0
600;2013-05-14 12:40:00;172602N232;5425;9.329;41;227;225;232;225;7.948;50.00;387.5;7.157;389.6;7.058;0.0;0.000;60;0;0;7.818;8.150;7.876;1759;1892;1773;50.00;50.00;50.00;9666;1000;0.0;0;1.0000;0;0
600;2013-05-14 12:50:00;172602N232;3720;9.948;39;226;226;229;224;5.467;50.03;391.9;4.831;393.3;4.771;0.0;0.000;60;0;0;5.409;5.569;5.423;1222;1279;1216;50.03;50.03;50.03;9666;1000;0.0;0;1.0000;0;0
600;2013-05-14 13:00:00;172602N232;2378;10.346;40;224;223;227;223;3.564;49.99;409.2;2.935;408.2;2.864;0.0;0.000;60;0;0;3.516;3.635;3.542;777;818;781;49.99;49.99;49.99;9666;1000;0.0;0;1.0000;0;0
600;2013-05-14 13:10:00;172602N232;2570;10.774;40;224;223;226;222;3.841;50.00;409.7;3.122;410.6;3.094;0.0;0.000;60;0;0;3.795;3.923;3.807;843;887;840;50.00;50.00;50.00;9666;1000;0.0;0;1.0000;0;0
600;2013-05-14 13:20:00;172602N232;2952;11.266;40;224;224;227;222;4.376;50.00;400.5;3.700;403.7;3.651;0.0;0.000;60;0;0;4.320;4.477;4.332;968;1021;960;50.00;50.00;50.00;9666;1000;0.0;0;1.0000;0;0
600;2013-05-14 13:30:00;172602N232;4562;12.028;40;225;225;229;221;6.741;49.99;409.7;5.655;412.1;5.625;0.0;0.000;60;0;0;6.707;6.915;6.601;1513;1585;1461;49.99;49.99;49.99;9666;1000;0.0;0;1.0000;0;0
600;2013-05-14 13:40:00;172602N232;3944;12.685;41;224;225;228;221;5.834;50.01;396.2;5.102;395.6;4.984;0.0;0.000;60;0;0;5.807;5.970;5.726;1307;1368;1266;50.01;50.01;50.01;9666;1000;0.0;0;1.0000;0;0
600;2013-05-14 13:50:00;172602N232;5417;13.588;41;226;225;229;222;7.994;50.01;386.8;7.148;388.3;7.080;0.0;0.000;60;0;0;7.957;8.168;7.858;1794;1874;1747;50.01;50.01;50.01;9666;1000;0.0;0;1.0000;0;0
600;2013-05-14 14:00:00;172602N232;5348;14.478;42;226;225;230;223;7.875;49.97;384.8;7.094;385.2;7.040;0.0;0.000;60;0;0;7.802;8.070;7.753;1756;1856;1732;49.97;49.97;49.97;9666;1000;0.0;0;1.0000;0;0
600;2013-05-14 14:10:00;172602N232;5363;15.372;42;226;225;230;224;7.884;49.98;381.8;7.163;383.0;7.115;0.0;0.000;60;0;0;7.805;8.071;7.777;1759;1860;1741;49.98;49.98;49.98;9666;1000;0.0;0;1.0000;0;0
600;2013-05-14 14:20:00;172602N232;2910;15.859;42;225;224;227;222;4.302;50.01;387.5;3.855;386.5;3.806;0.0;0.000;60;0;0;4.246;4.405;4.257;952;1010;945;50.01;50.01;50.01;9666;1000;0.0;0;1.0000;0;0
600;2013-05-14 14:30:00;172602N232;1383;16.089;42;224;224;226;221;2.098;49.99;407.6;1.719;409.7;1.655;0.0;0.000;60;0;0;2.061;2.146;2.088;451;475;453;49.99;49.99;49.99;9666;1000;0.0;0;1.0000;0;0
600;2013-05-14 14:40:00;172602N232;1903;16.405;41;224;223;226;222;2.853;49.98;416.8;2.286;413.5;2.291;0.0;0.000;60;0;0;2.799;2.921;2.839;619;657;624;49.98;49.98;49.98;9666;1000;0.0;0;1.0000;0;0
600;2013-05-14 14:50:00;172602N232;2326;16.795;41;224;223;227;222;3.495;49.99;422.9;2.825;419.1;2.718;0.0;0.000;60;0;0;3.444;3.576;3.465;758;807;761;49.99;49.99;49.99;9666;1000;0.0;0;1.0000;0;0
600;2013-05-14 15:00:00;172602N232;3336;17.351;41;224;225;228;221;4.938;50.00;417.8;4.050;416.3;3.970;0.0;0.000;60;0;0;4.884;5.075;4.855;1098;1160;1076;50.00;50.00;50.00;9666;1000;0.0;0;1.0000;0;0
600;2013-05-14 15:10:00;172602N232;2086;17.699;41;224;223;227;221;3.113;50.00;402.8;2.651;398.9;2.618;0.0;0.000;60;0;0;3.047;3.213;3.079;677;732;677;50.00;50.00;50.00;9666;1000;0.0;0;1.0000;0;0
600;2013-05-14 15:20:00;172602N232;1659;17.977;41;224;224;226;222;2.523;49.99;409.9;2.031;413.4;2.009;0.0;0.000;60;0;0;2.494;2.563;2.512;542;567;547;49.99;49.99;49.99;9666;1000;0.0;0;1.0000;0;0
600;2013-05-14 15:30:00;172602N232;2540;18.399;41;225;225;228;223;3.755;49.99;403.9;3.152;406.7;3.130;0.0;0.000;60;0;0;3.705;3.837;3.724;832;875;829;49.99;49.99;49.99;9666;1000;0.0;0;1.0000;0;0
600;2013-05-14 15:40:00;172602N232;2561;18.825;41;225;225;228;223;3.796;50.00;410.6;3.167;407.1;3.150;0.0;0.000;60;0;0;3.737;3.891;3.762;837;886;835;50.00;50.00;50.00;9666;1000;0.0;0;1.0000;0;0
600;2013-05-14 15:50:00;172602N232;2888;19.307;41;225;225;229;222;4.268;50.00;402.1;3.604;407.1;3.555;0.0;0.000;60;0;0;4.222;4.385;4.199;950;1008;930;50.00;50.00;50.00;9666;1000;0.0;0;1.0000;0;0
600;2013-05-14 16:00:00;172602N232;4773;20.105;41;227;227;230;223;7.016;49.99;396.2;6.129;397.6;6.085;0.0;0.000;60;0;0;6.990;7.170;6.888;1586;1649;1536;49.99;49.99;49.99;9666;1000;0.0;0;1.0000;0;0
600;2013-05-14 16:10:00;172602N232;4365;20.831;42;227;228;228;224;6.417;49.97;393.2;5.684;393.8;5.599;0.0;0.000;60;0;0;6.408;6.506;6.339;1458;1484;1420;49.97;49.97;49.97;9666;1000;0.0;0;1.0000;0;0
600;2013-05-14 16:20:00;172602N232;1302;21.048;42;224;225;225;223;1.959;49.99;397.3;1.652;397.2;1.640;0.0;0.000;60;0;0;1.928;1.994;1.956;426;445;429;49.99;49.99;49.99;9666;1000;0.0;0;1.0000;0;0
600;2013-05-14 16:30:00;172602N232;3423;21.618;42;225;225;228;223;5.067;50.00;400.0;4.296;408.6;4.289;0.0;0.000;60;0;0;5.025;5.161;5.016;1129;1175;1116;49.99;49.99;49.99;9666;1000;0.0;0;1.0000;0;0
600;2013-05-14 16:40:00;172602N232;3036;22.124;42;225;225;227;222;4.509;49.99;396.8;3.817;405.3;3.829;0.0;0.000;60;0;0;4.492;4.591;4.444;1011;1041;983;49.99;49.99;49.99;9666;1000;0.0;0;1.0000;0;0
600;2013-05-14 16:50:00;172602N232;3160;22.653;42;226;227;227;223;4.669;49.99;385.5;4.120;394.6;4.075;0.0;0.000;60;0;0;4.682;4.730;4.596;1062;1074;1022;49.99;49.99;49.99;9666;1000;0.0;0;1.0000;0;0
600;2013-05-14 17:00:00;172602N232;2943;23.142;42;225;226;227;221;4.371;50.01;397.8;3.709;406.0;3.679;0.0;0.000;60;0;0;4.347;4.474;4.292;979;1013;946;50.01;50.01;50.01;9666;1000;0.0;0;1.0000;0;0
600;2013-05-14 17:10:00;172602N232;1027;23.314;42;223;224;224;221;1.592;49.97;396.8;1.292;399.8;1.268;0.0;0.000;60;0;0;1.585;1.616;1.576;337;352;337;49.97;49.97;49.97;9666;1000;0.0;0;1.0000;0;0
600;2013-05-14 17:20:00;172602N232;1325;23.534;42;223;223;224;221;2.148;49.98;400.3;1.627;406.4;1.620;0.0;0.000;60;0;0;2.122;2.205;2.118;433;458;433;49.98;49.98;49.98;9666;1000;0.0;0;1.0000;0;0
600;2013-05-14 17:30:00;172602N232;580;23.632;41;222;223;222;219;1.250;49.99;402.6;0.711;410.4;0.696;0.0;0.000;60;0;0;1.330;1.213;1.208;194;195;189;49.99;49.99;49.99;9666;1000;0.0;0;1.0000;0;0
600;2013-05-14 17:40:00;172602N232;569;23.726;41;222;223;225;220;1.061;49.99;405.3;0.680;412.9;0.691;0.0;0.000;60;0;0;1.060;1.094;1.029;182;199;185;49.99;49.99;49.99;9666;1000;0.0;0;1.0000;0;0
600;2013-05-14 17:50:00;172602N232;2308;24.112;40;224;223;228;221;3.470;50.00;404.6;2.826;427.6;2.757;0.0;0.000;60;0;0;3.397;3.597;3.416;749;810;747;50.00;50.00;50.00;9666;1000;0.0;0;1.0000;0;0
600;2013-05-14 18:00:00;172602N232;2634;24.551;40;223;223;227;220;3.943;50.03;394.3;3.324;415.3;3.240;0.0;0.000;60;0;0;3.887;4.049;3.895;864;917;853;50.03;50.03;50.03;9666;1000;0.0;0;1.0000;0;0
600;2013-05-14 18:10:00;172602N232;2555;24.977;40;224;223;227;221;3.822;50.03;392.6;3.254;402.8;3.236;0.0;0.000;60;0;0;3.764;3.916;3.787;837;883;832;50.03;50.03;50.03;9666;1000;0.0;0;1.0000;0;0
600;2013-05-14 18:20:00;172602N232;1806;25.279;40;223;224;225;221;2.717;49.99;392.5;2.287;402.7;2.291;0.0;0.000;60;0;0;2.684;2.773;2.694;595;619;591;49.99;49.99;49.99;9666;1000;0.0;0;1.0000;0;0
600;2013-05-14 18:30:00;172602N232;1735;25.568;40;223;224;225;221;2.609;49.98;391.4;2.186;402.5;2.212;0.0;0.000;60;0;0;2.570;2.672;2.586;570;597;566;49.98;49.98;49.98;9666;1000;0.0;0;1.0000;0;0
600;2013-05-14 18:40:00;172602N232;683;25.681;40;222;222;225;221;1.061;49.98;378.8;0.873;398.7;0.870;0.0;0.000;60;0;0;1.001;1.109;1.073;213;240;228;49.98;49.98;49.98;9666;1000;0.0;0;1.0000;0;0
600;2013-05-14 18:50:00;172602N232;509;25.767;40;222;222;224;221;0.826;49.98;395.3;0.624;408.7;0.623;0.0;0.000;60;0;0;0.778;0.867;0.835;156;180;172;49.98;49.98;49.98;9666;1000;0.0;0;1.0000;0;0
600;2013-05-14 19:00:00;172602N232;604;25.868;40;221;221;222;220;1.035;50.02;411.7;0.719;414.0;0.723;0.0;0.000;60;0;0;1.038;1.037;1.031;192;207;203;50.02;50.02;50.02;9666;1000;0.0;0;1.0000;0;0
600;2013-05-14 19:10:00;172602N232;786;25.999;40;222;222;223;220;1.233;50.01;397.6;0.968;413.9;0.964;0.0;0.000;60;0;0;1.194;1.267;1.240;251;272;262;50.01;50.01;50.01;9666;1000;0.0;0;1.0000;0;0
600;2013-05-14 19:20:00;172602N232;699;26.116;39;222;222;222;221;1.090;49.98;384.7;0.874;414.2;0.866;0.0;0.000;60;0;0;1.039;1.126;1.105;221;241;235;49.98;49.98;49.98;9666;1000;0.0;0;1.0000;0;0
600;2013-05-14 19:30:00;172602N232;474;26.194;39;222;224;222;220;0.753;49.99;406.1;0.560;413.7;0.576;0.0;0.000;60;0;0;0.707;0.791;0.762;148;167;158;49.99;49.99;49.99;9666;1000;0.0;0;1.0000;0;0
600;2013-05-14 19:40:00;172602N232;398;26.261;39;222;224;222;220;0.692;49.98;407.9;0.474;411.2;0.471;0.0;0.000;60;0;0;0.653;0.725;0.698;122;142;132;49.98;49.98;49.98;9666;1000;0.0;0;1.0000;0;0
600;2013-05-14 19:50:00;172602N232;370;26.323;39;222;222;223;221;1.018;49.98;409.1;0.431;411.8;0.439;0.0;0.000;60;0;0;0.963;1.117;0.976;103;124;141;49.98;49.98;49.98;9666;1000;0.0;0;1.0000;0;0
600;2013-05-14 20:00:00;172602N232;370;26.384;38;222;221;223;222;1.097;50.01;412.8;0.425;412.2;0.440;0.0;0.000;60;0;0;1.093;1.153;1.045;112;138;118;50.01;50.01;50.01;9666;1000;0.0;0;1.0000;0;0
600;2013-05-14 20:10:00;172602N232;296;26.434;38;222;221;222;221;1.099;50.01;403.6;0.346;408.6;0.349;0.0;0.000;60;0;0;1.143;1.191;0.963;86;113;95;50.01;50.01;50.01;9666;1000;0.0;0;1.0000;0;0
600;2013-05-14 20:20:00;172602N232;185;26.466;38;222;222;224;222;0.936;49.99;390.0;0.219;400.1;0.213;0.0;0.000;60;0;0;0.914;1.120;0.774;41;61;82;49.99;49.99;49.99;9666;1000;0.0;0;1.0000;0;0
600;2013-05-14 20:30:00;172602N232;160;26.492;37;222;222;223;222;0.885;49.97;388.4;0.188;398.7;0.180;0.0;0.000;60;0;0;0.898;0.947;0.812;30;51;77;49.97;49.97;49.97;9666;1000;0.0;0;1.0000;0;0
600;2013-05-14 20:40:00;172602N232;48;26.500;37;222;223;223;221;0.636;49.97;348.6;0.048;362.8;0.047;0.0;0.000;60;0;0;0.735;0.684;0.491;4;19;34;49.97;49.97;49.97;9666;1000;0.0;0;1.0000;0;0
600;2013-05-14 20:50:00;172602N232;23;26.505;36;223;222;225;222;0.471;49.99;304.4;0.017;305.4;0.019;0.0;0.000;60;0;0;0.442;0.628;0.343;11;0;21;49.99;49.99;49.99;9666;1000;0.0;0;1.0000;0;0
600;2013-05-14 21:00:00;172602N232;3;26.506;36;223;222;225;222;0.196;49.97;251.6;0.000;253.1;0.000;0.0;0.000;60;0;0;0.153;0.297;0.139;3;0;7;49.97;49.97;49.97;9666;1000;0.0;0;1.0000;0;0
600;2013-05-14 21:10:00;172602N232;0;26.506;35;222;220;226;221;0.000;49.98;293.3;0.000;292.5;0.000;0.0;0.000;51;0;0;0.000;0.001;0.000;0;0;0;49.98;49.98;49.98;13434;1000;0.0;0;1.0000;0;0
600;2013-05-14 21:20:00;172602N232;0;26.506;33;222;220;225;221;0.000;50.00;235.4;0.000;236.3;0.000;0.0;0.000;51;0;0;0.000;0.000;0.000;0;0;0;50.00;50.00;50.00;16105;1000;0.0;0;1.0000;0;0
600;2013-05-14 21:30:00;172602N232;0;26.506;32;222;221;224;220;0.000;49.99;227.4;0.000;228.4;0.000;0.0;0.000;51;0;0;0.000;0.000;0.000;0;0;0;49.99;49.99;49.99;16105;1000;0.0;0;1.0000;0;0
600;2013-05-14 21:40:00;172602N232;0;26.506;32;222;221;223;221;0.000;50.03;226.0;0.000;226.9;0.000;0.0;0.000;51;0;0;0.000;0.000;0.000;0;0;0;50.03;50.03;50.03;16105;1000;0.0;0;1.0000;0;0
[wr_ende]
