20140306;230004;172602N232;My Plant;+0100
[wr_def_start]
172602N232;Inverter Type;Inverter Group;72602N232      
[wr_def_end]
[wr]
INTERVAL;TIMESTAMP;SERIAL;P_AC;E_DAY;T_WR;U_AC;U_AC_1;U_AC_2;U_AC_3;I_AC;F_AC;U_DC_1;I_DC_1;U_DC_2;I_DC_2;U_DC_3;I_DC_3;S;E_WR;M_WR;I_AC_1;I_AC_2;I_AC_3;P_AC_1;P_AC_2;P_AC_3;F_AC_1;F_AC_2;F_AC_3;R_DC;PC;PCS;PCS_LL;COS_PHI;COS_PHI_LL;S_COS_PHI
600;2014-03-06 06:30:00;172602N232;0;0.000;0;3;3;3;3;0.000;0.80;3.5;0.000;3.5;0.000;0.0;0.000;50;0;0;0.000;0.000;0.000;0;0;0;0.80;0.80;0.80;13;1000;0.0;0;1.0000;0;0
600;2014-03-06 06:40:00;172602N232;0;0.000;17;224;225;225;222;0.003;50.00;270.3;0.000;270.2;0.000;0.0;0.000;60;0;0;0.004;0.004;0.003;0;0;0;50.00;50.00;50.00;3580;1000;0.0;0;1.0000;0;0
600;2014-03-06 06:50:00;172602N232;4;0.001;18;223;224;224;222;0.164;50.04;278.7;0.001;274.9;0.003;0.0;0.000;60;0;0;0.194;0.183;0.117;2;2;6;50.04;50.04;50.04;6200;1000;0.0;0;1.0000;0;0
600;2014-03-06 07:00:00;172602N232;38;0.008;18;223;224;224;222;0.505;49.99;352.2;0.030;359.8;0.032;0.0;0.000;60;0;0;0.586;0.488;0.441;2;23;20;49.99;49.99;49.99;5190;1000;0.0;0;1.0000;0;0
600;2014-03-06 07:10:00;172602N232;77;0.019;19;223;224;221;224;0.888;49.98;388.5;0.079;398.1;0.079;0.0;0.000;60;0;0;0.896;0.686;1.083;19;51;8;49.98;49.98;49.98;5190;1000;0.0;0;1.0000;0;0
600;2014-03-06 07:20:00;172602N232;80;0.033;20;222;223;220;224;0.927;49.99;391.1;0.083;396.3;0.085;0.0;0.000;60;0;0;0.894;0.708;1.179;22;55;5;49.99;49.99;49.99;5190;1000;0.0;0;1.0000;0;0
600;2014-03-06 07:30:00;172602N232;116;0.052;20;222;223;220;223;0.968;49.98;404.3;0.124;405.3;0.127;0.0;0.000;60;0;0;1.012;0.746;1.148;28;64;23;49.98;49.98;49.98;5190;1000;0.0;0;1.0000;0;0
600;2014-03-06 07:40:00;172602N232;133;0.074;21;221;222;219;222;0.944;49.97;408.9;0.144;407.4;0.147;0.0;0.000;60;0;0;0.894;0.733;1.206;41;65;25;49.97;49.97;49.97;5190;1000;0.0;0;1.0000;0;0
600;2014-03-06 07:50:00;172602N232;133;0.097;21;221;223;220;222;0.909;49.99;408.7;0.143;407.0;0.147;0.0;0.000;60;0;0;1.042;0.733;0.954;20;68;42;49.99;49.99;49.99;5190;1000;0.0;0;1.0000;0;0
600;2014-03-06 08:00:00;172602N232;149;0.121;22;222;222;221;222;0.887;49.98;410.9;0.161;409.0;0.166;0.0;0.000;60;0;0;1.069;0.785;0.808;15;73;59;49.98;49.98;49.98;5190;1000;0.0;0;1.0000;0;0
600;2014-03-06 08:10:00;172602N232;218;0.159;22;222;222;222;222;0.997;49.99;420.2;0.239;418.0;0.246;0.0;0.000;60;0;0;1.147;0.976;0.870;55;88;73;49.99;49.99;49.99;5190;1000;0.0;0;1.0000;0;0
600;2014-03-06 08:20:00;172602N232;261;0.202;23;222;221;223;222;1.085;50.00;425.4;0.287;421.4;0.295;0.0;0.000;60;0;0;1.079;1.241;0.937;74;98;87;50.00;50.00;50.00;5190;1000;0.0;0;1.0000;0;0
600;2014-03-06 08:30:00;172602N232;346;0.260;23;222;222;222;221;1.112;50.00;432.1;0.382;425.4;0.394;0.0;0.000;60;0;0;1.155;1.139;1.043;102;131;112;50.00;50.00;50.00;5190;1000;0.0;0;1.0000;0;0
600;2014-03-06 08:40:00;172602N232;493;0.343;24;222;223;223;222;0.900;50.00;435.3;0.553;428.8;0.564;0.0;0.000;60;0;0;0.876;0.929;0.897;153;174;164;50.00;50.00;50.00;5190;1000;0.0;0;1.0000;0;0
600;2014-03-06 08:50:00;172602N232;576;0.439;24;223;223;223;224;0.902;49.98;435.8;0.649;430.4;0.661;0.0;0.000;60;0;0;0.852;0.935;0.921;180;199;196;49.98;49.98;49.98;5190;1000;0.0;0;1.0000;0;0
600;2014-03-06 09:00:00;172602N232;649;0.546;25;224;223;224;224;1.004;49.98;437.3;0.732;430.6;0.743;0.0;0.000;60;0;0;0.952;1.038;1.023;203;223;220;49.98;49.98;49.98;5190;1000;0.0;0;1.0000;0;0
600;2014-03-06 09:10:00;172602N232;748;0.673;25;223;223;224;223;1.155;49.99;436.3;0.850;431.0;0.861;0.0;0.000;60;0;0;1.108;1.187;1.170;237;257;252;49.99;49.99;49.99;5190;1000;0.0;0;1.0000;0;0
600;2014-03-06 09:20:00;172602N232;851;0.815;26;223;221;224;223;1.303;49.99;437.6;0.966;431.3;0.978;0.0;0.000;60;0;0;1.245;1.344;1.322;268;294;287;49.99;49.99;49.99;5190;1000;0.0;0;1.0000;0;0
600;2014-03-06 09:30:00;172602N232;867;0.959;26;222;220;224;223;1.327;50.00;436.5;0.987;430.2;0.999;0.0;0.000;60;0;0;1.259;1.372;1.352;269;301;294;50.00;50.00;50.00;5190;1000;0.0;0;1.0000;0;0
600;2014-03-06 09:40:00;172602N232;930;1.114;27;222;219;224;223;1.420;50.00;436.0;1.060;430.1;1.076;0.0;0.000;60;0;0;1.352;1.468;1.442;290;323;315;50.00;50.00;50.00;5190;1000;0.0;0;1.0000;0;0
600;2014-03-06 09:50:00;172602N232;1127;1.303;27;222;222;224;222;1.752;49.96;436.1;1.293;430.8;1.302;0.0;0.000;60;0;0;1.707;1.782;1.768;361;386;378;49.96;49.96;49.96;5190;1000;0.0;0;1.0000;0;0
600;2014-03-06 10:00:00;172602N232;1103;1.485;27;223;221;224;222;1.699;49.99;436.1;1.264;429.8;1.278;0.0;0.000;60;0;0;1.639;1.746;1.712;351;381;369;49.99;49.99;49.99;5190;1000;0.0;0;1.0000;0;0
600;2014-03-06 10:10:00;172602N232;985;1.651;28;221;220;222;222;1.503;50.00;436.2;1.124;428.5;1.147;0.0;0.000;60;0;0;1.451;1.536;1.523;314;337;333;50.00;50.00;50.00;5190;1000;0.0;0;1.0000;0;0
600;2014-03-06 10:20:00;172602N232;962;1.811;28;222;221;223;222;1.464;49.99;436.3;1.094;427.7;1.124;0.0;0.000;60;0;0;1.411;1.502;1.481;306;331;324;49.99;49.99;49.99;5190;1000;0.0;0;1.0000;0;0
600;2014-03-06 10:30:00;172602N232;973;1.973;28;222;222;223;222;1.482;50.00;436.4;1.106;426.9;1.141;0.0;0.000;60;0;0;1.432;1.521;1.494;311;335;326;50.00;50.00;50.00;5190;1000;0.0;0;1.0000;0;0
600;2014-03-06 10:40:00;172602N232;1106;2.158;29;222;221;223;222;1.702;50.00;434.9;1.264;426.9;1.300;0.0;0.000;60;0;0;1.647;1.739;1.721;354;379;371;50.00;50.00;50.00;5190;1000;0.0;0;1.0000;0;0
600;2014-03-06 10:50:00;172602N232;1342;2.382;29;222;221;223;223;2.038;49.98;431.6;1.556;426.9;1.576;0.0;0.000;60;0;0;1.975;2.072;2.068;431;457;452;49.98;49.98;49.98;5190;1000;0.0;0;1.0000;0;0
600;2014-03-06 11:00:00;172602N232;1225;2.587;29;223;221;224;222;1.889;49.99;432.4;1.415;425.3;1.442;0.0;0.000;60;0;0;1.827;1.936;1.906;391;421;410;49.99;49.99;49.99;5190;1000;0.0;0;1.0000;0;0
600;2014-03-06 11:10:00;172602N232;1210;2.788;29;223;221;225;223;1.866;50.00;434.1;1.390;426.2;1.422;0.0;0.000;60;0;0;1.796;1.906;1.897;385;414;408;50.00;50.00;50.00;5190;1000;0.0;0;1.0000;0;0
600;2014-03-06 11:20:00;172602N232;1157;2.981;29;223;222;224;222;1.795;50.00;432.2;1.337;424.8;1.362;0.0;0.000;60;0;0;1.748;1.830;1.807;372;397;387;50.00;50.00;50.00;5190;1000;0.0;0;1.0000;0;0
600;2014-03-06 11:30:00;172602N232;944;3.139;30;223;222;224;223;1.438;50.00;433.4;1.079;423.6;1.115;0.0;0.000;60;0;0;1.380;1.477;1.459;298;325;318;50.00;50.00;50.00;5190;1000;0.0;0;1.0000;0;0
600;2014-03-06 11:40:00;172602N232;1095;3.322;30;224;222;227;224;1.661;50.02;435.4;1.244;425.7;1.296;0.0;0.000;60;0;0;1.590;1.710;1.683;345;380;369;50.02;50.02;50.02;5190;1000;0.0;0;1.0000;0;0
600;2014-03-06 11:50:00;172602N232;1831;3.627;30;226;225;229;225;2.708;50.00;432.9;2.126;427.6;2.151;0.0;0.000;60;0;0;2.630;2.781;2.715;588;632;609;50.00;50.00;50.00;5190;1000;0.0;0;1.0000;0;0
600;2014-03-06 12:00:00;172602N232;1784;3.924;30;227;226;230;226;2.626;50.01;429.9;2.083;424.4;2.113;0.0;0.000;60;0;0;2.552;2.689;2.639;574;614;594;50.01;50.01;50.01;5190;1000;0.0;0;1.0000;0;0
600;2014-03-06 12:10:00;172602N232;1272;4.136;30;226;226;228;225;1.928;50.01;432.8;1.460;422.6;1.518;0.0;0.000;60;0;0;1.890;1.973;1.922;412;438;420;50.01;50.01;50.01;5190;1000;0.0;0;1.0000;0;0
600;2014-03-06 12:20:00;172602N232;1211;4.338;30;225;224;227;224;1.877;50.01;435.1;1.380;423.4;1.440;0.0;0.000;60;0;0;1.832;1.913;1.888;387;417;405;50.01;50.01;50.01;5190;1000;0.0;0;1.0000;0;0
600;2014-03-06 12:30:00;172602N232;1217;4.541;31;225;224;227;224;1.847;50.02;434.5;1.391;424.1;1.443;0.0;0.000;60;0;0;1.786;1.907;1.849;389;421;405;50.02;50.02;50.02;5190;1000;0.0;0;1.0000;0;0
600;2014-03-06 12:40:00;172602N232;1020;4.712;31;225;224;226;224;1.534;50.02;432.1;1.168;422.4;1.215;0.0;0.000;60;0;0;1.482;1.573;1.547;326;351;341;50.02;50.02;50.02;5190;1000;0.0;0;1.0000;0;0
600;2014-03-06 12:50:00;172602N232;861;4.855;31;225;224;226;223;1.307;50.01;429.7;0.989;421.3;1.021;0.0;0.000;60;0;0;1.257;1.348;1.318;273;298;287;50.01;50.01;50.01;5190;1000;0.0;0;1.0000;0;0
600;2014-03-06 13:00:00;172602N232;654;4.965;31;225;224;227;223;1.005;50.01;427.6;0.751;418.7;0.776;0.0;0.000;60;0;0;0.949;1.050;1.016;204;229;219;50.01;50.01;50.01;5190;1000;0.0;0;1.0000;0;0
600;2014-03-06 13:10:00;172602N232;463;5.042;31;224;224;226;223;0.740;49.99;418.4;0.535;416.0;0.552;0.0;0.000;60;0;0;0.688;0.782;0.751;141;164;156;49.99;49.99;49.99;5190;1000;0.0;0;1.0000;0;0
600;2014-03-06 13:20:00;172602N232;616;5.145;31;225;224;226;223;0.993;49.97;422.0;0.713;421.1;0.729;0.0;0.000;60;0;0;0.973;1.015;0.993;193;213;207;49.97;49.97;49.97;5190;1000;0.0;0;1.0000;0;0
600;2014-03-06 13:30:00;172602N232;478;5.225;31;225;224;226;224;0.750;49.97;426.7;0.543;416.6;0.568;0.0;0.000;60;0;0;0.694;0.792;0.766;145;169;162;49.97;49.97;49.97;5190;1000;0.0;0;1.0000;0;0
600;2014-03-06 13:40:00;172602N232;457;5.301;31;225;224;226;223;0.723;50.00;426.0;0.519;416.6;0.542;0.0;0.000;60;0;0;0.671;0.765;0.733;139;162;154;50.00;50.00;50.00;5190;1000;0.0;0;1.0000;0;0
600;2014-03-06 13:50:00;172602N232;431;5.373;31;225;225;228;224;0.746;50.00;422.1;0.492;417.0;0.510;0.0;0.000;60;0;0;0.695;0.794;0.749;130;155;144;50.00;50.00;50.00;5190;1000;0.0;0;1.0000;0;0
600;2014-03-06 14:00:00;172602N232;458;5.449;31;226;226;228;224;0.721;49.99;427.2;0.519;418.3;0.540;0.0;0.000;60;0;0;0.666;0.766;0.731;139;163;154;49.99;49.99;49.99;5190;1000;0.0;0;1.0000;0;0
600;2014-03-06 14:10:00;172602N232;378;5.512;30;226;225;226;225;1.104;50.00;422.2;0.429;414.3;0.445;0.0;0.000;60;0;0;1.082;1.164;1.068;103;137;136;50.00;50.00;50.00;5190;1000;0.0;0;1.0000;0;0
600;2014-03-06 14:20:00;172602N232;352;5.571;30;225;225;225;225;1.162;49.99;419.8;0.399;413.0;0.415;0.0;0.000;60;0;0;1.247;1.192;1.049;98;147;105;49.99;49.99;49.99;5190;1000;0.0;0;1.0000;0;0
600;2014-03-06 14:30:00;172602N232;344;5.629;30;225;224;226;224;1.145;49.99;419.4;0.390;412.5;0.406;0.0;0.000;60;0;0;1.194;1.208;1.033;104;127;111;49.99;49.99;49.99;5190;1000;0.0;0;1.0000;0;0
600;2014-03-06 14:40:00;172602N232;473;5.708;30;225;225;227;225;1.124;50.00;410.4;0.555;417.3;0.563;0.0;0.000;60;0;0;1.102;1.190;1.080;143;165;162;50.00;50.00;50.00;5190;1000;0.0;0;1.0000;0;0
600;2014-03-06 14:50:00;172602N232;652;5.817;30;223;222;224;223;1.018;49.98;418.4;0.759;421.3;0.778;0.0;0.000;60;0;0;0.970;1.050;1.036;205;225;220;49.98;49.98;49.98;5190;1000;0.0;0;1.0000;0;0
600;2014-03-06 15:00:00;172602N232;848;5.958;30;223;222;225;222;1.297;50.00;423.6;0.982;423.7;1.008;0.0;0.000;60;0;0;1.243;1.339;1.311;268;294;284;50.00;50.00;50.00;5190;1000;0.0;0;1.0000;0;0
600;2014-03-06 15:10:00;172602N232;753;6.084;30;223;223;225;222;1.164;49.98;418.8;0.877;421.8;0.901;0.0;0.000;60;0;0;1.112;1.205;1.176;237;262;252;49.98;49.98;49.98;5190;1000;0.0;0;1.0000;0;0
600;2014-03-06 15:20:00;172602N232;726;6.205;30;223;222;224;222;1.138;49.99;426.5;0.834;420.6;0.867;0.0;0.000;60;0;0;1.096;1.170;1.148;229;251;244;49.99;49.99;49.99;5190;1000;0.0;0;1.0000;0;0
600;2014-03-06 15:30:00;172602N232;1226;6.410;30;223;222;226;222;1.857;49.99;436.8;1.291;426.2;1.537;0.0;0.000;60;0;0;1.797;1.912;1.863;392;425;407;49.99;49.99;49.99;5190;1000;0.0;0;1.0000;0;0
600;2014-03-06 15:40:00;172602N232;1596;6.677;30;223;222;226;222;2.427;50.00;406.9;1.771;423.2;2.095;0.0;0.000;60;0;0;2.369;2.478;2.436;514;550;530;50.00;50.00;50.00;5190;1000;0.0;0;1.0000;0;0
600;2014-03-06 15:50:00;172602N232;1265;6.887;30;224;223;226;223;1.942;49.99;420.0;1.284;422.9;1.723;0.0;0.000;60;0;0;1.898;1.977;1.952;409;433;421;49.99;49.99;49.99;5190;1000;0.0;0;1.0000;0;0
600;2014-03-06 16:00:00;172602N232;978;7.051;31;224;223;226;223;1.484;49.99;402.4;0.919;422.4;1.445;0.0;0.000;60;0;0;1.433;1.525;1.496;312;338;326;49.99;49.99;49.99;5190;1000;0.0;0;1.0000;0;0
600;2014-03-06 16:10:00;172602N232;515;7.137;31;223;223;223;223;0.821;49.98;378.0;0.585;413.2;0.706;0.0;0.000;60;0;0;0.774;0.851;0.839;159;180;175;49.98;49.98;49.98;5190;1000;0.0;0;1.0000;0;0
600;2014-03-06 16:20:00;172602N232;667;7.248;31;223;223;224;223;1.038;49.98;420.0;0.734;385.2;0.928;0.0;0.000;60;0;0;0.985;1.074;1.056;209;231;225;49.98;49.98;49.98;5190;1000;0.0;0;1.0000;0;0
600;2014-03-06 16:30:00;172602N232;469;7.326;31;223;223;224;223;0.744;49.99;440.7;0.545;379.5;0.592;0.0;0.000;60;0;0;0.688;0.784;0.762;142;166;159;49.99;49.99;49.99;5190;1000;0.0;0;1.0000;0;0
600;2014-03-06 16:40:00;172602N232;405;7.394;31;223;221;225;222;1.137;49.99;426.6;0.485;441.8;0.416;0.0;0.000;60;0;0;1.074;1.278;1.059;125;134;144;49.99;49.99;49.99;5190;1000;0.0;0;1.0000;0;0
600;2014-03-06 16:50:00;172602N232;268;7.438;31;221;219;224;221;1.123;50.02;418.3;0.303;421.0;0.293;0.0;0.000;60;0;0;1.021;1.436;0.912;93;73;101;50.02;50.02;50.02;5190;1000;0.0;0;1.0000;0;0
600;2014-03-06 17:00:00;172602N232;112;7.457;30;220;217;223;221;0.989;50.02;380.5;0.124;386.4;0.133;0.0;0.000;60;0;0;0.731;1.500;0.738;57;1;62;50.02;50.02;50.02;5190;1000;0.0;0;1.0000;0;0
600;2014-03-06 17:10:00;172602N232;75;7.471;30;220;217;222;220;0.783;49.99;367.9;0.078;378.1;0.086;0.0;0.000;60;0;0;0.672;1.018;0.660;47;2;50;49.99;49.99;49.99;5190;1000;0.0;0;1.0000;0;0
600;2014-03-06 17:20:00;172602N232;58;7.480;30;219;218;220;219;0.736;50.00;357.9;0.059;374.5;0.065;0.0;0.000;60;0;0;0.722;0.890;0.597;16;13;32;50.00;50.00;50.00;5190;1000;0.0;0;1.0000;0;0
600;2014-03-06 17:30:00;172602N232;36;7.486;29;219;216;222;219;0.610;50.00;329.3;0.032;355.2;0.035;0.0;0.000;60;0;0;0.457;0.963;0.410;28;0;28;50.00;50.00;50.00;5190;1000;0.0;0;1.0000;0;0
600;2014-03-06 17:40:00;172602N232;7;7.488;29;219;217;221;217;0.240;50.01;260.4;0.002;274.2;0.004;0.0;0.000;60;0;0;0.182;0.375;0.163;6;0;10;50.01;50.01;50.01;5190;1000;0.0;0;1.0000;0;0
600;2014-03-06 17:50:00;172602N232;0;7.487;28;218;217;220;216;0.003;50.05;250.3;0.000;250.7;0.000;0.0;0.000;50;0;0;0.000;0.009;0.000;0;0;0;50.05;50.05;50.05;5190;1000;0.0;0;1.0000;0;0
600;2014-03-06 18:00:00;172602N232;0;7.487;26;222;222;223;221;0.000;50.01;229.1;0.000;230.0;0.000;0.0;0.000;50;0;0;0.000;0.000;0.000;0;0;0;50.01;50.01;50.01;5190;1000;0.0;0;1.0000;0;0
600;2014-03-06 18:10:00;172602N232;0;7.487;26;222;223;223;220;0.000;49.97;227.1;0.000;228.0;0.000;0.0;0.000;50;0;0;0.000;0.000;0.000;0;0;0;49.97;49.97;49.97;5190;1000;0.0;0;1.0000;0;0
[wr_ende]
