20120719;230003;172602N232;My Plant;+0100
[wr_def_start]
172602N232;Inverter Type;Inverter Group;72602N232      
[wr_def_end]
[wr]
INTERVAL;TIMESTAMP;SERIAL;P_AC;E_DAY;T_WR;U_AC;U_AC_1;U_AC_2;U_AC_3;I_AC;F_AC;U_DC_1;I_DC_1;U_DC_2;I_DC_2;U_DC_3;I_DC_3;S;E_WR;M_WR;I_AC_1;I_AC_2;I_AC_3;P_AC_1;P_AC_2;P_AC_3;F_AC_1;F_AC_2;F_AC_3;R_DC;PC;PCS;PCS_LL;COS_PHI;COS_PHI_LL;S_COS_PHI
600;2012-07-19 04:40:00;172602N232;0;0.000;0;3;4;4;3;0.000;0.88;4.0;0.000;4.0;0.000;0.0;0.000;50;0;0;0.000;0.000;0.000;0;0;0;0.88;0.88;0.88;84;1000;0.0;0;1.0000;0;0
600;2012-07-19 04:50:00;172602N232;0;0.000;26;225;226;227;221;0.000;50.00;227.7;0.000;228.6;0.000;0.0;0.000;50;0;0;0.000;0.000;0.000;0;0;0;50.00;50.00;50.00;0;1000;0.0;0;1.0000;0;0
600;2012-07-19 05:00:00;172602N232;0;0.000;28;224;225;227;221;0.000;50.02;229.8;0.000;230.7;0.000;0.0;0.000;50;0;0;0.000;0.000;0.000;0;0;0;50.02;50.02;50.02;0;1000;0.0;0;1.0000;0;0
600;2012-07-19 05:10:00;172602N232;0;0.000;29;224;225;227;221;0.000;50.01;231.1;0.000;232.0;0.000;0.0;0.000;50;0;0;0.000;0.000;0.000;0;0;0;50.01;50.01;50.01;0;1000;0.0;0;1.0000;0;0
600;2012-07-19 05:20:00;172602N232;0;0.000;29;224;225;227;220;0.000;50.00;266.2;0.000;265.9;0.000;0.0;0.000;50;0;0;0.000;0.000;0.000;0;0;0;50.00;50.00;50.00;0;1000;0.0;0;1.0000;0;0
600;2012-07-19 05:30:00;172602N232;0;0.000;29;224;224;226;221;0.025;50.00;276.9;0.000;275.7;0.000;0.0;0.000;60;0;0;0.022;0.033;0.022;0;0;1;50.00;50.00;50.00;9202;1000;0.0;0;1.0000;0;0
600;2012-07-19 05:40:00;172602N232;7;0.002;30;224;224;225;222;0.228;50.00;259.2;0.001;254.0;0.002;0.0;0.000;60;0;0;0.231;0.264;0.189;0;3;11;50.00;50.00;50.00;9803;1000;0.0;0;1.0000;0;0
600;2012-07-19 05:50:00;172602N232;19;0.005;30;223;223;225;222;0.427;50.00;306.6;0.014;274.6;0.017;0.0;0.000;60;0;0;0.511;0.525;0.246;14;0;15;50.00;50.00;50.00;9803;1000;0.0;0;1.0000;0;0
600;2012-07-19 06:00:00;172602N232;19;0.009;31;225;225;226;223;0.476;50.01;297.0;0.016;282.9;0.016;0.0;0.000;60;0;0;0.450;0.637;0.342;4;1;22;50.01;50.01;50.01;9803;1000;0.0;0;1.0000;0;0
600;2012-07-19 06:10:00;172602N232;19;0.012;31;223;224;225;222;0.381;49.99;299.9;0.014;284.0;0.014;0.0;0.000;60;0;0;0.411;0.460;0.273;9;5;17;49.99;49.99;49.99;9803;1000;0.0;0;1.0000;0;0
600;2012-07-19 06:20:00;172602N232;90;0.025;31;228;228;229;227;0.955;49.99;375.5;0.113;365.9;0.099;0.0;0.000;60;0;0;1.021;1.086;0.759;5;24;60;49.99;49.99;49.99;9803;1000;0.0;0;1.0000;0;0
600;2012-07-19 06:30:00;172602N232;120;0.046;32;228;228;228;227;0.969;50.00;386.9;0.152;373.4;0.132;0.0;0.000;60;0;0;1.082;1.035;0.790;8;43;67;50.00;50.00;50.00;9803;1000;0.0;0;1.0000;0;0
600;2012-07-19 06:40:00;172602N232;142;0.070;33;227;227;228;226;0.951;50.00;390.3;0.178;395.8;0.149;0.0;0.000;60;0;0;0.937;1.173;0.745;21;49;69;50.00;50.00;50.00;9803;1000;0.0;0;1.0000;0;0
600;2012-07-19 06:50:00;172602N232;155;0.095;33;227;227;228;226;0.985;49.99;393.0;0.196;397.9;0.161;0.0;0.000;60;0;0;0.946;1.219;0.790;21;49;82;49.99;49.99;49.99;9803;1000;0.0;0;1.0000;0;0
600;2012-07-19 07:00:00;172602N232;191;0.128;34;227;227;228;225;0.997;49.99;389.0;0.240;404.7;0.208;0.0;0.000;60;0;0;1.024;1.161;0.806;35;69;84;49.99;49.99;49.99;9803;1000;0.0;0;1.0000;0;0
600;2012-07-19 07:10:00;172602N232;273;0.174;34;224;224;225;223;1.150;50.02;406.0;0.337;414.7;0.296;0.0;0.000;60;0;0;1.186;1.303;0.961;63;107;101;50.02;50.02;50.02;9803;1000;0.0;0;1.0000;0;0
600;2012-07-19 07:20:00;172602N232;320;0.227;35;224;224;225;223;1.158;49.98;411.2;0.407;421.9;0.332;0.0;0.000;60;0;0;1.261;1.163;1.050;98;112;108;49.98;49.98;49.98;9803;1000;0.0;0;1.0000;0;0
600;2012-07-19 07:30:00;172602N232;278;0.273;35;224;224;225;223;1.126;49.98;404.7;0.359;412.2;0.290;0.0;0.000;60;0;0;1.147;1.246;0.985;80;99;98;49.98;49.98;49.98;9803;1000;0.0;0;1.0000;0;0
600;2012-07-19 07:40:00;172602N232;162;0.301;35;225;225;226;224;1.002;49.99;392.0;0.204;395.8;0.171;0.0;0.000;60;43;0;1.208;1.061;0.737;29;68;63;49.99;49.99;49.99;9803;1000;0.0;0;1.0000;0;0
600;2012-07-19 07:50:00;172602N232;276;0.346;36;225;225;226;223;1.139;49.98;399.6;0.370;380.5;0.300;0.0;0.000;60;43;0;1.244;1.197;0.976;67;97;110;49.98;49.98;49.98;9803;1000;0.0;0;1.0000;0;0
600;2012-07-19 08:00:00;172602N232;531;0.436;36;224;224;226;223;0.984;50.00;420.1;0.686;429.7;0.544;0.0;0.000;60;43;0;0.950;1.033;0.971;166;189;174;50.00;50.00;50.00;9803;1000;0.0;0;1.0000;0;0
600;2012-07-19 08:10:00;172602N232;551;0.527;36;225;225;226;223;0.938;50.01;416.5;0.711;428.1;0.572;0.0;0.000;60;43;0;0.898;0.980;0.937;171;194;184;50.01;50.01;50.01;9803;1000;0.0;0;1.0000;0;0
600;2012-07-19 08:20:00;172602N232;770;0.656;37;226;226;227;224;1.174;49.99;421.2;1.055;403.8;0.799;0.0;0.000;60;43;0;1.117;1.218;1.187;243;268;258;49.99;49.99;49.99;9803;1000;0.0;0;1.0000;0;0
600;2012-07-19 08:30:00;172602N232;679;0.770;37;226;226;227;225;1.040;49.98;420.6;0.923;401.5;0.708;0.0;0.000;60;43;0;0.983;1.083;1.056;212;237;228;49.98;49.98;49.98;9803;1000;0.0;0;1.0000;0;0
600;2012-07-19 08:40:00;172602N232;476;0.849;37;225;226;226;223;0.746;49.99;413.0;0.649;429.2;0.461;0.0;0.000;60;43;0;0.694;0.784;0.760;145;168;161;49.99;49.99;49.99;9803;1000;0.0;0;1.0000;0;0
600;2012-07-19 08:50:00;172602N232;498;0.932;38;224;225;226;222;0.781;49.98;412.0;0.713;398.5;0.496;0.0;0.000;60;43;0;0.730;0.820;0.793;153;176;167;49.98;49.98;49.98;9803;1000;0.0;0;1.0000;0;0
600;2012-07-19 09:00:00;172602N232;867;1.077;38;224;225;226;223;1.321;49.99;422.0;1.361;382.4;0.762;0.0;0.000;60;43;0;1.270;1.364;1.331;276;300;288;49.99;49.99;49.99;9803;1000;0.0;0;1.0000;0;0
600;2012-07-19 09:10:00;172602N232;1348;1.302;38;225;225;226;223;2.033;50.00;418.1;2.216;414.0;1.024;0.0;0.000;60;43;0;1.986;2.073;2.041;437;462;447;50.00;50.00;50.00;9803;1000;0.0;0;1.0000;0;0
600;2012-07-19 09:20:00;172602N232;1307;1.520;39;224;225;226;222;1.979;49.99;413.0;1.939;412.5;1.234;0.0;0.000;60;43;0;1.940;2.018;1.979;425;449;431;49.99;49.99;49.99;9803;1000;0.0;0;1.0000;0;0
600;2012-07-19 09:30:00;172602N232;1059;1.696;39;225;227;227;223;1.601;49.99;408.0;1.604;428.9;0.939;0.0;0.000;60;43;0;1.561;1.643;1.601;343;365;348;49.99;49.99;49.99;9803;1000;0.0;0;1.0000;0;0
600;2012-07-19 09:40:00;172602N232;927;1.851;39;226;227;228;223;1.401;49.99;409.3;1.291;404.1;0.982;0.0;0.000;60;43;0;1.355;1.446;1.402;298;322;305;49.99;49.99;49.99;9803;1000;0.0;0;1.0000;0;0
600;2012-07-19 09:50:00;172602N232;835;1.990;40;226;227;227;224;1.268;50.00;409.0;1.175;400.3;0.880;0.0;0.000;60;43;0;1.221;1.311;1.274;267;290;277;50.00;50.00;50.00;9803;1000;0.0;0;1.0000;0;0
600;2012-07-19 10:00:00;172602N232;793;2.122;40;226;227;228;224;1.244;50.00;410.2;1.106;396.2;0.847;0.0;0.000;60;43;0;1.246;1.254;1.234;255;272;264;50.00;50.00;50.00;9803;1000;0.0;0;1.0000;0;0
600;2012-07-19 10:10:00;172602N232;663;2.233;40;226;227;227;224;1.187;50.00;409.1;0.998;367.2;0.685;0.0;0.000;60;43;0;1.262;1.147;1.153;213;225;224;50.00;50.00;50.00;9803;1000;0.0;0;1.0000;0;0
600;2012-07-19 10:20:00;172602N232;1904;2.550;40;226;225;228;226;2.823;49.99;412.7;3.779;358.9;1.008;0.0;0.000;60;43;0;2.744;2.881;2.846;612;652;637;49.99;49.99;49.99;9803;1000;0.0;0;1.0000;0;0
600;2012-07-19 10:30:00;172602N232;1922;2.872;41;226;225;228;225;2.855;50.00;397.9;3.451;416.9;1.338;0.0;0.000;60;43;0;2.773;2.920;2.873;618;661;641;50.00;50.00;50.00;9803;1000;0.0;0;1.0000;0;0
600;2012-07-19 10:40:00;172602N232;1302;3.088;41;225;225;227;224;1.979;49.98;401.1;1.821;412.2;1.399;0.0;0.000;60;43;0;1.924;2.020;1.993;418;447;435;49.98;49.98;49.98;9803;1000;0.0;0;1.0000;0;0
600;2012-07-19 10:50:00;172602N232;1348;3.314;41;225;225;227;224;2.059;49.99;407.4;1.863;409.1;1.450;0.0;0.000;60;43;0;2.010;2.095;2.072;434;462;450;49.99;49.99;49.99;9803;1000;0.0;0;1.0000;0;0
600;2012-07-19 11:00:00;172602N232;1085;3.495;41;226;226;227;224;1.654;49.99;406.3;1.506;418.9;1.130;0.0;0.000;60;43;0;1.601;1.691;1.671;346;374;363;49.99;49.99;49.99;9803;1000;0.0;0;1.0000;0;0
600;2012-07-19 11:10:00;172602N232;1574;3.757;41;225;226;226;225;2.377;49.99;406.6;2.498;413.1;1.368;0.0;0.000;60;43;0;2.331;2.401;2.399;512;532;528;49.99;49.99;49.99;9803;1000;0.0;0;1.0000;0;0
600;2012-07-19 11:20:00;172602N232;2540;4.181;42;227;227;228;225;3.756;49.99;393.5;4.670;437.1;1.651;0.0;0.000;60;43;0;3.700;3.801;3.767;834;861;844;49.99;49.99;49.99;9803;1000;0.0;0;1.0000;0;0
600;2012-07-19 11:30:00;172602N232;1967;4.509;42;226;227;228;224;2.910;49.98;393.2;3.325;298.2;2.295;0.0;0.000;60;43;0;2.856;2.969;2.907;644;673;648;49.98;49.98;49.98;9803;1000;0.0;0;1.0000;0;0
600;2012-07-19 11:40:00;172602N232;2713;4.960;42;227;227;229;225;3.997;49.98;385.3;5.086;328.0;2.675;0.0;0.000;60;43;0;3.924;4.070;3.999;885;928;897;49.98;49.98;49.98;9803;1000;0.0;0;1.0000;0;0
600;2012-07-19 11:50:00;172602N232;1583;5.225;42;227;227;228;225;2.366;49.99;390.6;2.526;401.8;1.511;0.0;0.000;60;43;0;2.313;2.419;2.367;513;545;523;49.99;49.99;49.99;9803;1000;0.0;0;1.0000;0;0
600;2012-07-19 12:00:00;172602N232;1304;5.441;43;226;227;227;224;1.967;50.00;398.6;1.939;386.9;1.398;0.0;0.000;60;43;0;1.923;2.005;1.973;422;448;432;50.00;50.00;50.00;9803;1000;0.0;0;1.0000;0;0
600;2012-07-19 12:10:00;172602N232;2675;5.887;43;227;229;229;225;3.939;49.98;398.4;4.265;319.6;3.554;0.0;0.000;60;43;0;3.899;4.002;3.916;886;912;875;49.98;49.98;49.98;9803;1000;0.0;0;1.0000;0;0
600;2012-07-19 12:20:00;172602N232;4102;6.571;43;229;229;230;227;5.994;50.01;378.3;6.659;262.3;6.373;0.0;0.000;60;43;0;5.946;6.060;5.976;1358;1388;1352;50.01;50.01;50.01;9803;1000;0.0;0;1.0000;0;0
600;2012-07-19 12:30:00;172602N232;3243;7.113;43;228;228;229;227;4.747;50.00;371.0;5.222;307.5;4.924;0.0;0.000;60;43;0;4.683;4.809;4.750;1066;1102;1075;50.00;50.00;50.00;9803;1000;0.0;0;1.0000;0;0
600;2012-07-19 12:40:00;172602N232;2206;7.480;44;228;228;229;226;3.245;49.99;387.3;3.324;403.5;2.335;0.0;0.000;60;43;0;3.180;3.308;3.247;721;754;730;49.99;49.99;49.99;9803;1000;0.0;0;1.0000;0;0
600;2012-07-19 12:50:00;172602N232;1768;7.775;44;227;227;229;225;2.611;50.00;398.2;2.388;409.3;2.023;0.0;0.000;60;43;0;2.543;2.673;2.618;573;607;586;50.00;50.00;50.00;9803;1000;0.0;0;1.0000;0;0
600;2012-07-19 13:00:00;172602N232;1030;7.946;43;226;226;227;224;1.560;50.00;398.3;1.420;402.7;1.157;0.0;0.000;60;43;0;1.510;1.600;1.570;331;355;343;50.00;50.00;50.00;9803;1000;0.0;0;1.0000;0;0
600;2012-07-19 13:10:00;172602N232;877;8.093;43;226;225;228;224;1.329;49.97;410.3;1.135;418.6;0.971;0.0;0.000;60;43;0;1.265;1.379;1.344;275;307;293;49.97;49.97;49.97;9803;1000;0.0;0;1.0000;0;0
600;2012-07-19 13:20:00;172602N232;944;8.250;43;226;227;227;224;1.422;49.99;420.8;1.177;424.7;1.043;0.0;0.000;60;43;0;1.368;1.467;1.433;302;327;313;49.99;49.99;49.99;9803;1000;0.0;0;1.0000;0;0
600;2012-07-19 13:30:00;172602N232;1088;8.432;43;225;227;228;221;1.666;49.99;426.8;1.364;435.0;1.153;0.0;0.000;60;43;0;1.621;1.728;1.650;351;382;353;49.99;49.99;49.99;9803;1000;0.0;0;1.0000;0;0
600;2012-07-19 13:40:00;172602N232;1083;8.613;43;226;227;229;221;1.640;49.99;426.6;1.358;436.2;1.145;0.0;0.000;60;43;0;1.585;1.707;1.630;348;382;352;49.99;49.99;49.99;9803;1000;0.0;0;1.0000;0;0
600;2012-07-19 13:50:00;172602N232;994;8.779;43;226;227;229;220;1.501;49.99;428.3;1.210;430.6;1.091;0.0;0.000;60;43;0;1.452;1.562;1.489;320;351;320;49.99;49.99;49.99;9803;1000;0.0;0;1.0000;0;0
600;2012-07-19 14:00:00;172602N232;1306;8.997;43;227;228;229;223;1.957;50.00;428.3;1.583;432.4;1.452;0.0;0.000;60;43;0;1.912;2.012;1.949;424;453;427;50.00;50.00;50.00;9803;1000;0.0;0;1.0000;0;0
600;2012-07-19 14:10:00;172602N232;1400;9.230;43;227;228;229;225;2.066;49.97;413.5;1.742;428.6;1.591;0.0;0.000;60;43;0;2.007;2.116;2.076;454;480;463;49.97;49.97;49.97;9803;1000;0.0;0;1.0000;0;0
600;2012-07-19 14:20:00;172602N232;1192;9.429;43;227;228;229;224;1.818;49.97;407.2;1.502;422.5;1.372;0.0;0.000;60;43;0;1.780;1.856;1.818;386;411;394;49.97;49.97;49.97;9803;1000;0.0;0;1.0000;0;0
600;2012-07-19 14:30:00;172602N232;1227;9.634;43;227;228;229;224;1.904;49.99;405.3;1.570;424.7;1.391;0.0;0.000;60;43;0;1.880;1.924;1.910;394;422;408;49.99;49.99;49.99;9803;1000;0.0;0;1.0000;0;0
600;2012-07-19 14:40:00;172602N232;1307;9.851;43;227;228;230;225;1.977;49.99;405.6;1.677;426.6;1.473;0.0;0.000;60;43;0;1.928;2.017;1.987;419;451;434;49.99;49.99;49.99;9803;1000;0.0;0;1.0000;0;0
600;2012-07-19 14:50:00;172602N232;1581;10.115;43;228;229;230;224;2.327;49.99;402.6;2.050;426.9;1.786;0.0;0.000;60;43;0;2.273;2.395;2.315;516;547;515;49.99;49.99;49.99;9803;1000;0.0;0;1.0000;0;0
600;2012-07-19 15:00:00;172602N232;2219;10.485;43;228;229;230;225;3.265;50.00;415.3;2.785;422.4;2.556;0.0;0.000;60;43;0;3.221;3.328;3.246;733;759;725;50.00;50.00;50.00;9803;1000;0.0;0;1.0000;0;0
600;2012-07-19 15:10:00;172602N232;2364;10.878;43;227;228;229;224;3.492;49.98;412.1;2.982;416.4;2.774;0.0;0.000;60;43;0;3.443;3.561;3.473;779;810;773;49.98;49.98;49.98;9803;1000;0.0;0;1.0000;0;0
600;2012-07-19 15:20:00;172602N232;2096;11.228;43;225;227;227;223;3.115;50.00;412.9;2.645;416.9;2.443;0.0;0.000;60;43;0;3.060;3.179;3.106;689;718;687;50.00;50.00;50.00;9803;1000;0.0;0;1.0000;0;0
600;2012-07-19 15:30:00;172602N232;1959;11.554;43;224;225;226;222;2.925;49.99;412.8;2.480;417.3;2.270;0.0;0.000;60;43;0;2.867;2.992;2.918;641;672;644;49.99;49.99;49.99;9803;1000;0.0;0;1.0000;0;0
600;2012-07-19 15:40:00;172602N232;1980;11.886;43;224;226;226;221;2.956;49.98;411.5;2.522;417.1;2.288;0.0;0.000;60;43;0;2.915;3.027;2.926;654;681;642;49.98;49.98;49.98;9803;1000;0.0;0;1.0000;0;0
600;2012-07-19 15:50:00;172602N232;2091;12.234;43;224;227;227;219;3.119;49.99;412.4;2.648;415.0;2.443;0.0;0.000;60;43;0;3.089;3.205;3.065;696;724;669;49.99;49.99;49.99;9803;1000;0.0;0;1.0000;0;0
600;2012-07-19 16:00:00;172602N232;2525;12.654;43;225;227;228;220;3.753;49.99;410.0;3.181;407.8;3.059;0.0;0.000;60;43;0;3.725;3.849;3.686;843;873;807;49.99;49.99;49.99;9803;1000;0.0;0;1.0000;0;0
600;2012-07-19 16:10:00;172602N232;3078;13.169;43;226;228;228;221;4.555;49.99;399.8;3.964;397.5;3.854;0.0;0.000;60;43;0;4.543;4.645;4.478;1033;1056;987;49.99;49.99;49.99;9803;1000;0.0;0;1.0000;0;0
600;2012-07-19 16:20:00;172602N232;3032;13.674;43;227;228;229;224;4.464;49.98;396.5;3.932;393.7;3.837;0.0;0.000;60;43;0;4.419;4.534;4.439;1003;1034;993;49.98;49.98;49.98;9803;1000;0.0;0;1.0000;0;0
600;2012-07-19 16:30:00;172602N232;3367;14.236;44;227;228;229;224;4.948;50.00;395.2;4.361;389.7;4.340;0.0;0.000;60;43;0;4.890;5.035;4.920;1111;1153;1101;50.00;50.00;50.00;9803;1000;0.0;0;1.0000;0;0
600;2012-07-19 16:40:00;172602N232;3809;14.870;44;227;227;229;225;5.595;49.99;396.0;4.848;382.2;5.098;0.0;0.000;60;43;0;5.532;5.698;5.556;1255;1306;1246;49.99;49.99;49.99;9803;1000;0.0;0;1.0000;0;0
600;2012-07-19 16:50:00;172602N232;3760;15.498;44;227;227;230;225;5.527;49.99;367.4;5.159;377.7;5.101;0.0;0.000;60;43;0;5.448;5.637;5.498;1233;1293;1233;49.99;49.99;49.99;9803;1000;0.0;0;1.0000;0;0
600;2012-07-19 17:00:00;172602N232;3440;16.071;44;226;227;229;224;5.071;49.99;368.6;4.688;378.4;4.666;0.0;0.000;60;43;0;5.007;5.159;5.047;1134;1177;1127;49.99;49.99;49.99;9803;1000;0.0;0;1.0000;0;0
600;2012-07-19 17:10:00;172602N232;3433;16.643;44;225;225;230;220;5.089;49.99;370.4;4.655;380.1;4.634;0.0;0.000;60;43;0;4.998;5.242;5.029;1122;1203;1106;49.99;49.99;49.99;9803;1000;0.0;0;1.0000;0;0
600;2012-07-19 17:20:00;172602N232;3186;17.175;44;224;223;229;221;4.744;49.99;371.3;4.309;381.2;4.283;0.0;0.000;60;43;0;4.646;4.870;4.718;1035;1110;1039;49.99;49.99;49.99;9803;1000;0.0;0;1.0000;0;0
600;2012-07-19 17:30:00;172602N232;3213;17.710;44;225;225;227;222;4.777;49.99;373.7;4.310;383.9;4.292;0.0;0.000;60;43;0;4.711;4.857;4.763;1056;1098;1056;49.99;49.99;49.99;9803;1000;0.0;0;1.0000;0;0
600;2012-07-19 17:40:00;172602N232;3326;18.263;44;224;222;228;222;4.960;49.98;374.7;4.456;384.7;4.432;0.0;0.000;60;43;0;4.842;5.069;4.969;1072;1151;1102;49.98;49.98;49.98;9803;1000;0.0;0;1.0000;0;0
600;2012-07-19 17:50:00;172602N232;3341;18.821;45;225;225;228;222;4.966;49.97;373.8;4.482;384.1;4.465;0.0;0.000;60;43;0;4.891;5.071;4.936;1093;1152;1094;49.97;49.97;49.97;9803;1000;0.0;0;1.0000;0;0
600;2012-07-19 18:00:00;172602N232;3263;19.365;45;225;225;228;223;4.841;49.99;384.3;4.222;385.0;4.385;0.0;0.000;60;43;0;4.761;4.941;4.823;1066;1122;1072;49.99;49.99;49.99;9803;1000;0.0;0;1.0000;0;0
600;2012-07-19 18:10:00;172602N232;2814;19.835;45;225;224;228;222;4.188;50.02;368.2;3.796;388.6;3.741;0.0;0.000;60;43;0;4.100;4.298;4.167;915;977;921;50.02;50.02;50.02;9803;1000;0.0;0;1.0000;0;0
600;2012-07-19 18:20:00;172602N232;2335;20.223;44;225;225;227;222;3.478;49.99;371.2;3.139;398.7;2.991;0.0;0.000;60;43;0;3.404;3.557;3.474;761;804;769;49.99;49.99;49.99;9803;1000;0.0;0;1.0000;0;0
600;2012-07-19 18:30:00;172602N232;1858;20.533;44;224;225;227;222;2.775;49.98;372.1;2.505;395.5;2.368;0.0;0.000;60;43;0;2.713;2.845;2.767;605;640;610;49.98;49.98;49.98;9803;1000;0.0;0;1.0000;0;0
600;2012-07-19 18:40:00;172602N232;1669;20.812;44;224;225;226;223;2.494;49.99;383.3;2.162;386.3;2.210;0.0;0.000;60;43;0;2.433;2.550;2.501;543;571;553;49.99;49.99;49.99;9803;1000;0.0;0;1.0000;0;0
600;2012-07-19 18:50:00;172602N232;1821;21.116;44;225;225;226;223;2.714;49.99;371.1;2.407;388.6;2.431;0.0;0.000;60;43;0;2.649;2.777;2.716;593;625;603;49.99;49.99;49.99;9803;1000;0.0;0;1.0000;0;0
600;2012-07-19 19:00:00;172602N232;1188;21.314;44;226;225;229;223;1.793;50.00;366.5;1.593;388.8;1.561;0.0;0.000;60;43;0;1.719;1.869;1.792;378;417;391;50.00;50.00;50.00;9803;1000;0.0;0;1.0000;0;0
600;2012-07-19 19:10:00;172602N232;1269;21.525;44;224;223;227;222;1.929;50.01;388.4;1.601;407.3;1.598;0.0;0.000;60;43;0;1.849;2.003;1.936;403;443;421;50.01;50.01;50.01;9803;1000;0.0;0;1.0000;0;0
600;2012-07-19 19:20:00;172602N232;414;21.594;44;223;224;225;221;1.247;50.00;385.0;0.514;395.3;0.513;0.0;0.000;60;43;0;1.322;1.314;1.107;113;152;147;50.00;50.00;50.00;9803;1000;0.0;0;1.0000;0;0
600;2012-07-19 19:30:00;172602N232;375;21.656;43;224;225;226;222;1.115;50.00;394.5;0.475;409.0;0.429;0.0;0.000;60;43;0;1.194;1.126;1.025;106;133;133;50.00;50.00;50.00;9803;1000;0.0;0;1.0000;0;0
600;2012-07-19 19:40:00;172602N232;336;21.713;43;224;226;224;222;1.181;49.99;399.0;0.417;407.8;0.385;0.0;0.000;60;43;0;1.371;1.078;1.096;87;129;118;49.99;49.99;49.99;9803;1000;0.0;0;1.0000;0;0
600;2012-07-19 19:50:00;172602N232;488;21.795;43;225;227;226;223;1.031;49.99;385.5;0.614;408.7;0.599;0.0;0.000;60;43;0;1.041;1.066;0.988;154;176;156;49.99;49.99;49.99;9803;1000;0.0;0;1.0000;0;0
600;2012-07-19 20:00:00;172602N232;418;21.864;43;227;228;228;225;0.834;50.00;405.4;0.491;412.8;0.505;0.0;0.000;60;43;0;0.814;0.876;0.813;122;148;146;50.00;50.00;50.00;9803;1000;0.0;0;1.0000;0;0
600;2012-07-19 20:10:00;172602N232;354;21.924;43;227;228;228;225;1.153;50.00;403.4;0.430;411.5;0.409;0.0;0.000;60;43;0;1.259;1.161;1.040;98;136;119;50.00;50.00;50.00;9803;1000;0.0;0;1.0000;0;0
600;2012-07-19 20:20:00;172602N232;289;21.972;42;222;224;222;220;1.169;50.01;388.5;0.357;404.0;0.341;0.0;0.000;60;43;0;1.461;1.126;0.922;68;127;92;50.01;50.01;50.01;9803;1000;0.0;0;1.0000;0;0
600;2012-07-19 20:30:00;172602N232;251;22.014;42;222;223;222;220;1.107;50.01;390.8;0.307;399.8;0.295;0.0;0.000;60;43;0;1.279;1.168;0.874;47;112;91;50.01;50.01;50.01;9803;1000;0.0;0;1.0000;0;0
600;2012-07-19 20:40:00;172602N232;215;22.050;42;222;223;223;220;1.045;49.98;397.3;0.206;394.0;0.302;0.0;0.000;60;43;0;1.219;1.061;0.855;36;86;92;49.98;49.98;49.98;9803;1000;0.0;0;1.0000;0;0
600;2012-07-19 20:50:00;172602N232;194;22.083;41;222;224;223;219;1.079;49.99;414.0;0.171;338.0;0.329;0.0;0.000;60;43;0;1.397;0.978;0.864;13;91;94;49.99;49.99;49.99;9803;1000;0.0;0;1.0000;0;0
600;2012-07-19 21:00:00;172602N232;143;22.107;41;223;224;224;220;1.062;50.00;400.6;0.143;407.6;0.169;0.0;0.000;60;43;0;1.538;0.905;0.744;5;75;67;50.00;50.00;50.00;9803;1000;0.0;0;1.0000;0;0
600;2012-07-19 21:10:00;172602N232;155;22.132;41;223;224;225;221;1.110;49.98;385.4;0.164;411.5;0.188;0.0;0.000;60;43;0;1.551;1.028;0.753;6;85;65;49.98;49.98;49.98;9803;1000;0.0;0;1.0000;0;0
600;2012-07-19 21:20:00;172602N232;169;22.161;41;223;223;225;221;1.062;49.99;378.5;0.183;398.2;0.216;0.0;0.000;60;43;0;1.445;1.041;0.701;37;58;72;49.99;49.99;49.99;9803;1000;0.0;0;1.0000;0;0
600;2012-07-19 21:30:00;172602N232;150;22.186;41;223;223;224;221;1.051;49.99;378.2;0.171;394.3;0.182;0.0;0.000;60;43;0;1.401;1.024;0.728;23;60;67;49.99;49.99;49.99;9803;1000;0.0;0;1.0000;0;0
600;2012-07-19 21:40:00;172602N232;51;22.195;40;222;223;223;221;0.656;50.00;332.9;0.053;337.1;0.055;0.0;0.000;60;43;0;0.821;0.645;0.502;2;21;32;50.00;50.00;50.00;9803;1000;0.0;0;1.0000;0;0
600;2012-07-19 21:50:00;172602N232;1;22.195;40;223;224;224;220;0.085;50.01;261.3;0.000;261.3;0.000;0.0;0.000;51;43;0;0.105;0.087;0.064;0;1;3;50.01;50.01;50.01;10015;1000;0.0;0;1.0000;0;0
600;2012-07-19 22:00:00;172602N232;0;22.195;38;223;225;226;219;0.000;50.02;259.4;0.000;259.4;0.000;0.0;0.000;51;43;0;0.000;0.000;0.000;0;0;0;50.02;50.02;50.02;14124;1000;0.0;0;1.0000;0;0
600;2012-07-19 22:10:00;172602N232;0;22.195;37;223;224;225;219;0.000;49.98;229.9;0.000;230.9;0.000;0.0;0.000;51;43;0;0.000;0.000;0.000;0;0;0;49.98;49.98;49.98;14124;1000;0.0;0;1.0000;0;0
600;2012-07-19 22:20:00;172602N232;0;22.195;36;223;224;226;220;0.000;49.99;227.9;0.000;228.8;0.000;0.0;0.000;51;43;0;0.000;0.000;0.000;0;0;0;49.99;49.99;49.99;14124;1000;0.0;0;1.0000;0;0
[wr_ende]
