20121219;230003;172602N232;My Plant;+0100
[wr_def_start]
172602N232;Inverter Type;Inverter Group;72602N232      
[wr_def_end]
[wr]
INTERVAL;TIMESTAMP;SERIAL;P_AC;E_DAY;T_WR;U_AC;U_AC_1;U_AC_2;U_AC_3;I_AC;F_AC;U_DC_1;I_DC_1;U_DC_2;I_DC_2;U_DC_3;I_DC_3;S;E_WR;M_WR;I_AC_1;I_AC_2;I_AC_3;P_AC_1;P_AC_2;P_AC_3;F_AC_1;F_AC_2;F_AC_3;R_DC;PC;PCS;PCS_LL;COS_PHI;COS_PHI_LL;S_COS_PHI
600;2012-12-19 08:30:00;172602N232;0;0.000;0;3;3;3;3;0.000;0.73;3.2;0.000;3.3;0.000;0.0;0.000;50;0;0;0.000;0.000;0.000;0;0;0;0.73;0.73;0.73;53;1000;0.0;0;1.0000;0;0
600;2012-12-19 08:40:00;172602N232;0;0.000;16;221;220;222;220;0.000;49.99;227.4;0.000;228.3;0.000;0.0;0.000;50;0;0;0.000;0.000;0.000;0;0;0;49.99;49.99;49.99;0;1000;0.0;0;1.0000;0;0
600;2012-12-19 08:50:00;172602N232;0;0.000;17;221;222;223;220;0.000;50.00;230.5;0.000;231.5;0.000;0.0;0.000;50;0;0;0.000;0.000;0.000;0;0;0;50.00;50.00;50.00;0;1000;0.0;0;1.0000;0;0
600;2012-12-19 09:00:00;172602N232;0;0.000;18;222;223;223;220;0.000;50.00;235.8;0.000;236.7;0.000;0.0;0.000;50;0;0;0.000;0.000;0.000;0;0;0;50.00;50.00;50.00;0;1000;0.0;0;1.0000;0;0
600;2012-12-19 09:10:00;172602N232;0;0.000;18;222;223;223;220;0.001;50.00;274.7;0.000;274.5;0.000;0.0;0.000;60;0;0;0.001;0.001;0.001;0;0;0;50.00;50.00;50.00;3041;1000;0.0;0;1.0000;0;0
600;2012-12-19 09:20:00;172602N232;5;0.001;18;222;223;223;221;0.170;50.00;286.1;0.002;282.4;0.003;0.0;0.000;60;0;0;0.228;0.177;0.107;2;2;6;50.00;50.00;50.00;6492;1000;0.0;0;1.0000;0;0
600;2012-12-19 09:30:00;172602N232;24;0.008;19;222;223;221;222;0.429;50.01;344.2;0.019;333.3;0.020;0.0;0.000;60;0;0;0.581;0.342;0.365;0;23;22;50.01;50.01;50.01;6528;1000;0.0;0;1.0000;0;0
600;2012-12-19 09:40:00;172602N232;31;0.013;19;222;223;221;223;0.451;50.02;356.5;0.026;357.3;0.025;0.0;0.000;60;0;0;0.522;0.403;0.430;4;27;4;50.02;50.02;50.02;6528;1000;0.0;0;1.0000;0;0
600;2012-12-19 09:50:00;172602N232;33;0.020;20;222;222;222;222;0.454;50.00;354.9;0.028;364.2;0.027;0.0;0.000;60;0;0;0.560;0.425;0.379;1;20;17;50.00;50.00;50.00;6528;1000;0.0;0;1.0000;0;0
600;2012-12-19 10:00:00;172602N232;56;0.029;20;222;222;222;221;0.666;50.00;384.5;0.056;389.1;0.054;0.0;0.000;60;0;0;0.789;0.699;0.512;4;22;30;50.00;50.00;50.00;6528;1000;0.0;0;1.0000;0;0
600;2012-12-19 10:10:00;172602N232;75;0.040;21;222;222;223;222;0.800;49.99;393.4;0.081;398.9;0.076;0.0;0.000;60;0;0;0.906;0.860;0.636;10;25;39;49.99;49.99;49.99;6528;1000;0.0;0;1.0000;0;0
600;2012-12-19 10:20:00;172602N232;109;0.055;21;222;221;223;221;0.904;49.97;406.3;0.120;408.6;0.116;0.0;0.000;60;0;0;0.956;1.019;0.739;19;31;57;49.97;49.97;49.97;6528;1000;0.0;0;1.0000;0;0
600;2012-12-19 10:30:00;172602N232;123;0.077;22;222;222;223;222;0.898;50.02;412.1;0.137;411.5;0.131;0.0;0.000;60;0;0;1.017;0.960;0.718;19;45;56;50.02;50.02;50.02;6528;1000;0.0;0;1.0000;0;0
600;2012-12-19 10:40:00;172602N232;144;0.101;22;222;222;223;222;0.902;50.02;414.9;0.161;415.3;0.155;0.0;0.000;60;0;0;0.850;1.122;0.735;26;57;59;50.02;50.02;50.02;6528;1000;0.0;0;1.0000;0;0
600;2012-12-19 10:50:00;172602N232;162;0.127;23;223;222;224;223;0.827;50.02;417.3;0.181;416.5;0.174;0.0;0.000;60;0;0;0.672;1.144;0.667;33;76;50;50.02;50.02;50.02;6528;1000;0.0;0;1.0000;0;0
600;2012-12-19 11:00:00;172602N232;146;0.152;23;222;222;223;222;0.965;50.03;416.6;0.162;414.7;0.158;0.0;0.000;60;0;0;1.213;0.888;0.794;27;69;48;50.03;50.03;50.03;6528;1000;0.0;0;1.0000;0;0
600;2012-12-19 11:10:00;172602N232;150;0.177;24;223;223;223;222;0.985;50.00;414.8;0.168;414.6;0.163;0.0;0.000;60;0;0;1.137;1.020;0.799;21;80;47;50.00;50.00;50.00;6528;1000;0.0;0;1.0000;0;0
600;2012-12-19 11:20:00;172602N232;158;0.204;24;223;223;223;222;0.895;50.00;417.3;0.175;415.6;0.172;0.0;0.000;60;0;0;0.880;1.110;0.697;18;74;64;50.00;50.00;50.00;6528;1000;0.0;0;1.0000;0;0
600;2012-12-19 11:30:00;172602N232;154;0.230;24;223;223;223;222;0.912;50.01;416.2;0.172;414.7;0.167;0.0;0.000;60;0;0;0.932;1.015;0.789;22;63;67;50.01;50.01;50.01;6528;1000;0.0;0;1.0000;0;0
600;2012-12-19 11:40:00;172602N232;150;0.254;24;223;223;223;222;0.921;50.00;414.6;0.168;413.8;0.163;0.0;0.000;60;0;0;0.973;1.032;0.758;19;61;68;50.00;50.00;50.00;6528;1000;0.0;0;1.0000;0;0
600;2012-12-19 11:50:00;172602N232;162;0.282;25;223;224;223;223;0.881;50.01;417.5;0.181;414.9;0.176;0.0;0.000;60;0;0;0.886;1.104;0.654;14;88;58;50.01;50.01;50.01;6528;1000;0.0;0;1.0000;0;0
600;2012-12-19 12:00:00;172602N232;154;0.308;25;223;224;223;223;0.901;49.98;416.2;0.172;414.1;0.166;0.0;0.000;60;0;0;0.989;0.979;0.736;11;83;58;49.98;49.98;49.98;6528;1000;0.0;0;1.0000;0;0
600;2012-12-19 12:10:00;172602N232;171;0.337;25;224;224;224;223;0.975;50.01;417.5;0.192;416.0;0.185;0.0;0.000;60;0;0;1.075;1.074;0.776;8;95;68;50.01;50.01;50.01;6528;1000;0.0;0;1.0000;0;0
600;2012-12-19 12:20:00;172602N232;160;0.363;25;224;223;225;223;0.827;50.01;415.0;0.179;415.2;0.172;0.0;0.000;60;0;0;0.702;1.179;0.600;22;78;58;50.01;50.01;50.01;6528;1000;0.0;0;1.0000;0;0
600;2012-12-19 12:30:00;172602N232;142;0.387;25;223;223;224;222;0.914;50.01;414.9;0.159;413.2;0.155;0.0;0.000;60;0;0;0.922;1.053;0.768;28;44;68;50.01;50.01;50.01;6528;1000;0.0;0;1.0000;0;0
600;2012-12-19 12:40:00;172602N232;129;0.409;25;222;222;223;222;0.945;50.01;411.2;0.145;409.6;0.141;0.0;0.000;60;0;0;1.194;0.841;0.801;22;59;46;50.02;50.02;50.01;6528;1000;0.0;0;1.0000;0;0
600;2012-12-19 12:50:00;172602N232;120;0.429;25;222;222;221;222;0.950;50.02;406.7;0.135;407.8;0.129;0.0;0.000;60;0;0;1.189;0.763;0.900;18;60;40;50.02;50.02;50.02;6528;1000;0.0;0;1.0000;0;0
600;2012-12-19 13:00:00;172602N232;111;0.448;25;222;222;221;222;0.900;50.02;405.4;0.124;405.7;0.119;0.0;0.000;60;0;0;1.095;0.817;0.788;8;50;54;50.02;50.02;50.02;6528;1000;0.0;0;1.0000;0;0
600;2012-12-19 13:10:00;172602N232;114;0.467;25;222;223;222;221;0.947;50.02;407.8;0.127;405.0;0.125;0.0;0.000;60;0;0;1.346;0.743;0.753;2;62;50;50.02;50.02;50.02;6528;1000;0.0;0;1.0000;0;0
600;2012-12-19 13:20:00;172602N232;119;0.487;26;222;223;222;221;0.966;50.01;408.8;0.133;406.9;0.130;0.0;0.000;60;0;0;1.399;0.743;0.758;2;67;51;50.01;50.01;50.01;6528;1000;0.0;0;1.0000;0;0
600;2012-12-19 13:30:00;172602N232;112;0.505;26;222;223;222;221;0.949;50.01;406.4;0.125;406.3;0.120;0.0;0.000;60;0;0;1.356;0.744;0.748;1;62;49;50.01;50.01;50.01;6528;1000;0.0;0;1.0000;0;0
600;2012-12-19 13:40:00;172602N232;120;0.526;26;221;222;222;220;0.935;50.01;408.2;0.134;407.0;0.130;0.0;0.000;60;0;0;1.282;0.761;0.763;7;51;60;50.01;50.01;50.01;6528;1000;0.0;0;1.0000;0;0
600;2012-12-19 13:50:00;172602N232;78;0.539;26;222;223;223;220;0.853;50.02;392.1;0.085;395.2;0.082;0.0;0.000;60;0;0;1.177;0.751;0.633;1;38;46;50.02;50.02;50.02;6528;1000;0.0;0;1.0000;0;0
600;2012-12-19 14:00:00;172602N232;58;0.550;26;222;222;223;221;0.756;50.00;385.8;0.060;388.5;0.058;0.0;0.000;60;0;0;0.955;0.749;0.565;2;26;36;50.00;50.00;50.00;6528;1000;0.0;0;1.0000;0;0
600;2012-12-19 14:10:00;172602N232;59;0.559;26;222;222;222;221;0.736;49.98;382.7;0.062;389.7;0.059;0.0;0.000;60;0;0;1.040;0.622;0.547;0;37;34;49.98;49.98;49.98;6528;1000;0.0;0;1.0000;0;0
600;2012-12-19 14:20:00;172602N232;64;0.570;26;222;223;222;221;0.750;50.00;386.0;0.068;392.9;0.064;0.0;0.000;60;0;0;1.056;0.623;0.572;1;37;34;50.00;50.00;50.00;6528;1000;0.0;0;1.0000;0;0
600;2012-12-19 14:30:00;172602N232;66;0.583;26;222;223;223;221;0.796;50.00;388.8;0.070;392.6;0.067;0.0;0.000;60;0;0;1.111;0.674;0.605;0;40;36;50.00;50.00;50.00;6528;1000;0.0;0;1.0000;0;0
600;2012-12-19 14:40:00;172602N232;62;0.592;26;222;223;222;222;0.732;50.00;384.2;0.065;390.8;0.061;0.0;0.000;60;0;0;1.050;0.581;0.566;0;38;33;50.00;50.00;50.00;6528;1000;0.0;0;1.0000;0;0
600;2012-12-19 14:50:00;172602N232;66;0.604;26;222;224;223;221;0.751;50.01;386.7;0.071;393.3;0.065;0.0;0.000;60;0;0;1.131;0.592;0.532;0;42;39;50.01;50.01;50.01;6528;1000;0.0;0;1.0000;0;0
600;2012-12-19 15:00:00;172602N232;50;0.612;26;222;223;223;221;0.627;50.01;374.6;0.049;382.9;0.046;0.0;0.000;60;0;0;0.821;0.604;0.456;0;28;31;50.01;50.01;50.01;6528;1000;0.0;0;1.0000;0;0
600;2012-12-19 15:10:00;172602N232;29;0.617;26;222;223;223;221;0.474;50.01;343.4;0.027;326.4;0.027;0.0;0.000;60;0;0;0.588;0.491;0.344;2;15;24;50.01;50.01;50.01;6528;1000;0.0;0;1.0000;0;0
600;2012-12-19 15:20:00;172602N232;24;0.622;25;223;223;223;221;0.408;50.01;332.3;0.021;314.9;0.022;0.0;0.000;60;0;0;0.527;0.394;0.304;0;19;20;50.01;50.01;50.01;6528;1000;0.0;0;1.0000;0;0
600;2012-12-19 15:30:00;172602N232;7;0.623;25;222;223;222;221;0.166;50.00;277.0;0.004;262.6;0.005;0.0;0.000;60;0;0;0.217;0.150;0.133;0;8;8;50.00;50.00;50.00;6528;1000;0.0;0;1.0000;0;0
600;2012-12-19 15:40:00;172602N232;0;0.623;24;222;223;224;220;0.000;49.98;282.2;0.000;281.2;0.000;0.0;0.000;51;0;0;0.001;0.000;0.000;0;0;0;49.98;49.98;49.99;8512;1000;0.0;0;1.0000;0;0
600;2012-12-19 15:50:00;172602N232;0;0.623;23;222;223;223;219;0.000;49.99;230.5;0.000;231.4;0.000;0.0;0.000;51;0;0;0.000;0.000;0.000;0;0;0;49.99;49.99;49.99;9553;1000;0.0;0;1.0000;0;0
600;2012-12-19 16:00:00;172602N232;0;0.623;23;221;223;222;218;0.000;50.04;227.6;0.000;228.6;0.000;0.0;0.000;51;0;0;0.000;0.000;0.000;0;0;0;50.04;50.04;50.04;9553;1000;0.0;0;1.0000;0;0
[wr_ende]
