20140405;230000;172602N232;My Plant;+0100
[wr_def_start]
172602N232;Inverter Type;Inverter Group;72602N232      
[wr_def_end]
[wr]
INTERVAL;TIMESTAMP;SERIAL;P_AC;E_DAY;T_WR;U_AC;U_AC_1;U_AC_2;U_AC_3;I_AC;F_AC;U_DC_1;I_DC_1;U_DC_2;I_DC_2;U_DC_3;I_DC_3;S;E_WR;M_WR;I_AC_1;I_AC_2;I_AC_3;P_AC_1;P_AC_2;P_AC_3;F_AC_1;F_AC_2;F_AC_3;R_DC;PC;PCS;PCS_LL;COS_PHI;COS_PHI_LL;S_COS_PHI
600;2014-04-05 06:20:00;172602N232;0;0.000;0;1;1;1;1;0.000;0.40;1.8;0.000;1.8;0.000;0.0;0.000;50;0;0;0.000;0.000;0.000;0;0;0;0.40;0.40;0.40;5;1000;0.0;0;1.0000;0;0
600;2014-04-05 06:30:00;172602N232;0;0.000;19;226;227;229;223;0.000;50.01;227.3;0.000;228.3;0.000;0.0;0.000;50;0;0;0.000;0.000;0.000;0;0;0;50.01;50.01;50.01;0;1000;0.0;0;1.0000;0;0
600;2014-04-05 06:40:00;172602N232;0;0.000;20;226;226;228;223;0.000;50.01;229.3;0.000;230.2;0.000;0.0;0.000;50;0;0;0.000;0.000;0.000;0;0;0;50.01;50.01;50.01;0;1000;0.0;0;1.0000;0;0
600;2014-04-05 06:50:00;172602N232;0;0.000;20;226;226;229;222;0.000;50.01;228.7;0.000;229.6;0.000;0.0;0.000;50;0;0;0.000;0.000;0.000;0;0;0;50.01;50.01;50.01;0;1000;0.0;0;1.0000;0;0
600;2014-04-05 07:00:00;172602N232;0;0.000;21;225;225;227;221;0.000;49.99;237.7;0.000;238.6;0.000;0.0;0.000;50;0;0;0.000;0.000;0.000;0;0;0;49.99;49.99;49.99;0;1000;0.0;0;1.0000;0;0
600;2014-04-05 07:10:00;172602N232;0;0.000;21;224;225;227;221;0.000;49.99;264.2;0.000;264.5;0.000;0.0;0.000;50;0;0;0.000;0.000;0.000;0;0;0;49.99;49.99;49.99;0;1000;0.0;0;1.0000;0;0
600;2014-04-05 07:20:00;172602N232;0;0.000;21;224;225;225;222;0.012;49.99;285.9;0.000;285.4;0.000;0.0;0.000;60;0;0;0.018;0.010;0.009;0;0;0;49.99;49.99;49.99;5114;1000;0.0;0;1.0000;0;0
600;2014-04-05 07:30:00;172602N232;5;0.001;21;223;224;224;222;0.241;49.98;258.8;0.000;255.9;0.001;0.0;0.000;60;0;0;0.371;0.192;0.161;1;5;8;49.98;49.98;49.98;5673;1000;0.0;0;1.0000;0;0
600;2014-04-05 07:40:00;172602N232;12;0.004;22;223;223;224;222;0.343;49.98;274.0;0.003;279.7;0.007;0.0;0.000;60;0;0;0.464;0.343;0.222;4;4;13;49.98;49.98;49.98;5673;1000;0.0;0;1.0000;0;0
600;2014-04-05 07:50:00;172602N232;29;0.011;22;222;222;222;220;0.446;50.00;327.9;0.020;352.9;0.023;0.0;0.000;60;0;0;0.514;0.393;0.431;1;9;30;50.00;50.00;50.00;5673;1000;0.0;0;1.0000;0;0
600;2014-04-05 08:00:00;172602N232;35;0.019;23;221;222;222;219;0.486;49.98;340.5;0.027;359.7;0.030;0.0;0.000;60;0;0;0.574;0.510;0.375;0;22;25;49.98;49.98;49.98;5673;1000;0.0;0;1.0000;0;0
600;2014-04-05 08:10:00;172602N232;46;0.027;23;221;221;222;219;0.706;49.98;359.5;0.041;374.8;0.043;0.0;0.000;60;0;0;0.770;0.815;0.534;1;12;36;49.98;49.98;49.98;5673;1000;0.0;0;1.0000;0;0
600;2014-04-05 08:20:00;172602N232;53;0.036;23;220;221;221;219;0.624;49.99;364.8;0.048;378.3;0.051;0.0;0.000;60;0;0;0.706;0.720;0.447;6;15;31;49.99;49.99;49.99;5673;1000;0.0;0;1.0000;0;0
600;2014-04-05 08:30:00;172602N232;70;0.048;23;222;223;224;220;0.790;49.99;379.4;0.071;386.9;0.074;0.0;0.000;60;0;0;1.003;0.792;0.577;1;27;45;49.99;49.99;49.99;5673;1000;0.0;0;1.0000;0;0
600;2014-04-05 08:40:00;172602N232;61;0.059;24;222;223;223;220;0.722;49.99;374.6;0.059;382.0;0.062;0.0;0.000;60;0;0;0.867;0.763;0.538;1;24;39;49.99;49.99;49.99;5673;1000;0.0;0;1.0000;0;0
600;2014-04-05 08:50:00;172602N232;78;0.073;24;222;223;223;221;0.886;49.99;385.5;0.080;389.1;0.084;0.0;0.000;60;0;0;1.211;0.752;0.695;1;41;42;49.99;49.99;49.99;5673;1000;0.0;0;1.0000;0;0
600;2014-04-05 09:00:00;172602N232;98;0.086;25;223;223;225;222;0.914;49.99;392.9;0.105;394.7;0.108;0.0;0.000;60;0;0;1.081;0.930;0.733;23;29;45;49.99;49.99;49.99;5673;1000;0.0;0;1.0000;0;0
600;2014-04-05 09:10:00;172602N232;99;0.099;25;222;221;224;222;0.928;49.99;394.3;0.105;393.8;0.110;0.0;0.000;60;0;0;0.782;1.250;0.753;36;7;55;49.99;49.99;49.99;5673;1000;0.0;0;1.0000;0;0
600;2014-04-05 09:20:00;172602N232;124;0.120;25;222;222;223;221;0.910;49.99;402.8;0.133;398.7;0.139;0.0;0.000;60;0;0;0.923;1.052;0.757;19;38;65;49.99;49.99;49.99;5673;1000;0.0;0;1.0000;0;0
600;2014-04-05 09:30:00;172602N232;159;0.147;26;221;221;222;221;0.922;50.00;411.6;0.173;405.7;0.179;0.0;0.000;60;0;0;0.944;1.066;0.758;29;59;70;50.00;50.00;50.00;5673;1000;0.0;0;1.0000;0;0
600;2014-04-05 09:40:00;172602N232;157;0.173;26;220;221;221;220;1.020;50.01;410.1;0.171;404.7;0.178;0.0;0.000;60;0;0;1.333;0.893;0.834;22;83;50;50.01;50.01;50.01;5673;1000;0.0;0;1.0000;0;0
600;2014-04-05 09:50:00;172602N232;199;0.207;26;222;223;223;221;0.987;49.99;415.8;0.218;409.3;0.226;0.0;0.000;60;0;0;1.235;0.867;0.860;51;70;76;49.99;49.99;49.99;5673;1000;0.0;0;1.0000;0;0
600;2014-04-05 10:00:00;172602N232;201;0.239;26;226;227;226;225;1.008;50.00;416.2;0.221;409.5;0.229;0.0;0.000;60;0;0;1.240;1.006;0.780;51;89;60;50.00;50.00;50.00;5673;1000;0.0;0;1.0000;0;0
600;2014-04-05 10:10:00;172602N232;226;0.278;27;222;223;222;222;1.016;50.00;418.8;0.249;411.7;0.258;0.0;0.000;60;0;0;1.165;0.988;0.897;59;103;62;50.00;50.00;50.00;5673;1000;0.0;0;1.0000;0;0
600;2014-04-05 10:20:00;172602N232;230;0.316;27;223;223;223;222;1.039;50.00;419.5;0.253;411.7;0.263;0.0;0.000;60;0;0;1.127;1.066;0.926;57;92;79;50.00;50.00;50.00;5673;1000;0.0;0;1.0000;0;0
600;2014-04-05 10:30:00;172602N232;158;0.343;27;223;221;225;222;0.953;50.01;408.7;0.172;403.8;0.178;0.0;0.000;60;0;0;0.830;1.316;0.714;50;41;65;50.01;50.01;50.01;5673;1000;0.0;0;1.0000;0;0
600;2014-04-05 10:40:00;172602N232;138;0.366;27;222;221;224;222;0.927;50.01;406.5;0.149;401.3;0.156;0.0;0.000;60;0;0;0.796;1.214;0.771;40;32;64;50.01;50.01;50.01;5673;1000;0.0;0;1.0000;0;0
600;2014-04-05 10:50:00;172602N232;127;0.387;27;223;222;224;223;0.895;49.99;403.0;0.137;397.3;0.144;0.0;0.000;60;0;0;0.845;1.083;0.758;27;38;60;49.99;49.99;49.99;5673;1000;0.0;0;1.0000;0;0
600;2014-04-05 11:00:00;172602N232;153;0.413;27;223;222;223;222;0.894;49.99;405.1;0.167;402.9;0.173;0.0;0.000;60;0;0;0.899;1.031;0.754;38;53;59;49.99;49.99;49.99;5673;1000;0.0;0;1.0000;0;0
600;2014-04-05 11:10:00;172602N232;155;0.439;27;223;223;223;222;0.855;50.00;407.1;0.168;402.4;0.175;0.0;0.000;60;0;0;0.824;1.048;0.694;22;67;63;50.00;50.00;50.00;5673;1000;0.0;0;1.0000;0;0
600;2014-04-05 11:20:00;172602N232;219;0.476;27;222;223;222;221;1.013;50.00;416.5;0.242;410.2;0.251;0.0;0.000;60;0;0;1.262;0.985;0.793;48;96;73;50.00;50.00;50.00;5673;1000;0.0;0;1.0000;0;0
600;2014-04-05 11:30:00;172602N232;243;0.517;27;222;223;223;222;1.077;50.00;421.7;0.267;412.5;0.279;0.0;0.000;60;0;0;1.273;1.157;0.802;59;109;73;50.00;50.00;50.00;5673;1000;0.0;0;1.0000;0;0
600;2014-04-05 11:40:00;172602N232;303;0.566;27;223;224;224;222;1.125;50.00;425.3;0.336;416.9;0.350;0.0;0.000;60;0;0;1.259;1.150;0.966;82;121;98;50.00;50.00;50.00;5673;1000;0.0;0;1.0000;0;0
600;2014-04-05 11:50:00;172602N232;411;0.636;28;221;222;222;221;1.109;49.99;430.9;0.457;422.5;0.476;0.0;0.000;60;0;0;1.125;1.150;1.052;127;152;130;49.99;49.99;49.99;5673;1000;0.0;0;1.0000;0;0
600;2014-04-05 12:00:00;172602N232;521;0.723;28;221;221;222;220;0.894;50.00;423.0;0.599;426.9;0.604;0.0;0.000;60;0;0;0.838;0.942;0.903;161;183;174;50.00;50.00;50.00;5673;1000;0.0;0;1.0000;0;0
600;2014-04-05 12:10:00;172602N232;503;0.806;28;221;220;222;220;0.802;50.01;423.8;0.577;426.5;0.583;0.0;0.000;60;0;0;0.745;0.842;0.820;153;177;171;50.01;50.01;50.01;5673;1000;0.0;0;1.0000;0;0
600;2014-04-05 12:20:00;172602N232;453;0.883;28;221;219;223;221;0.901;50.01;424.2;0.515;424.0;0.526;0.0;0.000;60;0;0;0.843;0.972;0.889;137;159;154;50.01;50.01;50.01;5673;1000;0.0;0;1.0000;0;0
600;2014-04-05 12:30:00;172602N232;390;0.947;29;221;220;222;221;0.918;50.01;429.3;0.435;419.6;0.454;0.0;0.000;60;0;0;0.887;0.980;0.889;118;138;132;50.01;50.01;50.01;5673;1000;0.0;0;1.0000;0;0
600;2014-04-05 12:40:00;172602N232;363;1.008;29;221;221;223;220;1.193;50.02;425.6;0.407;417.1;0.424;0.0;0.000;60;0;0;1.178;1.332;1.071;104;121;136;50.02;50.02;50.02;5673;1000;0.0;0;1.0000;0;0
600;2014-04-05 12:50:00;172602N232;381;1.073;29;221;220;223;219;1.177;49.98;427.0;0.427;417.2;0.445;0.0;0.000;60;0;0;1.127;1.325;1.080;112;126;141;49.98;49.98;49.98;5673;1000;0.0;0;1.0000;0;0
600;2014-04-05 13:00:00;172602N232;396;1.138;29;220;220;222;220;1.039;50.00;427.5;0.444;417.3;0.464;0.0;0.000;60;0;0;1.027;1.105;0.987;124;141;129;50.00;50.00;50.00;5673;1000;0.0;0;1.0000;0;0
600;2014-04-05 13:10:00;172602N232;438;1.212;29;220;218;223;220;1.130;50.01;427.0;0.493;418.3;0.514;0.0;0.000;60;0;0;1.096;1.214;1.082;137;155;144;50.01;50.01;50.01;5673;1000;0.0;0;1.0000;0;0
600;2014-04-05 13:20:00;172602N232;388;1.276;29;221;219;223;220;1.134;50.00;425.5;0.437;416.2;0.456;0.0;0.000;60;0;0;1.106;1.238;1.059;119;134;134;50.00;50.00;50.00;5673;1000;0.0;0;1.0000;0;0
600;2014-04-05 13:30:00;172602N232;337;1.333;29;220;220;221;219;1.118;50.01;423.4;0.378;414.0;0.395;0.0;0.000;60;0;0;1.192;1.112;1.050;101;118;116;50.01;50.01;50.01;5673;1000;0.0;0;1.0000;0;0
600;2014-04-05 13:40:00;172602N232;293;1.382;29;220;220;222;219;1.115;50.03;419.7;0.329;412.1;0.342;0.0;0.000;60;0;0;1.171;1.207;0.967;85;104;102;50.03;50.03;50.03;5673;1000;0.0;0;1.0000;0;0
600;2014-04-05 13:50:00;172602N232;267;1.426;29;223;220;226;222;1.103;49.99;418.0;0.299;410.4;0.311;0.0;0.000;60;0;0;0.973;1.379;0.958;95;66;104;49.99;49.99;49.99;5673;1000;0.0;0;1.0000;0;0
600;2014-04-05 14:00:00;172602N232;314;1.479;29;225;223;228;224;1.143;49.99;421.9;0.353;413.7;0.367;0.0;0.000;60;0;0;1.139;1.354;0.936;110;99;104;49.99;49.99;49.99;5673;1000;0.0;0;1.0000;0;0
600;2014-04-05 14:10:00;172602N232;314;1.531;29;225;224;228;224;1.158;49.98;419.4;0.354;413.7;0.367;0.0;0.000;60;0;0;1.171;1.310;0.995;100;101;111;49.98;49.98;49.98;5673;1000;0.0;0;1.0000;0;0
600;2014-04-05 14:20:00;172602N232;328;1.586;29;226;226;227;224;1.175;49.99;420.1;0.371;414.6;0.385;0.0;0.000;60;0;0;1.261;1.207;1.057;94;115;117;49.99;49.99;49.99;5673;1000;0.0;0;1.0000;0;0
600;2014-04-05 14:30:00;172602N232;319;1.639;29;226;227;226;225;1.187;50.00;419.2;0.361;413.9;0.373;0.0;0.000;60;0;0;1.372;1.115;1.074;79;130;108;50.00;50.00;50.00;5673;1000;0.0;0;1.0000;0;0
600;2014-04-05 14:40:00;172602N232;325;1.694;29;226;226;228;225;1.165;50.00;408.4;0.379;414.4;0.382;0.0;0.000;60;0;0;1.252;1.234;1.011;96;121;107;50.00;50.00;50.00;5673;1000;0.0;0;1.0000;0;0
600;2014-04-05 14:50:00;172602N232;312;1.746;29;227;227;228;226;1.189;49.97;404.5;0.366;413.9;0.366;0.0;0.000;60;0;0;1.278;1.262;1.027;91;112;107;49.97;49.97;49.97;5673;1000;0.0;0;1.0000;0;0
600;2014-04-05 15:00:00;172602N232;368;1.807;29;224;225;225;223;1.201;50.00;416.3;0.423;417.0;0.431;0.0;0.000;60;0;0;1.239;1.230;1.136;95;138;133;50.00;50.00;50.00;5673;1000;0.0;0;1.0000;0;0
600;2014-04-05 15:10:00;172602N232;369;1.869;29;222;223;223;221;1.147;50.00;425.5;0.414;415.9;0.432;0.0;0.000;60;0;0;1.225;1.166;1.050;103;146;119;50.00;50.00;50.00;5673;1000;0.0;0;1.0000;0;0
600;2014-04-05 15:20:00;172602N232;302;1.920;29;223;224;222;222;1.162;50.01;416.4;0.343;411.7;0.355;0.0;0.000;60;0;0;1.347;1.082;1.059;84;120;96;50.01;50.01;50.01;5673;1000;0.0;0;1.0000;0;0
600;2014-04-05 15:30:00;172602N232;314;1.972;29;223;225;222;222;1.170;50.01;417.6;0.357;412.3;0.368;0.0;0.000;60;0;0;1.342;1.042;1.126;83;123;106;50.01;50.01;50.01;5673;1000;0.0;0;1.0000;0;0
600;2014-04-05 15:40:00;172602N232;294;2.022;29;223;226;222;222;1.201;50.01;417.2;0.332;410.7;0.344;0.0;0.000;60;0;0;1.545;1.038;1.022;72;125;95;50.01;50.01;50.01;5673;1000;0.0;0;1.0000;0;0
600;2014-04-05 15:50:00;172602N232;312;2.074;29;223;225;223;222;1.180;50.00;419.2;0.352;411.2;0.366;0.0;0.000;60;0;0;1.375;1.110;1.056;80;127;103;50.00;50.00;50.00;5673;1000;0.0;0;1.0000;0;0
600;2014-04-05 16:00:00;172602N232;327;2.128;29;223;225;223;222;1.181;50.00;419.5;0.371;411.5;0.385;0.0;0.000;60;0;0;1.372;1.080;1.091;85;133;107;50.00;50.00;50.00;5673;1000;0.0;0;1.0000;0;0
600;2014-04-05 16:10:00;172602N232;302;2.179;29;223;224;223;224;1.139;50.00;417.2;0.344;409.1;0.357;0.0;0.000;60;0;0;1.226;1.088;1.103;90;119;91;50.00;50.00;50.00;5673;1000;0.0;0;1.0000;0;0
600;2014-04-05 16:20:00;172602N232;286;2.228;29;223;223;225;222;1.120;49.99;414.6;0.326;408.0;0.338;0.0;0.000;60;0;0;1.152;1.251;0.958;84;103;98;49.99;49.99;49.99;5673;1000;0.0;0;1.0000;0;0
600;2014-04-05 16:30:00;172602N232;317;2.280;29;224;224;225;222;1.154;49.99;417.5;0.361;409.2;0.374;0.0;0.000;60;0;0;1.245;1.227;0.990;96;110;109;49.99;49.99;49.99;5673;1000;0.0;0;1.0000;0;0
600;2014-04-05 16:40:00;172602N232;324;2.335;29;223;223;224;222;1.163;49.99;415.4;0.370;409.2;0.384;0.0;0.000;60;0;0;1.220;1.235;1.036;100;110;112;49.99;49.99;49.99;5673;1000;0.0;0;1.0000;0;0
600;2014-04-05 16:50:00;172602N232;424;2.404;29;223;222;225;222;1.140;50.02;421.3;0.485;413.7;0.503;0.0;0.000;60;0;0;1.118;1.216;1.086;130;151;140;50.02;50.02;50.02;5673;1000;0.0;0;1.0000;0;0
600;2014-04-05 17:00:00;172602N232;493;2.487;29;222;222;223;222;1.022;49.99;421.6;0.567;416.1;0.585;0.0;0.000;60;0;0;1.002;1.046;1.018;155;173;163;49.99;49.99;49.99;5673;1000;0.0;0;1.0000;0;0
600;2014-04-05 17:10:00;172602N232;595;2.585;29;223;223;223;222;1.002;50.00;423.0;0.687;417.6;0.708;0.0;0.000;60;0;0;0.972;1.032;1.004;186;206;201;50.00;50.00;50.00;5673;1000;0.0;0;1.0000;0;0
600;2014-04-05 17:20:00;172602N232;1002;2.754;29;222;223;222;222;1.556;50.00;426.8;1.157;423.3;1.195;0.0;0.000;60;0;0;1.524;1.573;1.571;324;339;337;50.00;50.00;50.00;5673;1000;0.0;0;1.0000;0;0
600;2014-04-05 17:30:00;172602N232;1049;2.928;30;223;224;223;221;1.606;49.99;430.2;1.205;421.7;1.252;0.0;0.000;60;0;0;1.584;1.633;1.603;344;358;345;49.99;49.99;49.99;5673;1000;0.0;0;1.0000;0;0
600;2014-04-05 17:40:00;172602N232;789;3.061;30;222;223;223;220;1.215;49.99;424.9;0.912;416.9;0.950;0.0;0.000;60;0;0;1.172;1.251;1.224;253;272;262;49.99;49.99;49.99;5673;1000;0.0;0;1.0000;0;0
600;2014-04-05 17:50:00;172602N232;497;3.143;30;221;222;224;218;0.936;50.03;418.1;0.580;411.2;0.596;0.0;0.000;60;0;0;0.919;0.989;0.900;158;177;160;50.03;50.03;50.03;5673;1000;0.0;0;1.0000;0;0
600;2014-04-05 18:00:00;172602N232;762;3.271;30;220;222;222;218;1.359;50.02;419.8;0.881;418.0;0.921;0.0;0.000;60;0;0;1.405;1.346;1.326;250;259;251;50.02;50.02;50.02;5673;1000;0.0;0;1.0000;0;0
600;2014-04-05 18:10:00;172602N232;458;3.347;31;220;221;220;219;0.941;50.01;413.6;0.537;409.0;0.548;0.0;0.000;60;0;0;0.963;0.953;0.907;139;164;154;50.01;50.01;50.01;5673;1000;0.0;0;1.0000;0;0
600;2014-04-05 18:20:00;172602N232;263;3.390;31;220;223;221;218;1.075;49.99;402.6;0.305;401.8;0.315;0.0;0.000;60;0;0;1.293;0.967;0.966;55;104;102;49.99;49.99;49.99;5673;1000;0.0;0;1.0000;0;0
600;2014-04-05 18:30:00;172602N232;271;3.437;31;221;223;222;218;1.090;49.99;399.4;0.317;404.6;0.324;0.0;0.000;60;0;0;1.309;1.084;0.878;62;111;97;49.99;49.99;49.99;5673;1000;0.0;0;1.0000;0;0
600;2014-04-05 18:40:00;172602N232;227;3.474;30;221;222;222;220;0.978;50.00;395.6;0.263;399.0;0.272;0.0;0.000;60;0;0;1.092;1.041;0.801;45;101;80;50.00;50.00;50.00;5673;1000;0.0;0;1.0000;0;0
600;2014-04-05 18:50:00;172602N232;94;3.491;30;223;224;222;221;0.882;50.05;376.5;0.103;377.6;0.109;0.0;0.000;60;0;0;1.314;0.680;0.653;0;56;48;50.05;50.05;50.05;5673;1000;0.0;0;1.0000;0;0
600;2014-04-05 19:00:00;172602N232;86;3.505;30;223;224;223;222;0.823;50.04;369.6;0.095;378.0;0.099;0.0;0.000;60;0;0;1.126;0.696;0.647;2;48;41;50.04;50.04;50.04;5673;1000;0.0;0;1.0000;0;0
600;2014-04-05 19:10:00;172602N232;53;3.515;30;222;223;223;221;0.689;50.00;353.4;0.053;364.9;0.057;0.0;0.000;60;0;0;0.790;0.740;0.538;3;23;32;50.00;50.00;50.00;5673;1000;0.0;0;1.0000;0;0
600;2014-04-05 19:20:00;172602N232;44;3.523;30;223;223;223;222;0.735;49.98;343.7;0.042;361.4;0.047;0.0;0.000;60;0;0;0.916;0.715;0.575;0;22;35;49.98;49.98;49.98;5673;1000;0.0;0;1.0000;0;0
600;2014-04-05 19:30:00;172602N232;18;3.525;29;222;224;222;221;0.376;49.97;284.7;0.009;303.9;0.014;0.0;0.000;60;0;0;0.490;0.320;0.320;0;18;19;49.97;49.97;49.97;5673;1000;0.0;0;1.0000;0;0
600;2014-04-05 19:40:00;172602N232;2;3.525;29;222;224;224;218;0.098;49.97;263.7;0.000;265.9;0.001;0.0;0.000;51;0;0;0.133;0.082;0.080;0;4;4;49.97;49.97;49.97;5630;1000;0.0;0;1.0000;0;0
600;2014-04-05 19:50:00;172602N232;0;3.525;28;222;222;225;218;0.001;50.00;286.1;0.000;285.1;0.000;0.0;0.000;51;0;0;0.003;0.000;0.001;0;0;0;50.00;50.00;50.00;4765;1000;0.0;0;1.0000;0;0
600;2014-04-05 20:00:00;172602N232;0;3.525;27;221;221;225;218;0.000;49.99;234.8;0.000;235.8;0.000;0.0;0.000;51;0;0;0.000;0.000;0.000;0;0;0;49.99;49.99;49.99;4720;1000;0.0;0;1.0000;0;0
600;2014-04-05 20:10:00;172602N232;0;3.525;27;221;221;225;218;0.000;50.00;227.5;0.000;228.4;0.000;0.0;0.000;51;0;0;0.000;0.000;0.000;0;0;0;50.00;50.00;50.00;4720;1000;0.0;0;1.0000;0;0
[wr_ende]
