20160618;230004;172602N232;My Plant;+0100
[wr_def_start]
172602N232;Inverter Type;Inverter Group;72602N232      
[wr_def_end]
[wr]
INTERVAL;TIMESTAMP;SERIAL;P_AC;E_DAY;T_WR;U_AC;U_AC_1;U_AC_2;U_AC_3;I_AC;F_AC;U_DC_1;I_DC_1;U_DC_2;I_DC_2;U_DC_3;I_DC_3;S;E_WR;M_WR;I_AC_1;I_AC_2;I_AC_3;P_AC_1;P_AC_2;P_AC_3;F_AC_1;F_AC_2;F_AC_3;R_DC;PC;PCS;PCS_LL;COS_PHI;COS_PHI_LL;S_COS_PHI
600;2016-06-18 03:30:00;172602N232;0;0.000;0;6;6;6;6;0.000;1.42;6.4;0.000;6.4;0.000;0.0;0.000;50;0;0;0.000;0.000;0.000;0;0;0;1.42;1.42;1.42;5;1000;0.0;0;1.0000;0;0
600;2016-06-18 03:40:00;172602N232;0;0.000;29;224;224;227;222;0.000;50.02;228.4;0.000;229.3;0.000;0.0;0.000;50;0;0;0.000;0.000;0.000;0;0;0;50.02;50.02;50.02;0;1000;0.0;0;1.0000;0;0
600;2016-06-18 03:50:00;172602N232;0;0.000;30;224;224;227;221;0.000;50.00;229.7;0.000;230.6;0.000;0.0;0.000;50;0;0;0.000;0.000;0.000;0;0;0;50.00;50.00;50.00;0;1000;0.0;0;1.0000;0;0
600;2016-06-18 04:00:00;172602N232;0;0.000;30;224;224;227;222;0.000;50.01;238.9;0.000;239.8;0.000;0.0;0.000;50;0;0;0.000;0.000;0.000;0;0;0;50.01;50.01;50.01;0;1000;0.0;0;1.0000;0;0
600;2016-06-18 04:10:00;172602N232;0;0.000;31;224;224;227;222;0.000;50.01;250.1;0.000;250.8;0.000;0.0;0.000;50;0;0;0.000;0.000;0.000;0;0;0;50.01;50.01;50.01;0;1000;0.0;0;1.0000;0;0
600;2016-06-18 04:20:00;172602N232;0;0.000;31;224;224;227;222;0.000;50.01;317.8;0.000;315.1;0.000;0.0;0.000;50;0;0;0.000;0.000;0.000;0;0;0;50.01;50.01;50.01;0;1000;0.0;0;1.0000;0;0
600;2016-06-18 04:30:00;172602N232;5;0.001;31;224;224;225;224;0.160;49.99;275.2;0.000;268.6;0.001;0.0;0.000;60;0;0;0.192;0.160;0.128;0;3;6;49.99;49.99;49.99;4098;1000;0.0;0;1.0000;0;0
600;2016-06-18 04:40:00;172602N232;23;0.005;31;225;224;225;224;0.355;50.00;311.4;0.015;318.4;0.016;0.0;0.000;60;0;0;0.415;0.380;0.270;0;10;14;50.00;50.00;50.00;4837;1000;0.0;0;1.0000;0;0
600;2016-06-18 04:50:00;172602N232;48;0.013;31;224;224;225;224;0.596;50.01;362.5;0.048;360.5;0.045;0.0;0.000;60;0;0;0.633;0.707;0.450;4;17;26;50.01;50.01;50.01;4837;1000;0.0;0;1.0000;0;0
600;2016-06-18 05:00:00;172602N232;62;0.022;32;225;224;226;224;0.789;50.02;379.5;0.068;367.7;0.062;0.0;0.000;60;0;0;0.828;0.916;0.624;5;16;40;50.02;50.02;50.02;4837;1000;0.0;0;1.0000;0;0
600;2016-06-18 05:10:00;172602N232;72;0.034;32;225;224;225;224;0.846;50.02;382.2;0.082;373.9;0.074;0.0;0.000;60;0;0;0.893;0.952;0.694;6;19;46;50.02;50.02;50.02;4837;1000;0.0;0;1.0000;0;0
600;2016-06-18 05:20:00;172602N232;87;0.050;32;224;224;225;224;0.880;50.01;389.5;0.100;381.8;0.089;0.0;0.000;60;0;0;0.914;1.001;0.727;8;25;52;50.01;50.01;50.01;4837;1000;0.0;0;1.0000;0;0
600;2016-06-18 05:30:00;172602N232;98;0.065;33;224;224;224;224;0.891;50.01;394.0;0.112;386.5;0.102;0.0;0.000;60;0;0;0.922;1.019;0.732;13;28;55;50.01;50.01;50.01;4837;1000;0.0;0;1.0000;0;0
600;2016-06-18 05:40:00;172602N232;107;0.084;33;223;223;224;223;0.884;49.98;394.7;0.124;386.3;0.111;0.0;0.000;60;0;0;0.959;0.984;0.711;7;38;59;49.98;49.98;49.98;4837;1000;0.0;0;1.0000;0;0
600;2016-06-18 05:50:00;172602N232;129;0.106;33;223;223;223;222;0.880;49.99;400.2;0.154;383.5;0.138;0.0;0.000;60;0;0;0.920;1.021;0.701;12;54;61;49.99;49.99;49.99;4837;1000;0.0;0;1.0000;0;0
600;2016-06-18 06:00:00;172602N232;135;0.128;33;223;223;224;223;0.910;49.99;404.2;0.159;389.6;0.146;0.0;0.000;60;0;0;0.947;1.028;0.756;22;43;68;49.99;49.99;49.99;4837;1000;0.0;0;1.0000;0;0
600;2016-06-18 06:10:00;172602N232;151;0.153;34;223;224;224;222;0.924;49.99;405.1;0.179;390.2;0.162;0.0;0.000;60;0;0;0.986;1.053;0.735;11;65;74;49.99;49.99;49.99;4837;1000;0.0;0;1.0000;0;0
600;2016-06-18 06:20:00;172602N232;180;0.184;34;223;224;225;221;1.053;50.00;409.6;0.217;393.9;0.193;0.0;0.000;60;0;0;1.371;1.044;0.744;17;82;83;50.00;50.00;50.00;4837;1000;0.0;0;1.0000;0;0
600;2016-06-18 06:30:00;172602N232;432;0.255;34;224;224;224;222;1.190;50.02;426.0;0.528;408.5;0.477;0.0;0.000;60;0;0;1.255;1.220;1.096;126;156;147;50.02;50.02;50.02;4837;1000;0.0;0;1.0000;0;0
600;2016-06-18 06:40:00;172602N232;544;0.347;34;223;223;225;222;1.134;49.99;424.6;0.656;418.2;0.613;0.0;0.000;60;0;0;1.399;0.931;1.073;195;171;176;49.99;49.99;49.99;4837;1000;0.0;0;1.0000;0;0
600;2016-06-18 06:50:00;172602N232;484;0.428;35;223;224;224;222;0.842;50.00;422.7;0.574;422.4;0.547;0.0;0.000;60;0;0;0.802;0.879;0.845;150;170;162;50.00;50.00;50.00;4837;1000;0.0;0;1.0000;0;0
600;2016-06-18 07:00:00;172602N232;417;0.497;35;223;224;223;221;0.841;49.99;417.8;0.496;419.4;0.472;0.0;0.000;60;0;0;0.859;0.863;0.803;122;151;142;49.99;49.99;49.99;4837;1000;0.0;0;1.0000;0;0
600;2016-06-18 07:10:00;172602N232;239;0.536;36;222;223;223;219;1.121;49.99;398.8;0.286;406.4;0.273;0.0;0.000;60;0;0;1.459;1.072;0.833;42;104;92;49.99;49.99;49.99;4837;1000;0.0;0;1.0000;0;0
600;2016-06-18 07:20:00;172602N232;203;0.571;36;222;222;222;221;1.024;49.99;397.8;0.239;402.8;0.231;0.0;0.000;60;0;0;1.253;0.966;0.854;43;82;76;49.99;49.99;49.99;4837;1000;0.0;0;1.0000;0;0
600;2016-06-18 07:30:00;172602N232;407;0.639;36;222;221;223;221;1.027;50.01;407.8;0.489;416.9;0.467;0.0;0.000;60;0;0;1.039;1.099;0.945;120;148;136;50.01;50.01;50.01;4837;1000;0.0;0;1.0000;0;0
600;2016-06-18 07:40:00;172602N232;894;0.789;36;222;222;223;220;1.374;50.00;429.7;1.070;428.3;1.002;0.0;0.000;60;0;0;1.319;1.417;1.386;285;310;298;50.00;50.00;50.00;4837;1000;0.0;0;1.0000;0;0
600;2016-06-18 07:50:00;172602N232;966;0.950;36;223;223;224;221;1.478;50.00;425.9;1.191;420.2;1.086;0.0;0.000;60;0;0;1.425;1.519;1.490;309;334;321;50.00;50.00;50.00;4837;1000;0.0;0;1.0000;0;0
600;2016-06-18 08:00:00;172602N232;1068;1.127;37;225;225;227;224;1.611;49.99;426.4;1.365;412.9;1.178;0.0;0.000;60;0;0;1.558;1.655;1.622;341;369;355;49.99;49.99;49.99;4837;1000;0.0;0;1.0000;0;0
600;2016-06-18 08:10:00;172602N232;1067;1.305;37;225;225;226;224;1.621;49.99;423.6;1.366;414.0;1.174;0.0;0.000;60;0;0;1.573;1.656;1.635;342;366;357;49.99;49.99;49.99;4837;1000;0.0;0;1.0000;0;0
600;2016-06-18 08:20:00;172602N232;746;1.431;37;225;224;226;224;1.171;50.01;416.7;0.900;418.5;0.871;0.0;0.000;60;0;0;1.133;1.201;1.180;234;258;252;50.01;50.01;50.01;4837;1000;0.0;0;1.0000;0;0
600;2016-06-18 08:30:00;172602N232;916;1.583;38;225;225;227;223;1.396;50.00;415.9;1.146;417.5;1.040;0.0;0.000;60;0;0;1.348;1.439;1.403;292;317;304;50.00;50.00;50.00;4837;1000;0.0;0;1.0000;0;0
600;2016-06-18 08:40:00;172602N232;1357;1.809;38;225;226;226;224;2.066;49.99;420.8;1.748;421.4;1.482;0.0;0.000;60;0;0;2.028;2.098;2.073;440;464;452;49.99;49.99;49.99;4837;1000;0.0;0;1.0000;0;0
600;2016-06-18 08:50:00;172602N232;1396;2.042;38;225;225;225;225;2.104;50.01;421.7;1.752;419.7;1.575;0.0;0.000;60;0;0;2.059;2.131;2.123;454;473;468;50.01;50.01;50.01;4837;1000;0.0;0;1.0000;0;0
600;2016-06-18 09:00:00;172602N232;1235;2.248;39;225;223;226;224;1.906;50.02;420.1;1.516;423.7;1.412;0.0;0.000;60;0;0;1.847;1.941;1.930;394;424;415;50.02;50.02;50.02;4837;1000;0.0;0;1.0000;0;0
600;2016-06-18 09:10:00;172602N232;1365;2.476;39;224;224;226;224;2.068;50.02;417.2;1.762;413.8;1.533;0.0;0.000;60;0;0;2.011;2.106;2.087;439;466;458;50.02;50.02;50.02;4837;1000;0.0;0;1.0000;0;0
600;2016-06-18 09:20:00;172602N232;2645;2.916;39;226;226;226;225;3.916;50.01;408.0;4.038;305.7;3.520;0.0;0.000;60;0;0;3.867;3.964;3.917;870;895;877;50.01;50.01;50.01;4837;1000;0.0;0;1.0000;0;0
600;2016-06-18 09:30:00;172602N232;2033;3.254;39;225;225;225;224;3.038;50.00;406.8;2.886;379.6;2.495;0.0;0.000;60;0;0;3.000;3.081;3.035;668;688;673;50.00;50.00;50.00;4837;1000;0.0;0;1.0000;0;0
600;2016-06-18 09:40:00;172602N232;1474;3.501;40;224;225;225;224;2.233;50.01;412.5;1.899;413.3;1.684;0.0;0.000;60;0;0;2.196;2.256;2.247;480;498;493;50.01;50.01;50.01;4837;1000;0.0;0;1.0000;0;0
600;2016-06-18 09:50:00;172602N232;3041;4.006;40;226;226;229;224;4.496;50.01;405.0;4.273;353.7;3.993;0.0;0.000;60;0;0;4.438;4.598;4.453;995;1052;992;50.01;50.01;50.01;4837;1000;0.0;0;1.0000;0;0
600;2016-06-18 10:00:00;172602N232;3037;4.516;40;226;226;230;224;4.471;50.01;397.2;4.210;364.1;4.036;0.0;0.000;60;0;0;4.402;4.586;4.425;993;1058;989;50.01;50.01;50.01;4837;1000;0.0;0;1.0000;0;0
600;2016-06-18 10:10:00;172602N232;2725;4.969;41;225;224;228;224;4.034;50.01;402.7;3.659;394.4;3.356;0.0;0.000;60;0;0;3.950;4.134;4.018;883;943;898;50.01;50.01;50.01;4837;1000;0.0;0;1.0000;0;0
600;2016-06-18 10:20:00;172602N232;2778;5.432;41;225;225;228;224;4.107;50.03;399.3;3.683;395.1;3.435;0.0;0.000;60;0;0;4.050;4.189;4.082;910;955;910;50.03;50.03;50.03;4837;1000;0.0;0;1.0000;0;0
600;2016-06-18 10:30:00;172602N232;2894;5.914;42;225;223;229;223;4.286;50.01;403.1;3.751;404.1;3.576;0.0;0.000;60;0;0;4.183;4.412;4.263;931;1013;950;50.01;50.01;50.01;4837;1000;0.0;0;1.0000;0;0
600;2016-06-18 10:40:00;172602N232;2557;6.341;42;224;225;226;223;3.814;50.01;401.2;3.298;405.9;3.121;0.0;0.000;60;0;0;3.774;3.883;3.787;843;877;838;50.01;50.01;50.01;4837;1000;0.0;0;1.0000;0;0
600;2016-06-18 10:50:00;172602N232;3082;6.855;42;225;225;228;223;4.557;50.00;400.9;3.985;408.9;3.749;0.0;0.000;60;0;0;4.500;4.669;4.504;1009;1068;1002;50.00;50.00;50.00;4837;1000;0.0;0;1.0000;0;0
600;2016-06-18 11:00:00;172602N232;1477;7.103;42;224;223;226;223;2.229;50.01;406.2;1.873;413.7;1.757;0.0;0.000;60;0;0;2.165;2.286;2.237;475;511;492;50.01;50.01;50.01;4837;1000;0.0;0;1.0000;0;0
600;2016-06-18 11:10:00;172602N232;1917;7.422;42;225;224;228;222;2.868;50.00;413.6;2.391;417.4;2.241;0.0;0.000;60;0;0;2.806;2.958;2.840;621;667;624;50.00;50.00;50.00;4837;1000;0.0;0;1.0000;0;0
600;2016-06-18 11:20:00;172602N232;3369;7.984;42;227;227;231;223;4.943;50.00;409.0;4.265;413.0;4.134;0.0;0.000;60;0;0;4.879;5.108;4.844;1107;1186;1079;50.00;50.00;50.00;4837;1000;0.0;0;1.0000;0;0
600;2016-06-18 11:30:00;172602N232;3510;8.571;42;227;226;231;224;5.144;49.99;395.9;4.488;401.3;4.401;0.0;0.000;60;0;0;5.053;5.305;5.074;1143;1231;1137;49.99;49.99;49.99;4837;1000;0.0;0;1.0000;0;0
600;2016-06-18 11:40:00;172602N232;2069;8.915;43;225;224;229;223;3.082;49.99;397.8;2.674;405.6;2.525;0.0;0.000;60;0;0;3.004;3.178;3.066;668;722;677;49.99;49.99;49.99;4837;1000;0.0;0;1.0000;0;0
600;2016-06-18 11:50:00;172602N232;3705;9.533;43;226;228;233;217;5.459;50.01;401.3;4.687;406.9;4.578;0.0;0.000;60;0;0;5.408;5.740;5.231;1231;1340;1132;50.01;50.01;50.01;4837;1000;0.0;0;1.0000;0;0
600;2016-06-18 12:00:00;172602N232;3744;10.157;43;226;228;234;216;5.510;50.01;398.3;4.777;402.4;4.662;0.0;0.000;60;0;0;5.459;5.823;5.249;1245;1368;1133;50.01;50.01;50.01;4837;1000;0.0;0;1.0000;0;0
600;2016-06-18 12:10:00;172602N232;4270;10.870;43;227;228;235;217;6.265;50.02;395.4;5.482;399.2;5.387;0.0;0.000;60;0;0;6.214;6.605;5.978;1419;1552;1298;50.02;50.02;50.02;4837;1000;0.0;0;1.0000;0;0
600;2016-06-18 12:20:00;172602N232;2835;11.343;43;226;225;232;222;4.184;50.02;395.0;3.683;399.6;3.530;0.0;0.000;60;0;0;4.105;4.348;4.101;923;1007;906;50.02;50.02;50.02;4837;1000;0.0;0;1.0000;0;0
600;2016-06-18 12:30:00;172602N232;3939;12.000;43;227;225;233;225;5.760;50.01;397.1;5.005;400.5;4.933;0.0;0.000;60;0;0;5.615;5.957;5.710;1263;1391;1284;50.01;50.01;50.01;4837;1000;0.0;0;1.0000;0;0
600;2016-06-18 12:40:00;172602N232;3665;12.612;43;227;225;232;225;5.369;50.02;395.6;4.685;396.9;4.634;0.0;0.000;60;0;0;5.235;5.537;5.335;1176;1287;1201;50.02;50.02;50.02;4837;1000;0.0;0;1.0000;0;0
600;2016-06-18 12:50:00;172602N232;2897;13.094;43;227;225;230;225;4.260;50.02;397.6;3.705;402.0;3.595;0.0;0.000;60;0;0;4.160;4.365;4.257;933;1007;957;50.02;50.02;50.02;4837;1000;0.0;0;1.0000;0;0
600;2016-06-18 13:00:00;172602N232;2814;13.565;43;226;224;230;225;4.146;50.02;397.9;3.598;399.2;3.559;0.0;0.000;60;0;0;4.047;4.231;4.161;906;972;936;50.02;50.02;50.02;4837;1000;0.0;0;1.0000;0;0
600;2016-06-18 13:10:00;172602N232;3367;14.127;43;227;225;231;224;4.945;50.02;401.8;4.232;401.0;4.229;0.0;0.000;60;0;0;4.839;5.080;4.917;1089;1175;1102;50.02;50.02;50.02;4837;1000;0.0;0;1.0000;0;0
600;2016-06-18 13:20:00;172602N232;2991;14.624;43;227;226;231;224;4.394;50.02;403.1;3.747;402.5;3.737;0.0;0.000;60;0;0;4.322;4.509;4.353;976;1039;972;50.02;50.02;50.02;4837;1000;0.0;0;1.0000;0;0
600;2016-06-18 13:30:00;172602N232;3607;15.225;43;226;227;231;222;5.299;50.00;400.0;4.556;401.2;4.497;0.0;0.000;60;0;0;5.234;5.477;5.186;1186;1268;1151;50.00;50.00;50.00;4837;1000;0.0;0;1.0000;0;0
600;2016-06-18 13:40:00;172602N232;3699;15.842;43;226;226;231;222;5.429;49.99;397.6;4.735;398.5;4.679;0.0;0.000;60;0;0;5.349;5.616;5.324;1211;1301;1187;49.99;49.99;49.99;4837;1000;0.0;0;1.0000;0;0
600;2016-06-18 13:50:00;172602N232;4197;16.541;44;227;226;230;224;6.157;50.01;385.2;5.553;386.2;5.548;0.0;0.000;60;0;0;6.081;6.325;6.066;1378;1460;1357;50.01;50.01;50.01;4837;1000;0.0;0;1.0000;0;0
600;2016-06-18 14:00:00;172602N232;4919;17.361;44;227;227;230;225;7.204;49.99;378.7;6.603;380.2;6.582;0.0;0.000;60;0;0;7.155;7.351;7.106;1627;1692;1598;49.99;49.99;49.99;4837;1000;0.0;0;1.0000;0;0
600;2016-06-18 14:10:00;172602N232;5263;18.237;45;228;228;232;224;7.690;50.01;372.4;7.195;374.1;7.170;0.0;0.000;60;0;0;7.652;7.886;7.533;1748;1826;1685;50.01;50.01;50.01;4837;1000;0.0;0;1.0000;0;0
600;2016-06-18 14:20:00;172602N232;5231;19.110;45;228;227;232;224;7.655;50.00;372.9;7.151;374.4;7.111;0.0;0.000;60;0;0;7.578;7.852;7.536;1719;1819;1691;50.00;50.00;50.00;4837;1000;0.0;0;1.0000;0;0
600;2016-06-18 14:30:00;172602N232;5272;19.987;45;228;226;233;225;7.710;49.99;373.2;7.222;374.4;7.157;0.0;0.000;60;0;0;7.590;7.933;7.609;1713;1846;1711;49.99;49.99;49.99;4837;1000;0.0;0;1.0000;0;0
600;2016-06-18 14:40:00;172602N232;4945;20.813;46;228;225;232;225;7.228;49.99;371.9;6.780;373.6;6.762;0.0;0.000;60;0;0;7.090;7.435;7.159;1596;1735;1614;49.99;49.99;49.99;4837;1000;0.0;0;1.0000;0;0
600;2016-06-18 14:50:00;172602N232;3241;21.355;46;226;225;229;225;4.769;50.01;389.6;4.231;387.4;4.268;0.0;0.000;60;0;0;4.669;4.866;4.772;1050;1118;1073;50.01;50.01;50.01;4837;1000;0.0;0;1.0000;0;0
600;2016-06-18 15:00:00;172602N232;2155;21.714;45;225;223;229;223;3.204;50.00;404.9;2.699;403.7;2.687;0.0;0.000;60;0;0;3.122;3.297;3.194;694;752;709;50.00;50.00;50.00;4837;1000;0.0;0;1.0000;0;0
600;2016-06-18 15:10:00;172602N232;2283;22.094;45;225;225;228;223;3.378;50.00;405.2;2.834;402.4;2.870;0.0;0.000;60;0;0;3.314;3.462;3.360;743;790;749;50.00;50.00;50.00;4837;1000;0.0;0;1.0000;0;0
600;2016-06-18 15:20:00;172602N232;1344;22.318;44;225;224;228;222;2.039;49.99;410.5;1.656;412.3;1.616;0.0;0.000;60;0;0;1.988;2.106;2.023;433;468;441;50.00;49.99;49.99;4837;1000;0.0;0;1.0000;0;0
600;2016-06-18 15:30:00;172602N232;1322;22.538;44;225;225;228;221;1.994;49.99;408.3;1.631;415.3;1.581;0.0;0.000;60;0;0;1.947;2.059;1.977;428;461;430;49.99;49.99;49.99;4837;1000;0.0;0;1.0000;0;0
600;2016-06-18 15:40:00;172602N232;1264;22.750;43;225;225;228;222;1.920;49.99;408.7;1.556;415.9;1.512;0.0;0.000;60;0;0;1.877;1.976;1.908;409;440;414;49.99;49.99;49.99;4837;1000;0.0;0;1.0000;0;0
600;2016-06-18 15:50:00;172602N232;1304;22.968;43;225;225;228;224;2.001;50.00;414.6;1.596;417.3;1.541;0.0;0.000;60;0;0;1.964;2.041;2.000;419;451;433;50.00;50.00;50.00;4837;1000;0.0;0;1.0000;0;0
600;2016-06-18 16:00:00;172602N232;937;23.123;43;225;224;227;223;1.426;49.99;413.0;1.143;414.2;1.110;0.0;0.000;60;0;0;1.371;1.476;1.432;297;327;311;49.99;49.99;49.99;4837;1000;0.0;0;1.0000;0;0
600;2016-06-18 16:10:00;172602N232;1069;23.302;43;224;224;227;222;1.628;50.00;418.1;1.288;418.0;1.261;0.0;0.000;60;0;0;1.581;1.680;1.623;343;373;351;50.00;50.00;50.00;4837;1000;0.0;0;1.0000;0;0
600;2016-06-18 16:20:00;172602N232;989;23.467;43;223;225;226;219;1.516;49.98;415.4;1.194;418.0;1.166;0.0;0.000;60;0;0;1.480;1.567;1.501;320;346;321;49.98;49.98;49.98;4837;1000;0.0;0;1.0000;0;0
600;2016-06-18 16:30:00;172602N232;1090;23.649;43;224;226;227;220;1.650;50.00;412.5;1.326;418.2;1.293;0.0;0.000;60;0;0;1.617;1.700;1.633;357;379;352;50.00;50.00;50.00;4837;1000;0.0;0;1.0000;0;0
600;2016-06-18 16:40:00;172602N232;930;23.804;43;224;225;227;221;1.414;50.00;413.4;1.128;416.9;1.101;0.0;0.000;60;0;0;1.367;1.464;1.412;299;325;304;50.00;50.00;50.00;4837;1000;0.0;0;1.0000;0;0
600;2016-06-18 16:50:00;172602N232;1267;24.016;43;225;225;227;221;1.918;49.99;410.2;1.550;419.7;1.508;0.0;0.000;60;0;0;1.881;1.973;1.901;413;441;412;49.99;49.99;49.99;4837;1000;0.0;0;1.0000;0;0
600;2016-06-18 17:00:00;172602N232;1120;24.202;43;225;225;227;221;1.708;49.99;413.3;1.368;418.2;1.322;0.0;0.000;60;0;0;1.667;1.762;1.695;361;392;365;49.99;49.99;49.99;4837;1000;0.0;0;1.0000;0;0
600;2016-06-18 17:10:00;172602N232;744;24.327;43;224;225;226;222;1.142;49.99;409.7;0.917;415.1;0.867;0.0;0.000;60;0;0;1.095;1.183;1.148;236;259;247;49.99;49.99;49.99;4837;1000;0.0;0;1.0000;0;0
600;2016-06-18 17:20:00;172602N232;512;24.412;43;224;226;225;221;0.971;50.00;408.8;0.621;409.7;0.604;0.0;0.000;60;0;0;1.021;1.003;0.890;159;186;164;50.00;50.00;50.00;4837;1000;0.0;0;1.0000;0;0
600;2016-06-18 17:30:00;172602N232;698;24.528;43;225;226;226;223;1.076;50.03;414.7;0.840;416.3;0.816;0.0;0.000;60;0;0;1.030;1.118;1.081;221;243;231;50.03;50.03;50.03;4837;1000;0.0;0;1.0000;0;0
600;2016-06-18 17:40:00;172602N232;547;24.620;43;225;226;226;222;1.065;50.02;409.0;0.660;410.4;0.649;0.0;0.000;60;0;0;1.067;1.104;1.025;162;197;186;50.02;50.02;50.02;4837;1000;0.0;0;1.0000;0;0
600;2016-06-18 17:50:00;172602N232;799;24.753;42;225;225;227;223;1.247;49.99;408.9;0.960;414.2;0.970;0.0;0.000;60;0;0;1.213;1.282;1.248;253;278;265;49.99;49.99;49.99;4837;1000;0.0;0;1.0000;0;0
600;2016-06-18 18:00:00;172602N232;756;24.880;42;225;224;228;224;1.193;49.99;405.0;0.924;413.8;0.905;0.0;0.000;60;0;0;1.142;1.239;1.198;236;265;252;49.99;49.99;49.99;4837;1000;0.0;0;1.0000;0;0
600;2016-06-18 18:10:00;172602N232;747;25.005;42;224;223;226;223;1.158;49.99;403.8;0.920;415.0;0.892;0.0;0.000;60;0;0;1.099;1.208;1.168;233;262;250;49.99;49.99;49.99;4837;1000;0.0;0;1.0000;0;0
600;2016-06-18 18:20:00;172602N232;846;25.145;42;225;223;228;223;1.296;49.99;402.1;1.037;414.0;1.028;0.0;0.000;60;0;0;1.230;1.353;1.306;264;298;282;49.99;49.99;49.99;4837;1000;0.0;0;1.0000;0;0
600;2016-06-18 18:30:00;172602N232;1042;25.319;42;225;226;228;222;1.579;50.01;397.0;1.295;411.0;1.303;0.0;0.000;60;0;0;1.535;1.632;1.572;336;363;341;50.01;50.01;50.01;4837;1000;0.0;0;1.0000;0;0
600;2016-06-18 18:40:00;172602N232;626;25.424;42;224;225;226;221;1.007;49.99;401.4;0.763;409.3;0.761;0.0;0.000;60;0;0;0.950;1.049;1.024;197;219;208;49.99;49.99;49.99;4837;1000;0.0;0;1.0000;0;0
600;2016-06-18 18:50:00;172602N232;647;25.532;42;224;225;225;223;0.999;49.99;405.3;0.780;411.0;0.787;0.0;0.000;60;0;0;0.949;1.041;1.008;204;225;216;49.99;49.99;49.99;4837;1000;0.0;0;1.0000;0;0
600;2016-06-18 19:00:00;172602N232;547;25.623;42;225;225;227;224;0.849;50.00;403.1;0.663;410.3;0.661;0.0;0.000;60;0;0;0.791;0.893;0.863;168;193;185;50.00;50.00;50.00;4837;1000;0.0;0;1.0000;0;0
600;2016-06-18 19:10:00;172602N232;643;25.729;42;225;224;227;225;1.006;50.00;406.3;0.711;408.4;0.849;0.0;0.000;60;0;0;0.947;1.049;1.023;199;225;217;50.00;50.00;50.00;4837;1000;0.0;0;1.0000;0;0
600;2016-06-18 19:20:00;172602N232;446;25.804;42;226;225;227;225;0.894;50.00;402.2;0.535;405.9;0.541;0.0;0.000;60;0;0;0.863;0.941;0.879;136;157;150;50.00;50.00;50.00;4837;1000;0.0;0;1.0000;0;0
600;2016-06-18 19:30:00;172602N232;212;25.839;42;226;224;228;226;1.024;50.02;393.0;0.254;397.7;0.244;0.0;0.000;60;0;0;0.974;1.332;0.768;76;63;71;50.02;50.02;50.02;4837;1000;0.0;0;1.0000;0;0
600;2016-06-18 19:40:00;172602N232;172;25.869;41;226;224;228;226;0.973;50.01;392.5;0.200;393.9;0.198;0.0;0.000;60;0;0;0.718;1.451;0.751;43;45;82;50.01;50.01;50.01;4837;1000;0.0;0;1.0000;0;0
600;2016-06-18 19:50:00;172602N232;139;25.892;41;225;224;226;225;0.895;50.00;388.4;0.159;391.1;0.158;0.0;0.000;60;0;0;0.823;1.110;0.753;36;33;67;50.00;50.00;50.00;4837;1000;0.0;0;1.0000;0;0
600;2016-06-18 20:00:00;172602N232;118;25.912;41;226;225;228;224;0.943;50.00;384.9;0.134;386.7;0.133;0.0;0.000;60;0;0;0.792;1.290;0.749;36;11;69;50.00;50.00;50.00;4837;1000;0.0;0;1.0000;0;0
600;2016-06-18 20:10:00;172602N232;106;25.930;40;226;225;227;224;0.913;49.98;377.0;0.122;383.8;0.120;0.0;0.000;60;0;0;0.845;1.163;0.733;23;16;64;49.98;49.98;49.98;4837;1000;0.0;0;1.0000;0;0
600;2016-06-18 20:20:00;172602N232;93;25.946;40;225;225;226;224;0.889;50.00;374.1;0.105;380.8;0.104;0.0;0.000;60;0;0;0.949;0.994;0.725;11;26;57;50.00;50.00;50.00;4837;1000;0.0;0;1.0000;0;0
600;2016-06-18 20:30:00;172602N232;70;25.958;40;226;227;227;225;0.911;49.99;367.5;0.076;374.1;0.077;0.0;0.000;60;0;0;1.100;0.907;0.727;0;28;52;49.99;49.99;49.99;4837;1000;0.0;0;1.0000;0;0
600;2016-06-18 20:40:00;172602N232;46;25.965;40;227;228;228;226;0.745;49.99;346.8;0.045;359.2;0.046;0.0;0.000;60;0;0;0.961;0.701;0.574;0;24;38;49.99;49.99;49.99;4837;1000;0.0;0;1.0000;0;0
600;2016-06-18 20:50:00;172602N232;14;25.969;39;227;227;226;227;0.304;50.01;271.5;0.006;286.5;0.008;0.0;0.000;60;0;0;0.397;0.248;0.269;0;14;9;50.01;50.01;50.01;4837;1000;0.0;0;1.0000;0;0
600;2016-06-18 21:00:00;172602N232;3;25.969;39;227;228;227;226;0.158;50.00;252.5;0.000;254.2;0.000;0.0;0.000;60;0;0;0.239;0.121;0.114;0;5;5;50.00;50.00;50.00;4837;1000;0.0;0;1.0000;0;0
600;2016-06-18 21:10:00;172602N232;0;25.969;38;227;227;229;225;0.026;50.01;269.9;0.000;269.2;0.000;0.0;0.000;50;0;0;0.030;0.026;0.022;0;0;1;50.01;50.01;50.01;4837;1000;0.0;0;1.0000;0;0
600;2016-06-18 21:20:00;172602N232;0;25.969;37;226;226;229;223;0.000;50.02;243.9;0.000;244.7;0.000;0.0;0.000;50;0;0;0.000;0.000;0.000;0;0;0;50.02;50.02;50.02;4837;1000;0.0;0;1.0000;0;0
600;2016-06-18 21:30:00;172602N232;0;25.969;37;225;225;228;224;0.000;50.00;232.9;0.000;233.9;0.000;0.0;0.000;50;0;0;0.000;0.000;0.000;0;0;0;50.00;50.00;50.00;4837;1000;0.0;0;1.0000;0;0
600;2016-06-18 21:40:00;172602N232;0;25.969;36;226;225;228;224;0.000;50.00;228.2;0.000;229.2;0.000;0.0;0.000;50;0;0;0.000;0.000;0.000;0;0;0;50.00;50.00;50.00;4837;1000;0.0;0;1.0000;0;0
600;2016-06-18 21:50:00;172602N232;0;25.969;36;226;225;228;224;0.000;50.01;227.7;0.000;228.7;0.000;0.0;0.000;50;0;0;0.000;0.000;0.000;0;0;0;50.01;50.01;50.01;4837;1000;0.0;0;1.0000;0;0
600;2016-06-18 22:00:00;172602N232;0;25.969;35;225;225;228;223;0.000;50.01;229.1;0.000;230.0;0.000;0.0;0.000;50;0;0;0.000;0.000;0.000;0;0;0;50.01;50.01;50.01;4837;1000;0.0;0;1.0000;0;0
[wr_ende]
