20160724;230002;172602N232;My Plant;+0100
[wr_def_start]
172602N232;Inverter Type;Inverter Group;72602N232      
[wr_def_end]
[wr]
INTERVAL;TIMESTAMP;SERIAL;P_AC;E_DAY;T_WR;U_AC;U_AC_1;U_AC_2;U_AC_3;I_AC;F_AC;U_DC_1;I_DC_1;U_DC_2;I_DC_2;U_DC_3;I_DC_3;S;E_WR;M_WR;I_AC_1;I_AC_2;I_AC_3;P_AC_1;P_AC_2;P_AC_3;F_AC_1;F_AC_2;F_AC_3;R_DC;PC;PCS;PCS_LL;COS_PHI;COS_PHI_LL;S_COS_PHI
600;2016-07-24 04:20:00;172602N232;0;0.000;1;8;8;8;8;0.000;1.88;8.5;0.000;8.5;0.000;0.0;0.000;50;0;0;0.000;0.000;0.000;0;0;0;1.88;1.88;1.88;43;1000;0.0;0;1.0000;0;0
600;2016-07-24 04:30:00;172602N232;0;0.000;27;225;225;228;223;0.000;50.00;228.7;0.000;229.6;0.000;0.0;0.000;50;0;0;0.000;0.000;0.000;0;0;0;50.00;50.00;50.00;0;1000;0.0;0;1.0000;0;0
600;2016-07-24 04:40:00;172602N232;0;0.000;28;225;226;228;223;0.000;50.01;231.4;0.000;232.3;0.000;0.0;0.000;50;0;0;0.000;0.000;0.000;0;0;0;50.01;50.01;50.01;0;1000;0.0;0;1.0000;0;0
600;2016-07-24 04:50:00;172602N232;0;0.000;29;226;226;229;223;0.001;50.01;276.5;0.000;275.8;0.000;0.0;0.000;60;0;0;0.001;0.001;0.001;0;0;0;50.01;50.01;50.01;912;1000;0.0;0;1.0000;0;0
600;2016-07-24 05:00:00;172602N232;3;0.000;29;226;226;227;225;0.163;49.99;252.2;0.000;255.5;0.000;0.0;0.000;60;0;0;0.196;0.181;0.114;1;0;5;49.99;49.99;49.99;3588;1000;0.0;0;1.0000;0;0
600;2016-07-24 05:10:00;172602N232;16;0.004;29;226;226;227;225;0.381;50.00;290.8;0.009;291.3;0.011;0.0;0.000;60;0;0;0.441;0.461;0.241;11;0;14;50.00;50.00;50.00;3588;1000;0.0;0;1.0000;0;0
600;2016-07-24 05:20:00;172602N232;38;0.010;30;226;225;227;225;0.574;50.01;339.3;0.036;349.3;0.034;0.0;0.000;60;0;0;0.613;0.671;0.438;8;5;25;50.01;50.01;50.01;3588;1000;0.0;0;1.0000;0;0
600;2016-07-24 05:30:00;172602N232;60;0.019;30;225;225;226;225;0.656;49.99;355.2;0.067;370.1;0.061;0.0;0.000;60;0;0;0.689;0.773;0.507;9;17;31;49.99;49.99;49.99;3588;1000;0.0;0;1.0000;0;0
600;2016-07-24 05:40:00;172602N232;100;0.036;31;225;225;226;225;0.907;50.00;381.4;0.119;386.7;0.108;0.0;0.000;60;0;0;1.051;0.922;0.748;12;35;51;50.00;50.00;50.00;3588;1000;0.0;0;1.0000;0;0
600;2016-07-24 05:50:00;172602N232;125;0.057;31;225;225;226;225;0.915;50.01;386.3;0.150;390.7;0.138;0.0;0.000;60;0;0;0.939;1.077;0.731;16;46;61;50.01;50.01;50.01;3588;1000;0.0;0;1.0000;0;0
600;2016-07-24 06:00:00;172602N232;182;0.087;31;225;225;226;225;0.931;49.99;391.9;0.225;399.4;0.200;0.0;0.000;60;0;0;0.977;1.105;0.712;47;67;66;49.99;49.99;49.99;3588;1000;0.0;0;1.0000;0;0
600;2016-07-24 06:10:00;172602N232;230;0.126;32;225;225;226;225;1.045;49.99;399.7;0.287;403.4;0.252;0.0;0.000;60;0;0;1.068;1.212;0.857;56;92;80;49.99;49.99;49.99;3588;1000;0.0;0;1.0000;0;0
600;2016-07-24 06:20:00;172602N232;331;0.181;32;225;225;226;225;1.138;50.00;408.7;0.410;410.3;0.370;0.0;0.000;60;0;0;1.182;1.205;1.028;98;121;111;50.00;50.00;50.00;3588;1000;0.0;0;1.0000;0;0
600;2016-07-24 06:30:00;172602N232;446;0.256;32;225;225;226;224;0.889;50.02;414.4;0.555;400.5;0.516;0.0;0.000;60;0;0;0.856;0.932;0.879;136;159;148;50.02;50.02;50.02;3588;1000;0.0;0;1.0000;0;0
600;2016-07-24 06:40:00;172602N232;397;0.322;32;225;225;226;224;0.634;50.01;414.2;0.513;388.5;0.454;0.0;0.000;60;0;0;0.579;0.675;0.650;118;142;135;50.01;50.01;50.01;3588;1000;0.0;0;1.0000;0;0
600;2016-07-24 06:50:00;172602N232;422;0.392;33;225;225;226;223;0.670;50.01;411.2;0.562;390.2;0.470;0.0;0.000;60;0;0;0.616;0.713;0.683;127;151;143;50.01;50.01;50.01;3588;1000;0.0;0;1.0000;0;0
600;2016-07-24 07:00:00;172602N232;580;0.489;34;225;224;226;224;0.901;50.00;410.6;0.787;395.5;0.634;0.0;0.000;60;0;0;0.844;0.946;0.915;179;204;195;50.00;50.00;50.00;3588;1000;0.0;0;1.0000;0;0
600;2016-07-24 07:10:00;172602N232;523;0.577;34;224;224;226;223;0.818;50.00;413.3;0.720;400.3;0.546;0.0;0.000;60;0;0;0.761;0.862;0.832;160;185;176;50.00;50.00;50.00;3588;1000;0.0;0;1.0000;0;0
600;2016-07-24 07:20:00;172602N232;477;0.657;35;224;224;226;223;0.750;50.00;417.0;0.640;400.5;0.502;0.0;0.000;60;0;0;0.696;0.792;0.764;145;169;161;50.00;50.00;50.00;3588;1000;0.0;0;1.0000;0;0
600;2016-07-24 07:30:00;172602N232;552;0.748;35;224;224;225;224;1.079;50.00;410.5;0.705;411.1;0.620;0.0;0.000;60;0;0;1.106;1.090;1.043;177;191;182;50.00;50.00;50.00;3588;1000;0.0;0;1.0000;0;0
600;2016-07-24 07:40:00;172602N232;612;0.851;36;224;224;225;224;0.949;49.99;408.8;0.791;394.6;0.716;0.0;0.000;60;0;0;0.891;0.991;0.965;190;214;207;49.99;49.99;49.99;3588;1000;0.0;0;1.0000;0;0
600;2016-07-24 07:50:00;172602N232;568;0.945;36;224;223;225;223;0.884;49.98;410.4;0.757;388.5;0.649;0.0;0.000;60;0;0;0.827;0.926;0.901;175;199;192;49.98;49.98;49.98;3588;1000;0.0;0;1.0000;0;0
600;2016-07-24 08:00:00;172602N232;614;1.048;36;223;224;224;222;0.955;49.99;426.1;0.869;398.3;0.588;0.0;0.000;60;0;0;0.902;0.996;0.969;191;214;206;49.99;49.99;49.99;3588;1000;0.0;0;1.0000;0;0
600;2016-07-24 08:10:00;172602N232;911;1.201;37;224;223;225;223;1.386;50.00;377.1;1.694;406.2;0.696;0.0;0.000;60;0;0;1.332;1.429;1.399;289;315;305;50.00;50.00;50.00;3588;1000;0.0;0;1.0000;0;0
600;2016-07-24 08:20:00;172602N232;1132;1.388;37;224;223;226;224;1.743;49.99;345.9;2.483;397.5;0.705;0.0;0.000;60;0;0;1.718;1.770;1.742;369;387;375;49.99;49.99;49.99;3588;1000;0.0;0;1.0000;0;0
600;2016-07-24 08:30:00;172602N232;1195;1.589;37;224;223;226;224;1.854;50.01;362.8;2.667;392.7;0.601;0.0;0.000;60;0;0;1.809;1.886;1.868;385;409;399;50.01;50.01;50.01;3588;1000;0.0;0;1.0000;0;0
600;2016-07-24 08:40:00;172602N232;1341;1.811;38;224;223;226;224;2.018;49.99;379.3;2.947;402.0;0.569;0.0;0.000;60;0;0;1.955;2.061;2.038;429;460;450;49.99;49.99;49.99;3588;1000;0.0;0;1.0000;0;0
600;2016-07-24 08:50:00;172602N232;1445;2.053;38;224;223;226;223;2.176;50.00;388.2;3.115;403.1;0.601;0.0;0.000;60;0;0;2.115;2.233;2.181;463;499;480;50.00;50.00;50.00;3588;1000;0.0;0;1.0000;0;0
600;2016-07-24 09:00:00;172602N232;1553;2.311;38;224;222;227;223;2.335;49.99;385.9;3.382;408.1;0.626;0.0;0.000;60;0;0;2.259;2.407;2.340;495;540;516;49.99;49.99;49.99;3588;1000;0.0;0;1.0000;0;0
600;2016-07-24 09:10:00;172602N232;1631;2.584;39;224;223;227;223;2.456;50.00;383.6;3.590;412.6;0.639;0.0;0.000;60;0;0;2.384;2.520;2.465;522;563;544;50.00;50.00;50.00;3588;1000;0.0;0;1.0000;0;0
600;2016-07-24 09:20:00;172602N232;1990;2.916;39;224;223;225;224;2.987;50.00;380.6;3.828;265.9;2.152;0.0;0.000;60;0;0;2.931;3.034;2.996;647;676;664;50.00;50.00;50.00;3588;1000;0.0;0;1.0000;0;0
600;2016-07-24 09:30:00;172602N232;2171;3.278;40;223;222;225;223;3.261;49.99;378.2;4.023;278.1;2.456;0.0;0.000;60;0;0;3.185;3.322;3.276;701;742;726;49.99;49.99;49.99;3588;1000;0.0;0;1.0000;0;0
600;2016-07-24 09:40:00;172602N232;2394;3.677;40;226;225;228;225;3.551;50.00;375.5;4.224;269.1;3.178;0.0;0.000;60;0;0;3.478;3.621;3.554;777;820;795;50.00;50.00;50.00;3588;1000;0.0;0;1.0000;0;0
600;2016-07-24 09:50:00;172602N232;2621;4.114;40;226;225;229;225;3.877;50.00;372.7;4.430;288.9;3.537;0.0;0.000;60;0;0;3.805;3.961;3.867;853;901;865;50.00;50.00;50.00;3588;1000;0.0;0;1.0000;0;0
600;2016-07-24 10:00:00;172602N232;2878;4.595;41;226;226;228;226;4.249;49.99;370.0;4.581;302.8;4.070;0.0;0.000;60;0;0;4.185;4.314;4.249;940;980;955;49.99;49.99;49.99;3588;1000;0.0;0;1.0000;0;0
600;2016-07-24 10:10:00;172602N232;3080;5.107;41;227;226;228;226;4.543;50.00;368.2;4.742;305.2;4.560;0.0;0.000;60;0;0;4.486;4.613;4.532;1010;1049;1019;50.00;50.00;50.00;3588;1000;0.0;0;1.0000;0;0
600;2016-07-24 10:20:00;172602N232;3279;5.653;42;226;227;228;225;4.844;49.99;366.1;4.915;326.8;4.712;0.0;0.000;60;0;0;4.814;4.909;4.809;1087;1113;1077;49.99;49.99;49.99;3588;1000;0.0;0;1.0000;0;0
600;2016-07-24 10:30:00;172602N232;3481;6.234;42;227;226;229;226;5.125;50.00;364.7;5.114;335.1;5.009;0.0;0.000;60;0;0;5.043;5.229;5.104;1134;1195;1149;50.00;50.00;50.00;3588;1000;0.0;0;1.0000;0;0
600;2016-07-24 10:40:00;172602N232;3674;6.846;43;227;224;231;226;5.405;50.00;362.3;5.382;338.9;5.287;0.0;0.000;60;0;0;5.270;5.553;5.394;1178;1277;1216;50.00;50.00;50.00;3588;1000;0.0;0;1.0000;0;0
600;2016-07-24 10:50:00;172602N232;3346;7.404;43;227;224;231;225;4.931;49.99;363.5;4.823;350.1;4.713;0.0;0.000;60;0;0;4.811;5.076;4.906;1074;1168;1101;49.99;49.99;49.99;3588;1000;0.0;0;1.0000;0;0
600;2016-07-24 11:00:00;172602N232;3962;8.064;43;227;225;231;225;5.821;50.01;360.1;5.701;354.3;5.593;0.0;0.000;60;0;0;5.708;5.970;5.787;1283;1378;1300;50.01;50.01;50.01;3588;1000;0.0;0;1.0000;0;0
600;2016-07-24 11:10:00;172602N232;3864;8.709;43;227;225;231;225;5.682;49.99;357.5;5.566;357.6;5.438;0.0;0.000;60;0;0;5.579;5.831;5.638;1253;1343;1267;49.99;49.99;49.99;3588;1000;0.0;0;1.0000;0;0
600;2016-07-24 11:20:00;172602N232;3855;9.351;44;227;225;231;225;5.665;49.99;360.5;5.477;361.1;5.396;0.0;0.000;60;0;0;5.554;5.820;5.621;1247;1342;1264;49.99;49.99;49.99;3588;1000;0.0;0;1.0000;0;0
600;2016-07-24 11:30:00;172602N232;4141;10.043;44;227;225;231;225;6.085;50.00;357.4;5.942;356.8;5.871;0.0;0.000;60;0;0;5.968;6.259;6.030;1339;1445;1355;50.00;50.00;50.00;3588;1000;0.0;0;1.0000;0;0
600;2016-07-24 11:40:00;172602N232;3898;10.692;44;227;224;231;225;5.734;49.99;356.7;5.597;355.8;5.547;0.0;0.000;60;0;0;5.613;5.899;5.691;1256;1361;1278;49.99;49.99;49.99;3588;1000;0.0;0;1.0000;0;0
600;2016-07-24 11:50:00;172602N232;3565;11.287;45;227;226;230;225;5.247;49.99;361.5;5.045;360.1;5.006;0.0;0.000;60;0;0;5.164;5.373;5.206;1161;1233;1169;49.99;49.99;49.99;3588;1000;0.0;0;1.0000;0;0
600;2016-07-24 12:00:00;172602N232;4419;12.023;45;227;227;230;226;6.481;49.97;357.3;6.335;355.1;6.306;0.0;0.000;60;0;0;6.423;6.599;6.423;1452;1517;1448;49.97;49.97;49.97;3588;1000;0.0;0;1.0000;0;0
600;2016-07-24 12:10:00;172602N232;4357;12.749;45;227;225;232;225;6.390;49.98;353.3;6.326;350.4;6.298;0.0;0.000;60;0;0;6.256;6.579;6.337;1404;1524;1427;49.98;49.98;49.98;3588;1000;0.0;0;1.0000;0;0
600;2016-07-24 12:20:00;172602N232;4400;13.482;45;227;226;232;224;6.453;49.99;353.3;6.387;350.6;6.362;0.0;0.000;60;0;0;6.352;6.646;6.363;1432;1540;1426;49.99;49.99;49.99;3588;1000;0.0;0;1.0000;0;0
600;2016-07-24 12:30:00;172602N232;4447;14.224;46;227;226;231;225;6.532;49.99;352.1;6.476;349.4;6.454;0.0;0.000;60;0;0;6.432;6.700;6.464;1448;1545;1451;49.99;49.99;49.99;3588;1000;0.0;0;1.0000;0;0
600;2016-07-24 12:40:00;172602N232;4437;14.964;46;227;225;231;225;6.519;50.00;351.5;6.464;349.5;6.446;0.0;0.000;60;0;0;6.410;6.676;6.472;1441;1537;1457;50.00;50.00;50.00;3588;1000;0.0;0;1.0000;0;0
600;2016-07-24 12:50:00;172602N232;4414;15.699;46;227;226;231;225;6.482;50.00;351.0;6.440;349.1;6.422;0.0;0.000;60;0;0;6.390;6.624;6.432;1440;1525;1448;50.00;50.00;50.00;3588;1000;0.0;0;1.0000;0;0
600;2016-07-24 13:00:00;172602N232;4412;16.435;46;227;226;231;226;6.474;49.99;351.0;6.434;349.1;6.420;0.0;0.000;60;0;0;6.381;6.631;6.411;1438;1528;1445;49.99;49.99;49.99;3588;1000;0.0;0;1.0000;0;0
600;2016-07-24 13:10:00;172602N232;4474;17.181;47;228;227;231;225;6.556;50.01;349.5;6.560;346.8;6.550;0.0;0.000;60;0;0;6.488;6.702;6.479;1469;1545;1458;50.01;50.01;50.01;3588;1000;0.0;0;1.0000;0;0
600;2016-07-24 13:20:00;172602N232;4458;17.924;47;228;227;231;225;6.532;49.99;348.4;6.554;346.0;6.546;0.0;0.000;60;0;0;6.463;6.694;6.439;1464;1545;1447;49.99;49.99;49.99;3588;1000;0.0;0;1.0000;0;0
600;2016-07-24 13:30:00;172602N232;4489;18.673;47;228;227;232;225;6.571;49.98;348.3;6.608;345.3;6.600;0.0;0.000;60;0;0;6.484;6.761;6.468;1467;1565;1455;49.98;49.98;49.98;3588;1000;0.0;0;1.0000;0;0
600;2016-07-24 13:40:00;172602N232;4480;19.419;47;228;226;232;225;6.559;50.00;347.3;6.613;344.3;6.605;0.0;0.000;60;0;0;6.457;6.739;6.483;1459;1560;1459;50.00;50.00;50.00;3588;1000;0.0;0;1.0000;0;0
600;2016-07-24 13:50:00;172602N232;4423;20.155;47;228;227;232;225;6.472;50.00;348.8;6.505;345.1;6.501;0.0;0.000;60;0;0;6.386;6.640;6.390;1446;1537;1438;50.00;50.00;50.00;3588;1000;0.0;0;1.0000;0;0
600;2016-07-24 14:00:00;172602N232;4438;20.896;48;228;227;232;225;6.496;49.99;350.2;6.503;346.2;6.499;0.0;0.000;60;0;0;6.419;6.686;6.384;1456;1549;1431;49.99;49.99;49.99;3588;1000;0.0;0;1.0000;0;0
600;2016-07-24 14:10:00;172602N232;4321;21.616;48;228;227;231;225;6.330;50.00;350.1;6.325;347.0;6.319;0.0;0.000;60;0;0;6.257;6.479;6.255;1416;1496;1408;50.00;50.00;50.00;3588;1000;0.0;0;1.0000;0;0
600;2016-07-24 14:20:00;172602N232;4255;22.326;48;228;227;231;225;6.232;50.01;350.2;6.234;347.0;6.218;0.0;0.000;60;0;0;6.146;6.380;6.170;1390;1475;1389;50.01;50.01;50.01;3588;1000;0.0;0;1.0000;0;0
600;2016-07-24 14:30:00;172602N232;4164;23.020;48;228;227;231;226;6.104;50.01;353.3;6.039;349.3;6.041;0.0;0.000;60;0;0;6.026;6.231;6.056;1362;1435;1364;50.01;50.01;50.01;3588;1000;0.0;0;1.0000;0;0
600;2016-07-24 14:40:00;172602N232;4236;23.726;48;228;227;231;225;6.207;50.00;353.2;6.147;349.6;6.140;0.0;0.000;60;0;0;6.140;6.349;6.132;1392;1462;1379;50.00;50.00;50.00;3588;1000;0.0;0;1.0000;0;0
600;2016-07-24 14:50:00;172602N232;4189;24.425;48;228;227;231;225;6.145;49.99;356.5;6.023;352.6;6.015;0.0;0.000;60;0;0;6.069;6.318;6.049;1373;1458;1356;49.99;49.99;49.99;3588;1000;0.0;0;1.0000;0;0
600;2016-07-24 15:00:00;172602N232;4185;25.122;48;228;227;231;225;6.139;49.99;355.8;6.022;352.6;6.016;0.0;0.000;60;0;0;6.077;6.286;6.054;1376;1447;1360;49.99;49.99;49.99;3588;1000;0.0;0;1.0000;0;0
600;2016-07-24 15:10:00;172602N232;4076;25.802;48;228;227;231;225;5.973;49.99;355.1;5.877;351.6;5.875;0.0;0.000;60;0;0;5.900;6.127;5.893;1337;1413;1324;49.99;49.99;49.99;3588;1000;0.0;0;1.0000;0;0
600;2016-07-24 15:20:00;172602N232;4044;26.475;48;228;227;231;226;5.929;49.99;357.9;5.786;354.2;5.782;0.0;0.000;60;0;0;5.856;6.067;5.865;1324;1398;1320;49.99;49.99;49.99;3588;1000;0.0;0;1.0000;0;0
600;2016-07-24 15:30:00;172602N232;3970;27.138;48;228;227;231;225;5.822;50.00;360.5;5.638;356.4;5.639;0.0;0.000;60;0;0;5.741;5.960;5.765;1297;1375;1296;50.00;50.00;50.00;3588;1000;0.0;0;1.0000;0;0
600;2016-07-24 15:40:00;172602N232;3736;27.761;48;227;226;230;225;5.493;49.99;362.4;5.268;358.7;5.274;0.0;0.000;60;0;0;5.422;5.624;5.433;1222;1292;1219;49.99;49.99;49.99;3588;1000;0.0;0;1.0000;0;0
600;2016-07-24 15:50:00;172602N232;3308;28.312;48;227;226;229;225;4.874;49.98;367.5;4.589;363.8;4.603;0.0;0.000;60;0;0;4.808;4.976;4.839;1082;1139;1085;49.98;49.98;49.98;3588;1000;0.0;0;1.0000;0;0
600;2016-07-24 16:00:00;172602N232;3339;28.869;48;227;227;230;225;4.909;49.99;378.5;4.457;366.6;4.650;0.0;0.000;60;0;0;4.858;5.008;4.863;1098;1147;1092;49.99;49.99;49.99;3588;1000;0.0;0;1.0000;0;0
600;2016-07-24 16:10:00;172602N232;3313;29.421;48;228;227;231;226;4.850;50.00;360.1;4.627;366.6;4.635;0.0;0.000;60;0;0;4.787;4.952;4.812;1085;1141;1085;50.00;50.00;50.00;3588;1000;0.0;0;1.0000;0;0
600;2016-07-24 16:20:00;172602N232;3591;30.019;48;229;227;232;226;5.247;50.01;358.7;5.040;365.8;5.042;0.0;0.000;60;0;0;5.174;5.367;5.200;1173;1241;1175;50.01;50.01;50.01;3588;1000;0.0;0;1.0000;0;0
600;2016-07-24 16:30:00;172602N232;3414;30.589;47;228;226;231;226;5.011;50.01;357.3;4.810;364.2;4.812;0.0;0.000;60;0;0;4.924;5.135;4.976;1108;1184;1120;50.01;50.01;50.01;3588;1000;0.0;0;1.0000;0;0
600;2016-07-24 16:40:00;172602N232;3107;31.107;47;226;224;230;224;4.593;49.99;361.2;4.322;368.4;4.323;0.0;0.000;60;0;0;4.507;4.731;4.543;1007;1084;1013;49.99;49.99;49.99;3588;1000;0.0;0;1.0000;0;0
600;2016-07-24 16:50:00;172602N232;2951;31.598;47;226;224;229;223;4.368;49.98;363.0;4.082;369.5;4.091;0.0;0.000;60;0;0;4.286;4.498;4.320;958;1028;962;49.98;49.98;49.98;3588;1000;0.0;0;1.0000;0;0
600;2016-07-24 17:00:00;172602N232;2660;32.043;47;226;224;229;223;3.944;49.99;365.7;3.649;372.4;3.657;0.0;0.000;60;0;0;3.873;4.052;3.909;865;923;870;49.99;49.99;49.99;3588;1000;0.0;0;1.0000;0;0
600;2016-07-24 17:10:00;172602N232;2738;32.500;47;225;225;228;223;4.060;49.99;366.1;3.750;372.7;3.763;0.0;0.000;60;0;0;4.009;4.147;4.025;899;942;895;49.99;49.99;49.99;3588;1000;0.0;0;1.0000;0;0
600;2016-07-24 17:20:00;172602N232;2605;32.933;47;226;226;229;224;3.857;50.00;375.2;3.456;373.8;3.592;0.0;0.000;60;0;0;3.805;3.944;3.822;854;897;851;50.00;50.00;50.00;3588;1000;0.0;0;1.0000;0;0
600;2016-07-24 17:30:00;172602N232;2416;33.337;46;226;225;229;223;3.586;50.01;361.9;3.308;381.1;3.281;0.0;0.000;60;0;0;3.526;3.674;3.559;790;835;789;50.01;50.01;50.01;3588;1000;0.0;0;1.0000;0;0
600;2016-07-24 17:40:00;172602N232;2258;33.713;46;225;225;228;223;3.354;50.01;360.4;3.142;391.5;2.944;0.0;0.000;60;0;0;3.292;3.437;3.334;737;781;739;50.01;50.01;50.01;3588;1000;0.0;0;1.0000;0;0
600;2016-07-24 17:50:00;172602N232;2136;34.069;46;225;225;228;223;3.172;50.00;362.6;2.949;369.8;2.956;0.0;0.000;60;0;0;3.109;3.250;3.158;694;738;702;50.00;50.00;50.00;3588;1000;0.0;0;1.0000;0;0
600;2016-07-24 18:00:00;172602N232;1971;34.398;46;225;224;228;224;2.934;49.99;364.9;2.697;370.2;2.727;0.0;0.000;60;0;0;2.872;3.003;2.928;640;679;650;49.99;49.99;49.99;3588;1000;0.0;0;1.0000;0;0
600;2016-07-24 18:10:00;172602N232;1735;34.687;45;225;225;227;223;2.585;49.99;363.1;2.348;370.7;2.429;0.0;0.000;60;0;0;2.533;2.645;2.578;565;596;572;49.99;49.99;49.99;3588;1000;0.0;0;1.0000;0;0
600;2016-07-24 18:20:00;172602N232;1602;34.954;45;225;224;227;223;2.392;49.99;355.9;2.210;372.6;2.231;0.0;0.000;60;0;0;2.329;2.454;2.394;516;553;530;49.99;49.99;49.99;3588;1000;0.0;0;1.0000;0;0
600;2016-07-24 18:30:00;172602N232;1455;35.197;45;225;225;227;223;2.170;50.00;357.9;1.992;373.8;2.021;0.0;0.000;60;0;0;2.115;2.229;2.166;471;503;479;50.00;50.00;50.00;3588;1000;0.0;0;1.0000;0;0
600;2016-07-24 18:40:00;172602N232;1246;35.405;45;224;224;226;222;1.931;50.00;356.9;1.682;375.2;1.746;0.0;0.000;60;0;0;1.904;1.958;1.932;403;428;413;50.00;50.00;50.00;3588;1000;0.0;0;1.0000;0;0
600;2016-07-24 18:50:00;172602N232;1103;35.589;44;224;224;225;223;1.687;50.00;351.2;1.509;376.1;1.546;0.0;0.000;60;0;0;1.656;1.720;1.686;359;378;365;50.00;50.00;50.00;3588;1000;0.0;0;1.0000;0;0
600;2016-07-24 19:00:00;172602N232;872;35.734;44;224;225;224;222;1.329;49.99;341.0;1.208;375.5;1.236;0.0;0.000;60;0;0;1.289;1.365;1.333;282;299;289;49.99;49.99;49.99;3588;1000;0.0;0;1.0000;0;0
600;2016-07-24 19:10:00;172602N232;684;35.848;44;224;225;224;223;1.054;49.98;337.3;0.941;375.6;0.983;0.0;0.000;60;0;0;1.011;1.092;1.060;218;236;228;49.98;49.98;49.98;3588;1000;0.0;0;1.0000;0;0
600;2016-07-24 19:20:00;172602N232;518;35.936;44;225;224;227;223;0.975;49.99;324.7;0.717;373.8;0.756;0.0;0.000;60;0;0;0.949;1.031;0.946;160;182;175;49.99;49.99;49.99;3588;1000;0.0;0;1.0000;0;0
600;2016-07-24 19:30:00;172602N232;419;36.004;44;225;224;227;223;0.718;50.01;310.9;0.590;376.8;0.624;0.0;0.000;60;0;0;0.664;0.770;0.721;124;152;141;50.01;50.01;50.01;3588;1000;0.0;0;1.0000;0;0
600;2016-07-24 19:40:00;172602N232;306;36.056;44;225;225;225;224;1.132;50.00;288.9;0.439;366.9;0.479;0.0;0.000;60;0;0;1.206;1.206;0.986;80;118;106;50.00;50.00;50.00;3588;1000;0.0;0;1.0000;0;0
600;2016-07-24 19:50:00;172602N232;188;36.088;43;225;225;225;224;0.989;49.99;347.5;0.215;362.8;0.290;0.0;0.000;60;0;0;1.187;0.980;0.802;34;83;70;49.99;49.99;49.99;3588;1000;0.0;0;1.0000;0;0
600;2016-07-24 20:00:00;172602N232;171;36.116;43;224;224;224;225;0.892;49.99;365.9;0.181;364.2;0.256;0.0;0.000;60;0;0;0.744;1.115;0.818;37;88;44;49.99;49.99;49.99;3588;1000;0.0;0;1.0000;0;0
600;2016-07-24 20:10:00;172602N232;137;36.140;43;224;224;225;224;0.871;49.98;359.7;0.155;381.1;0.180;0.0;0.000;60;0;0;0.786;1.139;0.690;22;57;56;49.98;49.98;49.98;3588;1000;0.0;0;1.0000;0;0
600;2016-07-24 20:20:00;172602N232;99;36.156;43;225;223;227;224;0.869;49.99;343.5;0.118;365.3;0.128;0.0;0.000;60;0;0;0.698;1.257;0.652;39;5;54;49.99;49.99;49.99;3588;1000;0.0;0;1.0000;0;0
600;2016-07-24 20:30:00;172602N232;72;36.169;43;225;224;227;223;0.794;49.99;342.7;0.083;358.3;0.089;0.0;0.000;60;0;0;0.634;1.140;0.609;26;1;50;49.99;49.99;49.99;3588;1000;0.0;0;1.0000;0;0
600;2016-07-24 20:40:00;172602N232;49;36.177;42;225;224;227;224;0.672;49.99;329.9;0.051;350.1;0.056;0.0;0.000;60;0;0;0.542;1.005;0.471;23;0;36;49.99;49.99;49.99;3588;1000;0.0;0;1.0000;0;0
600;2016-07-24 20:50:00;172602N232;17;36.180;42;225;225;226;224;0.425;49.99;280.1;0.012;292.2;0.016;0.0;0.000;60;0;0;0.499;0.493;0.285;6;3;17;49.99;49.99;49.99;3588;1000;0.0;0;1.0000;0;0
600;2016-07-24 21:00:00;172602N232;0;36.180;42;225;225;227;224;0.078;49.99;256.5;0.000;256.5;0.000;0.0;0.000;50;0;0;0.092;0.093;0.049;1;0;2;49.99;49.99;49.99;3588;1000;0.0;0;1.0000;0;0
600;2016-07-24 21:10:00;172602N232;0;36.180;41;225;225;228;223;0.000;50.00;273.0;0.000;272.3;0.000;0.0;0.000;50;0;0;0.000;0.000;0.000;0;0;0;50.00;50.00;50.00;3588;1000;0.0;0;1.0000;0;0
600;2016-07-24 21:20:00;172602N232;0;36.180;40;225;224;228;222;0.000;50.00;228.6;0.000;229.5;0.000;0.0;0.000;50;0;0;0.000;0.000;0.000;0;0;0;50.00;50.00;50.00;3588;1000;0.0;0;1.0000;0;0
600;2016-07-24 21:30:00;172602N232;0;36.180;40;225;224;228;223;0.000;49.98;229.0;0.000;229.9;0.000;0.0;0.000;50;0;0;0.000;0.000;0.000;0;0;0;49.98;49.98;49.98;3588;1000;0.0;0;1.0000;0;0
[wr_ende]
