20140211;230003;172602N232;My Plant;+0100
[wr_def_start]
172602N232;Inverter Type;Inverter Group;72602N232      
[wr_def_end]
[wr]
INTERVAL;TIMESTAMP;SERIAL;P_AC;E_DAY;T_WR;U_AC;U_AC_1;U_AC_2;U_AC_3;I_AC;F_AC;U_DC_1;I_DC_1;U_DC_2;I_DC_2;U_DC_3;I_DC_3;S;E_WR;M_WR;I_AC_1;I_AC_2;I_AC_3;P_AC_1;P_AC_2;P_AC_3;F_AC_1;F_AC_2;F_AC_3;R_DC;PC;PCS;PCS_LL;COS_PHI;COS_PHI_LL;S_COS_PHI
600;2014-02-11 07:20:00;172602N232;0;0.000;0;3;3;3;3;0.000;0.76;3.4;0.000;3.4;0.000;0.0;0.000;50;0;0;0.000;0.000;0.000;0;0;0;0.76;0.76;0.76;101;1000;0.0;0;1.0000;0;0
600;2014-02-11 07:30:00;172602N232;0;0.000;14;223;224;226;220;0.000;49.97;229.0;0.000;229.9;0.000;0.0;0.000;50;0;0;0.000;0.000;0.000;0;0;0;49.97;49.97;49.97;0;1000;0.0;0;1.0000;0;0
600;2014-02-11 07:40:00;172602N232;0;0.000;16;222;223;224;219;0.000;49.98;232.6;0.000;233.5;0.000;0.0;0.000;50;0;0;0.000;0.000;0.000;0;0;0;49.98;49.98;49.98;0;1000;0.0;0;1.0000;0;0
600;2014-02-11 07:50:00;172602N232;0;0.000;16;222;223;224;220;0.002;50.00;280.9;0.000;280.8;0.000;0.0;0.000;60;0;0;0.003;0.002;0.002;0;0;0;50.00;50.00;50.00;2351;1000;0.0;0;1.0000;0;0
600;2014-02-11 08:00:00;172602N232;9;0.001;17;226;227;227;224;0.213;49.99;295.9;0.002;302.7;0.005;0.0;0.000;60;0;0;0.313;0.196;0.131;1;4;8;49.99;49.99;49.99;5243;1000;0.0;0;1.0000;0;0
600;2014-02-11 08:10:00;172602N232;45;0.010;17;226;227;227;225;0.606;49.99;369.2;0.037;381.2;0.039;0.0;0.000;60;0;0;0.785;0.602;0.432;0;22;31;49.99;49.99;49.99;5348;1000;0.0;0;1.0000;0;0
600;2014-02-11 08:20:00;172602N232;83;0.029;18;226;228;227;224;0.963;49.99;400.8;0.083;406.0;0.085;0.0;0.000;60;0;0;1.482;0.719;0.689;0;53;55;49.99;49.99;49.99;5348;1000;0.0;0;1.0000;0;0
600;2014-02-11 08:30:00;172602N232;114;0.049;18;226;228;228;224;1.008;49.98;412.8;0.118;413.2;0.121;0.0;0.000;60;0;0;1.479;0.805;0.742;0;53;68;49.98;49.98;49.98;5348;1000;0.0;0;1.0000;0;0
600;2014-02-11 08:40:00;172602N232;152;0.074;19;226;227;227;224;1.012;49.99;421.8;0.160;419.8;0.163;0.0;0.000;60;0;0;1.262;0.996;0.780;6;68;77;49.99;49.99;49.99;5348;1000;0.0;0;1.0000;0;0
600;2014-02-11 08:50:00;172602N232;192;0.103;19;226;227;228;225;1.041;50.00;423.3;0.208;425.1;0.208;0.0;0.000;60;0;0;1.105;1.226;0.793;19;80;91;50.00;50.00;50.00;5348;1000;0.0;0;1.0000;0;0
600;2014-02-11 09:00:00;172602N232;251;0.141;20;223;223;224;222;1.073;50.00;430.0;0.275;429.5;0.274;0.0;0.000;60;0;0;1.133;1.201;0.886;62;97;90;50.00;50.00;50.00;5348;1000;0.0;0;1.0000;0;0
600;2014-02-11 09:10:00;172602N232;281;0.188;20;222;222;223;221;1.118;49.99;433.9;0.307;431.3;0.309;0.0;0.000;60;0;0;1.206;1.192;0.957;81;110;88;49.99;49.99;49.99;5348;1000;0.0;0;1.0000;0;0
600;2014-02-11 09:20:00;172602N232;345;0.247;21;222;221;223;222;1.136;49.99;435.4;0.381;433.5;0.382;0.0;0.000;60;0;0;1.101;1.210;1.099;106;118;119;49.99;49.99;49.99;5348;1000;0.0;0;1.0000;0;0
600;2014-02-11 09:30:00;172602N232;464;0.324;21;221;220;223;220;0.821;49.99;440.4;0.516;437.5;0.516;0.0;0.000;60;0;0;0.780;0.863;0.820;143;165;155;49.99;49.99;49.99;5348;1000;0.0;0;1.0000;0;0
600;2014-02-11 09:40:00;172602N232;480;0.404;22;222;220;225;221;0.770;49.99;440.2;0.533;436.3;0.537;0.0;0.000;60;0;0;0.708;0.819;0.783;145;171;162;49.99;49.99;49.99;5348;1000;0.0;0;1.0000;0;0
600;2014-02-11 09:50:00;172602N232;476;0.483;23;222;221;225;221;0.814;50.00;442.1;0.525;435.2;0.534;0.0;0.000;60;0;0;0.761;0.865;0.818;145;170;159;50.00;50.00;50.00;5348;1000;0.0;0;1.0000;0;0
600;2014-02-11 10:00:00;172602N232;590;0.581;23;222;222;224;219;0.983;50.01;443.2;0.657;437.4;0.661;0.0;0.000;60;0;0;0.948;1.032;0.970;187;208;194;50.01;50.01;50.01;5348;1000;0.0;0;1.0000;0;0
600;2014-02-11 10:10:00;172602N232;949;0.740;24;222;222;223;221;1.472;50.00;445.2;1.076;446.0;1.042;0.0;0.000;60;0;0;1.427;1.506;1.485;303;326;318;50.00;50.00;50.00;5348;1000;0.0;0;1.0000;0;0
600;2014-02-11 10:20:00;172602N232;1142;0.931;24;222;221;224;222;1.752;49.99;442.2;1.314;446.8;1.245;0.0;0.000;60;0;0;1.699;1.794;1.763;366;393;381;49.99;49.99;49.99;5348;1000;0.0;0;1.0000;0;0
600;2014-02-11 10:30:00;172602N232;1022;1.102;25;222;221;224;221;1.584;50.00;437.4;1.176;442.4;1.133;0.0;0.000;60;0;0;1.533;1.624;1.597;325;353;342;50.00;50.00;50.00;5348;1000;0.0;0;1.0000;0;0
600;2014-02-11 10:40:00;172602N232;947;1.260;25;222;222;224;221;1.517;50.01;436.7;1.086;437.2;1.068;0.0;0.000;60;0;0;1.534;1.515;1.504;307;323;316;50.01;50.01;50.01;5348;1000;0.0;0;1.0000;0;0
600;2014-02-11 10:50:00;172602N232;725;1.380;26;222;221;223;221;1.177;49.99;437.4;0.825;432.5;0.825;0.0;0.000;60;0;0;1.171;1.189;1.173;231;249;243;49.99;49.99;49.99;5348;1000;0.0;0;1.0000;0;0
600;2014-02-11 11:00:00;172602N232;772;1.509;26;222;221;224;221;1.201;49.99;440.0;0.870;432.1;0.884;0.0;0.000;60;0;0;1.144;1.245;1.215;242;269;259;49.99;49.99;49.99;5348;1000;0.0;0;1.0000;0;0
600;2014-02-11 11:10:00;172602N232;705;1.626;26;222;222;224;222;1.164;49.99;438.0;0.793;430.0;0.813;0.0;0.000;60;0;0;1.169;1.179;1.145;222;244;237;49.99;49.99;49.99;5348;1000;0.0;0;1.0000;0;0
600;2014-02-11 11:20:00;172602N232;623;1.731;27;222;222;222;222;1.086;49.99;439.1;0.695;428.9;0.720;0.0;0.000;60;0;0;1.121;1.110;1.029;190;221;210;49.99;49.99;49.99;5348;1000;0.0;0;1.0000;0;0
600;2014-02-11 11:30:00;172602N232;453;1.805;27;222;221;222;222;0.899;49.99;433.1;0.506;424.7;0.522;0.0;0.000;60;0;0;0.873;0.932;0.892;138;165;147;49.99;49.99;49.99;5348;1000;0.0;0;1.0000;0;0
600;2014-02-11 11:40:00;172602N232;502;1.890;27;223;221;225;223;0.828;49.99;435.5;0.561;427.1;0.580;0.0;0.000;60;0;0;0.767;0.875;0.842;152;178;170;49.99;49.99;49.99;5348;1000;0.0;0;1.0000;0;0
600;2014-02-11 11:50:00;172602N232;334;1.945;27;221;219;223;220;1.077;49.97;426.7;0.372;420.0;0.384;0.0;0.000;60;0;0;1.072;1.241;0.919;103;113;116;49.97;49.97;49.97;5348;1000;0.0;0;1.0000;0;0
600;2014-02-11 12:00:00;172602N232;287;1.994;27;220;219;223;220;1.134;49.99;425.2;0.318;419.3;0.327;0.0;0.000;60;0;0;1.123;1.353;0.928;93;93;99;49.99;49.99;49.99;5348;1000;0.0;0;1.0000;0;0
600;2014-02-11 12:10:00;172602N232;258;2.038;27;220;219;222;219;1.104;49.99;422.0;0.286;415.9;0.295;0.0;0.000;60;0;0;1.037;1.313;0.963;76;82;98;49.99;49.99;49.99;5348;1000;0.0;0;1.0000;0;0
600;2014-02-11 12:20:00;172602N232;359;2.098;27;223;222;224;223;1.123;49.98;428.8;0.400;421.0;0.413;0.0;0.000;60;0;0;1.126;1.200;1.043;112;127;118;49.98;49.98;49.98;5348;1000;0.0;0;1.0000;0;0
600;2014-02-11 12:30:00;172602N232;611;2.199;26;224;223;225;223;1.065;50.01;440.6;0.677;430.6;0.703;0.0;0.000;60;0;0;0.903;1.179;1.114;184;218;206;50.01;50.01;50.01;5348;1000;0.0;0;1.0000;0;0
600;2014-02-11 12:40:00;172602N232;623;2.303;27;223;224;224;222;1.021;50.01;437.4;0.698;430.6;0.717;0.0;0.000;60;0;0;0.992;1.055;1.017;197;217;208;50.01;50.01;50.01;5348;1000;0.0;0;1.0000;0;0
600;2014-02-11 12:50:00;172602N232;637;2.409;27;224;225;226;223;0.990;49.99;434.1;0.720;427.9;0.736;0.0;0.000;60;0;0;0.942;1.032;0.996;200;223;212;49.99;49.99;49.99;5348;1000;0.0;0;1.0000;0;0
600;2014-02-11 13:00:00;172602N232;534;2.499;27;224;224;225;223;0.838;50.00;433.5;0.601;424.3;0.622;0.0;0.000;60;0;0;0.789;0.875;0.851;165;187;180;50.00;50.00;50.00;5348;1000;0.0;0;1.0000;0;0
600;2014-02-11 13:10:00;172602N232;390;2.564;27;223;223;224;223;1.104;50.00;424.0;0.442;419.6;0.454;0.0;0.000;60;0;0;1.150;1.108;1.054;126;136;127;50.00;50.00;50.00;5348;1000;0.0;0;1.0000;0;0
600;2014-02-11 13:20:00;172602N232;534;2.653;27;224;224;226;223;1.100;49.98;429.9;0.603;424.9;0.617;0.0;0.000;60;0;0;1.107;1.116;1.078;168;186;178;49.98;49.98;49.98;5348;1000;0.0;0;1.0000;0;0
600;2014-02-11 13:30:00;172602N232;376;2.716;27;224;224;225;224;1.086;50.00;426.6;0.423;418.6;0.437;0.0;0.000;60;0;0;1.079;1.136;1.045;115;132;127;50.00;50.00;50.00;5348;1000;0.0;0;1.0000;0;0
600;2014-02-11 13:40:00;172602N232;797;2.849;27;225;224;226;224;1.231;50.01;437.7;0.896;428.7;0.925;0.0;0.000;60;0;0;1.174;1.277;1.243;251;276;268;50.01;50.01;50.01;5348;1000;0.0;0;1.0000;0;0
600;2014-02-11 13:50:00;172602N232;1213;3.050;27;224;224;227;222;1.838;49.98;433.6;1.400;430.3;1.401;0.0;0.000;60;0;0;1.787;1.895;1.832;389;423;399;49.98;49.98;49.98;5348;1000;0.0;0;1.0000;0;0
600;2014-02-11 14:00:00;172602N232;736;3.174;27;223;222;227;220;1.155;49.95;432.2;0.840;425.0;0.859;0.0;0.000;60;0;0;1.097;1.210;1.160;232;260;243;49.95;49.95;49.95;5348;1000;0.0;0;1.0000;0;0
600;2014-02-11 14:10:00;172602N232;441;3.247;27;223;223;226;222;0.901;49.95;424.7;0.503;418.3;0.516;0.0;0.000;60;0;0;0.889;0.963;0.851;140;155;144;49.95;49.95;49.95;5348;1000;0.0;0;1.0000;0;0
600;2014-02-11 14:20:00;172602N232;300;3.298;28;224;223;225;223;1.122;49.95;416.3;0.340;413.4;0.350;0.0;0.000;60;0;0;1.149;1.210;1.008;88;106;104;49.95;49.95;49.95;5348;1000;0.0;0;1.0000;0;0
600;2014-02-11 14:30:00;172602N232;415;3.367;27;224;224;224;223;1.105;49.98;432.1;0.461;421.2;0.484;0.0;0.000;60;0;0;1.118;1.137;1.062;123;151;139;49.98;49.98;49.98;5348;1000;0.0;0;1.0000;0;0
600;2014-02-11 14:40:00;172602N232;522;3.455;27;224;224;226;224;0.826;49.99;432.3;0.588;424.4;0.608;0.0;0.000;60;0;0;0.771;0.867;0.842;160;183;177;49.99;49.99;49.99;5348;1000;0.0;0;1.0000;0;0
600;2014-02-11 14:50:00;172602N232;330;3.510;27;224;224;225;223;0.971;49.98;422.0;0.370;414.6;0.383;0.0;0.000;60;0;0;0.999;0.991;0.924;87;120;121;49.98;49.98;49.98;5348;1000;0.0;0;1.0000;0;0
600;2014-02-11 15:00:00;172602N232;249;3.551;27;224;225;226;221;1.163;49.97;417.8;0.278;412.0;0.287;0.0;0.000;60;0;0;1.396;1.211;0.883;44;104;100;49.97;49.97;49.97;5348;1000;0.0;0;1.0000;0;0
600;2014-02-11 15:10:00;172602N232;112;3.570;27;224;224;226;223;0.959;49.98;395.0;0.121;392.8;0.126;0.0;0.000;60;0;0;0.947;1.184;0.746;22;24;66;49.98;49.98;49.98;5348;1000;0.0;0;1.0000;0;0
600;2014-02-11 15:20:00;172602N232;80;3.583;27;224;224;226;224;0.883;49.97;383.3;0.084;387.4;0.088;0.0;0.000;60;0;0;0.817;1.142;0.691;19;8;53;49.97;49.97;49.97;5348;1000;0.0;0;1.0000;0;0
600;2014-02-11 15:30:00;172602N232;280;3.630;27;225;225;225;224;1.056;49.97;409.4;0.319;413.7;0.319;0.0;0.000;60;0;0;1.257;0.982;0.929;76;112;90;49.97;49.97;49.97;5348;1000;0.0;0;1.0000;0;0
600;2014-02-11 15:40:00;172602N232;302;3.680;27;225;225;226;225;0.944;49.98;413.2;0.335;408.5;0.347;0.0;0.000;60;0;0;0.894;1.101;0.839;90;97;114;49.98;49.98;49.98;5348;1000;0.0;0;1.0000;0;0
600;2014-02-11 15:50:00;172602N232;72;3.692;27;225;226;226;225;0.904;50.00;377.9;0.076;377.1;0.082;0.0;0.000;60;0;0;1.077;0.886;0.750;2;33;41;50.00;50.00;50.00;5348;1000;0.0;0;1.0000;0;0
600;2014-02-11 16:00:00;172602N232;64;3.704;26;225;225;225;225;0.761;49.99;375.7;0.063;378.7;0.069;0.0;0.000;60;0;0;0.940;0.635;0.710;5;39;21;49.99;49.99;49.99;5348;1000;0.0;0;1.0000;0;0
600;2014-02-11 16:10:00;172602N232;57;3.714;26;224;224;223;225;0.671;49.98;370.2;0.055;378.4;0.059;0.0;0.000;60;0;0;0.610;0.603;0.801;21;34;7;49.98;49.98;49.98;5348;1000;0.0;0;1.0000;0;0
600;2014-02-11 16:20:00;172602N232;40;3.720;26;223;223;223;225;0.507;49.98;343.2;0.034;361.8;0.038;0.0;0.000;60;0;0;0.439;0.523;0.561;15;28;6;49.98;49.98;49.98;5348;1000;0.0;0;1.0000;0;0
600;2014-02-11 16:30:00;172602N232;26;3.726;26;223;223;222;224;0.414;49.98;312.6;0.018;329.4;0.023;0.0;0.000;60;0;0;0.421;0.396;0.426;6;26;4;49.98;49.98;49.98;5348;1000;0.0;0;1.0000;0;0
600;2014-02-11 16:40:00;172602N232;0;3.725;25;223;223;224;222;0.046;49.97;257.5;0.000;259.2;0.000;0.0;0.000;50;0;0;0.061;0.046;0.033;0;2;0;49.97;49.97;49.97;5348;1000;0.0;0;1.0000;0;0
600;2014-02-11 16:50:00;172602N232;0;3.725;24;222;222;225;219;0.000;50.02;232.2;0.000;233.1;0.000;0.0;0.000;50;0;0;0.000;0.000;0.000;0;0;0;50.02;50.02;50.02;5348;1000;0.0;0;1.0000;0;0
600;2014-02-11 17:00:00;172602N232;0;3.725;23;221;222;224;219;0.000;49.98;227.6;0.000;228.6;0.000;0.0;0.000;50;0;0;0.000;0.000;0.000;0;0;0;49.98;49.98;49.98;5348;1000;0.0;0;1.0000;0;0
600;2014-02-11 17:10:00;172602N232;0;3.725;22;220;220;224;217;0.000;49.97;227.3;0.000;228.2;0.000;0.0;0.000;50;0;0;0.000;0.000;0.000;0;0;0;49.97;49.97;49.97;5348;1000;0.0;0;1.0000;0;0
600;2014-02-11 17:20:00;172602N232;0;3.725;22;219;218;222;216;0.000;49.98;227.3;0.000;228.3;0.000;0.0;0.000;50;0;0;0.000;0.000;0.000;0;0;0;49.98;49.98;49.98;5348;1000;0.0;0;1.0000;0;0
[wr_ende]
