20160829;230001;172602N232;My Plant;+0100
[wr_def_start]
172602N232;Inverter Type;Inverter Group;72602N232      
[wr_def_end]
[wr]
INTERVAL;TIMESTAMP;SERIAL;P_AC;E_DAY;T_WR;U_AC;U_AC_1;U_AC_2;U_AC_3;I_AC;F_AC;U_DC_1;I_DC_1;U_DC_2;I_DC_2;U_DC_3;I_DC_3;S;E_WR;M_WR;I_AC_1;I_AC_2;I_AC_3;P_AC_1;P_AC_2;P_AC_3;F_AC_1;F_AC_2;F_AC_3;R_DC;PC;PCS;PCS_LL;COS_PHI;COS_PHI_LL;S_COS_PHI
600;2016-08-29 05:30:00;172602N232;0;0.000;0;4;4;4;4;0.000;0.95;4.0;0.000;4.0;0.000;0.0;0.000;50;0;0;0.000;0.000;0.000;0;0;0;0.95;0.95;0.95;52;1000;0.0;0;1.0000;0;0
600;2016-08-29 05:40:00;172602N232;0;0.000;28;222;225;225;216;0.000;49.99;227.4;0.000;228.3;0.000;0.0;0.000;50;0;0;0.000;0.000;0.000;0;0;0;49.99;49.99;49.99;0;1000;0.0;0;1.0000;0;0
600;2016-08-29 05:50:00;172602N232;0;0.000;30;222;225;225;217;0.000;50.02;237.4;0.000;238.3;0.000;0.0;0.000;50;0;0;0.000;0.000;0.000;0;0;0;50.02;50.02;50.02;0;1000;0.0;0;1.0000;0;0
600;2016-08-29 06:00:00;172602N232;0;0.000;31;222;224;225;219;0.002;50.01;286.7;0.000;286.0;0.000;0.0;0.000;60;0;0;0.003;0.002;0.001;0;0;0;50.01;50.01;50.01;840;1000;0.0;0;1.0000;0;0
600;2016-08-29 06:10:00;172602N232;8;0.001;31;223;223;224;222;0.261;49.99;273.5;0.005;270.1;0.007;0.0;0.000;60;0;0;0.315;0.283;0.185;2;2;9;49.99;49.99;49.99;4697;1000;0.0;0;1.0000;0;0
600;2016-08-29 06:20:00;172602N232;7;0.002;31;223;223;224;222;0.162;50.02;284.9;0.004;289.3;0.005;0.0;0.000;60;0;0;0.211;0.171;0.105;2;1;6;50.02;50.02;50.02;4236;1000;0.0;0;1.0000;0;0
600;2016-08-29 06:30:00;172602N232;53;0.010;32;221;221;222;221;0.646;50.01;349.4;0.058;363.1;0.057;0.0;0.000;60;0;0;0.656;0.751;0.531;14;13;25;50.01;50.01;50.01;3717;1000;0.0;0;1.0000;0;0
600;2016-08-29 06:40:00;172602N232;57;0.020;32;221;221;223;221;0.712;49.99;356.0;0.063;365.7;0.062;0.0;0.000;60;0;0;0.744;0.838;0.555;10;11;36;49.99;49.99;49.99;3717;1000;0.0;0;1.0000;0;0
600;2016-08-29 06:50:00;172602N232;130;0.041;33;221;222;221;221;0.893;49.99;388.7;0.154;394.3;0.146;0.0;0.000;60;0;0;1.043;0.853;0.785;17;62;50;49.99;49.99;49.99;3717;1000;0.0;0;1.0000;0;0
600;2016-08-29 07:00:00;172602N232;129;0.063;33;221;221;221;221;0.873;50.00;388.2;0.153;392.6;0.147;0.0;0.000;60;0;0;0.938;0.894;0.787;21;55;51;50.00;50.00;50.00;3717;1000;0.0;0;1.0000;0;0
600;2016-08-29 07:10:00;172602N232;213;0.099;33;225;225;225;224;1.052;49.99;400.9;0.257;404.1;0.244;0.0;0.000;60;0;0;1.194;1.008;0.956;38;86;87;49.99;49.99;49.99;3717;1000;0.0;0;1.0000;0;0
600;2016-08-29 07:20:00;172602N232;172;0.128;34;225;225;225;224;1.025;50.01;393.1;0.206;396.2;0.199;0.0;0.000;60;0;0;1.315;0.983;0.778;29;81;60;50.01;50.01;50.01;3717;1000;0.0;0;1.0000;0;0
600;2016-08-29 07:30:00;172602N232;306;0.179;34;225;225;226;224;1.124;49.99;409.2;0.368;409.5;0.354;0.0;0.000;60;0;0;1.153;1.206;1.015;87;109;108;49.99;49.99;49.99;3717;1000;0.0;0;1.0000;0;0
600;2016-08-29 07:40:00;172602N232;430;0.250;34;225;225;226;225;1.136;50.00;414.9;0.524;418.9;0.485;0.0;0.000;60;0;0;1.151;1.171;1.087;131;157;140;50.00;50.00;50.00;3717;1000;0.0;0;1.0000;0;0
600;2016-08-29 07:50:00;172602N232;414;0.320;34;225;226;226;225;0.705;50.00;414.5;0.502;415.5;0.480;0.0;0.000;60;0;0;0.660;0.738;0.717;125;147;140;50.00;50.00;50.00;3717;1000;0.0;0;1.0000;0;0
600;2016-08-29 08:00:00;172602N232;518;0.406;35;225;226;226;225;0.900;50.00;417.0;0.641;418.3;0.584;0.0;0.000;60;0;0;0.932;0.878;0.891;167;174;175;50.00;50.00;50.00;3717;1000;0.0;0;1.0000;0;0
600;2016-08-29 08:10:00;172602N232;787;0.538;36;226;226;227;225;1.332;49.98;424.0;1.022;421.4;0.830;0.0;0.000;60;0;0;1.376;1.303;1.317;255;265;266;49.98;49.98;49.98;3717;1000;0.0;0;1.0000;0;0
600;2016-08-29 08:20:00;172602N232;420;0.608;36;226;227;226;226;1.032;50.00;415.1;0.542;406.3;0.454;0.0;0.000;60;0;0;1.106;1.039;0.951;128;151;139;50.00;50.00;50.00;3717;1000;0.0;0;1.0000;0;0
600;2016-08-29 08:30:00;172602N232;617;0.711;37;227;227;229;227;1.091;50.01;430.3;0.881;420.1;0.561;0.0;0.000;60;0;0;1.050;1.138;1.087;191;217;207;50.01;50.01;50.01;3717;1000;0.0;0;1.0000;0;0
600;2016-08-29 08:40:00;172602N232;1006;0.879;37;227;227;229;226;1.535;49.99;433.1;1.380;432.5;0.937;0.0;0.000;60;0;0;1.488;1.572;1.547;321;348;336;49.99;49.99;49.99;3717;1000;0.0;0;1.0000;0;0
600;2016-08-29 08:50:00;172602N232;837;1.018;37;226;226;228;225;1.276;50.00;414.4;1.151;423.0;0.845;0.0;0.000;60;0;0;1.225;1.319;1.286;266;291;279;50.00;50.00;50.00;3717;1000;0.0;0;1.0000;0;0
600;2016-08-29 09:00:00;172602N232;1357;1.246;38;227;227;228;226;2.032;50.00;411.7;2.309;446.0;0.939;0.0;0.000;60;0;0;1.985;2.076;2.037;439;464;451;50.00;50.00;50.00;3717;1000;0.0;0;1.0000;0;0
600;2016-08-29 09:10:00;172602N232;1007;1.413;38;226;226;227;225;1.577;50.00;410.8;1.412;421.4;1.011;0.0;0.000;60;0;0;1.543;1.613;1.575;323;347;335;50.00;50.00;50.00;3717;1000;0.0;0;1.0000;0;0
600;2016-08-29 09:20:00;172602N232;1107;1.597;39;227;226;228;225;1.726;49.98;411.9;1.844;342.4;1.107;0.0;0.000;60;0;0;1.703;1.766;1.711;356;382;366;49.98;49.98;49.98;3717;1000;0.0;0;1.0000;0;0
600;2016-08-29 09:30:00;172602N232;2044;1.939;39;227;227;230;225;3.010;49.99;412.0;3.547;268.8;2.278;0.0;0.000;60;0;0;2.958;3.082;2.991;668;704;669;49.99;49.99;49.99;3717;1000;0.0;0;1.0000;0;0
600;2016-08-29 09:40:00;172602N232;1981;2.269;39;225;225;227;224;2.952;50.01;408.1;3.180;321.8;2.315;0.0;0.000;60;0;0;2.895;3.014;2.948;646;679;653;50.01;50.01;50.01;3717;1000;0.0;0;1.0000;0;0
600;2016-08-29 09:50:00;172602N232;1665;2.546;40;225;225;226;223;2.500;50.02;404.9;2.557;370.1;1.840;0.0;0.000;60;0;0;2.442;2.557;2.501;541;572;550;50.02;50.02;50.02;3717;1000;0.0;0;1.0000;0;0
600;2016-08-29 10:00:00;172602N232;2236;2.920;40;225;225;227;223;3.337;50.00;406.7;3.342;308.6;3.085;0.0;0.000;60;0;0;3.288;3.404;3.319;732;772;733;50.00;50.00;50.00;3717;1000;0.0;0;1.0000;0;0
600;2016-08-29 10:10:00;172602N232;1819;3.224;41;224;224;226;223;2.728;50.00;405.7;2.586;377.8;2.226;0.0;0.000;60;0;0;2.678;2.776;2.732;592;624;603;50.00;50.00;50.00;3717;1000;0.0;0;1.0000;0;0
600;2016-08-29 10:20:00;172602N232;2381;3.620;41;225;225;227;224;3.539;50.00;405.9;3.389;355.9;3.018;0.0;0.000;60;0;0;3.481;3.603;3.533;779;815;785;50.00;50.00;50.00;3717;1000;0.0;0;1.0000;0;0
600;2016-08-29 10:30:00;172602N232;1284;3.835;41;223;223;223;223;2.003;50.00;410.0;1.676;420.7;1.426;0.0;0.000;60;0;0;1.991;2.005;2.015;420;433;429;50.00;50.00;50.00;3717;1000;0.0;0;1.0000;0;0
600;2016-08-29 10:40:00;172602N232;2588;4.266;42;225;225;227;224;3.841;49.99;410.4;3.567;361.3;3.272;0.0;0.000;60;0;0;3.795;3.895;3.833;851;880;855;49.99;49.99;49.99;3717;1000;0.0;0;1.0000;0;0
600;2016-08-29 10:50:00;172602N232;2243;4.640;42;226;226;226;225;3.335;49.98;404.3;3.076;368.9;2.843;0.0;0.000;60;0;0;3.307;3.374;3.326;741;762;740;49.98;49.98;49.98;3717;1000;0.0;0;1.0000;0;0
600;2016-08-29 11:00:00;172602N232;1967;4.969;42;225;225;225;225;2.940;49.99;408.3;2.607;410.6;2.276;0.0;0.000;60;0;0;2.897;2.973;2.951;644;665;656;49.99;49.99;49.99;3717;1000;0.0;0;1.0000;0;0
600;2016-08-29 11:10:00;172602N232;561;5.062;42;223;223;225;222;1.228;49.99;397.6;0.727;400.5;0.649;0.0;0.000;60;0;0;1.317;1.227;1.140;172;198;189;49.99;49.99;49.99;3717;1000;0.0;0;1.0000;0;0
600;2016-08-29 11:20:00;172602N232;910;5.215;42;225;225;227;223;1.604;49.99;410.4;1.138;408.0;1.083;0.0;0.000;60;0;0;1.595;1.651;1.567;286;321;302;49.99;49.99;49.99;3717;1000;0.0;0;1.0000;0;0
600;2016-08-29 11:30:00;172602N232;3510;5.800;42;228;228;231;226;5.136;50.00;406.0;4.546;392.4;4.422;0.0;0.000;60;0;0;5.082;5.253;5.074;1153;1218;1140;50.00;50.00;50.00;3717;1000;0.0;0;1.0000;0;0
600;2016-08-29 11:40:00;172602N232;1238;6.006;42;226;225;228;225;1.884;50.00;407.1;1.578;406.6;1.485;0.0;0.000;60;0;0;1.836;1.918;1.898;396;425;413;50.00;50.00;50.00;3717;1000;0.0;0;1.0000;0;0
600;2016-08-29 11:50:00;172602N232;2020;6.343;42;226;226;228;225;2.994;49.99;410.7;2.513;417.0;2.407;0.0;0.000;60;0;0;2.932;3.054;2.996;656;692;668;49.99;49.99;49.99;3717;1000;0.0;0;1.0000;0;0
600;2016-08-29 12:00:00;172602N232;2856;6.818;42;226;226;229;224;4.213;50.00;405.1;3.617;413.5;3.453;0.0;0.000;60;0;0;4.143;4.305;4.192;933;985;935;50.00;50.00;50.00;3717;1000;0.0;0;1.0000;0;0
600;2016-08-29 12:10:00;172602N232;1774;7.115;43;225;225;228;223;2.659;50.00;409.0;2.220;412.2;2.120;0.0;0.000;60;0;0;2.590;2.734;2.653;573;617;584;50.00;50.00;50.00;3717;1000;0.0;0;1.0000;0;0
600;2016-08-29 12:20:00;172602N232;2970;7.609;43;226;225;229;224;4.389;49.99;402.4;3.764;408.0;3.676;0.0;0.000;60;0;0;4.308;4.487;4.373;967;1026;973;49.99;49.99;49.99;3717;1000;0.0;0;1.0000;0;0
600;2016-08-29 12:30:00;172602N232;1233;7.816;43;224;225;225;222;1.883;49.98;407.2;1.557;412.2;1.462;0.0;0.000;60;0;0;1.842;1.919;1.888;400;423;409;49.98;49.98;49.98;3717;1000;0.0;0;1.0000;0;0
600;2016-08-29 12:40:00;172602N232;2142;8.172;43;225;225;227;223;3.212;49.98;415.5;2.602;417.9;2.548;0.0;0.000;60;0;0;3.170;3.277;3.191;700;738;701;49.98;49.98;49.98;3717;1000;0.0;0;1.0000;0;0
600;2016-08-29 12:50:00;172602N232;1448;8.415;43;223;224;223;223;2.202;50.00;412.2;1.799;416.7;1.707;0.0;0.000;60;0;0;2.173;2.215;2.219;475;488;485;50.00;50.00;50.00;3717;1000;0.0;0;1.0000;0;0
600;2016-08-29 13:00:00;172602N232;1780;8.713;43;223;224;223;223;2.688;49.98;414.3;2.173;417.7;2.131;0.0;0.000;60;0;0;2.662;2.706;2.696;588;599;592;49.98;49.98;49.98;3717;1000;0.0;0;1.0000;0;0
600;2016-08-29 13:10:00;172602N232;3197;9.245;43;225;225;227;224;4.737;50.01;406.0;4.010;409.8;3.917;0.0;0.000;60;0;0;4.677;4.814;4.722;1049;1094;1053;50.01;50.01;50.01;3717;1000;0.0;0;1.0000;0;0
600;2016-08-29 13:20:00;172602N232;1412;9.480;43;224;224;225;223;2.144;50.00;415.3;1.731;414.6;1.685;0.0;0.000;60;0;0;2.104;2.173;2.155;458;482;470;50.00;50.00;50.00;3717;1000;0.0;0;1.0000;0;0
600;2016-08-29 13:30:00;172602N232;1702;9.764;43;225;225;226;223;2.550;49.98;421.8;2.045;419.7;2.020;0.0;0.000;60;0;0;2.507;2.588;2.557;557;579;564;49.98;49.98;49.98;3717;1000;0.0;0;1.0000;0;0
600;2016-08-29 13:40:00;172602N232;1912;10.082;43;225;225;226;223;2.864;49.99;417.8;2.332;416.7;2.291;0.0;0.000;60;0;0;2.823;2.904;2.867;627;650;633;49.99;49.99;49.99;3717;1000;0.0;0;1.0000;0;0
600;2016-08-29 13:50:00;172602N232;1063;10.260;43;224;223;225;223;1.630;49.98;403.9;1.347;412.6;1.259;0.0;0.000;60;0;0;1.582;1.669;1.640;341;365;354;49.98;49.98;49.98;3717;1000;0.0;0;1.0000;0;0
600;2016-08-29 14:00:00;172602N232;1857;10.569;43;225;224;228;223;2.777;50.00;419.6;2.224;426.3;2.187;0.0;0.000;60;0;0;2.702;2.851;2.779;598;643;614;50.00;50.00;50.00;3717;1000;0.0;0;1.0000;0;0
600;2016-08-29 14:10:00;172602N232;1192;10.768;43;225;224;226;224;1.834;50.00;418.0;1.453;421.1;1.387;0.0;0.000;60;0;0;1.777;1.868;1.859;381;410;399;50.00;50.00;50.00;3717;1000;0.0;0;1.0000;0;0
600;2016-08-29 14:20:00;172602N232;1285;10.982;43;225;224;227;224;1.994;50.01;416.7;1.561;418.3;1.523;0.0;0.000;60;0;0;1.932;2.035;2.017;408;444;431;50.01;50.01;50.01;3717;1000;0.0;0;1.0000;0;0
600;2016-08-29 14:30:00;172602N232;2390;11.381;43;226;226;229;224;3.533;49.99;413.2;2.936;417.1;2.889;0.0;0.000;60;0;0;3.464;3.621;3.514;776;829;782;49.99;49.99;49.99;3717;1000;0.0;0;1.0000;0;0
600;2016-08-29 14:40:00;172602N232;3398;11.948;43;227;227;230;225;4.991;49.99;406.5;4.273;406.3;4.222;0.0;0.000;60;0;0;4.935;5.081;4.957;1117;1166;1113;49.99;49.99;49.99;3717;1000;0.0;0;1.0000;0;0
600;2016-08-29 14:50:00;172602N232;1974;12.278;43;226;226;228;225;2.956;50.00;404.4;2.498;403.3;2.451;0.0;0.000;60;0;0;2.909;3.002;2.957;643;675;654;50.00;50.00;50.00;3717;1000;0.0;0;1.0000;0;0
600;2016-08-29 15:00:00;172602N232;1164;12.471;43;226;225;227;225;1.811;50.00;411.5;1.427;412.3;1.394;0.0;0.000;60;0;0;1.795;1.833;1.806;376;401;387;50.00;50.00;50.00;3717;1000;0.0;0;1.0000;0;0
600;2016-08-29 15:10:00;172602N232;3561;13.066;43;228;228;231;226;5.212;50.01;408.2;4.440;408.1;4.415;0.0;0.000;60;0;0;5.147;5.307;5.184;1169;1222;1168;50.01;50.01;50.01;3717;1000;0.0;0;1.0000;0;0
600;2016-08-29 15:20:00;172602N232;1872;13.377;43;226;227;228;225;2.775;50.01;408.6;2.329;407.5;2.292;0.0;0.000;60;0;0;2.737;2.819;2.771;615;639;617;50.01;50.01;50.01;3717;1000;0.0;0;1.0000;0;0
600;2016-08-29 15:30:00;172602N232;832;13.517;43;226;226;228;224;1.272;50.01;410.1;1.028;415.9;0.975;0.0;0.000;60;0;0;1.222;1.313;1.283;264;289;277;50.01;50.01;50.01;3717;1000;0.0;0;1.0000;0;0
600;2016-08-29 15:40:00;172602N232;1511;13.770;43;226;226;228;224;2.265;50.01;410.8;1.842;410.6;1.835;0.0;0.000;60;0;0;2.223;2.315;2.258;493;521;496;50.01;50.01;50.01;3717;1000;0.0;0;1.0000;0;0
600;2016-08-29 15:50:00;172602N232;1166;13.963;43;225;224;227;223;1.775;50.01;410.1;1.421;411.3;1.409;0.0;0.000;60;0;0;1.727;1.818;1.782;373;403;388;50.01;50.01;50.01;3717;1000;0.0;0;1.0000;0;0
600;2016-08-29 16:00:00;172602N232;2190;14.328;43;226;225;229;224;3.254;49.99;418.5;2.652;413.7;2.661;0.0;0.000;60;0;0;3.200;3.334;3.228;714;756;715;49.99;49.99;49.99;3717;1000;0.0;0;1.0000;0;0
600;2016-08-29 16:10:00;172602N232;2010;14.663;43;226;226;229;223;2.985;49.99;402.5;2.510;403.4;2.501;0.0;0.000;60;0;0;2.929;3.077;2.950;654;703;652;49.99;49.99;49.99;3717;1000;0.0;0;1.0000;0;0
600;2016-08-29 16:20:00;172602N232;448;14.738;43;225;226;226;222;0.985;50.01;395.7;0.561;402.5;0.542;0.0;0.000;60;0;0;0.981;1.035;0.939;130;158;159;50.01;50.01;50.01;3717;1000;0.0;0;1.0000;0;0
600;2016-08-29 16:30:00;172602N232;1486;14.986;43;225;227;227;223;2.226;50.02;401.0;1.818;412.1;1.811;0.0;0.000;60;0;0;2.181;2.286;2.211;485;514;484;50.02;50.02;50.02;3717;1000;0.0;0;1.0000;0;0
600;2016-08-29 16:40:00;172602N232;1370;15.214;43;225;226;227;223;2.084;50.01;402.1;1.677;407.3;1.692;0.0;0.000;60;0;0;2.044;2.146;2.063;447;475;445;50.01;50.01;50.01;3717;1000;0.0;0;1.0000;0;0
600;2016-08-29 16:50:00;172602N232;1173;15.409;43;224;225;225;223;1.964;50.00;396.8;1.446;407.2;1.441;0.0;0.000;60;0;0;1.967;1.972;1.953;374;405;394;50.00;50.00;50.00;3717;1000;0.0;0;1.0000;0;0
600;2016-08-29 17:00:00;172602N232;2023;15.747;43;225;224;226;224;3.053;49.99;398.7;2.523;414.4;2.448;0.0;0.000;60;0;0;2.991;3.092;3.076;656;688;678;49.99;49.99;49.99;3717;1000;0.0;0;1.0000;0;0
600;2016-08-29 17:10:00;172602N232;915;15.900;43;224;223;226;223;1.524;50.01;397.5;1.129;403.2;1.137;0.0;0.000;60;0;0;1.472;1.585;1.515;291;318;304;50.01;50.01;50.01;3717;1000;0.0;0;1.0000;0;0
600;2016-08-29 17:20:00;172602N232;1245;16.108;43;224;221;228;224;2.012;50.02;397.3;1.534;404.5;1.568;0.0;0.000;60;0;0;1.892;2.117;2.028;390;432;421;50.02;50.02;50.02;3717;1000;0.0;0;1.0000;0;0
600;2016-08-29 17:30:00;172602N232;1291;16.323;43;225;222;228;224;1.957;50.04;371.1;1.569;401.4;1.804;0.0;0.000;60;0;0;1.867;2.028;1.977;404;452;433;50.04;50.04;50.04;3717;1000;0.0;0;1.0000;0;0
600;2016-08-29 17:40:00;172602N232;1404;16.557;43;225;222;229;224;2.110;50.01;421.3;1.370;403.9;2.064;0.0;0.000;60;0;0;2.018;2.185;2.129;440;492;470;50.01;50.01;50.01;3717;1000;0.0;0;1.0000;0;0
600;2016-08-29 17:50:00;172602N232;1275;16.771;43;225;222;230;224;1.946;50.00;421.9;1.253;371.5;2.030;0.0;0.000;60;0;0;1.842;2.039;1.957;394;451;427;50.00;50.00;50.00;3717;1000;0.0;0;1.0000;0;0
600;2016-08-29 18:00:00;172602N232;874;16.916;43;226;224;230;223;1.338;49.98;367.1;1.324;433.5;0.927;0.0;0.000;60;0;0;1.273;1.407;1.336;273;312;287;49.98;49.98;49.98;3717;1000;0.0;0;1.0000;0;0
600;2016-08-29 18:10:00;172602N232;555;17.008;43;225;226;228;221;1.064;49.99;415.8;0.709;438.1;0.562;0.0;0.000;60;0;0;1.039;1.152;1.001;172;195;186;49.99;49.99;49.99;3717;1000;0.0;0;1.0000;0;0
600;2016-08-29 18:20:00;172602N232;316;17.061;42;225;224;227;223;1.115;50.01;424.4;0.352;435.0;0.339;0.0;0.000;60;0;0;1.101;1.295;0.951;93;107;114;50.01;50.01;50.01;3717;1000;0.0;0;1.0000;0;0
600;2016-08-29 18:30:00;172602N232;330;17.116;42;223;221;223;223;1.083;50.02;405.8;0.400;423.6;0.366;0.0;0.000;60;0;0;1.095;1.154;1.000;103;122;103;50.02;50.02;50.02;3717;1000;0.0;0;1.0000;0;0
600;2016-08-29 18:40:00;172602N232;247;17.158;42;223;222;224;222;1.085;50.01;404.1;0.278;423.2;0.281;0.0;0.000;60;0;0;1.209;1.170;0.878;73;90;82;50.01;50.01;50.01;3717;1000;0.0;0;1.0000;0;0
600;2016-08-29 18:50:00;172602N232;150;17.182;41;223;223;223;223;0.905;50.00;380.7;0.155;422.9;0.179;0.0;0.000;60;0;0;1.053;0.882;0.781;27;73;48;50.00;50.00;50.00;3717;1000;0.0;0;1.0000;0;0
600;2016-08-29 19:00:00;172602N232;111;17.202;41;224;224;224;224;0.917;49.99;354.3;0.119;400.2;0.142;0.0;0.000;60;0;0;0.989;0.897;0.867;16;49;44;49.99;49.99;49.99;3717;1000;0.0;0;1.0000;0;0
600;2016-08-29 19:10:00;172602N232;69;17.213;41;224;224;225;224;0.803;49.99;343.2;0.078;371.8;0.083;0.0;0.000;60;0;0;0.865;0.906;0.639;7;21;40;49.99;49.99;49.99;3717;1000;0.0;0;1.0000;0;0
600;2016-08-29 19:20:00;172602N232;41;17.221;40;224;224;224;223;0.622;50.00;324.4;0.041;351.0;0.045;0.0;0.000;60;0;0;0.757;0.627;0.482;0;21;26;50.00;50.00;50.00;3717;1000;0.0;0;1.0000;0;0
600;2016-08-29 19:30:00;172602N232;14;17.224;40;223;224;223;223;0.347;50.02;274.3;0.009;277.7;0.013;0.0;0.000;60;0;0;0.449;0.293;0.300;0;14;11;50.02;50.02;50.02;3717;1000;0.0;0;1.0000;0;0
600;2016-08-29 19:40:00;172602N232;1;17.224;39;224;225;225;223;0.102;50.00;251.4;0.000;252.2;0.000;0.0;0.000;60;0;0;0.141;0.087;0.080;0;3;4;50.00;50.00;50.00;3717;1000;0.0;0;1.0000;0;0
600;2016-08-29 19:50:00;172602N232;0;17.224;38;224;224;226;221;0.001;50.00;255.1;0.000;255.2;0.000;0.0;0.000;50;0;0;0.003;0.000;0.000;0;0;0;50.00;50.00;50.00;3717;1000;0.0;0;1.0000;0;0
600;2016-08-29 20:00:00;172602N232;0;17.224;37;223;222;226;221;0.000;50.00;228.1;0.000;229.1;0.000;0.0;0.000;50;0;0;0.000;0.000;0.000;0;0;0;50.00;50.00;50.00;3717;1000;0.0;0;1.0000;0;0
[wr_ende]
