20121016;230001;172602N232;My Plant;+0100
[wr_def_start]
172602N232;Inverter Type;Inverter Group;72602N232      
[wr_def_end]
[wr]
INTERVAL;TIMESTAMP;SERIAL;P_AC;E_DAY;T_WR;U_AC;U_AC_1;U_AC_2;U_AC_3;I_AC;F_AC;U_DC_1;I_DC_1;U_DC_2;I_DC_2;U_DC_3;I_DC_3;S;E_WR;M_WR;I_AC_1;I_AC_2;I_AC_3;P_AC_1;P_AC_2;P_AC_3;F_AC_1;F_AC_2;F_AC_3;R_DC;PC;PCS;PCS_LL;COS_PHI;COS_PHI_LL;S_COS_PHI
600;2012-10-16 07:40:00;172602N232;0;0.000;0;4;4;4;4;0.000;1.12;5.0;0.000;5.0;0.000;0.0;0.000;50;0;0;0.000;0.000;0.000;0;0;0;1.12;1.12;1.12;57;1000;0.0;0;1.0000;0;0
600;2012-10-16 07:50:00;172602N232;0;0.000;19;224;225;226;221;0.000;49.98;232.0;0.000;233.0;0.000;0.0;0.000;50;0;0;0.000;0.000;0.000;0;0;0;49.98;49.98;49.98;0;1000;0.0;0;1.0000;0;0
600;2012-10-16 08:00:00;172602N232;0;0.000;21;224;225;226;220;0.000;49.98;257.4;0.000;257.9;0.000;0.0;0.000;50;0;0;0.000;0.000;0.000;0;0;0;49.98;49.98;49.98;0;1000;0.0;0;1.0000;0;0
600;2012-10-16 08:10:00;172602N232;27;0.004;21;224;225;225;222;0.382;49.98;334.3;0.024;331.4;0.022;0.0;0.000;60;0;0;0.512;0.354;0.281;2;10;21;49.98;49.98;49.98;8881;1000;0.0;0;1.0000;0;0
600;2012-10-16 08:20:00;172602N232;49;0.015;21;223;224;224;221;0.626;49.99;362.3;0.049;369.4;0.045;0.0;0.000;60;0;0;0.807;0.609;0.463;0;25;35;49.99;49.99;49.99;9255;1000;0.0;0;1.0000;0;0
600;2012-10-16 08:30:00;172602N232;63;0.027;22;223;224;224;221;0.709;49.99;373.4;0.069;379.0;0.062;0.0;0.000;60;0;0;0.971;0.655;0.501;0;34;39;49.99;49.99;49.99;9255;1000;0.0;0;1.0000;0;0
600;2012-10-16 08:40:00;172602N232;73;0.042;23;223;224;224;221;0.845;49.98;377.8;0.082;382.1;0.076;0.0;0.000;60;0;0;1.159;0.754;0.624;0;37;48;49.98;49.98;49.98;9255;1000;0.0;0;1.0000;0;0
600;2012-10-16 08:50:00;172602N232;130;0.063;23;223;224;223;222;0.959;49.98;393.1;0.155;400.0;0.139;0.0;0.000;60;0;0;1.273;0.895;0.709;4;66;62;49.98;49.98;49.98;9255;1000;0.0;0;1.0000;0;0
600;2012-10-16 09:00:00;172602N232;235;0.098;24;223;224;224;222;1.150;50.01;407.5;0.290;415.0;0.250;0.0;0.000;60;0;0;1.414;1.083;0.955;29;108;96;50.01;50.01;50.01;9255;1000;0.0;0;1.0000;0;0
600;2012-10-16 09:10:00;172602N232;258;0.140;25;222;223;223;220;1.155;50.02;414.9;0.304;415.1;0.287;0.0;0.000;60;0;0;1.488;1.183;0.794;55;118;83;50.02;50.02;50.02;9255;1000;0.0;0;1.0000;0;0
600;2012-10-16 09:20:00;172602N232;149;0.165;25;221;222;221;219;1.011;50.02;396.3;0.172;397.2;0.167;0.0;0.000;60;0;0;1.392;0.895;0.746;18;72;65;50.02;50.02;50.02;9255;1000;0.0;0;1.0000;0;0
600;2012-10-16 09:30:00;172602N232;132;0.187;26;220;222;220;218;1.102;50.01;396.1;0.153;396.4;0.147;0.0;0.000;60;0;0;1.724;0.829;0.753;0;83;67;50.01;50.01;50.01;9255;1000;0.0;0;1.0000;0;0
600;2012-10-16 09:40:00;172602N232;253;0.229;26;220;222;221;219;1.122;50.01;412.5;0.296;408.3;0.287;0.0;0.000;60;0;0;1.450;1.005;0.912;50;109;94;50.01;50.01;50.01;9255;1000;0.0;0;1.0000;0;0
600;2012-10-16 09:50:00;172602N232;147;0.255;27;224;225;224;222;1.078;50.00;400.0;0.169;396.0;0.167;0.0;0.000;60;0;0;1.603;0.854;0.779;5;81;70;50.00;50.00;50.00;9255;1000;0.0;0;1.0000;0;0
600;2012-10-16 10:00:00;172602N232;169;0.283;27;224;225;225;222;1.007;50.00;404.8;0.194;400.1;0.192;0.0;0.000;60;0;0;1.252;1.016;0.754;19;70;78;50.00;50.00;50.00;9255;1000;0.0;0;1.0000;0;0
600;2012-10-16 10:10:00;172602N232;160;0.309;28;223;225;224;222;1.055;49.99;400.8;0.185;398.7;0.182;0.0;0.000;60;0;0;1.459;0.932;0.774;10;79;73;49.99;49.99;49.99;9255;1000;0.0;0;1.0000;0;0
600;2012-10-16 10:20:00;172602N232;242;0.350;28;223;225;224;221;1.145;49.99;409.6;0.281;406.0;0.278;0.0;0.000;60;0;0;1.521;1.097;0.819;38;117;90;49.99;49.99;49.99;9255;1000;0.0;0;1.0000;0;0
600;2012-10-16 10:30:00;172602N232;279;0.397;28;223;225;223;221;1.201;49.99;413.3;0.324;408.5;0.321;0.0;0.000;60;0;0;1.588;1.063;0.954;47;123;111;49.99;49.99;49.99;9255;1000;0.0;0;1.0000;0;0
600;2012-10-16 10:40:00;172602N232;312;0.449;28;224;225;224;221;1.154;49.99;415.2;0.363;409.9;0.361;0.0;0.000;60;0;0;1.379;1.160;0.923;72;129;109;49.99;49.99;49.99;9255;1000;0.0;0;1.0000;0;0
600;2012-10-16 10:50:00;172602N232;276;0.495;29;224;225;225;221;1.116;50.00;410.8;0.323;407.8;0.320;0.0;0.000;60;0;0;1.395;1.056;0.897;63;111;101;50.00;50.00;50.00;9255;1000;0.0;0;1.0000;0;0
600;2012-10-16 11:00:00;172602N232;317;0.548;29;224;225;226;222;1.182;50.01;416.6;0.371;411.3;0.366;0.0;0.000;60;0;0;1.334;1.203;1.009;76;120;118;50.01;50.01;50.01;9255;1000;0.0;0;1.0000;0;0
600;2012-10-16 11:10:00;172602N232;389;0.614;29;225;226;227;222;0.981;49.99;417.2;0.460;414.5;0.451;0.0;0.000;60;0;0;1.025;1.015;0.903;111;142;135;49.99;49.99;49.99;9255;1000;0.0;0;1.0000;0;0
600;2012-10-16 11:20:00;172602N232;398;0.680;29;225;227;226;221;1.187;49.97;419.5;0.468;414.9;0.459;0.0;0.000;60;0;0;1.290;1.224;1.049;112;150;135;49.97;49.97;49.97;9255;1000;0.0;0;1.0000;0;0
600;2012-10-16 11:30:00;172602N232;500;0.764;29;225;227;227;222;1.005;49.98;425.6;0.585;418.8;0.579;0.0;0.000;60;0;0;1.071;1.060;0.885;159;185;155;49.98;49.98;49.98;9255;1000;0.0;0;1.0000;0;0
600;2012-10-16 11:40:00;172602N232;532;0.852;30;225;226;226;223;1.185;49.99;425.5;0.621;419.4;0.614;0.0;0.000;60;0;0;1.269;1.181;1.105;167;186;178;49.99;49.99;49.99;9255;1000;0.0;0;1.0000;0;0
600;2012-10-16 11:50:00;172602N232;708;0.971;30;225;226;226;224;1.141;49.99;430.8;0.828;424.3;0.812;0.0;0.000;60;0;0;1.116;1.171;1.136;224;245;236;49.99;49.99;49.99;9255;1000;0.0;0;1.0000;0;0
600;2012-10-16 12:00:00;172602N232;922;1.124;30;226;227;226;224;1.401;49.98;430.6;1.100;430.9;1.031;0.0;0.000;60;0;0;1.355;1.440;1.409;297;316;306;49.98;49.98;49.98;9255;1000;0.0;0;1.0000;0;0
600;2012-10-16 12:10:00;172602N232;1185;1.322;31;222;223;222;221;1.850;49.99;433.3;1.409;433.4;1.324;0.0;0.000;60;0;0;1.823;1.868;1.860;385;403;395;49.99;49.99;49.99;9255;1000;0.0;0;1.0000;0;0
600;2012-10-16 12:20:00;172602N232;985;1.487;31;223;225;224;222;1.503;50.00;429.7;1.183;431.4;1.098;0.0;0.000;60;0;0;1.464;1.540;1.507;320;337;325;50.00;50.00;50.00;9255;1000;0.0;0;1.0000;0;0
600;2012-10-16 12:30:00;172602N232;1130;1.675;31;224;226;225;222;1.723;50.00;430.2;1.358;432.6;1.258;0.0;0.000;60;0;0;1.695;1.754;1.720;371;386;372;50.00;50.00;50.00;9255;1000;0.0;0;1.0000;0;0
600;2012-10-16 12:40:00;172602N232;1656;1.951;32;224;226;224;222;2.487;49.99;433.3;2.019;442.2;1.777;0.0;0.000;60;0;0;2.461;2.530;2.471;549;562;543;49.99;49.99;49.99;9255;1000;0.0;0;1.0000;0;0
600;2012-10-16 12:50:00;172602N232;1102;2.135;32;224;226;224;222;1.676;50.01;423.7;1.337;426.0;1.247;0.0;0.000;60;0;0;1.645;1.708;1.677;361;376;363;50.01;50.01;50.01;9255;1000;0.0;0;1.0000;0;0
600;2012-10-16 13:00:00;172602N232;1380;2.366;33;224;226;224;221;2.088;49.99;430.8;1.621;429.6;1.583;0.0;0.000;60;0;0;2.062;2.128;2.076;456;471;451;49.99;49.99;49.99;9255;1000;0.0;0;1.0000;0;0
600;2012-10-16 13:10:00;172602N232;1070;2.544;33;224;225;224;222;1.638;49.98;421.3;1.288;427.8;1.230;0.0;0.000;60;0;0;1.608;1.672;1.634;350;366;352;49.98;49.98;49.98;9255;1000;0.0;0;1.0000;0;0
600;2012-10-16 13:20:00;172602N232;1337;2.767;33;224;225;225;222;2.030;50.00;435.2;1.540;441.1;1.500;0.0;0.000;60;0;0;1.999;2.070;2.023;438;457;440;50.00;50.00;50.00;9255;1000;0.0;0;1.0000;0;0
600;2012-10-16 13:30:00;172602N232;878;2.914;33;224;225;225;221;1.348;50.00;415.7;1.089;422.6;0.997;0.0;0.000;60;0;0;1.304;1.396;1.345;283;305;288;50.00;50.00;50.00;9255;1000;0.0;0;1.0000;0;0
600;2012-10-16 13:40:00;172602N232;851;3.056;34;223;225;225;220;1.316;49.99;423.4;1.026;422.1;0.976;0.0;0.000;60;0;0;1.277;1.362;1.311;274;297;279;49.99;49.99;49.99;9255;1000;0.0;0;1.0000;0;0
600;2012-10-16 13:50:00;172602N232;830;3.195;34;223;225;225;220;1.384;50.00;428.8;0.974;421.3;0.968;0.0;0.000;60;0;0;1.462;1.356;1.335;276;281;272;50.00;50.00;50.00;9255;1000;0.0;0;1.0000;0;0
600;2012-10-16 14:00:00;172602N232;771;3.323;34;224;225;226;221;1.189;49.98;427.6;0.908;420.6;0.896;0.0;0.000;60;0;0;1.143;1.235;1.189;247;268;254;49.98;49.98;49.98;9255;1000;0.0;0;1.0000;0;0
600;2012-10-16 14:10:00;172602N232;549;3.415;34;225;226;226;223;0.911;49.95;420.9;0.650;414.7;0.645;0.0;0.000;60;0;0;0.887;0.942;0.905;172;193;183;49.95;49.95;49.95;9255;1000;0.0;0;1.0000;0;0
600;2012-10-16 14:20:00;172602N232;533;3.503;34;225;225;227;223;0.911;49.96;423.2;0.628;414.9;0.624;0.0;0.000;60;0;0;0.932;0.940;0.861;165;190;176;49.96;49.96;49.96;9255;1000;0.0;0;1.0000;0;0
600;2012-10-16 14:30:00;172602N232;425;3.575;34;225;227;226;223;1.013;49.99;417.9;0.504;412.2;0.495;0.0;0.000;60;0;0;1.043;1.033;0.964;128;155;141;49.99;49.99;49.99;9255;1000;0.0;0;1.0000;0;0
600;2012-10-16 14:40:00;172602N232;548;3.666;34;226;227;227;224;1.083;49.99;424.2;0.645;416.8;0.638;0.0;0.000;60;0;0;1.196;1.115;0.939;171;199;176;49.99;49.99;49.99;9255;1000;0.0;0;1.0000;0;0
600;2012-10-16 14:50:00;172602N232;484;3.747;34;225;226;226;223;0.913;49.99;420.8;0.572;414.9;0.565;0.0;0.000;60;0;0;0.938;0.957;0.844;152;176;155;49.99;49.99;49.99;9255;1000;0.0;0;1.0000;0;0
600;2012-10-16 15:00:00;172602N232;381;3.812;34;224;225;225;223;0.930;50.00;419.3;0.446;412.6;0.441;0.0;0.000;60;0;0;0.976;0.967;0.848;111;140;129;50.00;50.00;50.00;9255;1000;0.0;0;1.0000;0;0
600;2012-10-16 15:10:00;172602N232;344;3.868;34;226;226;227;224;1.225;50.01;418.6;0.401;412.2;0.396;0.0;0.000;60;0;0;1.300;1.290;1.085;85;123;133;50.01;50.01;50.01;9255;1000;0.0;0;1.0000;0;0
600;2012-10-16 15:20:00;172602N232;143;3.892;33;225;225;226;224;0.959;50.00;396.0;0.165;392.0;0.163;0.0;0.000;60;0;0;1.147;0.974;0.758;24;52;66;50.00;50.00;50.00;9255;1000;0.0;0;1.0000;0;0
600;2012-10-16 15:30:00;172602N232;150;3.918;33;225;226;225;225;1.001;49.99;398.4;0.172;395.8;0.170;0.0;0.000;60;0;0;1.271;0.984;0.750;10;82;56;49.99;49.99;49.99;9255;1000;0.0;0;1.0000;0;0
600;2012-10-16 15:40:00;172602N232;182;3.949;33;226;227;225;226;1.076;49.98;404.3;0.210;399.1;0.208;0.0;0.000;60;0;0;1.436;0.963;0.830;20;100;60;49.98;49.98;49.98;9255;1000;0.0;0;1.0000;0;0
600;2012-10-16 15:50:00;172602N232;164;3.977;33;226;227;226;225;1.035;49.99;399.5;0.189;397.6;0.187;0.0;0.000;60;0;0;1.332;1.005;0.770;8;87;70;49.99;49.99;49.99;9255;1000;0.0;0;1.0000;0;0
600;2012-10-16 16:00:00;172602N232;157;4.001;33;226;227;226;225;1.053;49.99;395.8;0.181;395.9;0.178;0.0;0.000;60;0;0;1.491;0.886;0.784;11;82;69;49.99;49.99;49.99;9255;1000;0.0;0;1.0000;0;0
600;2012-10-16 16:10:00;172602N232;153;4.027;32;226;227;226;225;1.100;50.00;396.0;0.179;395.8;0.174;0.0;0.000;60;0;0;1.559;0.951;0.792;6;83;66;50.00;50.00;50.00;9255;1000;0.0;0;1.0000;0;0
600;2012-10-16 16:20:00;172602N232;114;4.047;32;226;228;226;224;1.009;49.98;388.9;0.130;386.6;0.129;0.0;0.000;60;0;0;1.522;0.766;0.740;0;64;62;49.98;49.98;49.98;9255;1000;0.0;0;1.0000;0;0
600;2012-10-16 16:30:00;172602N232;80;4.061;32;225;227;225;223;0.888;49.97;373.9;0.090;378.6;0.088;0.0;0.000;60;0;0;1.309;0.690;0.667;0;53;53;49.97;49.97;49.97;9255;1000;0.0;0;1.0000;0;0
600;2012-10-16 16:40:00;172602N232;82;4.075;32;225;227;224;223;0.855;49.97;373.1;0.091;378.0;0.090;0.0;0.000;60;0;0;1.344;0.622;0.601;0;58;48;49.97;49.97;49.97;9255;1000;0.0;0;1.0000;0;0
600;2012-10-16 16:50:00;172602N232;88;4.089;32;224;227;224;223;0.884;49.98;378.7;0.099;381.9;0.097;0.0;0.000;60;0;0;1.321;0.669;0.663;0;60;54;49.98;49.98;49.98;9255;1000;0.0;0;1.0000;0;0
600;2012-10-16 17:00:00;172602N232;102;4.107;31;222;225;224;216;0.902;50.00;382.2;0.115;384.1;0.111;0.0;0.000;60;0;0;1.300;0.729;0.679;0;65;64;50.00;50.00;50.00;9255;1000;0.0;0;1.0000;0;0
600;2012-10-16 17:10:00;172602N232;51;4.116;31;220;222;222;216;0.663;49.98;354.9;0.051;360.1;0.052;0.0;0.000;60;0;0;0.823;0.688;0.478;5;20;37;49.98;49.98;49.98;9255;1000;0.0;0;1.0000;0;0
600;2012-10-16 17:20:00;172602N232;50;4.124;31;219;220;220;217;0.670;49.97;338.2;0.052;346.5;0.052;0.0;0.000;60;0;0;0.844;0.665;0.501;1;21;39;49.97;49.97;49.97;9255;1000;0.0;0;1.0000;0;0
600;2012-10-16 17:30:00;172602N232;6;4.126;31;219;220;219;217;0.230;49.96;255.8;0.000;255.5;0.002;0.0;0.000;60;0;0;0.298;0.219;0.174;0;7;10;49.96;49.96;49.96;9255;1000;0.0;0;1.0000;0;0
600;2012-10-16 17:40:00;172602N232;0;4.126;30;219;219;221;216;0.030;49.99;257.4;0.000;256.8;0.000;0.0;0.000;50;0;0;0.028;0.041;0.023;0;0;1;49.99;49.99;49.99;9255;1000;0.0;0;1.0000;0;0
600;2012-10-16 17:50:00;172602N232;0;4.126;28;218;220;221;214;0.000;49.98;230.5;0.000;231.5;0.000;0.0;0.000;50;0;0;0.000;0.000;0.000;0;0;0;49.98;49.98;49.98;9255;1000;0.0;0;1.0000;0;0
600;2012-10-16 18:00:00;172602N232;0;4.126;28;220;222;221;215;0.000;50.01;231.5;0.000;232.5;0.000;0.0;0.000;50;0;0;0.000;0.000;0.000;0;0;0;50.01;50.01;50.01;9255;1000;0.0;0;1.0000;0;0
600;2012-10-16 18:10:00;172602N232;0;4.126;27;219;222;222;214;0.000;50.00;234.5;0.000;235.4;0.000;0.0;0.000;50;0;0;0.000;0.000;0.000;0;0;0;50.00;50.00;50.00;9255;1000;0.0;0;1.0000;0;0
600;2012-10-16 18:20:00;172602N232;0;4.126;27;218;221;220;215;0.000;49.97;229.6;0.000;230.6;0.000;0.0;0.000;50;0;0;0.000;0.000;0.000;0;0;0;49.97;49.97;49.97;9255;1000;0.0;0;1.0000;0;0
600;2012-10-16 18:30:00;172602N232;0;4.126;27;217;220;216;216;0.000;49.97;227.8;0.000;228.7;0.000;0.0;0.000;50;0;0;0.000;0.000;0.000;0;0;0;49.97;49.97;49.97;9255;1000;0.0;0;1.0000;0;0
[wr_ende]
