20171106;230001;172602N232;My Plant;+0100
[wr_def_start]
172602N232;Inverter Type;Inverter Group;72602N232      
[wr_def_end]
[wr]
INTERVAL;TIMESTAMP;SERIAL;P_AC;E_DAY;T_WR;U_AC;U_AC_1;U_AC_2;U_AC_3;I_AC;F_AC;U_DC_1;I_DC_1;U_DC_2;I_DC_2;U_DC_3;I_DC_3;S;E_WR;M_WR;I_AC_1;I_AC_2;I_AC_3;P_AC_1;P_AC_2;P_AC_3;F_AC_1;F_AC_2;F_AC_3;R_DC;PC;PCS;PCS_LL;COS_PHI;COS_PHI_LL;S_COS_PHI
600;2017-11-06 06:30:00;172602N232;0;0.000;0;3;3;3;3;0.000;0.81;3.6;0.000;3.6;0.000;0.0;0.000;50;0;0;0.000;0.000;0.000;0;0;0;0.81;0.81;0.81;22;1000;0.0;0;1.0000;0;0
600;2017-11-06 06:40:00;172602N232;0;0.000;19;221;222;224;218;0.000;50.00;235.1;0.000;236.0;0.000;0.0;0.000;50;0;0;0.000;0.000;0.000;0;0;0;50.00;50.00;50.00;0;1000;0.0;0;1.0000;0;0
600;2017-11-06 06:50:00;172602N232;0;0.000;20;222;223;224;218;0.004;49.99;282.7;0.000;281.2;0.000;0.0;0.000;60;0;0;0.005;0.004;0.003;0;0;0;49.99;49.99;49.99;2346;1000;0.0;0;1.0000;0;0
600;2017-11-06 07:00:00;172602N232;8;0.002;21;222;223;223;221;0.206;49.98;311.3;0.003;276.1;0.003;0.0;0.000;60;0;0;0.258;0.200;0.160;0;7;9;49.98;49.98;49.98;4815;1000;0.0;0;1.0000;0;0
600;2017-11-06 07:10:00;172602N232;32;0.009;21;223;224;223;222;0.496;50.02;369.7;0.031;293.3;0.024;0.0;0.000;60;0;0;0.600;0.496;0.394;1;20;21;50.02;50.02;50.02;4889;1000;0.0;0;1.0000;0;0
600;2017-11-06 07:20:00;172602N232;58;0.018;22;223;223;221;223;0.657;50.00;393.9;0.066;356.8;0.044;0.0;0.000;60;0;0;0.712;0.553;0.706;10;40;13;50.00;50.00;50.00;4889;1000;0.0;0;1.0000;0;0
600;2017-11-06 07:30:00;172602N232;88;0.031;22;223;224;220;224;0.919;49.99;407.8;0.108;392.7;0.071;0.0;0.000;60;0;0;0.863;0.718;1.177;28;59;2;49.98;49.98;49.98;4889;1000;0.0;0;1.0000;0;0
600;2017-11-06 07:40:00;172602N232;161;0.058;22;222;223;221;223;0.947;49.99;426.1;0.202;411.8;0.140;0.0;0.000;60;0;0;1.010;0.846;0.985;42;66;52;49.99;49.99;49.99;4889;1000;0.0;0;1.0000;0;0
600;2017-11-06 07:50:00;172602N232;230;0.096;23;223;224;222;223;1.052;50.01;429.5;0.300;417.1;0.203;0.0;0.000;60;0;0;1.159;1.103;0.896;55;97;76;50.01;50.01;50.01;4889;1000;0.0;0;1.0000;0;0
600;2017-11-06 08:00:00;172602N232;171;0.125;23;222;222;222;222;1.023;50.00;421.3;0.224;413.5;0.145;0.0;0.000;60;0;0;1.221;0.948;0.902;40;82;46;50.00;50.00;50.00;4889;1000;0.0;0;1.0000;0;0
600;2017-11-06 08:10:00;172602N232;295;0.174;24;223;224;223;223;1.125;49.99;433.3;0.385;451.1;0.245;0.0;0.000;60;0;0;1.215;1.102;1.058;85;110;98;49.99;49.99;49.99;4889;1000;0.0;0;1.0000;0;0
600;2017-11-06 08:20:00;172602N232;201;0.208;24;224;224;224;223;0.992;50.00;431.0;0.265;444.0;0.151;0.0;0.000;60;0;0;1.094;1.072;0.812;45;86;68;50.00;50.00;50.00;4889;1000;0.0;0;1.0000;0;0
600;2017-11-06 08:30:00;172602N232;227;0.245;24;225;225;226;223;1.064;49.99;455.6;0.296;443.9;0.162;0.0;0.000;60;0;0;1.167;1.280;0.745;54;93;78;49.99;49.99;49.99;4889;1000;0.0;0;1.0000;0;0
600;2017-11-06 08:40:00;172602N232;325;0.300;24;224;225;224;223;1.135;50.00;422.7;0.590;454.0;0.181;0.0;0.000;60;0;0;1.360;1.162;0.885;95;136;91;50.00;50.00;50.00;4889;1000;0.0;0;1.0000;0;0
600;2017-11-06 08:50:00;172602N232;518;0.386;25;224;225;225;223;0.973;50.00;348.2;1.187;457.7;0.212;0.0;0.000;60;0;0;0.979;1.003;0.938;165;181;170;50.00;50.00;50.00;4889;1000;0.0;0;1.0000;0;0
600;2017-11-06 09:00:00;172602N232;642;0.494;25;224;225;224;223;1.275;50.01;384.4;1.363;461.2;0.237;0.0;0.000;60;0;0;1.377;1.196;1.252;214;211;215;50.01;50.01;50.01;4889;1000;0.0;0;1.0000;0;0
600;2017-11-06 09:10:00;172602N232;758;0.620;26;224;225;226;222;1.223;49.99;416.6;1.512;466.2;0.253;0.0;0.000;60;0;0;1.223;1.238;1.208;245;260;251;49.99;49.99;49.99;4889;1000;0.0;0;1.0000;0;0
600;2017-11-06 09:20:00;172602N232;854;0.762;26;224;224;225;222;1.327;50.00;441.7;1.622;473.0;0.268;0.0;0.000;60;0;0;1.289;1.361;1.333;274;295;283;50.00;50.00;50.00;4889;1000;0.0;0;1.0000;0;0
600;2017-11-06 09:30:00;172602N232;919;0.915;27;224;224;226;222;1.415;50.01;441.3;1.754;475.0;0.284;0.0;0.000;60;0;0;1.373;1.449;1.423;295;317;305;50.01;50.01;50.01;4889;1000;0.0;0;1.0000;0;0
600;2017-11-06 09:40:00;172602N232;972;1.078;27;224;224;225;222;1.486;50.00;439.0;1.873;467.3;0.303;0.0;0.000;60;0;0;1.437;1.529;1.494;312;336;323;50.00;50.00;50.00;4889;1000;0.0;0;1.0000;0;0
600;2017-11-06 09:50:00;172602N232;1026;1.249;28;223;225;222;223;1.600;50.00;438.3;1.990;445.0;0.336;0.0;0.000;60;0;0;1.587;1.614;1.599;338;345;341;50.00;50.00;50.00;4889;1000;0.0;0;1.0000;0;0
600;2017-11-06 10:00:00;172602N232;1083;1.430;28;224;225;224;223;1.697;50.01;437.0;2.108;419.1;0.378;0.0;0.000;60;0;0;1.688;1.708;1.695;356;366;360;50.01;50.01;50.01;4889;1000;0.0;0;1.0000;0;0
600;2017-11-06 10:10:00;172602N232;1135;1.619;29;224;224;222;224;1.767;49.99;436.5;2.207;438.5;0.382;0.0;0.000;60;0;0;1.764;1.762;1.776;375;378;380;49.99;49.99;49.99;4889;1000;0.0;0;1.0000;0;0
600;2017-11-06 10:20:00;172602N232;1297;1.835;29;223;224;223;223;1.996;49.99;436.4;2.297;324.8;1.081;0.0;0.000;60;0;0;1.981;2.008;1.999;426;437;432;49.99;49.99;49.99;4889;1000;0.0;0;1.0000;0;0
600;2017-11-06 10:30:00;172602N232;1424;2.073;29;224;224;226;224;2.135;50.00;435.5;2.369;265.9;1.535;0.0;0.000;60;0;0;2.080;2.184;2.143;460;488;474;50.00;50.00;50.00;4889;1000;0.0;0;1.0000;0;0
600;2017-11-06 10:40:00;172602N232;1511;2.326;30;224;224;226;223;2.263;50.00;428.6;2.437;260.0;1.865;0.0;0.000;60;0;0;2.206;2.317;2.267;489;518;502;50.00;50.00;50.00;4889;1000;0.0;0;1.0000;0;0
600;2017-11-06 10:50:00;172602N232;1504;2.577;30;224;224;225;225;2.247;50.00;395.1;2.472;270.8;2.025;0.0;0.000;60;0;0;2.191;2.280;2.270;486;509;506;50.00;50.00;50.00;4889;1000;0.0;0;1.0000;0;0
600;2017-11-06 11:00:00;172602N232;1454;2.817;30;225;224;226;224;2.172;50.00;334.5;2.569;264.1;2.361;0.0;0.000;60;0;0;2.119;2.218;2.180;471;497;484;50.00;50.00;50.00;4889;1000;0.0;0;1.0000;0;0
600;2017-11-06 11:10:00;172602N232;1339;3.042;31;225;225;227;224;2.039;49.99;280.2;2.545;286.8;2.294;0.0;0.000;60;0;0;1.994;2.087;2.037;433;459;445;49.99;49.99;49.99;4889;1000;0.0;0;1.0000;0;0
600;2017-11-06 11:20:00;172602N232;1068;3.220;31;226;225;226;225;1.650;50.01;275.8;1.508;310.3;2.259;0.0;0.000;60;0;0;1.609;1.682;1.659;345;364;357;50.01;50.01;50.01;4889;1000;0.0;0;1.0000;0;0
600;2017-11-06 11:30:00;172602N232;952;3.379;31;225;226;225;226;1.447;50.01;456.9;0.491;336.0;2.190;0.0;0.000;60;0;0;1.406;1.473;1.462;307;322;321;50.01;50.01;50.01;4889;1000;0.0;0;1.0000;0;0
600;2017-11-06 11:40:00;172602N232;1045;3.554;31;226;225;228;224;1.602;50.00;460.0;0.638;347.1;2.198;0.0;0.000;60;0;0;1.556;1.647;1.605;334;362;347;50.00;50.00;50.00;4889;1000;0.0;0;1.0000;0;0
600;2017-11-06 11:50:00;172602N232;1016;3.723;32;225;224;227;225;1.569;49.99;458.5;0.780;364.7;1.831;0.0;0.000;60;0;0;1.522;1.608;1.578;325;350;340;49.99;49.99;49.99;4889;1000;0.0;0;1.0000;0;0
600;2017-11-06 12:00:00;172602N232;684;3.836;32;225;225;225;224;1.169;50.00;439.7;0.619;383.5;1.065;0.0;0.000;60;0;0;1.147;1.192;1.168;217;234;231;50.00;50.00;50.00;4889;1000;0.0;0;1.0000;0;0
600;2017-11-06 12:10:00;172602N232;459;3.913;32;224;224;225;223;1.146;50.01;440.0;0.361;370.6;0.830;0.0;0.000;60;0;0;1.224;1.166;1.050;141;164;153;50.01;50.01;50.01;4889;1000;0.0;0;1.0000;0;0
600;2017-11-06 12:20:00;172602N232;742;4.037;32;225;225;227;224;1.152;50.00;472.5;0.390;331.8;1.679;0.0;0.000;60;0;0;1.103;1.196;1.157;235;258;247;50.00;50.00;50.00;4889;1000;0.0;0;1.0000;0;0
600;2017-11-06 12:30:00;172602N232;573;4.133;32;225;225;227;222;0.898;50.00;472.3;0.367;313.0;1.269;0.0;0.000;60;0;0;0.845;0.949;0.900;178;203;190;50.00;50.00;50.00;4889;1000;0.0;0;1.0000;0;0
600;2017-11-06 12:40:00;172602N232;661;4.244;32;225;226;225;224;1.047;49.99;361.9;1.346;278.6;0.819;0.0;0.000;60;0;0;1.026;1.069;1.046;211;227;221;49.99;49.99;49.99;4889;1000;0.0;0;1.0000;0;0
600;2017-11-06 12:50:00;172602N232;697;4.359;32;224;226;224;224;1.122;50.00;326.3;1.649;452.5;0.351;0.0;0.000;60;0;0;1.122;1.126;1.120;225;236;233;50.00;50.00;50.00;4889;1000;0.0;0;1.0000;0;0
600;2017-11-06 13:00:00;172602N232;696;4.476;32;224;226;223;224;1.144;50.00;357.6;1.528;453.4;0.323;0.0;0.000;60;0;0;1.154;1.132;1.146;227;233;234;50.00;50.00;50.00;4889;1000;0.0;0;1.0000;0;0
600;2017-11-06 13:10:00;172602N232;712;4.595;32;225;226;225;224;1.110;50.00;392.4;1.442;450.5;0.308;0.0;0.000;60;0;0;1.070;1.140;1.122;227;245;239;50.00;50.00;50.00;4889;1000;0.0;0;1.0000;0;0
600;2017-11-06 13:20:00;172602N232;680;4.709;32;225;225;224;224;1.145;49.97;387.5;1.402;445.2;0.297;0.0;0.000;60;0;0;1.146;1.147;1.143;217;231;230;49.97;49.97;49.97;4889;1000;0.0;0;1.0000;0;0
600;2017-11-06 13:30:00;172602N232;658;4.818;32;225;225;225;224;1.022;49.99;410.2;1.267;440.8;0.294;0.0;0.000;60;0;0;0.976;1.056;1.036;208;226;222;49.99;49.99;49.99;4889;1000;0.0;0;1.0000;0;0
600;2017-11-06 13:40:00;172602N232;553;4.911;32;225;224;226;224;1.024;50.00;384.6;1.085;441.1;0.284;0.0;0.000;60;0;0;1.011;1.053;1.008;175;193;183;50.00;50.00;50.00;4889;1000;0.0;0;1.0000;0;0
600;2017-11-06 13:50:00;172602N232;445;4.985;32;225;223;227;224;0.711;50.00;356.2;0.879;447.8;0.275;0.0;0.000;60;0;0;0.650;0.756;0.729;133;159;152;50.00;50.00;50.00;4889;1000;0.0;0;1.0000;0;0
600;2017-11-06 14:00:00;172602N232;349;5.044;32;224;223;226;224;1.089;49.99;336.8;0.612;437.7;0.307;0.0;0.000;60;0;0;1.069;1.187;1.012;110;116;122;49.99;49.99;49.99;4889;1000;0.0;0;1.0000;0;0
600;2017-11-06 14:10:00;172602N232;350;5.102;32;224;224;225;223;1.167;50.01;282.8;0.586;424.3;0.422;0.0;0.000;60;0;0;1.160;1.283;1.058;102;120;126;50.02;50.02;50.02;4889;1000;0.0;0;1.0000;0;0
600;2017-11-06 14:20:00;172602N232;261;5.146;31;225;224;224;225;1.113;50.01;369.7;0.322;422.4;0.321;0.0;0.000;60;0;0;1.091;1.236;1.014;77;106;76;50.01;50.01;50.01;4889;1000;0.0;0;1.0000;0;0
600;2017-11-06 14:30:00;172602N232;213;5.182;31;225;224;225;225;1.005;49.99;425.3;0.209;418.7;0.255;0.0;0.000;60;0;0;1.087;1.173;0.756;65;87;59;49.99;49.99;49.99;4889;1000;0.0;0;1.0000;0;0
600;2017-11-06 14:40:00;172602N232;174;5.210;31;224;227;227;217;1.046;49.98;415.3;0.171;397.9;0.218;0.0;0.000;60;0;0;1.497;0.877;0.765;17;80;80;49.98;49.98;49.98;4889;1000;0.0;0;1.0000;0;0
600;2017-11-06 14:50:00;172602N232;137;5.233;30;223;227;227;216;0.976;49.99;398.1;0.127;421.5;0.166;0.0;0.000;60;0;0;1.361;0.831;0.738;7;59;71;49.99;49.99;49.99;4889;1000;0.0;0;1.0000;0;0
600;2017-11-06 15:00:00;172602N232;102;5.251;30;223;228;227;215;0.959;49.99;385.1;0.100;404.9;0.117;0.0;0.000;60;0;0;1.435;0.723;0.720;0;56;62;49.99;49.99;49.99;4889;1000;0.0;0;1.0000;0;0
600;2017-11-06 15:10:00;172602N232;66;5.262;30;223;227;227;215;0.909;50.02;378.2;0.067;374.2;0.072;0.0;0.000;60;0;0;1.321;0.752;0.656;0;38;52;50.02;50.02;50.02;4889;1000;0.0;0;1.0000;0;0
600;2017-11-06 15:20:00;172602N232;39;5.269;30;223;227;227;215;0.534;50.01;348.0;0.032;343.6;0.036;0.0;0.000;60;0;0;0.699;0.501;0.404;0;26;32;50.01;50.01;50.01;4889;1000;0.0;0;1.0000;0;0
600;2017-11-06 15:30:00;172602N232;10;5.272;29;223;228;227;213;0.245;50.00;269.6;0.003;265.1;0.006;0.0;0.000;60;0;0;0.355;0.205;0.175;0;11;13;50.00;50.00;50.00;4889;1000;0.0;0;1.0000;0;0
600;2017-11-06 15:40:00;172602N232;0;5.271;29;223;227;226;216;0.019;49.99;269.8;0.000;269.3;0.000;0.0;0.000;50;0;0;0.025;0.017;0.016;0;0;0;49.99;49.99;49.99;4889;1000;0.0;0;1.0000;0;0
600;2017-11-06 15:50:00;172602N232;0;5.271;28;223;224;226;220;0.000;49.97;262.8;0.000;262.7;0.000;0.0;0.000;50;0;0;0.000;0.000;0.000;0;0;0;49.97;49.97;49.97;4889;1000;0.0;0;1.0000;0;0
600;2017-11-06 16:00:00;172602N232;0;5.271;27;222;222;225;220;0.000;49.96;228.5;0.000;229.4;0.000;0.0;0.000;50;0;0;0.000;0.000;0.000;0;0;0;49.96;49.96;49.96;4889;1000;0.0;0;1.0000;0;0
[wr_ende]
