20141031;230003;172602N232;My Plant;+0100
[wr_def_start]
172602N232;Inverter Type;Inverter Group;72602N232      
[wr_def_end]
[wr]
INTERVAL;TIMESTAMP;SERIAL;P_AC;E_DAY;T_WR;U_AC;U_AC_1;U_AC_2;U_AC_3;I_AC;F_AC;U_DC_1;I_DC_1;U_DC_2;I_DC_2;U_DC_3;I_DC_3;S;E_WR;M_WR;I_AC_1;I_AC_2;I_AC_3;P_AC_1;P_AC_2;P_AC_3;F_AC_1;F_AC_2;F_AC_3;R_DC;PC;PCS;PCS_LL;COS_PHI;COS_PHI_LL;S_COS_PHI
600;2014-10-31 06:50:00;172602N232;0;0.000;0;2;2;2;2;0.000;0.47;2.1;0.000;2.1;0.000;0.0;0.000;50;0;0;0.000;0.000;0.000;0;0;0;0.47;0.47;0.47;28;1000;0.0;0;1.0000;0;0
600;2014-10-31 07:00:00;172602N232;0;0.000;20;219;219;222;216;0.000;49.99;230.1;0.000;231.0;0.000;0.0;0.000;50;0;0;0.000;0.000;0.000;0;0;0;49.99;49.99;49.99;0;1000;0.0;0;1.0000;0;0
600;2014-10-31 07:10:00;172602N232;0;0.000;22;221;221;223;218;0.000;49.99;247.0;0.000;247.7;0.000;0.0;0.000;50;0;0;0.000;0.000;0.000;0;0;0;49.99;49.99;49.99;0;1000;0.0;0;1.0000;0;0
600;2014-10-31 07:20:00;172602N232;0;0.000;22;221;220;223;220;0.050;49.98;269.1;0.000;268.6;0.000;0.0;0.000;60;0;0;0.041;0.075;0.036;0;0;1;49.98;49.98;49.98;3131;1000;0.0;0;1.0000;0;0
600;2014-10-31 07:30:00;172602N232;0;0.000;23;221;220;222;219;0.046;50.00;271.8;0.000;271.1;0.000;0.0;0.000;80;0;0;0.049;0.056;0.035;0;0;1;50.00;50.00;50.00;3992;1000;0.0;0;1.0000;0;0
600;2014-10-31 07:40:00;172602N232;3;0.001;23;221;221;223;219;0.169;50.00;270.6;0.000;269.8;0.001;0.0;0.000;60;0;0;0.163;0.225;0.121;1;0;6;50.00;50.00;50.00;4146;1000;0.0;0;1.0000;0;0
600;2014-10-31 07:50:00;172602N232;5;0.002;24;220;220;221;220;0.198;50.01;256.3;0.000;255.1;0.001;0.0;0.000;60;0;0;0.246;0.197;0.151;0;5;6;50.01;50.01;50.01;4141;1000;0.0;0;1.0000;0;0
600;2014-10-31 08:00:00;172602N232;9;0.004;24;220;219;221;220;0.263;49.99;264.4;0.001;268.6;0.005;0.0;0.000;60;0;0;0.224;0.366;0.200;7;1;6;49.99;49.99;49.99;4141;1000;0.0;0;1.0000;0;0
600;2014-10-31 08:10:00;172602N232;8;0.005;25;220;220;221;220;0.246;50.00;260.3;0.001;268.8;0.003;0.0;0.000;60;0;0;0.279;0.272;0.187;2;5;8;50.00;50.00;50.00;4141;1000;0.0;0;1.0000;0;0
600;2014-10-31 08:20:00;172602N232;36;0.012;25;220;221;222;218;0.484;49.99;338.0;0.031;350.5;0.035;0.0;0.000;60;0;0;0.595;0.501;0.358;0;21;25;49.99;49.99;49.99;4141;1000;0.0;0;1.0000;0;0
600;2014-10-31 08:30:00;172602N232;36;0.019;25;219;220;221;218;0.527;50.00;336.9;0.032;352.6;0.034;0.0;0.000;60;0;0;0.569;0.603;0.411;2;13;29;50.00;50.00;50.00;4141;1000;0.0;0;1.0000;0;0
600;2014-10-31 08:40:00;172602N232;11;0.021;25;220;220;222;219;0.333;50.00;272.1;0.006;288.4;0.008;0.0;0.000;60;0;0;0.360;0.428;0.213;4;0;12;50.00;50.00;50.00;4141;1000;0.0;0;1.0000;0;0
600;2014-10-31 08:50:00;172602N232;2;0.021;26;221;221;223;220;0.155;50.02;252.2;0.000;254.2;0.000;0.0;0.000;60;0;0;0.161;0.205;0.099;2;0;5;50.02;50.02;50.02;4141;1000;0.0;0;1.0000;0;0
600;2014-10-31 09:00:00;172602N232;20;0.025;26;220;221;222;218;0.382;50.01;296.9;0.014;310.4;0.017;0.0;0.000;60;0;0;0.464;0.416;0.266;3;6;17;50.01;50.01;50.01;4141;1000;0.0;0;1.0000;0;0
600;2014-10-31 09:10:00;172602N232;41;0.031;26;220;220;221;218;0.604;50.03;345.5;0.039;355.3;0.042;0.0;0.000;60;0;0;0.648;0.729;0.437;4;9;29;50.03;50.03;50.03;4141;1000;0.0;0;1.0000;0;0
600;2014-10-31 09:20:00;172602N232;36;0.036;26;221;220;222;220;0.595;50.03;334.5;0.033;349.2;0.037;0.0;0.000;60;0;0;0.526;0.819;0.440;14;0;29;50.03;50.03;50.03;4141;1000;0.0;0;1.0000;0;0
600;2014-10-31 09:30:00;172602N232;67;0.048;26;221;220;221;220;0.746;50.02;372.5;0.071;374.1;0.075;0.0;0.000;60;0;0;0.773;0.848;0.619;14;18;33;50.02;50.02;50.02;4141;1000;0.0;0;1.0000;0;0
600;2014-10-31 09:40:00;172602N232;73;0.061;27;221;221;222;221;0.771;49.99;373.6;0.079;375.5;0.082;0.0;0.000;60;0;0;0.795;0.837;0.682;17;20;34;49.99;49.99;49.99;4141;1000;0.0;0;1.0000;0;0
600;2014-10-31 09:50:00;172602N232;65;0.071;27;221;221;222;220;0.758;49.99;370.2;0.070;372.1;0.073;0.0;0.000;60;0;0;0.887;0.812;0.577;4;22;40;49.99;49.99;49.99;4141;1000;0.0;0;1.0000;0;0
600;2014-10-31 10:00:00;172602N232;89;0.086;27;221;220;222;221;0.871;50.00;381.5;0.099;380.2;0.103;0.0;0.000;60;0;0;0.804;1.104;0.706;23;14;50;50.00;50.00;50.00;4141;1000;0.0;0;1.0000;0;0
600;2014-10-31 10:10:00;172602N232;118;0.106;27;221;220;221;221;0.880;49.98;390.2;0.133;387.6;0.137;0.0;0.000;60;0;0;0.857;1.016;0.769;24;39;53;49.98;49.98;49.98;4141;1000;0.0;0;1.0000;0;0
600;2014-10-31 10:20:00;172602N232;171;0.134;28;222;222;222;221;0.997;49.98;401.0;0.196;396.8;0.201;0.0;0.000;60;0;0;1.265;0.976;0.751;35;76;58;49.98;49.98;49.98;4141;1000;0.0;0;1.0000;0;0
600;2014-10-31 10:30:00;172602N232;184;0.165;28;222;223;222;222;0.980;49.99;402.2;0.211;398.0;0.215;0.0;0.000;60;0;0;1.380;0.783;0.778;41;81;60;49.99;49.99;49.99;4141;1000;0.0;0;1.0000;0;0
600;2014-10-31 10:40:00;172602N232;165;0.193;28;223;223;223;223;0.993;49.99;399.8;0.189;395.4;0.194;0.0;0.000;60;0;0;1.304;0.902;0.775;33;85;46;49.99;49.99;49.99;4141;1000;0.0;0;1.0000;0;0
600;2014-10-31 10:50:00;172602N232;193;0.225;28;223;223;223;223;0.960;50.00;403.9;0.221;398.1;0.228;0.0;0.000;60;0;0;1.283;0.787;0.811;56;76;59;50.00;50.00;50.00;4141;1000;0.0;0;1.0000;0;0
600;2014-10-31 11:00:00;172602N232;183;0.256;29;223;223;223;223;0.931;49.99;401.1;0.210;396.9;0.217;0.0;0.000;60;0;0;1.061;0.919;0.813;46;70;66;49.99;49.99;49.99;4141;1000;0.0;0;1.0000;0;0
600;2014-10-31 11:10:00;172602N232;158;0.282;29;224;223;225;223;0.934;50.00;399.4;0.179;394.7;0.185;0.0;0.000;60;0;0;0.907;1.161;0.736;27;61;67;50.00;50.00;50.00;4141;1000;0.0;0;1.0000;0;0
600;2014-10-31 11:20:00;172602N232;150;0.308;29;223;223;224;222;0.933;50.00;399.4;0.170;394.2;0.176;0.0;0.000;60;0;0;1.063;0.999;0.737;18;63;68;50.00;50.00;50.00;4141;1000;0.0;0;1.0000;0;0
600;2014-10-31 11:30:00;172602N232;250;0.350;29;224;223;225;223;1.095;50.00;411.5;0.288;405.2;0.296;0.0;0.000;60;0;0;1.147;1.227;0.913;66;86;95;50.00;50.00;50.00;4141;1000;0.0;0;1.0000;0;0
600;2014-10-31 11:40:00;172602N232;239;0.390;29;224;224;226;223;1.090;50.00;408.7;0.276;402.5;0.283;0.0;0.000;60;0;0;1.156;1.271;0.844;56;90;91;50.00;50.00;50.00;4141;1000;0.0;0;1.0000;0;0
600;2014-10-31 11:50:00;172602N232;192;0.422;29;224;224;226;223;0.978;50.01;400.9;0.222;396.4;0.227;0.0;0.000;60;0;0;1.009;1.168;0.758;37;68;85;50.01;50.01;50.01;4141;1000;0.0;0;1.0000;0;0
600;2014-10-31 12:00:00;172602N232;204;0.457;30;224;224;226;222;1.023;50.00;402.4;0.237;396.9;0.243;0.0;0.000;60;0;0;1.198;1.078;0.795;44;74;84;50.00;50.00;50.00;4141;1000;0.0;0;1.0000;0;0
600;2014-10-31 12:10:00;172602N232;261;0.500;30;222;222;223;220;1.131;50.00;408.9;0.304;401.6;0.312;0.0;0.000;60;0;0;1.335;1.189;0.869;60;102;97;50.00;50.00;50.00;4141;1000;0.0;0;1.0000;0;0
600;2014-10-31 12:20:00;172602N232;259;0.543;30;221;222;222;219;1.142;50.01;408.8;0.302;401.2;0.310;0.0;0.000;60;0;0;1.309;1.212;0.905;48;108;102;50.01;50.01;50.01;4141;1000;0.0;0;1.0000;0;0
600;2014-10-31 12:30:00;172602N232;366;0.605;30;221;221;223;220;1.027;50.01;415.5;0.427;407.2;0.438;0.0;0.000;60;0;0;1.076;1.038;0.968;99;129;135;50.01;50.01;50.01;4141;1000;0.0;0;1.0000;0;0
600;2014-10-31 12:40:00;172602N232;300;0.655;30;222;222;222;222;1.066;49.99;410.3;0.350;403.0;0.359;0.0;0.000;60;0;0;1.161;1.109;0.929;87;122;88;49.99;49.99;49.99;4141;1000;0.0;0;1.0000;0;0
600;2014-10-31 12:50:00;172602N232;207;0.689;30;222;222;220;222;1.016;49.99;400.3;0.241;395.1;0.247;0.0;0.000;60;0;0;1.245;0.980;0.823;47;105;54;49.99;49.99;49.99;4141;1000;0.0;0;1.0000;0;0
600;2014-10-31 13:00:00;172602N232;142;0.713;30;221;222;220;222;0.890;50.00;391.1;0.164;386.7;0.169;0.0;0.000;60;0;0;1.054;0.823;0.793;7;80;55;50.00;50.00;50.00;4141;1000;0.0;0;1.0000;0;0
600;2014-10-31 13:10:00;172602N232;163;0.740;30;221;221;220;221;0.990;49.98;395.2;0.189;391.0;0.193;0.0;0.000;60;0;0;1.322;0.861;0.788;22;91;48;49.98;49.98;49.98;4141;1000;0.0;0;1.0000;0;0
600;2014-10-31 13:20:00;172602N232;252;0.782;30;222;222;222;222;1.073;49.99;405.8;0.295;399.8;0.302;0.0;0.000;60;0;0;1.236;0.974;1.009;68;97;85;49.99;49.99;49.99;4141;1000;0.0;0;1.0000;0;0
600;2014-10-31 13:30:00;172602N232;249;0.825;30;223;223;223;222;1.079;50.01;405.9;0.292;398.5;0.299;0.0;0.000;60;0;0;1.252;1.168;0.819;66;109;72;50.01;50.01;50.01;4141;1000;0.0;0;1.0000;0;0
600;2014-10-31 13:40:00;172602N232;247;0.865;30;220;219;222;219;1.064;49.98;405.4;0.289;398.5;0.296;0.0;0.000;60;0;0;1.081;1.226;0.887;67;88;90;49.98;49.98;49.98;4141;1000;0.0;0;1.0000;0;0
600;2014-10-31 13:50:00;172602N232;251;0.906;30;221;220;222;220;1.066;49.98;405.8;0.295;398.7;0.302;0.0;0.000;60;0;0;1.018;1.248;0.932;68;89;93;49.98;49.98;49.98;4141;1000;0.0;0;1.0000;0;0
600;2014-10-31 14:00:00;172602N232;214;0.942;30;222;220;224;221;1.013;50.00;401.0;0.250;395.2;0.256;0.0;0.000;60;0;0;0.920;1.322;0.797;59;70;83;50.00;50.00;50.00;4141;1000;0.0;0;1.0000;0;0
600;2014-10-31 14:10:00;172602N232;162;0.970;30;221;221;223;220;0.925;50.00;394.0;0.189;389.7;0.193;0.0;0.000;60;0;0;0.813;1.261;0.703;29;54;77;50.00;50.00;50.00;4141;1000;0.0;0;1.0000;0;0
600;2014-10-31 14:20:00;172602N232;148;0.996;31;221;220;223;220;0.936;49.98;392.7;0.171;388.0;0.175;0.0;0.000;60;0;0;0.795;1.279;0.735;36;36;74;49.98;49.98;49.98;4141;1000;0.0;0;1.0000;0;0
600;2014-10-31 14:30:00;172602N232;106;1.013;31;222;221;223;221;0.918;49.99;381.6;0.122;379.5;0.125;0.0;0.000;60;0;0;0.862;1.159;0.734;27;16;62;49.99;49.99;49.99;4141;1000;0.0;0;1.0000;0;0
600;2014-10-31 14:40:00;172602N232;77;1.027;31;222;222;223;222;0.847;50.00;372.3;0.087;372.3;0.091;0.0;0.000;60;0;0;0.899;0.962;0.680;10;17;49;50.00;50.00;50.00;4141;1000;0.0;0;1.0000;0;0
600;2014-10-31 14:50:00;172602N232;58;1.036;31;222;223;222;222;0.714;50.01;360.4;0.062;364.5;0.065;0.0;0.000;60;0;0;1.022;0.576;0.545;0;37;31;50.01;50.01;50.01;4141;1000;0.0;0;1.0000;0;0
600;2014-10-31 15:00:00;172602N232;45;1.044;30;222;222;221;223;0.571;50.00;345.6;0.045;352.9;0.048;0.0;0.000;60;0;0;0.608;0.521;0.586;10;27;10;50.00;50.00;50.00;4141;1000;0.0;0;1.0000;0;0
600;2014-10-31 15:10:00;172602N232;23;1.049;30;223;223;223;221;0.438;49.99;301.9;0.019;322.4;0.022;0.0;0.000;60;0;0;0.548;0.452;0.315;4;14;21;49.99;49.99;49.99;4141;1000;0.0;0;1.0000;0;0
600;2014-10-31 15:20:00;172602N232;10;1.051;30;222;221;224;221;0.309;49.99;263.5;0.004;283.1;0.006;0.0;0.000;60;0;0;0.315;0.409;0.203;5;0;12;49.99;49.99;49.99;4141;1000;0.0;0;1.0000;0;0
600;2014-10-31 15:30:00;172602N232;5;1.051;30;222;222;223;222;0.205;49.99;255.3;0.000;258.7;0.001;0.0;0.000;60;0;0;0.243;0.221;0.151;1;4;6;49.99;49.99;49.99;4141;1000;0.0;0;1.0000;0;0
600;2014-10-31 15:40:00;172602N232;8;1.053;30;222;223;223;221;0.249;50.01;263.9;0.000;258.8;0.004;0.0;0.000;60;0;0;0.353;0.219;0.177;0;9;10;50.01;50.01;50.01;4141;1000;0.0;0;1.0000;0;0
600;2014-10-31 15:50:00;172602N232;0;1.053;30;222;223;223;219;0.054;49.99;251.4;0.000;251.9;0.000;0.0;0.000;60;0;0;0.075;0.051;0.038;0;1;2;49.99;49.99;49.99;4141;1000;0.0;0;1.0000;0;0
600;2014-10-31 16:00:00;172602N232;0;1.053;29;221;222;223;217;0.002;49.98;243.4;0.000;243.9;0.000;0.0;0.000;50;0;0;0.006;0.000;0.000;0;0;0;49.98;49.98;49.98;4141;1000;0.0;0;1.0000;0;0
600;2014-10-31 16:10:00;172602N232;0;1.053;28;220;222;223;216;0.000;49.97;229.2;0.000;230.1;0.000;0.0;0.000;50;0;0;0.000;0.000;0.000;0;0;0;49.97;49.97;49.97;4141;1000;0.0;0;1.0000;0;0
[wr_ende]
