20150506;230002;172602N232;My Plant;+0100
[wr_def_start]
172602N232;Inverter Type;Inverter Group;72602N232      
[wr_def_end]
[wr]
INTERVAL;TIMESTAMP;SERIAL;P_AC;E_DAY;T_WR;U_AC;U_AC_1;U_AC_2;U_AC_3;I_AC;F_AC;U_DC_1;I_DC_1;U_DC_2;I_DC_2;U_DC_3;I_DC_3;S;E_WR;M_WR;I_AC_1;I_AC_2;I_AC_3;P_AC_1;P_AC_2;P_AC_3;F_AC_1;F_AC_2;F_AC_3;R_DC;PC;PCS;PCS_LL;COS_PHI;COS_PHI_LL;S_COS_PHI
600;2015-05-06 04:40:00;172602N232;0;0.000;0;5;5;5;5;0.000;1.33;5.9;0.000;5.9;0.000;0.0;0.000;50;0;0;0.000;0.000;0.000;0;0;0;1.33;1.33;1.33;76;1000;0.0;0;1.0000;0;0
600;2015-05-06 04:50:00;172602N232;0;0.000;23;222;222;225;219;0.000;50.02;229.4;0.000;230.3;0.000;0.0;0.000;50;0;0;0.000;0.000;0.000;0;0;0;50.02;50.02;50.02;0;1000;0.0;0;1.0000;0;0
600;2015-05-06 05:00:00;172602N232;0;0.000;25;222;222;225;219;0.000;50.01;273.6;0.000;273.6;0.000;0.0;0.000;51;0;0;0.000;0.000;0.000;0;0;0;50.01;50.01;50.01;380;1000;0.0;0;1.0000;0;0
600;2015-05-06 05:10:00;172602N232;1;0.000;25;221;222;223;220;0.073;50.00;274.1;0.000;276.0;0.000;0.0;0.000;60;0;0;0.085;0.077;0.057;0;1;2;50.00;50.00;50.00;4396;1000;0.0;0;1.0000;0;0
600;2015-05-06 05:20:00;172602N232;18;0.003;25;224;224;225;223;0.403;50.01;305.5;0.008;322.1;0.011;0.0;0.000;60;0;0;0.471;0.480;0.258;7;2;16;50.01;50.01;50.01;4516;1000;0.0;0;1.0000;0;0
600;2015-05-06 05:30:00;172602N232;39;0.009;26;225;225;226;224;0.587;50.00;352.5;0.033;363.9;0.034;0.0;0.000;60;0;0;0.654;0.691;0.417;3;9;27;50.00;50.00;50.00;4516;1000;0.0;0;1.0000;0;0
600;2015-05-06 05:40:00;172602N232;57;0.019;26;225;224;226;224;0.740;50.04;374.9;0.056;381.1;0.057;0.0;0.000;60;0;0;0.672;1.005;0.544;17;1;41;50.04;50.04;50.04;4516;1000;0.0;0;1.0000;0;0
600;2015-05-06 05:50:00;172602N232;74;0.030;27;225;225;227;223;0.873;50.00;388.3;0.078;390.2;0.078;0.0;0.000;60;0;0;0.861;1.084;0.675;11;10;53;50.00;50.00;50.00;4516;1000;0.0;0;1.0000;0;0
600;2015-05-06 06:00:00;172602N232;91;0.047;27;225;224;226;224;0.895;50.00;395.1;0.098;396.4;0.097;0.0;0.000;60;0;0;0.926;1.039;0.721;13;21;57;50.00;50.00;50.00;4516;1000;0.0;0;1.0000;0;0
600;2015-05-06 06:10:00;172602N232;109;0.065;28;224;224;226;222;0.899;49.99;401.6;0.118;402.2;0.116;0.0;0.000;60;0;0;0.835;1.139;0.725;24;18;65;49.99;49.99;49.99;4516;1000;0.0;0;1.0000;0;0
600;2015-05-06 06:20:00;172602N232;124;0.086;28;222;221;225;220;0.915;49.98;406.9;0.136;406.8;0.132;0.0;0.000;60;0;0;0.748;1.273;0.724;40;13;69;49.98;49.98;49.98;4516;1000;0.0;0;1.0000;0;0
600;2015-05-06 06:30:00;172602N232;139;0.109;28;221;219;224;220;0.943;49.99;411.8;0.153;411.9;0.147;0.0;0.000;60;0;0;0.727;1.377;0.726;56;9;72;49.99;49.99;49.99;4516;1000;0.0;0;1.0000;0;0
600;2015-05-06 06:40:00;172602N232;149;0.133;29;220;218;222;221;0.933;50.03;411.5;0.167;413.3;0.158;0.0;0.000;60;0;0;0.759;1.275;0.765;56;25;67;50.03;50.03;50.03;4516;1000;0.0;0;1.0000;0;0
600;2015-05-06 06:50:00;172602N232;163;0.161;29;221;221;220;221;0.929;50.01;413.9;0.183;415.3;0.171;0.0;0.000;60;0;0;0.927;0.975;0.885;27;65;69;50.01;50.01;50.01;4516;1000;0.0;0;1.0000;0;0
600;2015-05-06 07:00:00;172602N232;178;0.191;29;220;220;219;221;0.935;49.99;416.2;0.202;416.0;0.186;0.0;0.000;60;0;0;1.044;0.922;0.841;41;88;47;49.99;49.99;49.99;4516;1000;0.0;0;1.0000;0;0
600;2015-05-06 07:10:00;172602N232;194;0.223;29;222;223;222;223;0.961;50.00;423.3;0.221;417.6;0.202;0.0;0.000;60;0;0;1.067;0.847;0.970;36;71;85;50.00;50.00;50.00;4516;1000;0.0;0;1.0000;0;0
600;2015-05-06 07:20:00;172602N232;208;0.258;30;223;223;223;224;0.974;49.99;432.3;0.238;417.6;0.214;0.0;0.000;60;0;0;1.002;1.004;0.916;55;85;66;49.99;49.99;49.99;4516;1000;0.0;0;1.0000;0;0
600;2015-05-06 07:30:00;172602N232;227;0.297;30;223;223;224;224;1.028;49.99;440.5;0.259;417.3;0.230;0.0;0.000;60;0;0;1.142;1.147;0.796;67;98;60;49.99;49.99;49.99;4516;1000;0.0;0;1.0000;0;0
600;2015-05-06 07:40:00;172602N232;265;0.340;30;223;222;222;223;1.117;50.00;450.8;0.306;416.6;0.266;0.0;0.000;60;0;0;1.159;1.186;1.008;81;113;69;50.00;50.00;50.00;4516;1000;0.0;0;1.0000;0;0
600;2015-05-06 07:50:00;172602N232;407;0.410;30;222;222;221;222;1.140;49.99;459.7;0.476;422.7;0.408;0.0;0.000;60;0;0;1.171;1.138;1.111;126;153;126;49.99;49.99;49.99;4516;1000;0.0;0;1.0000;0;0
600;2015-05-06 08:00:00;172602N232;565;0.503;31;222;222;221;223;0.889;50.01;450.5;0.691;426.0;0.569;0.0;0.000;60;0;0;0.840;0.918;0.911;176;194;193;50.01;50.01;50.01;4516;1000;0.0;0;1.0000;0;0
600;2015-05-06 08:10:00;172602N232;672;0.616;31;222;222;222;221;1.051;50.00;457.0;0.833;427.8;0.653;0.0;0.000;60;0;0;1.007;1.085;1.062;213;232;226;50.00;50.00;50.00;4516;1000;0.0;0;1.0000;0;0
600;2015-05-06 08:20:00;172602N232;1096;0.798;31;222;223;222;221;1.706;50.00;439.2;1.363;444.4;1.108;0.0;0.000;60;0;0;1.682;1.728;1.710;356;373;365;50.00;50.00;50.00;4516;1000;0.0;0;1.0000;0;0
600;2015-05-06 08:30:00;172602N232;1183;0.996;32;223;223;225;222;1.805;50.01;406.3;1.753;447.1;1.104;0.0;0.000;60;0;0;1.762;1.841;1.812;382;406;394;50.01;50.01;50.01;4516;1000;0.0;0;1.0000;0;0
600;2015-05-06 08:40:00;172602N232;1027;1.168;32;223;223;225;222;1.564;50.02;415.4;1.447;438.9;0.976;0.0;0.000;60;0;0;1.515;1.606;1.573;329;355;342;50.02;50.02;50.02;4516;1000;0.0;0;1.0000;0;0
600;2015-05-06 08:50:00;172602N232;1218;1.371;33;224;223;225;222;1.843;50.03;423.0;1.828;440.7;0.998;0.0;0.000;60;0;0;1.792;1.889;1.848;393;418;404;50.03;50.03;50.03;4516;1000;0.0;0;1.0000;0;0
600;2015-05-06 09:00:00;172602N232;1003;1.538;33;222;223;224;221;1.541;50.03;420.3;1.377;424.1;0.980;0.0;0.000;60;0;0;1.501;1.577;1.547;323;345;333;50.03;50.03;50.03;4516;1000;0.0;0;1.0000;0;0
600;2015-05-06 09:10:00;172602N232;1630;1.810;34;224;225;225;222;2.456;50.01;424.0;2.499;381.5;1.682;0.0;0.000;60;0;0;2.436;2.491;2.442;539;554;535;50.01;50.01;50.01;4516;1000;0.0;0;1.0000;0;0
600;2015-05-06 09:20:00;172602N232;2964;2.304;34;226;226;227;223;4.384;50.01;410.3;4.749;297.0;3.586;0.0;0.000;60;0;0;4.365;4.439;4.350;986;1007;969;50.01;50.01;50.01;4516;1000;0.0;0;1.0000;0;0
600;2015-05-06 09:30:00;172602N232;2801;2.772;38;225;225;227;223;4.160;50.00;400.7;4.335;335.5;3.411;0.0;0.000;60;0;0;4.129;4.227;4.126;925;958;916;50.00;50.00;50.00;4516;1000;0.0;0;1.0000;0;0
600;2015-05-06 09:40:00;172602N232;1985;3.102;36;224;225;225;222;2.983;49.99;407.3;2.798;369.0;2.478;0.0;0.000;60;0;0;2.966;3.032;2.951;656;679;648;49.99;49.99;49.99;4516;1000;0.0;0;1.0000;0;0
600;2015-05-06 09:50:00;172602N232;3113;3.621;38;225;225;228;223;4.614;50.00;406.9;4.376;342.9;4.065;0.0;0.000;60;0;0;4.577;4.699;4.568;1027;1071;1015;50.00;50.00;50.00;4516;1000;0.0;0;1.0000;0;0
600;2015-05-06 10:00:00;172602N232;1659;3.898;36;223;223;225;221;2.506;50.00;406.0;2.146;399.4;2.083;0.0;0.000;60;0;0;2.468;2.566;2.486;541;574;543;50.00;50.00;50.00;4516;1000;0.0;0;1.0000;0;0
600;2015-05-06 10:10:00;172602N232;710;4.017;37;222;222;223;221;1.103;49.99;413.4;0.861;416.0;0.839;0.0;0.000;60;0;0;1.053;1.148;1.110;224;249;237;49.99;49.99;49.99;4516;1000;0.0;0;1.0000;0;0
600;2015-05-06 10:20:00;172602N232;2514;4.437;37;224;224;226;222;3.739;50.00;419.0;3.065;423.3;2.984;0.0;0.000;60;0;0;3.704;3.819;3.695;830;867;817;50.00;50.00;50.00;4516;1000;0.0;0;1.0000;0;0
600;2015-05-06 10:30:00;172602N232;955;4.597;37;223;223;225;222;1.467;50.00;415.2;1.165;417.2;1.127;0.0;0.000;60;0;0;1.421;1.504;1.478;305;330;319;50.00;50.00;50.00;4516;1000;0.0;0;1.0000;0;0
600;2015-05-06 10:40:00;172602N232;868;4.741;37;223;223;225;221;1.330;49.99;422.1;1.035;423.5;1.004;0.0;0.000;60;0;0;1.276;1.375;1.341;276;301;289;49.99;49.99;49.99;4516;1000;0.0;0;1.0000;0;0
600;2015-05-06 10:50:00;172602N232;1274;4.953;37;225;224;227;223;1.922;49.99;421.2;1.537;421.2;1.487;0.0;0.000;60;0;0;1.864;1.981;1.921;409;443;420;49.99;49.99;49.99;4516;1000;0.0;0;1.0000;0;0
600;2015-05-06 11:00:00;172602N232;2978;5.451;37;226;224;229;223;4.404;49.99;411.4;3.648;414.9;3.602;0.0;0.000;60;0;0;4.328;4.514;4.371;968;1034;973;49.99;49.99;49.99;4516;1000;0.0;0;1.0000;0;0
600;2015-05-06 11:10:00;172602N232;851;5.593;38;222;222;223;221;1.352;49.98;408.4;1.061;415.6;0.991;0.0;0.000;60;0;0;1.321;1.379;1.358;271;293;285;49.98;49.98;49.98;4516;1000;0.0;0;1.0000;0;0
600;2015-05-06 11:20:00;172602N232;773;5.722;38;222;222;223;222;1.225;49.99;414.2;0.949;422.3;0.882;0.0;0.000;60;0;0;1.169;1.254;1.252;243;267;261;49.99;49.99;49.99;4516;1000;0.0;0;1.0000;0;0
600;2015-05-06 11:30:00;172602N232;2241;6.096;38;224;223;226;223;3.346;50.02;420.5;2.716;421.7;2.660;0.0;0.000;60;0;0;3.276;3.405;3.357;725;765;745;50.02;50.02;50.02;4516;1000;0.0;0;1.0000;0;0
600;2015-05-06 11:40:00;172602N232;2867;6.572;38;225;224;227;224;4.255;49.99;412.5;3.529;415.9;3.432;0.0;0.000;60;0;0;4.198;4.325;4.242;937;980;944;49.99;49.99;49.99;4516;1000;0.0;0;1.0000;0;0
600;2015-05-06 11:50:00;172602N232;2575;6.999;38;224;223;227;223;3.821;50.01;412.2;3.162;413.4;3.134;0.0;0.000;60;0;0;3.753;3.905;3.807;837;885;847;50.01;50.01;50.01;4516;1000;0.0;0;1.0000;0;0
600;2015-05-06 12:00:00;172602N232;4716;7.784;40;226;225;230;224;6.942;50.03;400.3;6.006;401.6;5.950;0.0;0.000;60;0;0;6.876;7.089;6.861;1550;1631;1535;50.03;50.03;50.03;4516;1000;0.0;0;1.0000;0;0
600;2015-05-06 12:10:00;172602N232;4644;8.560;41;226;225;230;221;6.852;50.00;389.3;6.120;389.8;6.021;0.0;0.000;60;0;0;6.809;7.039;6.708;1537;1621;1485;50.00;50.00;50.00;4516;1000;0.0;0;1.0000;0;0
600;2015-05-06 12:20:00;172602N232;1979;8.891;40;222;221;225;221;2.973;50.01;405.0;2.459;400.3;2.473;0.0;0.000;60;0;0;2.904;3.053;2.964;640;689;651;50.01;50.01;50.01;4516;1000;0.0;0;1.0000;0;0
600;2015-05-06 12:30:00;172602N232;2002;9.224;40;222;220;225;221;3.020;50.04;417.2;2.419;411.7;2.449;0.0;0.000;60;0;0;2.938;3.092;3.030;642;693;665;50.04;50.04;50.04;4516;1000;0.0;0;1.0000;0;0
600;2015-05-06 12:40:00;172602N232;3436;9.799;40;226;225;230;224;5.059;50.00;403.4;4.338;404.9;4.281;0.0;0.000;60;0;0;4.971;5.193;5.015;1115;1201;1122;50.00;50.00;50.00;4516;1000;0.0;0;1.0000;0;0
600;2015-05-06 12:50:00;172602N232;4397;10.533;40;229;227;234;226;6.382;50.01;399.9;5.620;401.4;5.570;0.0;0.000;60;0;0;6.285;6.562;6.301;1431;1539;1427;50.01;50.01;50.01;4516;1000;0.0;0;1.0000;0;0
600;2015-05-06 13:00:00;172602N232;4422;11.270;41;228;227;232;226;6.437;50.00;391.4;5.739;392.0;5.736;0.0;0.000;60;0;0;6.355;6.606;6.350;1447;1539;1434;50.00;50.00;50.00;4516;1000;0.0;0;1.0000;0;0
600;2015-05-06 13:10:00;172602N232;4632;12.040;41;230;229;233;227;6.702;49.99;385.4;6.121;385.5;6.116;0.0;0.000;60;0;0;6.650;6.844;6.613;1527;1598;1502;49.99;49.99;49.99;4516;1000;0.0;0;1.0000;0;0
600;2015-05-06 13:20:00;172602N232;4317;12.761;42;230;229;234;227;6.236;50.00;390.2;5.630;389.6;5.624;0.0;0.000;60;0;0;6.171;6.393;6.146;1417;1506;1396;50.00;50.00;50.00;4516;1000;0.0;0;1.0000;0;0
600;2015-05-06 13:30:00;172602N232;2064;13.106;42;228;227;231;226;3.032;50.01;399.0;2.618;395.2;2.641;0.0;0.000;60;0;0;2.964;3.107;3.026;669;717;680;50.01;50.01;50.01;4516;1000;0.0;0;1.0000;0;0
600;2015-05-06 13:40:00;172602N232;1811;13.407;41;227;228;228;226;2.694;49.98;408.7;2.203;405.4;2.250;0.0;0.000;60;0;0;2.672;2.730;2.680;596;619;596;49.98;49.98;49.98;4516;1000;0.0;0;1.0000;0;0
600;2015-05-06 13:50:00;172602N232;1472;13.653;41;227;227;229;227;2.189;49.98;415.0;1.767;410.9;1.801;0.0;0.000;60;0;0;2.148;2.221;2.200;479;503;491;49.98;49.98;49.98;4516;1000;0.0;0;1.0000;0;0
600;2015-05-06 14:00:00;172602N232;1395;13.886;41;228;228;231;227;2.065;49.99;419.6;1.670;413.9;1.684;0.0;0.000;60;0;0;2.020;2.112;2.064;452;481;461;49.99;49.99;49.99;4516;1000;0.0;0;1.0000;0;0
600;2015-05-06 14:10:00;172602N232;1402;14.120;40;226;225;228;225;2.109;50.00;418.2;1.675;415.1;1.694;0.0;0.000;60;0;0;2.055;2.156;2.116;452;484;466;50.00;50.00;50.00;4516;1000;0.0;0;1.0000;0;0
600;2015-05-06 14:20:00;172602N232;2818;14.590;40;226;225;228;224;4.172;50.00;418.2;3.378;416.7;3.402;0.0;0.000;60;0;0;4.118;4.248;4.150;920;971;923;50.00;50.00;50.00;4516;1000;0.0;0;1.0000;0;0
600;2015-05-06 14:30:00;172602N232;4657;15.365;40;226;225;230;222;6.868;50.01;395.8;5.988;396.8;5.971;0.0;0.000;60;0;0;6.800;7.044;6.762;1531;1618;1501;50.01;50.01;50.01;4516;1000;0.0;0;1.0000;0;0
600;2015-05-06 14:40:00;172602N232;4971;16.196;42;226;225;229;222;7.342;49.98;387.2;6.521;388.7;6.526;0.0;0.000;60;0;0;7.276;7.519;7.231;1638;1727;1608;49.98;49.98;49.98;4516;1000;0.0;0;1.0000;0;0
600;2015-05-06 14:50:00;172602N232;3735;16.817;42;228;227;231;226;5.452;49.99;393.8;4.843;392.2;4.789;0.0;0.000;60;0;0;5.358;5.574;5.426;1216;1290;1224;49.99;49.99;49.99;4516;1000;0.0;0;1.0000;0;0
600;2015-05-06 15:00:00;172602N232;2727;17.270;42;228;227;230;228;3.995;50.00;400.7;3.420;400.2;3.444;0.0;0.000;60;0;0;3.936;4.045;4.006;892;919;909;50.00;50.00;50.00;4516;1000;0.0;0;1.0000;0;0
600;2015-05-06 15:10:00;172602N232;3752;17.896;42;229;229;230;228;5.445;50.01;397.6;4.774;396.4;4.823;0.0;0.000;60;0;0;5.397;5.504;5.434;1239;1270;1241;50.01;50.01;50.01;4516;1000;0.0;0;1.0000;0;0
600;2015-05-06 15:20:00;172602N232;2217;18.265;42;229;229;231;227;3.233;50.01;403.3;2.752;402.3;2.766;0.0;0.000;60;0;0;3.182;3.295;3.223;725;760;728;50.01;50.01;50.01;4516;1000;0.0;0;1.0000;0;0
600;2015-05-06 15:30:00;172602N232;1783;18.562;42;225;224;227;223;2.657;50.01;408.3;2.185;407.2;2.218;0.0;0.000;60;0;0;2.598;2.720;2.654;578;615;588;50.01;50.01;50.01;4516;1000;0.0;0;1.0000;0;0
600;2015-05-06 15:40:00;172602N232;3051;19.071;42;226;225;230;223;4.496;49.99;410.4;3.761;410.1;3.781;0.0;0.000;60;0;0;4.426;4.615;4.447;995;1061;991;49.99;49.99;49.99;4516;1000;0.0;0;1.0000;0;0
600;2015-05-06 15:50:00;172602N232;4232;19.777;42;227;225;231;224;6.230;49.98;397.3;5.408;397.9;5.395;0.0;0.000;60;0;0;6.142;6.394;6.154;1381;1476;1373;49.98;49.98;49.98;4516;1000;0.0;0;1.0000;0;0
600;2015-05-06 16:00:00;172602N232;2530;20.200;42;225;224;229;223;3.753;49.99;395.3;3.226;395.6;3.213;0.0;0.000;60;0;0;3.674;3.856;3.731;820;883;828;49.99;49.99;49.99;4516;1000;0.0;0;1.0000;0;0
600;2015-05-06 16:10:00;172602N232;1702;20.481;42;225;225;228;221;2.555;50.01;404.9;2.071;405.0;2.118;0.0;0.000;60;0;0;2.513;2.627;2.527;557;593;550;50.01;50.01;50.01;4516;1000;0.0;0;1.0000;0;0
600;2015-05-06 16:20:00;172602N232;1178;20.678;42;224;224;226;222;1.780;49.99;408.1;1.427;407.7;1.462;0.0;0.000;60;0;0;1.734;1.826;1.781;381;407;388;49.99;49.99;49.99;4516;1000;0.0;0;1.0000;0;0
600;2015-05-06 16:30:00;172602N232;1133;20.868;41;224;225;227;222;1.727;49.99;411.2;1.356;412.6;1.384;0.0;0.000;60;0;0;1.686;1.769;1.726;365;393;373;49.99;49.99;49.99;4516;1000;0.0;0;1.0000;0;0
600;2015-05-06 16:40:00;172602N232;1314;21.086;41;224;224;227;221;1.998;49.99;405.6;1.581;412.0;1.592;0.0;0.000;60;0;0;1.963;2.053;1.980;425;457;430;49.99;49.99;49.99;4516;1000;0.0;0;1.0000;0;0
600;2015-05-06 16:50:00;172602N232;1237;21.293;41;223;225;224;220;2.023;49.99;407.0;1.485;411.6;1.513;0.0;0.000;60;0;0;2.053;2.032;1.984;412;420;404;49.99;49.99;49.99;4516;1000;0.0;0;1.0000;0;0
600;2015-05-06 17:00:00;172602N232;2883;21.774;41;223;224;225;222;4.336;49.98;406.7;3.543;417.4;3.524;0.0;0.000;60;0;0;4.329;4.380;4.299;957;977;947;49.98;49.98;49.98;4516;1000;0.0;0;1.0000;0;0
600;2015-05-06 17:10:00;172602N232;740;21.898;41;222;225;223;219;1.357;50.01;393.3;0.918;399.6;0.925;0.0;0.000;60;0;0;1.500;1.365;1.207;235;267;237;50.01;50.01;50.01;4516;1000;0.0;0;1.0000;0;0
600;2015-05-06 17:20:00;172602N232;266;21.942;40;221;223;221;220;1.123;50.00;393.8;0.322;397.9;0.316;0.0;0.000;60;0;0;1.417;1.062;0.890;61;114;89;50.00;50.00;50.00;4516;1000;0.0;0;1.0000;0;0
600;2015-05-06 17:30:00;172602N232;396;22.008;40;221;220;223;220;1.134;50.00;400.8;0.473;402.9;0.473;0.0;0.000;60;0;0;1.138;1.230;1.034;126;127;142;50.00;50.00;50.00;4516;1000;0.0;0;1.0000;0;0
600;2015-05-06 17:40:00;172602N232;1110;22.193;40;222;222;224;221;1.822;50.01;408.0;1.348;414.6;1.348;0.0;0.000;60;0;0;1.786;1.873;1.809;356;385;366;50.01;50.01;50.01;4516;1000;0.0;0;1.0000;0;0
600;2015-05-06 17:50:00;172602N232;2511;22.612;40;223;223;225;223;3.760;49.99;394.6;3.171;406.2;3.158;0.0;0.000;60;0;0;3.710;3.800;3.772;823;850;836;49.99;49.99;49.99;4516;1000;0.0;0;1.0000;0;0
600;2015-05-06 18:00:00;172602N232;2072;22.958;40;224;225;224;223;3.101;49.99;389.5;2.651;400.6;2.638;0.0;0.000;60;0;0;3.083;3.119;3.103;689;693;687;49.99;49.99;49.99;4516;1000;0.0;0;1.0000;0;0
600;2015-05-06 18:10:00;172602N232;770;23.086;40;224;224;224;223;1.183;50.00;398.7;0.943;405.2;0.966;0.0;0.000;60;0;0;1.135;1.215;1.200;245;264;259;50.00;50.00;50.00;4516;1000;0.0;0;1.0000;0;0
600;2015-05-06 18:20:00;172602N232;1210;23.288;40;224;224;225;222;1.832;50.00;398.6;1.482;409.0;1.522;0.0;0.000;60;0;0;1.791;1.863;1.844;392;413;402;50.00;50.00;50.00;4516;1000;0.0;0;1.0000;0;0
600;2015-05-06 18:30:00;172602N232;1435;23.527;40;223;224;225;221;2.167;50.00;385.5;1.819;406.6;1.815;0.0;0.000;60;0;0;2.124;2.206;2.172;468;490;475;50.00;50.00;50.00;4516;1000;0.0;0;1.0000;0;0
600;2015-05-06 18:40:00;172602N232;1129;23.715;40;223;224;225;221;1.735;50.01;385.7;1.427;405.8;1.431;0.0;0.000;60;0;0;1.697;1.765;1.745;364;388;375;50.01;50.01;50.01;4516;1000;0.0;0;1.0000;0;0
600;2015-05-06 18:50:00;172602N232;878;23.862;40;223;223;225;221;1.350;50.00;381.7;1.108;405.3;1.122;0.0;0.000;60;0;0;1.313;1.381;1.357;280;303;292;50.00;50.00;50.00;4516;1000;0.0;0;1.0000;0;0
600;2015-05-06 19:00:00;172602N232;881;24.009;40;224;225;226;222;1.336;49.98;375.2;1.124;406.2;1.128;0.0;0.000;60;0;0;1.288;1.376;1.344;282;305;292;49.98;49.98;49.98;4516;1000;0.0;0;1.0000;0;0
600;2015-05-06 19:10:00;172602N232;788;24.140;40;224;225;224;224;1.200;49.97;370.2;1.008;404.5;1.021;0.0;0.000;60;0;0;1.153;1.230;1.217;251;270;265;49.97;49.97;49.97;4516;1000;0.0;0;1.0000;0;0
600;2015-05-06 19:20:00;172602N232;386;24.204;40;223;223;224;222;0.857;49.98;371.5;0.483;400.4;0.496;0.0;0.000;60;0;0;0.837;0.891;0.844;113;137;134;49.98;49.98;49.98;4516;1000;0.0;0;1.0000;0;0
600;2015-05-06 19:30:00;172602N232;256;24.247;39;220;219;223;219;1.052;49.97;394.6;0.296;402.3;0.309;0.0;0.000;60;0;0;0.997;1.276;0.884;86;72;96;49.97;49.97;49.97;4516;1000;0.0;0;1.0000;0;0
600;2015-05-06 19:40:00;172602N232;135;24.270;39;221;221;223;220;0.881;49.99;371.3;0.154;391.9;0.162;0.0;0.000;60;0;0;0.846;1.078;0.721;22;40;71;49.99;49.99;49.99;4516;1000;0.0;0;1.0000;0;0
600;2015-05-06 19:50:00;172602N232;80;24.284;38;221;221;223;220;0.822;49.99;362.3;0.087;378.2;0.092;0.0;0.000;60;0;0;0.809;1.001;0.656;14;13;51;49.99;49.99;49.99;4516;1000;0.0;0;1.0000;0;0
600;2015-05-06 20:00:00;172602N232;53;24.292;38;220;221;222;218;0.850;50.00;350.7;0.052;368.3;0.059;0.0;0.000;60;0;0;1.043;0.856;0.651;5;23;46;50.00;50.00;50.00;4516;1000;0.0;0;1.0000;0;0
600;2015-05-06 20:10:00;172602N232;46;24.301;37;221;222;222;219;0.611;49.98;344.4;0.042;366.3;0.046;0.0;0.000;60;0;0;0.740;0.619;0.476;1;23;33;49.98;49.98;49.98;4516;1000;0.0;0;1.0000;0;0
600;2015-05-06 20:20:00;172602N232;83;24.315;37;222;223;222;220;0.794;49.99;370.2;0.089;385.2;0.093;0.0;0.000;60;0;0;1.019;0.730;0.635;0;41;51;49.99;49.99;49.99;4516;1000;0.0;0;1.0000;0;0
600;2015-05-06 20:30:00;172602N232;140;24.338;37;222;223;222;221;1.100;50.01;391.5;0.157;403.3;0.160;0.0;0.000;60;0;0;1.613;0.917;0.770;0;94;59;50.01;50.01;50.01;4516;1000;0.0;0;1.0000;0;0
600;2015-05-06 20:40:00;172602N232;54;24.347;36;221;222;221;221;0.671;49.98;336.3;0.055;345.7;0.056;0.0;0.000;60;0;0;0.879;0.592;0.542;0;32;31;49.98;49.98;49.98;4516;1000;0.0;0;1.0000;0;0
600;2015-05-06 20:50:00;172602N232;0;24.348;36;221;221;222;220;0.025;49.99;248.2;0.000;248.4;0.000;0.0;0.000;50;0;0;0.051;0.015;0.010;0;0;0;49.99;49.99;49.99;4516;1000;0.0;0;1.0000;0;0
600;2015-05-06 21:00:00;172602N232;0;24.348;34;221;222;223;219;0.000;50.01;229.3;0.000;230.2;0.000;0.0;0.000;50;0;0;0.000;0.000;0.000;0;0;0;50.01;50.01;50.01;4516;1000;0.0;0;1.0000;0;0
600;2015-05-06 21:10:00;172602N232;0;24.348;34;221;221;222;219;0.000;49.99;229.2;0.000;230.1;0.000;0.0;0.000;50;0;0;0.000;0.000;0.000;0;0;0;49.99;49.99;49.99;4516;1000;0.0;0;1.0000;0;0
[wr_ende]
