20170314;230004;172602N232;My Plant;+0100
[wr_def_start]
172602N232;Inverter Type;Inverter Group;72602N232      
[wr_def_end]
[wr]
INTERVAL;TIMESTAMP;SERIAL;P_AC;E_DAY;T_WR;U_AC;U_AC_1;U_AC_2;U_AC_3;I_AC;F_AC;U_DC_1;I_DC_1;U_DC_2;I_DC_2;U_DC_3;I_DC_3;S;E_WR;M_WR;I_AC_1;I_AC_2;I_AC_3;P_AC_1;P_AC_2;P_AC_3;F_AC_1;F_AC_2;F_AC_3;R_DC;PC;PCS;PCS_LL;COS_PHI;COS_PHI_LL;S_COS_PHI
600;2017-03-14 05:40:00;172602N232;0;0.000;0;3;3;4;3;0.000;0.90;3.9;0.000;4.0;0.000;0.0;0.000;50;0;0;0.000;0.000;0.000;0;0;0;0.90;0.90;0.90;33;1000;0.0;0;1.0000;0;0
600;2017-03-14 05:50:00;172602N232;0;0.000;17;220;223;226;213;0.000;50.00;229.2;0.000;230.1;0.000;0.0;0.000;50;0;0;0.000;0.000;0.000;0;0;0;50.00;50.00;50.00;0;1000;0.0;0;1.0000;0;0
600;2017-03-14 06:00:00;172602N232;0;0.000;18;222;224;227;217;0.000;49.98;250.4;0.000;250.9;0.000;0.0;0.000;50;0;0;0.000;0.000;0.000;0;0;0;49.98;49.98;49.98;0;1000;0.0;0;1.0000;0;0
600;2017-03-14 06:10:00;172602N232;2;0.001;18;223;223;226;222;0.149;49.97;265.6;0.000;266.9;0.000;0.0;0.000;60;0;0;0.128;0.217;0.104;2;0;5;49.97;49.97;49.97;9162;1000;0.0;0;1.0000;0;0
600;2017-03-14 06:20:00;172602N232;21;0.004;19;223;222;223;223;0.418;50.07;315.4;0.014;316.5;0.017;0.0;0.000;60;0;0;0.390;0.555;0.311;7;6;14;50.07;50.07;50.07;9583;1000;0.0;0;1.0000;0;0
600;2017-03-14 06:30:00;172602N232;29;0.008;19;222;221;223;222;0.438;50.02;327.4;0.022;346.3;0.024;0.0;0.000;60;0;0;0.404;0.554;0.357;10;6;18;50.02;50.02;50.02;9583;1000;0.0;0;1.0000;0;0
600;2017-03-14 06:40:00;172602N232;61;0.019;20;224;225;224;223;0.691;50.01;370.7;0.060;380.1;0.062;0.0;0.000;60;0;0;0.939;0.593;0.543;1;35;36;50.01;50.01;50.01;9583;1000;0.0;0;1.0000;0;0
600;2017-03-14 06:50:00;172602N232;160;0.046;20;223;225;224;222;1.074;50.00;410.1;0.177;411.8;0.176;0.0;0.000;60;0;0;1.502;0.928;0.794;14;82;67;50.00;50.00;50.00;9583;1000;0.0;0;1.0000;0;0
600;2017-03-14 07:00:00;172602N232;306;0.097;21;225;226;226;223;1.123;50.00;428.0;0.340;423.4;0.346;0.0;0.000;60;0;0;1.249;1.177;0.945;80;113;111;50.00;50.00;50.00;9583;1000;0.0;0;1.0000;0;0
600;2017-03-14 07:10:00;172602N232;532;0.185;21;226;226;227;224;0.833;49.99;438.6;0.599;433.5;0.601;0.0;0.000;60;0;0;0.784;0.874;0.842;165;187;178;49.99;49.99;49.99;9583;1000;0.0;0;1.0000;0;0
600;2017-03-14 07:20:00;172602N232;673;0.298;21;224;224;226;223;1.053;50.00;440.6;0.755;434.6;0.761;0.0;0.000;60;0;0;1.012;1.089;1.059;212;234;225;50.00;50.00;50.00;9583;1000;0.0;0;1.0000;0;0
600;2017-03-14 07:30:00;172602N232;386;0.362;22;224;224;226;223;0.841;49.99;428.8;0.438;424.5;0.440;0.0;0.000;60;0;0;0.796;0.921;0.806;119;133;132;49.99;49.99;49.99;9583;1000;0.0;0;1.0000;0;0
600;2017-03-14 07:40:00;172602N232;439;0.435;23;224;223;225;222;1.003;50.00;433.1;0.501;430.8;0.487;0.0;0.000;60;0;0;0.944;1.092;0.975;132;152;153;50.00;50.00;50.00;9583;1000;0.0;0;1.0000;0;0
600;2017-03-14 07:50:00;172602N232;571;0.531;23;225;225;226;223;0.945;50.02;435.9;0.682;440.9;0.600;0.0;0.000;60;0;0;0.936;0.964;0.935;182;198;190;50.02;50.02;50.02;9583;1000;0.0;0;1.0000;0;0
600;2017-03-14 08:00:00;172602N232;722;0.651;24;225;225;226;222;1.118;50.01;438.8;0.873;444.9;0.742;0.0;0.000;60;0;0;1.072;1.161;1.121;229;251;239;50.01;50.01;50.01;9583;1000;0.0;0;1.0000;0;0
600;2017-03-14 08:10:00;172602N232;661;0.762;25;225;225;228;223;1.024;50.02;441.7;0.813;445.0;0.656;0.0;0.000;60;0;0;0.969;1.073;1.031;207;233;220;50.02;50.02;50.02;9583;1000;0.0;0;1.0000;0;0
600;2017-03-14 08:20:00;172602N232;912;0.914;25;226;225;229;225;1.384;50.01;438.4;1.168;452.1;0.870;0.0;0.000;60;0;0;1.320;1.436;1.396;287;319;304;50.01;50.01;50.01;9583;1000;0.0;0;1.0000;0;0
600;2017-03-14 08:30:00;172602N232;1051;1.089;26;225;224;228;224;1.608;50.00;434.7;1.390;454.8;0.971;0.0;0.000;60;0;0;1.545;1.669;1.612;332;368;349;50.00;50.00;50.00;9583;1000;0.0;0;1.0000;0;0
600;2017-03-14 08:40:00;172602N232;966;1.250;26;226;225;228;224;1.467;50.01;434.1;1.227;448.1;0.952;0.0;0.000;60;0;0;1.407;1.521;1.475;305;337;321;50.01;50.01;50.01;9583;1000;0.0;0;1.0000;0;0
600;2017-03-14 08:50:00;172602N232;1221;1.454;27;225;225;228;223;1.853;50.01;439.0;1.495;447.8;1.256;0.0;0.000;60;0;0;1.802;1.910;1.849;392;425;402;50.01;50.01;50.01;9583;1000;0.0;0;1.0000;0;0
600;2017-03-14 09:00:00;172602N232;1409;1.689;27;225;225;228;222;2.108;50.03;429.7;1.888;456.2;1.304;0.0;0.000;60;0;0;2.056;2.174;2.096;457;491;460;50.03;50.03;50.03;9583;1000;0.0;0;1.0000;0;0
600;2017-03-14 09:10:00;172602N232;1135;1.879;27;225;225;228;223;1.737;50.03;428.7;1.586;456.0;0.990;0.0;0.000;60;0;0;1.682;1.796;1.734;364;394;375;50.03;50.03;50.03;9583;1000;0.0;0;1.0000;0;0
600;2017-03-14 09:20:00;172602N232;1465;2.122;28;225;224;227;223;2.203;49.99;426.8;2.194;460.7;1.144;0.0;0.000;60;0;0;2.144;2.260;2.206;473;505;486;49.99;49.99;49.99;9583;1000;0.0;0;1.0000;0;0
600;2017-03-14 09:30:00;172602N232;1608;2.391;28;225;224;227;223;2.426;50.00;426.1;2.326;460.5;1.341;0.0;0.000;60;0;0;2.370;2.488;2.421;519;556;531;50.00;50.00;50.00;9583;1000;0.0;0;1.0000;0;0
600;2017-03-14 09:40:00;172602N232;1664;2.668;28;225;223;228;223;2.490;50.01;427.1;2.335;457.7;1.465;0.0;0.000;60;0;0;2.423;2.558;2.490;536;575;551;50.01;50.01;50.01;9583;1000;0.0;0;1.0000;0;0
600;2017-03-14 09:50:00;172602N232;1759;2.962;29;225;223;227;223;2.635;50.01;430.6;2.286;453.2;1.725;0.0;0.000;60;0;0;2.567;2.706;2.632;568;608;582;50.01;50.01;50.01;9583;1000;0.0;0;1.0000;0;0
600;2017-03-14 10:00:00;172602N232;2233;3.334;29;225;223;229;224;3.324;50.03;432.3;2.873;432.3;2.381;0.0;0.000;60;0;0;3.241;3.408;3.323;718;775;738;50.03;50.03;50.03;9583;1000;0.0;0;1.0000;0;0
600;2017-03-14 10:10:00;172602N232;2049;3.676;29;224;224;226;223;3.063;50.03;432.1;2.548;419.5;2.305;0.0;0.000;60;0;0;3.009;3.121;3.061;669;700;678;50.03;50.03;50.03;9583;1000;0.0;0;1.0000;0;0
600;2017-03-14 10:20:00;172602N232;1498;3.926;30;223;224;225;221;2.277;49.99;429.3;1.795;426.3;1.711;0.0;0.000;60;0;0;2.243;2.325;2.263;490;515;490;49.99;49.99;49.99;9583;1000;0.0;0;1.0000;0;0
600;2017-03-14 10:30:00;172602N232;1392;4.158;30;224;223;226;223;2.101;50.01;434.7;1.602;427.1;1.632;0.0;0.000;60;0;0;2.044;2.148;2.113;448;478;464;50.01;50.01;50.01;9583;1000;0.0;0;1.0000;0;0
600;2017-03-14 10:40:00;172602N232;1367;4.385;30;223;223;224;223;2.079;50.03;436.1;1.569;429.8;1.588;0.0;0.000;60;0;0;2.020;2.117;2.100;441;466;458;50.03;50.03;50.03;9583;1000;0.0;0;1.0000;0;0
600;2017-03-14 10:50:00;172602N232;1776;4.681;30;224;223;226;223;2.652;50.01;435.9;2.065;427.9;2.064;0.0;0.000;60;0;0;2.585;2.709;2.664;574;609;591;50.01;50.01;50.01;9583;1000;0.0;0;1.0000;0;0
600;2017-03-14 11:00:00;172602N232;2362;5.076;30;225;225;227;224;3.513;50.01;437.0;2.733;418.2;2.841;0.0;0.000;60;0;0;3.455;3.570;3.514;773;806;781;50.01;50.01;50.01;9583;1000;0.0;0;1.0000;0;0
600;2017-03-14 11:10:00;172602N232;2564;5.503;31;225;225;227;222;3.815;50.01;433.9;2.963;426.0;3.047;0.0;0.000;60;0;0;3.776;3.890;3.781;847;879;836;50.01;50.01;50.01;9583;1000;0.0;0;1.0000;0;0
600;2017-03-14 11:20:00;172602N232;1733;5.791;31;225;225;226;224;2.585;49.98;431.4;2.010;423.9;2.059;0.0;0.000;60;0;0;2.535;2.632;2.589;566;590;575;49.98;49.98;49.98;9583;1000;0.0;0;1.0000;0;0
600;2017-03-14 11:30:00;172602N232;2230;6.164;31;225;224;226;225;3.317;50.00;433.7;2.566;423.0;2.673;0.0;0.000;60;0;0;3.261;3.358;3.334;727;755;746;50.00;50.00;50.00;9583;1000;0.0;0;1.0000;0;0
600;2017-03-14 11:40:00;172602N232;2100;6.514;32;224;224;226;223;3.132;50.02;431.6;2.428;421.6;2.520;0.0;0.000;60;0;0;3.079;3.196;3.121;687;719;691;50.02;50.02;50.02;9583;1000;0.0;0;1.0000;0;0
600;2017-03-14 11:50:00;172602N232;1791;6.812;32;224;225;226;222;2.676;49.99;431.6;2.067;421.5;2.148;0.0;0.000;60;0;0;2.641;2.734;2.655;591;614;584;49.99;49.99;49.99;9583;1000;0.0;0;1.0000;0;0
600;2017-03-14 12:00:00;172602N232;1500;7.063;32;224;224;225;221;2.257;50.01;430.2;1.733;420.0;1.805;0.0;0.000;60;0;0;2.216;2.305;2.252;491;515;493;50.01;50.01;50.01;9583;1000;0.0;0;1.0000;0;0
600;2017-03-14 12:10:00;172602N232;1206;7.264;32;223;224;224;222;1.850;50.03;430.2;1.387;418.6;1.454;0.0;0.000;60;0;0;1.819;1.879;1.853;393;411;400;50.03;50.03;50.03;9583;1000;0.0;0;1.0000;0;0
600;2017-03-14 12:20:00;172602N232;1088;7.446;32;223;224;224;222;1.657;49.98;430.4;1.247;418.9;1.308;0.0;0.000;60;0;0;1.617;1.690;1.666;352;372;361;49.98;49.98;49.98;9583;1000;0.0;0;1.0000;0;0
600;2017-03-14 12:30:00;172602N232;1815;7.748;32;225;225;226;223;2.707;50.00;433.8;2.082;423.4;2.175;0.0;0.000;60;0;0;2.664;2.760;2.697;596;620;597;50.00;50.00;50.00;9583;1000;0.0;0;1.0000;0;0
600;2017-03-14 12:40:00;172602N232;1129;7.936;32;225;225;226;223;1.718;50.00;429.8;1.295;417.2;1.362;0.0;0.000;60;0;0;1.676;1.753;1.725;365;387;375;50.00;50.00;50.00;9583;1000;0.0;0;1.0000;0;0
600;2017-03-14 12:50:00;172602N232;1330;8.158;32;225;225;227;224;2.024;49.99;433.4;1.516;420.1;1.604;0.0;0.000;60;0;0;1.988;2.055;2.030;431;455;442;49.99;49.99;49.99;9583;1000;0.0;0;1.0000;0;0
600;2017-03-14 13:00:00;172602N232;1107;8.343;32;225;226;227;223;1.682;50.01;432.1;1.264;420.0;1.328;0.0;0.000;60;0;0;1.644;1.721;1.683;358;382;365;50.01;50.01;50.01;9583;1000;0.0;0;1.0000;0;0
600;2017-03-14 13:10:00;172602N232;685;8.456;32;225;225;226;224;1.322;50.02;424.5;0.786;415.1;0.817;0.0;0.000;60;0;0;1.325;1.344;1.298;217;236;229;50.02;50.02;50.02;9583;1000;0.0;0;1.0000;0;0
600;2017-03-14 13:20:00;172602N232;369;8.518;32;224;224;225;224;0.980;49.99;415.9;0.425;408.9;0.440;0.0;0.000;60;0;0;0.998;1.001;0.941;113;131;124;49.99;49.99;49.99;9583;1000;0.0;0;1.0000;0;0
600;2017-03-14 13:30:00;172602N232;263;8.562;31;225;224;226;224;1.095;49.97;411.4;0.299;404.2;0.311;0.0;0.000;60;0;0;1.070;1.288;0.929;70;95;96;49.97;49.97;49.97;9583;1000;0.0;0;1.0000;0;0
600;2017-03-14 13:40:00;172602N232;398;8.630;31;226;226;227;225;1.001;49.99;421.7;0.452;412.5;0.473;0.0;0.000;60;0;0;1.009;1.050;0.945;123;140;133;49.99;49.99;49.99;9583;1000;0.0;0;1.0000;0;0
600;2017-03-14 13:50:00;172602N232;315;8.683;31;227;227;227;226;1.165;49.99;418.4;0.356;412.0;0.369;0.0;0.000;60;0;0;1.308;1.157;1.030;92;117;103;49.99;49.99;49.99;9583;1000;0.0;0;1.0000;0;0
600;2017-03-14 14:00:00;172602N232;450;8.758;31;227;227;228;226;1.034;49.99;429.0;0.505;419.1;0.527;0.0;0.000;60;0;0;1.021;1.070;1.013;140;161;147;49.99;49.99;49.99;9583;1000;0.0;0;1.0000;0;0
600;2017-03-14 14:10:00;172602N232;504;8.842;30;226;227;227;223;0.895;49.99;431.3;0.565;420.7;0.591;0.0;0.000;60;0;0;0.909;0.914;0.862;158;177;167;49.99;49.99;49.99;9583;1000;0.0;0;1.0000;0;0
600;2017-03-14 14:20:00;172602N232;589;8.940;30;225;225;226;222;0.994;50.01;434.0;0.660;423.3;0.689;0.0;0.000;60;0;0;0.969;1.030;0.985;186;207;194;50.01;50.01;50.01;9583;1000;0.0;0;1.0000;0;0
600;2017-03-14 14:30:00;172602N232;633;9.046;30;223;228;227;214;1.203;49.98;432.6;0.707;423.0;0.740;0.0;0.000;60;0;0;1.256;1.216;1.138;203;226;203;49.98;49.98;49.98;9583;1000;0.0;0;1.0000;0;0
600;2017-03-14 14:40:00;172602N232;189;9.078;30;223;228;228;214;1.023;50.00;406.3;0.211;404.5;0.217;0.0;0.000;60;0;0;1.312;0.972;0.787;25;72;92;50.00;50.00;50.00;9583;1000;0.0;0;1.0000;0;0
600;2017-03-14 14:50:00;172602N232;153;9.103;30;224;228;228;215;1.027;49.99;386.8;0.177;402.6;0.175;0.0;0.000;60;0;0;1.368;0.955;0.759;6;64;86;49.99;49.99;49.99;9583;1000;0.0;0;1.0000;0;0
600;2017-03-14 15:00:00;172602N232;167;9.131;30;223;228;228;215;1.188;49.98;389.0;0.194;405.4;0.192;0.0;0.000;60;0;0;1.807;0.957;0.802;1;85;96;49.98;49.98;49.98;9583;1000;0.0;0;1.0000;0;0
600;2017-03-14 15:10:00;172602N232;214;9.166;30;223;227;228;215;1.048;50.00;390.4;0.253;409.8;0.248;0.0;0.000;60;0;0;1.317;1.040;0.787;39;79;96;50.00;50.00;50.00;9583;1000;0.0;0;1.0000;0;0
600;2017-03-14 15:20:00;172602N232;173;9.196;29;224;228;228;215;1.167;50.03;395.3;0.200;405.8;0.198;0.0;0.000;60;0;0;1.718;0.965;0.818;8;81;95;50.03;50.03;50.03;9583;1000;0.0;0;1.0000;0;0
600;2017-03-14 15:30:00;172602N232;204;9.230;29;224;227;228;216;1.058;50.01;401.5;0.234;408.6;0.233;0.0;0.000;60;0;0;1.257;1.159;0.759;31;79;93;50.01;50.01;50.01;9583;1000;0.0;0;1.0000;0;0
600;2017-03-14 15:40:00;172602N232;167;9.258;29;225;227;227;221;1.095;49.99;404.1;0.187;405.5;0.188;0.0;0.000;60;0;0;1.559;0.904;0.824;9;78;90;49.99;49.99;49.99;9583;1000;0.0;0;1.0000;0;0
600;2017-03-14 15:50:00;172602N232;123;9.279;29;226;226;227;225;0.964;49.99;396.2;0.136;398.6;0.137;0.0;0.000;60;0;0;1.244;0.891;0.757;14;48;60;49.99;49.99;49.99;9583;1000;0.0;0;1.0000;0;0
600;2017-03-14 16:00:00;172602N232;95;9.295;29;225;226;226;224;0.945;49.97;387.9;0.103;391.3;0.104;0.0;0.000;60;0;0;1.357;0.752;0.727;1;51;53;49.97;49.97;49.97;9583;1000;0.0;0;1.0000;0;0
600;2017-03-14 16:10:00;172602N232;67;9.306;29;224;225;225;224;0.775;50.00;375.0;0.068;379.0;0.071;0.0;0.000;60;0;0;0.872;0.862;0.592;5;20;42;50.00;50.00;50.00;9583;1000;0.0;0;1.0000;0;0
600;2017-03-14 16:20:00;172602N232;48;9.315;28;224;224;225;223;0.615;50.05;359.0;0.044;367.0;0.047;0.0;0.000;60;0;0;0.669;0.732;0.445;8;12;31;50.05;50.05;50.05;9583;1000;0.0;0;1.0000;0;0
600;2017-03-14 16:30:00;172602N232;40;9.322;28;224;225;223;224;0.565;50.05;345.2;0.035;354.9;0.038;0.0;0.000;60;0;0;0.774;0.465;0.457;0;29;26;50.05;50.05;50.05;9583;1000;0.0;0;1.0000;0;0
600;2017-03-14 16:40:00;172602N232;29;9.327;28;224;225;223;223;0.451;50.01;323.2;0.023;332.8;0.026;0.0;0.000;60;0;0;0.586;0.381;0.388;0;23;22;50.01;50.01;50.01;9583;1000;0.0;0;1.0000;0;0
600;2017-03-14 16:50:00;172602N232;15;9.330;28;224;226;223;224;0.349;50.00;282.0;0.006;286.5;0.011;0.0;0.000;60;0;0;0.491;0.274;0.283;0;18;15;50.00;50.00;50.00;9583;1000;0.0;0;1.0000;0;0
600;2017-03-14 17:00:00;172602N232;12;9.332;27;223;225;222;223;0.302;49.98;274.4;0.004;273.8;0.008;0.0;0.000;60;0;0;0.402;0.272;0.232;0;17;11;49.98;49.98;49.98;9583;1000;0.0;0;1.0000;0;0
600;2017-03-14 17:10:00;172602N232;6;9.332;27;223;225;223;221;0.194;49.96;258.2;0.000;254.6;0.002;0.0;0.000;60;0;0;0.261;0.168;0.154;0;9;9;49.96;49.96;49.96;9583;1000;0.0;0;1.0000;0;0
600;2017-03-14 17:20:00;172602N232;0;9.332;27;224;225;225;222;0.013;50.04;268.1;0.000;267.8;0.000;0.0;0.000;50;0;0;0.035;0.003;0.001;0;0;0;50.04;50.04;50.04;9583;1000;0.0;0;1.0000;0;0
600;2017-03-14 17:30:00;172602N232;0;9.332;26;224;223;226;222;0.000;50.01;305.2;0.000;303.7;0.000;0.0;0.000;50;0;0;0.000;0.000;0.000;0;0;0;50.01;50.01;50.01;9583;1000;0.0;0;1.0000;0;0
600;2017-03-14 17:40:00;172602N232;0;9.332;26;223;224;226;221;0.000;49.98;242.2;0.000;243.0;0.000;0.0;0.000;50;0;0;0.000;0.000;0.000;0;0;0;49.98;49.98;49.98;9583;1000;0.0;0;1.0000;0;0
600;2017-03-14 17:50:00;172602N232;0;9.332;25;224;223;227;221;0.000;50.01;228.6;0.000;229.5;0.000;0.0;0.000;50;0;0;0.000;0.000;0.000;0;0;0;50.01;50.01;50.01;9583;1000;0.0;0;1.0000;0;0
600;2017-03-14 18:00:00;172602N232;0;9.332;25;224;224;228;221;0.000;49.99;227.9;0.000;228.8;0.000;0.0;0.000;50;0;0;0.000;0.000;0.000;0;0;0;49.99;49.99;49.99;9583;1000;0.0;0;1.0000;0;0
[wr_ende]
