20121030;230003;172602N232;My Plant;+0100
[wr_def_start]
172602N232;Inverter Type;Inverter Group;72602N232      
[wr_def_end]
[wr]
INTERVAL;TIMESTAMP;SERIAL;P_AC;E_DAY;T_WR;U_AC;U_AC_1;U_AC_2;U_AC_3;I_AC;F_AC;U_DC_1;I_DC_1;U_DC_2;I_DC_2;U_DC_3;I_DC_3;S;E_WR;M_WR;I_AC_1;I_AC_2;I_AC_3;P_AC_1;P_AC_2;P_AC_3;F_AC_1;F_AC_2;F_AC_3;R_DC;PC;PCS;PCS_LL;COS_PHI;COS_PHI_LL;S_COS_PHI
600;2012-10-30 07:00:00;172602N232;0;0.000;0;1;1;1;1;0.000;0.27;1.1;0.000;1.0;0.000;0.0;0.000;50;0;0;0.000;0.000;0.000;0;0;0;0.27;0.27;0.27;19;1000;0.0;0;1.0000;0;0
600;2012-10-30 07:10:00;172602N232;0;0.000;15;223;224;226;219;0.000;50.00;228.1;0.000;229.0;0.000;0.0;0.000;50;0;0;0.000;0.000;0.000;0;0;0;50.00;50.00;50.00;0;1000;0.0;0;1.0000;0;0
600;2012-10-30 07:20:00;172602N232;0;0.000;17;222;223;224;219;0.000;49.99;233.6;0.000;234.6;0.000;0.0;0.000;50;0;0;0.000;0.000;0.000;0;0;0;49.99;49.99;49.99;0;1000;0.0;0;1.0000;0;0
600;2012-10-30 07:30:00;172602N232;0;0.000;18;221;223;223;217;0.001;49.99;277.3;0.000;277.0;0.000;0.0;0.000;60;0;0;0.002;0.001;0.001;0;0;0;49.99;49.99;49.99;1482;1000;0.0;0;1.0000;0;0
600;2012-10-30 07:40:00;172602N232;11;0.002;18;221;222;222;220;0.251;50.00;278.9;0.005;278.2;0.006;0.0;0.000;60;0;0;0.382;0.195;0.176;0;10;10;50.00;50.00;50.00;5995;1000;0.0;0;1.0000;0;0
600;2012-10-30 07:50:00;172602N232;39;0.010;19;221;221;222;221;0.524;50.00;362.8;0.034;353.6;0.032;0.0;0.000;60;0;0;0.630;0.484;0.458;4;21;19;50.00;50.00;50.00;5995;1000;0.0;0;1.0000;0;0
600;2012-10-30 08:00:00;172602N232;37;0.018;19;222;222;222;221;0.505;50.02;358.6;0.031;359.2;0.030;0.0;0.000;60;0;0;0.607;0.506;0.404;2;21;23;50.02;50.02;50.02;5995;1000;0.0;0;1.0000;0;0
600;2012-10-30 08:10:00;172602N232;72;0.026;20;222;221;222;222;0.695;50.03;393.6;0.072;393.4;0.069;0.0;0.000;60;0;0;0.661;0.662;0.764;25;29;17;50.03;50.03;50.03;5995;1000;0.0;0;1.0000;0;0
600;2012-10-30 08:20:00;172602N232;117;0.046;20;221;219;222;223;0.911;50.02;411.1;0.135;413.1;0.113;0.0;0.000;60;0;0;0.760;1.048;0.926;54;24;38;50.02;50.02;50.02;5995;1000;0.0;0;1.0000;0;0
600;2012-10-30 08:30:00;172602N232;133;0.068;21;221;218;223;223;0.964;50.02;418.0;0.150;416.8;0.131;0.0;0.000;60;0;0;0.746;1.295;0.851;63;15;53;50.02;50.02;50.02;5995;1000;0.0;0;1.0000;0;0
600;2012-10-30 08:40:00;172602N232;141;0.092;22;221;220;221;221;0.938;50.03;425.7;0.155;422.6;0.137;0.0;0.000;60;0;0;0.932;0.966;0.916;38;49;52;50.03;50.03;50.03;5995;1000;0.0;0;1.0000;0;0
600;2012-10-30 08:50:00;172602N232;152;0.118;22;222;221;222;222;0.917;50.02;420.6;0.165;429.6;0.154;0.0;0.000;60;0;0;0.853;1.075;0.823;32;60;58;50.02;50.02;50.02;5995;1000;0.0;0;1.0000;0;0
600;2012-10-30 09:00:00;172602N232;160;0.145;23;222;222;223;222;0.911;50.01;424.6;0.172;421.7;0.166;0.0;0.000;60;0;0;0.849;1.165;0.721;22;66;71;50.01;50.01;50.01;5995;1000;0.0;0;1.0000;0;0
600;2012-10-30 09:10:00;172602N232;190;0.176;23;223;223;224;222;1.003;50.01;454.0;0.205;429.5;0.182;0.0;0.000;60;0;0;1.063;1.258;0.690;38;78;71;50.01;50.01;50.01;5995;1000;0.0;0;1.0000;0;0
600;2012-10-30 09:20:00;172602N232;220;0.213;24;223;224;224;223;1.058;50.00;465.2;0.227;458.3;0.205;0.0;0.000;60;0;0;1.299;1.077;0.799;43;99;76;50.00;50.00;50.00;5995;1000;0.0;0;1.0000;0;0
600;2012-10-30 09:30:00;172602N232;244;0.254;24;223;224;223;222;1.093;50.00;462.8;0.237;472.5;0.240;0.0;0.000;60;0;0;1.210;1.155;0.914;42;110;90;50.00;50.00;50.00;5995;1000;0.0;0;1.0000;0;0
600;2012-10-30 09:40:00;172602N232;253;0.297;24;223;223;224;222;1.093;50.00;452.1;0.237;479.0;0.264;0.0;0.000;60;0;0;1.150;1.176;0.953;53;102;96;50.00;50.00;50.00;5995;1000;0.0;0;1.0000;0;0
600;2012-10-30 09:50:00;172602N232;282;0.343;25;222;222;224;221;1.129;50.00;439.4;0.267;467.2;0.312;0.0;0.000;60;0;0;1.223;1.232;0.933;84;100;96;50.00;50.00;50.00;5995;1000;0.0;0;1.0000;0;0
600;2012-10-30 10:00:00;172602N232;281;0.391;25;222;221;224;221;1.116;50.01;437.9;0.271;472.3;0.306;0.0;0.000;60;0;0;1.087;1.295;0.966;84;95;101;50.01;50.01;50.01;5995;1000;0.0;0;1.0000;0;0
600;2012-10-30 10:10:00;172602N232;256;0.432;25;221;221;222;222;1.092;50.02;445.6;0.253;464.5;0.268;0.0;0.000;60;0;0;1.050;1.214;1.012;74;99;81;50.02;50.02;50.02;5995;1000;0.0;0;1.0000;0;0
600;2012-10-30 10:20:00;172602N232;261;0.476;25;221;221;221;222;1.116;50.01;462.6;0.258;458.1;0.268;0.0;0.000;60;0;0;1.252;1.221;0.875;88;119;51;50.01;50.01;50.01;5995;1000;0.0;0;1.0000;0;0
600;2012-10-30 10:30:00;172602N232;316;0.530;25;221;221;221;221;1.113;50.00;470.3;0.338;450.5;0.308;0.0;0.000;60;0;0;1.166;1.109;1.066;98;118;98;50.00;50.00;50.00;5995;1000;0.0;0;1.0000;0;0
600;2012-10-30 10:40:00;172602N232;377;0.592;26;222;222;221;222;1.105;50.00;458.1;0.467;437.8;0.336;0.0;0.000;60;0;0;1.134;1.118;1.063;115;143;117;50.00;50.00;50.00;5995;1000;0.0;0;1.0000;0;0
600;2012-10-30 10:50:00;172602N232;428;0.664;26;222;222;222;221;1.095;50.02;448.1;0.590;446.3;0.337;0.0;0.000;60;0;0;1.121;1.126;1.039;133;156;138;50.02;50.02;50.02;5995;1000;0.0;0;1.0000;0;0
600;2012-10-30 11:00:00;172602N232;490;0.747;26;222;222;222;222;0.985;50.01;436.6;0.676;458.9;0.400;0.0;0.000;60;0;0;0.968;1.015;0.973;151;174;164;50.01;50.01;50.01;5995;1000;0.0;0;1.0000;0;0
600;2012-10-30 11:10:00;172602N232;568;0.841;26;222;222;222;221;0.929;50.01;442.6;0.779;470.1;0.451;0.0;0.000;60;0;0;0.896;0.955;0.936;177;197;192;50.01;50.01;50.01;5995;1000;0.0;0;1.0000;0;0
600;2012-10-30 11:20:00;172602N232;452;0.917;27;222;222;222;222;1.011;50.00;446.4;0.520;379.0;0.660;0.0;0.000;60;0;0;1.021;1.027;0.987;139;162;148;50.00;50.00;50.00;5995;1000;0.0;0;1.0000;0;0
600;2012-10-30 11:30:00;172602N232;815;1.053;27;222;223;223;222;1.449;49.99;448.6;0.646;278.6;1.919;0.0;0.000;60;0;0;1.497;1.436;1.414;268;276;269;49.99;49.99;49.99;5995;1000;0.0;0;1.0000;0;0
600;2012-10-30 11:40:00;172602N232;966;1.213;27;223;223;223;223;1.556;49.99;436.2;0.850;315.3;1.937;0.0;0.000;60;0;0;1.539;1.587;1.542;313;333;319;49.99;49.99;49.99;5995;1000;0.0;0;1.0000;0;0
600;2012-10-30 11:50:00;172602N232;877;1.361;28;223;223;224;223;1.349;50.00;412.6;0.829;280.3;1.982;0.0;0.000;60;0;0;1.296;1.386;1.366;279;301;295;50.00;50.00;50.00;5995;1000;0.0;0;1.0000;0;0
600;2012-10-30 12:00:00;172602N232;785;1.491;28;223;223;224;222;1.228;49.99;372.3;0.771;259.0;1.984;0.0;0.000;60;0;0;1.181;1.266;1.237;248;271;263;49.99;49.99;49.99;5995;1000;0.0;0;1.0000;0;0
600;2012-10-30 12:10:00;172602N232;569;1.586;28;224;224;225;223;0.929;50.00;369.3;0.722;262.0;1.202;0.0;0.000;60;0;0;0.896;0.957;0.936;178;198;192;50.00;50.00;50.00;5995;1000;0.0;0;1.0000;0;0
600;2012-10-30 12:20:00;172602N232;484;1.667;29;223;223;225;222;0.776;50.00;355.8;0.777;265.8;0.819;0.0;0.000;60;0;0;0.716;0.823;0.789;147;172;164;50.00;50.00;50.00;5995;1000;0.0;0;1.0000;0;0
600;2012-10-30 12:30:00;172602N232;466;1.745;29;223;222;225;222;0.776;49.99;363.5;0.729;316.1;0.708;0.0;0.000;60;0;0;0.716;0.825;0.787;140;167;157;49.99;49.99;49.99;5995;1000;0.0;0;1.0000;0;0
600;2012-10-30 12:40:00;172602N232;464;1.823;29;222;222;224;221;0.903;50.00;414.4;0.611;435.6;0.493;0.0;0.000;60;0;0;0.859;0.962;0.888;142;166;155;50.00;50.00;50.00;5995;1000;0.0;0;1.0000;0;0
600;2012-10-30 12:50:00;172602N232;402;1.890;30;222;222;224;221;0.960;50.01;426.8;0.503;436.3;0.417;0.0;0.000;60;0;0;0.947;1.009;0.926;125;139;136;50.01;50.01;50.01;5995;1000;0.0;0;1.0000;0;0
600;2012-10-30 13:00:00;172602N232;483;1.971;30;222;222;223;221;0.864;50.00;426.6;0.578;427.6;0.529;0.0;0.000;60;0;0;0.821;0.903;0.870;148;170;162;50.00;50.00;50.00;5995;1000;0.0;0;1.0000;0;0
600;2012-10-30 13:10:00;172602N232;865;2.115;31;222;222;224;221;1.333;49.99;428.4;1.056;435.4;0.956;0.0;0.000;60;0;0;1.281;1.377;1.342;276;300;288;49.99;49.99;49.99;5995;1000;0.0;0;1.0000;0;0
600;2012-10-30 13:20:00;172602N232;758;2.241;31;222;223;223;221;1.232;50.00;412.6;0.986;437.6;0.800;0.0;0.000;60;0;0;1.221;1.254;1.223;242;261;253;50.00;50.00;50.00;5995;1000;0.0;0;1.0000;0;0
600;2012-10-30 13:30:00;172602N232;567;2.335;31;222;223;223;221;1.158;50.00;340.0;1.011;450.3;0.498;0.0;0.000;60;0;0;1.187;1.171;1.116;185;196;184;50.00;50.00;50.00;5995;1000;0.0;0;1.0000;0;0
600;2012-10-30 13:40:00;172602N232;538;2.425;31;222;223;223;221;1.255;49.99;308.2;0.979;449.6;0.532;0.0;0.000;60;0;0;1.314;1.247;1.204;167;185;184;49.99;49.99;49.99;5995;1000;0.0;0;1.0000;0;0
600;2012-10-30 13:50:00;172602N232;364;2.487;31;222;222;223;221;1.184;50.01;439.3;0.450;439.4;0.345;0.0;0.000;60;0;0;1.206;1.225;1.123;96;130;136;50.01;50.01;50.01;5995;1000;0.0;0;1.0000;0;0
600;2012-10-30 14:00:00;172602N232;438;2.559;31;223;222;224;222;0.852;50.01;452.3;0.524;442.8;0.420;0.0;0.000;60;0;0;0.815;0.898;0.845;134;156;146;50.01;50.01;50.01;5995;1000;0.0;0;1.0000;0;0
600;2012-10-30 14:10:00;172602N232;436;2.632;31;222;223;223;221;0.753;49.99;434.4;0.530;435.2;0.446;0.0;0.000;60;0;0;0.710;0.790;0.759;133;154;147;49.99;49.99;49.99;5995;1000;0.0;0;1.0000;0;0
600;2012-10-30 14:20:00;172602N232;482;2.713;31;222;224;224;220;0.889;49.98;423.2;0.583;428.6;0.522;0.0;0.000;60;0;0;0.851;0.947;0.869;152;172;156;49.98;49.98;49.98;5995;1000;0.0;0;1.0000;0;0
600;2012-10-30 14:30:00;172602N232;503;2.797;31;222;223;224;220;0.813;50.00;428.8;0.610;434.5;0.532;0.0;0.000;60;0;0;0.764;0.858;0.818;156;178;168;50.00;50.00;50.00;5995;1000;0.0;0;1.0000;0;0
600;2012-10-30 14:40:00;172602N232;528;2.885;31;222;223;224;220;1.006;50.00;437.7;0.649;440.3;0.529;0.0;0.000;60;0;0;1.012;1.057;0.949;166;189;171;50.00;50.00;50.00;5995;1000;0.0;0;1.0000;0;0
600;2012-10-30 14:50:00;172602N232;549;2.977;31;223;223;223;222;1.196;50.01;438.3;0.690;442.6;0.531;0.0;0.000;60;0;0;1.273;1.204;1.113;179;191;177;50.01;50.01;50.01;5995;1000;0.0;0;1.0000;0;0
600;2012-10-30 15:00:00;172602N232;512;3.062;31;223;224;223;222;1.214;50.02;440.1;0.617;437.1;0.522;0.0;0.000;60;0;0;1.243;1.265;1.136;171;182;158;50.02;50.02;50.02;5995;1000;0.0;0;1.0000;0;0
600;2012-10-30 15:10:00;172602N232;399;3.129;30;223;225;223;223;1.103;50.00;425.1;0.481;429.7;0.420;0.0;0.000;60;0;0;1.154;1.128;1.027;121;154;121;50.00;50.00;50.00;5995;1000;0.0;0;1.0000;0;0
600;2012-10-30 15:20:00;172602N232;299;3.179;30;221;222;220;221;1.169;50.00;421.1;0.349;422.4;0.325;0.0;0.000;60;0;0;1.335;1.111;1.061;82;121;93;50.00;50.00;50.00;5995;1000;0.0;0;1.0000;0;0
600;2012-10-30 15:30:00;172602N232;234;3.218;30;220;221;220;220;1.061;49.98;416.3;0.271;417.9;0.252;0.0;0.000;60;0;0;1.298;1.070;0.817;43;110;79;49.98;49.98;49.98;5995;1000;0.0;0;1.0000;0;0
600;2012-10-30 15:40:00;172602N232;179;3.248;30;220;221;220;220;1.025;49.97;409.0;0.206;411.7;0.192;0.0;0.000;60;0;0;1.290;0.846;0.941;30;86;61;49.97;49.97;49.97;5995;1000;0.0;0;1.0000;0;0
600;2012-10-30 15:50:00;172602N232;142;3.272;30;221;222;221;220;1.035;49.97;404.0;0.161;409.1;0.151;0.0;0.000;60;0;0;1.363;0.933;0.810;5;81;56;49.97;49.97;49.97;5995;1000;0.0;0;1.0000;0;0
600;2012-10-30 16:00:00;172602N232;114;3.291;29;221;222;221;220;0.910;50.03;397.7;0.128;402.7;0.121;0.0;0.000;60;0;0;1.143;0.849;0.740;2;46;65;50.03;50.03;50.03;5995;1000;0.0;0;1.0000;0;0
600;2012-10-30 16:10:00;172602N232;89;3.307;29;220;221;221;219;0.905;50.02;387.8;0.098;395.7;0.093;0.0;0.000;60;0;0;1.202;0.806;0.709;4;43;49;50.02;50.02;50.02;5995;1000;0.0;0;1.0000;0;0
600;2012-10-30 16:20:00;172602N232;58;3.316;29;220;222;221;218;0.686;49.99;368.5;0.058;382.7;0.056;0.0;0.000;60;0;0;0.968;0.590;0.500;0;36;38;49.99;49.99;49.99;5995;1000;0.0;0;1.0000;0;0
600;2012-10-30 16:30:00;172602N232;21;3.320;29;221;223;220;219;0.406;49.97;305.6;0.015;298.3;0.018;0.0;0.000;60;0;0;0.588;0.308;0.322;0;21;22;49.97;49.97;49.97;5995;1000;0.0;0;1.0000;0;0
600;2012-10-30 16:40:00;172602N232;0;3.320;28;223;225;222;220;0.030;49.96;261.0;0.000;261.3;0.000;0.0;0.000;50;0;0;0.042;0.025;0.025;0;1;1;49.96;49.96;49.96;5995;1000;0.0;0;1.0000;0;0
600;2012-10-30 16:50:00;172602N232;0;3.320;27;222;222;223;220;0.000;49.97;236.8;0.000;237.7;0.000;0.0;0.000;50;0;0;0.000;0.000;0.000;0;0;0;49.97;49.97;49.97;5995;1000;0.0;0;1.0000;0;0
600;2012-10-30 17:00:00;172602N232;0;3.320;25;222;222;224;220;0.000;50.00;227.7;0.000;228.6;0.000;0.0;0.000;50;0;0;0.000;0.000;0.000;0;0;0;50.00;50.00;50.00;5995;1000;0.0;0;1.0000;0;0
[wr_ende]
