20151222;230004;172602N232;My Plant;+0100
[wr_def_start]
172602N232;Inverter Type;Inverter Group;72602N232      
[wr_def_end]
[wr]
INTERVAL;TIMESTAMP;SERIAL;P_AC;E_DAY;T_WR;U_AC;U_AC_1;U_AC_2;U_AC_3;I_AC;F_AC;U_DC_1;I_DC_1;U_DC_2;I_DC_2;U_DC_3;I_DC_3;S;E_WR;M_WR;I_AC_1;I_AC_2;I_AC_3;P_AC_1;P_AC_2;P_AC_3;F_AC_1;F_AC_2;F_AC_3;R_DC;PC;PCS;PCS_LL;COS_PHI;COS_PHI_LL;S_COS_PHI
600;2015-12-22 07:50:00;172602N232;0;0.000;0;1;1;1;1;0.000;0.33;1.4;0.000;1.4;0.000;0.0;0.000;50;0;0;0.000;0.000;0.000;0;0;0;0.33;0.33;0.33;17;1000;0.0;0;1.0000;0;0
600;2015-12-22 08:00:00;172602N232;0;0.000;18;222;222;224;218;0.000;50.00;226.8;0.000;227.8;0.000;0.0;0.000;50;0;0;0.000;0.000;0.000;0;0;0;50.00;50.00;50.00;0;1000;0.0;0;1.0000;0;0
600;2015-12-22 08:10:00;172602N232;0;0.000;19;222;222;224;219;0.000;50.01;228.5;0.000;229.5;0.000;0.0;0.000;50;0;0;0.000;0.000;0.000;0;0;0;50.01;50.01;50.01;0;1000;0.0;0;1.0000;0;0
600;2015-12-22 08:20:00;172602N232;0;0.000;20;222;222;225;218;0.000;50.01;229.1;0.000;230.0;0.000;0.0;0.000;50;0;0;0.000;0.000;0.000;0;0;0;50.01;50.01;50.01;0;1000;0.0;0;1.0000;0;0
600;2015-12-22 08:30:00;172602N232;0;0.000;21;221;221;225;218;0.000;50.00;283.9;0.000;283.6;0.000;0.0;0.000;51;0;0;0.000;0.000;0.000;0;0;0;50.00;50.00;50.00;553;1000;0.0;0;1.0000;0;0
600;2015-12-22 08:40:00;172602N232;2;0.001;21;220;219;222;218;0.152;50.01;254.1;0.000;254.6;0.000;0.0;0.000;60;0;0;0.116;0.237;0.105;2;0;6;50.01;50.01;50.01;4930;1000;0.0;0;1.0000;0;0
600;2015-12-22 08:50:00;172602N232;16;0.006;21;220;219;222;218;0.412;50.00;293.0;0.009;297.4;0.012;0.0;0.000;60;0;0;0.331;0.626;0.281;9;0;19;50.00;50.00;50.00;4930;1000;0.0;0;1.0000;0;0
600;2015-12-22 09:00:00;172602N232;54;0.015;22;220;219;222;217;0.672;50.00;370.6;0.054;374.0;0.053;0.0;0.000;60;0;0;0.637;0.913;0.466;18;1;36;50.00;50.00;50.00;4930;1000;0.0;0;1.0000;0;0
600;2015-12-22 09:10:00;172602N232;125;0.033;22;220;221;221;217;0.954;50.01;399.7;0.144;395.8;0.135;0.0;0.000;60;0;0;1.037;1.068;0.759;11;36;77;50.01;50.01;50.01;4930;1000;0.0;0;1.0000;0;0
600;2015-12-22 09:20:00;172602N232;180;0.063;23;223;224;225;222;0.931;50.01;409.0;0.212;404.9;0.197;0.0;0.000;60;0;0;0.925;1.172;0.696;21;78;80;50.01;50.01;50.01;4930;1000;0.0;0;1.0000;0;0
600;2015-12-22 09:30:00;172602N232;127;0.084;23;224;224;225;223;0.926;50.00;397.4;0.147;393.9;0.140;0.0;0.000;60;0;0;0.951;1.085;0.742;20;37;69;50.00;50.00;50.00;4930;1000;0.0;0;1.0000;0;0
600;2015-12-22 09:40:00;172602N232;62;0.095;23;224;224;224;223;0.701;50.01;370.7;0.065;371.3;0.066;0.0;0.000;60;0;0;0.784;0.782;0.537;6;21;34;50.01;50.01;50.01;4930;1000;0.0;0;1.0000;0;0
600;2015-12-22 09:50:00;172602N232;67;0.106;24;223;222;224;223;0.925;50.01;376.3;0.073;374.7;0.075;0.0;0.000;60;0;0;0.798;1.215;0.762;24;3;41;50.01;50.01;50.01;4930;1000;0.0;0;1.0000;0;0
600;2015-12-22 10:00:00;172602N232;74;0.119;24;223;222;225;224;0.865;50.00;379.6;0.081;376.9;0.082;0.0;0.000;60;0;0;0.684;1.247;0.664;35;1;45;50.00;50.00;50.00;4930;1000;0.0;0;1.0000;0;0
600;2015-12-22 10:10:00;172602N232;77;0.132;24;224;223;225;223;0.873;50.01;381.9;0.084;377.4;0.086;0.0;0.000;60;0;0;0.857;1.081;0.682;15;12;49;50.01;50.01;50.01;4930;1000;0.0;0;1.0000;0;0
600;2015-12-22 10:20:00;172602N232;79;0.145;25;224;223;224;224;0.838;50.00;380.3;0.087;376.3;0.089;0.0;0.000;60;0;0;0.850;0.969;0.695;18;19;41;50.00;50.00;50.00;4930;1000;0.0;0;1.0000;0;0
600;2015-12-22 10:30:00;172602N232;113;0.164;25;224;223;225;224;0.912;49.98;394.7;0.128;385.8;0.130;0.0;0.000;60;0;0;0.865;1.125;0.747;30;23;58;49.98;49.98;49.98;4930;1000;0.0;0;1.0000;0;0
600;2015-12-22 10:40:00;172602N232;107;0.182;25;223;223;225;223;0.888;49.98;391.9;0.121;383.8;0.123;0.0;0.000;60;0;0;0.820;1.124;0.722;27;19;60;49.98;49.98;49.98;4930;1000;0.0;0;1.0000;0;0
600;2015-12-22 10:50:00;172602N232;106;0.200;25;224;224;226;223;0.947;50.00;392.3;0.120;382.8;0.122;0.0;0.000;60;0;0;0.873;1.228;0.742;27;14;64;50.00;50.00;50.00;4930;1000;0.0;0;1.0000;0;0
600;2015-12-22 11:00:00;172602N232;127;0.221;26;225;225;226;223;0.985;50.00;400.2;0.143;387.9;0.146;0.0;0.000;60;0;0;1.046;1.128;0.782;18;35;72;50.00;50.00;50.00;4930;1000;0.0;0;1.0000;0;0
600;2015-12-22 11:10:00;172602N232;163;0.249;26;225;225;226;223;1.063;50.00;406.8;0.187;393.4;0.190;0.0;0.000;60;0;0;1.355;1.073;0.763;14;77;71;50.00;50.00;50.00;4930;1000;0.0;0;1.0000;0;0
600;2015-12-22 11:20:00;172602N232;138;0.272;26;225;226;227;222;1.025;50.00;400.5;0.158;388.3;0.160;0.0;0.000;60;0;0;1.280;1.046;0.751;21;46;70;50.00;50.00;50.00;4930;1000;0.0;0;1.0000;0;0
600;2015-12-22 11:30:00;172602N232;116;0.292;26;225;225;226;222;0.967;49.99;395.7;0.132;383.7;0.135;0.0;0.000;60;0;0;1.224;0.954;0.725;14;37;64;49.99;49.99;49.99;4930;1000;0.0;0;1.0000;0;0
600;2015-12-22 11:40:00;172602N232;144;0.316;27;225;225;226;224;0.983;50.01;402.4;0.164;389.2;0.167;0.0;0.000;60;0;0;1.120;1.086;0.745;21;53;68;50.01;50.01;50.01;4930;1000;0.0;0;1.0000;0;0
600;2015-12-22 11:50:00;172602N232;158;0.342;27;224;224;226;224;0.994;50.02;404.3;0.181;391.4;0.184;0.0;0.000;60;0;0;0.855;1.338;0.791;43;34;80;50.02;50.02;50.02;4930;1000;0.0;0;1.0000;0;0
600;2015-12-22 12:00:00;172602N232;160;0.369;27;224;224;225;224;0.953;50.01;399.9;0.184;388.8;0.186;0.0;0.000;60;0;0;1.017;1.109;0.735;38;54;66;50.01;50.01;50.01;4930;1000;0.0;0;1.0000;0;0
600;2015-12-22 12:10:00;172602N232;108;0.387;27;224;223;225;224;0.869;50.02;389.8;0.122;380.4;0.125;0.0;0.000;60;0;0;0.826;1.068;0.715;26;21;59;50.02;50.02;50.02;4930;1000;0.0;0;1.0000;0;0
600;2015-12-22 12:20:00;172602N232;92;0.402;27;224;224;226;221;0.889;50.01;381.9;0.104;375.9;0.106;0.0;0.000;60;0;0;0.937;1.043;0.687;15;19;58;50.01;50.01;50.01;4930;1000;0.0;0;1.0000;0;0
600;2015-12-22 12:30:00;172602N232;83;0.417;27;224;224;225;222;0.828;49.99;376.7;0.092;370.1;0.094;0.0;0.000;60;0;0;0.877;0.961;0.646;12;19;53;49.99;49.99;49.99;4930;1000;0.0;0;1.0000;0;0
600;2015-12-22 12:40:00;172602N232;87;0.431;27;223;223;224;222;0.855;49.99;378.1;0.098;372.3;0.100;0.0;0.000;60;0;0;0.865;1.024;0.676;15;20;51;49.99;49.99;49.99;4930;1000;0.0;0;1.0000;0;0
600;2015-12-22 12:50:00;172602N232;83;0.445;27;223;224;223;223;0.904;50.00;379.6;0.094;371.8;0.096;0.0;0.000;60;0;0;1.117;0.826;0.770;2;42;42;50.00;50.00;50.00;4930;1000;0.0;0;1.0000;0;0
600;2015-12-22 13:00:00;172602N232;103;0.463;27;224;223;225;223;0.901;49.98;387.9;0.117;376.9;0.121;0.0;0.000;60;0;0;0.888;1.074;0.743;22;23;56;49.98;49.98;49.98;4930;1000;0.0;0;1.0000;0;0
600;2015-12-22 13:10:00;172602N232;161;0.490;27;223;223;223;223;0.918;49.98;401.3;0.185;388.0;0.188;0.0;0.000;60;0;0;0.848;1.170;0.737;23;76;59;49.98;49.98;49.98;4930;1000;0.0;0;1.0000;0;0
600;2015-12-22 13:20:00;172602N232;149;0.514;27;224;224;224;224;1.001;50.00;399.0;0.173;386.3;0.176;0.0;0.000;60;0;0;1.212;0.982;0.810;25;69;54;50.00;50.00;50.00;4930;1000;0.0;0;1.0000;0;0
600;2015-12-22 13:30:00;172602N232;133;0.536;27;224;225;224;222;0.907;50.00;395.9;0.154;383.7;0.156;0.0;0.000;60;0;0;1.114;0.869;0.740;5;55;72;50.00;50.00;50.00;4930;1000;0.0;0;1.0000;0;0
600;2015-12-22 13:40:00;172602N232;125;0.558;27;223;224;224;221;0.896;50.00;393.1;0.144;381.6;0.146;0.0;0.000;60;0;0;1.011;0.950;0.727;10;42;71;50.00;50.00;50.00;4930;1000;0.0;0;1.0000;0;0
600;2015-12-22 13:50:00;172602N232;105;0.576;28;223;224;225;221;0.914;50.01;386.1;0.121;376.5;0.123;0.0;0.000;60;0;0;1.004;1.016;0.724;11;30;66;50.01;50.01;50.01;4930;1000;0.0;0;1.0000;0;0
600;2015-12-22 14:00:00;172602N232;68;0.587;28;224;225;226;220;0.783;49.99;370.0;0.075;364.7;0.076;0.0;0.000;60;0;0;0.877;0.873;0.599;3;20;49;49.99;49.99;49.99;4930;1000;0.0;0;1.0000;0;0
600;2015-12-22 14:10:00;172602N232;35;0.593;28;225;226;225;224;0.516;50.00;335.6;0.032;337.1;0.034;0.0;0.000;60;0;0;0.680;0.452;0.417;0;29;27;50.00;50.00;50.00;4930;1000;0.0;0;1.0000;0;0
600;2015-12-22 14:20:00;172602N232;46;0.601;28;225;224;226;224;0.638;50.00;351.8;0.046;351.0;0.048;0.0;0.000;60;0;0;0.559;0.833;0.522;21;8;25;50.00;50.00;50.00;4930;1000;0.0;0;1.0000;0;0
600;2015-12-22 14:30:00;172602N232;35;0.607;27;225;224;227;224;0.563;50.02;331.3;0.033;333.4;0.035;0.0;0.000;60;0;0;0.500;0.809;0.382;23;0;25;50.02;50.02;50.02;4930;1000;0.0;0;1.0000;0;0
600;2015-12-22 14:40:00;172602N232;19;0.611;27;226;223;228;225;0.415;50.02;296.6;0.014;303.4;0.016;0.0;0.000;60;0;0;0.313;0.657;0.277;17;0;18;50.02;50.02;50.02;4930;1000;0.0;0;1.0000;0;0
600;2015-12-22 14:50:00;172602N232;5;0.612;27;225;225;227;224;0.208;50.01;259.7;0.001;261.3;0.002;0.0;0.000;60;0;0;0.164;0.314;0.148;4;0;9;50.01;50.01;50.01;4930;1000;0.0;0;1.0000;0;0
600;2015-12-22 15:00:00;172602N232;0;0.612;26;225;226;227;222;0.000;49.98;282.4;0.000;281.7;0.000;0.0;0.000;51;0;0;0.000;0.000;0.000;0;0;0;49.98;49.98;49.98;5644;1000;0.0;0;1.0000;0;0
600;2015-12-22 15:10:00;172602N232;0;0.612;26;224;226;225;222;0.000;49.98;229.9;0.000;230.9;0.000;0.0;0.000;51;0;0;0.000;0.000;0.000;0;0;0;49.98;49.98;49.98;5760;1000;0.0;0;1.0000;0;0
600;2015-12-22 15:20:00;172602N232;0;0.612;26;223;225;224;222;0.000;49.98;228.9;0.000;229.9;0.000;0.0;0.000;51;0;0;0.000;0.000;0.000;0;0;0;49.98;49.98;49.98;5760;1000;0.0;0;1.0000;0;0
600;2015-12-22 15:30:00;172602N232;0;0.612;26;223;224;225;222;0.000;50.02;228.5;0.000;229.4;0.000;0.0;0.000;51;0;0;0.000;0.000;0.000;0;0;0;50.02;50.02;50.02;5760;1000;0.0;0;1.0000;0;0
[wr_ende]
