20160407;230000;172602N232;My Plant;+0100
[wr_def_start]
172602N232;Inverter Type;Inverter Group;72602N232      
[wr_def_end]
[wr]
INTERVAL;TIMESTAMP;SERIAL;P_AC;E_DAY;T_WR;U_AC;U_AC_1;U_AC_2;U_AC_3;I_AC;F_AC;U_DC_1;I_DC_1;U_DC_2;I_DC_2;U_DC_3;I_DC_3;S;E_WR;M_WR;I_AC_1;I_AC_2;I_AC_3;P_AC_1;P_AC_2;P_AC_3;F_AC_1;F_AC_2;F_AC_3;R_DC;PC;PCS;PCS_LL;COS_PHI;COS_PHI_LL;S_COS_PHI
600;2016-04-07 05:40:00;172602N232;0;0.000;0;3;3;3;3;0.000;0.76;3.2;0.000;3.2;0.000;0.0;0.000;50;0;0;0.000;0.000;0.000;0;0;0;0.75;0.75;0.75;24;1000;0.0;0;1.0000;0;0
600;2016-04-07 05:50:00;172602N232;0;0.000;19;225;226;228;222;0.000;49.98;228.0;0.000;229.0;0.000;0.0;0.000;50;0;0;0.000;0.000;0.000;0;0;0;49.98;49.98;49.98;0;1000;0.0;0;1.0000;0;0
600;2016-04-07 06:00:00;172602N232;0;0.000;21;224;224;226;223;0.000;50.00;238.1;0.000;238.9;0.000;0.0;0.000;50;0;0;0.000;0.000;0.000;0;0;0;50.00;50.00;50.00;0;1000;0.0;0;1.0000;0;0
600;2016-04-07 06:10:00;172602N232;1;0.000;21;224;224;225;223;0.073;49.99;282.6;0.000;283.7;0.000;0.0;0.000;60;0;0;0.086;0.086;0.049;1;0;2;49.99;49.99;49.99;3704;1000;0.0;0;1.0000;0;0
600;2016-04-07 06:20:00;172602N232;12;0.002;22;224;224;224;224;0.271;49.99;276.3;0.004;294.2;0.006;0.0;0.000;60;0;0;0.296;0.302;0.217;3;7;8;49.99;49.99;49.99;4968;1000;0.0;0;1.0000;0;0
600;2016-04-07 06:30:00;172602N232;40;0.010;22;223;223;223;223;0.507;50.01;353.7;0.033;366.9;0.036;0.0;0.000;60;0;0;0.590;0.495;0.437;3;24;19;50.01;50.01;50.01;4968;1000;0.0;0;1.0000;0;0
600;2016-04-07 06:40:00;172602N232;86;0.023;22;223;223;223;223;0.792;49.98;390.9;0.089;397.0;0.088;0.0;0.000;60;0;0;0.858;0.829;0.690;16;33;36;49.98;49.98;49.98;4968;1000;0.0;0;1.0000;0;0
600;2016-04-07 06:50:00;172602N232;77;0.036;23;222;222;223;221;0.764;49.98;380.8;0.077;388.1;0.080;0.0;0.000;60;0;0;0.905;0.824;0.564;7;25;44;49.98;49.98;49.98;4968;1000;0.0;0;1.0000;0;0
600;2016-04-07 07:00:00;172602N232;138;0.059;23;222;221;223;221;0.930;49.98;406.9;0.149;406.1;0.149;0.0;0.000;60;0;0;0.920;1.140;0.731;35;36;65;49.98;49.98;49.98;4968;1000;0.0;0;1.0000;0;0
600;2016-04-07 07:10:00;172602N232;385;0.123;24;222;221;223;221;0.920;49.99;437.7;0.435;440.0;0.412;0.0;0.000;60;0;0;0.909;0.984;0.867;120;137;126;49.99;49.99;49.99;4968;1000;0.0;0;1.0000;0;0
600;2016-04-07 07:20:00;172602N232;507;0.209;24;221;221;222;222;0.972;49.99;438.6;0.576;438.2;0.557;0.0;0.000;60;0;0;0.937;1.011;0.969;158;177;170;49.99;49.99;49.99;4968;1000;0.0;0;1.0000;0;0
600;2016-04-07 07:30:00;172602N232;332;0.263;24;221;221;221;221;0.812;50.02;422.9;0.376;423.6;0.367;0.0;0.000;60;0;0;0.826;0.839;0.772;93;117;121;50.02;50.02;50.02;4968;1000;0.0;0;1.0000;0;0
600;2016-04-07 07:40:00;172602N232;190;0.295;25;221;221;221;221;0.927;49.99;415.2;0.209;413.1;0.213;0.0;0.000;60;0;0;0.975;0.928;0.880;41;66;82;49.99;49.99;49.99;4968;1000;0.0;0;1.0000;0;0
600;2016-04-07 07:50:00;172602N232;272;0.341;26;221;220;221;221;1.063;50.00;422.2;0.304;419.6;0.307;0.0;0.000;60;0;0;1.071;1.154;0.966;74;107;89;50.00;50.00;50.00;4968;1000;0.0;0;1.0000;0;0
600;2016-04-07 08:00:00;172602N232;600;0.440;26;220;221;221;220;1.109;50.00;438.9;0.700;444.6;0.631;0.0;0.000;60;0;0;1.098;1.122;1.107;189;210;200;50.00;50.00;50.00;4968;1000;0.0;0;1.0000;0;0
600;2016-04-07 08:10:00;172602N232;667;0.553;26;221;222;221;220;1.198;50.00;441.2;0.772;444.5;0.702;0.0;0.000;60;0;0;1.185;1.234;1.177;213;234;218;50.00;50.00;50.00;4968;1000;0.0;0;1.0000;0;0
600;2016-04-07 08:20:00;172602N232;1026;0.723;27;221;221;222;220;1.599;49.99;445.8;1.162;445.0;1.123;0.0;0.000;60;0;0;1.562;1.632;1.603;331;352;341;49.99;49.99;49.99;4968;1000;0.0;0;1.0000;0;0
600;2016-04-07 08:30:00;172602N232;730;0.846;27;222;222;223;221;1.139;49.98;440.8;0.821;434.9;0.822;0.0;0.000;60;0;0;1.088;1.176;1.155;230;252;246;49.98;49.98;49.98;4968;1000;0.0;0;1.0000;0;0
600;2016-04-07 08:40:00;172602N232;546;0.937;28;221;221;222;221;0.996;49.99;427.7;0.620;427.5;0.628;0.0;0.000;60;0;0;0.969;1.038;0.983;167;191;186;49.99;49.99;49.99;4968;1000;0.0;0;1.0000;0;0
600;2016-04-07 08:50:00;172602N232;328;0.992;28;224;223;225;223;1.147;49.99;426.5;0.366;421.1;0.374;0.0;0.000;60;0;0;1.096;1.315;1.030;88;110;127;49.99;49.99;49.99;4968;1000;0.0;0;1.0000;0;0
600;2016-04-07 09:00:00;172602N232;825;1.129;29;224;223;225;222;1.278;49.99;444.7;0.918;436.0;0.936;0.0;0.000;60;0;0;1.227;1.324;1.283;262;287;275;49.99;49.99;49.99;4968;1000;0.0;0;1.0000;0;0
600;2016-04-07 09:10:00;172602N232;1639;1.403;29;224;224;226;222;2.458;50.00;445.6;1.957;459.0;1.674;0.0;0.000;60;0;0;2.409;2.515;2.451;534;563;540;50.00;50.00;50.00;4968;1000;0.0;0;1.0000;0;0
600;2016-04-07 09:20:00;172602N232;1459;1.647;29;224;224;226;223;2.224;50.01;443.7;1.787;448.9;1.493;0.0;0.000;60;0;0;2.177;2.271;2.224;471;503;483;50.01;50.01;50.01;4968;1000;0.0;0;1.0000;0;0
600;2016-04-07 09:30:00;172602N232;1689;1.928;30;225;224;227;223;2.546;49.97;444.2;1.957;445.7;1.846;0.0;0.000;60;0;0;2.507;2.597;2.536;552;579;556;49.97;49.97;49.97;4968;1000;0.0;0;1.0000;0;0
600;2016-04-07 09:40:00;172602N232;2611;2.363;30;226;226;229;223;3.864;50.00;435.1;3.177;420.6;2.989;0.0;0.000;60;0;0;3.806;3.951;3.836;854;902;853;50.00;50.00;50.00;4968;1000;0.0;0;1.0000;0;0
600;2016-04-07 09:50:00;172602N232;2471;2.774;31;225;225;228;223;3.678;50.00;432.3;2.933;424.4;2.901;0.0;0.000;60;0;0;3.616;3.779;3.640;807;856;805;50.00;50.00;50.00;4968;1000;0.0;0;1.0000;0;0
600;2016-04-07 10:00:00;172602N232;1419;3.011;31;226;225;229;225;2.143;49.99;441.6;1.605;433.1;1.641;0.0;0.000;60;0;0;2.074;2.209;2.146;454;492;472;49.99;49.99;49.99;4968;1000;0.0;0;1.0000;0;0
600;2016-04-07 10:10:00;172602N232;2778;3.474;32;228;227;231;226;4.088;49.99;435.3;3.349;428.0;3.176;0.0;0.000;60;0;0;4.025;4.194;4.046;907;961;906;49.99;49.99;49.99;4968;1000;0.0;0;1.0000;0;0
600;2016-04-07 10:20:00;172602N232;2382;3.871;33;227;227;231;225;3.497;49.99;425.9;2.882;419.8;2.821;0.0;0.000;60;0;0;3.447;3.591;3.454;780;828;773;49.99;49.99;49.99;4968;1000;0.0;0;1.0000;0;0
600;2016-04-07 10:30:00;172602N232;1020;4.041;33;225;226;228;223;1.542;49.96;435.3;1.155;426.1;1.186;0.0;0.000;60;0;0;1.491;1.596;1.539;327;355;336;49.96;49.96;49.96;4968;1000;0.0;0;1.0000;0;0
600;2016-04-07 10:40:00;172602N232;2328;4.428;33;227;226;229;225;3.429;49.99;441.8;2.662;438.7;2.652;0.0;0.000;60;0;0;3.372;3.504;3.413;760;802;765;49.99;49.99;49.99;4968;1000;0.0;0;1.0000;0;0
600;2016-04-07 10:50:00;172602N232;1347;4.653;33;226;225;229;225;2.152;49.99;434.4;1.530;427.9;1.549;0.0;0.000;60;0;0;2.114;2.224;2.118;434;465;447;49.99;49.99;49.99;4968;1000;0.0;0;1.0000;0;0
600;2016-04-07 11:00:00;172602N232;958;4.813;33;226;225;227;225;1.460;49.98;439.0;1.078;432.1;1.106;0.0;0.000;60;0;0;1.407;1.502;1.471;305;331;320;49.98;49.98;49.98;4968;1000;0.0;0;1.0000;0;0
600;2016-04-07 11:10:00;172602N232;1371;5.042;33;226;226;228;225;2.055;49.99;442.2;1.546;436.8;1.564;0.0;0.000;60;0;0;2.006;2.095;2.064;443;469;457;49.99;49.99;49.99;4968;1000;0.0;0;1.0000;0;0
600;2016-04-07 11:20:00;172602N232;455;5.118;33;226;225;227;224;1.009;50.00;426.1;0.516;420.5;0.529;0.0;0.000;60;0;0;0.987;1.068;0.974;132;158;163;50.00;50.00;50.00;4968;1000;0.0;0;1.0000;0;0
600;2016-04-07 11:30:00;172602N232;215;5.154;33;225;225;226;223;1.036;49.98;411.6;0.237;403.9;0.248;0.0;0.000;60;0;0;1.125;1.154;0.831;51;76;86;49.98;49.98;49.98;4968;1000;0.0;0;1.0000;0;0
600;2016-04-07 11:40:00;172602N232;592;5.253;33;222;222;224;221;1.194;49.99;429.3;0.671;428.0;0.680;0.0;0.000;60;0;0;1.173;1.253;1.158;186;207;196;49.99;49.99;49.99;4968;1000;0.0;0;1.0000;0;0
600;2016-04-07 11:50:00;172602N232;1146;5.444;32;222;222;223;222;1.791;49.98;444.4;1.275;438.0;1.314;0.0;0.000;60;0;0;1.752;1.812;1.811;370;389;386;49.98;49.98;49.98;4968;1000;0.0;0;1.0000;0;0
600;2016-04-07 12:00:00;172602N232;1298;5.661;32;222;221;223;222;2.008;49.98;444.4;1.446;437.8;1.491;0.0;0.000;60;0;0;1.961;2.035;2.030;419;441;435;49.98;49.98;49.98;4968;1000;0.0;0;1.0000;0;0
600;2016-04-07 12:10:00;172602N232;1164;5.854;32;223;224;224;223;1.785;50.00;444.5;1.297;435.0;1.340;0.0;0.000;60;0;0;1.754;1.807;1.796;379;394;389;50.00;50.00;50.00;4968;1000;0.0;0;1.0000;0;0
600;2016-04-07 12:20:00;172602N232;539;5.944;32;224;224;225;224;0.846;50.00;432.5;0.608;423.9;0.626;0.0;0.000;60;0;0;0.795;0.883;0.861;167;188;182;50.00;50.00;50.00;4968;1000;0.0;0;1.0000;0;0
600;2016-04-07 12:30:00;172602N232;473;6.024;32;225;225;225;224;0.849;49.97;431.3;0.530;423.9;0.547;0.0;0.000;60;0;0;0.822;0.882;0.843;147;168;157;49.97;49.97;49.97;4968;1000;0.0;0;1.0000;0;0
600;2016-04-07 12:40:00;172602N232;926;6.179;32;226;226;226;225;1.575;49.99;431.7;1.051;435.8;1.064;0.0;0.000;60;0;0;1.579;1.580;1.567;299;316;309;49.99;49.99;49.99;4968;1000;0.0;0;1.0000;0;0
600;2016-04-07 12:50:00;172602N232;1564;6.440;32;226;225;227;226;2.339;49.99;450.8;1.724;439.0;1.794;0.0;0.000;60;0;0;2.288;2.373;2.356;506;532;524;49.99;49.99;49.99;4968;1000;0.0;0;1.0000;0;0
600;2016-04-07 13:00:00;172602N232;1123;6.626;32;226;226;227;225;1.804;49.99;444.5;1.251;435.0;1.293;0.0;0.000;60;0;0;1.804;1.797;1.813;361;381;379;49.99;49.99;49.99;4968;1000;0.0;0;1.0000;0;0
600;2016-04-07 13:10:00;172602N232;1037;6.799;32;226;225;227;226;1.581;49.99;438.1;1.168;434.5;1.199;0.0;0.000;60;0;0;1.532;1.615;1.597;330;356;348;49.99;49.99;49.99;4968;1000;0.0;0;1.0000;0;0
600;2016-04-07 13:20:00;172602N232;1133;6.988;32;226;224;228;226;1.722;50.01;441.4;1.270;436.0;1.305;0.0;0.000;60;0;0;1.655;1.773;1.740;359;391;381;50.01;50.01;50.01;4968;1000;0.0;0;1.0000;0;0
600;2016-04-07 13:30:00;172602N232;1820;7.292;32;227;227;229;226;2.706;49.97;446.4;2.029;438.8;2.091;0.0;0.000;60;0;0;2.655;2.754;2.709;592;623;604;49.97;49.97;49.97;4968;1000;0.0;0;1.0000;0;0
600;2016-04-07 13:40:00;172602N232;1587;7.557;33;226;226;228;225;2.361;49.98;446.2;1.767;436.9;1.829;0.0;0.000;60;0;0;2.310;2.411;2.363;515;544;526;49.98;49.98;49.98;4968;1000;0.0;0;1.0000;0;0
600;2016-04-07 13:50:00;172602N232;1222;7.761;33;227;227;228;226;1.874;49.98;442.6;1.366;433.9;1.415;0.0;0.000;60;0;0;1.844;1.892;1.887;394;416;409;49.98;49.98;49.98;4968;1000;0.0;0;1.0000;0;0
600;2016-04-07 14:00:00;172602N232;986;7.924;33;227;226;228;226;1.510;49.99;442.1;1.100;433.3;1.138;0.0;0.000;60;0;0;1.466;1.542;1.522;315;339;330;49.99;49.99;49.99;4968;1000;0.0;0;1.0000;0;0
600;2016-04-07 14:10:00;172602N232;1184;8.123;33;223;222;224;223;1.807;50.01;440.0;1.331;433.4;1.366;0.0;0.000;60;0;0;1.754;1.845;1.822;380;406;397;50.01;50.01;50.01;4968;1000;0.0;0;1.0000;0;0
600;2016-04-07 14:20:00;172602N232;577;8.219;33;222;221;223;222;1.087;50.01;430.2;0.646;423.2;0.665;0.0;0.000;60;0;0;1.055;1.161;1.047;180;200;195;50.01;50.01;50.01;4968;1000;0.0;0;1.0000;0;0
600;2016-04-07 14:30:00;172602N232;545;8.310;33;222;222;223;222;1.153;49.97;417.3;0.624;423.0;0.631;0.0;0.000;60;0;0;1.154;1.217;1.089;168;193;182;49.97;49.97;49.97;4968;1000;0.0;0;1.0000;0;0
600;2016-04-07 14:40:00;172602N232;1030;8.481;33;223;223;225;223;1.577;49.99;432.0;1.175;436.0;1.187;0.0;0.000;60;0;0;1.527;1.614;1.592;329;354;344;49.99;49.99;49.99;4968;1000;0.0;0;1.0000;0;0
600;2016-04-07 14:50:00;172602N232;1345;8.706;33;223;223;225;222;2.044;49.99;444.1;1.504;436.6;1.546;0.0;0.000;60;0;0;1.998;2.088;2.046;435;463;446;49.99;49.99;49.99;4968;1000;0.0;0;1.0000;0;0
600;2016-04-07 15:00:00;172602N232;997;8.872;33;224;224;225;222;1.546;49.98;443.2;1.110;433.3;1.149;0.0;0.000;60;0;0;1.512;1.578;1.549;321;342;331;49.98;49.98;49.98;4968;1000;0.0;0;1.0000;0;0
600;2016-04-07 15:10:00;172602N232;773;9.001;33;224;224;225;223;1.321;50.00;437.8;0.866;430.5;0.892;0.0;0.000;60;0;0;1.356;1.311;1.296;252;262;257;50.00;50.00;50.00;4968;1000;0.0;0;1.0000;0;0
600;2016-04-07 15:20:00;172602N232;1266;9.213;33;224;224;225;223;1.942;50.00;443.8;1.415;435.6;1.454;0.0;0.000;60;0;0;1.907;1.971;1.950;410;432;422;50.00;50.00;50.00;4968;1000;0.0;0;1.0000;0;0
600;2016-04-07 15:30:00;172602N232;328;9.267;32;223;222;225;223;1.041;50.00;415.7;0.375;415.4;0.376;0.0;0.000;60;0;0;1.095;1.164;0.865;104;115;106;50.00;50.00;50.00;4968;1000;0.0;0;1.0000;0;0
600;2016-04-07 15:40:00;172602N232;275;9.313;32;223;222;225;222;1.089;49.98;416.1;0.312;415.4;0.313;0.0;0.000;60;0;0;1.078;1.296;0.895;90;84;98;49.98;49.98;49.98;4968;1000;0.0;0;1.0000;0;0
600;2016-04-07 15:50:00;172602N232;425;9.384;32;223;222;225;223;0.831;49.98;426.6;0.483;422.7;0.488;0.0;0.000;60;0;0;0.779;0.891;0.823;128;153;142;49.98;49.98;49.98;4968;1000;0.0;0;1.0000;0;0
600;2016-04-07 16:00:00;172602N232;113;9.404;32;223;222;223;224;0.851;49.99;388.8;0.124;391.1;0.126;0.0;0.000;60;0;0;0.794;0.973;0.788;30;35;47;49.99;49.99;49.99;4968;1000;0.0;0;1.0000;0;0
600;2016-04-07 16:10:00;172602N232;132;9.425;31;222;222;223;222;0.858;49.99;392.3;0.142;390.8;0.149;0.0;0.000;60;0;0;0.943;0.943;0.690;32;50;49;49.99;49.99;49.99;4968;1000;0.0;0;1.0000;0;0
600;2016-04-07 16:20:00;172602N232;292;9.474;31;223;222;224;223;1.108;50.00;422.2;0.327;416.7;0.334;0.0;0.000;60;0;0;1.139;1.242;0.944;95;99;96;50.00;50.00;50.00;4968;1000;0.0;0;1.0000;0;0
600;2016-04-07 16:30:00;172602N232;158;9.501;31;223;223;225;222;0.966;50.02;404.7;0.175;402.5;0.178;0.0;0.000;60;0;0;0.912;1.221;0.765;46;35;74;50.02;50.02;50.02;4968;1000;0.0;0;1.0000;0;0
600;2016-04-07 16:40:00;172602N232;118;9.521;30;223;223;225;222;0.929;50.03;401.9;0.126;395.8;0.132;0.0;0.000;60;0;0;0.930;1.111;0.748;23;25;69;50.03;50.03;50.03;4968;1000;0.0;0;1.0000;0;0
600;2016-04-07 16:50:00;172602N232;101;9.538;30;223;224;223;222;0.922;49.97;393.5;0.107;392.0;0.112;0.0;0.000;60;0;0;1.212;0.815;0.739;0;50;62;49.97;49.97;49.97;4968;1000;0.0;0;1.0000;0;0
600;2016-04-07 17:00:00;172602N232;73;9.550;30;223;223;224;222;0.807;49.99;374.0;0.073;375.8;0.078;0.0;0.000;60;0;0;0.895;0.914;0.613;9;18;48;49.99;49.99;49.99;4968;1000;0.0;0;1.0000;0;0
600;2016-04-07 17:10:00;172602N232;70;9.562;30;223;223;224;222;0.824;49.99;382.2;0.070;381.4;0.075;0.0;0.000;60;0;0;0.902;0.937;0.635;8;17;47;49.99;49.99;49.99;4968;1000;0.0;0;1.0000;0;0
600;2016-04-07 17:20:00;172602N232;71;9.575;29;223;223;223;222;0.810;50.00;378.1;0.072;382.1;0.077;0.0;0.000;60;0;0;1.112;0.686;0.634;1;40;39;50.00;50.00;50.00;4968;1000;0.0;0;1.0000;0;0
600;2016-04-07 17:30:00;172602N232;74;9.587;29;223;224;224;221;0.812;50.03;383.5;0.075;385.0;0.079;0.0;0.000;60;0;0;1.013;0.812;0.611;4;30;48;50.03;50.03;50.03;4968;1000;0.0;0;1.0000;0;0
600;2016-04-07 17:40:00;172602N232;35;9.592;29;221;220;222;219;0.460;50.03;312.7;0.033;319.3;0.035;0.0;0.000;60;0;0;0.578;0.456;0.348;3;15;26;50.03;50.03;50.03;4968;1000;0.0;0;1.0000;0;0
600;2016-04-07 17:50:00;172602N232;5;9.595;29;221;220;223;221;0.199;49.99;257.7;0.000;264.2;0.002;0.0;0.000;60;0;0;0.187;0.272;0.139;4;1;7;49.99;49.99;49.99;4968;1000;0.0;0;1.0000;0;0
600;2016-04-07 18:00:00;172602N232;20;9.598;28;222;223;223;221;0.401;49.98;306.6;0.008;326.7;0.014;0.0;0.000;60;0;0;0.509;0.389;0.306;2;15;20;49.98;49.98;49.98;4968;1000;0.0;0;1.0000;0;0
600;2016-04-07 18:10:00;172602N232;0;9.597;28;222;224;222;219;0.047;49.98;255.2;0.000;255.9;0.000;0.0;0.000;50;0;0;0.089;0.029;0.025;0;1;1;49.98;49.98;49.98;4968;1000;0.0;0;1.0000;0;0
600;2016-04-07 18:20:00;172602N232;0;9.597;27;222;222;225;221;0.000;49.99;252.5;0.000;253.2;0.000;0.0;0.000;50;0;0;0.000;0.000;0.000;0;0;0;49.99;49.99;49.99;4968;1000;0.0;0;1.0000;0;0
600;2016-04-07 18:30:00;172602N232;20;9.602;27;223;223;223;223;0.355;50.07;314.4;0.013;329.6;0.016;0.0;0.000;60;0;0;0.462;0.330;0.275;0;15;13;50.07;50.07;50.07;10580;1000;0.0;0;1.0000;0;0
600;2016-04-07 18:40:00;172602N232;13;9.603;27;223;223;225;222;0.339;50.02;277.4;0.005;293.3;0.008;0.0;0.000;60;0;0;0.379;0.407;0.233;2;1;14;50.02;50.02;50.02;10838;1000;0.0;0;1.0000;0;0
600;2016-04-07 18:50:00;172602N232;41;9.610;26;223;223;226;221;0.627;49.98;357.3;0.034;367.5;0.036;0.0;0.000;60;0;0;0.564;0.879;0.438;14;0;33;49.98;49.98;49.98;10838;1000;0.0;0;1.0000;0;0
600;2016-04-07 19:00:00;172602N232;30;9.615;26;224;225;226;222;0.528;49.99;327.7;0.023;335.5;0.025;0.0;0.000;60;0;0;0.573;0.659;0.354;6;3;25;49.99;49.99;49.99;10838;1000;0.0;0;1.0000;0;0
600;2016-04-07 19:10:00;172602N232;19;9.619;27;225;225;226;223;0.371;49.98;300.3;0.012;295.3;0.015;0.0;0.000;60;0;0;0.480;0.371;0.263;1;12;18;49.98;49.98;49.98;10838;1000;0.0;0;1.0000;0;0
600;2016-04-07 19:20:00;172602N232;6;9.619;27;225;225;226;222;0.172;49.99;266.9;0.003;256.5;0.005;0.0;0.000;60;0;0;0.245;0.172;0.101;1;1;6;49.99;49.99;49.99;10838;1000;0.0;0;1.0000;0;0
600;2016-04-07 19:30:00;172602N232;0;9.619;26;224;224;227;222;0.004;50.00;240.3;0.000;240.8;0.000;0.0;0.000;50;0;0;0.012;0.000;0.000;0;0;0;50.00;50.00;50.00;10838;1000;0.0;0;1.0000;0;0
600;2016-04-07 19:40:00;172602N232;0;9.619;26;223;223;226;221;0.000;49.99;228.3;0.000;229.3;0.000;0.0;0.000;50;0;0;0.000;0.000;0.000;0;0;0;49.99;49.99;49.99;10838;1000;0.0;0;1.0000;0;0
[wr_ende]
