20160322;230000;172602N232;My Plant;+0100
[wr_def_start]
172602N232;Inverter Type;Inverter Group;72602N232      
[wr_def_end]
[wr]
INTERVAL;TIMESTAMP;SERIAL;P_AC;E_DAY;T_WR;U_AC;U_AC_1;U_AC_2;U_AC_3;I_AC;F_AC;U_DC_1;I_DC_1;U_DC_2;I_DC_2;U_DC_3;I_DC_3;S;E_WR;M_WR;I_AC_1;I_AC_2;I_AC_3;P_AC_1;P_AC_2;P_AC_3;F_AC_1;F_AC_2;F_AC_3;R_DC;PC;PCS;PCS_LL;COS_PHI;COS_PHI_LL;S_COS_PHI
600;2016-03-22 05:20:00;172602N232;0;0.000;0;1;1;1;1;0.000;0.26;1.1;0.000;1.1;0.000;0.0;0.000;50;0;0;0.000;0.000;0.000;0;0;0;0.26;0.26;0.26;21;1000;0.0;0;1.0000;0;0
600;2016-03-22 05:30:00;172602N232;0;0.000;16;222;222;224;221;0.000;50.01;228.0;0.000;228.9;0.000;0.0;0.000;50;0;0;0.000;0.000;0.000;0;0;0;50.01;50.01;50.01;0;1000;0.0;0;1.0000;0;0
600;2016-03-22 05:40:00;172602N232;0;0.000;18;223;221;226;221;0.000;49.99;233.2;0.000;234.2;0.000;0.0;0.000;50;0;0;0.000;0.000;0.000;0;0;0;49.99;49.99;49.99;0;1000;0.0;0;1.0000;0;0
600;2016-03-22 05:50:00;172602N232;0;0.000;19;224;223;228;222;0.000;49.98;273.9;0.000;274.1;0.000;0.0;0.000;51;0;0;0.000;0.000;0.000;0;0;0;49.98;49.98;49.98;523;1000;0.0;0;1.0000;0;0
600;2016-03-22 06:00:00;172602N232;13;0.003;20;224;222;226;223;0.300;49.98;287.7;0.006;293.2;0.009;0.0;0.000;60;0;0;0.222;0.459;0.219;9;0;13;49.98;49.98;49.98;7646;1000;0.0;0;1.0000;0;0
600;2016-03-22 06:10:00;172602N232;37;0.012;20;223;221;225;223;0.548;49.99;351.1;0.029;368.6;0.031;0.0;0.000;60;0;0;0.509;0.772;0.365;29;0;25;49.99;49.99;49.99;7646;1000;0.0;0;1.0000;0;0
600;2016-03-22 06:20:00;172602N232;53;0.023;21;223;221;225;223;0.695;49.98;366.4;0.051;381.9;0.052;0.0;0.000;60;0;0;0.585;0.997;0.505;27;0;35;49.98;49.98;49.98;7646;1000;0.0;0;1.0000;0;0
600;2016-03-22 06:30:00;172602N232;101;0.036;21;222;221;223;222;0.911;50.04;391.9;0.109;398.8;0.110;0.0;0.000;60;0;0;0.831;1.162;0.741;25;22;54;50.04;50.04;50.04;7646;1000;0.0;0;1.0000;0;0
600;2016-03-22 06:40:00;172602N232;167;0.062;22;222;222;224;222;0.941;49.99;412.9;0.182;411.6;0.184;0.0;0.000;60;0;0;0.912;1.173;0.738;44;50;71;49.99;49.99;49.99;7646;1000;0.0;0;1.0000;0;0
600;2016-03-22 06:50:00;172602N232;215;0.097;22;222;221;223;222;1.002;49.99;419.1;0.238;415.7;0.241;0.0;0.000;60;0;0;1.023;1.197;0.786;62;79;71;49.99;49.99;49.99;7646;1000;0.0;0;1.0000;0;0
600;2016-03-22 07:00:00;172602N232;265;0.143;22;223;222;224;223;1.040;49.99;422.2;0.295;418.8;0.300;0.0;0.000;60;0;0;1.048;1.195;0.877;86;98;79;49.99;49.99;49.99;7646;1000;0.0;0;1.0000;0;0
600;2016-03-22 07:10:00;172602N232;238;0.181;23;225;223;227;225;1.037;50.01;418.9;0.266;415.9;0.271;0.0;0.000;60;0;0;0.988;1.284;0.839;99;57;81;50.01;50.01;50.01;7646;1000;0.0;0;1.0000;0;0
600;2016-03-22 07:20:00;172602N232;241;0.223;23;225;223;227;224;1.029;49.99;416.1;0.272;415.5;0.275;0.0;0.000;60;0;0;1.016;1.329;0.742;81;80;78;49.99;49.99;49.99;7646;1000;0.0;0;1.0000;0;0
600;2016-03-22 07:30:00;172602N232;243;0.263;23;225;224;226;224;1.058;50.00;421.7;0.270;415.5;0.277;0.0;0.000;60;0;0;1.073;1.300;0.802;70;87;85;50.00;50.00;50.00;7646;1000;0.0;0;1.0000;0;0
600;2016-03-22 07:40:00;172602N232;295;0.312;24;225;223;227;224;1.168;49.99;425.0;0.330;418.9;0.337;0.0;0.000;60;0;0;1.125;1.406;0.974;94;88;111;49.99;49.99;49.99;7646;1000;0.0;0;1.0000;0;0
600;2016-03-22 07:50:00;172602N232;412;0.381;24;225;223;227;224;1.255;49.99;431.3;0.463;424.2;0.473;0.0;0.000;60;0;0;1.168;1.442;1.155;123;129;158;49.99;49.99;49.99;7646;1000;0.0;0;1.0000;0;0
600;2016-03-22 08:00:00;172602N232;369;0.443;25;225;224;227;224;0.929;49.99;427.9;0.415;421.1;0.426;0.0;0.000;60;0;0;0.923;1.026;0.840;112;129;126;49.99;49.99;49.99;7646;1000;0.0;0;1.0000;0;0
600;2016-03-22 08:10:00;172602N232;365;0.503;25;225;224;227;224;1.178;49.99;421.1;0.416;420.9;0.421;0.0;0.000;60;0;0;1.183;1.314;1.039;112;124;127;49.99;49.99;49.99;7646;1000;0.0;0;1.0000;0;0
600;2016-03-22 08:20:00;172602N232;561;0.598;25;225;224;227;224;1.006;49.99;434.2;0.633;427.9;0.648;0.0;0.000;60;0;0;0.964;1.059;0.995;175;199;186;49.99;49.99;49.99;7646;1000;0.0;0;1.0000;0;0
600;2016-03-22 08:30:00;172602N232;506;0.681;26;225;225;226;224;0.799;49.98;433.1;0.569;424.9;0.586;0.0;0.000;60;0;0;0.747;0.839;0.811;155;178;171;49.98;49.98;49.98;7646;1000;0.0;0;1.0000;0;0
600;2016-03-22 08:40:00;172602N232;480;0.761;26;225;224;227;224;0.759;50.00;426.5;0.549;424.7;0.557;0.0;0.000;60;0;0;0.705;0.800;0.773;145;170;163;50.00;50.00;50.00;7646;1000;0.0;0;1.0000;0;0
600;2016-03-22 08:50:00;172602N232;537;0.851;27;224;224;226;223;0.846;49.99;434.5;0.605;425.7;0.623;0.0;0.000;60;0;0;0.795;0.888;0.855;166;189;180;49.99;49.99;49.99;7646;1000;0.0;0;1.0000;0;0
600;2016-03-22 09:00:00;172602N232;480;0.932;27;224;224;225;221;0.793;50.01;432.0;0.541;423.2;0.558;0.0;0.000;60;0;0;0.750;0.831;0.798;148;170;160;50.01;50.01;50.01;7646;1000;0.0;0;1.0000;0;0
600;2016-03-22 09:10:00;172602N232;494;1.014;27;223;223;224;222;0.890;50.01;429.0;0.561;423.9;0.574;0.0;0.000;60;0;0;0.857;0.928;0.885;153;175;164;50.01;50.01;50.01;7646;1000;0.0;0;1.0000;0;0
600;2016-03-22 09:20:00;172602N232;723;1.135;28;223;223;224;222;1.122;50.00;438.4;0.813;429.9;0.836;0.0;0.000;60;0;0;1.070;1.162;1.134;228;251;242;50.00;50.00;50.00;7646;1000;0.0;0;1.0000;0;0
600;2016-03-22 09:30:00;172602N232;952;1.294;28;223;223;225;222;1.454;49.98;439.8;1.075;432.4;1.098;0.0;0.000;60;0;0;1.404;1.494;1.466;304;329;317;49.98;49.98;49.98;7646;1000;0.0;0;1.0000;0;0
600;2016-03-22 09:40:00;172602N232;1041;1.467;28;223;223;225;221;1.591;50.00;438.0;1.185;431.5;1.203;0.0;0.000;60;0;0;1.537;1.640;1.597;332;362;345;50.00;50.00;50.00;7646;1000;0.0;0;1.0000;0;0
600;2016-03-22 09:50:00;172602N232;1310;1.686;29;223;223;225;221;1.999;50.00;436.9;1.505;432.9;1.508;0.0;0.000;60;0;0;1.955;2.042;2.001;422;452;434;50.00;50.00;50.00;7646;1000;0.0;0;1.0000;0;0
600;2016-03-22 10:00:00;172602N232;1508;1.938;29;224;224;226;222;2.269;49.99;434.9;1.752;433.5;1.729;0.0;0.000;60;0;0;2.222;2.315;2.271;489;518;498;49.99;49.99;49.99;7646;1000;0.0;0;1.0000;0;0
600;2016-03-22 10:10:00;172602N232;1567;2.199;29;224;223;226;223;2.354;50.00;432.1;1.838;431.4;1.803;0.0;0.000;60;0;0;2.299;2.408;2.356;507;539;519;50.00;50.00;50.00;7646;1000;0.0;0;1.0000;0;0
600;2016-03-22 10:20:00;172602N232;1840;2.505;30;226;225;228;225;2.725;50.01;431.1;2.167;431.5;2.113;0.0;0.000;60;0;0;2.653;2.793;2.730;593;633;610;50.01;50.01;50.01;7646;1000;0.0;0;1.0000;0;0
600;2016-03-22 10:30:00;172602N232;2059;2.848;30;226;224;230;224;3.045;49.99;424.4;2.462;427.2;2.393;0.0;0.000;60;0;0;2.965;3.135;3.036;662;717;678;49.99;49.99;49.99;7646;1000;0.0;0;1.0000;0;0
600;2016-03-22 10:40:00;172602N232;3658;3.458;32;227;226;231;225;5.365;49.99;415.6;4.486;421.8;4.333;0.0;0.000;60;0;0;5.279;5.514;5.303;1191;1273;1191;49.99;49.99;49.99;7646;1000;0.0;0;1.0000;0;0
600;2016-03-22 10:50:00;172602N232;3357;4.018;33;227;225;230;225;4.931;49.99;412.7;4.158;418.5;4.022;0.0;0.000;60;0;0;4.844;5.051;4.900;1089;1165;1103;49.99;49.99;49.99;7646;1000;0.0;0;1.0000;0;0
600;2016-03-22 11:00:00;172602N232;2424;4.423;34;227;225;230;225;3.578;49.98;412.1;2.995;414.0;2.921;0.0;0.000;60;0;0;3.499;3.686;3.551;783;847;793;49.98;49.98;49.98;7646;1000;0.0;0;1.0000;0;0
600;2016-03-22 11:10:00;172602N232;1551;4.681;32;226;224;229;224;2.319;49.99;423.0;1.854;421.0;1.832;0.0;0.000;60;0;0;2.252;2.390;2.317;497;539;514;49.99;49.99;49.99;7646;1000;0.0;0;1.0000;0;0
600;2016-03-22 11:20:00;172602N232;2710;5.133;33;227;224;231;226;3.986;50.00;423.5;3.261;425.8;3.187;0.0;0.000;60;0;0;3.879;4.097;3.982;868;945;896;50.00;50.00;50.00;7646;1000;0.0;0;1.0000;0;0
600;2016-03-22 11:30:00;172602N232;2073;5.479;33;228;226;231;226;3.051;49.99;422.0;2.491;421.9;2.452;0.0;0.000;60;0;0;2.977;3.133;3.045;669;719;684;49.99;49.99;49.99;7646;1000;0.0;0;1.0000;0;0
600;2016-03-22 11:40:00;172602N232;3350;6.036;33;229;227;233;226;4.885;50.01;416.3;4.120;420.8;3.994;0.0;0.000;60;0;0;4.799;5.015;4.843;1089;1164;1094;50.01;50.01;50.01;7646;1000;0.0;0;1.0000;0;0
600;2016-03-22 11:50:00;172602N232;2874;6.517;36;228;227;232;226;4.205;50.01;412.4;3.546;414.4;3.477;0.0;0.000;60;0;0;4.117;4.313;4.185;930;1000;944;50.01;50.01;50.01;7646;1000;0.0;0;1.0000;0;0
600;2016-03-22 12:00:00;172602N232;2397;6.917;34;227;226;230;225;3.526;49.99;416.8;2.923;417.3;2.869;0.0;0.000;60;0;0;3.459;3.616;3.505;778;831;787;49.99;49.99;49.99;7646;1000;0.0;0;1.0000;0;0
600;2016-03-22 12:10:00;172602N232;3498;7.500;36;228;227;231;226;5.116;50.00;411.8;4.336;416.5;4.236;0.0;0.000;60;0;0;5.043;5.234;5.073;1142;1211;1144;50.00;50.00;50.00;7646;1000;0.0;0;1.0000;0;0
600;2016-03-22 12:20:00;172602N232;2061;7.844;36;226;225;229;225;3.049;50.01;415.5;2.507;414.3;2.493;0.0;0.000;60;0;0;2.984;3.124;3.041;669;711;680;50.01;50.01;50.01;7646;1000;0.0;0;1.0000;0;0
600;2016-03-22 12:30:00;172602N232;2114;8.195;35;227;225;230;225;3.120;49.98;418.7;2.555;418.6;2.520;0.0;0.000;60;0;0;3.053;3.203;3.105;684;732;695;49.98;49.98;49.98;7646;1000;0.0;0;1.0000;0;0
600;2016-03-22 12:40:00;172602N232;2723;8.651;35;227;226;231;225;4.016;49.99;415.7;3.334;419.2;3.225;0.0;0.000;60;0;0;3.944;4.122;3.984;885;945;890;49.99;49.99;49.99;7646;1000;0.0;0;1.0000;0;0
600;2016-03-22 12:50:00;172602N232;3022;9.154;35;227;226;231;225;4.438;49.99;413.1;3.715;416.9;3.629;0.0;0.000;60;0;0;4.369;4.556;4.389;984;1053;984;49.99;49.99;49.99;7646;1000;0.0;0;1.0000;0;0
600;2016-03-22 13:00:00;172602N232;1620;9.423;36;226;225;229;225;2.399;49.98;417.4;1.961;416.4;1.941;0.0;0.000;60;0;0;2.341;2.464;2.393;524;561;533;49.98;49.98;49.98;7646;1000;0.0;0;1.0000;0;0
600;2016-03-22 13:10:00;172602N232;2010;9.759;36;227;225;230;226;2.970;50.01;423.1;2.408;423.9;2.362;0.0;0.000;60;0;0;2.896;3.049;2.967;647;698;664;50.01;50.01;50.01;7646;1000;0.0;0;1.0000;0;0
600;2016-03-22 13:20:00;172602N232;1596;10.025;36;227;226;230;225;2.374;50.03;425.1;1.886;422.0;1.894;0.0;0.000;60;0;0;2.307;2.448;2.368;512;556;527;50.03;50.03;50.03;7646;1000;0.0;0;1.0000;0;0
600;2016-03-22 13:30:00;172602N232;1985;10.357;36;228;226;231;226;2.917;50.02;423.7;2.373;422.6;2.345;0.0;0.000;60;0;0;2.842;2.999;2.911;639;690;654;50.02;50.02;50.02;7646;1000;0.0;0;1.0000;0;0
600;2016-03-22 13:40:00;172602N232;1554;10.615;36;227;226;230;226;2.304;49.98;419.8;1.863;420.5;1.843;0.0;0.000;60;0;0;2.237;2.369;2.307;498;538;516;49.98;49.98;49.98;7646;1000;0.0;0;1.0000;0;0
600;2016-03-22 13:50:00;172602N232;1030;10.787;35;227;226;229;225;1.554;49.99;421.1;1.223;417.1;1.216;0.0;0.000;60;0;0;1.504;1.601;1.558;329;358;342;49.99;49.99;49.99;7646;1000;0.0;0;1.0000;0;0
600;2016-03-22 14:00:00;172602N232;2699;11.237;35;229;227;232;227;3.947;49.98;423.9;3.253;426.6;3.148;0.0;0.000;60;0;0;3.866;4.060;3.915;872;942;883;49.98;49.98;49.98;7646;1000;0.0;0;1.0000;0;0
600;2016-03-22 14:10:00;172602N232;3513;11.823;36;230;228;234;227;5.112;49.99;410.6;4.376;418.2;4.204;0.0;0.000;60;0;0;5.028;5.252;5.058;1140;1227;1145;49.99;49.99;49.99;7646;1000;0.0;0;1.0000;0;0
600;2016-03-22 14:20:00;172602N232;3471;12.402;38;229;227;233;227;5.061;50.01;402.3;4.396;409.9;4.256;0.0;0.000;60;0;0;4.977;5.189;5.019;1125;1210;1134;50.01;50.01;50.01;7646;1000;0.0;0;1.0000;0;0
600;2016-03-22 14:30:00;172602N232;1915;12.722;36;225;224;228;223;2.859;50.00;408.5;2.343;411.8;2.311;0.0;0.000;60;0;0;2.800;2.944;2.834;620;668;624;50.00;50.00;50.00;7646;1000;0.0;0;1.0000;0;0
600;2016-03-22 14:40:00;172602N232;3867;13.367;37;227;226;232;225;5.681;50.01;418.3;4.657;413.1;4.768;0.0;0.000;60;0;0;5.608;5.818;5.619;1263;1345;1257;50.01;50.01;50.01;7646;1000;0.0;0;1.0000;0;0
600;2016-03-22 14:50:00;172602N232;1944;13.689;37;226;225;229;224;2.909;49.99;404.3;2.401;408.3;2.421;0.0;0.000;60;0;0;2.850;2.988;2.889;629;674;638;49.99;49.99;49.99;7646;1000;0.0;0;1.0000;0;0
600;2016-03-22 15:00:00;172602N232;3517;14.277;37;228;227;232;225;5.153;49.99;389.0;4.409;414.5;4.460;0.0;0.000;60;0;0;5.088;5.286;5.087;1149;1224;1142;49.99;49.99;49.99;7646;1000;0.0;0;1.0000;0;0
600;2016-03-22 15:10:00;172602N232;2480;14.690;38;227;227;230;225;3.657;49.99;377.9;3.187;408.7;3.213;0.0;0.000;60;0;0;3.613;3.737;3.622;813;856;808;49.99;49.99;49.99;7646;1000;0.0;0;1.0000;0;0
600;2016-03-22 15:20:00;172602N232;1798;14.990;37;227;226;230;224;2.666;50.01;387.9;2.210;419.7;2.284;0.0;0.000;60;0;0;2.607;2.742;2.649;582;626;588;50.01;50.01;50.01;7646;1000;0.0;0;1.0000;0;0
600;2016-03-22 15:30:00;172602N232;2280;15.371;37;227;226;231;225;3.359;50.01;368.6;2.852;422.6;2.971;0.0;0.000;60;0;0;3.294;3.445;3.338;741;791;746;50.01;50.01;50.01;7646;1000;0.0;0;1.0000;0;0
600;2016-03-22 15:40:00;172602N232;2291;15.752;37;227;227;231;225;3.374;50.02;384.8;2.931;410.7;2.885;0.0;0.000;60;0;0;3.317;3.456;3.350;748;792;749;50.02;50.02;50.02;7646;1000;0.0;0;1.0000;0;0
600;2016-03-22 15:50:00;172602N232;1713;16.038;37;227;226;230;225;2.531;50.00;412.7;2.267;336.2;2.369;0.0;0.000;60;0;0;2.478;2.596;2.520;556;593;562;50.00;50.00;50.00;7646;1000;0.0;0;1.0000;0;0
600;2016-03-22 16:00:00;172602N232;1394;16.270;37;227;226;230;225;2.086;49.98;401.1;2.051;303.0;1.944;0.0;0.000;60;0;0;2.033;2.142;2.084;449;483;461;49.98;49.98;49.98;7646;1000;0.0;0;1.0000;0;0
600;2016-03-22 16:10:00;172602N232;1039;16.444;37;227;227;230;225;1.575;49.99;378.7;1.791;276.3;1.365;0.0;0.000;60;0;0;1.534;1.618;1.573;334;361;343;49.99;49.99;49.99;7646;1000;0.0;0;1.0000;0;0
600;2016-03-22 16:20:00;172602N232;664;16.555;36;226;226;228;224;1.022;50.00;309.7;1.349;274.8;0.995;0.0;0.000;60;0;0;0.968;1.070;1.029;207;234;221;50.00;50.00;50.00;7646;1000;0.0;0;1.0000;0;0
600;2016-03-22 16:30:00;172602N232;487;16.636;36;226;225;228;224;0.908;50.03;414.0;0.691;368.4;0.560;0.0;0.000;60;0;0;0.863;0.965;0.898;148;175;161;50.03;50.03;50.03;7646;1000;0.0;0;1.0000;0;0
600;2016-03-22 16:40:00;172602N232;367;16.698;36;225;225;226;224;1.178;50.02;322.2;0.526;331.8;0.609;0.0;0.000;60;0;0;1.257;1.219;1.059;107;128;129;50.02;50.02;50.02;7646;1000;0.0;0;1.0000;0;0
600;2016-03-22 16:50:00;172602N232;326;16.751;35;224;223;226;222;1.149;50.00;421.7;0.239;353.2;0.617;0.0;0.000;60;0;0;1.222;1.278;0.948;111;107;105;50.00;50.00;50.00;7646;1000;0.0;0;1.0000;0;0
600;2016-03-22 17:00:00;172602N232;239;16.792;35;224;224;227;221;1.089;50.00;406.7;0.201;367.4;0.394;0.0;0.000;60;0;0;1.119;1.317;0.831;64;75;98;50.00;50.00;50.00;7646;1000;0.0;0;1.0000;0;0
600;2016-03-22 17:10:00;172602N232;167;16.820;34;224;224;227;222;0.997;49.99;393.1;0.169;426.6;0.197;0.0;0.000;60;0;0;0.960;1.273;0.759;34;41;90;49.99;49.99;49.99;7646;1000;0.0;0;1.0000;0;0
600;2016-03-22 17:20:00;172602N232;134;16.842;33;224;223;226;222;0.900;49.98;392.3;0.142;417.8;0.148;0.0;0.000;60;0;0;0.759;1.219;0.722;42;18;71;49.98;49.98;49.98;7646;1000;0.0;0;1.0000;0;0
600;2016-03-22 17:30:00;172602N232;99;16.859;33;223;222;224;223;0.833;50.03;382.4;0.108;401.2;0.105;0.0;0.000;60;0;0;0.769;0.983;0.749;26;24;45;50.03;50.03;50.03;7646;1000;0.0;0;1.0000;0;0
600;2016-03-22 17:40:00;172602N232;66;16.870;33;223;223;223;223;0.732;50.00;358.7;0.068;388.2;0.071;0.0;0.000;60;0;0;0.845;0.738;0.614;6;29;32;50.00;50.00;50.00;7646;1000;0.0;0;1.0000;0;0
600;2016-03-22 17:50:00;172602N232;36;16.876;32;223;222;225;222;0.569;49.97;329.6;0.028;364.3;0.034;0.0;0.000;60;0;0;0.517;0.791;0.401;15;3;26;49.97;49.97;49.97;7646;1000;0.0;0;1.0000;0;0
600;2016-03-22 18:00:00;172602N232;5;16.877;32;223;223;224;222;0.219;49.98;257.9;0.001;262.4;0.003;0.0;0.000;60;0;0;0.226;0.278;0.153;2;1;8;49.98;49.98;49.98;7646;1000;0.0;0;1.0000;0;0
600;2016-03-22 18:10:00;172602N232;0;16.877;31;222;221;225;222;0.002;49.97;259.9;0.000;260.0;0.000;0.0;0.000;50;0;0;0.000;0.007;0.000;0;0;0;49.97;49.97;49.97;7646;1000;0.0;0;1.0000;0;0
600;2016-03-22 18:20:00;172602N232;0;16.877;29;222;219;225;220;0.000;49.96;229.9;0.000;230.9;0.000;0.0;0.000;50;0;0;0.000;0.000;0.000;0;0;0;49.96;49.96;49.96;7646;1000;0.0;0;1.0000;0;0
600;2016-03-22 18:30:00;172602N232;0;16.877;29;221;218;224;220;0.000;50.05;226.7;0.000;227.7;0.000;0.0;0.000;80;0;0;0.000;0.000;0.000;0;0;0;50.05;50.05;50.05;7646;1000;0.0;0;1.0000;0;0
[wr_ende]
