20170726;230005;172602N232;My Plant;+0100
[wr_def_start]
172602N232;Inverter Type;Inverter Group;72602N232      
[wr_def_end]
[wr]
INTERVAL;TIMESTAMP;SERIAL;P_AC;E_DAY;T_WR;U_AC;U_AC_1;U_AC_2;U_AC_3;I_AC;F_AC;U_DC_1;I_DC_1;U_DC_2;I_DC_2;U_DC_3;I_DC_3;S;E_WR;M_WR;I_AC_1;I_AC_2;I_AC_3;P_AC_1;P_AC_2;P_AC_3;F_AC_1;F_AC_2;F_AC_3;R_DC;PC;PCS;PCS_LL;COS_PHI;COS_PHI_LL;S_COS_PHI
600;2017-07-26 04:00:00;172602N232;0;0.000;0;4;4;5;4;0.000;1.10;5.0;0.000;5.0;0.000;0.0;0.000;50;0;0;0.000;0.000;0.000;0;0;0;1.10;1.10;1.10;234;1000;0.0;0;1.0000;0;0
600;2017-07-26 04:10:00;172602N232;0;0.000;27;223;223;225;220;0.000;50.00;227.2;0.000;228.1;0.000;0.0;0.000;50;0;0;0.000;0.000;0.000;0;0;0;50.00;50.00;50.00;0;1000;0.0;0;1.0000;0;0
600;2017-07-26 04:20:00;172602N232;0;0.000;29;223;223;226;221;0.000;49.99;229.4;0.000;230.3;0.000;0.0;0.000;50;0;0;0.000;0.000;0.000;0;0;0;49.99;49.99;49.99;0;1000;0.0;0;1.0000;0;0
600;2017-07-26 04:30:00;172602N232;0;0.000;30;224;224;226;221;0.000;49.99;250.4;0.000;251.0;0.000;0.0;0.000;50;0;0;0.000;0.000;0.000;0;0;0;49.99;49.99;49.99;0;1000;0.0;0;1.0000;0;0
600;2017-07-26 04:40:00;172602N232;0;0.000;30;224;224;225;222;0.007;49.99;290.7;0.000;289.2;0.000;0.0;0.000;51;0;0;0.011;0.007;0.005;0;0;0;49.99;49.99;49.99;3218;1000;0.0;0;1.0000;0;0
600;2017-07-26 04:50:00;172602N232;5;0.002;31;223;224;224;223;0.209;49.99;257.5;0.000;254.6;0.000;0.0;0.000;60;0;0;0.255;0.179;0.195;0;6;9;49.99;49.99;49.99;3811;1000;0.0;0;1.0000;0;0
600;2017-07-26 05:00:00;172602N232;28;0.007;31;224;224;224;223;0.498;49.99;330.1;0.025;315.3;0.021;0.0;0.000;60;0;0;0.527;0.610;0.357;4;4;20;49.99;49.99;49.99;3811;1000;0.0;0;1.0000;0;0
600;2017-07-26 05:10:00;172602N232;49;0.013;31;224;224;225;223;0.748;50.01;358.0;0.053;361.8;0.044;0.0;0.000;60;0;0;0.738;0.934;0.572;7;3;37;50.01;50.01;50.01;3811;1000;0.0;0;1.0000;0;0
600;2017-07-26 05:20:00;172602N232;55;0.022;32;223;223;224;222;0.885;49.99;362.5;0.064;371.1;0.051;0.0;0.000;60;0;0;0.903;1.043;0.709;2;6;47;49.99;49.99;49.99;3811;1000;0.0;0;1.0000;0;0
600;2017-07-26 05:30:00;172602N232;68;0.034;32;223;224;225;222;0.897;49.99;372.5;0.080;373.1;0.068;0.0;0.000;60;0;0;0.958;1.012;0.721;1;14;52;49.99;49.99;49.99;3811;1000;0.0;0;1.0000;0;0
600;2017-07-26 05:40:00;172602N232;100;0.051;32;226;226;227;225;0.893;49.98;384.1;0.119;389.3;0.103;0.0;0.000;60;0;0;0.850;1.104;0.727;22;17;59;49.98;49.98;49.98;3811;1000;0.0;0;1.0000;0;0
600;2017-07-26 05:50:00;172602N232;191;0.082;33;227;227;227;227;0.983;49.99;407.7;0.237;388.1;0.205;0.0;0.000;60;0;0;1.066;1.101;0.782;53;76;60;49.99;49.99;49.99;3811;1000;0.0;0;1.0000;0;0
600;2017-07-26 06:00:00;172602N232;264;0.127;33;227;227;227;226;1.169;49.99;413.4;0.346;395.0;0.271;0.0;0.000;60;0;0;1.163;1.335;1.009;54;108;100;49.99;49.99;49.99;3811;1000;0.0;0;1.0000;0;0
600;2017-07-26 06:10:00;172602N232;287;0.175;33;227;227;228;225;1.164;50.02;414.3;0.384;399.0;0.287;0.0;0.000;60;0;0;1.280;1.271;0.941;74;115;96;50.02;50.02;50.02;3811;1000;0.0;0;1.0000;0;0
600;2017-07-26 06:20:00;172602N232;218;0.211;34;226;226;227;225;1.030;50.00;408.5;0.279;394.0;0.226;0.0;0.000;60;0;0;1.214;1.021;0.855;66;73;77;50.00;50.00;50.00;3811;1000;0.0;0;1.0000;0;0
600;2017-07-26 06:30:00;172602N232;142;0.235;34;225;225;225;224;1.030;50.00;386.0;0.177;393.2;0.151;0.0;0.000;60;0;0;1.330;0.938;0.824;14;76;49;50.00;50.00;50.00;3811;1000;0.0;0;1.0000;0;0
600;2017-07-26 06:40:00;172602N232;111;0.254;34;225;225;225;225;0.923;49.97;382.1;0.139;378.4;0.118;0.0;0.000;60;0;0;1.138;0.873;0.759;15;47;48;49.97;49.97;49.97;3811;1000;0.0;0;1.0000;0;0
600;2017-07-26 06:50:00;172602N232;114;0.273;34;226;226;228;226;0.950;49.99;389.3;0.144;380.2;0.115;0.0;0.000;60;0;0;1.050;1.051;0.749;27;31;53;49.99;49.99;49.99;3811;1000;0.0;0;1.0000;0;0
600;2017-07-26 07:00:00;172602N232;135;0.296;35;226;224;227;226;0.950;49.99;403.0;0.178;385.1;0.126;0.0;0.000;60;0;0;0.910;1.108;0.832;47;40;46;49.99;49.99;49.99;3811;1000;0.0;0;1.0000;0;0
600;2017-07-26 07:10:00;172602N232;405;0.364;35;226;224;227;226;0.991;50.01;425.2;0.574;398.6;0.375;0.0;0.000;60;0;0;0.946;1.064;0.965;127;146;131;50.01;50.01;50.01;3811;1000;0.0;0;1.0000;0;0
600;2017-07-26 07:20:00;172602N232;645;0.471;35;226;225;228;226;0.995;50.02;429.9;0.900;411.0;0.607;0.0;0.000;60;0;0;0.931;1.042;1.013;199;226;218;50.02;50.02;50.02;3811;1000;0.0;0;1.0000;0;0
600;2017-07-26 07:30:00;172602N232;789;0.602;36;226;226;228;225;1.204;49.99;435.1;1.068;408.3;0.777;0.0;0.000;60;0;0;1.150;1.248;1.216;249;274;264;49.99;49.99;49.99;3811;1000;0.0;0;1.0000;0;0
600;2017-07-26 07:40:00;172602N232;901;0.752;36;226;225;229;225;1.363;49.99;439.1;1.216;407.7;0.889;0.0;0.000;60;0;0;1.307;1.412;1.371;285;315;299;49.99;49.99;49.99;3811;1000;0.0;0;1.0000;0;0
600;2017-07-26 07:50:00;172602N232;901;0.904;36;226;225;228;225;1.365;49.99;443.1;1.223;403.0;0.877;0.0;0.000;60;0;0;1.303;1.415;1.377;283;315;301;49.99;49.99;49.99;3811;1000;0.0;0;1.0000;0;0
600;2017-07-26 08:00:00;172602N232;723;1.023;37;225;224;228;225;1.111;49.99;406.3;1.173;408.2;0.626;0.0;0.000;60;0;0;1.047;1.162;1.125;225;254;242;49.99;49.99;49.99;3811;1000;0.0;0;1.0000;0;0
600;2017-07-26 08:10:00;172602N232;1041;1.197;37;226;226;228;225;1.585;50.01;407.1;1.655;413.6;0.884;0.0;0.000;60;0;0;1.539;1.623;1.595;333;359;347;50.01;50.01;50.01;3811;1000;0.0;0;1.0000;0;0
600;2017-07-26 08:20:00;172602N232;1449;1.439;38;227;226;228;225;2.149;50.01;408.1;2.245;409.8;1.312;0.0;0.000;60;0;0;2.092;2.206;2.149;469;499;479;50.01;50.01;50.01;3811;1000;0.0;0;1.0000;0;0
600;2017-07-26 08:30:00;172602N232;1248;1.647;38;226;226;227;224;1.925;50.00;399.2;1.756;408.2;1.346;0.0;0.000;60;0;0;1.898;1.950;1.927;406;427;413;50.00;50.00;50.00;3811;1000;0.0;0;1.0000;0;0
600;2017-07-26 08:40:00;172602N232;1317;1.867;38;226;225;228;225;2.011;50.01;400.6;1.881;409.1;1.388;0.0;0.000;60;0;0;1.960;2.052;2.021;425;451;439;50.01;50.01;50.01;3811;1000;0.0;0;1.0000;0;0
600;2017-07-26 08:50:00;172602N232;1529;2.123;39;226;226;226;225;2.300;50.01;400.8;2.211;409.6;1.590;0.0;0.000;60;0;0;2.263;2.326;2.311;499;517;511;50.01;50.01;50.01;3811;1000;0.0;0;1.0000;0;0
600;2017-07-26 09:00:00;172602N232;1723;2.409;39;225;227;226;222;2.573;50.01;399.4;2.478;406.3;1.833;0.0;0.000;60;0;0;2.556;2.620;2.545;576;586;560;50.01;50.01;50.01;3811;1000;0.0;0;1.0000;0;0
600;2017-07-26 09:10:00;172602N232;1721;2.697;39;225;226;228;220;2.572;50.00;398.1;2.467;403.5;1.860;0.0;0.000;60;0;0;2.537;2.656;2.525;568;599;552;50.00;50.00;50.00;3811;1000;0.0;0;1.0000;0;0
600;2017-07-26 09:20:00;172602N232;1911;3.015;40;224;225;228;220;2.860;49.99;395.6;2.891;411.0;1.900;0.0;0.000;60;0;0;2.812;2.963;2.807;627;670;612;49.99;49.99;49.99;3811;1000;0.0;0;1.0000;0;0
600;2017-07-26 09:30:00;172602N232;1811;3.317;40;225;223;229;223;2.705;50.00;393.4;2.638;400.6;1.964;0.0;0.000;60;0;0;2.617;2.801;2.699;579;634;596;50.00;50.00;50.00;3811;1000;0.0;0;1.0000;0;0
600;2017-07-26 09:40:00;172602N232;1869;3.630;40;225;224;228;224;2.784;49.99;392.5;2.822;388.1;2.006;0.0;0.000;60;0;0;2.706;2.864;2.784;601;647;619;49.99;49.99;49.99;3811;1000;0.0;0;1.0000;0;0
600;2017-07-26 09:50:00;172602N232;2095;3.979;41;225;224;227;225;3.120;49.98;390.6;3.276;349.6;2.405;0.0;0.000;60;0;0;3.045;3.187;3.129;677;719;698;49.98;49.98;49.98;3811;1000;0.0;0;1.0000;0;0
600;2017-07-26 10:00:00;172602N232;2759;4.439;41;226;225;230;225;4.086;49.99;385.9;4.306;330.9;3.469;0.0;0.000;60;0;0;4.012;4.177;4.069;896;953;908;49.99;49.99;49.99;3811;1000;0.0;0;1.0000;0;0
600;2017-07-26 10:10:00;172602N232;3494;5.021;41;227;225;230;225;5.154;49.99;376.1;5.330;300.0;5.193;0.0;0.000;60;0;0;5.077;5.264;5.121;1138;1207;1147;49.99;49.99;49.99;3811;1000;0.0;0;1.0000;0;0
600;2017-07-26 10:20:00;172602N232;3627;5.625;42;227;226;230;225;5.346;49.98;370.0;5.489;313.0;5.323;0.0;0.000;60;0;0;5.280;5.458;5.301;1185;1252;1188;49.98;49.98;49.98;3811;1000;0.0;0;1.0000;0;0
600;2017-07-26 10:30:00;172602N232;3303;6.177;42;227;226;231;224;4.871;49.99;370.5;4.934;317.8;4.839;0.0;0.000;60;0;0;4.813;4.989;4.813;1082;1145;1074;49.99;49.99;49.99;3811;1000;0.0;0;1.0000;0;0
600;2017-07-26 10:40:00;172602N232;3370;6.739;43;227;225;230;225;4.974;50.00;371.6;5.012;320.2;4.900;0.0;0.000;60;0;0;4.895;5.092;4.935;1097;1168;1103;50.00;50.00;50.00;3811;1000;0.0;0;1.0000;0;0
600;2017-07-26 10:50:00;172602N232;3441;7.312;43;227;226;230;224;5.081;49.99;371.1;5.077;335.1;4.828;0.0;0.000;60;0;0;5.022;5.198;5.025;1128;1190;1121;49.99;49.99;49.99;3811;1000;0.0;0;1.0000;0;0
600;2017-07-26 11:00:00;172602N232;4119;7.998;43;227;227;230;225;6.050;49.99;365.1;6.087;330.2;6.005;0.0;0.000;60;0;0;6.007;6.171;5.973;1358;1420;1340;49.99;49.99;49.99;3811;1000;0.0;0;1.0000;0;0
600;2017-07-26 11:10:00;172602N232;2569;8.426;43;226;225;228;225;3.793;50.00;366.6;3.780;347.0;3.633;0.0;0.000;60;0;0;3.736;3.867;3.777;840;883;846;50.00;50.00;50.00;3811;1000;0.0;0;1.0000;0;0
600;2017-07-26 11:20:00;172602N232;4365;9.155;43;229;228;232;226;6.360;49.99;368.1;6.275;352.9;6.134;0.0;0.000;60;0;0;6.297;6.521;6.262;1433;1517;1413;49.99;49.99;49.99;3811;1000;0.0;0;1.0000;0;0
600;2017-07-26 11:30:00;172602N232;3976;9.818;44;228;228;232;226;5.798;50.00;354.5;5.909;343.9;5.761;0.0;0.000;60;0;0;5.734;5.939;5.723;1304;1381;1290;50.00;50.00;50.00;3811;1000;0.0;0;1.0000;0;0
600;2017-07-26 11:40:00;172602N232;1812;10.120;43;226;226;228;223;2.712;50.00;370.9;2.544;383.7;2.289;0.0;0.000;60;0;0;2.675;2.776;2.685;593;626;590;50.00;50.00;50.00;3811;1000;0.0;0;1.0000;0;0
600;2017-07-26 11:50:00;172602N232;992;10.286;43;225;226;227;223;1.506;49.99;380.6;1.397;381.7;1.210;0.0;0.000;60;0;0;1.463;1.550;1.506;320;344;326;49.99;49.99;49.99;3811;1000;0.0;0;1.0000;0;0
600;2017-07-26 12:00:00;172602N232;1902;10.602;43;226;226;228;225;2.838;49.99;394.1;2.525;403.0;2.299;0.0;0.000;60;0;0;2.792;2.886;2.836;620;649;629;49.99;49.99;49.99;3811;1000;0.0;0;1.0000;0;0
600;2017-07-26 12:10:00;172602N232;4353;11.329;43;229;227;232;226;6.345;50.00;376.2;5.941;380.1;5.851;0.0;0.000;60;0;0;6.253;6.515;6.267;1420;1516;1415;50.00;50.00;50.00;3811;1000;0.0;0;1.0000;0;0
600;2017-07-26 12:20:00;172602N232;5054;12.172;45;229;228;234;226;7.354;49.99;353.9;7.371;356.4;7.174;0.0;0.000;60;0;0;7.251;7.566;7.245;1649;1770;1634;49.99;49.99;49.99;3811;1000;0.0;0;1.0000;0;0
600;2017-07-26 12:30:00;172602N232;2357;12.563;44;226;226;229;224;3.487;50.01;359.8;3.355;363.3;3.354;0.0;0.000;60;0;0;3.417;3.578;3.467;765;817;771;50.01;50.01;50.01;3811;1000;0.0;0;1.0000;0;0
600;2017-07-26 12:40:00;172602N232;2321;12.950;44;227;226;230;224;3.439;49.99;378.3;3.167;384.4;3.009;0.0;0.000;60;0;0;3.372;3.546;3.399;753;811;754;49.99;49.99;49.99;3811;1000;0.0;0;1.0000;0;0
600;2017-07-26 12:50:00;172602N232;2608;13.386;44;227;226;231;225;3.827;49.99;369.3;3.693;374.9;3.469;0.0;0.000;60;0;0;3.751;3.954;3.778;846;916;845;49.99;49.99;49.99;3811;1000;0.0;0;1.0000;0;0
600;2017-07-26 13:00:00;172602N232;1471;13.631;44;225;226;229;221;2.234;50.00;379.7;2.006;390.3;1.834;0.0;0.000;60;0;0;2.192;2.320;2.190;480;517;471;50.00;50.00;50.00;3811;1000;0.0;0;1.0000;0;0
600;2017-07-26 13:10:00;172602N232;5398;14.532;44;227;232;235;215;7.923;50.01;364.3;7.580;366.8;7.481;0.0;0.000;60;0;0;7.976;8.329;7.465;1845;1952;1599;50.01;50.01;50.01;3811;1000;0.0;0;1.0000;0;0
600;2017-07-26 13:20:00;172602N232;3179;15.060;44;225;230;230;215;4.708;49.99;360.3;4.524;360.3;4.504;0.0;0.000;60;0;0;4.737;4.917;4.471;1085;1136;957;49.99;49.99;49.99;3811;1000;0.0;0;1.0000;0;0
600;2017-07-26 13:30:00;172602N232;3731;15.682;44;226;230;231;216;5.514;49.99;368.6;5.169;368.8;5.129;0.0;0.000;60;0;0;5.542;5.752;5.249;1271;1328;1130;49.99;49.99;49.99;3811;1000;0.0;0;1.0000;0;0
600;2017-07-26 13:40:00;172602N232;4102;16.366;45;226;230;233;216;6.041;50.01;367.2;5.736;368.5;5.649;0.0;0.000;60;0;0;6.046;6.329;5.749;1387;1475;1238;50.01;50.01;50.01;3811;1000;0.0;0;1.0000;0;0
600;2017-07-26 13:50:00;172602N232;4345;17.092;45;227;230;233;219;6.377;50.01;354.8;6.249;356.0;6.216;0.0;0.000;60;0;0;6.373;6.636;6.123;1461;1547;1335;50.01;50.01;50.01;3811;1000;0.0;0;1.0000;0;0
600;2017-07-26 14:00:00;172602N232;5083;17.939;45;229;228;233;226;7.400;50.01;349.5;7.413;350.5;7.423;0.0;0.000;60;0;0;7.313;7.567;7.320;1662;1765;1654;50.01;50.01;50.01;3811;1000;0.0;0;1.0000;0;0
600;2017-07-26 14:10:00;172602N232;3853;18.580;45;228;228;232;223;5.651;49.99;350.1;5.641;351.5;5.593;0.0;0.000;60;0;0;5.610;5.798;5.545;1275;1341;1236;49.99;49.99;49.99;3811;1000;0.0;0;1.0000;0;0
600;2017-07-26 14:20:00;172602N232;4670;19.359;46;228;230;231;225;6.820;50.00;354.3;6.701;354.9;6.739;0.0;0.000;60;0;0;6.833;6.949;6.680;1568;1601;1498;50.00;50.00;50.00;3811;1000;0.0;0;1.0000;0;0
600;2017-07-26 14:30:00;172602N232;4579;20.124;46;229;231;232;223;6.680;50.00;349.3;6.695;349.7;6.674;0.0;0.000;60;0;0;6.692;6.865;6.484;1541;1593;1443;50.00;50.00;50.00;3811;1000;0.0;0;1.0000;0;0
600;2017-07-26 14:40:00;172602N232;4363;20.852;46;228;233;235;216;6.386;49.99;351.5;6.296;351.5;6.361;0.0;0.000;60;0;0;6.435;6.704;6.020;1494;1571;1296;49.99;49.99;49.99;3811;1000;0.0;0;1.0000;0;0
600;2017-07-26 14:50:00;172602N232;3999;21.518;46;228;232;234;217;5.858;50.00;353.7;5.764;353.7;5.756;0.0;0.000;60;0;0;5.890;6.125;5.559;1363;1431;1204;50.00;50.00;50.00;3811;1000;0.0;0;1.0000;0;0
600;2017-07-26 15:00:00;172602N232;3848;22.157;46;228;232;234;217;5.641;50.00;358.6;5.460;357.8;5.479;0.0;0.000;60;0;0;5.672;5.902;5.351;1312;1377;1156;50.00;50.00;50.00;3811;1000;0.0;0;1.0000;0;0
600;2017-07-26 15:10:00;172602N232;3546;22.749;46;228;232;235;217;5.195;50.00;362.8;4.981;362.0;4.969;0.0;0.000;60;0;0;5.198;5.445;4.943;1200;1275;1069;50.00;50.00;50.00;3811;1000;0.0;0;1.0000;0;0
600;2017-07-26 15:20:00;172602N232;3831;23.390;46;228;232;236;218;5.600;49.99;364.5;5.367;363.0;5.349;0.0;0.000;60;0;0;5.583;5.871;5.346;1289;1380;1160;49.99;49.99;49.99;3811;1000;0.0;0;1.0000;0;0
600;2017-07-26 15:30:00;172602N232;3607;23.991;46;228;232;235;218;5.279;49.99;362.8;5.068;362.1;5.052;0.0;0.000;60;0;0;5.274;5.527;5.037;1218;1295;1092;49.99;49.99;49.99;3811;1000;0.0;0;1.0000;0;0
600;2017-07-26 15:40:00;172602N232;3931;24.644;46;229;232;235;218;5.739;50.00;362.2;5.537;361.9;5.518;0.0;0.000;60;0;0;5.738;6.001;5.478;1328;1408;1192;50.00;50.00;50.00;3811;1000;0.0;0;1.0000;0;0
600;2017-07-26 15:50:00;172602N232;4035;25.317;46;229;232;234;221;5.882;49.99;364.8;5.631;356.6;5.783;0.0;0.000;60;0;0;5.882;6.119;5.647;1360;1433;1241;49.99;49.99;49.99;3811;1000;0.0;0;1.0000;0;0
600;2017-07-26 16:00:00;172602N232;2129;25.672;46;228;228;230;227;3.129;50.00;364.6;2.929;368.4;2.946;0.0;0.000;60;0;0;3.074;3.185;3.129;696;726;705;50.00;50.00;50.00;3811;1000;0.0;0;1.0000;0;0
600;2017-07-26 16:10:00;172602N232;3753;26.299;46;230;229;233;227;5.458;50.02;361.0;5.239;370.8;5.201;0.0;0.000;60;0;0;5.394;5.567;5.413;1234;1291;1226;50.02;50.02;50.02;3811;1000;0.0;0;1.0000;0;0
600;2017-07-26 16:20:00;172602N232;2647;26.739;46;228;229;229;225;3.889;50.00;359.5;3.704;367.4;3.694;0.0;0.000;60;0;0;3.855;3.953;3.859;878;903;864;50.00;50.00;50.00;3811;1000;0.0;0;1.0000;0;0
600;2017-07-26 16:30:00;172602N232;1936;27.062;46;227;228;228;224;2.871;50.01;370.9;2.615;377.2;2.615;0.0;0.000;60;0;0;2.826;2.935;2.853;638;664;632;50.01;50.01;50.01;3811;1000;0.0;0;1.0000;0;0
600;2017-07-26 16:40:00;172602N232;2357;27.455;45;226;226;231;221;3.496;49.99;373.4;3.160;381.2;3.164;0.0;0.000;60;0;0;3.433;3.628;3.427;772;832;751;49.99;49.99;49.99;3811;1000;0.0;0;1.0000;0;0
600;2017-07-26 16:50:00;172602N232;1425;27.694;45;226;226;228;223;2.123;49.99;385.7;1.842;387.4;1.868;0.0;0.000;60;0;0;2.066;2.183;2.121;461;493;469;49.99;49.99;49.99;3811;1000;0.0;0;1.0000;0;0
600;2017-07-26 17:00:00;172602N232;1280;27.907;44;226;225;229;224;1.926;50.00;380.4;1.664;387.6;1.681;0.0;0.000;60;0;0;1.858;1.989;1.933;408;445;425;50.00;50.00;50.00;3811;1000;0.0;0;1.0000;0;0
600;2017-07-26 17:10:00;172602N232;1671;28.185;44;226;225;229;225;2.485;50.01;389.7;2.113;390.6;2.197;0.0;0.000;60;0;0;2.407;2.549;2.501;535;576;557;50.01;50.01;50.01;3811;1000;0.0;0;1.0000;0;0
600;2017-07-26 17:20:00;172602N232;1913;28.504;44;227;225;230;226;2.827;50.01;376.6;2.511;392.6;2.512;0.0;0.000;60;0;0;2.744;2.900;2.839;613;662;637;50.01;50.01;50.01;3811;1000;0.0;0;1.0000;0;0
600;2017-07-26 17:30:00;172602N232;2544;28.928;44;228;226;232;227;3.738;49.99;370.8;3.413;399.4;3.275;0.0;0.000;60;0;0;3.647;3.837;3.732;819;883;840;49.99;49.99;49.99;3811;1000;0.0;0;1.0000;0;0
600;2017-07-26 17:40:00;172602N232;2305;29.313;44;228;228;231;225;3.395;49.99;368.3;3.143;396.5;2.961;0.0;0.000;60;0;0;3.349;3.475;3.361;756;796;751;49.99;49.99;49.99;3811;1000;0.0;0;1.0000;0;0
600;2017-07-26 17:50:00;172602N232;1944;29.637;44;228;228;232;225;2.869;49.99;371.0;2.619;377.2;2.643;0.0;0.000;60;0;0;2.812;2.958;2.837;632;678;632;49.99;49.99;49.99;3811;1000;0.0;0;1.0000;0;0
600;2017-07-26 18:00:00;172602N232;786;29.768;44;227;227;230;225;1.198;49.98;371.8;1.035;383.7;1.044;0.0;0.000;60;0;0;1.142;1.255;1.198;247;276;260;49.98;49.98;49.98;3811;1000;0.0;0;1.0000;0;0
600;2017-07-26 18:10:00;172602N232;682;29.882;44;227;226;228;226;1.054;49.99;380.1;0.885;393.8;0.874;0.0;0.000;60;0;0;0.998;1.098;1.066;213;238;229;49.99;49.99;49.99;3811;1000;0.0;0;1.0000;0;0
600;2017-07-26 18:20:00;172602N232;333;29.938;44;227;227;227;226;1.106;50.01;373.3;0.435;389.6;0.411;0.0;0.000;60;0;0;1.170;1.133;1.016;99;127;104;50.01;50.01;50.01;3811;1000;0.0;0;1.0000;0;0
600;2017-07-26 18:30:00;172602N232;975;30.100;43;228;229;229;226;1.505;50.01;369.2;1.267;389.6;1.303;0.0;0.000;60;0;0;1.474;1.533;1.510;314;335;324;50.01;50.01;50.01;3811;1000;0.0;0;1.0000;0;0
600;2017-07-26 18:40:00;172602N232;648;30.208;43;227;228;229;225;0.991;50.00;384.9;0.816;395.6;0.831;0.0;0.000;60;0;0;0.938;1.039;0.998;203;227;216;50.00;50.00;50.00;3811;1000;0.0;0;1.0000;0;0
600;2017-07-26 18:50:00;172602N232;465;30.285;43;224;224;225;222;0.988;49.98;390.6;0.586;400.8;0.563;0.0;0.000;60;0;0;0.954;1.080;0.931;144;161;159;49.98;49.98;49.98;3811;1000;0.0;0;1.0000;0;0
600;2017-07-26 19:00:00;172602N232;208;30.321;43;224;222;226;224;0.988;49.99;376.5;0.267;388.3;0.240;0.0;0.000;60;0;0;0.940;1.226;0.799;82;53;71;49.99;49.99;49.99;3811;1000;0.0;0;1.0000;0;0
600;2017-07-26 19:10:00;172602N232;176;30.351;43;223;222;225;222;0.915;50.00;367.0;0.223;383.6;0.210;0.0;0.000;60;0;0;0.807;1.212;0.726;45;52;77;50.00;50.00;50.00;3811;1000;0.0;0;1.0000;0;0
600;2017-07-26 19:20:00;172602N232;234;30.390;43;222;221;223;221;1.041;49.99;375.3;0.293;391.0;0.284;0.0;0.000;60;0;0;1.020;1.267;0.837;65;82;85;49.99;49.99;49.99;3811;1000;0.0;0;1.0000;0;0
600;2017-07-26 19:30:00;172602N232;154;30.415;43;222;222;223;222;0.991;49.99;368.8;0.194;386.3;0.178;0.0;0.000;60;0;0;1.127;1.074;0.773;49;51;52;49.99;49.99;49.99;3811;1000;0.0;0;1.0000;0;0
600;2017-07-26 19:40:00;172602N232;97;30.432;42;222;222;224;221;0.925;50.00;357.0;0.120;375.2;0.110;0.0;0.000;60;0;0;1.016;1.052;0.707;24;18;53;50.00;50.00;50.00;3811;1000;0.0;0;1.0000;0;0
600;2017-07-26 19:50:00;172602N232;80;30.445;42;221;225;225;213;0.876;49.99;351.4;0.095;369.1;0.089;0.0;0.000;60;0;0;1.062;0.879;0.688;2;27;59;49.99;49.99;49.99;3811;1000;0.0;0;1.0000;0;0
600;2017-07-26 20:00:00;172602N232;42;30.452;42;221;225;225;211;0.560;49.99;332.0;0.038;336.6;0.042;0.0;0.000;60;0;0;0.756;0.521;0.403;0;25;34;49.99;49.99;49.99;3811;1000;0.0;0;1.0000;0;0
600;2017-07-26 20:10:00;172602N232;4;30.453;42;219;223;225;211;0.141;49.99;254.3;0.000;253.9;0.002;0.0;0.000;60;0;0;0.154;0.174;0.097;1;1;6;49.99;49.99;49.99;3811;1000;0.0;0;1.0000;0;0
600;2017-07-26 20:20:00;172602N232;0;30.453;41;220;220;224;214;0.000;49.99;275.0;0.000;274.9;0.000;0.0;0.000;51;0;0;0.000;0.000;0.000;0;0;0;49.99;49.99;49.99;4448;1000;0.0;0;1.0000;0;0
600;2017-07-26 20:30:00;172602N232;0;30.453;40;220;221;224;215;0.000;49.98;232.8;0.000;233.8;0.000;0.0;0.000;51;0;0;0.000;0.000;0.000;0;0;0;49.98;49.98;49.98;4507;1000;0.0;0;1.0000;0;0
600;2017-07-26 20:40:00;172602N232;0;30.453;40;221;221;225;218;0.000;49.99;229.3;0.000;230.2;0.000;0.0;0.000;51;0;0;0.000;0.000;0.000;0;0;0;49.99;49.99;49.99;4507;1000;0.0;0;1.0000;0;0
600;2017-07-26 20:50:00;172602N232;0;30.453;39;221;221;224;219;0.000;50.00;228.1;0.000;229.1;0.000;0.0;0.000;51;0;0;0.000;0.000;0.000;0;0;0;49.99;49.99;50.00;4507;1000;0.0;0;1.0000;0;0
600;2017-07-26 21:00:00;172602N232;0;30.453;39;221;220;225;219;0.000;50.03;227.4;0.000;228.3;0.000;0.0;0.000;51;0;0;0.000;0.000;0.000;0;0;0;50.03;50.03;50.03;4507;1000;0.0;0;1.0000;0;0
600;2017-07-26 21:10:00;172602N232;0;30.453;39;221;219;224;220;0.000;50.03;229.5;0.000;230.4;0.000;0.0;0.000;51;0;0;0.000;0.000;0.000;0;0;0;50.03;50.03;50.03;4507;1000;0.0;0;1.0000;0;0
[wr_ende]
