20170826;230001;172602N232;My Plant;+0100
[wr_def_start]
172602N232;Inverter Type;Inverter Group;72602N232      
[wr_def_end]
[wr]
INTERVAL;TIMESTAMP;SERIAL;P_AC;E_DAY;T_WR;U_AC;U_AC_1;U_AC_2;U_AC_3;I_AC;F_AC;U_DC_1;I_DC_1;U_DC_2;I_DC_2;U_DC_3;I_DC_3;S;E_WR;M_WR;I_AC_1;I_AC_2;I_AC_3;P_AC_1;P_AC_2;P_AC_3;F_AC_1;F_AC_2;F_AC_3;R_DC;PC;PCS;PCS_LL;COS_PHI;COS_PHI_LL;S_COS_PHI
600;2017-08-26 05:00:00;172602N232;0;0.000;0;4;4;4;4;0.000;0.94;4.1;0.000;4.1;0.000;0.0;0.000;50;0;0;0.000;0.000;0.000;0;0;0;0.94;0.94;0.94;20;1000;0.0;0;1.0000;0;0
600;2017-08-26 05:10:00;172602N232;0;0.000;28;226;226;229;223;0.000;50.02;227.7;0.000;228.7;0.000;0.0;0.000;50;0;0;0.000;0.000;0.000;0;0;0;50.02;50.02;50.02;0;1000;0.0;0;1.0000;0;0
600;2017-08-26 05:20:00;172602N232;0;0.000;30;226;226;228;223;0.000;49.98;230.2;0.000;231.1;0.000;0.0;0.000;50;0;0;0.000;0.000;0.000;0;0;0;49.98;49.98;49.98;0;1000;0.0;0;1.0000;0;0
600;2017-08-26 05:30:00;172602N232;0;0.000;30;226;226;229;223;0.000;50.00;245.2;0.000;246.0;0.000;0.0;0.000;50;0;0;0.000;0.000;0.000;0;0;0;50.00;50.00;50.00;0;1000;0.0;0;1.0000;0;0
600;2017-08-26 05:40:00;172602N232;0;0.000;30;225;225;227;223;0.001;50.01;297.1;0.000;295.1;0.000;0.0;0.000;60;0;0;0.002;0.001;0.001;0;0;0;50.01;50.01;50.01;2243;1000;0.0;0;1.0000;0;0
600;2017-08-26 05:50:00;172602N232;5;0.000;31;225;225;226;224;0.151;50.00;276.5;0.001;272.3;0.001;0.0;0.000;60;0;0;0.169;0.162;0.122;0;4;4;50.00;50.00;50.00;4151;1000;0.0;0;1.0000;0;0
600;2017-08-26 06:00:00;172602N232;23;0.004;31;225;225;226;225;0.336;50.01;323.3;0.016;293.6;0.018;0.0;0.000;60;0;0;0.367;0.382;0.259;2;11;9;50.01;50.01;50.01;4216;1000;0.0;0;1.0000;0;0
600;2017-08-26 06:10:00;172602N232;41;0.010;31;225;225;226;224;0.477;50.02;356.2;0.037;350.7;0.034;0.0;0.000;60;0;0;0.507;0.559;0.366;6;16;19;50.02;50.02;50.02;4216;1000;0.0;0;1.0000;0;0
600;2017-08-26 06:20:00;172602N232;52;0.020;32;224;224;224;223;0.742;49.99;364.6;0.054;361.4;0.049;0.0;0.000;60;0;0;0.810;0.813;0.603;1;15;39;49.99;49.99;49.99;4216;1000;0.0;0;1.0000;0;0
600;2017-08-26 06:30:00;172602N232;91;0.037;32;223;225;225;221;0.947;50.01;382.8;0.104;391.3;0.093;0.0;0.000;60;0;0;1.323;0.802;0.717;0;42;58;50.01;50.01;50.01;4216;1000;0.0;0;1.0000;0;0
600;2017-08-26 06:40:00;172602N232;114;0.054;32;223;223;224;222;0.943;50.01;388.4;0.134;393.9;0.119;0.0;0.000;60;0;0;1.182;0.914;0.735;12;45;55;50.01;50.01;50.01;4216;1000;0.0;0;1.0000;0;0
600;2017-08-26 06:50:00;172602N232;228;0.092;33;222;222;224;222;1.042;50.00;404.6;0.284;408.9;0.238;0.0;0.000;60;0;0;1.118;1.202;0.808;71;78;76;50.00;50.00;50.00;4216;1000;0.0;0;1.0000;0;0
600;2017-08-26 07:00:00;172602N232;264;0.137;33;222;221;222;222;1.093;49.98;406.0;0.346;401.7;0.272;0.0;0.000;60;0;0;1.063;1.214;1.004;81;100;81;49.98;49.98;49.98;4216;1000;0.0;0;1.0000;0;0
600;2017-08-26 07:10:00;172602N232;276;0.183;33;222;222;223;221;1.108;50.01;408.1;0.353;408.8;0.287;0.0;0.000;60;0;0;1.152;1.232;0.941;75;105;94;50.01;50.01;50.01;4216;1000;0.0;0;1.0000;0;0
600;2017-08-26 07:20:00;172602N232;354;0.242;33;223;222;224;222;1.173;50.02;414.3;0.457;406.0;0.376;0.0;0.000;60;0;0;1.104;1.290;1.126;103;112;137;50.02;50.02;50.02;4216;1000;0.0;0;1.0000;0;0
600;2017-08-26 07:30:00;172602N232;396;0.308;34;222;222;224;221;1.185;50.01;415.9;0.526;408.9;0.403;0.0;0.000;60;0;0;1.109;1.319;1.129;114;130;150;50.01;50.01;50.01;4216;1000;0.0;0;1.0000;0;0
600;2017-08-26 07:40:00;172602N232;500;0.392;34;222;222;225;220;0.789;50.01;419.0;0.671;411.9;0.508;0.0;0.000;60;0;0;0.730;0.838;0.800;152;178;168;50.01;50.01;50.01;4216;1000;0.0;0;1.0000;0;0
600;2017-08-26 07:50:00;172602N232;567;0.486;35;222;222;224;221;0.900;50.01;421.4;0.743;411.1;0.598;0.0;0.000;60;0;0;0.847;0.943;0.910;175;199;191;50.01;50.01;50.01;4216;1000;0.0;0;1.0000;0;0
600;2017-08-26 08:00:00;172602N232;619;0.589;35;222;222;225;220;0.966;50.01;422.3;0.779;407.2;0.693;0.0;0.000;60;0;0;0.910;1.018;0.972;193;219;206;50.01;50.01;50.01;4216;1000;0.0;0;1.0000;0;0
600;2017-08-26 08:10:00;172602N232;707;0.708;36;222;222;224;219;1.099;50.01;418.0;0.939;414.4;0.741;0.0;0.000;60;0;0;1.046;1.150;1.101;223;249;233;50.01;50.01;50.01;4216;1000;0.0;0;1.0000;0;0
600;2017-08-26 08:20:00;172602N232;701;0.825;36;221;222;224;219;1.092;50.00;417.3;0.986;417.3;0.676;0.0;0.000;60;0;0;1.042;1.141;1.093;221;246;231;50.00;50.00;50.00;4216;1000;0.0;0;1.0000;0;0
600;2017-08-26 08:30:00;172602N232;691;0.940;37;222;221;224;219;1.075;50.00;414.2;0.964;416.1;0.683;0.0;0.000;60;0;0;1.018;1.125;1.082;216;243;230;50.00;50.00;50.00;4216;1000;0.0;0;1.0000;0;0
600;2017-08-26 08:40:00;172602N232;814;1.076;37;221;221;224;220;1.260;50.00;418.0;1.169;416.6;0.766;0.0;0.000;60;0;0;1.204;1.305;1.271;257;285;271;50.00;50.00;50.00;4216;1000;0.0;0;1.0000;0;0
600;2017-08-26 08:50:00;172602N232;1384;1.306;37;222;220;225;220;2.103;50.00;425.3;2.279;432.5;0.963;0.0;0.000;60;0;0;2.025;2.179;2.105;440;484;458;50.00;50.00;50.00;4216;1000;0.0;0;1.0000;0;0
600;2017-08-26 09:00:00;172602N232;1252;1.515;38;222;222;223;221;1.937;50.01;408.8;2.171;401.8;0.916;0.0;0.000;60;0;0;1.893;1.967;1.952;404;427;418;50.01;50.01;50.01;4216;1000;0.0;0;1.0000;0;0
600;2017-08-26 09:10:00;172602N232;1166;1.710;38;222;222;223;222;1.821;50.01;407.7;1.745;379.7;1.206;0.0;0.000;60;0;0;1.781;1.845;1.839;377;397;390;50.01;50.01;50.01;4216;1000;0.0;0;1.0000;0;0
600;2017-08-26 09:20:00;172602N232;986;1.874;38;222;222;223;221;1.505;50.00;410.7;1.290;410.3;1.107;0.0;0.000;60;0;0;1.451;1.547;1.518;314;341;329;50.00;50.00;50.00;4216;1000;0.0;0;1.0000;0;0
600;2017-08-26 09:30:00;172602N232;1141;2.065;39;222;222;223;221;1.748;50.00;410.2;1.559;414.3;1.212;0.0;0.000;60;0;0;1.696;1.786;1.763;366;391;381;50.00;50.00;50.00;4216;1000;0.0;0;1.0000;0;0
600;2017-08-26 09:40:00;172602N232;1372;2.294;39;223;222;225;222;2.085;50.01;406.6;2.174;377.0;1.306;0.0;0.000;60;0;0;2.022;2.133;2.100;441;471;458;50.01;50.01;50.01;4216;1000;0.0;0;1.0000;0;0
600;2017-08-26 09:50:00;172602N232;1847;2.602;39;223;222;225;223;2.773;50.00;401.9;2.936;395.9;1.711;0.0;0.000;60;0;0;2.700;2.836;2.785;595;635;615;50.00;50.00;50.00;4216;1000;0.0;0;1.0000;0;0
600;2017-08-26 10:00:00;172602N232;1565;2.863;39;223;222;225;222;2.374;50.00;400.5;2.362;391.0;1.607;0.0;0.000;60;0;0;2.306;2.440;2.377;502;541;519;50.00;50.00;50.00;4216;1000;0.0;0;1.0000;0;0
600;2017-08-26 10:10:00;172602N232;2048;3.204;40;224;224;226;223;3.074;50.01;400.9;3.066;335.3;2.588;0.0;0.000;60;0;0;3.017;3.128;3.077;667;700;678;50.01;50.01;50.01;4216;1000;0.0;0;1.0000;0;0
600;2017-08-26 10:20:00;172602N232;1589;3.469;40;223;224;225;222;2.392;50.00;403.2;2.161;390.7;1.888;0.0;0.000;60;0;0;2.348;2.438;2.391;519;543;526;50.00;50.00;50.00;4216;1000;0.0;0;1.0000;0;0
600;2017-08-26 10:30:00;172602N232;1633;3.742;40;223;224;225;221;2.452;49.99;405.9;2.146;411.1;1.871;0.0;0.000;60;0;0;2.408;2.516;2.433;535;563;533;49.99;49.99;49.99;4216;1000;0.0;0;1.0000;0;0
600;2017-08-26 10:40:00;172602N232;1693;4.024;40;223;223;224;221;2.551;50.00;403.6;2.252;410.0;1.932;0.0;0.000;60;0;0;2.508;2.603;2.542;553;580;557;50.00;50.00;50.00;4216;1000;0.0;0;1.0000;0;0
600;2017-08-26 10:50:00;172602N232;1961;4.351;41;224;224;225;221;2.937;50.01;401.0;2.685;414.7;2.161;0.0;0.000;60;0;0;2.883;3.003;2.927;642;673;644;50.01;50.01;50.01;4216;1000;0.0;0;1.0000;0;0
600;2017-08-26 11:00:00;172602N232;2093;4.700;41;224;224;227;222;3.126;49.99;401.2;2.833;411.4;2.363;0.0;0.000;60;0;0;3.078;3.199;3.102;686;721;684;49.99;49.99;49.99;4216;1000;0.0;0;1.0000;0;0
600;2017-08-26 11:10:00;172602N232;2354;5.092;41;224;224;227;222;3.510;49.99;396.5;3.282;381.8;2.858;0.0;0.000;60;0;0;3.457;3.589;3.486;770;811;771;49.99;49.99;49.99;4216;1000;0.0;0;1.0000;0;0
600;2017-08-26 11:20:00;172602N232;1533;5.348;41;223;223;227;219;2.313;49.99;396.3;2.072;399.5;1.801;0.0;0.000;60;0;0;2.249;2.412;2.278;496;542;494;49.99;49.99;49.99;4216;1000;0.0;0;1.0000;0;0
600;2017-08-26 11:30:00;172602N232;1557;5.608;41;223;222;227;221;2.352;50.01;403.1;2.019;406.4;1.846;0.0;0.000;60;0;0;2.279;2.437;2.342;500;545;511;50.01;50.01;50.01;4216;1000;0.0;0;1.0000;0;0
600;2017-08-26 11:40:00;172602N232;1369;5.837;41;223;222;226;222;2.062;49.99;408.1;1.750;405.1;1.623;0.0;0.000;60;0;0;1.990;2.127;2.070;437;476;454;49.99;49.99;49.99;4216;1000;0.0;0;1.0000;0;0
600;2017-08-26 11:50:00;172602N232;1164;6.031;41;223;222;224;222;1.810;50.01;404.0;1.510;401.6;1.379;0.0;0.000;60;0;0;1.751;1.857;1.822;372;402;389;50.01;50.01;50.01;4216;1000;0.0;0;1.0000;0;0
600;2017-08-26 12:00:00;172602N232;570;6.126;41;223;222;224;222;1.013;50.01;396.9;0.748;395.8;0.669;0.0;0.000;60;0;0;0.955;1.063;1.022;177;201;190;50.01;50.01;50.01;4216;1000;0.0;0;1.0000;0;0
600;2017-08-26 12:10:00;172602N232;1046;6.299;41;222;221;225;222;1.609;50.00;410.3;1.303;408.2;1.246;0.0;0.000;60;0;0;1.533;1.676;1.618;328;367;349;50.00;50.00;50.00;4216;1000;0.0;0;1.0000;0;0
600;2017-08-26 12:20:00;172602N232;955;6.460;41;222;221;224;221;1.474;49.99;400.4;1.235;406.6;1.127;0.0;0.000;60;0;0;1.413;1.526;1.485;302;332;319;49.99;49.99;49.99;4216;1000;0.0;0;1.0000;0;0
600;2017-08-26 12:30:00;172602N232;1009;6.628;41;222;221;223;221;1.543;50.00;402.6;1.300;405.7;1.192;0.0;0.000;60;0;0;1.492;1.583;1.554;323;348;336;50.00;50.00;50.00;4216;1000;0.0;0;1.0000;0;0
600;2017-08-26 12:40:00;172602N232;781;6.759;41;221;221;221;221;1.232;50.01;404.1;0.999;404.1;0.920;0.0;0.000;60;0;0;1.197;1.254;1.245;249;267;263;50.01;50.01;50.01;4216;1000;0.0;0;1.0000;0;0
600;2017-08-26 12:50:00;172602N232;586;6.856;41;221;221;222;221;0.953;50.01;399.7;0.756;403.6;0.682;0.0;0.000;60;0;0;0.925;0.971;0.965;184;202;198;50.01;50.01;50.01;4216;1000;0.0;0;1.0000;0;0
600;2017-08-26 13:00:00;172602N232;1312;7.076;41;222;222;223;222;2.001;50.01;413.6;1.629;418.3;1.527;0.0;0.000;60;0;0;1.941;2.042;2.021;421;449;440;50.01;50.01;50.01;4216;1000;0.0;0;1.0000;0;0
600;2017-08-26 13:10:00;172602N232;1392;7.308;41;222;221;224;221;2.120;50.00;410.3;1.761;411.4;1.636;0.0;0.000;60;0;0;2.065;2.169;2.126;448;481;462;50.00;50.00;50.00;4216;1000;0.0;0;1.0000;0;0
600;2017-08-26 13:20:00;172602N232;1298;7.524;41;222;222;223;221;2.004;49.99;410.7;1.644;409.2;1.527;0.0;0.000;60;0;0;1.960;2.040;2.013;419;446;431;49.99;49.99;49.99;4216;1000;0.0;0;1.0000;0;0
600;2017-08-26 13:30:00;172602N232;1386;7.754;41;222;222;224;221;2.124;49.99;413.6;1.709;411.2;1.659;0.0;0.000;60;0;0;2.077;2.171;2.124;448;478;458;49.99;49.99;49.99;4216;1000;0.0;0;1.0000;0;0
600;2017-08-26 13:40:00;172602N232;1334;7.977;41;222;222;224;221;2.022;49.99;409.5;1.665;410.4;1.592;0.0;0.000;60;0;0;1.964;2.073;2.029;429;461;443;49.99;49.99;49.99;4216;1000;0.0;0;1.0000;0;0
600;2017-08-26 13:50:00;172602N232;1343;8.202;41;223;221;225;222;2.036;50.00;408.0;1.698;411.2;1.588;0.0;0.000;60;0;0;1.955;2.096;2.059;425;466;451;50.01;50.00;50.00;4216;1000;0.0;0;1.0000;0;0
600;2017-08-26 14:00:00;172602N232;1300;8.419;41;223;221;226;223;1.981;50.00;405.3;1.686;406.1;1.524;0.0;0.000;60;0;0;1.894;2.049;2.000;410;452;436;50.00;50.00;50.00;4216;1000;0.0;0;1.0000;0;0
600;2017-08-26 14:10:00;172602N232;1002;8.586;41;223;222;225;223;1.598;50.01;398.5;1.306;400.4;1.176;0.0;0.000;60;0;0;1.551;1.620;1.623;318;346;336;50.01;50.01;50.01;4216;1000;0.0;0;1.0000;0;0
600;2017-08-26 14:20:00;172602N232;377;8.648;41;222;222;224;222;1.086;49.99;384.5;0.502;395.2;0.438;0.0;0.000;60;0;0;1.055;1.161;1.042;114;133;129;49.99;49.99;49.99;4216;1000;0.0;0;1.0000;0;0
600;2017-08-26 14:30:00;172602N232;391;8.714;41;222;222;224;221;0.869;50.00;387.2;0.512;395.7;0.462;0.0;0.000;60;0;0;0.875;0.937;0.795;119;136;134;50.00;50.00;50.00;4216;1000;0.0;0;1.0000;0;0
600;2017-08-26 14:40:00;172602N232;229;8.752;41;222;220;224;221;1.043;50.00;382.0;0.289;386.2;0.274;0.0;0.000;60;0;0;1.032;1.245;0.854;75;68;84;50.00;50.00;50.00;4216;1000;0.0;0;1.0000;0;0
600;2017-08-26 14:50:00;172602N232;186;8.783;40;221;219;223;222;0.981;49.99;389.0;0.227;387.9;0.214;0.0;0.000;60;0;0;0.820;1.323;0.802;69;49;67;49.99;49.99;49.99;4216;1000;0.0;0;1.0000;0;0
600;2017-08-26 15:00:00;172602N232;122;8.804;40;221;219;223;222;0.934;49.99;368.8;0.150;380.0;0.141;0.0;0.000;60;0;0;0.706;1.321;0.777;53;12;58;49.99;49.99;49.99;4216;1000;0.0;0;1.0000;0;0
600;2017-08-26 15:10:00;172602N232;121;8.824;40;221;220;223;221;0.958;49.99;378.7;0.144;382.2;0.135;0.0;0.000;60;0;0;0.731;1.393;0.750;45;8;67;49.99;49.99;49.99;4216;1000;0.0;0;1.0000;0;0
600;2017-08-26 15:20:00;172602N232;229;8.862;40;222;220;224;222;1.050;50.00;393.0;0.279;399.9;0.263;0.0;0.000;60;0;0;0.916;1.333;0.903;78;60;89;50.00;50.00;50.00;4216;1000;0.0;0;1.0000;0;0
600;2017-08-26 15:30:00;172602N232;198;8.897;39;220;222;225;213;0.974;50.00;382.2;0.244;396.3;0.228;0.0;0.000;60;0;0;0.987;1.184;0.751;55;55;86;50.00;50.00;50.00;4216;1000;0.0;0;1.0000;0;0
600;2017-08-26 15:40:00;172602N232;341;8.953;39;220;223;225;212;1.149;49.99;393.5;0.422;406.7;0.399;0.0;0.000;60;0;0;1.240;1.198;1.011;96;123;121;49.99;49.99;49.99;4216;1000;0.0;0;1.0000;0;0
600;2017-08-26 15:50:00;172602N232;402;9.020;39;220;223;224;214;1.124;49.99;393.7;0.505;409.2;0.468;0.0;0.000;60;0;0;1.131;1.196;1.046;125;143;133;49.99;49.99;49.99;4216;1000;0.0;0;1.0000;0;0
600;2017-08-26 16:00:00;172602N232;349;9.078;39;220;225;224;212;1.211;49.99;395.9;0.436;403.2;0.408;0.0;0.000;60;0;0;1.382;1.173;1.079;79;136;131;49.99;49.99;49.99;4216;1000;0.0;0;1.0000;0;0
600;2017-08-26 16:10:00;172602N232;479;9.159;39;221;227;225;212;1.176;50.00;401.7;0.594;410.6;0.559;0.0;0.000;60;0;0;1.246;1.202;1.080;159;172;146;50.00;50.00;50.00;4216;1000;0.0;0;1.0000;0;0
600;2017-08-26 16:20:00;172602N232;492;9.241;39;221;226;226;213;1.170;50.00;409.8;0.608;404.4;0.576;0.0;0.000;60;0;0;1.198;1.242;1.070;165;178;148;50.00;50.00;50.00;4216;1000;0.0;0;1.0000;0;0
600;2017-08-26 16:30:00;172602N232;349;9.300;39;220;224;223;214;1.158;49.99;401.8;0.432;400.2;0.406;0.0;0.000;60;0;0;1.332;1.141;1.001;90;139;118;49.99;49.99;49.99;4216;1000;0.0;0;1.0000;0;0
600;2017-08-26 16:40:00;172602N232;254;9.342;39;220;224;224;212;1.125;49.98;394.7;0.310;398.3;0.295;0.0;0.000;60;0;0;1.402;1.157;0.818;45;112;96;49.98;49.98;49.98;4216;1000;0.0;0;1.0000;0;0
600;2017-08-26 16:50:00;172602N232;216;9.378;39;220;224;222;213;1.060;49.97;391.7;0.266;392.5;0.249;0.0;0.000;60;0;0;1.386;0.967;0.828;19;104;94;49.97;49.97;49.97;4216;1000;0.0;0;1.0000;0;0
600;2017-08-26 17:00:00;172602N232;261;9.422;39;220;225;223;213;1.108;49.98;383.6;0.325;396.1;0.312;0.0;0.000;60;0;0;1.433;1.027;0.864;46;112;102;49.98;49.98;49.98;4216;1000;0.0;0;1.0000;0;0
600;2017-08-26 17:10:00;172602N232;327;9.476;39;222;224;223;218;1.130;50.01;402.1;0.402;400.9;0.380;0.0;0.000;60;0;0;1.244;1.126;1.021;89;124;111;50.01;50.01;50.01;4216;1000;0.0;0;1.0000;0;0
600;2017-08-26 17:20:00;172602N232;308;9.528;39;222;222;223;221;1.134;50.03;399.5;0.389;403.7;0.346;0.0;0.000;60;0;0;1.192;1.231;0.980;94;108;104;50.03;50.03;50.03;4216;1000;0.0;0;1.0000;0;0
600;2017-08-26 17:30:00;172602N232;172;9.556;38;221;221;223;221;0.965;50.00;383.6;0.219;386.6;0.190;0.0;0.000;60;0;0;0.994;1.120;0.783;56;50;63;50.00;50.00;50.00;4216;1000;0.0;0;1.0000;0;0
600;2017-08-26 17:40:00;172602N232;139;9.580;38;221;219;223;221;0.936;49.99;375.1;0.174;387.1;0.154;0.0;0.000;60;0;0;0.792;1.236;0.781;56;34;47;49.99;49.99;49.99;4216;1000;0.0;0;1.0000;0;0
600;2017-08-26 17:50:00;172602N232;113;9.599;38;221;219;222;221;0.852;49.98;375.6;0.141;378.5;0.124;0.0;0.000;60;0;0;0.768;1.029;0.761;48;26;38;49.98;49.98;49.98;4216;1000;0.0;0;1.0000;0;0
600;2017-08-26 18:00:00;172602N232;102;9.616;38;221;221;223;220;0.898;49.99;372.6;0.127;378.7;0.109;0.0;0.000;60;0;0;1.018;0.970;0.707;20;28;52;49.99;49.99;49.99;4216;1000;0.0;0;1.0000;0;0
600;2017-08-26 18:10:00;172602N232;71;9.627;38;222;222;223;221;0.751;50.01;357.1;0.083;361.5;0.072;0.0;0.000;60;0;0;0.778;0.914;0.561;18;12;42;50.01;50.01;50.01;4216;1000;0.0;0;1.0000;0;0
600;2017-08-26 18:20:00;172602N232;18;9.631;38;222;221;224;222;0.433;50.02;296.6;0.014;265.6;0.014;0.0;0.000;60;0;0;0.376;0.611;0.314;10;0;19;50.02;50.02;50.02;4216;1000;0.0;0;1.0000;0;0
600;2017-08-26 18:30:00;172602N232;83;9.645;38;223;222;223;222;0.806;50.00;365.5;0.099;374.8;0.087;0.0;0.000;60;0;0;0.832;0.905;0.681;12;26;43;50.00;50.00;50.00;4216;1000;0.0;0;1.0000;0;0
600;2017-08-26 18:40:00;172602N232;113;9.664;38;223;223;223;222;0.902;50.00;376.3;0.134;384.6;0.127;0.0;0.000;60;0;0;1.100;0.864;0.744;17;44;50;50.00;50.00;50.00;4216;1000;0.0;0;1.0000;0;0
600;2017-08-26 18:50:00;172602N232;85;9.679;37;223;224;223;223;0.909;50.00;368.0;0.100;380.1;0.091;0.0;0.000;60;0;0;1.200;0.809;0.719;3;38;45;50.00;50.00;50.00;4216;1000;0.0;0;1.0000;0;0
600;2017-08-26 19:00:00;172602N232;56;9.688;37;223;224;224;223;0.777;49.98;350.4;0.062;363.3;0.058;0.0;0.000;60;0;0;0.891;0.822;0.619;2;19;37;49.98;49.98;49.98;4216;1000;0.0;0;1.0000;0;0
600;2017-08-26 19:10:00;172602N232;22;9.693;37;223;224;224;222;0.433;50.00;303.6;0.017;291.7;0.019;0.0;0.000;60;0;0;0.477;0.512;0.310;4;7;19;50.00;50.00;50.00;4216;1000;0.0;0;1.0000;0;0
600;2017-08-26 19:20:00;172602N232;6;9.693;37;222;223;224;220;0.261;49.99;254.4;0.000;252.4;0.001;0.0;0.000;60;0;0;0.294;0.312;0.178;2;2;10;49.99;49.99;49.99;4216;1000;0.0;0;1.0000;0;0
600;2017-08-26 19:30:00;172602N232;0;9.694;37;223;224;225;221;0.029;49.99;254.4;0.000;254.3;0.000;0.0;0.000;50;0;0;0.033;0.032;0.022;0;0;1;49.99;49.99;49.99;4216;1000;0.0;0;1.0000;0;0
600;2017-08-26 19:40:00;172602N232;0;9.694;36;223;223;226;221;0.000;50.00;231.3;0.000;232.2;0.000;0.0;0.000;50;0;0;0.000;0.000;0.000;0;0;0;50.00;50.00;50.00;4216;1000;0.0;0;1.0000;0;0
600;2017-08-26 19:50:00;172602N232;0;9.694;36;223;222;227;220;0.000;50.01;227.3;0.000;228.2;0.000;0.0;0.000;50;0;0;0.000;0.000;0.000;0;0;0;50.01;50.01;50.01;4216;1000;0.0;0;1.0000;0;0
[wr_ende]
