20170330;230004;172602N232;My Plant;+0100
[wr_def_start]
172602N232;Inverter Type;Inverter Group;72602N232      
[wr_def_end]
[wr]
INTERVAL;TIMESTAMP;SERIAL;P_AC;E_DAY;T_WR;U_AC;U_AC_1;U_AC_2;U_AC_3;I_AC;F_AC;U_DC_1;I_DC_1;U_DC_2;I_DC_2;U_DC_3;I_DC_3;S;E_WR;M_WR;I_AC_1;I_AC_2;I_AC_3;P_AC_1;P_AC_2;P_AC_3;F_AC_1;F_AC_2;F_AC_3;R_DC;PC;PCS;PCS_LL;COS_PHI;COS_PHI_LL;S_COS_PHI
600;2017-03-30 06:00:00;172602N232;0;0.000;0;4;4;4;4;0.000;0.94;4.1;0.000;4.1;0.000;0.0;0.000;50;0;0;0.000;0.000;0.000;0;0;0;0.94;0.94;0.94;64;1000;0.0;0;1.0000;0;0
600;2017-03-30 06:10:00;172602N232;0;0.000;18;221;218;225;219;0.000;49.99;227.2;0.000;228.1;0.000;0.0;0.000;50;0;0;0.000;0.000;0.000;0;0;0;49.99;49.99;49.99;0;1000;0.0;0;1.0000;0;0
600;2017-03-30 06:20:00;172602N232;0;0.000;20;221;218;224;220;0.000;50.03;229.8;0.000;230.7;0.000;0.0;0.000;50;0;0;0.000;0.000;0.000;0;0;0;50.03;50.03;50.03;0;1000;0.0;0;1.0000;0;0
600;2017-03-30 06:30:00;172602N232;0;0.000;20;223;221;226;221;0.000;49.99;241.2;0.000;242.0;0.000;0.0;0.000;50;0;0;0.000;0.000;0.000;0;0;0;49.99;49.99;49.99;0;1000;0.0;0;1.0000;0;0
600;2017-03-30 06:40:00;172602N232;1;0.000;21;223;222;224;223;0.052;49.99;275.1;0.000;275.1;0.000;0.0;0.000;60;0;0;0.060;0.060;0.038;0;2;0;49.99;49.99;49.99;4003;1000;0.0;0;1.0000;0;0
600;2017-03-30 06:50:00;172602N232;1;0.000;21;224;224;224;224;0.113;49.99;251.8;0.000;252.2;0.000;0.0;0.000;60;0;0;0.150;0.102;0.087;0;3;3;49.99;49.99;49.99;5082;1000;0.0;0;1.0000;0;0
600;2017-03-30 07:00:00;172602N232;0;0.000;21;224;223;225;224;0.011;49.99;268.4;0.000;268.1;0.000;0.0;0.000;60;0;0;0.010;0.015;0.008;0;0;0;49.99;49.99;49.99;4982;1000;0.0;0;1.0000;0;0
600;2017-03-30 07:10:00;172602N232;9;0.001;22;224;224;225;225;0.195;49.99;286.4;0.002;291.0;0.005;0.0;0.000;60;0;0;0.158;0.247;0.180;3;6;1;49.99;49.99;49.99;4799;1000;0.0;0;1.0000;0;0
600;2017-03-30 07:20:00;172602N232;38;0.008;22;224;224;224;224;0.483;50.00;345.2;0.032;359.6;0.034;0.0;0.000;60;0;0;0.566;0.481;0.404;3;19;18;50.00;50.00;50.00;4787;1000;0.0;0;1.0000;0;0
600;2017-03-30 07:30:00;172602N232;79;0.021;23;224;224;224;223;0.826;49.99;384.1;0.084;391.3;0.084;0.0;0.000;60;0;0;1.066;0.742;0.670;2;37;40;49.99;49.99;49.99;4787;1000;0.0;0;1.0000;0;0
600;2017-03-30 07:40:00;172602N232;59;0.031;23;224;224;223;224;0.674;50.01;369.5;0.059;379.6;0.060;0.0;0.000;60;0;0;0.785;0.602;0.636;6;35;17;50.01;50.01;50.01;4787;1000;0.0;0;1.0000;0;0
600;2017-03-30 07:50:00;172602N232;146;0.055;23;224;224;223;224;0.929;50.01;403.6;0.161;405.8;0.161;0.0;0.000;60;0;0;1.056;0.944;0.787;19;75;50;50.01;50.01;50.01;4787;1000;0.0;0;1.0000;0;0
600;2017-03-30 08:00:00;172602N232;209;0.091;24;223;223;223;224;0.993;50.03;413.9;0.236;414.0;0.233;0.0;0.000;60;0;0;0.988;1.084;0.907;55;97;55;50.03;50.03;50.03;4787;1000;0.0;0;1.0000;0;0
600;2017-03-30 08:10:00;172602N232;304;0.141;24;224;224;223;224;1.179;50.02;420.5;0.347;421.0;0.344;0.0;0.000;60;0;0;1.219;1.207;1.113;87;136;79;50.02;50.02;50.02;4787;1000;0.0;0;1.0000;0;0
600;2017-03-30 08:20:00;172602N232;297;0.192;24;224;224;224;225;1.127;49.97;422.0;0.337;419.4;0.337;0.0;0.000;60;0;0;1.137;1.188;1.058;98;120;78;49.97;49.97;49.97;4787;1000;0.0;0;1.0000;0;0
600;2017-03-30 08:30:00;172602N232;302;0.242;24;224;224;223;225;1.138;50.00;421.5;0.343;419.3;0.343;0.0;0.000;60;0;0;1.163;1.165;1.086;94;124;81;50.00;50.00;50.00;4787;1000;0.0;0;1.0000;0;0
600;2017-03-30 08:40:00;172602N232;206;0.277;25;224;224;224;224;0.976;50.01;412.4;0.232;411.4;0.232;0.0;0.000;60;0;0;0.953;1.070;0.905;48;103;54;50.01;50.01;50.01;4787;1000;0.0;0;1.0000;0;0
600;2017-03-30 08:50:00;172602N232;184;0.307;25;224;224;225;225;0.964;50.00;409.5;0.205;408.3;0.206;0.0;0.000;60;0;0;0.813;1.236;0.845;44;60;77;50.00;50.00;50.00;4787;1000;0.0;0;1.0000;0;0
600;2017-03-30 09:00:00;172602N232;310;0.359;25;225;224;225;225;1.128;50.02;422.7;0.351;419.6;0.352;0.0;0.000;60;0;0;1.151;1.187;1.048;98;116;94;50.02;50.02;50.02;4787;1000;0.0;0;1.0000;0;0
600;2017-03-30 09:10:00;172602N232;327;0.413;26;225;224;225;225;1.100;50.03;423.4;0.371;420.3;0.371;0.0;0.000;60;0;0;1.140;1.158;1.003;106;121;98;50.03;50.03;50.03;4787;1000;0.0;0;1.0000;0;0
600;2017-03-30 09:20:00;172602N232;274;0.460;26;224;224;225;224;1.101;49.98;417.8;0.311;416.2;0.311;0.0;0.000;60;0;0;1.178;1.155;0.971;74;105;93;49.98;49.98;49.98;4787;1000;0.0;0;1.0000;0;0
600;2017-03-30 09:30:00;172602N232;338;0.516;26;223;224;225;221;1.198;50.00;424.1;0.383;420.0;0.386;0.0;0.000;60;0;0;1.256;1.283;1.055;80;121;135;50.00;50.00;50.00;4787;1000;0.0;0;1.0000;0;0
600;2017-03-30 09:40:00;172602N232;426;0.587;26;224;224;225;223;0.970;50.01;428.6;0.484;423.6;0.489;0.0;0.000;60;0;0;0.924;1.034;0.954;126;155;143;50.01;50.01;50.01;4787;1000;0.0;0;1.0000;0;0
600;2017-03-30 09:50:00;172602N232;395;0.653;27;224;224;225;224;1.084;49.99;426.0;0.450;422.2;0.451;0.0;0.000;60;0;0;1.051;1.158;1.044;116;137;140;49.99;49.99;49.99;4787;1000;0.0;0;1.0000;0;0
600;2017-03-30 10:00:00;172602N232;536;0.742;27;224;224;225;223;0.844;50.00;432.5;0.610;426.3;0.616;0.0;0.000;60;0;0;0.791;0.884;0.857;165;188;181;50.00;50.00;50.00;4787;1000;0.0;0;1.0000;0;0
600;2017-03-30 10:10:00;172602N232;559;0.836;27;224;224;225;223;0.877;50.01;425.6;0.647;425.6;0.645;0.0;0.000;60;0;0;0.826;0.916;0.891;173;195;188;50.01;50.01;50.01;4787;1000;0.0;0;1.0000;0;0
600;2017-03-30 10:20:00;172602N232;764;0.963;28;224;223;225;223;1.181;49.97;421.5;0.897;431.1;0.876;0.0;0.000;60;0;0;1.129;1.223;1.192;241;265;255;49.97;49.97;49.97;4787;1000;0.0;0;1.0000;0;0
600;2017-03-30 10:30:00;172602N232;592;1.063;28;223;222;226;222;0.929;50.00;421.0;0.691;426.8;0.685;0.0;0.000;60;0;0;0.871;0.978;0.940;183;209;199;50.00;50.00;50.00;4787;1000;0.0;0;1.0000;0;0
600;2017-03-30 10:40:00;172602N232;776;1.192;28;224;223;226;223;1.199;50.00;426.9;0.901;430.4;0.895;0.0;0.000;60;0;0;1.142;1.243;1.212;244;270;260;50.00;50.00;50.00;4787;1000;0.0;0;1.0000;0;0
600;2017-03-30 10:50:00;172602N232;914;1.344;29;224;223;224;223;1.415;50.01;435.5;1.042;429.3;1.056;0.0;0.000;60;0;0;1.363;1.452;1.431;291;313;307;50.01;50.01;50.01;4787;1000;0.0;0;1.0000;0;0
600;2017-03-30 11:00:00;172602N232;801;1.478;29;224;223;226;224;1.233;50.01;432.1;0.918;423.7;0.938;0.0;0.000;60;0;0;1.177;1.274;1.250;252;277;269;50.01;50.01;50.01;4787;1000;0.0;0;1.0000;0;0
600;2017-03-30 11:10:00;172602N232;702;1.595;29;224;224;224;224;1.092;50.00;430.0;0.806;421.3;0.826;0.0;0.000;60;0;0;1.040;1.125;1.111;221;241;238;50.00;50.00;50.00;4787;1000;0.0;0;1.0000;0;0
600;2017-03-30 11:20:00;172602N232;676;1.708;30;224;224;225;224;1.056;49.99;428.9;0.776;419.9;0.795;0.0;0.000;60;0;0;1.000;1.100;1.069;211;234;228;49.99;49.99;49.99;4787;1000;0.0;0;1.0000;0;0
600;2017-03-30 11:30:00;172602N232;568;1.802;30;225;224;227;224;0.912;50.00;425.8;0.655;417.9;0.669;0.0;0.000;60;0;0;0.850;0.980;0.908;175;201;190;50.00;50.00;50.00;4787;1000;0.0;0;1.0000;0;0
600;2017-03-30 11:40:00;172602N232;565;1.897;30;225;225;226;224;0.886;50.02;424.0;0.654;418.4;0.664;0.0;0.000;60;0;0;0.833;0.927;0.900;175;197;191;50.03;50.03;50.03;4787;1000;0.0;0;1.0000;0;0
600;2017-03-30 11:50:00;172602N232;579;1.994;30;225;224;226;224;0.908;50.00;418.6;0.681;419.4;0.680;0.0;0.000;60;0;0;0.852;0.952;0.920;179;203;195;50.00;50.00;50.00;4787;1000;0.0;0;1.0000;0;0
600;2017-03-30 12:00:00;172602N232;534;2.082;30;224;224;226;223;0.842;50.01;427.0;0.612;418.8;0.627;0.0;0.000;60;0;0;0.787;0.885;0.856;164;188;180;50.01;50.01;50.01;4787;1000;0.0;0;1.0000;0;0
600;2017-03-30 12:10:00;172602N232;541;2.173;30;224;224;226;223;0.850;50.03;423.9;0.626;418.4;0.636;0.0;0.000;60;0;0;0.796;0.892;0.862;167;190;182;50.03;50.03;50.03;4787;1000;0.0;0;1.0000;0;0
600;2017-03-30 12:20:00;172602N232;592;2.272;31;224;224;226;223;0.925;49.99;426.5;0.683;419.6;0.696;0.0;0.000;60;0;0;0.872;0.968;0.937;184;207;199;49.99;49.99;49.99;4787;1000;0.0;0;1.0000;0;0
600;2017-03-30 12:30:00;172602N232;656;2.381;31;224;224;225;224;1.019;49.99;420.9;0.768;420.0;0.771;0.0;0.000;60;0;0;0.967;1.057;1.035;205;228;221;49.99;49.99;49.99;4787;1000;0.0;0;1.0000;0;0
600;2017-03-30 12:40:00;172602N232;426;2.452;31;224;224;225;223;0.686;50.01;418.3;0.496;415.0;0.501;0.0;0.000;60;0;0;0.634;0.724;0.700;128;151;144;50.01;50.01;50.01;4787;1000;0.0;0;1.0000;0;0
600;2017-03-30 12:50:00;172602N232;454;2.528;31;224;225;226;222;0.787;50.03;418.9;0.527;417.0;0.533;0.0;0.000;60;0;0;0.756;0.834;0.771;139;162;152;50.03;50.03;50.03;4787;1000;0.0;0;1.0000;0;0
600;2017-03-30 13:00:00;172602N232;349;2.586;31;224;224;226;223;1.184;50.03;408.2;0.412;412.9;0.408;0.0;0.000;60;0;0;1.206;1.285;1.063;96;123;129;50.03;50.03;50.03;4787;1000;0.0;0;1.0000;0;0
600;2017-03-30 13:10:00;172602N232;312;2.639;31;224;224;225;223;1.163;50.04;405.1;0.370;411.3;0.365;0.0;0.000;60;0;0;1.266;1.160;1.065;92;110;108;50.04;50.04;50.04;4787;1000;0.0;0;1.0000;0;0
600;2017-03-30 13:20:00;172602N232;316;2.692;30;224;223;226;223;1.174;50.00;410.1;0.369;412.0;0.368;0.0;0.000;60;0;0;1.204;1.300;1.019;95;105;115;50.00;50.00;50.00;4787;1000;0.0;0;1.0000;0;0
600;2017-03-30 13:30:00;172602N232;364;2.752;30;223;222;225;223;1.087;49.99;409.4;0.428;414.2;0.425;0.0;0.000;60;0;0;1.082;1.192;0.988;116;125;121;49.99;49.99;49.99;4787;1000;0.0;0;1.0000;0;0
600;2017-03-30 13:40:00;172602N232;491;2.834;30;223;223;224;223;0.781;50.01;416.4;0.579;419.3;0.575;0.0;0.000;60;0;0;0.724;0.822;0.799;149;173;167;50.01;50.01;50.01;4787;1000;0.0;0;1.0000;0;0
600;2017-03-30 13:50:00;172602N232;417;2.904;30;223;223;225;223;0.674;49.98;419.7;0.484;416.0;0.490;0.0;0.000;60;0;0;0.619;0.713;0.692;125;148;143;49.98;49.98;49.98;4787;1000;0.0;0;1.0000;0;0
600;2017-03-30 14:00:00;172602N232;452;2.980;30;223;221;225;224;0.763;50.01;414.5;0.533;417.4;0.532;0.0;0.000;60;0;0;0.701;0.806;0.783;135;160;155;50.01;50.01;50.01;4787;1000;0.0;0;1.0000;0;0
600;2017-03-30 14:10:00;172602N232;446;3.054;30;224;224;225;224;0.860;50.02;410.8;0.529;417.3;0.523;0.0;0.000;60;0;0;0.824;0.898;0.858;137;159;148;50.02;50.02;50.02;4787;1000;0.0;0;1.0000;0;0
600;2017-03-30 14:20:00;172602N232;432;3.126;31;225;224;226;225;0.749;49.99;405.6;0.520;416.8;0.508;0.0;0.000;60;0;0;0.703;0.788;0.758;131;154;146;49.99;49.99;49.99;4787;1000;0.0;0;1.0000;0;0
600;2017-03-30 14:30:00;172602N232;416;3.196;31;225;225;226;224;1.064;50.02;405.6;0.499;416.5;0.487;0.0;0.000;60;0;0;1.075;1.104;1.013;123;149;143;50.02;50.02;50.02;4787;1000;0.0;0;1.0000;0;0
600;2017-03-30 14:40:00;172602N232;399;3.263;31;225;225;227;225;1.058;50.02;410.9;0.471;415.8;0.466;0.0;0.000;60;0;0;1.048;1.131;0.995;120;139;138;50.02;50.02;50.02;4787;1000;0.0;0;1.0000;0;0
600;2017-03-30 14:50:00;172602N232;434;3.336;31;224;228;228;217;0.946;49.99;419.1;0.504;417.5;0.507;0.0;0.000;60;0;0;0.944;0.991;0.903;138;157;136;49.99;49.99;49.99;4787;1000;0.0;0;1.0000;0;0
600;2017-03-30 15:00:00;172602N232;354;3.394;31;224;229;227;216;1.142;49.99;405.9;0.421;413.6;0.414;0.0;0.000;60;0;0;1.329;1.110;0.989;94;140;118;49.99;49.99;49.99;4787;1000;0.0;0;1.0000;0;0
600;2017-03-30 15:10:00;172602N232;307;3.446;30;225;229;228;217;1.221;50.01;411.7;0.357;411.2;0.357;0.0;0.000;60;0;0;1.586;1.177;0.901;64;132;109;50.01;50.01;50.01;4787;1000;0.0;0;1.0000;0;0
600;2017-03-30 15:20:00;172602N232;309;3.498;30;225;230;229;217;1.226;50.02;410.6;0.360;411.4;0.360;0.0;0.000;60;0;0;1.609;1.182;0.889;66;133;109;50.02;50.02;50.02;4787;1000;0.0;0;1.0000;0;0
600;2017-03-30 15:30:00;172602N232;326;3.552;30;224;229;228;216;1.175;50.01;410.4;0.382;412.6;0.380;0.0;0.000;60;0;0;1.451;1.105;0.971;78;132;114;50.01;50.01;50.01;4787;1000;0.0;0;1.0000;0;0
600;2017-03-30 15:40:00;172602N232;228;3.590;30;224;229;227;216;1.122;49.99;402.5;0.266;404.8;0.265;0.0;0.000;60;0;0;1.582;0.938;0.846;27;103;101;49.99;49.99;49.99;4787;1000;0.0;0;1.0000;0;0
600;2017-03-30 15:50:00;172602N232;162;3.617;30;225;229;226;219;1.194;49.99;396.7;0.186;398.2;0.186;0.0;0.000;60;0;0;1.911;0.893;0.778;0;107;77;49.99;49.99;49.99;4787;1000;0.0;0;1.0000;0;0
600;2017-03-30 16:00:00;172602N232;150;3.642;30;225;226;225;224;1.029;49.99;394.0;0.172;396.8;0.172;0.0;0.000;60;0;0;1.473;0.826;0.789;9;88;55;49.99;49.99;49.99;4787;1000;0.0;0;1.0000;0;0
600;2017-03-30 16:10:00;172602N232;225;3.680;30;225;226;226;225;1.050;49.99;401.0;0.263;405.7;0.261;0.0;0.000;60;0;0;1.257;1.061;0.834;53;88;82;49.99;49.99;49.99;4787;1000;0.0;0;1.0000;0;0
600;2017-03-30 16:20:00;172602N232;161;3.707;30;225;225;224;226;0.863;50.01;391.7;0.187;398.7;0.185;0.0;0.000;60;0;0;0.761;1.036;0.793;29;86;44;50.01;50.01;50.01;4787;1000;0.0;0;1.0000;0;0
600;2017-03-30 16:30:00;172602N232;95;3.724;29;224;223;226;224;0.875;50.01;375.4;0.107;383.8;0.108;0.0;0.000;60;0;0;0.745;1.191;0.691;31;15;52;50.01;50.01;50.01;4787;1000;0.0;0;1.0000;0;0
600;2017-03-30 16:40:00;172602N232;171;3.752;29;223;222;226;223;1.026;49.99;395.6;0.195;397.0;0.196;0.0;0.000;60;0;0;0.862;1.423;0.793;62;34;78;49.99;49.99;49.99;4787;1000;0.0;0;1.0000;0;0
600;2017-03-30 16:50:00;172602N232;275;3.798;29;223;224;226;219;1.171;49.98;409.6;0.317;407.6;0.319;0.0;0.000;60;0;0;1.420;1.136;0.958;68;101;112;49.98;49.98;49.98;4787;1000;0.0;0;1.0000;0;0
600;2017-03-30 17:00:00;172602N232;134;3.820;29;223;226;226;217;0.988;49.96;393.4;0.151;393.4;0.153;0.0;0.000;60;0;0;1.367;0.852;0.746;9;54;70;49.96;49.96;49.96;4787;1000;0.0;0;1.0000;0;0
600;2017-03-30 17:10:00;172602N232;149;3.846;29;224;224;226;222;1.018;50.00;396.3;0.170;396.3;0.171;0.0;0.000;60;0;0;1.098;1.195;0.762;40;40;67;50.00;50.00;50.00;4787;1000;0.0;0;1.0000;0;0
600;2017-03-30 17:20:00;172602N232;159;3.872;29;224;225;226;223;1.081;50.03;394.9;0.183;397.3;0.183;0.0;0.000;60;0;0;1.367;1.116;0.762;24;67;66;50.03;50.03;50.03;4787;1000;0.0;0;1.0000;0;0
600;2017-03-30 17:30:00;172602N232;130;3.895;29;224;226;225;223;1.019;50.03;393.6;0.147;392.4;0.149;0.0;0.000;60;0;0;1.438;0.850;0.770;5;67;59;50.03;50.03;50.03;4787;1000;0.0;0;1.0000;0;0
600;2017-03-30 17:40:00;172602N232;84;3.908;29;225;225;226;223;0.910;49.99;374.9;0.093;380.8;0.095;0.0;0.000;60;0;0;1.128;0.905;0.697;8;30;50;49.99;49.99;49.99;4787;1000;0.0;0;1.0000;0;0
600;2017-03-30 17:50:00;172602N232;69;3.921;29;225;225;225;224;0.882;49.99;369.8;0.075;376.4;0.077;0.0;0.000;60;0;0;0.921;1.012;0.714;8;17;45;49.99;49.99;49.99;4787;1000;0.0;0;1.0000;0;0
600;2017-03-30 18:00:00;172602N232;99;3.936;29;224;226;224;224;0.951;49.97;383.3;0.110;387.5;0.111;0.0;0.000;60;0;0;1.268;0.808;0.777;1;56;49;49.97;49.97;49.97;4787;1000;0.0;0;1.0000;0;0
600;2017-03-30 18:10:00;172602N232;116;3.957;29;225;226;225;225;0.966;49.97;391.1;0.131;392.4;0.131;0.0;0.000;60;0;0;1.348;0.769;0.781;7;64;45;49.97;49.97;49.97;4787;1000;0.0;0;1.0000;0;0
600;2017-03-30 18:20:00;172602N232;64;3.968;29;226;227;225;225;0.752;50.05;357.0;0.068;365.7;0.069;0.0;0.000;60;0;0;1.062;0.602;0.593;0;43;33;50.05;50.05;50.05;4787;1000;0.0;0;1.0000;0;0
600;2017-03-30 18:30:00;172602N232;11;3.969;29;226;227;227;224;0.293;50.00;269.0;0.003;275.2;0.008;0.0;0.000;60;0;0;0.378;0.291;0.212;1;8;13;50.00;50.00;50.00;4787;1000;0.0;0;1.0000;0;0
600;2017-03-30 18:40:00;172602N232;0;3.971;28;225;226;226;223;0.050;49.98;269.7;0.000;269.2;0.000;0.0;0.000;60;0;0;0.058;0.046;0.046;0;2;2;49.98;49.98;49.98;4615;1000;0.0;0;1.0000;0;0
600;2017-03-30 18:50:00;172602N232;0;3.970;28;225;226;227;224;0.005;49.97;252.4;0.000;252.7;0.000;0.0;0.000;50;0;0;0.015;0.000;0.000;0;0;0;49.97;49.97;49.97;4068;1000;0.0;0;1.0000;0;0
600;2017-03-30 19:00:00;172602N232;0;3.970;27;225;225;229;223;0.000;49.99;228.7;0.000;229.6;0.000;0.0;0.000;50;0;0;0.000;0.000;0.000;0;0;0;49.99;49.99;49.99;4068;1000;0.0;0;1.0000;0;0
600;2017-03-30 19:10:00;172602N232;0;3.970;27;225;224;228;223;0.000;49.98;227.2;0.000;228.2;0.000;0.0;0.000;50;0;0;0.000;0.000;0.000;0;0;0;49.98;49.98;49.98;4068;1000;0.0;0;1.0000;0;0
600;2017-03-30 19:20:00;172602N232;0;3.970;26;224;224;228;221;0.000;50.00;227.6;0.000;228.5;0.000;0.0;0.000;50;0;0;0.000;0.000;0.000;0;0;0;50.00;50.00;50.00;4068;1000;0.0;0;1.0000;0;0
[wr_ende]
