20160206;230001;172602N232;My Plant;+0100
[wr_def_start]
172602N232;Inverter Type;Inverter Group;72602N232      
[wr_def_end]
[wr]
INTERVAL;TIMESTAMP;SERIAL;P_AC;E_DAY;T_WR;U_AC;U_AC_1;U_AC_2;U_AC_3;I_AC;F_AC;U_DC_1;I_DC_1;U_DC_2;I_DC_2;U_DC_3;I_DC_3;S;E_WR;M_WR;I_AC_1;I_AC_2;I_AC_3;P_AC_1;P_AC_2;P_AC_3;F_AC_1;F_AC_2;F_AC_3;R_DC;PC;PCS;PCS_LL;COS_PHI;COS_PHI_LL;S_COS_PHI
600;2016-02-06 07:30:00;172602N232;0;0.000;0;4;4;4;4;0.000;0.97;4.3;0.000;4.3;0.000;0.0;0.000;50;0;0;0.000;0.000;0.000;0;0;0;0.97;0.97;0.97;44;1000;0.0;0;1.0000;0;0
600;2016-02-06 07:40:00;172602N232;0;0.000;16;223;222;227;221;0.000;50.01;227.7;0.000;228.6;0.000;0.0;0.000;50;0;0;0.000;0.000;0.000;0;0;0;50.01;50.01;50.01;0;1000;0.0;0;1.0000;0;0
600;2016-02-06 07:50:00;172602N232;0;0.000;17;225;226;229;221;0.000;50.00;228.0;0.000;228.9;0.000;0.0;0.000;50;0;0;0.000;0.000;0.000;0;0;0;50.00;50.00;50.00;0;1000;0.0;0;1.0000;0;0
600;2016-02-06 08:00:00;172602N232;0;0.000;17;225;226;228;221;0.000;49.99;229.9;0.000;230.8;0.000;0.0;0.000;50;0;0;0.000;0.000;0.000;0;0;0;49.99;49.99;49.99;0;1000;0.0;0;1.0000;0;0
600;2016-02-06 08:10:00;172602N232;0;0.000;17;225;226;228;221;0.000;49.99;249.4;0.000;250.0;0.000;0.0;0.000;50;0;0;0.000;0.000;0.000;0;0;0;49.99;49.99;49.99;0;1000;0.0;0;1.0000;0;0
600;2016-02-06 08:20:00;172602N232;0;0.000;18;225;225;229;222;0.000;49.98;241.8;0.000;242.7;0.000;0.0;0.000;50;0;0;0.000;0.000;0.000;0;0;0;49.98;49.98;49.98;0;1000;0.0;0;1.0000;0;0
600;2016-02-06 08:30:00;172602N232;0;0.000;18;226;225;230;222;0.000;50.01;232.0;0.000;232.9;0.000;0.0;0.000;50;0;0;0.000;0.000;0.000;0;0;0;50.01;50.01;50.01;0;1000;0.0;0;1.0000;0;0
600;2016-02-06 08:40:00;172602N232;2;0.000;18;225;224;229;223;0.057;50.00;304.4;0.000;308.0;0.001;0.0;0.000;60;0;0;0.058;0.070;0.043;0;0;2;50.00;50.00;50.00;1844;1000;0.0;0;1.0000;0;0
600;2016-02-06 08:50:00;172602N232;32;0.005;18;225;225;226;224;0.571;50.00;333.4;0.028;348.1;0.030;0.0;0.000;60;0;0;0.634;0.688;0.391;7;5;23;50.00;50.00;50.00;4951;1000;0.0;0;1.0000;0;0
600;2016-02-06 09:00:00;172602N232;91;0.021;18;225;224;225;225;0.858;50.01;388.3;0.102;384.8;0.103;0.0;0.000;60;0;0;0.943;0.886;0.747;17;33;39;50.01;50.01;50.01;4951;1000;0.0;0;1.0000;0;0
600;2016-02-06 09:10:00;172602N232;121;0.040;19;224;224;225;224;0.896;50.01;393.7;0.137;389.6;0.138;0.0;0.000;60;0;0;0.804;1.142;0.744;27;37;55;50.01;50.01;50.01;4951;1000;0.0;0;1.0000;0;0
600;2016-02-06 09:20:00;172602N232;135;0.063;19;224;223;225;224;0.934;50.01;404.3;0.152;392.4;0.155;0.0;0.000;60;0;0;0.875;1.110;0.818;31;44;58;50.01;50.01;50.01;4951;1000;0.0;0;1.0000;0;0
600;2016-02-06 09:30:00;172602N232;137;0.085;20;225;226;224;225;0.954;50.00;403.9;0.154;392.2;0.157;0.0;0.000;60;0;0;1.165;0.851;0.848;10;78;49;50.00;50.00;50.00;4951;1000;0.0;0;1.0000;0;0
600;2016-02-06 09:40:00;172602N232;140;0.109;20;226;226;227;225;1.006;50.01;404.0;0.159;392.6;0.162;0.0;0.000;60;0;0;1.374;0.872;0.772;12;67;60;50.01;50.01;50.01;4951;1000;0.0;0;1.0000;0;0
600;2016-02-06 09:50:00;172602N232;76;0.122;21;222;223;223;220;0.873;50.01;381.5;0.083;378.1;0.085;0.0;0.000;60;0;0;1.177;0.785;0.658;8;34;48;50.01;50.01;50.01;4951;1000;0.0;0;1.0000;0;0
600;2016-02-06 10:00:00;172602N232;81;0.137;21;222;223;223;220;0.863;49.99;382.9;0.088;379.1;0.090;0.0;0.000;60;0;0;1.211;0.738;0.640;1;42;49;49.99;49.99;49.99;4951;1000;0.0;0;1.0000;0;0
600;2016-02-06 10:10:00;172602N232;92;0.152;21;222;222;222;221;0.895;50.00;389.3;0.102;382.0;0.104;0.0;0.000;60;0;0;1.198;0.796;0.693;3;46;48;50.00;50.00;50.00;4951;1000;0.0;0;1.0000;0;0
600;2016-02-06 10:20:00;172602N232;137;0.176;22;222;223;222;221;1.023;50.01;402.7;0.155;391.8;0.158;0.0;0.000;60;0;0;1.500;0.836;0.734;0;77;64;50.01;50.01;50.01;4951;1000;0.0;0;1.0000;0;0
600;2016-02-06 10:30:00;172602N232;182;0.205;22;221;222;223;220;1.003;49.97;409.5;0.206;396.0;0.211;0.0;0.000;60;0;0;1.100;1.103;0.806;35;61;84;49.97;49.97;49.97;4951;1000;0.0;0;1.0000;0;0
600;2016-02-06 10:40:00;172602N232;165;0.233;22;221;221;223;220;1.013;49.98;405.4;0.189;394.9;0.192;0.0;0.000;60;0;0;1.102;1.163;0.775;24;61;81;49.98;49.98;49.98;4951;1000;0.0;0;1.0000;0;0
600;2016-02-06 10:50:00;172602N232;199;0.266;23;221;223;222;219;1.089;49.99;412.8;0.227;398.1;0.232;0.0;0.000;60;0;0;1.508;0.936;0.823;19;95;88;49.99;49.99;49.99;4951;1000;0.0;0;1.0000;0;0
600;2016-02-06 11:00:00;172602N232;174;0.296;23;221;222;222;220;1.021;50.00;408.9;0.198;395.1;0.203;0.0;0.000;60;0;0;1.347;0.960;0.756;25;79;70;50.00;50.00;50.00;4951;1000;0.0;0;1.0000;0;0
600;2016-02-06 11:10:00;172602N232;136;0.319;23;221;220;223;220;0.940;50.00;400.2;0.154;389.6;0.157;0.0;0.000;60;0;0;0.983;1.110;0.728;40;33;62;50.00;50.00;50.00;4951;1000;0.0;0;1.0000;0;0
600;2016-02-06 11:20:00;172602N232;227;0.356;23;222;220;223;222;1.027;50.00;414.5;0.261;400.5;0.266;0.0;0.000;60;0;0;0.946;1.272;0.865;78;72;76;50.00;50.00;50.00;4951;1000;0.0;0;1.0000;0;0
600;2016-02-06 11:30:00;172602N232;209;0.392;23;223;223;223;223;0.995;50.00;412.5;0.240;398.2;0.245;0.0;0.000;60;0;0;1.066;1.073;0.846;47;80;81;50.00;50.00;50.00;4951;1000;0.0;0;1.0000;0;0
600;2016-02-06 11:40:00;172602N232;147;0.417;24;222;223;222;222;0.982;50.01;404.9;0.167;391.4;0.171;0.0;0.000;60;0;0;1.321;0.866;0.760;16;72;57;50.01;50.01;50.01;4951;1000;0.0;0;1.0000;0;0
600;2016-02-06 11:50:00;172602N232;180;0.446;24;222;222;223;222;0.987;50.02;410.0;0.204;395.2;0.209;0.0;0.000;60;0;0;1.102;1.083;0.776;39;66;73;50.02;50.02;50.02;4951;1000;0.0;0;1.0000;0;0
600;2016-02-06 12:00:00;172602N232;141;0.470;24;222;222;224;221;0.922;50.00;401.0;0.161;389.4;0.164;0.0;0.000;60;0;0;0.827;1.207;0.733;34;32;73;50.00;50.00;50.00;4951;1000;0.0;0;1.0000;0;0
600;2016-02-06 12:10:00;172602N232;218;0.506;24;222;221;224;221;1.026;50.00;413.4;0.250;398.8;0.255;0.0;0.000;60;0;0;1.001;1.291;0.787;68;66;83;50.00;50.00;50.00;4951;1000;0.0;0;1.0000;0;0
600;2016-02-06 12:20:00;172602N232;224;0.544;24;223;222;224;222;1.027;50.00;415.1;0.256;399.3;0.262;0.0;0.000;60;0;0;1.068;1.231;0.784;56;86;79;50.00;50.00;50.00;4951;1000;0.0;0;1.0000;0;0
600;2016-02-06 12:30:00;172602N232;216;0.580;24;222;223;221;223;1.017;50.01;413.9;0.247;398.6;0.252;0.0;0.000;60;0;0;1.182;0.991;0.878;48;102;64;50.01;50.01;50.01;4951;1000;0.0;0;1.0000;0;0
600;2016-02-06 12:40:00;172602N232;152;0.606;24;221;218;222;224;0.971;50.02;400.1;0.172;388.6;0.177;0.0;0.000;60;0;0;0.772;1.174;0.969;66;43;41;50.02;50.02;50.02;4951;1000;0.0;0;1.0000;0;0
600;2016-02-06 12:50:00;172602N232;307;0.657;24;222;219;223;223;0.962;50.01;417.8;0.352;402.1;0.361;0.0;0.000;60;0;0;0.838;1.096;0.953;105;106;94;50.01;50.01;50.01;4951;1000;0.0;0;1.0000;0;0
600;2016-02-06 13:00:00;172602N232;686;0.772;25;223;220;225;222;1.086;49.99;438.4;0.782;417.0;0.809;0.0;0.000;60;0;0;1.023;1.149;1.087;213;241;230;49.99;49.99;49.99;4951;1000;0.0;0;1.0000;0;0
600;2016-02-06 13:10:00;172602N232;402;0.838;25;222;220;225;223;1.134;50.01;422.5;0.467;408.3;0.477;0.0;0.000;60;0;0;1.101;1.228;1.073;127;139;134;50.01;50.01;50.01;4951;1000;0.0;0;1.0000;0;0
600;2016-02-06 13:20:00;172602N232;394;0.904;25;222;221;224;223;1.105;50.01;417.8;0.464;408.6;0.467;0.0;0.000;60;0;0;1.106;1.169;1.040;124;137;131;50.01;50.01;50.01;4951;1000;0.0;0;1.0000;0;0
600;2016-02-06 13:30:00;172602N232;510;0.990;25;222;221;224;223;0.843;49.98;416.0;0.609;413.1;0.605;0.0;0.000;60;0;0;0.798;0.853;0.878;157;177;175;49.98;49.98;49.98;4951;1000;0.0;0;1.0000;0;0
600;2016-02-06 13:40:00;172602N232;205;1.025;26;223;223;223;223;0.923;50.00;401.2;0.240;396.5;0.241;0.0;0.000;60;0;0;1.045;0.915;0.809;49;87;67;50.00;50.00;50.00;4951;1000;0.0;0;1.0000;0;0
600;2016-02-06 13:50:00;172602N232;134;1.046;26;224;223;224;223;0.945;50.01;397.0;0.153;389.8;0.155;0.0;0.000;60;0;0;1.135;0.936;0.765;28;51;53;50.01;50.01;50.01;4951;1000;0.0;0;1.0000;0;0
600;2016-02-06 14:00:00;172602N232;89;1.062;26;223;222;225;222;0.906;50.00;381.7;0.100;379.9;0.102;0.0;0.000;60;0;0;0.830;1.194;0.695;25;7;57;50.00;50.00;50.00;4951;1000;0.0;0;1.0000;0;0
600;2016-02-06 14:10:00;172602N232;100;1.079;26;223;221;226;222;0.814;49.99;383.0;0.111;380.3;0.113;0.0;0.000;60;0;0;0.639;1.186;0.618;42;9;55;49.99;49.99;49.99;4951;1000;0.0;0;1.0000;0;0
600;2016-02-06 14:20:00;172602N232;141;1.102;26;223;223;225;222;0.933;50.00;400.8;0.161;390.2;0.164;0.0;0.000;60;0;0;0.948;1.126;0.726;29;42;68;50.00;50.00;50.00;4951;1000;0.0;0;1.0000;0;0
600;2016-02-06 14:30:00;172602N232;77;1.115;26;223;224;225;220;0.837;50.00;379.9;0.084;375.5;0.087;0.0;0.000;60;0;0;1.043;0.834;0.635;2;30;51;50.00;50.00;50.00;4951;1000;0.0;0;1.0000;0;0
600;2016-02-06 14:40:00;172602N232;84;1.130;26;224;225;226;220;0.812;50.00;382.9;0.093;377.6;0.096;0.0;0.000;60;0;0;0.930;0.870;0.638;4;26;56;50.00;50.00;50.00;4951;1000;0.0;0;1.0000;0;0
600;2016-02-06 14:50:00;172602N232;107;1.148;26;223;223;224;223;0.908;50.00;387.3;0.120;381.6;0.123;0.0;0.000;60;0;0;1.071;0.935;0.718;11;48;51;50.00;50.00;50.00;4951;1000;0.0;0;1.0000;0;0
600;2016-02-06 15:00:00;172602N232;101;1.165;26;224;222;225;223;0.841;49.99;387.7;0.113;381.0;0.115;0.0;0.000;60;0;0;0.720;1.148;0.655;30;19;53;49.99;49.99;49.99;4951;1000;0.0;0;1.0000;0;0
600;2016-02-06 15:10:00;172602N232;89;1.180;25;223;221;224;224;0.823;50.00;383.5;0.098;379.9;0.101;0.0;0.000;60;0;0;0.686;1.074;0.710;38;13;39;50.00;50.00;50.00;4951;1000;0.0;0;1.0000;0;0
600;2016-02-06 15:20:00;172602N232;44;1.188;25;223;221;224;224;0.600;50.00;345.0;0.044;353.3;0.046;0.0;0.000;60;0;0;0.522;0.790;0.489;21;4;25;50.00;50.00;50.00;4951;1000;0.0;0;1.0000;0;0
600;2016-02-06 15:30:00;172602N232;8;1.189;25;223;222;224;223;0.209;50.00;269.5;0.004;279.7;0.006;0.0;0.000;60;0;0;0.188;0.281;0.160;5;1;6;50.00;50.00;50.00;4951;1000;0.0;0;1.0000;0;0
600;2016-02-06 15:40:00;172602N232;0;1.189;24;222;221;225;221;0.001;49.99;285.9;0.000;285.0;0.000;0.0;0.000;51;0;0;0.003;0.001;0.000;0;0;0;49.99;49.99;49.99;4622;1000;0.0;0;1.0000;0;0
600;2016-02-06 15:50:00;172602N232;0;1.189;24;222;220;226;219;0.000;49.99;246.3;0.000;247.2;0.000;0.0;0.000;51;0;0;0.000;0.000;0.000;0;0;0;49.99;49.99;49.99;4416;1000;0.0;0;1.0000;0;0
600;2016-02-06 16:00:00;172602N232;0;1.189;24;221;219;225;219;0.000;49.99;236.8;0.000;237.8;0.000;0.0;0.000;51;0;0;0.000;0.000;0.000;0;0;0;49.99;49.99;49.99;4416;1000;0.0;0;1.0000;0;0
600;2016-02-06 16:10:00;172602N232;0;1.189;23;221;219;225;218;0.000;49.99;238.8;0.000;239.6;0.000;0.0;0.000;51;0;0;0.000;0.000;0.000;0;0;0;49.99;49.99;49.99;4416;1000;0.0;0;1.0000;0;0
600;2016-02-06 16:20:00;172602N232;0;1.189;23;220;219;224;218;0.000;49.99;230.7;0.000;231.6;0.000;0.0;0.000;51;0;0;0.000;0.000;0.000;0;0;0;49.99;49.99;49.99;4416;1000;0.0;0;1.0000;0;0
600;2016-02-06 16:30:00;172602N232;0;1.189;23;220;219;223;217;0.000;50.03;227.8;0.000;228.7;0.000;0.0;0.000;51;0;0;0.000;0.000;0.000;0;0;0;50.03;50.03;50.03;4416;1000;0.0;0;1.0000;0;0
600;2016-02-06 16:40:00;172602N232;0;1.189;23;219;219;222;215;0.000;50.01;224.1;0.000;224.7;0.000;0.0;0.000;51;0;0;0.000;0.000;0.000;0;0;0;50.01;50.01;50.01;4416;1000;0.0;0;1.0000;0;0
[wr_ende]
