20130924;230006;172602N232;My Plant;+0100
[wr_def_start]
172602N232;Inverter Type;Inverter Group;72602N232      
[wr_def_end]
[wr]
INTERVAL;TIMESTAMP;SERIAL;P_AC;E_DAY;T_WR;U_AC;U_AC_1;U_AC_2;U_AC_3;I_AC;F_AC;U_DC_1;I_DC_1;U_DC_2;I_DC_2;U_DC_3;I_DC_3;S;E_WR;M_WR;I_AC_1;I_AC_2;I_AC_3;P_AC_1;P_AC_2;P_AC_3;F_AC_1;F_AC_2;F_AC_3;R_DC;PC;PCS;PCS_LL;COS_PHI;COS_PHI_LL;S_COS_PHI
600;2013-09-24 06:40:00;172602N232;0;0.000;0;4;4;4;4;0.000;1.08;4.8;0.000;4.8;0.000;0.0;0.000;50;0;0;0.000;0.000;0.000;0;0;0;1.08;1.08;1.08;58;1000;0.0;0;1.0000;0;0
600;2013-09-24 06:50:00;172602N232;0;0.000;24;224;224;226;221;0.000;50.01;229.0;0.000;230.0;0.000;0.0;0.000;50;0;0;0.000;0.000;0.000;0;0;0;50.01;50.01;50.01;0;1000;0.0;0;1.0000;0;0
600;2013-09-24 07:00:00;172602N232;0;0.000;26;222;222;225;219;0.000;49.99;255.0;0.000;255.4;0.000;0.0;0.000;50;0;0;0.000;0.000;0.000;0;0;0;49.99;49.99;49.99;0;1000;0.0;0;1.0000;0;0
600;2013-09-24 07:10:00;172602N232;0;0.000;26;221;221;223;220;0.026;49.99;288.8;0.000;288.2;0.000;0.0;0.000;60;0;0;0.030;0.031;0.017;0;0;0;49.99;49.99;49.99;5022;1000;0.0;0;1.0000;0;0
600;2013-09-24 07:20:00;172602N232;16;0.002;27;222;222;222;222;0.306;49.99;288.2;0.008;305.3;0.010;0.0;0.000;60;0;0;0.334;0.310;0.276;2;8;10;49.99;49.99;49.99;5546;1000;0.0;0;1.0000;0;0
600;2013-09-24 07:30:00;172602N232;60;0.013;27;222;222;222;221;0.748;49.98;374.7;0.060;378.7;0.059;0.0;0.000;60;0;0;0.968;0.702;0.576;2;28;33;49.98;49.98;49.98;5546;1000;0.0;0;1.0000;0;0
600;2013-09-24 07:40:00;172602N232;100;0.028;28;223;223;224;221;0.918;49.99;398.6;0.113;402.8;0.102;0.0;0.000;60;0;0;0.957;1.062;0.737;11;25;62;49.99;49.99;49.99;5546;1000;0.0;0;1.0000;0;0
600;2013-09-24 07:50:00;172602N232;123;0.050;28;223;222;224;223;0.915;50.00;401.4;0.142;407.7;0.127;0.0;0.000;60;0;0;0.830;1.149;0.768;33;26;62;50.00;50.00;50.00;5546;1000;0.0;0;1.0000;0;0
600;2013-09-24 08:00:00;172602N232;119;0.070;29;223;222;224;223;0.893;50.00;402.7;0.135;401.1;0.125;0.0;0.000;60;0;0;0.845;1.081;0.754;28;29;60;50.00;50.00;50.00;5546;1000;0.0;0;1.0000;0;0
600;2013-09-24 08:10:00;172602N232;124;0.090;29;223;222;225;222;0.897;49.99;401.1;0.140;397.7;0.136;0.0;0.000;60;0;0;0.776;1.186;0.730;36;21;66;49.99;49.99;49.99;5546;1000;0.0;0;1.0000;0;0
600;2013-09-24 08:20:00;172602N232;136;0.113;30;223;222;225;222;0.906;50.00;407.9;0.149;401.1;0.150;0.0;0.000;60;0;0;0.817;1.164;0.737;34;29;70;50.00;50.00;50.00;5546;1000;0.0;0;1.0000;0;0
600;2013-09-24 08:30:00;172602N232;173;0.142;30;223;222;225;222;0.988;50.00;407.5;0.193;406.3;0.196;0.0;0.000;60;0;0;0.965;1.227;0.774;53;40;78;50.00;50.00;50.00;5546;1000;0.0;0;1.0000;0;0
600;2013-09-24 08:40:00;172602N232;266;0.187;31;223;222;225;222;1.124;49.99;434.8;0.294;425.8;0.288;0.0;0.000;60;0;0;1.091;1.319;0.964;77;89;98;49.99;49.99;49.99;5546;1000;0.0;0;1.0000;0;0
600;2013-09-24 08:50:00;172602N232;444;0.261;31;224;224;225;223;1.032;50.01;443.1;0.521;442.8;0.454;0.0;0.000;60;0;0;1.037;1.081;0.979;137;158;148;50.01;50.01;50.01;5546;1000;0.0;0;1.0000;0;0
600;2013-09-24 09:00:00;172602N232;755;0.387;31;225;225;227;223;1.165;50.02;438.6;0.929;447.9;0.759;0.0;0.000;60;0;0;1.127;1.199;1.169;240;262;252;50.02;50.02;50.02;5546;1000;0.0;0;1.0000;0;0
600;2013-09-24 09:10:00;172602N232;717;0.506;32;225;225;226;223;1.101;50.01;425.0;0.889;437.5;0.759;0.0;0.000;60;0;0;1.054;1.141;1.108;227;249;238;50.01;50.01;50.01;5546;1000;0.0;0;1.0000;0;0
600;2013-09-24 09:20:00;172602N232;353;0.565;33;223;223;224;221;1.031;50.00;418.6;0.464;400.6;0.368;0.0;0.000;60;0;0;1.112;1.029;0.953;102;130;119;50.00;50.00;50.00;5546;1000;0.0;0;1.0000;0;0
600;2013-09-24 09:30:00;172602N232;925;0.720;33;223;223;225;222;1.494;50.02;426.2;1.328;447.6;0.786;0.0;0.000;60;0;0;1.456;1.537;1.491;295;321;307;50.02;50.02;50.02;5546;1000;0.0;0;1.0000;0;0
600;2013-09-24 09:40:00;172602N232;720;0.840;34;223;222;225;222;1.112;50.03;425.1;0.851;423.3;0.830;0.0;0.000;60;0;0;1.055;1.158;1.125;225;252;241;50.03;50.03;50.03;5546;1000;0.0;0;1.0000;0;0
600;2013-09-24 09:50:00;172602N232;859;0.983;34;222;221;225;222;1.318;50.02;426.1;1.016;425.8;0.990;0.0;0.000;60;0;0;1.257;1.365;1.333;270;300;288;50.02;50.02;50.02;5546;1000;0.0;0;1.0000;0;0
600;2013-09-24 10:00:00;172602N232;983;1.147;34;222;220;225;221;1.506;50.00;425.0;1.178;429.4;1.115;0.0;0.000;60;0;0;1.444;1.557;1.518;310;342;328;50.00;50.00;50.00;5546;1000;0.0;0;1.0000;0;0
600;2013-09-24 10:10:00;172602N232;1043;1.321;35;222;222;224;220;1.590;49.99;419.2;1.277;427.6;1.184;0.0;0.000;60;0;0;1.542;1.632;1.596;335;360;346;49.99;49.99;49.99;5546;1000;0.0;0;1.0000;0;0
600;2013-09-24 10:20:00;172602N232;1600;1.587;35;223;223;225;220;2.420;49.99;433.1;1.737;420.6;2.036;0.0;0.000;60;0;0;2.380;2.477;2.404;523;552;522;49.99;49.99;49.99;5546;1000;0.0;0;1.0000;0;0
600;2013-09-24 10:30:00;172602N232;1185;1.785;36;222;223;224;221;1.832;49.99;427.7;1.261;416.0;1.540;0.0;0.000;60;0;0;1.797;1.868;1.831;383;408;392;49.99;49.99;49.99;5546;1000;0.0;0;1.0000;0;0
600;2013-09-24 10:40:00;172602N232;1456;2.028;36;223;223;225;222;2.219;50.00;423.4;1.543;422.1;1.909;0.0;0.000;60;0;0;2.175;2.261;2.223;472;500;483;50.00;50.00;50.00;5546;1000;0.0;0;1.0000;0;0
600;2013-09-24 10:50:00;172602N232;1353;2.254;36;224;223;226;223;2.043;49.98;414.6;1.653;418.8;1.603;0.0;0.000;60;0;0;1.989;2.095;2.047;435;468;448;49.98;49.98;49.98;5546;1000;0.0;0;1.0000;0;0
600;2013-09-24 11:00:00;172602N232;1319;2.474;36;226;226;229;224;2.041;49.99;417.1;1.602;413.0;1.583;0.0;0.000;60;0;0;2.002;2.073;2.049;421;455;441;49.99;49.99;49.99;5546;1000;0.0;0;1.0000;0;0
600;2013-09-24 11:10:00;172602N232;905;2.625;37;225;223;228;224;1.371;49.99;416.8;1.087;405.5;1.112;0.0;0.000;60;0;0;1.310;1.421;1.384;285;316;302;49.99;49.99;49.99;5546;1000;0.0;0;1.0000;0;0
600;2013-09-24 11:20:00;172602N232;678;2.738;37;225;225;228;224;1.043;50.00;415.2;0.807;403.8;0.836;0.0;0.000;60;0;0;0.984;1.093;1.053;211;239;226;50.00;50.00;50.00;5546;1000;0.0;0;1.0000;0;0
600;2013-09-24 11:30:00;172602N232;1059;2.915;37;226;226;228;225;1.597;50.00;422.0;1.257;412.4;1.281;0.0;0.000;60;0;0;1.553;1.641;1.598;341;366;350;50.00;50.00;50.00;5546;1000;0.0;0;1.0000;0;0
600;2013-09-24 11:40:00;172602N232;1253;3.124;37;227;226;229;226;1.895;50.00;419.5;1.504;412.1;1.514;0.0;0.000;60;0;0;1.848;1.938;1.899;403;431;416;50.00;50.00;50.00;5546;1000;0.0;0;1.0000;0;0
600;2013-09-24 11:50:00;172602N232;1316;3.344;37;228;228;231;227;1.984;50.00;417.5;1.595;411.3;1.592;0.0;0.000;60;0;0;1.939;2.024;1.990;423;454;437;50.00;50.00;50.00;5546;1000;0.0;0;1.0000;0;0
600;2013-09-24 12:00:00;172602N232;1054;3.520;38;229;228;231;227;1.563;49.99;417.6;1.265;409.6;1.281;0.0;0.000;60;0;0;1.505;1.613;1.572;335;366;350;49.99;49.99;49.99;5546;1000;0.0;0;1.0000;0;0
600;2013-09-24 12:10:00;172602N232;1448;3.761;38;229;228;231;228;2.137;50.00;416.6;1.760;410.9;1.755;0.0;0.000;60;0;0;2.075;2.189;2.147;464;500;482;50.00;50.00;50.00;5546;1000;0.0;0;1.0000;0;0
600;2013-09-24 12:20:00;172602N232;1481;4.009;38;228;227;230;227;2.184;50.01;415.4;1.803;409.3;1.808;0.0;0.000;60;0;0;2.122;2.239;2.193;476;511;493;50.01;50.01;50.01;5546;1000;0.0;0;1.0000;0;0
600;2013-09-24 12:30:00;172602N232;1381;4.239;38;227;227;229;225;2.068;50.00;415.5;1.675;408.1;1.691;0.0;0.000;60;0;0;2.024;2.114;2.068;447;476;456;50.00;50.00;50.00;5546;1000;0.0;0;1.0000;0;0
600;2013-09-24 12:40:00;172602N232;1261;4.449;38;227;227;228;225;1.902;50.02;417.0;1.516;407.6;1.550;0.0;0.000;60;0;0;1.859;1.938;1.911;406;433;420;50.02;50.02;50.02;5546;1000;0.0;0;1.0000;0;0
600;2013-09-24 12:50:00;172602N232;1384;4.680;38;226;227;229;224;2.076;50.01;416.6;1.666;409.0;1.698;0.0;0.000;60;0;0;2.031;2.127;2.070;449;479;455;50.01;50.01;50.01;5546;1000;0.0;0;1.0000;0;0
600;2013-09-24 13:00:00;172602N232;1364;4.908;38;226;226;229;223;2.042;50.00;416.4;1.644;408.1;1.676;0.0;0.000;60;0;0;1.989;2.101;2.037;440;474;448;50.00;50.00;50.00;5546;1000;0.0;0;1.0000;0;0
600;2013-09-24 13:10:00;172602N232;1163;5.102;38;225;225;228;223;1.782;50.01;416.9;1.396;407.2;1.431;0.0;0.000;60;0;0;1.737;1.820;1.789;372;403;386;50.01;50.01;50.01;5546;1000;0.0;0;1.0000;0;0
600;2013-09-24 13:20:00;172602N232;1541;5.360;39;226;226;228;224;2.296;50.01;417.1;1.857;409.3;1.896;0.0;0.000;60;0;0;2.241;2.351;2.298;498;531;510;50.01;50.01;50.01;5546;1000;0.0;0;1.0000;0;0
600;2013-09-24 13:30:00;172602N232;1453;5.603;39;226;226;228;225;2.190;50.01;414.9;1.760;406.4;1.795;0.0;0.000;60;0;0;2.140;2.232;2.199;468;500;483;50.01;50.01;50.01;5546;1000;0.0;0;1.0000;0;0
600;2013-09-24 13:40:00;172602N232;1292;5.817;39;226;226;227;224;2.018;50.00;415.1;1.561;405.4;1.599;0.0;0.000;60;0;0;1.982;2.036;2.036;412;443;434;50.00;50.00;50.00;5546;1000;0.0;0;1.0000;0;0
600;2013-09-24 13:50:00;172602N232;1132;6.006;39;226;227;228;225;1.725;49.99;410.8;1.379;403.9;1.402;0.0;0.000;60;0;0;1.687;1.756;1.733;364;389;377;49.99;49.99;49.99;5546;1000;0.0;0;1.0000;0;0
600;2013-09-24 14:00:00;172602N232;637;6.113;39;226;227;227;224;0.974;49.99;400.5;0.788;398.6;0.794;0.0;0.000;60;0;0;0.926;1.012;0.984;201;221;213;49.99;49.99;49.99;5546;1000;0.0;0;1.0000;0;0
600;2013-09-24 14:10:00;172602N232;1613;6.382;39;227;227;228;225;2.638;50.00;404.5;1.986;404.6;1.933;0.0;0.000;60;0;0;2.658;2.670;2.586;520;563;528;50.00;50.00;50.00;5546;1000;0.0;0;1.0000;0;0
600;2013-09-24 14:20:00;172602N232;3828;7.019;39;229;228;233;227;5.570;50.00;398.8;4.879;400.3;4.840;0.0;0.000;60;0;0;5.485;5.704;5.523;1250;1327;1249;50.00;50.00;50.00;5546;1000;0.0;0;1.0000;0;0
600;2013-09-24 14:30:00;172602N232;3832;7.658;40;230;229;233;228;5.560;50.00;386.1;5.045;386.6;5.017;0.0;0.000;60;0;0;5.484;5.686;5.510;1254;1325;1251;50.00;50.00;50.00;5546;1000;0.0;0;1.0000;0;0
600;2013-09-24 14:40:00;172602N232;3625;8.262;40;229;228;231;227;5.286;50.00;385.4;4.772;385.0;4.778;0.0;0.000;60;0;0;5.222;5.377;5.259;1190;1243;1191;50.00;50.00;50.00;5546;1000;0.0;0;1.0000;0;0
600;2013-09-24 14:50:00;172602N232;3811;8.897;41;228;227;230;226;5.586;50.00;381.5;5.089;381.1;5.079;0.0;0.000;60;0;0;5.516;5.692;5.551;1248;1312;1250;50.00;50.00;50.00;5546;1000;0.0;0;1.0000;0;0
600;2013-09-24 15:00:00;172602N232;1193;9.096;41;225;225;227;224;2.101;50.00;372.9;1.610;372.0;1.587;0.0;0.000;60;0;0;2.104;2.160;2.039;383;419;390;50.00;50.00;50.00;5546;1000;0.0;0;1.0000;0;0
600;2013-09-24 15:10:00;172602N232;704;9.215;41;225;225;227;224;1.627;50.01;380.6;0.869;379.9;0.867;0.0;0.000;60;0;0;1.776;1.716;1.391;215;253;234;50.01;50.01;50.01;5546;1000;0.0;0;1.0000;0;0
600;2013-09-24 15:20:00;172602N232;3338;9.771;41;229;229;233;225;4.872;49.99;402.0;4.213;403.3;4.186;0.0;0.000;60;0;0;4.818;4.991;4.807;1098;1158;1080;49.99;49.99;49.99;5546;1000;0.0;0;1.0000;0;0
600;2013-09-24 15:30:00;172602N232;3151;10.295;41;229;228;233;226;4.613;49.98;392.4;4.075;393.5;4.050;0.0;0.000;60;0;0;4.546;4.727;4.566;1029;1095;1025;49.98;49.98;49.98;5546;1000;0.0;0;1.0000;0;0
600;2013-09-24 15:40:00;172602N232;3076;10.809;42;229;227;233;226;4.501;49.98;389.4;4.010;391.2;3.980;0.0;0.000;60;0;0;4.424;4.610;4.470;1000;1069;1005;49.98;49.98;49.98;5546;1000;0.0;0;1.0000;0;0
600;2013-09-24 15:50:00;172602N232;2284;11.190;42;229;228;231;226;3.389;50.00;388.4;2.967;388.9;2.960;0.0;0.000;60;0;0;3.384;3.432;3.351;750;786;747;50.00;50.00;50.00;5546;1000;0.0;0;1.0000;0;0
600;2013-09-24 16:00:00;172602N232;627;11.296;42;228;228;230;226;1.519;50.00;381.3;0.789;382.0;0.765;0.0;0.000;60;0;0;1.655;1.624;1.278;188;224;213;50.00;50.00;50.00;5546;1000;0.0;0;1.0000;0;0
600;2013-09-24 16:10:00;172602N232;2743;11.752;42;229;229;231;227;4.002;49.99;411.0;3.363;407.4;3.414;0.0;0.000;60;0;0;3.946;4.075;3.987;899;939;903;49.99;49.99;49.99;5546;1000;0.0;0;1.0000;0;0
600;2013-09-24 16:20:00;172602N232;2500;12.170;42;229;228;232;228;3.647;50.00;403.7;3.035;400.4;3.250;0.0;0.000;60;0;0;3.579;3.727;3.637;814;859;824;50.00;50.00;50.00;5546;1000;0.0;0;1.0000;0;0
600;2013-09-24 16:30:00;172602N232;2336;12.559;42;229;228;231;227;3.412;49.98;385.4;2.946;399.1;3.074;0.0;0.000;60;0;0;3.351;3.485;3.400;762;804;769;49.98;49.98;49.98;5546;1000;0.0;0;1.0000;0;0
600;2013-09-24 16:40:00;172602N232;2120;12.912;42;228;228;230;227;3.107;49.98;384.1;2.591;399.4;2.877;0.0;0.000;60;0;0;3.046;3.171;3.105;691;727;701;49.98;49.98;49.98;5546;1000;0.0;0;1.0000;0;0
600;2013-09-24 16:50:00;172602N232;1987;13.244;42;229;228;231;226;2.914;50.01;373.3;2.525;401.6;2.656;0.0;0.000;60;0;0;2.850;2.996;2.896;646;689;651;50.01;50.01;50.01;5546;1000;0.0;0;1.0000;0;0
600;2013-09-24 17:00:00;172602N232;1761;13.537;42;228;227;231;226;2.589;50.00;381.4;2.364;389.0;2.255;0.0;0.000;60;0;0;2.518;2.666;2.585;567;612;581;50.00;50.00;50.00;5546;1000;0.0;0;1.0000;0;0
600;2013-09-24 17:10:00;172602N232;1447;13.779;42;227;225;230;226;2.160;49.98;379.6;2.123;333.1;1.976;0.0;0.000;60;0;0;2.087;2.238;2.157;461;506;479;49.98;49.98;49.98;5546;1000;0.0;0;1.0000;0;0
600;2013-09-24 17:20:00;172602N232;1042;13.953;42;226;225;230;224;1.599;49.99;327.0;1.786;341.5;1.393;0.0;0.000;60;0;0;1.543;1.663;1.591;331;366;344;49.99;49.99;49.99;5546;1000;0.0;0;1.0000;0;0
600;2013-09-24 17:30:00;172602N232;558;14.046;41;226;226;228;223;1.130;49.99;297.0;0.885;303.0;1.046;0.0;0.000;60;0;0;1.178;1.158;1.056;166;205;185;49.99;49.99;49.99;5546;1000;0.0;0;1.0000;0;0
600;2013-09-24 17:40:00;172602N232;312;14.098;41;225;225;228;223;1.179;49.98;406.2;0.285;333.0;0.590;0.0;0.000;60;0;0;1.226;1.310;1.002;95;101;114;49.98;49.98;49.98;5546;1000;0.0;0;1.0000;0;0
600;2013-09-24 17:50:00;172602N232;217;14.134;41;224;223;226;224;1.024;50.03;389.6;0.208;428.7;0.281;0.0;0.000;60;0;0;1.125;1.150;0.797;65;73;77;50.03;50.03;50.03;5546;1000;0.0;0;1.0000;0;0
600;2013-09-24 18:00:00;172602N232;150;14.160;40;224;224;227;222;0.918;50.02;378.3;0.153;413.0;0.189;0.0;0.000;60;0;0;0.906;1.123;0.726;35;36;77;50.02;50.02;50.02;5546;1000;0.0;0;1.0000;0;0
600;2013-09-24 18:10:00;172602N232;123;14.181;40;224;223;226;222;0.880;49.99;370.5;0.130;394.8;0.156;0.0;0.000;60;0;0;0.853;1.061;0.727;25;28;68;49.99;49.99;49.99;5546;1000;0.0;0;1.0000;0;0
600;2013-09-24 18:20:00;172602N232;88;14.194;39;222;221;225;221;0.845;50.00;364.9;0.094;375.1;0.109;0.0;0.000;60;0;0;0.727;1.147;0.662;27;6;55;50.00;50.00;50.00;5546;1000;0.0;0;1.0000;0;0
600;2013-09-24 18:30:00;172602N232;59;14.206;39;222;222;224;221;0.779;49.98;346.6;0.062;366.0;0.069;0.0;0.000;60;0;0;0.722;1.030;0.586;15;4;44;49.98;49.98;49.98;5546;1000;0.0;0;1.0000;0;0
600;2013-09-24 18:40:00;172602N232;38;14.212;38;222;222;225;220;0.617;49.97;326.5;0.033;350.5;0.039;0.0;0.000;60;0;0;0.618;0.806;0.427;11;2;31;49.97;49.97;49.97;5546;1000;0.0;0;1.0000;0;0
600;2013-09-24 18:50:00;172602N232;17;14.216;38;222;223;224;220;0.430;50.00;284.7;0.009;299.1;0.016;0.0;0.000;60;0;0;0.532;0.462;0.298;2;7;19;50.00;50.00;50.00;5546;1000;0.0;0;1.0000;0;0
600;2013-09-24 19:00:00;172602N232;1;14.215;37;223;223;224;221;0.095;50.02;257.3;0.000;257.8;0.000;0.0;0.000;50;0;0;0.129;0.091;0.066;0;1;3;50.02;50.02;50.02;5546;1000;0.0;0;1.0000;0;0
600;2013-09-24 19:10:00;172602N232;0;14.215;36;222;222;224;219;0.000;49.99;262.7;0.000;262.5;0.000;0.0;0.000;50;0;0;0.000;0.000;0.000;0;0;0;49.99;49.99;49.99;5546;1000;0.0;0;1.0000;0;0
600;2013-09-24 19:20:00;172602N232;0;14.215;34;220;222;221;217;0.000;49.97;228.9;0.000;229.8;0.000;0.0;0.000;50;0;0;0.000;0.000;0.000;0;0;0;49.97;49.97;49.97;5546;1000;0.0;0;1.0000;0;0
[wr_ende]
