20150131;230002;172602N232;My Plant;+0100
[wr_def_start]
172602N232;Inverter Type;Inverter Group;72602N232      
[wr_def_end]
[wr]
INTERVAL;TIMESTAMP;SERIAL;P_AC;E_DAY;T_WR;U_AC;U_AC_1;U_AC_2;U_AC_3;I_AC;F_AC;U_DC_1;I_DC_1;U_DC_2;I_DC_2;U_DC_3;I_DC_3;S;E_WR;M_WR;I_AC_1;I_AC_2;I_AC_3;P_AC_1;P_AC_2;P_AC_3;F_AC_1;F_AC_2;F_AC_3;R_DC;PC;PCS;PCS_LL;COS_PHI;COS_PHI_LL;S_COS_PHI
600;2015-01-31 07:30:00;172602N232;0;0.000;0;1;1;1;1;0.000;0.41;1.8;0.000;1.8;0.000;0.0;0.000;50;0;0;0.000;0.000;0.000;0;0;0;0.41;0.41;0.41;7;1000;0.0;0;1.0000;0;0
600;2015-01-31 07:40:00;172602N232;0;0.000;12;222;222;225;218;0.000;50.02;229.5;0.000;230.4;0.000;0.0;0.000;50;0;0;0.000;0.000;0.000;0;0;0;50.02;50.02;50.02;0;1000;0.0;0;1.0000;0;0
600;2015-01-31 07:50:00;172602N232;0;0.000;13;221;222;225;218;0.000;50.01;238.0;0.000;238.9;0.000;0.0;0.000;50;0;0;0.000;0.000;0.000;0;0;0;50.01;50.01;50.01;0;1000;0.0;0;1.0000;0;0
600;2015-01-31 08:00:00;172602N232;0;0.000;14;222;221;225;219;0.001;50.01;279.4;0.000;279.2;0.000;0.0;0.000;60;0;0;0.002;0.002;0.001;0;0;0;50.01;50.01;50.01;4202;1000;0.0;0;1.0000;0;0
600;2015-01-31 08:10:00;172602N232;8;0.002;14;222;221;225;220;0.261;50.01;302.6;0.002;308.4;0.004;0.0;0.000;60;0;0;0.205;0.404;0.176;6;0;11;50.01;50.01;50.01;7608;1000;0.0;0;1.0000;0;0
600;2015-01-31 08:20:00;172602N232;45;0.010;14;221;220;223;221;0.617;49.99;389.3;0.040;388.8;0.038;0.0;0.000;60;0;0;0.613;0.816;0.424;20;0;29;49.99;49.99;49.99;7670;1000;0.0;0;1.0000;0;0
600;2015-01-31 08:30:00;172602N232;71;0.024;15;221;220;224;220;0.729;49.99;406.0;0.072;416.9;0.064;0.0;0.000;60;0;0;0.558;1.106;0.523;31;0;44;49.99;49.99;49.99;7670;1000;0.0;0;1.0000;0;0
600;2015-01-31 08:40:00;172602N232;120;0.042;15;220;219;222;220;0.919;50.02;424.1;0.131;435.2;0.114;0.0;0.000;60;0;0;0.767;1.261;0.730;48;12;61;50.02;50.02;50.02;7670;1000;0.0;0;1.0000;0;0
600;2015-01-31 08:50:00;172602N232;178;0.070;16;220;217;221;220;0.955;49.99;432.5;0.201;447.6;0.167;0.0;0.000;60;0;0;0.822;1.240;0.803;73;46;57;49.99;49.99;49.99;7670;1000;0.0;0;1.0000;0;0
600;2015-01-31 09:00:00;172602N232;236;0.110;16;220;218;221;221;1.036;50.00;438.8;0.266;451.7;0.230;0.0;0.000;60;0;0;1.006;1.207;0.897;86;84;63;50.00;50.00;50.00;7670;1000;0.0;0;1.0000;0;0
600;2015-01-31 09:10:00;172602N232;249;0.151;17;220;220;221;220;1.067;50.01;442.0;0.283;451.7;0.241;0.0;0.000;60;0;0;1.122;1.137;0.943;68;99;79;50.01;50.01;50.01;7670;1000;0.0;0;1.0000;0;0
600;2015-01-31 09:20:00;172602N232;252;0.193;17;220;219;222;220;1.076;50.01;443.6;0.288;451.1;0.241;0.0;0.000;60;0;0;1.035;1.277;0.917;77;84;89;50.01;50.01;50.01;7670;1000;0.0;0;1.0000;0;0
600;2015-01-31 09:30:00;172602N232;382;0.257;18;219;216;222;219;1.126;49.99;469.3;0.430;459.7;0.359;0.0;0.000;60;0;0;1.074;1.260;1.044;125;126;130;49.99;49.99;49.99;7670;1000;0.0;0;1.0000;0;0
600;2015-01-31 09:40:00;172602N232;456;0.333;18;219;217;220;220;0.771;50.00;442.2;0.526;456.8;0.466;0.0;0.000;60;0;0;0.721;0.792;0.801;138;159;157;50.00;50.00;50.00;7670;1000;0.0;0;1.0000;0;0
600;2015-01-31 09:50:00;172602N232;473;0.412;19;219;218;220;220;0.766;50.00;440.8;0.547;453.1;0.489;0.0;0.000;60;0;0;0.710;0.798;0.791;143;165;162;50.00;50.00;50.00;7670;1000;0.0;0;1.0000;0;0
600;2015-01-31 10:00:00;172602N232;695;0.528;19;219;219;221;219;1.097;50.01;445.6;0.841;462.1;0.667;0.0;0.000;60;0;0;1.043;1.135;1.115;218;241;234;50.01;50.01;50.01;7670;1000;0.0;0;1.0000;0;0
600;2015-01-31 10:10:00;172602N232;665;0.640;20;220;221;221;218;1.046;49.99;440.8;0.786;453.1;0.681;0.0;0.000;60;0;0;1.000;1.084;1.054;210;231;222;49.99;49.99;49.99;7670;1000;0.0;0;1.0000;0;0
600;2015-01-31 10:20:00;172602N232;568;0.735;20;220;221;220;218;0.895;50.01;440.7;0.642;446.5;0.619;0.0;0.000;60;0;0;0.851;0.929;0.907;178;197;190;50.01;50.01;50.01;7670;1000;0.0;0;1.0000;0;0
600;2015-01-31 10:30:00;172602N232;588;0.833;21;220;220;221;220;0.925;50.01;440.6;0.664;443.6;0.648;0.0;0.000;60;0;0;0.875;0.958;0.944;184;204;199;50.01;50.01;50.01;7670;1000;0.0;0;1.0000;0;0
600;2015-01-31 10:40:00;172602N232;469;0.910;21;220;220;220;220;0.915;50.00;436.1;0.531;437.6;0.521;0.0;0.000;60;0;0;0.892;0.948;0.905;147;165;155;50.00;50.00;50.00;7670;1000;0.0;0;1.0000;0;0
600;2015-01-31 10:50:00;172602N232;548;1.001;22;220;220;219;220;1.005;50.03;438.7;0.622;440.4;0.602;0.0;0.000;60;0;0;0.984;1.026;1.007;174;189;183;50.03;50.03;50.03;7670;1000;0.0;0;1.0000;0;0
600;2015-01-31 11:00:00;172602N232;665;1.113;22;220;221;218;221;1.042;50.01;443.3;0.747;443.2;0.735;0.0;0.000;60;0;0;1.004;1.062;1.061;213;225;225;50.01;50.01;50.01;7670;1000;0.0;0;1.0000;0;0
600;2015-01-31 11:10:00;172602N232;601;1.214;22;219;219;219;219;0.955;50.01;448.1;0.666;446.0;0.658;0.0;0.000;60;0;0;0.907;0.989;0.970;188;208;203;50.01;50.01;50.01;7670;1000;0.0;0;1.0000;0;0
600;2015-01-31 11:20:00;172602N232;766;1.342;23;220;218;222;219;1.196;50.01;451.1;0.845;447.6;0.844;0.0;0.000;60;0;0;1.136;1.246;1.207;239;269;256;50.01;50.01;50.01;7670;1000;0.0;0;1.0000;0;0
600;2015-01-31 11:30:00;172602N232;654;1.451;23;220;219;222;220;1.034;50.02;447.9;0.722;443.9;0.726;0.0;0.000;60;0;0;0.975;1.076;1.051;202;228;222;50.02;50.02;50.02;7670;1000;0.0;0;1.0000;0;0
600;2015-01-31 11:40:00;172602N232;1314;1.670;23;221;219;222;221;2.039;49.98;447.5;1.469;448.1;1.450;0.0;0.000;60;0;0;1.972;2.087;2.060;420;449;444;49.98;49.98;49.98;7670;1000;0.0;0;1.0000;0;0
600;2015-01-31 11:50:00;172602N232;1202;1.870;23;221;221;222;221;2.169;50.01;429.4;1.363;440.9;1.346;0.0;0.000;60;0;0;2.138;2.253;2.118;390;405;405;50.01;50.01;50.01;7670;1000;0.0;0;1.0000;0;0
600;2015-01-31 12:00:00;172602N232;2196;2.236;24;222;222;223;221;3.318;50.02;407.3;2.559;448.8;2.611;0.0;0.000;60;0;0;3.263;3.380;3.313;718;749;727;50.02;50.02;50.02;7670;1000;0.0;0;1.0000;0;0
600;2015-01-31 12:10:00;172602N232;1798;2.536;24;222;222;224;221;2.725;50.01;428.7;1.983;438.4;2.196;0.0;0.000;60;0;0;2.669;2.777;2.730;584;616;597;50.01;50.01;50.01;7670;1000;0.0;0;1.0000;0;0
600;2015-01-31 12:20:00;172602N232;811;2.671;24;221;220;223;221;1.251;50.00;436.7;0.924;432.6;0.931;0.0;0.000;60;0;0;1.201;1.288;1.265;256;281;272;50.00;50.00;50.00;7670;1000;0.0;0;1.0000;0;0
600;2015-01-31 12:30:00;172602N232;1170;2.866;25;222;222;223;221;1.789;50.02;446.5;1.192;439.3;1.422;0.0;0.000;60;0;0;1.743;1.826;1.799;377;401;389;50.02;50.02;50.02;7670;1000;0.0;0;1.0000;0;0
600;2015-01-31 12:40:00;172602N232;959;3.027;25;222;222;223;221;1.465;49.99;437.3;1.089;435.9;1.100;0.0;0.000;60;0;0;1.416;1.504;1.477;307;331;319;49.99;49.99;49.99;7670;1000;0.0;0;1.0000;0;0
600;2015-01-31 12:50:00;172602N232;871;3.172;25;222;222;223;222;1.337;50.02;438.7;0.989;436.1;0.989;0.0;0.000;60;0;0;1.286;1.374;1.353;276;300;292;50.02;50.02;50.02;7670;1000;0.0;0;1.0000;0;0
600;2015-01-31 13:00:00;172602N232;778;3.302;25;222;222;224;221;1.202;50.02;440.1;0.881;435.9;0.880;0.0;0.000;60;0;0;1.154;1.238;1.215;247;269;260;50.02;50.02;50.02;7670;1000;0.0;0;1.0000;0;0
600;2015-01-31 13:10:00;172602N232;716;3.421;26;221;221;222;221;1.131;50.01;440.4;0.806;435.4;0.811;0.0;0.000;60;0;0;1.095;1.157;1.142;227;246;240;50.01;50.01;50.01;7670;1000;0.0;0;1.0000;0;0
600;2015-01-31 13:20:00;172602N232;730;3.543;26;221;223;223;219;1.139;50.02;441.7;0.818;435.8;0.829;0.0;0.000;60;0;0;1.102;1.179;1.138;234;254;240;50.02;50.02;50.02;7670;1000;0.0;0;1.0000;0;0
600;2015-01-31 13:30:00;172602N232;719;3.664;26;221;222;223;218;1.116;50.02;441.2;0.808;436.2;0.814;0.0;0.000;60;0;0;1.075;1.162;1.112;230;251;236;50.02;50.02;50.02;7670;1000;0.0;0;1.0000;0;0
600;2015-01-31 13:40:00;172602N232;586;3.761;26;221;221;223;218;1.119;49.98;440.7;0.653;434.0;0.666;0.0;0.000;60;0;0;1.141;1.105;1.113;190;200;194;49.98;49.98;49.98;7670;1000;0.0;0;1.0000;0;0
600;2015-01-31 13:50:00;172602N232;520;3.847;26;221;221;224;219;0.821;50.00;439.7;0.579;432.9;0.591;0.0;0.000;60;0;0;0.768;0.867;0.829;160;184;173;50.00;50.00;50.00;7670;1000;0.0;0;1.0000;0;0
600;2015-01-31 14:00:00;172602N232;520;3.935;26;221;221;223;219;0.831;50.02;439.5;0.580;433.3;0.591;0.0;0.000;60;0;0;0.779;0.876;0.840;160;184;174;50.02;50.02;50.02;7670;1000;0.0;0;1.0000;0;0
600;2015-01-31 14:10:00;172602N232;374;3.998;25;221;220;223;220;0.805;50.01;435.3;0.414;428.9;0.424;0.0;0.000;60;0;0;0.760;0.879;0.777;116;129;128;50.01;50.01;50.01;7670;1000;0.0;0;1.0000;0;0
600;2015-01-31 14:20:00;172602N232;323;4.052;25;221;220;223;219;1.179;50.02;432.5;0.356;426.9;0.366;0.0;0.000;60;0;0;1.220;1.348;0.971;106;104;112;50.02;50.02;50.02;7670;1000;0.0;0;1.0000;0;0
600;2015-01-31 14:30:00;172602N232;273;4.097;25;220;219;222;220;1.155;50.01;429.2;0.300;424.7;0.308;0.0;0.000;60;0;0;1.136;1.445;0.884;86;86;99;50.01;50.01;50.01;7670;1000;0.0;0;1.0000;0;0
600;2015-01-31 14:40:00;172602N232;278;4.144;25;221;220;223;219;1.124;50.01;426.6;0.308;425.6;0.314;0.0;0.000;60;0;0;1.129;1.261;0.982;78;91;107;50.01;50.01;50.01;7670;1000;0.0;0;1.0000;0;0
600;2015-01-31 14:50:00;172602N232;378;4.206;24;220;220;223;218;1.167;50.00;428.8;0.427;433.6;0.421;0.0;0.000;60;0;0;1.173;1.303;1.027;114;128;134;50.00;50.00;50.00;7670;1000;0.0;0;1.0000;0;0
600;2015-01-31 15:00:00;172602N232;307;4.259;24;221;221;223;219;1.174;49.99;430.9;0.341;428.5;0.343;0.0;0.000;60;0;0;1.153;1.373;0.996;85;97;122;49.99;49.99;49.99;7670;1000;0.0;0;1.0000;0;0
600;2015-01-31 15:10:00;172602N232;195;4.291;24;221;221;223;219;1.014;50.01;421.0;0.214;419.7;0.216;0.0;0.000;60;0;0;1.018;1.232;0.794;54;53;87;50.01;50.01;50.01;7670;1000;0.0;0;1.0000;0;0
600;2015-01-31 15:20:00;172602N232;127;4.312;24;221;220;223;220;0.961;50.00;406.8;0.137;408.1;0.140;0.0;0.000;60;0;0;0.764;1.345;0.775;39;9;77;50.00;50.00;50.00;7670;1000;0.0;0;1.0000;0;0
600;2015-01-31 15:30:00;172602N232;64;4.323;24;220;220;221;221;0.720;49.99;381.3;0.064;387.9;0.068;0.0;0.000;60;0;0;0.663;0.779;0.718;18;22;22;49.99;49.99;49.99;7670;1000;0.0;0;1.0000;0;0
600;2015-01-31 15:40:00;172602N232;33;4.329;23;220;219;220;221;0.480;50.03;343.3;0.026;359.9;0.031;0.0;0.000;60;0;0;0.416;0.531;0.494;13;17;8;50.03;50.03;50.03;7670;1000;0.0;0;1.0000;0;0
600;2015-01-31 15:50:00;172602N232;24;4.334;23;220;219;220;220;0.393;50.03;322.2;0.015;353.2;0.019;0.0;0.000;60;0;0;0.397;0.428;0.355;5;16;8;50.03;50.03;50.03;7670;1000;0.0;0;1.0000;0;0
600;2015-01-31 16:00:00;172602N232;16;4.335;23;220;219;220;220;0.308;50.01;298.6;0.007;301.6;0.013;0.0;0.000;60;0;0;0.291;0.365;0.269;5;10;5;50.01;50.01;50.01;7670;1000;0.0;0;1.0000;0;0
600;2015-01-31 16:10:00;172602N232;3;4.337;22;220;220;221;218;0.185;50.02;254.4;0.000;256.4;0.000;0.0;0.000;60;0;0;0.258;0.175;0.123;1;2;7;50.02;50.02;50.02;7670;1000;0.0;0;1.0000;0;0
600;2015-01-31 16:20:00;172602N232;1;4.336;22;219;219;220;218;0.070;49.99;252.2;0.000;252.1;0.000;0.0;0.000;60;0;0;0.078;0.080;0.053;0;1;2;49.99;49.99;49.99;7670;1000;0.0;0;1.0000;0;0
600;2015-01-31 16:30:00;172602N232;0;4.336;21;218;219;220;215;0.003;49.98;241.7;0.000;242.2;0.000;0.0;0.000;50;0;0;0.005;0.006;0.000;0;0;0;49.98;49.98;49.98;7670;1000;0.0;0;1.0000;0;0
600;2015-01-31 16:40:00;172602N232;0;4.336;20;218;219;221;213;0.000;50.03;229.4;0.000;230.3;0.000;0.0;0.000;50;0;0;0.000;0.000;0.000;0;0;0;50.02;50.03;50.03;7670;1000;0.0;0;1.0000;0;0
600;2015-01-31 16:50:00;172602N232;0;4.336;20;216;218;219;213;0.000;50.01;227.8;0.000;228.7;0.000;0.0;0.000;50;0;0;0.000;0.000;0.000;0;0;0;50.01;50.01;50.01;7670;1000;0.0;0;1.0000;0;0
[wr_ende]
