20130802;230003;172602N232;My Plant;+0100
[wr_def_start]
172602N232;Inverter Type;Inverter Group;72602N232      
[wr_def_end]
[wr]
INTERVAL;TIMESTAMP;SERIAL;P_AC;E_DAY;T_WR;U_AC;U_AC_1;U_AC_2;U_AC_3;I_AC;F_AC;U_DC_1;I_DC_1;U_DC_2;I_DC_2;U_DC_3;I_DC_3;S;E_WR;M_WR;I_AC_1;I_AC_2;I_AC_3;P_AC_1;P_AC_2;P_AC_3;F_AC_1;F_AC_2;F_AC_3;R_DC;PC;PCS;PCS_LL;COS_PHI;COS_PHI_LL;S_COS_PHI
600;2013-08-02 05:00:00;172602N232;0;0.000;1;8;8;8;8;0.000;1.94;8.6;0.000;8.7;0.000;0.0;0.000;50;0;0;0.000;0.000;0.000;0;0;0;1.94;1.94;1.94;73;1000;0.0;0;1.0000;0;0
600;2013-08-02 05:10:00;172602N232;0;0.000;28;224;224;226;221;0.000;50.01;229.6;0.000;230.6;0.000;0.0;0.000;50;0;0;0.000;0.000;0.000;0;0;0;50.01;50.01;50.01;0;1000;0.0;0;1.0000;0;0
600;2013-08-02 05:20:00;172602N232;0;0.000;29;223;224;226;220;0.000;50.01;251.0;0.000;251.4;0.000;0.0;0.000;50;0;0;0.000;0.000;0.000;0;0;0;50.01;50.01;50.01;0;1000;0.0;0;1.0000;0;0
600;2013-08-02 05:30:00;172602N232;0;0.000;29;223;223;225;221;0.071;50.01;270.3;0.000;269.5;0.000;0.0;0.000;60;0;0;0.077;0.075;0.061;0;1;3;50.01;50.01;50.01;3026;1000;0.0;0;1.0000;0;0
600;2013-08-02 05:40:00;172602N232;10;0.003;30;225;225;226;224;0.285;50.00;262.8;0.004;269.9;0.006;0.0;0.000;60;0;0;0.402;0.265;0.188;3;6;11;50.00;50.00;50.00;3535;1000;0.0;0;1.0000;0;0
600;2013-08-02 05:50:00;172602N232;31;0.009;30;226;227;227;225;0.462;50.02;322.9;0.030;326.9;0.030;0.0;0.000;60;0;0;0.544;0.505;0.337;0;16;23;50.02;50.02;50.02;3535;1000;0.0;0;1.0000;0;0
600;2013-08-02 06:00:00;172602N232;50;0.020;31;226;226;227;224;0.895;50.01;353.2;0.058;353.0;0.055;0.0;0.000;60;0;0;1.048;0.948;0.691;0;16;46;50.01;50.01;50.01;3535;1000;0.0;0;1.0000;0;0
600;2013-08-02 06:10:00;172602N232;81;0.035;31;225;226;227;224;0.933;49.99;367.1;0.099;369.4;0.093;0.0;0.000;60;0;0;1.090;0.974;0.736;0;27;57;49.99;49.99;49.99;3535;1000;0.0;0;1.0000;0;0
600;2013-08-02 06:20:00;172602N232;106;0.051;31;226;226;227;225;0.933;50.00;373.3;0.131;375.7;0.123;0.0;0.000;60;0;0;1.035;1.016;0.750;8;31;64;50.00;50.00;50.00;3535;1000;0.0;0;1.0000;0;0
600;2013-08-02 06:30:00;172602N232;136;0.070;32;225;225;226;222;0.909;50.00;383.2;0.168;382.0;0.157;0.0;0.000;60;0;0;0.995;0.990;0.744;17;41;77;50.00;50.00;50.00;3535;1000;0.0;0;1.0000;0;0
600;2013-08-02 06:40:00;172602N232;188;0.101;33;223;224;225;221;0.971;49.99;389.9;0.234;388.3;0.219;0.0;0.000;60;0;0;1.079;1.095;0.740;41;64;80;49.99;49.99;49.99;3535;1000;0.0;0;1.0000;0;0
600;2013-08-02 06:50:00;172602N232;232;0.140;33;223;224;224;221;1.085;50.02;394.3;0.290;394.2;0.269;0.0;0.000;60;0;0;1.288;1.173;0.794;43;100;87;50.02;50.02;50.02;3535;1000;0.0;0;1.0000;0;0
600;2013-08-02 07:00:00;172602N232;285;0.187;34;225;226;226;224;1.156;50.02;400.3;0.357;400.6;0.327;0.0;0.000;60;0;0;1.279;1.253;0.936;72;112;99;50.02;50.02;50.02;3535;1000;0.0;0;1.0000;0;0
600;2013-08-02 07:10:00;172602N232;330;0.242;34;226;227;227;225;1.175;49.98;402.7;0.416;405.3;0.377;0.0;0.000;60;0;0;1.312;1.163;1.052;94;123;112;49.98;49.98;49.98;3535;1000;0.0;0;1.0000;0;0
600;2013-08-02 07:20:00;172602N232;374;0.306;34;227;226;228;225;1.208;49.99;405.7;0.476;403.1;0.424;0.0;0.000;60;0;0;1.218;1.286;1.121;105;127;140;49.99;49.99;49.99;3535;1000;0.0;0;1.0000;0;0
600;2013-08-02 07:30:00;172602N232;468;0.384;35;227;227;229;225;0.814;49.98;409.0;0.609;415.9;0.506;0.0;0.000;60;0;0;0.762;0.863;0.817;142;167;157;49.98;49.98;49.98;3535;1000;0.0;0;1.0000;0;0
600;2013-08-02 07:40:00;172602N232;527;0.471;35;226;227;228;224;0.960;49.99;410.9;0.694;420.8;0.556;0.0;0.000;60;0;0;0.927;1.015;0.940;166;188;171;49.99;49.99;49.99;3535;1000;0.0;0;1.0000;0;0
600;2013-08-02 07:50:00;172602N232;619;0.575;36;226;226;228;224;0.955;50.00;416.1;0.821;425.1;0.637;0.0;0.000;60;0;0;0.897;1.004;0.966;192;218;207;50.00;50.00;50.00;3535;1000;0.0;0;1.0000;0;0
600;2013-08-02 08:00:00;172602N232;695;0.690;36;226;226;228;225;1.081;50.00;413.7;0.923;424.5;0.726;0.0;0.000;60;0;0;1.041;1.114;1.089;219;241;233;50.00;50.00;50.00;3535;1000;0.0;0;1.0000;0;0
600;2013-08-02 08:10:00;172602N232;766;0.819;37;226;226;228;224;1.175;49.99;410.7;1.005;421.7;0.828;0.0;0.000;60;0;0;1.126;1.217;1.182;243;267;255;49.99;49.99;49.99;3535;1000;0.0;0;1.0000;0;0
600;2013-08-02 08:20:00;172602N232;790;0.950;37;225;226;228;222;1.237;50.00;411.2;1.056;423.3;0.828;0.0;0.000;60;0;0;1.218;1.271;1.223;253;275;260;50.00;50.00;50.00;3535;1000;0.0;0;1.0000;0;0
600;2013-08-02 08:30:00;172602N232;876;1.097;37;225;225;228;222;1.329;50.00;416.4;1.188;424.3;0.888;0.0;0.000;60;0;0;1.273;1.381;1.333;278;307;289;50.00;50.00;50.00;3535;1000;0.0;0;1.0000;0;0
600;2013-08-02 08:40:00;172602N232;954;1.256;38;226;226;228;223;1.442;49.99;409.7;1.306;423.4;0.986;0.0;0.000;60;0;0;1.390;1.490;1.447;305;332;315;49.99;49.99;49.99;3535;1000;0.0;0;1.0000;0;0
600;2013-08-02 08:50:00;172602N232;1075;1.435;38;226;227;228;225;1.631;50.00;409.4;1.509;423.2;1.080;0.0;0.000;60;0;0;1.588;1.665;1.640;346;369;358;50.00;50.00;50.00;3535;1000;0.0;0;1.0000;0;0
600;2013-08-02 09:00:00;172602N232;1114;1.620;38;226;226;227;224;1.739;50.00;410.1;1.698;412.7;1.013;0.0;0.000;60;0;0;1.707;1.769;1.743;356;383;372;50.00;50.00;50.00;3535;1000;0.0;0;1.0000;0;0
600;2013-08-02 09:10:00;172602N232;1135;1.811;39;224;224;226;222;1.788;49.99;401.6;1.859;411.5;0.959;0.0;0.000;60;0;0;1.756;1.809;1.800;363;390;381;49.99;49.99;49.99;3535;1000;0.0;0;1.0000;0;0
600;2013-08-02 09:20:00;172602N232;1001;1.978;39;224;223;225;222;1.564;49.99;402.9;1.564;414.2;0.909;0.0;0.000;60;0;0;1.521;1.601;1.570;319;347;334;49.99;49.99;49.99;3535;1000;0.0;0;1.0000;0;0
600;2013-08-02 09:30:00;172602N232;1103;2.162;39;225;225;225;225;1.738;49.99;338.3;2.312;431.0;0.826;0.0;0.000;60;0;0;1.714;1.749;1.753;355;375;372;49.99;49.99;49.99;3535;1000;0.0;0;1.0000;0;0
600;2013-08-02 09:40:00;172602N232;1069;2.341;39;224;225;224;224;1.666;50.00;268.6;2.946;429.4;0.682;0.0;0.000;60;0;0;1.642;1.680;1.677;346;362;359;50.00;50.00;50.00;3535;1000;0.0;0;1.0000;0;0
600;2013-08-02 09:50:00;172602N232;1066;2.518;40;225;225;225;224;1.700;50.01;261.6;2.995;424.1;0.694;0.0;0.000;60;0;0;1.687;1.703;1.710;343;362;359;50.01;50.01;50.01;3535;1000;0.0;0;1.0000;0;0
600;2013-08-02 10:00:00;172602N232;1496;2.767;40;224;225;225;223;2.256;50.00;337.5;3.595;424.7;0.695;0.0;0.000;60;0;0;2.218;2.283;2.268;489;507;499;50.00;50.00;50.00;3535;1000;0.0;0;1.0000;0;0
600;2013-08-02 10:10:00;172602N232;1710;3.053;40;225;226;227;224;2.543;49.99;377.8;3.822;428.4;0.648;0.0;0.000;60;0;0;2.496;2.587;2.548;560;582;566;49.99;49.99;49.99;3535;1000;0.0;0;1.0000;0;0
600;2013-08-02 10:20:00;172602N232;1821;3.359;41;226;226;228;224;2.704;50.00;383.3;4.082;431.9;0.620;0.0;0.000;60;0;0;2.651;2.756;2.706;595;623;601;50.00;50.00;50.00;3535;1000;0.0;0;1.0000;0;0
600;2013-08-02 10:30:00;172602N232;1901;3.674;41;227;227;230;226;2.803;50.00;381.4;4.270;430.2;0.660;0.0;0.000;60;0;0;2.731;2.863;2.815;615;652;631;50.00;50.00;50.00;3535;1000;0.0;0;1.0000;0;0
600;2013-08-02 10:40:00;172602N232;1959;4.002;41;229;229;232;225;2.878;49.99;378.5;4.468;428.3;0.660;0.0;0.000;60;0;0;2.817;2.960;2.858;638;680;639;49.99;49.99;49.99;3535;1000;0.0;0;1.0000;0;0
600;2013-08-02 10:50:00;172602N232;2012;4.337;42;228;228;232;225;2.963;50.00;374.8;4.640;427.2;0.673;0.0;0.000;60;0;0;2.894;3.052;2.943;652;701;656;50.00;50.00;50.00;3535;1000;0.0;0;1.0000;0;0
600;2013-08-02 11:00:00;172602N232;2063;4.681;42;227;227;231;224;3.045;50.01;372.7;4.810;437.3;0.653;0.0;0.000;60;0;0;2.978;3.126;3.031;671;715;675;50.01;50.01;50.01;3535;1000;0.0;0;1.0000;0;0
600;2013-08-02 11:10:00;172602N232;2445;5.089;43;227;226;231;225;3.602;50.00;369.4;4.970;273.0;2.493;0.0;0.000;60;0;0;3.523;3.699;3.585;793;850;801;50.00;50.00;50.00;3535;1000;0.0;0;1.0000;0;0
600;2013-08-02 11:20:00;172602N232;2757;5.548;43;226;226;228;223;4.089;50.00;368.1;5.078;251.9;3.740;0.0;0.000;60;0;0;4.026;4.178;4.065;904;950;902;50.00;50.00;50.00;3535;1000;0.0;0;1.0000;0;0
600;2013-08-02 11:30:00;172602N232;3173;6.078;43;227;227;230;223;4.686;49.99;367.1;5.252;262.2;5.004;0.0;0.000;60;0;0;4.625;4.804;4.631;1044;1100;1028;49.99;49.99;49.99;3535;1000;0.0;0;1.0000;0;0
600;2013-08-02 11:40:00;172602N232;3305;6.629;44;227;226;231;224;4.860;50.00;364.0;5.422;281.3;4.980;0.0;0.000;60;0;0;4.770;4.991;4.821;1077;1150;1076;50.00;50.00;50.00;3535;1000;0.0;0;1.0000;0;0
600;2013-08-02 11:50:00;172602N232;3283;7.177;44;227;226;231;224;4.831;50.00;363.0;5.376;267.7;5.239;0.0;0.000;60;0;0;4.750;4.951;4.793;1072;1138;1071;50.00;50.00;50.00;3535;1000;0.0;0;1.0000;0;0
600;2013-08-02 12:00:00;172602N232;3615;7.779;44;227;226;230;225;5.323;50.00;362.4;5.624;302.6;5.454;0.0;0.000;60;0;0;5.237;5.427;5.305;1180;1242;1191;50.00;50.00;50.00;3535;1000;0.0;0;1.0000;0;0
600;2013-08-02 12:10:00;172602N232;3867;8.425;45;227;225;230;225;5.697;50.01;359.7;5.724;336.1;5.603;0.0;0.000;60;0;0;5.599;5.818;5.676;1260;1335;1271;50.01;50.01;50.01;3535;1000;0.0;0;1.0000;0;0
600;2013-08-02 12:20:00;172602N232;4078;9.104;45;227;226;231;225;5.992;50.02;358.3;5.842;359.4;5.727;0.0;0.000;60;0;0;5.894;6.121;5.961;1331;1411;1335;50.02;50.02;50.02;3535;1000;0.0;0;1.0000;0;0
600;2013-08-02 12:30:00;172602N232;4145;9.794;45;227;227;230;225;6.083;50.02;357.1;5.944;357.9;5.865;0.0;0.000;60;0;0;5.994;6.187;6.068;1358;1423;1362;50.02;50.02;50.02;3535;1000;0.0;0;1.0000;0;0
600;2013-08-02 12:40:00;172602N232;4180;10.492;46;227;227;230;225;6.138;50.03;355.1;6.030;355.7;5.956;0.0;0.000;60;0;0;6.063;6.245;6.106;1375;1434;1369;50.03;50.03;50.03;3535;1000;0.0;0;1.0000;0;0
600;2013-08-02 12:50:00;172602N232;4210;11.194;46;227;227;230;225;6.185;50.02;354.9;6.078;355.1;6.010;0.0;0.000;60;0;0;6.130;6.289;6.137;1390;1443;1374;50.02;50.02;50.02;3535;1000;0.0;0;1.0000;0;0
600;2013-08-02 13:00:00;172602N232;4263;11.904;46;228;228;231;226;6.225;49.98;354.9;6.156;355.0;6.084;0.0;0.000;60;0;0;6.176;6.327;6.172;1407;1460;1394;49.98;49.98;49.98;3535;1000;0.0;0;1.0000;0;0
600;2013-08-02 13:10:00;172602N232;4268;12.615;46;230;230;232;227;6.203;49.99;351.8;6.203;352.5;6.139;0.0;0.000;60;0;0;6.166;6.304;6.141;1414;1460;1391;49.99;49.99;49.99;3535;1000;0.0;0;1.0000;0;0
600;2013-08-02 13:20:00;172602N232;4275;13.329;47;229;229;232;227;6.226;50.00;352.0;6.221;352.0;6.161;0.0;0.000;60;0;0;6.164;6.349;6.165;1409;1472;1393;50.00;50.00;50.00;3535;1000;0.0;0;1.0000;0;0
600;2013-08-02 13:30:00;172602N232;4297;14.044;47;229;229;233;225;6.259;50.00;351.7;6.259;351.5;6.202;0.0;0.000;60;0;0;6.202;6.402;6.173;1421;1487;1387;50.00;50.00;50.00;3535;1000;0.0;0;1.0000;0;0
600;2013-08-02 13:40:00;172602N232;4273;14.757;47;229;229;233;225;6.231;50.00;349.7;6.262;349.4;6.209;0.0;0.000;60;0;0;6.159;6.404;6.131;1406;1491;1374;50.00;50.00;50.00;3535;1000;0.0;0;1.0000;0;0
600;2013-08-02 13:50:00;172602N232;4255;15.467;47;229;228;234;226;6.197;50.00;348.0;6.248;348.4;6.201;0.0;0.000;60;0;0;6.091;6.374;6.128;1385;1488;1380;50.00;50.00;50.00;3535;1000;0.0;0;1.0000;0;0
600;2013-08-02 14:00:00;172602N232;4250;16.175;47;229;229;234;224;6.194;49.97;349.3;6.233;348.9;6.184;0.0;0.000;60;0;0;6.118;6.388;6.076;1397;1492;1359;49.97;49.97;49.97;3535;1000;0.0;0;1.0000;0;0
600;2013-08-02 14:10:00;172602N232;4234;16.880;47;229;228;234;224;6.180;49.99;349.1;6.209;348.7;6.170;0.0;0.000;60;0;0;6.077;6.376;6.089;1381;1489;1363;49.99;49.99;49.99;3535;1000;0.0;0;1.0000;0;0
600;2013-08-02 14:20:00;172602N232;4239;17.588;47;229;227;235;225;6.178;49.99;349.3;6.211;349.0;6.171;0.0;0.000;60;0;0;6.047;6.384;6.105;1371;1495;1371;49.99;49.99;49.99;3535;1000;0.0;0;1.0000;0;0
600;2013-08-02 14:30:00;172602N232;4246;18.296;48;229;228;234;226;6.177;49.98;349.8;6.217;348.9;6.179;0.0;0.000;60;0;0;6.072;6.362;6.099;1382;1487;1375;49.98;49.98;49.98;3535;1000;0.0;0;1.0000;0;0
600;2013-08-02 14:40:00;172602N232;4188;18.993;48;229;228;234;226;6.097;49.99;349.7;6.133;348.8;6.099;0.0;0.000;60;0;0;5.984;6.301;6.008;1361;1474;1351;49.99;49.99;49.99;3535;1000;0.0;0;1.0000;0;0
600;2013-08-02 14:50:00;172602N232;4118;19.679;48;229;228;233;225;6.013;50.00;349.1;6.036;348.3;6.007;0.0;0.000;60;0;0;5.928;6.179;5.934;1348;1440;1330;50.00;50.00;50.00;3535;1000;0.0;0;1.0000;0;0
600;2013-08-02 15:00:00;172602N232;4090;20.363;48;228;228;232;224;5.982;50.00;350.0;5.983;349.0;5.947;0.0;0.000;60;0;0;5.919;6.137;5.891;1347;1422;1319;50.00;50.00;50.00;3535;1000;0.0;0;1.0000;0;0
600;2013-08-02 15:10:00;172602N232;4031;21.034;48;228;228;232;225;5.899;49.99;348.8;5.912;348.2;5.881;0.0;0.000;60;0;0;5.829;6.048;5.820;1325;1400;1304;49.99;49.99;49.99;3535;1000;0.0;0;1.0000;0;0
600;2013-08-02 15:20:00;172602N232;3988;21.698;48;228;228;233;225;5.828;49.99;349.5;5.837;348.7;5.807;0.0;0.000;60;0;0;5.756;5.978;5.751;1309;1388;1289;49.99;49.99;49.99;3535;1000;0.0;0;1.0000;0;0
600;2013-08-02 15:30:00;172602N232;3948;22.357;48;229;229;232;225;5.767;50.00;350.5;5.765;349.3;5.736;0.0;0.000;60;0;0;5.711;5.899;5.692;1304;1364;1278;50.00;50.00;50.00;3535;1000;0.0;0;1.0000;0;0
600;2013-08-02 15:40:00;172602N232;3857;23.000;48;229;229;233;226;5.623;50.00;349.6;5.640;349.0;5.616;0.0;0.000;60;0;0;5.557;5.753;5.559;1270;1337;1249;50.00;50.00;50.00;3535;1000;0.0;0;1.0000;0;0
600;2013-08-02 15:50:00;172602N232;3764;23.628;48;228;228;233;225;5.510;50.00;350.9;5.483;350.4;5.456;0.0;0.000;60;0;0;5.431;5.657;5.443;1233;1312;1217;50.00;50.00;50.00;3535;1000;0.0;0;1.0000;0;0
600;2013-08-02 16:00:00;172602N232;3680;24.241;48;227;226;232;223;5.411;50.00;351.5;5.350;350.7;5.326;0.0;0.000;60;0;0;5.317;5.568;5.349;1200;1288;1190;50.00;50.00;50.00;3535;1000;0.0;0;1.0000;0;0
600;2013-08-02 16:10:00;172602N232;3589;24.840;48;225;225;227;223;5.336;50.00;352.8;5.196;352.1;5.174;0.0;0.000;60;0;0;5.297;5.407;5.305;1188;1221;1178;50.00;50.00;50.00;3535;1000;0.0;0;1.0000;0;0
600;2013-08-02 16:20:00;172602N232;3500;25.422;48;225;225;228;222;5.197;50.00;355.0;5.031;354.6;5.009;0.0;0.000;60;0;0;5.148;5.290;5.153;1156;1201;1141;50.00;50.00;50.00;3535;1000;0.0;0;1.0000;0;0
600;2013-08-02 16:30:00;172602N232;3389;25.988;48;226;226;230;222;5.009;49.99;358.9;4.816;356.1;4.828;0.0;0.000;60;0;0;4.948;5.137;4.943;1115;1177;1095;49.99;49.99;49.99;3535;1000;0.0;0;1.0000;0;0
600;2013-08-02 16:40:00;172602N232;3255;26.530;48;227;228;230;225;4.780;49.99;367.0;4.455;357.2;4.695;0.0;0.000;60;0;0;4.743;4.859;4.739;1077;1113;1063;49.99;49.99;49.99;3535;1000;0.0;0;1.0000;0;0
600;2013-08-02 16:50:00;172602N232;3162;27.057;48;229;229;230;227;4.633;50.00;349.2;4.560;357.6;4.543;0.0;0.000;60;0;0;4.588;4.704;4.609;1044;1078;1038;50.00;50.00;50.00;3535;1000;0.0;0;1.0000;0;0
600;2013-08-02 17:00:00;172602N232;3057;27.566;48;228;229;231;224;4.485;50.01;350.6;4.390;358.9;4.372;0.0;0.000;60;0;0;4.450;4.584;4.422;1015;1055;985;50.01;50.01;50.01;3535;1000;0.0;0;1.0000;0;0
600;2013-08-02 17:10:00;172602N232;2941;28.057;48;228;229;230;225;4.323;50.00;351.8;4.205;360.6;4.189;0.0;0.000;60;0;0;4.283;4.398;4.290;974;1009;958;50.00;50.00;50.00;3535;1000;0.0;0;1.0000;0;0
600;2013-08-02 17:20:00;172602N232;2831;28.530;48;227;227;229;224;4.180;49.98;352.8;4.034;361.1;4.025;0.0;0.000;60;0;0;4.136;4.252;4.154;934;969;926;49.98;49.98;49.98;3535;1000;0.0;0;1.0000;0;0
600;2013-08-02 17:30:00;172602N232;2712;28.982;48;226;227;228;225;4.012;49.99;355.7;3.830;364.3;3.819;0.0;0.000;60;0;0;3.961;4.078;3.997;893;925;892;49.99;49.99;49.99;3535;1000;0.0;0;1.0000;0;0
600;2013-08-02 17:40:00;172602N232;2581;29.413;48;226;225;229;223;3.833;49.98;358.4;3.615;366.5;3.611;0.0;0.000;60;0;0;3.751;3.934;3.814;838;896;845;49.98;49.98;49.98;3535;1000;0.0;0;1.0000;0;0
600;2013-08-02 17:50:00;172602N232;2435;29.819;48;225;225;229;222;3.619;50.00;358.5;3.408;367.2;3.400;0.0;0.000;60;0;0;3.551;3.707;3.600;795;843;796;50.00;50.00;50.00;3535;1000;0.0;0;1.0000;0;0
600;2013-08-02 18:00:00;172602N232;2261;30.196;48;225;224;229;223;3.365;50.01;364.6;3.089;377.3;3.088;0.0;0.000;60;0;0;3.279;3.451;3.367;730;784;745;50.01;50.01;50.01;3535;1000;0.0;0;1.0000;0;0
600;2013-08-02 18:10:00;172602N232;2111;30.548;48;227;227;230;223;3.121;50.00;352.3;3.001;361.5;2.998;0.0;0.000;60;0;0;3.060;3.202;3.101;690;731;688;50.00;50.00;50.00;3535;1000;0.0;0;1.0000;0;0
600;2013-08-02 18:20:00;172602N232;1976;30.878;47;226;226;231;223;2.926;49.99;355.3;2.784;364.1;2.786;0.0;0.000;60;0;0;2.857;3.025;2.896;640;693;641;49.99;49.99;49.99;3535;1000;0.0;0;1.0000;0;0
600;2013-08-02 18:30:00;172602N232;1840;31.183;47;227;226;231;224;2.719;50.00;357.5;2.575;366.1;2.577;0.0;0.000;60;0;0;2.643;2.807;2.709;593;643;602;50.00;50.00;50.00;3535;1000;0.0;0;1.0000;0;0
600;2013-08-02 18:40:00;172602N232;1674;31.463;47;227;226;230;225;2.475;49.99;364.2;2.282;366.6;2.356;0.0;0.000;60;0;0;2.394;2.541;2.492;536;579;557;49.99;49.99;49.99;3535;1000;0.0;0;1.0000;0;0
600;2013-08-02 18:50:00;172602N232;1519;31.718;47;227;226;229;226;2.244;50.00;350.1;2.133;368.8;2.143;0.0;0.000;60;0;0;2.169;2.301;2.263;487;523;506;50.00;50.00;50.00;3535;1000;0.0;0;1.0000;0;0
600;2013-08-02 19:00:00;172602N232;1378;31.947;47;227;227;230;226;2.034;49.99;352.2;1.925;370.4;1.934;0.0;0.000;60;0;0;1.965;2.084;2.055;442;474;460;49.99;49.99;49.99;3535;1000;0.0;0;1.0000;0;0
600;2013-08-02 19:10:00;172602N232;1219;32.150;47;227;228;228;226;1.864;50.00;354.3;1.681;371.2;1.717;0.0;0.000;60;0;0;1.833;1.876;1.883;394;415;408;50.00;50.00;50.00;3535;1000;0.0;0;1.0000;0;0
600;2013-08-02 19:20:00;172602N232;1051;32.325;47;227;227;228;225;1.605;49.99;343.4;1.477;371.8;1.489;0.0;0.000;60;0;0;1.564;1.638;1.613;339;361;349;49.99;49.99;49.99;3535;1000;0.0;0;1.0000;0;0
600;2013-08-02 19:30:00;172602N232;889;32.474;46;227;228;227;226;1.374;49.98;341.1;1.245;371.9;1.270;0.0;0.000;60;0;0;1.335;1.404;1.383;284;305;298;49.98;49.98;49.98;3535;1000;0.0;0;1.0000;0;0
600;2013-08-02 19:40:00;172602N232;729;32.595;46;227;227;228;226;1.161;49.98;337.6;1.010;371.9;1.057;0.0;0.000;60;0;0;1.145;1.175;1.164;231;251;246;49.98;49.98;49.98;3535;1000;0.0;0;1.0000;0;0
600;2013-08-02 19:50:00;172602N232;579;32.693;46;226;226;228;225;0.942;49.98;325.0;0.829;367.1;0.852;0.0;0.000;60;0;0;0.926;0.982;0.919;179;206;193;49.98;49.98;49.98;3535;1000;0.0;0;1.0000;0;0
600;2013-08-02 20:00:00;172602N232;443;32.766;46;225;224;226;223;0.702;49.99;311.0;0.647;363.0;0.673;0.0;0.000;60;0;0;0.640;0.746;0.721;132;158;150;49.99;49.99;49.99;3535;1000;0.0;0;1.0000;0;0
600;2013-08-02 20:10:00;172602N232;314;32.819;46;225;226;228;223;1.152;50.01;287.2;0.460;361.9;0.502;0.0;0.000;60;0;0;1.276;1.242;0.939;88;111;114;50.01;50.01;50.01;3535;1000;0.0;0;1.0000;0;0
600;2013-08-02 20:20:00;172602N232;185;32.850;45;223;223;225;221;1.095;50.00;317.9;0.184;355.4;0.351;0.0;0.000;60;0;0;1.391;1.109;0.786;35;63;85;50.00;50.00;50.00;3535;1000;0.0;0;1.0000;0;0
600;2013-08-02 20:30:00;172602N232;109;32.869;45;223;224;224;222;0.946;49.99;375.0;0.104;298.3;0.209;0.0;0.000;60;0;0;1.337;0.780;0.721;3;55;56;49.99;49.99;49.99;3535;1000;0.0;0;1.0000;0;0
600;2013-08-02 20:40:00;172602N232;75;32.882;45;223;224;225;222;0.897;49.99;354.8;0.076;378.4;0.095;0.0;0.000;60;0;0;0.951;1.033;0.709;7;16;54;49.99;49.99;49.99;3535;1000;0.0;0;1.0000;0;0
600;2013-08-02 20:50:00;172602N232;45;32.889;45;223;224;223;221;0.710;49.99;330.9;0.042;347.5;0.056;0.0;0.000;60;0;0;1.041;0.561;0.530;0;34;37;49.99;49.99;49.99;3535;1000;0.0;0;1.0000;0;0
600;2013-08-02 21:00:00;172602N232;14;32.892;45;222;223;224;219;0.352;49.99;267.0;0.008;285.9;0.015;0.0;0.000;60;0;0;0.463;0.344;0.250;0;8;16;49.99;49.99;49.99;3535;1000;0.0;0;1.0000;0;0
600;2013-08-02 21:10:00;172602N232;0;32.891;44;222;224;223;219;0.041;49.99;260.8;0.000;260.5;0.000;0.0;0.000;50;0;0;0.066;0.032;0.026;0;0;1;49.99;49.99;49.99;3535;1000;0.0;0;1.0000;0;0
600;2013-08-02 21:20:00;172602N232;0;32.891;43;221;222;222;220;0.000;50.00;256.3;0.000;256.3;0.000;0.0;0.000;50;0;0;0.000;0.000;0.000;0;0;0;50.00;50.00;50.00;3535;1000;0.0;0;1.0000;0;0
600;2013-08-02 21:30:00;172602N232;0;32.891;42;223;223;224;221;0.000;50.00;229.3;0.000;230.3;0.000;0.0;0.000;50;0;0;0.000;0.000;0.000;0;0;0;50.00;50.00;50.00;3535;1000;0.0;0;1.0000;0;0
600;2013-08-02 21:40:00;172602N232;0;32.891;41;222;223;224;219;0.000;50.01;229.0;0.000;230.0;0.000;0.0;0.000;50;0;0;0.000;0.000;0.000;0;0;0;50.01;50.01;50.01;3535;1000;0.0;0;1.0000;0;0
[wr_ende]
