20160818;230000;172602N232;My Plant;+0100
[wr_def_start]
172602N232;Inverter Type;Inverter Group;72602N232      
[wr_def_end]
[wr]
INTERVAL;TIMESTAMP;SERIAL;P_AC;E_DAY;T_WR;U_AC;U_AC_1;U_AC_2;U_AC_3;I_AC;F_AC;U_DC_1;I_DC_1;U_DC_2;I_DC_2;U_DC_3;I_DC_3;S;E_WR;M_WR;I_AC_1;I_AC_2;I_AC_3;P_AC_1;P_AC_2;P_AC_3;F_AC_1;F_AC_2;F_AC_3;R_DC;PC;PCS;PCS_LL;COS_PHI;COS_PHI_LL;S_COS_PHI
600;2016-08-18 04:50:00;172602N232;0;33.606;0;2;2;2;2;0.000;0.48;2.0;0.000;2.0;0.000;0.0;0.000;0;0;0;0.000;0.000;0.000;0;0;0;0.48;0.48;0.48;39;1000;0.0;0;1.0000;0;0
600;2016-08-18 05:00:00;172602N232;0;33.606;28;222;224;226;216;0.000;49.82;226.7;0.000;227.7;0.000;0.0;0.000;50;0;0;0.000;0.000;0.000;0;0;0;49.82;49.82;49.82;0;1000;0.0;0;1.0000;0;0
600;2016-08-18 05:10:00;172602N232;0;33.606;30;222;224;226;217;0.000;50.01;230.4;0.000;231.3;0.000;0.0;0.000;50;0;0;0.000;0.000;0.000;0;0;0;50.01;50.01;50.01;0;1000;0.0;0;1.0000;0;0
600;2016-08-18 05:20:00;172602N232;0;33.606;31;222;223;226;216;0.000;50.01;290.3;0.000;288.9;0.000;0.0;0.000;50;0;0;0.000;0.000;0.000;0;0;0;50.01;50.01;50.01;0;1000;0.0;0;1.0000;0;0
600;2016-08-18 05:30:00;172602N232;1;33.606;32;220;223;225;214;0.062;49.99;284.0;0.000;283.5;0.000;0.0;0.000;60;0;0;0.109;0.039;0.038;0;2;2;49.99;49.99;49.99;2836;1000;0.0;0;1.0000;0;0
600;2016-08-18 05:40:00;172602N232;18;33.611;32;220;224;225;211;0.333;50.01;293.0;0.011;289.9;0.011;0.0;0.000;60;0;0;0.551;0.251;0.198;2;11;15;50.01;50.01;50.01;3601;1000;0.0;0;1.0000;0;0
600;2016-08-18 05:50:00;172602N232;45;33.622;32;221;225;225;213;0.566;50.00;347.4;0.044;360.7;0.041;0.0;0.000;60;0;0;0.754;0.523;0.423;0;30;36;50.00;50.00;50.00;3601;1000;0.0;0;1.0000;0;0
600;2016-08-18 06:00:00;172602N232;64;33.637;33;224;227;226;219;0.766;50.00;363.6;0.071;375.8;0.065;0.0;0.000;60;0;0;1.082;0.638;0.578;0;41;46;50.00;50.00;50.00;3601;1000;0.0;0;1.0000;0;0
600;2016-08-18 06:10:00;172602N232;99;33.653;33;226;226;226;225;0.938;50.02;382.1;0.116;389.6;0.106;0.0;0.000;60;0;0;1.244;0.806;0.766;3;53;45;50.02;50.02;50.02;3601;1000;0.0;0;1.0000;0;0
600;2016-08-18 06:20:00;172602N232;157;33.674;34;224;224;225;223;0.957;50.03;397.8;0.189;399.4;0.170;0.0;0.000;60;0;0;1.271;0.856;0.746;31;66;58;50.03;50.03;50.03;3601;1000;0.0;0;1.0000;0;0
600;2016-08-18 06:30:00;172602N232;210;33.706;34;222;222;224;222;1.012;50.00;404.3;0.253;405.2;0.230;0.0;0.000;60;0;0;1.173;1.151;0.714;57;83;68;50.00;50.00;50.00;3601;1000;0.0;0;1.0000;0;0
600;2016-08-18 06:40:00;172602N232;244;33.746;34;223;224;223;223;1.052;50.00;407.8;0.303;403.0;0.266;0.0;0.000;60;0;0;1.161;1.020;0.975;58;97;87;50.00;50.00;50.00;3601;1000;0.0;0;1.0000;0;0
600;2016-08-18 06:50:00;172602N232;291;33.796;35;225;225;225;224;1.109;49.98;409.7;0.364;406.0;0.317;0.0;0.000;60;0;0;1.261;1.083;0.985;78;119;92;49.98;49.98;49.98;3601;1000;0.0;0;1.0000;0;0
600;2016-08-18 07:00:00;172602N232;346;33.853;35;225;225;225;224;1.142;49.99;412.5;0.439;404.5;0.378;0.0;0.000;60;0;0;1.257;1.125;1.045;101;133;110;49.99;49.99;49.99;3601;1000;0.0;0;1.0000;0;0
600;2016-08-18 07:10:00;172602N232;415;33.922;35;225;225;226;224;1.056;49.99;413.8;0.525;409.0;0.455;0.0;0.000;60;0;0;1.048;1.108;1.013;120;149;143;49.99;49.99;49.99;3601;1000;0.0;0;1.0000;0;0
600;2016-08-18 07:20:00;172602N232;386;33.986;36;225;224;227;223;0.753;50.02;415.4;0.503;403.5;0.413;0.0;0.000;60;0;0;0.721;0.810;0.729;115;138;131;50.02;50.02;50.02;3601;1000;0.0;0;1.0000;0;0
600;2016-08-18 07:30:00;172602N232;154;34.012;36;224;224;225;223;0.897;50.01;401.1;0.184;392.8;0.166;0.0;0.000;60;0;0;0.870;1.178;0.645;16;72;64;50.01;50.01;50.01;3601;1000;0.0;0;1.0000;0;0
600;2016-08-18 07:40:00;172602N232;155;34.038;36;224;223;225;223;0.838;49.99;406.9;0.184;391.6;0.164;0.0;0.000;60;0;0;0.706;1.205;0.603;23;70;59;49.99;49.99;49.99;3601;1000;0.0;0;1.0000;0;0
600;2016-08-18 07:50:00;172602N232;222;34.076;37;224;224;226;223;1.032;49.99;422.6;0.294;398.1;0.207;0.0;0.000;60;0;0;1.076;1.174;0.846;51;86;83;49.99;49.99;49.99;3601;1000;0.0;0;1.0000;0;0
600;2016-08-18 08:00:00;172602N232;370;34.137;37;225;224;226;224;1.012;50.00;426.1;0.474;408.2;0.379;0.0;0.000;60;0;0;1.067;1.112;0.858;108;133;127;50.00;50.00;50.00;3601;1000;0.0;0;1.0000;0;0
600;2016-08-18 08:10:00;172602N232;546;34.229;37;225;225;226;224;1.170;49.99;427.8;0.697;409.1;0.580;0.0;0.000;60;0;0;1.165;1.211;1.136;173;194;178;49.99;49.99;49.99;3601;1000;0.0;0;1.0000;0;0
600;2016-08-18 08:20:00;172602N232;465;34.306;37;225;225;226;224;0.992;49.99;432.6;0.640;402.3;0.436;0.0;0.000;60;0;0;0.987;1.028;0.963;142;165;156;49.99;49.99;49.99;3601;1000;0.0;0;1.0000;0;0
600;2016-08-18 08:30:00;172602N232;706;34.424;38;224;224;225;223;1.126;50.01;431.3;0.958;422.7;0.667;0.0;0.000;60;0;0;1.085;1.163;1.130;223;244;236;50.01;50.01;50.01;3601;1000;0.0;0;1.0000;0;0
600;2016-08-18 08:40:00;172602N232;1084;34.604;38;224;225;225;223;1.659;50.00;394.6;1.859;431.0;0.826;0.0;0.000;60;0;0;1.620;1.693;1.665;349;371;361;50.00;50.00;50.00;3601;1000;0.0;0;1.0000;0;0
600;2016-08-18 08:50:00;172602N232;1044;34.779;38;224;224;225;223;1.670;50.00;379.6;2.239;436.8;0.462;0.0;0.000;60;0;0;1.653;1.691;1.668;337;358;347;50.00;50.00;50.00;3601;1000;0.0;0;1.0000;0;0
600;2016-08-18 09:00:00;172602N232;1050;34.955;39;223;222;225;221;1.611;50.01;397.4;1.837;410.2;0.768;0.0;0.000;60;0;0;1.548;1.668;1.617;334;367;349;50.01;50.01;50.01;3601;1000;0.0;0;1.0000;0;0
600;2016-08-18 09:10:00;172602N232;1590;35.220;39;223;224;225;222;2.396;50.00;405.0;2.765;437.7;1.079;0.0;0.000;60;0;0;2.356;2.442;2.392;520;544;525;50.00;50.00;50.00;3601;1000;0.0;0;1.0000;0;0
600;2016-08-18 09:20:00;172602N232;1697;35.503;39;224;224;226;222;2.548;50.00;397.9;3.468;343.3;1.058;0.0;0.000;60;0;0;2.496;2.605;2.545;552;583;560;50.00;50.00;50.00;3601;1000;0.0;0;1.0000;0;0
600;2016-08-18 09:30:00;172602N232;2065;35.848;40;224;224;226;222;3.089;49.99;395.3;3.876;279.1;2.018;0.0;0.000;60;0;0;3.038;3.159;3.072;675;711;677;49.99;49.99;49.99;3601;1000;0.0;0;1.0000;0;0
600;2016-08-18 09:40:00;172602N232;2242;36.221;40;224;224;226;221;3.357;50.01;392.4;3.885;290.0;2.600;0.0;0.000;60;0;0;3.306;3.439;3.326;735;774;731;50.01;50.01;50.01;3601;1000;0.0;0;1.0000;0;0
600;2016-08-18 09:50:00;172602N232;1644;36.496;41;223;223;225;220;2.504;50.00;389.2;2.577;345.0;1.952;0.0;0.000;60;0;0;2.472;2.557;2.483;538;567;538;50.00;50.00;50.00;3601;1000;0.0;0;1.0000;0;0
600;2016-08-18 10:00:00;172602N232;2380;36.891;41;224;224;225;222;3.590;50.01;398.1;3.558;369.8;2.877;0.0;0.000;60;0;0;3.565;3.629;3.576;784;806;785;50.01;50.01;50.01;3601;1000;0.0;0;1.0000;0;0
600;2016-08-18 10:10:00;172602N232;3568;37.487;41;226;225;229;223;5.280;50.00;382.6;5.442;294.9;5.310;0.0;0.000;60;0;0;5.211;5.391;5.240;1170;1230;1167;50.00;50.00;50.00;3601;1000;0.0;0;1.0000;0;0
600;2016-08-18 10:20:00;172602N232;1564;37.748;42;224;223;226;222;2.356;49.99;386.1;2.305;370.8;1.976;0.0;0.000;60;0;0;2.299;2.413;2.356;504;542;518;49.99;49.99;49.99;3601;1000;0.0;0;1.0000;0;0
600;2016-08-18 10:30:00;172602N232;2189;38.112;42;224;224;227;222;3.296;50.00;396.5;3.055;373.7;2.819;0.0;0.000;60;0;0;3.256;3.371;3.262;715;756;714;50.00;50.00;50.00;3601;1000;0.0;0;1.0000;0;0
600;2016-08-18 10:40:00;172602N232;2285;38.494;42;224;223;227;223;3.415;49.99;392.7;3.235;352.9;3.046;0.0;0.000;60;0;0;3.354;3.503;3.388;741;795;749;49.99;49.99;49.99;3601;1000;0.0;0;1.0000;0;0
600;2016-08-18 10:50:00;172602N232;2331;38.883;42;224;224;227;222;3.472;49.99;389.1;3.292;365.9;3.003;0.0;0.000;60;0;0;3.424;3.562;3.432;762;810;758;49.99;49.99;49.99;3601;1000;0.0;0;1.0000;0;0
600;2016-08-18 11:00:00;172602N232;687;38.998;43;223;223;224;221;1.143;50.00;395.5;0.899;398.7;0.803;0.0;0.000;60;0;0;1.115;1.172;1.143;218;239;228;50.00;50.00;50.00;3601;1000;0.0;0;1.0000;0;0
600;2016-08-18 11:10:00;172602N232;1327;39.219;43;223;224;226;220;2.010;49.99;406.2;1.719;411.1;1.530;0.0;0.000;60;0;0;1.969;2.068;1.993;432;460;433;49.99;49.99;49.99;3601;1000;0.0;0;1.0000;0;0
600;2016-08-18 11:20:00;172602N232;950;39.376;42;223;224;226;221;1.452;50.00;404.3;1.215;409.9;1.111;0.0;0.000;60;0;0;1.402;1.510;1.445;303;332;312;50.00;50.00;50.00;3601;1000;0.0;0;1.0000;0;0
600;2016-08-18 11:30:00;172602N232;1733;39.666;42;224;223;228;222;2.591;49.99;411.1;2.183;416.6;2.024;0.0;0.000;60;0;0;2.516;2.679;2.580;556;606;569;49.99;49.99;49.99;3601;1000;0.0;0;1.0000;0;0
600;2016-08-18 11:40:00;172602N232;2800;40.132;42;225;224;228;222;4.161;49.99;397.7;3.636;404.8;3.426;0.0;0.000;60;0;0;4.108;4.275;4.100;916;975;905;49.99;49.99;49.99;3601;1000;0.0;0;1.0000;0;0
600;2016-08-18 11:50:00;172602N232;3004;40.635;43;225;225;229;221;4.462;49.99;394.2;3.935;399.3;3.800;0.0;0.000;60;0;0;4.412;4.605;4.369;986;1057;961;49.99;49.99;49.99;3601;1000;0.0;0;1.0000;0;0
600;2016-08-18 12:00:00;172602N232;1822;40.938;43;224;224;227;221;2.726;49.99;383.5;2.450;391.4;2.297;0.0;0.000;60;0;0;2.671;2.812;2.695;592;637;592;49.99;49.99;49.99;3601;1000;0.0;0;1.0000;0;0
600;2016-08-18 12:10:00;172602N232;1871;41.250;43;224;224;227;221;2.810;50.00;397.0;2.445;401.2;2.278;0.0;0.000;60;0;0;2.758;2.892;2.781;609;650;610;50.00;50.00;50.00;3601;1000;0.0;0;1.0000;0;0
600;2016-08-18 12:20:00;172602N232;2770;41.713;43;225;224;229;222;4.108;50.00;392.5;3.631;396.7;3.485;0.0;0.000;60;0;0;4.048;4.221;4.055;905;972;897;50.00;50.00;50.00;3601;1000;0.0;0;1.0000;0;0
600;2016-08-18 12:30:00;172602N232;3222;42.249;43;225;225;229;222;4.764;50.00;385.8;4.258;389.4;4.176;0.0;0.000;60;0;0;4.711;4.896;4.685;1059;1121;1037;50.00;50.00;50.00;3601;1000;0.0;0;1.0000;0;0
600;2016-08-18 12:40:00;172602N232;2514;42.668;43;224;224;227;222;3.756;50.00;383.1;3.403;389.3;3.227;0.0;0.000;60;0;0;3.717;3.843;3.708;826;874;816;50.00;50.00;50.00;3601;1000;0.0;0;1.0000;0;0
600;2016-08-18 12:50:00;172602N232;2775;43.133;43;225;225;228;222;4.135;50.00;388.1;3.674;392.7;3.552;0.0;0.000;60;0;0;4.088;4.238;4.079;911;967;900;50.00;50.00;50.00;3601;1000;0.0;0;1.0000;0;0
600;2016-08-18 13:00:00;172602N232;3570;43.728;43;225;224;230;222;5.287;50.00;379.2;4.802;379.5;4.760;0.0;0.000;60;0;0;5.196;5.441;5.226;1159;1247;1160;50.00;50.00;50.00;3601;1000;0.0;0;1.0000;0;0
600;2016-08-18 13:10:00;172602N232;1859;44.037;43;224;223;227;221;2.782;50.01;391.5;2.437;390.0;2.388;0.0;0.000;60;0;0;2.720;2.863;2.765;603;646;608;50.01;50.01;50.01;3601;1000;0.0;0;1.0000;0;0
600;2016-08-18 13:20:00;172602N232;2745;44.497;43;225;224;228;223;4.082;50.00;392.9;3.585;393.5;3.473;0.0;0.000;60;0;0;4.011;4.187;4.048;893;954;897;50.00;50.00;50.00;3601;1000;0.0;0;1.0000;0;0
600;2016-08-18 13:30:00;172602N232;2450;44.904;43;225;224;228;222;3.644;49.99;392.3;3.193;393.4;3.096;0.0;0.000;60;0;0;3.577;3.746;3.610;796;854;799;49.99;49.99;49.99;3601;1000;0.0;0;1.0000;0;0
600;2016-08-18 13:40:00;172602N232;3250;45.446;43;225;224;229;222;4.812;50.01;382.7;4.364;384.4;4.258;0.0;0.000;60;0;0;4.731;4.947;4.758;1057;1134;1056;50.01;50.01;50.01;3601;1000;0.0;0;1.0000;0;0
600;2016-08-18 13:50:00;172602N232;2169;45.807;44;224;223;228;221;3.239;50.01;388.9;2.852;390.7;2.777;0.0;0.000;60;0;0;3.173;3.342;3.203;704;757;704;50.01;50.01;50.01;3601;1000;0.0;0;1.0000;0;0
600;2016-08-18 14:00:00;172602N232;3138;46.331;44;225;225;229;222;4.636;50.00;381.2;4.230;381.8;4.135;0.0;0.000;60;0;0;4.576;4.771;4.563;1027;1099;1011;50.00;50.00;50.00;3601;1000;0.0;0;1.0000;0;0
600;2016-08-18 14:10:00;172602N232;1504;46.581;44;224;224;228;220;2.268;50.00;394.8;1.926;394.9;1.903;0.0;0.000;60;0;0;2.219;2.345;2.240;489;526;487;50.00;50.00;50.00;3601;1000;0.0;0;1.0000;0;0
600;2016-08-18 14:20:00;172602N232;1419;46.819;43;224;224;227;221;2.153;50.00;407.7;1.749;401.5;1.771;0.0;0.000;60;0;0;2.098;2.226;2.137;457;496;464;50.00;50.00;50.00;3601;1000;0.0;0;1.0000;0;0
600;2016-08-18 14:30:00;172602N232;2256;47.195;43;227;226;230;224;3.335;49.98;401.0;2.859;400.5;2.815;0.0;0.000;60;0;0;3.271;3.432;3.304;734;785;735;49.98;49.98;49.98;3601;1000;0.0;0;1.0000;0;0
600;2016-08-18 14:40:00;172602N232;1087;47.375;43;227;225;230;225;1.641;50.00;398.3;1.390;403.7;1.322;0.0;0.000;60;0;0;1.576;1.698;1.651;342;381;362;50.00;50.00;50.00;3601;1000;0.0;0;1.0000;0;0
600;2016-08-18 14:50:00;172602N232;3036;47.882;43;229;227;232;226;4.427;50.00;400.6;3.876;399.1;3.867;0.0;0.000;60;0;0;4.338;4.545;4.399;984;1057;993;50.00;50.00;50.00;3601;1000;0.0;0;1.0000;0;0
600;2016-08-18 15:00:00;172602N232;4247;48.589;43;230;228;234;228;6.164;50.00;379.8;5.695;379.2;5.686;0.0;0.000;60;0;0;6.056;6.327;6.110;1378;1480;1388;50.00;50.00;50.00;3601;1000;0.0;0;1.0000;0;0
600;2016-08-18 15:10:00;172602N232;3479;49.170;44;229;228;233;227;5.094;50.01;371.9;4.729;371.4;4.726;0.0;0.000;60;0;0;5.017;5.218;5.048;1134;1205;1136;50.01;50.01;50.01;3601;1000;0.0;0;1.0000;0;0
600;2016-08-18 15:20:00;172602N232;4010;49.838;44;230;229;234;228;5.820;50.01;371.6;5.501;371.1;5.482;0.0;0.000;60;0;0;5.724;5.957;5.779;1307;1390;1312;50.01;50.01;50.01;3601;1000;0.0;0;1.0000;0;0
600;2016-08-18 15:30:00;172602N232;3873;50.484;45;230;229;233;227;5.631;50.00;369.6;5.343;369.6;5.318;0.0;0.000;60;0;0;5.550;5.756;5.589;1267;1337;1267;50.00;50.00;50.00;3601;1000;0.0;0;1.0000;0;0
600;2016-08-18 15:40:00;172602N232;3388;51.050;45;229;228;233;227;4.930;50.00;371.4;4.633;369.9;4.656;0.0;0.000;60;0;0;4.843;5.067;4.882;1103;1181;1103;50.00;50.00;50.00;3601;1000;0.0;0;1.0000;0;0
600;2016-08-18 15:50:00;172602N232;1887;51.363;45;228;227;231;226;2.781;50.00;377.8;2.516;376.6;2.532;0.0;0.000;60;0;0;2.711;2.860;2.773;607;655;621;50.00;50.00;50.00;3601;1000;0.0;0;1.0000;0;0
600;2016-08-18 16:00:00;172602N232;445;51.437;44;227;226;228;226;0.833;50.01;375.8;0.607;384.8;0.547;0.0;0.000;60;0;0;0.811;0.871;0.817;134;156;152;50.01;50.01;50.01;3601;1000;0.0;0;1.0000;0;0
600;2016-08-18 16:10:00;172602N232;564;51.531;43;227;227;229;224;1.077;50.01;389.9;0.732;400.4;0.675;0.0;0.000;60;0;0;1.064;1.125;1.044;170;197;194;50.01;50.01;50.01;3601;1000;0.0;0;1.0000;0;0
600;2016-08-18 16:20:00;172602N232;1115;51.718;43;227;227;229;225;1.687;50.01;395.7;1.390;401.6;1.409;0.0;0.000;60;0;0;1.636;1.734;1.693;357;386;370;50.01;50.01;50.01;3601;1000;0.0;0;1.0000;0;0
600;2016-08-18 16:30:00;172602N232;2728;52.172;43;228;228;231;227;3.998;50.01;384.1;3.534;392.4;3.542;0.0;0.000;60;0;0;3.927;4.088;3.980;888;941;896;50.01;50.01;50.01;3601;1000;0.0;0;1.0000;0;0
600;2016-08-18 16:40:00;172602N232;1158;52.365;43;227;227;229;226;1.758;49.98;390.4;1.487;397.3;1.460;0.0;0.000;60;0;0;1.712;1.792;1.771;371;398;387;49.98;49.98;49.98;3601;1000;0.0;0;1.0000;0;0
600;2016-08-18 16:50:00;172602N232;754;52.491;43;224;224;225;222;1.162;50.00;389.3;0.953;391.3;0.968;0.0;0.000;60;0;0;1.110;1.201;1.175;239;261;253;50.00;50.00;50.00;3601;1000;0.0;0;1.0000;0;0
600;2016-08-18 17:00:00;172602N232;711;52.610;43;223;221;226;222;1.274;50.00;393.1;0.880;395.3;0.906;0.0;0.000;60;0;0;1.210;1.339;1.273;223;251;235;50.00;50.00;50.00;3601;1000;0.0;0;1.0000;0;0
600;2016-08-18 17:10:00;172602N232;517;52.697;42;223;220;228;222;1.201;50.00;391.6;0.652;401.9;0.629;0.0;0.000;60;0;0;1.107;1.295;1.201;159;189;167;50.00;50.00;50.00;3601;1000;0.0;0;1.0000;0;0
600;2016-08-18 17:20:00;172602N232;401;52.763;42;224;224;226;221;1.091;50.01;381.5;0.504;389.8;0.489;0.0;0.000;60;0;0;1.195;1.125;0.955;114;149;140;50.01;50.01;50.01;3601;1000;0.0;0;1.0000;0;0
600;2016-08-18 17:30:00;172602N232;81;52.777;42;224;222;225;224;0.875;50.02;350.7;0.097;366.0;0.095;0.0;0.000;60;0;0;0.833;1.126;0.668;28;14;47;50.02;50.02;50.02;3601;1000;0.0;0;1.0000;0;0
600;2016-08-18 17:40:00;172602N232;88;52.792;42;225;224;226;224;0.908;50.00;366.5;0.104;375.4;0.096;0.0;0.000;60;0;0;0.968;1.037;0.721;12;22;56;50.00;50.00;50.00;3601;1000;0.0;0;1.0000;0;0
600;2016-08-18 17:50:00;172602N232;161;52.820;41;225;225;227;224;0.982;49.99;386.0;0.196;391.6;0.181;0.0;0.000;60;0;0;1.070;1.115;0.763;30;52;78;49.99;49.99;49.99;3601;1000;0.0;0;1.0000;0;0
600;2016-08-18 18:00:00;172602N232;207;52.853;41;226;227;226;225;0.950;49.99;392.2;0.251;394.9;0.239;0.0;0.000;60;0;0;1.119;0.751;0.980;28;67;110;49.99;49.99;49.99;3601;1000;0.0;0;1.0000;0;0
600;2016-08-18 18:10:00;172602N232;205;52.888;41;226;227;226;225;1.009;49.98;393.4;0.246;392.9;0.240;0.0;0.000;60;0;0;1.255;0.871;0.903;31;77;96;49.98;49.98;49.98;3601;1000;0.0;0;1.0000;0;0
600;2016-08-18 18:20:00;172602N232;304;52.939;41;225;224;226;224;1.161;50.01;384.4;0.377;398.2;0.370;0.0;0.000;60;0;0;1.194;1.290;1.001;81;112;108;50.01;50.01;50.01;3601;1000;0.0;0;1.0000;0;0
600;2016-08-18 18:30:00;172602N232;515;53.025;41;222;221;224;222;0.894;50.01;387.2;0.643;403.8;0.642;0.0;0.000;60;0;0;0.848;0.938;0.898;159;181;173;50.01;50.01;50.01;3601;1000;0.0;0;1.0000;0;0
600;2016-08-18 18:40:00;172602N232;386;53.089;41;222;222;223;222;0.904;50.01;384.7;0.482;398.9;0.477;0.0;0.000;60;0;0;0.931;0.926;0.857;115;147;122;50.01;50.01;50.01;3601;1000;0.0;0;1.0000;0;0
600;2016-08-18 18:50:00;172602N232;210;53.124;40;222;222;223;221;1.018;50.01;381.6;0.258;393.9;0.248;0.0;0.000;60;0;0;1.150;1.035;0.869;49;81;78;50.01;50.01;50.01;3601;1000;0.0;0;1.0000;0;0
600;2016-08-18 19:00:00;172602N232;232;53.163;40;222;222;223;219;1.097;50.01;387.0;0.282;396.4;0.276;0.0;0.000;60;0;0;1.336;1.186;0.769;45;99;87;50.01;50.01;50.01;3601;1000;0.0;0;1.0000;0;0
600;2016-08-18 19:10:00;172602N232;153;53.189;40;221;223;221;220;1.073;50.00;383.3;0.183;388.6;0.177;0.0;0.000;60;0;0;1.587;0.869;0.763;6;94;60;50.00;50.00;50.00;3601;1000;0.0;0;1.0000;0;0
600;2016-08-18 19:20:00;172602N232;119;53.209;40;222;223;221;221;0.937;50.01;369.3;0.142;382.8;0.138;0.0;0.000;60;0;0;1.314;0.758;0.739;7;63;48;50.01;50.01;50.01;3601;1000;0.0;0;1.0000;0;0
600;2016-08-18 19:30:00;172602N232;85;53.223;40;222;221;223;221;0.889;50.00;356.4;0.099;373.2;0.097;0.0;0.000;60;0;0;0.967;1.007;0.695;22;17;45;50.00;50.00;50.00;3601;1000;0.0;0;1.0000;0;0
600;2016-08-18 19:40:00;172602N232;6;53.224;40;221;220;223;219;0.158;49.99;265.0;0.004;264.0;0.005;0.0;0.000;80;0;0;0.152;0.226;0.098;4;0;6;49.99;49.99;49.99;3601;1000;0.0;0;1.0000;0;0
600;2016-08-18 19:50:00;172602N232;0;53.224;38;219;217;222;217;0.000;49.54;231.5;0.000;232.5;0.000;0.0;0.000;50;0;0;0.000;0.000;0.000;0;0;0;49.54;49.54;49.54;31;1000;0.0;0;1.0000;0;0
600;2016-08-18 20:00:00;172602N232;0;53.224;38;221;220;225;220;0.000;49.99;241.4;0.000;242.3;0.000;0.0;0.000;50;0;0;0.000;0.000;0.000;0;0;0;49.99;49.99;49.99;0;1000;0.0;0;1.0000;0;0
600;2016-08-18 20:10:00;172602N232;0;53.224;37;221;221;224;219;0.000;49.99;235.5;0.000;236.4;0.000;0.0;0.000;50;0;0;0.000;0.000;0.000;0;0;0;49.99;49.99;49.99;0;1000;0.0;0;1.0000;0;0
600;2016-08-18 20:20:00;172602N232;0;53.224;37;221;222;223;219;0.000;49.99;230.5;0.000;231.4;0.000;0.0;0.000;50;0;0;0.000;0.000;0.000;0;0;0;49.99;49.99;49.99;0;1000;0.0;0;1.0000;0;0
600;2016-08-18 20:30:00;172602N232;0;53.224;37;222;222;224;220;0.000;49.98;227.2;0.000;228.1;0.000;0.0;0.000;50;0;0;0.000;0.000;0.000;0;0;0;49.98;49.98;49.98;0;1000;0.0;0;1.0000;0;0
[wr_ende]
