20140202;230002;172602N232;My Plant;+0100
[wr_def_start]
172602N232;Inverter Type;Inverter Group;72602N232      
[wr_def_end]
[wr]
INTERVAL;TIMESTAMP;SERIAL;P_AC;E_DAY;T_WR;U_AC;U_AC_1;U_AC_2;U_AC_3;I_AC;F_AC;U_DC_1;I_DC_1;U_DC_2;I_DC_2;U_DC_3;I_DC_3;S;E_WR;M_WR;I_AC_1;I_AC_2;I_AC_3;P_AC_1;P_AC_2;P_AC_3;F_AC_1;F_AC_2;F_AC_3;R_DC;PC;PCS;PCS_LL;COS_PHI;COS_PHI_LL;S_COS_PHI
600;2014-02-02 07:40:00;172602N232;0;0.000;0;2;2;2;2;0.000;0.61;2.6;0.000;2.4;0.000;0.0;0.000;50;0;0;0.000;0.000;0.000;0;0;0;0.61;0.61;0.61;22;1000;0.0;0;1.0000;0;0
600;2014-02-02 07:50:00;172602N232;0;0.000;16;221;222;223;218;0.000;50.02;228.7;0.000;229.6;0.000;0.0;0.000;50;0;0;0.000;0.000;0.000;0;0;0;50.02;50.02;50.02;0;1000;0.0;0;1.0000;0;0
600;2014-02-02 08:00:00;172602N232;0;0.000;17;221;221;224;218;0.000;50.03;239.5;0.000;240.4;0.000;0.0;0.000;50;0;0;0.000;0.000;0.000;0;0;0;50.03;50.03;50.03;0;1000;0.0;0;1.0000;0;0
600;2014-02-02 08:10:00;172602N232;0;0.000;18;220;219;223;219;0.013;50.01;283.1;0.000;282.5;0.000;0.0;0.000;60;0;0;0.011;0.019;0.010;0;0;0;50.01;50.01;50.01;2702;1000;0.0;0;1.0000;0;0
600;2014-02-02 08:20:00;172602N232;1;0.000;18;220;217;222;220;0.117;49.99;269.5;0.000;271.5;0.000;0.0;0.000;60;0;0;0.090;0.199;0.062;3;0;2;49.99;49.99;49.99;5408;1000;0.0;0;1.0000;0;0
600;2014-02-02 08:30:00;172602N232;10;0.001;18;220;218;221;221;0.261;49.98;272.7;0.002;286.8;0.004;0.0;0.000;60;0;0;0.209;0.357;0.217;6;6;3;49.98;49.98;49.98;5502;1000;0.0;0;1.0000;0;0
600;2014-02-02 08:40:00;172602N232;31;0.007;19;220;218;221;220;0.456;49.99;346.1;0.022;342.9;0.027;0.0;0.000;60;0;0;0.409;0.580;0.381;13;6;17;49.99;49.99;49.99;5502;1000;0.0;0;1.0000;0;0
600;2014-02-02 08:50:00;172602N232;61;0.017;19;222;222;223;222;0.732;50.01;388.1;0.060;372.3;0.062;0.0;0.000;60;0;0;0.814;0.803;0.580;10;21;36;50.01;50.01;50.01;5502;1000;0.0;0;1.0000;0;0
600;2014-02-02 09:00:00;172602N232;144;0.042;20;222;221;223;222;0.911;50.01;408.7;0.163;402.1;0.155;0.0;0.000;60;0;0;0.807;1.177;0.750;29;49;65;50.01;50.01;50.01;5502;1000;0.0;0;1.0000;0;0
600;2014-02-02 09:10:00;172602N232;199;0.074;20;221;220;224;220;1.007;49.99;416.8;0.230;409.6;0.216;0.0;0.000;60;0;0;1.023;1.279;0.719;73;50;74;49.99;49.99;49.99;5502;1000;0.0;0;1.0000;0;0
600;2014-02-02 09:20:00;172602N232;230;0.113;21;221;218;225;220;1.047;49.99;421.3;0.268;412.1;0.250;0.0;0.000;60;0;0;0.998;1.363;0.782;89;53;86;49.99;49.99;49.99;5502;1000;0.0;0;1.0000;0;0
600;2014-02-02 09:30:00;172602N232;273;0.159;21;220;219;222;219;1.105;49.99;432.3;0.316;420.1;0.288;0.0;0.000;60;0;0;1.071;1.280;0.964;86;86;99;49.99;49.99;49.99;5502;1000;0.0;0;1.0000;0;0
600;2014-02-02 09:40:00;172602N232;378;0.222;22;220;220;221;219;1.044;49.99;434.4;0.519;435.1;0.341;0.0;0.000;60;0;0;1.081;1.078;0.975;114;137;124;49.99;49.99;49.99;5502;1000;0.0;0;1.0000;0;0
600;2014-02-02 09:50:00;172602N232;627;0.327;22;220;220;222;219;1.170;50.02;438.0;0.974;458.5;0.414;0.0;0.000;60;0;0;1.179;1.210;1.121;198;220;207;50.02;50.02;50.02;5502;1000;0.0;0;1.0000;0;0
600;2014-02-02 10:00:00;172602N232;893;0.476;23;221;220;222;220;1.409;49.99;444.0;1.099;383.2;1.053;0.0;0.000;60;0;0;1.365;1.452;1.410;283;310;298;49.99;49.99;49.99;5502;1000;0.0;0;1.0000;0;0
600;2014-02-02 10:10:00;172602N232;1030;0.648;24;220;220;220;220;1.587;49.99;442.4;1.232;417.2;1.158;0.0;0.000;60;0;0;1.545;1.611;1.607;333;348;347;49.99;49.99;49.99;5502;1000;0.0;0;1.0000;0;0
600;2014-02-02 10:20:00;172602N232;1164;0.842;24;221;222;221;221;1.852;49.99;441.1;1.372;431.1;1.294;0.0;0.000;60;0;0;1.845;1.846;1.867;382;390;391;49.99;49.99;49.99;5502;1000;0.0;0;1.0000;0;0
600;2014-02-02 10:30:00;172602N232;1285;1.056;25;221;221;221;220;2.001;49.99;440.7;1.504;424.4;1.470;0.0;0.000;60;0;0;1.966;2.013;2.024;418;434;431;49.99;49.99;49.99;5502;1000;0.0;0;1.0000;0;0
600;2014-02-02 10:40:00;172602N232;1418;1.293;26;221;221;221;221;2.163;50.00;439.4;1.649;438.8;1.584;0.0;0.000;60;0;0;2.118;2.187;2.186;459;480;477;50.00;50.00;50.00;5502;1000;0.0;0;1.0000;0;0
600;2014-02-02 10:50:00;172602N232;1495;1.542;26;222;222;222;221;2.261;50.01;439.1;1.730;448.0;1.645;0.0;0.000;60;0;0;2.218;2.283;2.283;488;504;501;50.01;50.01;50.01;5502;1000;0.0;0;1.0000;0;0
600;2014-02-02 11:00:00;172602N232;1556;1.801;27;221;221;223;219;2.358;49.99;438.6;1.802;444.6;1.728;0.0;0.000;60;0;0;2.313;2.405;2.358;507;533;514;49.99;49.99;49.99;5502;1000;0.0;0;1.0000;0;0
600;2014-02-02 11:10:00;172602N232;1678;2.082;27;221;221;224;220;2.539;50.00;437.6;1.949;444.2;1.871;0.0;0.000;60;0;0;2.486;2.592;2.540;546;576;555;50.00;50.00;50.00;5502;1000;0.0;0;1.0000;0;0
600;2014-02-02 11:20:00;172602N232;1657;2.358;28;222;221;224;220;2.511;49.99;436.8;1.928;443.3;1.846;0.0;0.000;60;0;0;2.454;2.564;2.515;537;569;549;49.99;49.99;49.99;5502;1000;0.0;0;1.0000;0;0
600;2014-02-02 11:30:00;172602N232;1846;2.666;28;222;221;226;220;2.784;49.99;437.0;2.151;443.7;2.060;0.0;0.000;60;0;0;2.713;2.866;2.775;595;642;607;49.99;49.99;49.99;5502;1000;0.0;0;1.0000;0;0
600;2014-02-02 11:40:00;172602N232;1865;2.977;28;222;222;225;221;2.808;50.00;434.8;2.182;442.8;2.088;0.0;0.000;60;0;0;2.745;2.868;2.812;605;641;618;50.00;50.00;50.00;5502;1000;0.0;0;1.0000;0;0
600;2014-02-02 11:50:00;172602N232;1847;3.285;29;221;224;224;217;2.793;50.00;432.2;2.175;439.9;2.080;0.0;0.000;60;0;0;2.766;2.869;2.745;614;640;592;50.00;50.00;50.00;5502;1000;0.0;0;1.0000;0;0
600;2014-02-02 12:00:00;172602N232;1176;3.482;29;222;221;225;219;1.820;50.00;428.6;1.382;432.0;1.344;0.0;0.000;60;0;0;1.761;1.883;1.817;374;412;388;50.00;50.00;50.00;5502;1000;0.0;0;1.0000;0;0
600;2014-02-02 12:10:00;172602N232;950;3.639;29;222;221;225;219;1.468;50.00;431.4;1.099;430.1;1.096;0.0;0.000;60;0;0;1.411;1.525;1.469;301;334;313;50.00;50.00;50.00;5502;1000;0.0;0;1.0000;0;0
600;2014-02-02 12:20:00;172602N232;725;3.761;30;221;222;223;219;1.180;50.00;433.6;0.826;426.5;0.843;0.0;0.000;60;0;0;1.162;1.199;1.180;231;250;243;50.00;50.00;50.00;5502;1000;0.0;0;1.0000;0;0
600;2014-02-02 12:30:00;172602N232;813;3.896;30;221;221;223;220;1.287;50.01;435.3;0.927;429.5;0.937;0.0;0.000;60;0;0;1.260;1.323;1.279;259;282;270;50.01;50.01;50.01;5502;1000;0.0;0;1.0000;0;0
600;2014-02-02 12:40:00;172602N232;865;4.041;30;222;222;223;220;1.338;50.02;433.9;0.991;429.9;0.996;0.0;0.000;60;0;0;1.298;1.366;1.350;278;297;289;50.02;50.02;50.02;5502;1000;0.0;0;1.0000;0;0
600;2014-02-02 12:50:00;172602N232;737;4.163;30;221;223;221;220;1.336;49.99;434.8;0.837;427.1;0.853;0.0;0.000;60;0;0;1.429;1.266;1.313;243;242;250;49.99;49.99;49.99;5502;1000;0.0;0;1.0000;0;0
600;2014-02-02 13:00:00;172602N232;661;4.274;30;222;222;222;221;1.166;50.01;435.4;0.747;426.3;0.767;0.0;0.000;60;0;0;1.189;1.173;1.137;213;225;221;50.01;50.01;50.01;5502;1000;0.0;0;1.0000;0;0
600;2014-02-02 13:10:00;172602N232;719;4.395;30;222;223;223;220;1.266;50.03;437.0;0.809;427.8;0.835;0.0;0.000;60;0;0;1.346;1.222;1.230;235;241;241;50.03;50.03;50.03;5502;1000;0.0;0;1.0000;0;0
600;2014-02-02 13:20:00;172602N232;515;4.481;30;222;223;223;220;1.087;50.03;431.7;0.581;422.4;0.600;0.0;0.000;60;0;0;1.119;1.123;1.021;162;185;166;50.03;50.03;50.03;5502;1000;0.0;0;1.0000;0;0
600;2014-02-02 13:30:00;172602N232;565;4.575;30;222;222;224;219;1.140;50.01;434.1;0.637;425.2;0.654;0.0;0.000;60;0;0;1.220;1.136;1.065;181;197;185;50.01;50.01;50.01;5502;1000;0.0;0;1.0000;0;0
600;2014-02-02 13:40:00;172602N232;477;4.654;30;221;222;223;219;1.140;50.03;429.9;0.538;422.1;0.553;0.0;0.000;60;0;0;1.171;1.169;1.081;153;171;151;50.03;50.03;50.03;5502;1000;0.0;0;1.0000;0;0
600;2014-02-02 13:50:00;172602N232;485;4.735;30;220;221;223;217;1.124;49.98;430.7;0.547;422.6;0.562;0.0;0.000;60;0;0;1.131;1.179;1.064;155;174;154;49.98;49.98;49.98;5502;1000;0.0;0;1.0000;0;0
600;2014-02-02 14:00:00;172602N232;493;4.817;29;219;217;222;217;0.988;50.00;431.3;0.557;423.5;0.570;0.0;0.000;60;0;0;0.928;1.048;0.989;152;177;161;50.00;50.00;50.00;5502;1000;0.0;0;1.0000;0;0
600;2014-02-02 14:10:00;172602N232;455;4.894;29;219;218;220;218;0.922;50.01;429.6;0.514;422.1;0.527;0.0;0.000;60;0;0;0.890;0.960;0.918;139;162;151;50.01;50.01;50.01;5502;1000;0.0;0;1.0000;0;0
600;2014-02-02 14:20:00;172602N232;465;4.971;29;221;220;224;219;0.934;50.00;431.4;0.523;422.5;0.539;0.0;0.000;60;0;0;0.890;0.993;0.920;142;167;153;50.00;50.00;50.00;5502;1000;0.0;0;1.0000;0;0
600;2014-02-02 14:30:00;172602N232;422;5.041;29;222;222;225;220;0.896;50.00;428.4;0.477;421.7;0.488;0.0;0.000;60;0;0;0.882;0.950;0.858;130;153;137;50.00;50.00;50.00;5502;1000;0.0;0;1.0000;0;0
600;2014-02-02 14:40:00;172602N232;461;5.119;29;222;219;225;221;1.159;50.00;429.3;0.523;424.1;0.531;0.0;0.000;60;0;0;1.078;1.257;1.143;141;154;165;50.00;50.00;50.00;5502;1000;0.0;0;1.0000;0;0
600;2014-02-02 14:50:00;172602N232;268;5.163;29;222;221;223;222;1.014;50.00;416.6;0.302;411.7;0.309;0.0;0.000;60;0;0;1.064;1.121;0.857;79;103;84;50.00;50.00;50.00;5502;1000;0.0;0;1.0000;0;0
600;2014-02-02 15:00:00;172602N232;278;5.210;29;223;223;223;223;1.114;50.00;419.6;0.314;414.9;0.319;0.0;0.000;60;0;0;1.168;1.184;0.990;82;111;83;50.00;50.00;50.00;5502;1000;0.0;0;1.0000;0;0
600;2014-02-02 15:10:00;172602N232;229;5.248;29;222;222;223;222;1.058;50.00;414.9;0.257;410.4;0.261;0.0;0.000;60;0;0;1.146;1.205;0.824;59;91;77;50.00;50.00;50.00;5502;1000;0.0;0;1.0000;0;0
600;2014-02-02 15:20:00;172602N232;203;5.282;29;223;223;223;222;1.000;50.01;409.3;0.229;408.6;0.232;0.0;0.000;60;0;0;1.248;0.944;0.809;54;72;75;50.01;50.01;50.01;5502;1000;0.0;0;1.0000;0;0
600;2014-02-02 15:30:00;172602N232;132;5.305;28;222;222;223;223;0.918;50.00;398.4;0.145;397.0;0.148;0.0;0.000;60;0;0;0.992;0.909;0.854;26;51;53;50.00;50.00;50.00;5502;1000;0.0;0;1.0000;0;0
600;2014-02-02 15:40:00;172602N232;106;5.322;28;222;221;223;222;0.881;50.01;395.1;0.114;394.6;0.118;0.0;0.000;60;0;0;0.866;1.046;0.733;25;29;51;50.01;50.01;50.01;5502;1000;0.0;0;1.0000;0;0
600;2014-02-02 15:50:00;172602N232;75;5.335;28;222;221;224;222;0.836;50.01;382.0;0.078;383.6;0.082;0.0;0.000;60;0;0;0.779;1.065;0.665;22;8;47;50.01;50.01;50.01;5502;1000;0.0;0;1.0000;0;0
600;2014-02-02 16:00:00;172602N232;22;5.339;28;221;220;223;221;0.421;50.00;305.1;0.013;325.3;0.017;0.0;0.000;60;0;0;0.424;0.548;0.292;16;0;17;50.00;50.00;50.00;5502;1000;0.0;0;1.0000;0;0
600;2014-02-02 16:10:00;172602N232;3;5.339;27;220;221;222;219;0.167;49.99;252.9;0.000;255.0;0.000;0.0;0.000;60;0;0;0.192;0.188;0.121;1;2;6;49.99;49.99;49.99;5502;1000;0.0;0;1.0000;0;0
600;2014-02-02 16:20:00;172602N232;0;5.339;27;221;222;223;217;0.001;49.99;268.8;0.000;268.7;0.000;0.0;0.000;80;0;0;0.002;0.001;0.000;0;0;0;49.99;49.99;49.99;5644;1000;0.0;0;1.0000;0;0
600;2014-02-02 16:30:00;172602N232;0;5.339;26;220;220;222;217;0.002;49.99;292.8;0.000;291.4;0.000;0.0;0.000;50;0;0;0.007;0.000;0.000;0;0;0;49.99;49.99;49.99;4919;1000;0.0;0;1.0000;0;0
600;2014-02-02 16:40:00;172602N232;0;5.339;25;219;218;221;217;0.000;49.99;278.2;0.000;277.3;0.000;0.0;0.000;50;0;0;0.000;0.000;0.000;0;0;0;49.99;49.99;49.99;4893;1000;0.0;0;1.0000;0;0
600;2014-02-02 16:50:00;172602N232;0;5.339;24;218;218;220;216;0.000;50.06;229.2;0.000;230.1;0.000;0.0;0.000;50;0;0;0.000;0.000;0.000;0;0;0;50.06;50.06;50.06;4893;1000;0.0;0;1.0000;0;0
600;2014-02-02 17:00:00;172602N232;0;5.339;24;218;218;220;216;0.000;50.02;227.3;0.000;228.3;0.000;0.0;0.000;50;0;0;0.000;0.000;0.000;0;0;0;50.02;50.02;50.02;4893;1000;0.0;0;1.0000;0;0
[wr_ende]
