20131204;230002;172602N232;My Plant;+0100
[wr_def_start]
172602N232;Inverter Type;Inverter Group;72602N232      
[wr_def_end]
[wr]
INTERVAL;TIMESTAMP;SERIAL;P_AC;E_DAY;T_WR;U_AC;U_AC_1;U_AC_2;U_AC_3;I_AC;F_AC;U_DC_1;I_DC_1;U_DC_2;I_DC_2;U_DC_3;I_DC_3;S;E_WR;M_WR;I_AC_1;I_AC_2;I_AC_3;P_AC_1;P_AC_2;P_AC_3;F_AC_1;F_AC_2;F_AC_3;R_DC;PC;PCS;PCS_LL;COS_PHI;COS_PHI_LL;S_COS_PHI
600;2013-12-04 08:10:00;172602N232;0;0.000;0;1;1;1;1;0.000;0.38;1.6;0.000;1.7;0.000;0.0;0.000;50;0;0;0.000;0.000;0.000;0;0;0;0.38;0.38;0.38;6;1000;0.0;0;1.0000;0;0
600;2013-12-04 08:20:00;172602N232;0;0.000;17;223;223;226;221;0.000;49.99;229.0;0.000;230.0;0.000;0.0;0.000;50;0;0;0.000;0.000;0.000;0;0;0;49.99;49.99;49.99;0;1000;0.0;0;1.0000;0;0
600;2013-12-04 08:30:00;172602N232;0;0.000;18;222;222;225;220;0.000;50.00;241.0;0.000;241.8;0.000;0.0;0.000;50;0;0;0.000;0.000;0.000;0;0;0;50.00;50.00;50.00;0;1000;0.0;0;1.0000;0;0
600;2013-12-04 08:40:00;172602N232;0;0.000;18;221;221;222;219;0.001;49.99;306.7;0.000;305.4;0.000;0.0;0.000;60;0;0;0.002;0.001;0.001;0;0;0;49.99;49.99;49.99;2802;1000;0.0;0;1.0000;0;0
600;2013-12-04 08:50:00;172602N232;0;0.000;19;221;221;222;220;0.047;49.99;267.5;0.000;267.6;0.000;0.0;0.000;60;0;0;0.061;0.046;0.035;0;1;1;49.99;49.99;49.99;5236;1000;0.0;0;1.0000;0;0
600;2013-12-04 09:00:00;172602N232;6;0.002;19;220;220;220;220;0.174;49.99;255.8;0.000;260.3;0.001;0.0;0.000;60;0;0;0.245;0.138;0.140;0;7;6;49.99;49.99;49.99;5095;1000;0.0;0;1.0000;0;0
600;2013-12-04 09:10:00;172602N232;40;0.011;20;220;221;220;219;0.552;49.99;346.4;0.034;358.7;0.038;0.0;0.000;60;0;0;0.735;0.453;0.469;0;30;23;49.99;49.99;49.99;5095;1000;0.0;0;1.0000;0;0
600;2013-12-04 09:20:00;172602N232;100;0.025;20;220;220;219;220;0.805;50.00;391.8;0.107;394.1;0.110;0.0;0.000;60;0;0;0.894;0.748;0.773;15;57;27;50.00;50.00;50.00;5095;1000;0.0;0;1.0000;0;0
600;2013-12-04 09:30:00;172602N232;127;0.045;21;220;221;218;221;0.968;50.02;403.4;0.138;401.5;0.142;0.0;0.000;60;0;0;1.167;0.793;0.946;19;77;28;50.02;50.02;50.02;5095;1000;0.0;0;1.0000;0;0
600;2013-12-04 09:40:00;172602N232;122;0.065;21;220;221;218;221;0.834;50.03;393.9;0.133;397.2;0.135;0.0;0.000;60;0;0;0.872;0.804;0.828;14;80;27;50.03;50.03;50.03;5095;1000;0.0;0;1.0000;0;0
600;2013-12-04 09:50:00;172602N232;113;0.084;21;220;221;219;221;0.853;50.02;395.3;0.121;397.9;0.124;0.0;0.000;60;0;0;0.933;0.801;0.826;18;67;27;50.02;50.02;50.02;5095;1000;0.0;0;1.0000;0;0
600;2013-12-04 10:00:00;172602N232;117;0.104;22;220;220;219;221;0.929;50.03;400.2;0.127;399.6;0.130;0.0;0.000;60;0;0;0.868;0.766;1.155;35;64;16;50.03;50.03;50.03;5095;1000;0.0;0;1.0000;0;0
600;2013-12-04 10:10:00;172602N232;193;0.137;22;222;221;222;223;1.006;50.03;411.5;0.215;410.5;0.218;0.0;0.000;60;0;0;0.940;1.158;0.922;60;91;40;50.03;50.03;50.03;5095;1000;0.0;0;1.0000;0;0
600;2013-12-04 10:20:00;172602N232;268;0.181;23;223;222;224;223;1.105;50.03;418.2;0.304;416.9;0.306;0.0;0.000;60;0;0;1.089;1.242;0.985;88;95;83;50.03;50.03;50.03;5095;1000;0.0;0;1.0000;0;0
600;2013-12-04 10:30:00;172602N232;400;0.248;23;223;222;225;223;1.002;50.03;422.0;0.463;424.2;0.456;0.0;0.000;60;0;0;0.970;1.068;0.968;125;144;130;50.03;50.03;50.03;5095;1000;0.0;0;1.0000;0;0
600;2013-12-04 10:40:00;172602N232;432;0.321;24;223;222;225;223;0.691;50.03;421.5;0.500;425.3;0.495;0.0;0.000;60;0;0;0.630;0.731;0.713;128;153;148;50.03;50.03;50.03;5095;1000;0.0;0;1.0000;0;0
600;2013-12-04 10:50:00;172602N232;336;0.376;25;223;223;225;222;0.868;50.01;417.8;0.388;419.4;0.386;0.0;0.000;60;0;0;0.865;0.945;0.795;103;117;115;50.01;50.01;50.01;5095;1000;0.0;0;1.0000;0;0
600;2013-12-04 11:00:00;172602N232;261;0.420;25;223;223;224;223;1.069;50.00;415.3;0.302;414.8;0.292;0.0;0.000;60;0;0;1.143;1.209;0.857;77;102;79;50.00;50.00;50.00;5095;1000;0.0;0;1.0000;0;0
600;2013-12-04 11:10:00;172602N232;200;0.453;25;223;223;223;223;1.055;50.01;407.2;0.231;411.4;0.223;0.0;0.000;60;0;0;1.271;1.000;0.894;48;107;43;50.01;50.01;50.01;5095;1000;0.0;0;1.0000;0;0
600;2013-12-04 11:20:00;172602N232;162;0.481;26;224;223;225;223;0.991;50.01;402.6;0.186;407.8;0.180;0.0;0.000;60;0;0;1.073;1.010;0.892;25;57;79;50.01;50.01;50.01;5095;1000;0.0;0;1.0000;0;0
600;2013-12-04 11:30:00;172602N232;174;0.510;26;223;224;224;223;0.969;50.02;409.6;0.201;415.9;0.182;0.0;0.000;60;0;0;1.083;1.014;0.812;25;75;71;50.02;50.02;50.02;5095;1000;0.0;0;1.0000;0;0
600;2013-12-04 11:40:00;172602N232;321;0.564;26;225;224;225;224;1.084;50.01;411.8;0.378;410.4;0.374;0.0;0.000;60;0;0;1.135;1.167;0.952;93;124;102;50.01;50.01;50.01;5095;1000;0.0;0;1.0000;0;0
600;2013-12-04 11:50:00;172602N232;1126;0.751;26;226;226;227;225;1.793;50.00;340.0;1.341;443.1;1.525;0.0;0.000;60;0;0;1.771;1.792;1.816;360;382;381;50.00;50.00;50.00;5095;1000;0.0;0;1.0000;0;0
600;2013-12-04 12:00:00;172602N232;1058;0.928;26;227;227;228;226;1.600;50.02;327.3;1.272;434.2;1.539;0.0;0.000;60;0;0;1.560;1.629;1.611;342;361;353;50.02;50.02;50.02;5095;1000;0.0;0;1.0000;0;0
600;2013-12-04 12:10:00;172602N232;577;1.025;27;226;226;227;225;0.897;50.00;430.9;0.569;421.7;0.763;0.0;0.000;60;0;0;0.849;0.932;0.912;180;201;194;50.00;50.00;50.00;5095;1000;0.0;0;1.0000;0;0
600;2013-12-04 12:20:00;172602N232;371;1.087;27;224;225;222;224;1.009;49.99;412.3;0.425;414.7;0.441;0.0;0.000;60;0;0;1.092;1.023;0.912;110;151;107;49.99;49.99;49.99;5095;1000;0.0;0;1.0000;0;0
600;2013-12-04 12:30:00;172602N232;574;1.182;28;226;227;224;227;1.162;50.00;433.0;0.343;420.7;0.982;0.0;0.000;60;0;0;1.215;1.150;1.123;181;205;185;50.00;50.00;50.00;5095;1000;0.0;0;1.0000;0;0
600;2013-12-04 12:40:00;172602N232;706;1.300;28;225;226;223;227;1.155;50.01;435.9;0.446;354.9;1.434;0.0;0.000;60;0;0;1.049;1.142;1.275;217;238;249;50.01;50.01;50.01;5095;1000;0.0;0;1.0000;0;0
600;2013-12-04 12:50:00;172602N232;554;1.393;28;225;225;224;227;1.099;50.00;433.4;0.614;415.3;0.682;0.0;0.000;60;0;0;1.060;1.107;1.130;174;197;181;50.00;50.00;50.00;5095;1000;0.0;0;1.0000;0;0
600;2013-12-04 13:00:00;172602N232;346;1.451;29;225;225;224;226;1.198;49.99;442.6;0.384;419.9;0.386;0.0;0.000;60;0;0;0.960;1.279;1.356;101;142;102;49.99;49.99;49.99;5095;1000;0.0;0;1.0000;0;0
600;2013-12-04 13:10:00;172602N232;537;1.540;29;225;225;225;226;1.048;49.99;436.1;0.619;425.6;0.598;0.0;0.000;60;0;0;1.034;1.065;1.046;167;190;178;49.99;49.99;49.99;5095;1000;0.0;0;1.0000;0;0
600;2013-12-04 13:20:00;172602N232;661;1.651;29;225;225;225;226;1.243;49.99;448.3;0.752;435.9;0.717;0.0;0.000;60;0;0;1.230;1.259;1.242;212;229;218;49.99;49.99;49.99;5095;1000;0.0;0;1.0000;0;0
600;2013-12-04 13:30:00;172602N232;874;1.797;29;226;226;225;226;1.327;50.00;447.7;1.011;427.5;0.960;0.0;0.000;60;0;0;1.281;1.348;1.354;280;296;296;50.00;50.00;50.00;5095;1000;0.0;0;1.0000;0;0
600;2013-12-04 13:40:00;172602N232;372;1.859;29;225;225;224;225;1.041;50.00;422.3;0.430;422.0;0.414;0.0;0.000;60;0;0;1.052;1.066;1.005;112;143;115;50.00;50.00;50.00;5095;1000;0.0;0;1.0000;0;0
600;2013-12-04 13:50:00;172602N232;164;1.887;29;225;225;224;227;0.949;50.00;403.7;0.196;399.2;0.177;0.0;0.000;60;0;0;0.800;0.880;1.168;44;89;29;50.00;50.00;50.00;5095;1000;0.0;0;1.0000;0;0
600;2013-12-04 14:00:00;172602N232;262;1.930;29;225;226;223;227;1.081;49.98;421.1;0.352;415.1;0.240;0.0;0.000;60;0;0;1.072;1.075;1.097;84;124;52;49.98;49.98;49.98;5095;1000;0.0;0;1.0000;0;0
600;2013-12-04 14:10:00;172602N232;161;1.957;29;225;225;223;226;0.918;49.97;400.4;0.194;401.6;0.173;0.0;0.000;60;0;0;0.900;0.830;1.024;35;86;39;49.97;49.97;49.97;5095;1000;0.0;0;1.0000;0;0
600;2013-12-04 14:20:00;172602N232;130;1.978;29;223;222;223;223;0.889;49.98;397.8;0.151;395.0;0.141;0.0;0.000;60;0;0;0.949;0.885;0.833;26;56;47;49.98;49.98;49.98;5095;1000;0.0;0;1.0000;0;0
600;2013-12-04 14:30:00;172602N232;203;2.013;29;222;223;222;222;1.005;49.97;408.8;0.299;414.8;0.160;0.0;0.000;60;0;0;1.118;1.071;0.826;45;103;54;49.97;49.97;49.97;5095;1000;0.0;0;1.0000;0;0
600;2013-12-04 14:40:00;172602N232;196;2.046;28;221;223;221;220;1.117;49.98;424.7;0.262;429.2;0.159;0.0;0.000;60;0;0;1.577;0.929;0.845;17;107;74;49.98;49.98;49.98;5095;1000;0.0;0;1.0000;0;0
600;2013-12-04 14:50:00;172602N232;135;2.069;28;222;223;221;222;0.952;49.99;409.3;0.164;416.8;0.125;0.0;0.000;60;0;0;1.286;0.819;0.753;7;77;50;49.99;49.99;49.99;5095;1000;0.0;0;1.0000;0;0
600;2013-12-04 15:00:00;172602N232;93;2.085;28;223;224;222;223;0.889;49.99;386.2;0.107;404.5;0.092;0.0;0.000;60;0;0;1.204;0.698;0.765;5;58;31;49.99;49.99;49.99;5095;1000;0.0;0;1.0000;0;0
600;2013-12-04 15:10:00;172602N232;39;2.091;28;221;222;220;221;0.552;49.98;346.2;0.033;359.0;0.036;0.0;0.000;60;0;0;0.736;0.448;0.472;0;33;25;49.98;49.98;49.98;5095;1000;0.0;0;1.0000;0;0
600;2013-12-04 15:20:00;172602N232;32;2.097;28;222;223;221;221;0.480;49.97;330.3;0.025;335.5;0.030;0.0;0.000;60;0;0;0.637;0.389;0.415;0;27;20;49.97;49.97;49.97;5095;1000;0.0;0;1.0000;0;0
600;2013-12-04 15:30:00;172602N232;3;2.097;27;222;222;222;221;0.189;49.98;251.9;0.000;258.3;0.000;0.0;0.000;60;0;0;0.293;0.148;0.128;0;7;6;49.98;49.98;49.98;5095;1000;0.0;0;1.0000;0;0
600;2013-12-04 15:40:00;172602N232;0;2.097;26;221;222;222;218;0.009;49.99;300.4;0.000;299.2;0.000;0.0;0.000;51;0;0;0.015;0.006;0.007;0;0;0;49.99;49.99;49.99;6154;1000;0.0;0;1.0000;0;0
600;2013-12-04 15:50:00;172602N232;0;2.097;25;221;222;223;219;0.000;50.03;239.3;0.000;240.2;0.000;0.0;0.000;51;0;0;0.000;0.000;0.000;0;0;0;50.03;50.03;50.03;7082;1000;0.0;0;1.0000;0;0
600;2013-12-04 16:00:00;172602N232;0;2.097;25;220;220;221;219;0.000;50.01;229.2;0.000;230.1;0.000;0.0;0.000;51;0;0;0.000;0.000;0.000;0;0;0;50.01;50.01;50.01;7082;1000;0.0;0;1.0000;0;0
600;2013-12-04 16:10:00;172602N232;0;2.097;24;220;221;221;219;0.000;49.97;226.0;0.000;227.0;0.000;0.0;0.000;51;0;0;0.000;0.000;0.000;0;0;0;49.97;49.97;49.97;7082;1000;0.0;0;1.0000;0;0
[wr_ende]
