20120924;230003;172602N232;My Plant;+0100
[wr_def_start]
172602N232;Inverter Type;Inverter Group;72602N232      
[wr_def_end]
[wr]
INTERVAL;TIMESTAMP;SERIAL;P_AC;E_DAY;T_WR;U_AC;U_AC_1;U_AC_2;U_AC_3;I_AC;F_AC;U_DC_1;I_DC_1;U_DC_2;I_DC_2;U_DC_3;I_DC_3;S;E_WR;M_WR;I_AC_1;I_AC_2;I_AC_3;P_AC_1;P_AC_2;P_AC_3;F_AC_1;F_AC_2;F_AC_3;R_DC;PC;PCS;PCS_LL;COS_PHI;COS_PHI_LL;S_COS_PHI
600;2012-09-24 06:50:00;172602N232;0;0.000;0;4;4;4;4;0.000;1.11;5.0;0.000;5.0;0.000;0.0;0.000;50;0;0;0.000;0.000;0.000;0;0;0;1.11;1.11;1.11;165;1000;0.0;0;1.0000;0;0
600;2012-09-24 07:00:00;172602N232;0;0.000;21;225;227;227;221;0.001;49.99;269.4;0.000;269.0;0.000;0.0;0.000;60;0;0;0.005;0.000;0.000;0;0;0;49.98;49.99;49.99;3450;1000;0.0;0;1.0000;0;0
600;2012-09-24 07:10:00;172602N232;2;0.000;22;224;224;226;221;0.103;50.01;276.7;0.000;272.1;0.000;0.0;0.000;60;0;0;0.099;0.142;0.070;1;0;4;50.01;50.01;50.01;7005;1000;0.0;0;1.0000;0;0
600;2012-09-24 07:20:00;172602N232;15;0.004;23;223;223;224;222;0.356;49.99;309.9;0.006;277.0;0.009;0.0;0.000;60;0;0;0.424;0.379;0.267;1;11;17;49.99;49.99;49.99;5685;1000;0.0;0;1.0000;0;0
600;2012-09-24 07:30:00;172602N232;39;0.013;23;223;224;223;222;0.538;49.99;356.5;0.033;368.5;0.031;0.0;0.000;60;0;0;0.693;0.496;0.426;0;28;26;49.99;49.99;49.99;5685;1000;0.0;0;1.0000;0;0
600;2012-09-24 07:40:00;172602N232;55;0.023;24;223;224;224;223;0.634;49.99;378.3;0.053;382.0;0.050;0.0;0.000;60;0;0;0.783;0.624;0.497;2;27;28;49.99;49.99;49.99;5685;1000;0.0;0;1.0000;0;0
600;2012-09-24 07:50:00;172602N232;88;0.038;24;224;225;224;224;0.866;49.99;394.1;0.097;398.8;0.089;0.0;0.000;60;0;0;1.198;0.706;0.694;0;50;40;49.99;49.99;49.99;5685;1000;0.0;0;1.0000;0;0
600;2012-09-24 08:00:00;172602N232;125;0.056;25;221;222;220;222;0.888;49.99;406.2;0.141;408.8;0.131;0.0;0.000;60;0;0;1.176;0.717;0.771;14;69;40;49.99;49.99;49.99;5685;1000;0.0;0;1.0000;0;0
600;2012-09-24 08:10:00;172602N232;148;0.079;26;221;221;221;220;1.031;50.00;409.8;0.167;412.3;0.157;0.0;0.000;60;0;0;1.306;0.945;0.842;20;79;47;50.00;50.00;50.00;5685;1000;0.0;0;1.0000;0;0
600;2012-09-24 08:20:00;172602N232;191;0.111;27;221;222;222;220;1.074;50.00;413.3;0.219;415.9;0.205;0.0;0.000;60;0;0;1.426;0.974;0.823;36;73;80;50.00;50.00;50.00;5685;1000;0.0;0;1.0000;0;0
600;2012-09-24 08:30:00;172602N232;224;0.149;27;221;222;222;220;1.068;49.99;416.0;0.263;418.7;0.239;0.0;0.000;60;0;0;1.354;1.128;0.722;42;104;76;49.99;49.99;49.99;5685;1000;0.0;0;1.0000;0;0
600;2012-09-24 08:40:00;172602N232;299;0.198;28;223;223;224;221;1.143;50.00;416.6;0.364;423.9;0.315;0.0;0.000;60;0;0;1.262;1.159;1.010;79;108;109;50.00;50.00;50.00;5685;1000;0.0;0;1.0000;0;0
600;2012-09-24 08:50:00;172602N232;430;0.270;28;223;222;224;222;0.969;50.00;426.8;0.524;431.0;0.450;0.0;0.000;60;0;0;0.955;0.998;0.956;128;156;144;50.00;50.00;50.00;5685;1000;0.0;0;1.0000;0;0
600;2012-09-24 09:00:00;172602N232;440;0.343;29;223;222;224;223;0.705;50.00;430.5;0.529;433.3;0.464;0.0;0.000;60;0;0;0.652;0.740;0.724;133;155;150;50.00;50.00;50.00;5685;1000;0.0;0;1.0000;0;0
600;2012-09-24 09:10:00;172602N232;446;0.418;29;223;223;223;223;1.050;50.00;429.1;0.517;424.6;0.501;0.0;0.000;60;0;0;1.054;1.073;1.025;143;160;141;50.00;50.00;50.00;5685;1000;0.0;0;1.0000;0;0
600;2012-09-24 09:20:00;172602N232;467;0.495;30;223;223;222;222;1.053;49.99;424.3;0.545;422.6;0.534;0.0;0.000;60;0;0;1.062;1.079;1.018;150;166;149;49.99;49.99;49.99;5685;1000;0.0;0;1.0000;0;0
600;2012-09-24 09:30:00;172602N232;485;0.577;30;222;223;222;223;1.033;50.01;430.3;0.558;421.8;0.557;0.0;0.000;60;0;0;1.025;1.066;1.010;156;171;156;50.01;50.01;50.01;5685;1000;0.0;0;1.0000;0;0
600;2012-09-24 09:40:00;172602N232;534;0.666;30;223;224;222;223;0.954;50.01;427.9;0.623;423.3;0.612;0.0;0.000;60;0;0;0.939;0.984;0.939;171;185;177;50.01;50.01;50.01;5685;1000;0.0;0;1.0000;0;0
600;2012-09-24 09:50:00;172602N232;526;0.754;31;223;224;223;223;0.877;50.02;428.3;0.612;422.0;0.606;0.0;0.000;60;0;0;0.839;0.906;0.888;165;182;177;50.02;50.02;50.02;5685;1000;0.0;0;1.0000;0;0
600;2012-09-24 10:00:00;172602N232;436;0.826;31;223;222;223;222;1.048;50.01;424.7;0.505;418.2;0.503;0.0;0.000;60;0;0;1.046;1.091;1.007;138;158;138;50.01;50.01;50.01;5685;1000;0.0;0;1.0000;0;0
600;2012-09-24 10:10:00;172602N232;567;0.922;31;223;223;224;222;0.903;50.00;427.6;0.664;423.6;0.649;0.0;0.000;60;0;0;0.848;0.946;0.917;175;198;191;50.00;50.00;50.00;5685;1000;0.0;0;1.0000;0;0
600;2012-09-24 10:20:00;172602N232;643;1.029;32;223;223;224;223;1.141;50.00;430.9;0.743;423.0;0.743;0.0;0.000;60;0;0;1.166;1.124;1.133;208;217;215;50.00;50.00;50.00;5685;1000;0.0;0;1.0000;0;0
600;2012-09-24 10:30:00;172602N232;593;1.128;32;222;222;224;222;0.938;49.99;428.9;0.690;421.7;0.686;0.0;0.000;60;0;0;0.883;0.982;0.950;184;207;200;49.99;49.99;49.99;5685;1000;0.0;0;1.0000;0;0
600;2012-09-24 10:40:00;172602N232;675;1.241;32;224;223;225;223;1.065;50.00;428.8;0.789;424.3;0.776;0.0;0.000;60;0;0;1.012;1.102;1.082;211;234;228;50.00;50.00;50.00;5685;1000;0.0;0;1.0000;0;0
600;2012-09-24 10:50:00;172602N232;762;1.368;32;223;223;224;223;1.189;49.98;431.4;0.888;424.6;0.878;0.0;0.000;60;0;0;1.141;1.222;1.204;241;263;256;49.98;49.98;49.98;5685;1000;0.0;0;1.0000;0;0
600;2012-09-24 11:00:00;172602N232;872;1.513;33;223;222;225;223;1.337;50.00;433.4;1.012;425.7;1.005;0.0;0.000;60;0;0;1.279;1.379;1.354;275;302;292;50.00;50.00;50.00;5685;1000;0.0;0;1.0000;0;0
600;2012-09-24 11:10:00;172602N232;936;1.669;33;224;223;225;224;1.425;49.99;431.2;1.099;426.2;1.076;0.0;0.000;60;0;0;1.367;1.462;1.448;296;322;316;49.99;49.99;49.99;5685;1000;0.0;0;1.0000;0;0
600;2012-09-24 11:20:00;172602N232;805;1.803;33;223;222;224;223;1.244;49.99;430.4;0.942;422.9;0.933;0.0;0.000;60;0;0;1.188;1.279;1.266;254;277;272;49.99;49.99;49.99;5685;1000;0.0;0;1.0000;0;0
600;2012-09-24 11:30:00;172602N232;618;1.907;33;223;222;224;223;0.965;49.98;426.9;0.721;419.8;0.720;0.0;0.000;60;0;0;0.905;1.003;0.988;191;214;210;49.98;49.98;49.98;5685;1000;0.0;0;1.0000;0;0
600;2012-09-24 11:40:00;172602N232;521;1.993;33;224;222;225;224;0.825;49.98;423.1;0.612;417.8;0.608;0.0;0.000;60;0;0;0.762;0.865;0.848;158;183;178;49.98;49.98;49.98;5685;1000;0.0;0;1.0000;0;0
600;2012-09-24 11:50:00;172602N232;488;2.075;34;223;223;224;223;0.778;49.99;421.4;0.578;417.0;0.565;0.0;0.000;60;0;0;0.721;0.816;0.799;148;171;166;49.99;49.99;49.99;5685;1000;0.0;0;1.0000;0;0
600;2012-09-24 12:00:00;172602N232;608;2.177;34;223;223;224;224;1.026;50.01;426.2;0.715;421.6;0.701;0.0;0.000;60;0;0;0.927;1.025;1.126;185;210;212;50.01;50.01;50.01;5685;1000;0.0;0;1.0000;0;0
600;2012-09-24 12:10:00;172602N232;619;2.279;34;224;223;223;225;0.970;49.99;424.9;0.729;420.6;0.719;0.0;0.000;60;0;0;0.914;0.991;1.005;193;211;213;49.99;49.99;49.99;5685;1000;0.0;0;1.0000;0;0
600;2012-09-24 12:20:00;172602N232;465;2.357;34;224;223;224;225;0.864;50.01;418.5;0.549;414.4;0.543;0.0;0.000;60;0;0;0.823;0.892;0.877;142;164;157;50.01;50.01;50.01;5685;1000;0.0;0;1.0000;0;0
600;2012-09-24 12:30:00;172602N232;268;2.403;34;224;223;224;224;1.101;50.00;405.2;0.319;405.2;0.313;0.0;0.000;60;0;0;1.114;1.215;0.975;85;104;78;50.00;50.00;50.00;5685;1000;0.0;0;1.0000;0;0
600;2012-09-24 12:40:00;172602N232;339;2.459;34;223;223;224;223;1.105;50.00;409.6;0.404;409.7;0.395;0.0;0.000;60;0;0;1.168;1.132;1.016;101;128;108;50.00;50.00;50.00;5685;1000;0.0;0;1.0000;0;0
600;2012-09-24 12:50:00;172602N232;406;2.527;34;224;224;225;223;1.049;50.02;417.1;0.478;412.2;0.473;0.0;0.000;60;0;0;1.071;1.086;0.992;123;150;131;50.02;50.02;50.02;5685;1000;0.0;0;1.0000;0;0
600;2012-09-24 13:00:00;172602N232;295;2.576;33;223;223;224;223;0.977;50.01;403.6;0.354;405.4;0.340;0.0;0.000;60;0;0;0.956;1.130;0.845;84;111;98;50.01;50.01;50.01;5685;1000;0.0;0;1.0000;0;0
600;2012-09-24 13:10:00;172602N232;201;2.610;33;223;222;226;222;1.062;49.99;395.1;0.239;395.1;0.235;0.0;0.000;60;0;0;0.937;1.421;0.829;64;49;87;49.99;49.99;49.99;5685;1000;0.0;0;1.0000;0;0
600;2012-09-24 13:20:00;172602N232;142;2.635;33;223;223;226;222;0.967;50.00;389.4;0.167;388.5;0.163;0.0;0.000;60;0;0;0.851;1.327;0.725;42;24;74;50.00;50.00;50.00;5685;1000;0.0;0;1.0000;0;0
600;2012-09-24 13:30:00;172602N232;252;2.677;33;224;224;226;222;1.085;50.01;405.7;0.297;402.6;0.292;0.0;0.000;60;0;0;1.078;1.320;0.859;66;82;102;50.01;50.01;50.01;5685;1000;0.0;0;1.0000;0;0
600;2012-09-24 13:40:00;172602N232;367;2.738;33;225;225;226;223;1.145;50.01;415.8;0.432;412.4;0.425;0.0;0.000;60;0;0;1.200;1.211;1.025;106;133;126;50.01;50.01;50.01;5685;1000;0.0;0;1.0000;0;0
600;2012-09-24 13:50:00;172602N232;330;2.793;33;225;226;227;224;1.222;50.03;413.4;0.389;411.2;0.381;0.0;0.000;60;0;0;1.299;1.282;1.085;78;115;134;50.03;50.03;50.03;5685;1000;0.0;0;1.0000;0;0
600;2012-09-24 14:00:00;172602N232;244;2.834;33;226;227;228;224;1.107;50.02;408.1;0.286;404.6;0.282;0.0;0.000;60;0;0;1.290;1.180;0.851;48;99;95;50.02;50.02;50.02;5685;1000;0.0;0;1.0000;0;0
600;2012-09-24 14:10:00;172602N232;403;2.900;33;223;224;224;221;0.961;50.00;421.6;0.469;415.9;0.465;0.0;0.000;60;0;0;0.995;0.972;0.917;119;145;136;50.00;50.00;50.00;5685;1000;0.0;0;1.0000;0;0
600;2012-09-24 14:20:00;172602N232;244;2.941;33;221;222;222;219;1.036;50.00;402.1;0.286;401.3;0.283;0.0;0.000;60;0;0;1.164;1.073;0.872;55;93;94;50.00;50.00;50.00;5685;1000;0.0;0;1.0000;0;0
600;2012-09-24 14:30:00;172602N232;354;3.001;33;221;222;222;219;1.140;49.99;416.3;0.415;413.1;0.407;0.0;0.000;60;0;0;1.261;1.167;0.994;93;137;122;49.99;49.99;49.99;5685;1000;0.0;0;1.0000;0;0
600;2012-09-24 14:40:00;172602N232;375;3.063;33;221;222;222;219;1.172;49.99;417.4;0.439;414.7;0.431;0.0;0.000;60;0;0;1.240;1.240;1.038;101;138;133;49.99;49.99;49.99;5685;1000;0.0;0;1.0000;0;0
600;2012-09-24 14:50:00;172602N232;368;3.125;32;222;223;224;221;0.907;50.01;416.0;0.436;414.5;0.421;0.0;0.000;60;0;0;0.948;0.967;0.807;108;134;124;50.01;50.01;50.01;5685;1000;0.0;0;1.0000;0;0
600;2012-09-24 15:00:00;172602N232;429;3.197;32;223;223;224;221;0.895;50.01;423.7;0.502;418.1;0.491;0.0;0.000;60;0;0;0.930;0.816;0.941;136;144;146;50.01;50.01;50.01;5685;1000;0.0;0;1.0000;0;0
600;2012-09-24 15:10:00;172602N232;409;3.265;33;223;224;225;221;1.175;50.00;421.2;0.479;417.1;0.467;0.0;0.000;60;0;0;1.194;1.201;1.132;111;144;151;50.00;50.00;50.00;5685;1000;0.0;0;1.0000;0;0
600;2012-09-24 15:20:00;172602N232;485;3.346;33;225;226;227;223;0.873;49.99;424.1;0.572;419.7;0.558;0.0;0.000;60;0;0;0.827;0.921;0.873;147;171;166;49.99;49.99;49.99;5685;1000;0.0;0;1.0000;0;0
600;2012-09-24 15:30:00;172602N232;356;3.406;33;225;226;227;223;0.862;49.99;416.8;0.418;411.9;0.411;0.0;0.000;60;0;0;0.895;0.915;0.777;104;126;124;49.99;49.99;49.99;5685;1000;0.0;0;1.0000;0;0
600;2012-09-24 15:40:00;172602N232;232;3.445;33;225;226;227;223;1.080;49.99;406.8;0.273;403.6;0.267;0.0;0.000;60;0;0;1.247;1.194;0.800;51;93;86;49.99;49.99;49.99;5685;1000;0.0;0;1.0000;0;0
600;2012-09-24 15:50:00;172602N232;215;3.480;33;225;226;226;223;1.110;49.99;406.0;0.253;403.7;0.246;0.0;0.000;60;0;0;1.435;1.128;0.769;28;100;86;49.99;49.99;49.99;5685;1000;0.0;0;1.0000;0;0
600;2012-09-24 16:00:00;172602N232;300;3.531;33;225;226;227;223;1.160;50.00;415.3;0.353;411.8;0.343;0.0;0.000;60;0;0;1.305;1.221;0.956;84;107;107;50.00;50.00;50.00;5685;1000;0.0;0;1.0000;0;0
600;2012-09-24 16:10:00;172602N232;256;3.573;33;225;227;226;223;1.106;50.01;410.3;0.300;407.2;0.294;0.0;0.000;60;0;0;1.345;1.060;0.913;49;100;105;50.01;50.01;50.01;5685;1000;0.0;0;1.0000;0;0
600;2012-09-24 16:20:00;172602N232;180;3.604;33;225;227;226;223;1.076;49.99;403.2;0.210;399.1;0.205;0.0;0.000;60;0;0;1.495;0.914;0.821;15;86;80;49.99;49.99;49.99;5685;1000;0.0;0;1.0000;0;0
600;2012-09-24 16:30:00;172602N232;206;3.638;33;225;227;226;223;1.098;49.99;407.4;0.240;402.9;0.235;0.0;0.000;60;0;0;1.473;1.040;0.781;23;98;84;49.99;49.99;49.99;5685;1000;0.0;0;1.0000;0;0
600;2012-09-24 16:40:00;172602N232;231;3.677;33;225;226;226;223;1.087;49.99;410.6;0.270;405.4;0.264;0.0;0.000;60;0;0;1.284;1.097;0.880;36;95;98;49.99;49.99;49.99;5685;1000;0.0;0;1.0000;0;0
600;2012-09-24 16:50:00;172602N232;194;3.710;32;225;225;226;223;1.125;50.00;405.1;0.226;401.3;0.221;0.0;0.000;60;0;0;1.470;1.060;0.847;24;86;83;50.00;50.00;50.00;5685;1000;0.0;0;1.0000;0;0
600;2012-09-24 17:00:00;172602N232;179;3.740;32;224;225;224;222;1.187;50.00;402.2;0.210;401.1;0.202;0.0;0.000;60;0;0;1.750;0.957;0.856;10;107;71;50.00;50.00;50.00;5685;1000;0.0;0;1.0000;0;0
600;2012-09-24 17:10:00;172602N232;265;3.784;32;223;225;223;221;1.136;50.01;413.8;0.309;409.2;0.302;0.0;0.000;60;0;0;1.428;1.001;0.980;53;107;104;50.01;50.01;50.01;5685;1000;0.0;0;1.0000;0;0
600;2012-09-24 17:20:00;172602N232;116;3.804;32;221;223;222;219;0.989;49.99;387.3;0.133;388.1;0.129;0.0;0.000;60;0;0;1.489;0.785;0.694;0;69;62;49.99;49.99;49.99;5685;1000;0.0;0;1.0000;0;0
600;2012-09-24 17:30:00;172602N232;81;3.816;32;222;223;224;219;0.942;49.99;378.6;0.091;379.7;0.089;0.0;0.000;60;0;0;1.185;0.926;0.715;2;31;57;49.99;49.99;49.99;5685;1000;0.0;0;1.0000;0;0
600;2012-09-24 17:40:00;172602N232;98;3.834;32;222;224;225;219;0.924;50.00;383.9;0.112;385.1;0.108;0.0;0.000;60;0;0;1.070;0.987;0.715;10;28;62;50.00;50.00;50.00;5685;1000;0.0;0;1.0000;0;0
600;2012-09-24 17:50:00;172602N232;81;3.847;32;222;225;224;217;0.874;49.99;378.1;0.091;379.1;0.088;0.0;0.000;60;0;0;1.177;0.781;0.666;2;39;57;49.99;49.99;49.99;5685;1000;0.0;0;1.0000;0;0
600;2012-09-24 18:00:00;172602N232;63;3.857;32;223;225;225;219;0.722;50.03;369.3;0.067;371.6;0.066;0.0;0.000;60;0;0;0.947;0.695;0.525;0;32;42;50.03;50.03;50.03;5685;1000;0.0;0;1.0000;0;0
600;2012-09-24 18:10:00;172602N232;65;3.869;32;224;225;226;222;0.765;50.05;370.7;0.071;372.8;0.070;0.0;0.000;60;0;0;0.909;0.830;0.557;6;21;43;50.05;50.05;50.05;5685;1000;0.0;0;1.0000;0;0
600;2012-09-24 18:20:00;172602N232;35;3.875;32;221;222;223;219;0.543;50.02;334.4;0.032;340.6;0.033;0.0;0.000;60;0;0;0.626;0.589;0.414;9;4;30;50.02;50.02;50.02;5685;1000;0.0;0;1.0000;0;0
600;2012-09-24 18:30:00;172602N232;6;3.876;31;220;220;222;218;0.227;50.00;260.3;0.002;256.7;0.003;0.0;0.000;60;0;0;0.260;0.262;0.160;1;3;9;50.00;50.00;50.00;5685;1000;0.0;0;1.0000;0;0
600;2012-09-24 18:40:00;172602N232;0;3.877;30;220;221;222;218;0.014;49.99;295.1;0.000;293.0;0.000;0.0;0.000;51;0;0;0.017;0.016;0.011;0;0;0;49.99;49.99;49.99;5252;1000;0.0;0;1.0000;0;0
600;2012-09-24 18:50:00;172602N232;0;3.877;29;221;221;224;217;0.000;49.97;255.2;0.000;255.2;0.000;0.0;0.000;51;0;0;0.000;0.000;0.000;0;0;0;49.97;49.97;49.97;4750;1000;0.0;0;1.0000;0;0
600;2012-09-24 19:00:00;172602N232;0;3.877;28;219;220;222;216;0.000;49.99;228.0;0.000;229.0;0.000;0.0;0.000;51;0;0;0.000;0.000;0.000;0;0;0;49.99;49.99;49.99;4750;1000;0.0;0;1.0000;0;0
600;2012-09-24 19:10:00;172602N232;0;3.877;28;219;220;220;216;0.000;50.00;228.1;0.000;229.1;0.000;0.0;0.000;51;0;0;0.000;0.000;0.000;0;0;0;50.00;50.00;50.00;4750;1000;0.0;0;1.0000;0;0
600;2012-09-24 19:20:00;172602N232;0;3.877;28;219;220;220;216;0.000;49.99;229.5;0.000;230.0;0.000;0.0;0.000;51;0;0;0.000;0.000;0.000;0;0;0;49.99;49.99;49.99;4750;1000;0.0;0;1.0000;0;0
[wr_ende]
