20130821;230002;172602N232;My Plant;+0100
[wr_def_start]
172602N232;Inverter Type;Inverter Group;72602N232      
[wr_def_end]
[wr]
INTERVAL;TIMESTAMP;SERIAL;P_AC;E_DAY;T_WR;U_AC;U_AC_1;U_AC_2;U_AC_3;I_AC;F_AC;U_DC_1;I_DC_1;U_DC_2;I_DC_2;U_DC_3;I_DC_3;S;E_WR;M_WR;I_AC_1;I_AC_2;I_AC_3;P_AC_1;P_AC_2;P_AC_3;F_AC_1;F_AC_2;F_AC_3;R_DC;PC;PCS;PCS_LL;COS_PHI;COS_PHI_LL;S_COS_PHI
600;2013-08-21 05:30:00;172602N232;0;0.000;0;1;1;1;1;0.000;0.34;1.5;0.000;1.5;0.000;0.0;0.000;50;0;0;0.000;0.000;0.000;0;0;0;0.34;0.34;0.34;2;1000;0.0;0;1.0000;0;0
600;2013-08-21 05:40:00;172602N232;0;0.000;27;225;226;227;221;0.000;50.01;229.0;0.000;229.9;0.000;0.0;0.000;50;0;0;0.000;0.000;0.000;0;0;0;50.01;50.01;50.01;0;1000;0.0;0;1.0000;0;0
600;2013-08-21 05:50:00;172602N232;0;0.000;28;225;226;227;222;0.000;50.03;239.6;0.000;240.4;0.000;0.0;0.000;50;0;0;0.000;0.000;0.000;0;0;0;50.03;50.03;50.03;0;1000;0.0;0;1.0000;0;0
600;2013-08-21 06:00:00;172602N232;1;0.000;29;224;225;225;221;0.066;50.00;279.0;0.000;277.4;0.000;0.0;0.000;60;0;0;0.097;0.060;0.043;1;1;2;50.00;50.00;50.00;3026;1000;0.0;0;1.0000;0;0
600;2013-08-21 06:10:00;172602N232;34;0.006;29;222;223;224;220;0.549;50.00;339.5;0.032;331.2;0.030;0.0;0.000;60;0;0;0.600;0.642;0.407;3;8;29;50.00;50.00;50.00;4461;1000;0.0;0;1.0000;0;0
600;2013-08-21 06:20:00;172602N232;105;0.022;30;222;222;223;221;0.932;49.99;389.5;0.123;392.4;0.110;0.0;0.000;60;0;0;1.087;0.967;0.743;12;37;59;49.99;49.99;49.99;4461;1000;0.0;0;1.0000;0;0
600;2013-08-21 06:30:00;172602N232;180;0.053;30;225;225;226;224;1.004;49.99;404.4;0.215;407.1;0.195;0.0;0.000;60;0;0;1.108;1.161;0.745;45;64;69;49.99;49.99;49.99;4461;1000;0.0;0;1.0000;0;0
600;2013-08-21 06:40:00;172602N232;203;0.087;31;228;229;229;226;1.007;49.98;404.2;0.247;407.5;0.223;0.0;0.000;60;0;0;1.314;0.911;0.796;46;73;83;49.98;49.98;49.98;4461;1000;0.0;0;1.0000;0;0
600;2013-08-21 06:50:00;172602N232;200;0.120;31;228;228;229;226;1.078;50.02;401.9;0.243;405.2;0.222;0.0;0.000;60;0;0;1.492;0.885;0.857;56;63;79;50.02;50.02;50.02;4461;1000;0.0;0;1.0000;0;0
600;2013-08-21 07:00:00;172602N232;180;0.150;32;225;226;226;224;1.111;49.98;398.7;0.217;402.2;0.199;0.0;0.000;60;0;0;1.574;0.950;0.811;25;79;74;49.98;49.98;49.98;4461;1000;0.0;0;1.0000;0;0
600;2013-08-21 07:10:00;172602N232;156;0.176;33;225;226;227;223;1.058;49.98;394.8;0.188;397.8;0.174;0.0;0.000;60;0;0;1.317;1.079;0.778;10;71;74;49.98;49.98;49.98;4461;1000;0.0;0;1.0000;0;0
600;2013-08-21 07:20:00;172602N232;184;0.208;33;226;226;227;224;1.028;49.99;398.8;0.219;399.2;0.208;0.0;0.000;60;0;0;1.252;1.105;0.728;23;86;75;49.99;49.99;49.99;4461;1000;0.0;0;1.0000;0;0
600;2013-08-21 07:30:00;172602N232;290;0.256;34;224;225;225;224;1.145;50.02;411.8;0.344;407.6;0.334;0.0;0.000;60;0;0;1.349;1.186;0.900;83;119;86;50.02;50.02;50.02;4461;1000;0.0;0;1.0000;0;0
600;2013-08-21 07:40:00;172602N232;346;0.314;34;224;224;225;223;1.212;49.99;413.3;0.415;409.5;0.399;0.0;0.000;60;0;0;1.311;1.232;1.093;89;125;129;49.99;49.99;49.99;4461;1000;0.0;0;1.0000;0;0
600;2013-08-21 07:50:00;172602N232;346;0.371;35;224;224;224;222;1.208;50.00;408.6;0.422;409.2;0.395;0.0;0.000;60;0;0;1.320;1.229;1.075;83;133;128;50.00;50.00;50.00;4461;1000;0.0;0;1.0000;0;0
600;2013-08-21 08:00:00;172602N232;144;0.396;35;223;224;223;221;1.079;50.00;387.2;0.174;389.7;0.163;0.0;0.000;60;0;0;1.522;0.951;0.765;7;75;68;50.00;50.00;50.00;4461;1000;0.0;0;1.0000;0;0
600;2013-08-21 08:10:00;172602N232;117;0.416;35;223;223;224;221;0.923;49.99;381.9;0.141;386.3;0.131;0.0;0.000;60;0;0;1.060;0.998;0.712;13;39;64;49.99;49.99;49.99;4461;1000;0.0;0;1.0000;0;0
600;2013-08-21 08:20:00;172602N232;131;0.437;35;224;224;225;223;0.927;49.99;384.4;0.158;388.4;0.147;0.0;0.000;60;0;0;1.031;0.962;0.790;17;50;61;49.99;49.99;49.99;4461;1000;0.0;0;1.0000;0;0
600;2013-08-21 08:30:00;172602N232;131;0.460;36;224;225;224;224;0.927;50.00;384.0;0.158;389.0;0.146;0.0;0.000;60;0;0;1.061;0.981;0.739;14;60;57;50.00;50.00;50.00;4461;1000;0.0;0;1.0000;0;0
600;2013-08-21 08:40:00;172602N232;187;0.490;36;224;224;226;223;0.992;49.99;380.8;0.230;391.9;0.216;0.0;0.000;60;0;0;1.040;1.115;0.823;40;65;80;49.99;49.99;49.99;4461;1000;0.0;0;1.0000;0;0
600;2013-08-21 08:50:00;172602N232;486;0.571;36;224;224;224;224;0.864;50.00;403.1;0.599;412.2;0.575;0.0;0.000;60;0;0;0.824;0.903;0.865;150;171;163;50.00;50.00;50.00;4461;1000;0.0;0;1.0000;0;0
600;2013-08-21 09:00:00;172602N232;521;0.659;36;223;224;223;223;0.818;50.00;403.7;0.644;412.5;0.616;0.0;0.000;60;0;0;0.770;0.852;0.833;162;180;176;50.00;50.00;50.00;4461;1000;0.0;0;1.0000;0;0
600;2013-08-21 09:10:00;172602N232;649;0.767;36;223;224;223;223;1.219;50.00;414.8;0.785;415.3;0.762;0.0;0.000;60;0;0;1.252;1.182;1.224;212;215;219;50.00;50.00;50.00;4461;1000;0.0;0;1.0000;0;0
600;2013-08-21 09:20:00;172602N232;537;0.858;37;223;224;223;222;0.990;50.01;411.0;0.659;411.9;0.626;0.0;0.000;60;0;0;0.995;1.003;0.972;170;186;179;50.01;50.01;50.01;4461;1000;0.0;0;1.0000;0;0
600;2013-08-21 09:30:00;172602N232;962;1.018;37;223;224;223;221;1.469;50.02;418.9;1.193;420.5;1.096;0.0;0.000;60;0;0;1.427;1.508;1.474;312;330;319;50.02;50.02;50.02;4461;1000;0.0;0;1.0000;0;0
600;2013-08-21 09:40:00;172602N232;908;1.169;37;223;224;224;220;1.390;50.03;417.2;1.121;414.8;1.056;0.0;0.000;60;0;0;1.348;1.437;1.387;294;315;298;50.03;50.03;50.03;4461;1000;0.0;0;1.0000;0;0
600;2013-08-21 09:50:00;172602N232;1198;1.369;38;223;223;226;221;1.852;50.03;417.0;1.501;419.8;1.368;0.0;0.000;60;0;0;1.802;1.905;1.851;384;417;396;50.03;50.03;50.03;4461;1000;0.0;0;1.0000;0;0
600;2013-08-21 10:00:00;172602N232;1273;1.581;38;223;222;225;222;1.965;50.04;418.5;1.569;416.1;1.491;0.0;0.000;60;0;0;1.905;2.015;1.977;406;440;425;50.04;50.04;50.04;4461;1000;0.0;0;1.0000;0;0
600;2013-08-21 10:10:00;172602N232;1396;1.815;39;223;223;225;222;2.096;50.03;417.1;1.715;412.0;1.666;0.0;0.000;60;0;0;2.027;2.147;2.114;448;481;466;50.03;50.03;50.03;4461;1000;0.0;0;1.0000;0;0
600;2013-08-21 10:20:00;172602N232;1308;2.032;39;223;223;225;221;2.004;50.03;414.1;1.626;412.3;1.549;0.0;0.000;60;0;0;1.960;2.046;2.006;422;451;433;50.03;50.03;50.03;4461;1000;0.0;0;1.0000;0;0
600;2013-08-21 10:30:00;172602N232;1337;2.255;39;223;223;225;222;2.025;50.02;414.6;1.673;413.4;1.569;0.0;0.000;60;0;0;1.971;2.069;2.035;431;460;444;50.02;50.02;50.02;4461;1000;0.0;0;1.0000;0;0
600;2013-08-21 10:40:00;172602N232;906;2.407;39;223;223;224;222;1.396;50.03;406.3;1.162;406.5;1.064;0.0;0.000;60;0;0;1.345;1.436;1.409;288;313;303;50.03;50.03;50.03;4461;1000;0.0;0;1.0000;0;0
600;2013-08-21 10:50:00;172602N232;1088;2.588;40;223;223;225;221;1.659;50.03;409.4;1.343;410.2;1.315;0.0;0.000;60;0;0;1.612;1.704;1.663;350;375;360;50.03;50.03;50.03;4461;1000;0.0;0;1.0000;0;0
600;2013-08-21 11:00:00;172602N232;965;2.749;40;223;222;225;222;1.472;50.00;402.2;1.206;406.5;1.181;0.0;0.000;60;0;0;1.415;1.517;1.484;306;334;322;50.00;50.00;50.00;4461;1000;0.0;0;1.0000;0;0
600;2013-08-21 11:10:00;172602N232;603;2.850;40;222;222;224;221;0.954;49.99;407.4;0.752;402.4;0.724;0.0;0.000;60;0;0;0.910;0.992;0.961;188;211;202;49.99;49.99;49.99;4461;1000;0.0;0;1.0000;0;0
600;2013-08-21 11:20:00;172602N232;631;2.955;40;222;222;224;221;0.994;49.99;412.6;0.764;403.4;0.767;0.0;0.000;60;0;0;0.937;1.050;0.997;196;222;210;49.99;49.99;49.99;4461;1000;0.0;0;1.0000;0;0
600;2013-08-21 11:30:00;172602N232;426;3.025;40;222;222;224;221;0.805;49.99;403.1;0.523;399.0;0.517;0.0;0.000;60;0;0;0.750;0.861;0.804;129;151;145;49.99;49.99;49.99;4461;1000;0.0;0;1.0000;0;0
600;2013-08-21 11:40:00;172602N232;443;3.100;40;223;222;224;222;1.101;49.99;396.7;0.547;399.2;0.544;0.0;0.000;60;0;0;1.094;1.152;1.057;134;154;153;49.99;49.99;49.99;4461;1000;0.0;0;1.0000;0;0
600;2013-08-21 11:50:00;172602N232;1327;3.323;40;224;224;226;222;2.012;50.01;416.9;1.614;414.5;1.586;0.0;0.000;60;0;0;1.966;2.057;2.013;428;457;439;50.01;50.01;50.01;4461;1000;0.0;0;1.0000;0;0
600;2013-08-21 12:00:00;172602N232;1519;3.574;40;225;224;227;223;2.265;50.00;416.5;1.879;414.0;1.797;0.0;0.000;60;0;0;2.200;2.323;2.272;490;524;503;50.00;50.00;50.00;4461;1000;0.0;0;1.0000;0;0
600;2013-08-21 12:10:00;172602N232;1468;3.820;40;224;224;226;223;2.195;50.00;413.2;1.838;410.6;1.744;0.0;0.000;60;0;0;2.133;2.249;2.204;473;506;487;50.00;50.00;50.00;4461;1000;0.0;0;1.0000;0;0
600;2013-08-21 12:20:00;172602N232;1685;4.101;40;224;223;226;222;2.520;50.00;412.3;2.102;408.4;2.033;0.0;0.000;60;0;0;2.454;2.582;2.525;545;581;558;50.00;50.00;50.00;4461;1000;0.0;0;1.0000;0;0
600;2013-08-21 12:30:00;172602N232;1195;4.301;41;223;223;225;221;1.810;49.98;403.5;1.530;405.7;1.424;0.0;0.000;60;0;0;1.755;1.859;1.816;384;413;396;49.98;49.98;49.98;4461;1000;0.0;0;1.0000;0;0
600;2013-08-21 12:40:00;172602N232;1640;4.574;41;223;222;226;222;2.471;50.01;410.0;2.072;409.7;1.952;0.0;0.000;60;0;0;2.397;2.542;2.475;525;569;544;50.01;50.01;50.01;4461;1000;0.0;0;1.0000;0;0
600;2013-08-21 12:50:00;172602N232;1649;4.849;41;223;223;226;222;2.480;50.01;409.1;2.100;408.7;1.960;0.0;0.000;60;0;0;2.412;2.544;2.484;532;569;546;50.01;50.01;50.01;4461;1000;0.0;0;1.0000;0;0
600;2013-08-21 13:00:00;172602N232;1956;5.175;41;224;223;226;222;2.929;50.00;406.4;2.503;406.9;2.347;0.0;0.000;60;0;0;2.861;2.996;2.932;634;673;647;50.00;50.00;50.00;4461;1000;0.0;0;1.0000;0;0
600;2013-08-21 13:10:00;172602N232;2615;5.611;41;225;224;227;223;3.890;50.02;401.7;3.389;403.2;3.183;0.0;0.000;60;0;0;3.817;3.969;3.884;851;899;862;50.02;50.02;50.02;4461;1000;0.0;0;1.0000;0;0
600;2013-08-21 13:20:00;172602N232;2618;6.048;41;224;224;227;223;3.897;50.01;395.4;3.452;398.6;3.219;0.0;0.000;60;0;0;3.834;3.971;3.888;856;898;863;50.01;50.01;50.01;4461;1000;0.0;0;1.0000;0;0
600;2013-08-21 13:30:00;172602N232;2729;6.503;41;224;224;227;222;4.067;50.00;394.6;3.583;397.5;3.388;0.0;0.000;60;0;0;4.004;4.148;4.049;894;937;896;50.00;50.00;50.00;4461;1000;0.0;0;1.0000;0;0
600;2013-08-21 13:40:00;172602N232;2306;6.887;42;224;223;227;222;3.453;50.02;396.3;3.036;397.4;2.839;0.0;0.000;60;0;0;3.382;3.525;3.452;750;794;760;50.02;50.02;50.02;4461;1000;0.0;0;1.0000;0;0
600;2013-08-21 13:50:00;172602N232;2156;7.247;42;224;223;227;222;3.224;50.01;399.6;2.806;399.3;2.640;0.0;0.000;60;0;0;3.155;3.303;3.216;701;744;709;50.01;50.01;50.01;4461;1000;0.0;0;1.0000;0;0
600;2013-08-21 14:00:00;172602N232;3834;7.886;42;225;225;229;221;5.681;49.98;388.5;5.084;392.2;4.893;0.0;0.000;60;0;0;5.621;5.842;5.581;1263;1336;1233;49.98;49.98;49.98;4461;1000;0.0;0;1.0000;0;0
600;2013-08-21 14:10:00;172602N232;2380;8.283;42;224;224;227;221;3.563;49.98;387.4;3.163;390.3;3.023;0.0;0.000;60;0;0;3.511;3.640;3.538;781;821;778;49.98;49.98;49.98;4461;1000;0.0;0;1.0000;0;0
600;2013-08-21 14:20:00;172602N232;2329;8.671;43;224;224;226;222;3.473;49.99;392.7;3.053;392.6;2.948;0.0;0.000;60;0;0;3.410;3.545;3.466;760;800;766;49.99;49.99;49.99;4461;1000;0.0;0;1.0000;0;0
600;2013-08-21 14:30:00;172602N232;1737;8.961;43;224;223;226;222;2.599;50.01;407.4;2.164;397.4;2.181;0.0;0.000;60;0;0;2.534;2.662;2.603;563;598;574;50.01;50.01;50.01;4461;1000;0.0;0;1.0000;0;0
600;2013-08-21 14:40:00;172602N232;3005;9.463;43;225;225;228;221;4.464;50.00;396.4;3.885;396.0;3.799;0.0;0.000;60;0;0;4.410;4.581;4.402;990;1045;970;50.00;50.00;50.00;4461;1000;0.0;0;1.0000;0;0
600;2013-08-21 14:50:00;172602N232;2805;9.931;43;225;225;228;222;4.162;50.01;393.7;3.647;391.0;3.590;0.0;0.000;60;0;0;4.114;4.259;4.113;925;970;909;50.01;50.01;50.01;4461;1000;0.0;0;1.0000;0;0
600;2013-08-21 15:00:00;172602N232;2184;10.295;43;225;226;228;220;3.251;49.99;397.1;2.808;390.3;2.794;0.0;0.000;60;0;0;3.207;3.347;3.200;720;760;703;49.99;49.99;49.99;4461;1000;0.0;0;1.0000;0;0
600;2013-08-21 15:10:00;172602N232;1551;10.554;43;224;225;227;221;2.333;50.00;400.1;1.976;392.6;1.964;0.0;0.000;60;0;0;2.293;2.393;2.314;508;537;504;50.00;50.00;50.00;4461;1000;0.0;0;1.0000;0;0
600;2013-08-21 15:20:00;172602N232;1365;10.782;43;224;224;227;221;2.073;50.00;397.4;1.734;397.7;1.715;0.0;0.000;60;0;0;2.034;2.126;2.059;443;474;446;50.00;50.00;50.00;4461;1000;0.0;0;1.0000;0;0
600;2013-08-21 15:30:00;172602N232;1360;11.008;43;222;223;224;219;2.082;49.99;399.3;1.732;400.0;1.685;0.0;0.000;60;0;0;2.050;2.128;2.068;444;470;445;49.99;49.99;49.99;4461;1000;0.0;0;1.0000;0;0
600;2013-08-21 15:40:00;172602N232;1401;11.243;43;223;224;226;219;2.118;49.99;405.4;1.766;400.7;1.725;0.0;0.000;60;0;0;2.075;2.190;2.091;458;490;452;49.99;49.99;49.99;4461;1000;0.0;0;1.0000;0;0
600;2013-08-21 15:50:00;172602N232;1005;11.411;43;224;225;226;219;1.605;50.00;400.8;1.286;399.2;1.224;0.0;0.000;60;0;0;1.659;1.600;1.558;333;345;324;50.00;50.00;50.00;4461;1000;0.0;0;1.0000;0;0
600;2013-08-21 16:00:00;172602N232;1110;11.596;43;224;225;227;220;1.698;49.99;406.7;1.395;401.0;1.355;0.0;0.000;60;0;0;1.656;1.760;1.679;360;390;359;49.99;49.99;49.99;4461;1000;0.0;0;1.0000;0;0
600;2013-08-21 16:10:00;172602N232;691;11.711;42;225;226;228;222;1.071;49.98;395.0;0.897;398.5;0.831;0.0;0.000;60;0;0;1.018;1.123;1.072;217;245;227;49.98;49.98;49.98;4461;1000;0.0;0;1.0000;0;0
600;2013-08-21 16:20:00;172602N232;257;11.754;42;225;226;227;222;1.077;49.99;377.8;0.338;386.5;0.307;0.0;0.000;60;0;0;1.208;1.166;0.859;76;83;95;49.99;49.99;49.99;4461;1000;0.0;0;1.0000;0;0
600;2013-08-21 16:30:00;172602N232;784;11.886;42;225;227;227;221;1.422;49.98;404.6;0.971;403.5;0.954;0.0;0.000;60;0;0;1.533;1.384;1.350;260;267;255;49.98;49.98;49.98;4461;1000;0.0;0;1.0000;0;0
600;2013-08-21 16:40:00;172602N232;977;12.047;42;225;226;227;222;1.477;49.99;411.9;1.209;405.2;1.181;0.0;0.000;60;0;0;1.430;1.522;1.481;315;338;321;49.99;49.99;49.99;4461;1000;0.0;0;1.0000;0;0
600;2013-08-21 16:50:00;172602N232;863;12.192;42;225;225;227;223;1.313;50.01;409.0;1.075;404.4;1.041;0.0;0.000;60;0;0;1.258;1.362;1.321;274;302;285;50.01;50.01;50.01;4461;1000;0.0;0;1.0000;0;0
600;2013-08-21 17:00:00;172602N232;635;12.297;42;224;225;226;222;0.995;50.03;405.9;0.793;400.8;0.766;0.0;0.000;60;0;0;0.952;1.038;0.995;199;223;211;50.03;50.03;50.03;4461;1000;0.0;0;1.0000;0;0
600;2013-08-21 17:10:00;172602N232;708;12.416;42;224;224;226;222;1.099;50.01;409.0;0.874;401.4;0.862;0.0;0.000;60;0;0;1.044;1.142;1.113;222;247;237;50.01;50.01;50.01;4461;1000;0.0;0;1.0000;0;0
600;2013-08-21 17:20:00;172602N232;723;12.537;41;224;224;226;222;1.130;50.00;412.1;0.881;402.0;0.885;0.0;0.000;60;0;0;1.084;1.169;1.138;227;253;241;50.00;50.00;50.00;4461;1000;0.0;0;1.0000;0;0
600;2013-08-21 17:30:00;172602N232;609;12.639;41;224;224;226;222;1.075;49.98;407.9;0.753;401.0;0.736;0.0;0.000;60;0;0;1.077;1.102;1.047;192;214;201;49.98;49.98;49.98;4461;1000;0.0;0;1.0000;0;0
600;2013-08-21 17:40:00;172602N232;417;12.708;41;224;224;225;223;1.016;49.98;401.7;0.516;396.0;0.506;0.0;0.000;60;0;0;1.012;1.076;0.962;127;149;139;49.98;49.98;49.98;4461;1000;0.0;0;1.0000;0;0
600;2013-08-21 17:50:00;172602N232;346;12.766;41;224;225;225;223;1.176;50.00;388.2;0.435;393.7;0.424;0.0;0.000;60;0;0;1.253;1.183;1.094;93;133;117;50.00;50.00;50.00;4461;1000;0.0;0;1.0000;0;0
600;2013-08-21 18:00:00;172602N232;447;12.841;41;226;227;227;223;0.996;50.03;388.7;0.570;398.3;0.548;0.0;0.000;60;0;0;1.009;1.041;0.940;136;166;144;50.03;50.03;50.03;4461;1000;0.0;0;1.0000;0;0
600;2013-08-21 18:10:00;172602N232;375;12.903;40;226;228;228;224;1.130;50.01;399.5;0.466;396.2;0.450;0.0;0.000;60;0;0;1.241;1.119;1.032;105;139;128;50.01;50.01;50.01;4461;1000;0.0;0;1.0000;0;0
600;2013-08-21 18:20:00;172602N232;274;12.949;40;226;228;228;224;1.198;49.99;389.0;0.343;391.6;0.332;0.0;0.000;60;0;0;1.495;1.250;0.851;56;119;98;49.99;49.99;49.99;4461;1000;0.0;0;1.0000;0;0
600;2013-08-21 18:30:00;172602N232;335;13.005;40;226;226;228;225;1.200;49.99;393.1;0.420;395.8;0.405;0.0;0.000;60;0;0;1.297;1.275;1.029;103;114;117;49.99;49.99;49.99;4461;1000;0.0;0;1.0000;0;0
600;2013-08-21 18:40:00;172602N232;318;13.059;40;227;226;229;225;1.187;49.97;398.0;0.394;395.1;0.381;0.0;0.000;60;0;0;1.272;1.296;0.995;100;103;112;49.97;49.97;49.97;4461;1000;0.0;0;1.0000;0;0
600;2013-08-21 18:50:00;172602N232;235;13.098;39;226;226;228;225;1.072;49.99;393.1;0.290;389.1;0.279;0.0;0.000;60;0;0;1.135;1.213;0.870;69;73;90;49.99;49.99;49.99;4461;1000;0.0;0;1.0000;0;0
600;2013-08-21 19:00:00;172602N232;217;13.134;39;223;223;225;222;1.001;50.00;391.6;0.268;388.3;0.258;0.0;0.000;60;0;0;1.122;1.130;0.751;68;69;78;50.00;50.00;50.00;4461;1000;0.0;0;1.0000;0;0
600;2013-08-21 19:10:00;172602N232;158;13.161;39;221;219;224;220;0.990;50.00;381.5;0.196;383.0;0.184;0.0;0.000;60;0;0;0.871;1.341;0.758;52;24;80;50.00;50.00;50.00;4461;1000;0.0;0;1.0000;0;0
600;2013-08-21 19:20:00;172602N232;111;13.179;39;221;218;224;220;0.952;49.99;373.4;0.134;374.6;0.128;0.0;0.000;60;0;0;0.733;1.418;0.707;53;1;62;49.99;49.99;49.99;4461;1000;0.0;0;1.0000;0;0
600;2013-08-21 19:30:00;172602N232;82;13.194;38;222;222;224;219;0.843;49.99;364.1;0.098;368.1;0.092;0.0;0.000;60;0;0;0.854;1.014;0.661;13;14;55;49.99;49.99;49.99;4461;1000;0.0;0;1.0000;0;0
600;2013-08-21 19:40:00;172602N232;42;13.201;38;221;222;223;219;0.603;49.98;336.4;0.045;342.8;0.043;0.0;0.000;60;0;0;0.750;0.566;0.493;0;25;36;49.98;49.98;49.98;4461;1000;0.0;0;1.0000;0;0
600;2013-08-21 19:50:00;172602N232;29;13.206;38;221;222;222;219;0.466;49.98;313.7;0.027;316.1;0.027;0.0;0.000;60;0;0;0.569;0.477;0.352;2;13;24;49.98;49.98;49.98;4461;1000;0.0;0;1.0000;0;0
600;2013-08-21 20:00:00;172602N232;6;13.208;37;221;222;222;219;0.211;49.98;262.6;0.003;256.5;0.005;0.0;0.000;60;0;0;0.314;0.182;0.137;0;5;8;49.98;49.98;49.98;4461;1000;0.0;0;1.0000;0;0
600;2013-08-21 20:10:00;172602N232;0;13.207;36;221;223;223;218;0.001;49.98;276.8;0.000;276.1;0.000;0.0;0.000;50;0;0;0.003;0.000;0.000;0;0;0;49.98;49.98;49.98;4461;1000;0.0;0;1.0000;0;0
600;2013-08-21 20:20:00;172602N232;0;13.207;35;221;222;224;218;0.000;49.98;237.6;0.000;238.5;0.000;0.0;0.000;50;0;0;0.000;0.000;0.000;0;0;0;49.98;49.98;49.98;4461;1000;0.0;0;1.0000;0;0
600;2013-08-21 20:30:00;172602N232;0;13.207;35;221;221;224;218;0.000;49.97;229.3;0.000;230.2;0.000;0.0;0.000;50;0;0;0.000;0.000;0.000;0;0;0;49.97;49.97;49.97;4461;1000;0.0;0;1.0000;0;0
600;2013-08-21 20:40:00;172602N232;0;13.207;34;220;220;223;218;0.000;49.99;227.5;0.000;228.4;0.000;0.0;0.000;50;0;0;0.000;0.000;0.000;0;0;0;49.99;49.99;49.99;4461;1000;0.0;0;1.0000;0;0
600;2013-08-21 20:50:00;172602N232;0;13.207;34;221;220;223;219;0.000;49.98;227.3;0.000;228.2;0.000;0.0;0.000;50;0;0;0.000;0.000;0.000;0;0;0;49.98;49.98;49.98;4461;1000;0.0;0;1.0000;0;0
[wr_ende]
