20141223;230001;172602N232;My Plant;+0100
[wr_def_start]
172602N232;Inverter Type;Inverter Group;72602N232      
[wr_def_end]
[wr]
INTERVAL;TIMESTAMP;SERIAL;P_AC;E_DAY;T_WR;U_AC;U_AC_1;U_AC_2;U_AC_3;I_AC;F_AC;U_DC_1;I_DC_1;U_DC_2;I_DC_2;U_DC_3;I_DC_3;S;E_WR;M_WR;I_AC_1;I_AC_2;I_AC_3;P_AC_1;P_AC_2;P_AC_3;F_AC_1;F_AC_2;F_AC_3;R_DC;PC;PCS;PCS_LL;COS_PHI;COS_PHI_LL;S_COS_PHI
600;2014-12-23 08:10:00;172602N232;0;0.000;0;2;2;2;2;0.000;0.55;2.5;0.000;2.5;0.000;0.0;0.000;50;0;0;0.000;0.000;0.000;0;0;0;0.55;0.55;0.55;49;1000;0.0;0;1.0000;0;0
600;2014-12-23 08:20:00;172602N232;0;0.000;16;219;220;220;217;0.000;49.99;227.1;0.000;228.0;0.000;0.0;0.000;50;0;0;0.000;0.000;0.000;0;0;0;49.99;49.99;49.99;0;1000;0.0;0;1.0000;0;0
600;2014-12-23 08:30:00;172602N232;0;0.000;18;219;220;221;217;0.000;49.99;231.1;0.000;232.1;0.000;0.0;0.000;50;0;0;0.000;0.000;0.000;0;0;0;49.99;49.99;49.99;0;1000;0.0;0;1.0000;0;0
600;2014-12-23 08:40:00;172602N232;0;0.000;19;219;220;221;217;0.000;50.00;227.6;0.000;228.5;0.000;0.0;0.000;50;0;0;0.000;0.000;0.000;0;0;0;50.00;50.00;50.00;0;1000;0.0;0;1.0000;0;0
600;2014-12-23 08:50:00;172602N232;0;0.000;19;219;219;221;217;0.000;50.02;250.3;0.000;251.2;0.000;0.0;0.000;50;0;0;0.000;0.000;0.000;0;0;0;50.02;50.02;50.02;0;1000;0.0;0;1.0000;0;0
600;2014-12-23 09:00:00;172602N232;0;0.000;19;219;219;220;217;0.001;50.00;281.1;0.000;280.6;0.000;0.0;0.000;60;0;0;0.002;0.001;0.001;0;0;0;50.00;50.00;50.00;1708;1000;0.0;0;1.0000;0;0
600;2014-12-23 09:10:00;172602N232;0;0.000;20;219;219;221;218;0.017;50.01;278.4;0.000;277.7;0.000;0.0;0.000;51;0;0;0.013;0.028;0.012;0;0;0;50.01;50.01;50.01;4458;1000;0.0;0;1.0000;0;0
600;2014-12-23 09:20:00;172602N232;20;0.005;20;218;217;221;217;0.381;50.03;311.7;0.014;320.5;0.016;0.0;0.000;60;0;0;0.301;0.594;0.248;16;0;17;50.03;50.03;50.03;4696;1000;0.0;0;1.0000;0;0
600;2014-12-23 09:30:00;172602N232;89;0.020;20;218;217;221;217;0.884;50.01;389.0;0.097;392.1;0.098;0.0;0.000;60;0;0;0.780;1.208;0.666;33;6;54;50.01;50.01;50.01;4699;1000;0.0;0;1.0000;0;0
600;2014-12-23 09:40:00;172602N232;83;0.036;21;219;216;221;220;0.876;49.99;387.9;0.089;391.0;0.090;0.0;0.000;60;0;0;0.641;1.325;0.663;49;0;47;49.99;49.99;49.99;4699;1000;0.0;0;1.0000;0;0
600;2014-12-23 09:50:00;172602N232;84;0.051;21;219;217;221;219;0.854;49.99;387.6;0.090;389.6;0.092;0.0;0.000;60;0;0;0.670;1.242;0.652;39;0;51;49.99;49.99;49.99;4699;1000;0.0;0;1.0000;0;0
600;2014-12-23 10:00:00;172602N232;34;0.060;22;219;217;221;219;0.545;49.99;337.3;0.028;352.5;0.031;0.0;0.000;60;0;0;0.474;0.792;0.370;24;0;24;49.99;49.99;49.99;4699;1000;0.0;0;1.0000;0;0
600;2014-12-23 10:10:00;172602N232;101;0.075;22;219;218;220;218;0.876;49.99;391.8;0.111;393.2;0.113;0.0;0.000;60;0;0;0.760;1.172;0.698;32;13;56;49.99;49.99;49.99;4699;1000;0.0;0;1.0000;0;0
600;2014-12-23 10:20:00;172602N232;124;0.092;22;219;218;221;219;0.915;50.00;401.4;0.137;399.7;0.140;0.0;0.000;60;0;0;0.819;1.175;0.751;37;23;62;50.00;50.00;50.00;4699;1000;0.0;0;1.0000;0;0
600;2014-12-23 10:30:00;172602N232;129;0.111;23;219;219;219;220;0.863;50.00;402.6;0.143;400.4;0.146;0.0;0.000;60;0;0;0.783;0.937;0.870;32;56;39;50.00;50.00;50.00;4699;1000;0.0;0;1.0000;0;0
600;2014-12-23 10:40:00;172602N232;132;0.133;23;219;220;216;220;0.887;49.99;401.2;0.147;400.1;0.149;0.0;0.000;60;0;0;0.917;0.823;0.922;23;80;27;49.99;49.99;49.99;4699;1000;0.0;0;1.0000;0;0
600;2014-12-23 10:50:00;172602N232;141;0.158;23;218;219;217;218;0.989;49.99;403.2;0.158;402.0;0.160;0.0;0.000;60;0;0;1.335;0.831;0.803;11;84;44;49.99;49.99;49.99;4699;1000;0.0;0;1.0000;0;0
600;2014-12-23 11:00:00;172602N232;137;0.181;24;219;219;218;219;1.008;50.01;404.2;0.153;400.5;0.156;0.0;0.000;60;0;0;1.289;0.868;0.868;19;78;38;50.01;50.01;50.01;4699;1000;0.0;0;1.0000;0;0
600;2014-12-23 11:10:00;172602N232;151;0.206;24;218;219;218;218;1.017;50.00;406.4;0.169;402.4;0.172;0.0;0.000;60;0;0;1.234;0.983;0.835;18;83;49;50.00;50.00;50.00;4699;1000;0.0;0;1.0000;0;0
600;2014-12-23 11:20:00;172602N232;126;0.227;24;218;219;218;218;0.964;50.00;399.2;0.141;396.9;0.143;0.0;0.000;60;0;0;1.313;0.808;0.771;9;67;49;50.00;50.00;50.00;4699;1000;0.0;0;1.0000;0;0
600;2014-12-23 11:30:00;172602N232;146;0.251;25;219;220;220;217;1.046;50.00;406.0;0.163;401.5;0.167;0.0;0.000;60;0;0;1.496;0.888;0.754;8;76;63;50.00;50.00;50.00;4699;1000;0.0;0;1.0000;0;0
600;2014-12-23 11:40:00;172602N232;214;0.287;25;219;220;220;218;1.042;50.00;413.3;0.241;408.5;0.245;0.0;0.000;60;0;0;1.278;0.968;0.881;55;79;78;50.00;50.00;50.00;4699;1000;0.0;0;1.0000;0;0
600;2014-12-23 11:50:00;172602N232;173;0.317;25;220;220;221;220;0.948;50.00;406.7;0.195;404.0;0.197;0.0;0.000;60;0;0;1.072;1.031;0.742;37;73;62;50.00;50.00;50.00;4699;1000;0.0;0;1.0000;0;0
600;2014-12-23 12:00:00;172602N232;225;0.354;25;220;219;220;220;1.006;50.00;413.2;0.255;409.5;0.260;0.0;0.000;60;0;0;0.964;1.120;0.934;63;92;68;50.00;50.00;50.00;4699;1000;0.0;0;1.0000;0;0
600;2014-12-23 12:10:00;172602N232;357;0.414;25;220;220;220;220;1.035;49.99;423.5;0.407;418.6;0.413;0.0;0.000;60;0;0;1.065;1.065;0.975;111;134;109;49.99;49.99;49.99;4699;1000;0.0;0;1.0000;0;0
600;2014-12-23 12:20:00;172602N232;230;0.453;26;220;220;220;220;0.989;50.01;409.6;0.263;408.3;0.264;0.0;0.000;60;0;0;1.057;1.068;0.843;60;89;79;50.01;50.01;50.01;4699;1000;0.0;0;1.0000;0;0
600;2014-12-23 12:30:00;172602N232;228;0.491;26;220;219;220;219;1.008;50.00;417.9;0.255;411.6;0.262;0.0;0.000;60;0;0;1.109;1.150;0.767;70;89;67;50.00;50.00;50.00;4699;1000;0.0;0;1.0000;0;0
600;2014-12-23 12:40:00;172602N232;212;0.525;26;219;219;221;217;1.019;49.99;416.1;0.237;410.7;0.242;0.0;0.000;60;0;0;1.192;1.097;0.770;59;65;86;49.99;49.99;49.99;4699;1000;0.0;0;1.0000;0;0
600;2014-12-23 12:50:00;172602N232;138;0.550;26;219;220;220;218;1.019;50.00;402.7;0.154;400.4;0.157;0.0;0.000;60;0;0;1.378;0.924;0.755;10;66;62;50.00;50.00;50.00;4699;1000;0.0;0;1.0000;0;0
600;2014-12-23 13:00:00;172602N232;166;0.577;26;220;221;221;218;1.156;50.01;407.9;0.186;404.5;0.189;0.0;0.000;60;0;0;1.657;0.982;0.830;10;86;73;50.01;50.01;50.01;4699;1000;0.0;0;1.0000;0;0
600;2014-12-23 13:10:00;172602N232;215;0.613;26;219;219;220;219;0.959;49.99;415.1;0.241;409.7;0.246;0.0;0.000;60;0;0;0.978;1.072;0.828;58;74;80;49.99;49.99;49.99;4699;1000;0.0;0;1.0000;0;0
600;2014-12-23 13:20:00;172602N232;212;0.648;26;219;219;220;220;0.979;49.99;414.2;0.238;409.6;0.242;0.0;0.000;60;0;0;0.990;0.983;0.965;63;76;70;49.99;49.99;49.99;4699;1000;0.0;0;1.0000;0;0
600;2014-12-23 13:30:00;172602N232;235;0.687;26;219;219;219;219;1.036;50.00;415.0;0.266;411.8;0.269;0.0;0.000;60;0;0;1.151;1.107;0.851;69;98;65;50.00;50.00;50.00;4699;1000;0.0;0;1.0000;0;0
600;2014-12-23 13:40:00;172602N232;222;0.725;26;219;218;221;219;1.010;49.99;410.4;0.253;410.3;0.253;0.0;0.000;60;0;0;0.888;1.292;0.850;63;73;84;49.99;49.99;49.99;4699;1000;0.0;0;1.0000;0;0
600;2014-12-23 13:50:00;172602N232;132;0.747;27;219;219;222;217;0.955;49.99;396.6;0.148;397.0;0.150;0.0;0.000;60;0;0;0.777;1.341;0.748;41;16;74;49.99;49.99;49.99;4699;1000;0.0;0;1.0000;0;0
600;2014-12-23 14:00:00;172602N232;77;0.761;27;219;219;223;216;0.784;50.00;375.4;0.082;381.8;0.084;0.0;0.000;60;0;0;0.603;1.179;0.572;34;1;51;50.00;50.00;50.00;4699;1000;0.0;0;1.0000;0;0
600;2014-12-23 14:10:00;172602N232;103;0.778;27;220;220;222;217;0.889;49.99;394.1;0.113;392.8;0.116;0.0;0.000;60;0;0;0.852;1.116;0.699;19;19;64;49.99;49.99;49.99;4699;1000;0.0;0;1.0000;0;0
600;2014-12-23 14:20:00;172602N232;74;0.790;27;219;220;221;216;0.766;50.00;376.4;0.077;381.7;0.080;0.0;0.000;60;0;0;0.810;0.913;0.577;9;16;49;50.00;50.00;50.00;4699;1000;0.0;0;1.0000;0;0
600;2014-12-23 14:30:00;172602N232;51;0.799;26;220;222;222;215;0.599;50.00;359.5;0.049;368.1;0.052;0.0;0.000;60;0;0;0.770;0.575;0.453;1;30;37;50.00;50.00;50.00;4699;1000;0.0;0;1.0000;0;0
600;2014-12-23 14:40:00;172602N232;6;0.801;26;219;222;222;214;0.188;50.00;262.8;0.003;271.8;0.004;0.0;0.000;60;0;0;0.272;0.165;0.127;0;6;8;50.00;50.00;50.00;4699;1000;0.0;0;1.0000;0;0
600;2014-12-23 14:50:00;172602N232;4;0.801;26;219;220;221;215;0.175;49.99;254.9;0.000;259.3;0.001;0.0;0.000;60;0;0;0.263;0.156;0.106;2;3;6;49.99;49.99;49.99;4699;1000;0.0;0;1.0000;0;0
600;2014-12-23 15:00:00;172602N232;2;0.802;26;220;221;221;217;0.121;50.00;251.8;0.000;255.1;0.000;0.0;0.000;60;0;0;0.168;0.116;0.081;0;2;4;50.00;50.00;50.00;4699;1000;0.0;0;1.0000;0;0
600;2014-12-23 15:10:00;172602N232;0;0.802;25;220;221;222;217;0.000;49.99;310.0;0.000;308.6;0.000;0.0;0.000;51;0;0;0.000;0.000;0.000;0;0;0;49.99;49.99;49.99;7557;1000;0.0;0;1.0000;0;0
600;2014-12-23 15:20:00;172602N232;0;0.802;25;220;220;222;216;0.000;49.99;237.7;0.000;238.7;0.000;0.0;0.000;51;0;0;0.000;0.000;0.000;0;0;0;49.99;49.99;49.99;8197;1000;0.0;0;1.0000;0;0
600;2014-12-23 15:30:00;172602N232;0;0.802;24;218;217;222;216;0.000;49.99;226.9;0.000;227.8;0.000;0.0;0.000;51;0;0;0.000;0.000;0.000;0;0;0;49.99;49.99;49.99;8197;1000;0.0;0;1.0000;0;0
600;2014-12-23 15:40:00;172602N232;0;0.802;24;219;218;221;217;0.000;50.04;229.9;0.000;230.8;0.000;0.0;0.000;51;0;0;0.000;0.000;0.000;0;0;0;50.04;50.04;50.04;8197;1000;0.0;0;1.0000;0;0
[wr_ende]
