20121227;230000;172602N232;My Plant;+0100
[wr_def_start]
172602N232;Inverter Type;Inverter Group;72602N232      
[wr_def_end]
[wr]
INTERVAL;TIMESTAMP;SERIAL;P_AC;E_DAY;T_WR;U_AC;U_AC_1;U_AC_2;U_AC_3;I_AC;F_AC;U_DC_1;I_DC_1;U_DC_2;I_DC_2;U_DC_3;I_DC_3;S;E_WR;M_WR;I_AC_1;I_AC_2;I_AC_3;P_AC_1;P_AC_2;P_AC_3;F_AC_1;F_AC_2;F_AC_3;R_DC;PC;PCS;PCS_LL;COS_PHI;COS_PHI_LL;S_COS_PHI
600;2012-12-27 08:30:00;172602N232;0;0.000;0;1;1;1;1;0.000;0.28;1.1;0.000;1.1;0.000;0.0;0.000;50;0;0;0.000;0.000;0.000;0;0;0;0.28;0.28;0.28;27;1000;0.0;0;1.0000;0;0
600;2012-12-27 08:40:00;172602N232;0;0.000;14;220;221;223;217;0.000;49.99;227.3;0.000;228.2;0.000;0.0;0.000;50;0;0;0.000;0.000;0.000;0;0;0;49.99;49.99;49.99;0;1000;0.0;0;1.0000;0;0
600;2012-12-27 08:50:00;172602N232;0;0.000;16;220;220;224;218;0.000;49.99;228.4;0.000;229.4;0.000;0.0;0.000;50;0;0;0.000;0.000;0.000;0;0;0;49.99;49.99;49.99;0;1000;0.0;0;1.0000;0;0
600;2012-12-27 09:00:00;172602N232;0;0.000;17;220;219;224;218;0.000;50.01;241.2;0.000;241.9;0.000;0.0;0.000;50;0;0;0.000;0.000;0.000;0;0;0;50.01;50.01;50.01;0;1000;0.0;0;1.0000;0;0
600;2012-12-27 09:10:00;172602N232;1;0.000;17;220;219;222;219;0.073;49.99;270.3;0.000;269.2;0.000;0.0;0.000;60;0;0;0.060;0.108;0.053;1;0;2;49.99;49.99;49.99;6831;1000;0.0;0;1.0000;0;0
600;2012-12-27 09:20:00;172602N232;14;0.003;18;220;219;220;220;0.294;49.99;301.0;0.008;294.8;0.009;0.0;0.000;60;0;0;0.300;0.332;0.250;1;9;9;49.99;49.99;49.99;7560;1000;0.0;0;1.0000;0;0
600;2012-12-27 09:30:00;172602N232;32;0.008;18;220;219;220;220;0.437;50.00;351.9;0.026;355.4;0.025;0.0;0.000;60;0;0;0.446;0.483;0.383;3;18;13;50.00;50.00;50.00;7560;1000;0.0;0;1.0000;0;0
600;2012-12-27 09:40:00;172602N232;38;0.014;19;220;219;221;220;0.518;50.00;358.8;0.035;366.7;0.033;0.0;0.000;60;0;0;0.568;0.574;0.414;8;5;25;50.00;50.00;50.00;7560;1000;0.0;0;1.0000;0;0
600;2012-12-27 09:50:00;172602N232;59;0.024;19;220;219;221;219;0.666;50.00;383.4;0.061;383.6;0.059;0.0;0.000;60;0;0;0.638;0.849;0.512;18;8;33;50.00;50.00;50.00;7560;1000;0.0;0;1.0000;0;0
600;2012-12-27 10:00:00;172602N232;73;0.036;20;218;217;219;217;0.883;50.02;392.1;0.080;393.2;0.077;0.0;0.000;60;0;0;0.890;1.060;0.700;12;12;49;50.02;50.02;50.02;7560;1000;0.0;0;1.0000;0;0
600;2012-12-27 10:10:00;172602N232;94;0.052;21;218;217;219;218;0.839;50.00;398.7;0.105;399.4;0.100;0.0;0.000;60;0;0;0.757;1.041;0.719;28;18;46;50.00;50.00;50.00;7560;1000;0.0;0;1.0000;0;0
600;2012-12-27 10:20:00;172602N232;132;0.074;21;224;224;226;223;0.980;50.01;410.1;0.149;409.4;0.144;0.0;0.000;60;0;0;0.867;1.287;0.787;35;24;72;50.01;50.01;50.01;7560;1000;0.0;0;1.0000;0;0
600;2012-12-27 10:30:00;172602N232;204;0.108;22;224;224;224;223;0.982;50.00;420.3;0.235;420.4;0.221;0.0;0.000;60;0;0;1.138;0.945;0.864;45;77;81;50.00;50.00;50.00;7560;1000;0.0;0;1.0000;0;0
600;2012-12-27 10:40:00;172602N232;245;0.150;22;224;224;226;223;1.068;50.00;421.0;0.291;426.0;0.260;0.0;0.000;60;0;0;1.055;1.286;0.863;57;92;94;50.00;50.00;50.00;7560;1000;0.0;0;1.0000;0;0
600;2012-12-27 10:50:00;172602N232;307;0.201;23;225;225;226;223;1.154;50.01;425.5;0.376;431.3;0.316;0.0;0.000;60;0;0;1.258;1.180;1.024;87;110;109;50.01;50.01;50.01;7560;1000;0.0;0;1.0000;0;0
600;2012-12-27 11:00:00;172602N232;404;0.268;23;225;225;226;222;1.156;50.01;431.0;0.498;438.4;0.409;0.0;0.000;60;0;0;1.193;1.183;1.094;111;146;146;50.01;50.01;50.01;7560;1000;0.0;0;1.0000;0;0
600;2012-12-27 11:10:00;172602N232;448;0.344;24;224;224;225;223;1.031;50.01;445.2;0.538;452.0;0.436;0.0;0.000;60;0;0;1.033;1.070;0.990;140;162;143;50.01;50.01;50.01;7560;1000;0.0;0;1.0000;0;0
600;2012-12-27 11:20:00;172602N232;493;0.425;24;225;225;226;225;0.830;50.00;447.2;0.600;454.9;0.474;0.0;0.000;60;0;0;0.785;0.868;0.838;152;173;166;50.00;50.00;50.00;7560;1000;0.0;0;1.0000;0;0
600;2012-12-27 11:30:00;172602N232;459;0.503;25;226;225;227;225;0.725;50.00;434.7;0.569;441.6;0.460;0.0;0.000;60;0;0;0.671;0.760;0.746;139;161;157;50.00;50.00;50.00;7560;1000;0.0;0;1.0000;0;0
600;2012-12-27 11:40:00;172602N232;453;0.578;25;225;225;227;224;0.736;50.00;430.2;0.573;445.5;0.445;0.0;0.000;60;0;0;0.687;0.773;0.749;138;160;153;50.00;50.00;50.00;7560;1000;0.0;0;1.0000;0;0
600;2012-12-27 11:50:00;172602N232;411;0.647;26;221;221;223;221;0.926;50.00;428.9;0.518;447.2;0.398;0.0;0.000;60;0;0;0.872;0.988;0.920;119;143;147;50.00;50.00;50.00;7560;1000;0.0;0;1.0000;0;0
600;2012-12-27 12:00:00;172602N232;488;0.728;26;221;219;222;220;1.011;50.00;436.8;0.577;442.7;0.514;0.0;0.000;60;0;0;1.005;1.003;1.025;153;170;162;50.00;50.00;50.00;7560;1000;0.0;0;1.0000;0;0
600;2012-12-27 12:10:00;172602N232;502;0.812;26;220;220;223;219;0.844;49.99;430.7;0.589;440.1;0.548;0.0;0.000;60;0;0;0.798;0.877;0.858;155;177;168;49.99;49.99;49.99;7560;1000;0.0;0;1.0000;0;0
600;2012-12-27 12:20:00;172602N232;515;0.897;27;221;221;223;219;0.826;49.97;431.3;0.607;436.9;0.564;0.0;0.000;60;0;0;0.779;0.863;0.836;160;181;172;49.97;49.97;49.97;7560;1000;0.0;0;1.0000;0;0
600;2012-12-27 12:30:00;172602N232;534;0.986;27;220;220;222;219;0.852;49.99;433.8;0.615;434.8;0.598;0.0;0.000;60;0;0;0.803;0.889;0.864;166;187;179;49.99;49.99;49.99;7560;1000;0.0;0;1.0000;0;0
600;2012-12-27 12:40:00;172602N232;430;1.059;27;220;221;222;218;1.091;50.01;426.5;0.507;433.1;0.470;0.0;0.000;60;0;0;1.117;1.099;1.057;131;150;146;50.01;50.01;50.01;7560;1000;0.0;0;1.0000;0;0
600;2012-12-27 12:50:00;172602N232;277;1.105;27;221;222;221;221;1.105;50.01;418.2;0.325;426.5;0.301;0.0;0.000;60;0;0;1.283;1.124;0.909;76;116;82;50.01;50.01;50.01;7560;1000;0.0;0;1.0000;0;0
600;2012-12-27 13:00:00;172602N232;269;1.150;27;222;223;223;222;1.129;49.98;422.1;0.301;433.4;0.300;0.0;0.000;60;0;0;1.305;1.186;0.897;64;119;84;49.98;49.98;49.98;7560;1000;0.0;0;1.0000;0;0
600;2012-12-27 13:10:00;172602N232;271;1.196;27;222;222;222;220;1.133;49.99;429.8;0.306;427.1;0.297;0.0;0.000;60;0;0;1.366;1.165;0.868;68;113;88;49.99;49.99;49.99;7560;1000;0.0;0;1.0000;0;0
600;2012-12-27 13:20:00;172602N232;322;1.250;27;221;222;222;220;1.159;50.00;445.1;0.370;427.7;0.338;0.0;0.000;60;0;0;1.319;1.089;1.070;91;116;113;50.00;50.00;50.00;7560;1000;0.0;0;1.0000;0;0
600;2012-12-27 13:30:00;172602N232;387;1.315;27;222;223;223;220;1.257;49.98;444.6;0.453;436.7;0.397;0.0;0.000;60;0;0;1.291;1.303;1.179;82;142;161;49.98;49.98;49.98;7560;1000;0.0;0;1.0000;0;0
600;2012-12-27 13:40:00;172602N232;433;1.387;27;222;222;224;221;0.895;50.00;442.1;0.508;438.3;0.452;0.0;0.000;60;0;0;0.867;0.938;0.880;131;156;144;50.00;50.00;50.00;7560;1000;0.0;0;1.0000;0;0
600;2012-12-27 13:50:00;172602N232;394;1.452;27;223;223;223;222;0.906;50.01;441.1;0.467;435.8;0.408;0.0;0.000;60;0;0;0.882;0.943;0.893;113;146;133;50.01;50.01;50.01;7560;1000;0.0;0;1.0000;0;0
600;2012-12-27 14:00:00;172602N232;263;1.496;27;221;221;223;220;1.048;50.01;443.0;0.312;427.4;0.256;0.0;0.000;60;0;0;1.141;1.153;0.850;75;94;91;50.01;50.01;50.01;7560;1000;0.0;0;1.0000;0;0
600;2012-12-27 14:10:00;172602N232;162;1.523;27;220;220;221;218;1.020;50.00;415.9;0.198;416.5;0.159;0.0;0.000;60;0;0;1.324;1.005;0.733;10;87;64;50.00;50.00;50.00;7560;1000;0.0;0;1.0000;0;0
600;2012-12-27 14:20:00;172602N232;134;1.547;27;223;223;224;221;0.938;50.00;406.1;0.171;408.0;0.128;0.0;0.000;60;0;0;0.968;1.095;0.751;24;36;72;50.00;50.00;50.00;7560;1000;0.0;0;1.0000;0;0
600;2012-12-27 14:30:00;172602N232;173;1.575;27;223;225;224;221;1.116;50.00;422.1;0.237;415.2;0.143;0.0;0.000;60;0;0;1.600;0.936;0.812;6;94;76;50.00;50.00;50.00;7560;1000;0.0;0;1.0000;0;0
600;2012-12-27 14:40:00;172602N232;270;1.620;27;223;224;224;222;1.137;50.01;432.4;0.403;431.9;0.190;0.0;0.000;60;0;0;1.366;1.129;0.917;59;116;93;50.01;50.01;50.01;7560;1000;0.0;0;1.0000;0;0
600;2012-12-27 14:50:00;172602N232;252;1.662;27;224;224;224;223;1.103;50.01;422.2;0.364;434.0;0.197;0.0;0.000;60;0;0;1.330;1.083;0.897;56;104;91;50.01;50.01;50.01;7560;1000;0.0;0;1.0000;0;0
600;2012-12-27 15:00:00;172602N232;241;1.703;27;224;224;225;222;1.092;50.03;438.3;0.301;439.7;0.215;0.0;0.000;60;0;0;1.222;1.218;0.838;55;94;91;50.03;50.03;50.03;7560;1000;0.0;0;1.0000;0;0
600;2012-12-27 15:10:00;172602N232;105;1.721;27;223;221;224;223;0.927;50.03;398.2;0.120;405.3;0.107;0.0;0.000;60;0;0;0.877;1.163;0.741;36;21;48;50.03;50.03;50.03;7560;1000;0.0;0;1.0000;0;0
600;2012-12-27 15:20:00;172602N232;20;1.724;27;222;221;223;222;0.320;50.03;306.1;0.015;301.4;0.016;0.0;0.000;60;0;0;0.317;0.324;0.321;5;6;18;50.03;50.03;50.03;7560;1000;0.0;0;1.0000;0;0
600;2012-12-27 15:30:00;172602N232;0;1.723;26;220;219;222;219;0.044;50.01;268.5;0.000;267.8;0.000;0.0;0.000;60;0;0;0.042;0.066;0.026;1;0;1;50.01;50.01;50.01;8923;1000;0.0;0;1.0000;0;0
600;2012-12-27 15:40:00;172602N232;0;1.723;25;221;221;223;219;0.001;50.00;303.0;0.000;300.8;0.000;0.0;0.000;60;0;0;0.002;0.002;0.000;0;0;0;50.00;50.00;50.00;13646;1000;0.0;0;1.0000;0;0
600;2012-12-27 15:50:00;172602N232;0;1.723;24;220;221;221;219;0.001;50.00;270.0;0.000;269.4;0.000;0.0;0.000;60;0;0;0.003;0.001;0.000;0;0;0;50.00;50.00;50.00;13972;1000;0.0;0;1.0000;0;0
600;2012-12-27 16:00:00;172602N232;0;1.723;23;220;220;222;218;0.002;50.06;276.0;0.000;275.4;0.000;0.0;0.000;50;0;0;0.008;0.000;0.000;0;0;0;50.06;50.06;50.06;13952;1000;0.0;0;1.0000;0;0
600;2012-12-27 16:10:00;172602N232;0;1.723;23;220;221;223;217;0.000;50.04;229.7;0.000;230.6;0.000;0.0;0.000;50;0;0;0.000;0.000;0.000;0;0;0;50.04;50.04;50.04;13952;1000;0.0;0;1.0000;0;0
600;2012-12-27 16:20:00;172602N232;0;1.723;22;219;221;221;215;0.000;50.00;225.4;0.000;226.3;0.000;0.0;0.000;50;0;0;0.000;0.000;0.000;0;0;0;50.00;50.00;50.00;13952;1000;0.0;0;1.0000;0;0
[wr_ende]
