20170608;230004;172602N232;My Plant;+0100
[wr_def_start]
172602N232;Inverter Type;Inverter Group;72602N232      
[wr_def_end]
[wr]
INTERVAL;TIMESTAMP;SERIAL;P_AC;E_DAY;T_WR;U_AC;U_AC_1;U_AC_2;U_AC_3;I_AC;F_AC;U_DC_1;I_DC_1;U_DC_2;I_DC_2;U_DC_3;I_DC_3;S;E_WR;M_WR;I_AC_1;I_AC_2;I_AC_3;P_AC_1;P_AC_2;P_AC_3;F_AC_1;F_AC_2;F_AC_3;R_DC;PC;PCS;PCS_LL;COS_PHI;COS_PHI_LL;S_COS_PHI
600;2017-06-08 03:30:00;172602N232;0;0.000;0;7;7;7;6;0.000;1.55;6.6;0.000;6.6;0.000;0.0;0.000;50;0;0;0.000;0.000;0.000;0;0;0;1.55;1.55;1.55;92;1000;0.0;0;1.0000;0;0
600;2017-06-08 03:40:00;172602N232;0;0.000;25;227;228;230;224;0.000;49.99;229.8;0.000;230.7;0.000;0.0;0.000;50;0;0;0.000;0.000;0.000;0;0;0;49.99;49.99;49.99;0;1000;0.0;0;1.0000;0;0
600;2017-06-08 03:50:00;172602N232;0;0.000;27;228;228;231;224;0.000;50.01;227.4;0.000;228.3;0.000;0.0;0.000;50;0;0;0.000;0.000;0.000;0;0;0;50.01;50.01;50.01;0;1000;0.0;0;1.0000;0;0
600;2017-06-08 04:00:00;172602N232;0;0.000;28;227;228;230;224;0.000;50.01;229.4;0.000;230.3;0.000;0.0;0.000;50;0;0;0.000;0.000;0.000;0;0;0;50.01;50.01;50.01;0;1000;0.0;0;1.0000;0;0
600;2017-06-08 04:10:00;172602N232;0;0.000;28;228;228;231;224;0.000;50.01;233.8;0.000;234.8;0.000;0.0;0.000;50;0;0;0.000;0.000;0.000;0;0;0;50.01;50.01;50.01;0;1000;0.0;0;1.0000;0;0
600;2017-06-08 04:20:00;172602N232;0;0.000;28;228;229;230;224;0.000;50.03;235.1;0.000;236.0;0.000;0.0;0.000;50;0;0;0.000;0.000;0.000;0;0;0;50.03;50.03;50.03;0;1000;0.0;0;1.0000;0;0
600;2017-06-08 04:30:00;172602N232;0;0.000;28;228;228;229;225;0.000;50.00;236.0;0.000;236.9;0.000;0.0;0.000;50;0;0;0.000;0.000;0.000;0;0;0;50.00;50.00;50.00;0;1000;0.0;0;1.0000;0;0
600;2017-06-08 04:40:00;172602N232;1;0.000;28;228;228;230;225;0.082;50.01;282.6;0.000;281.6;0.000;0.0;0.000;60;0;0;0.094;0.087;0.065;0;1;3;50.01;50.01;50.01;2881;1000;0.0;0;1.0000;0;0
600;2017-06-08 04:50:00;172602N232;12;0.003;29;228;228;229;227;0.324;50.01;274.3;0.006;268.9;0.008;0.0;0.000;60;0;0;0.381;0.358;0.233;2;3;14;50.01;50.01;50.01;4500;1000;0.0;0;1.0000;0;0
600;2017-06-08 05:00:00;172602N232;16;0.005;29;228;229;229;228;0.342;50.02;289.3;0.010;285.4;0.012;0.0;0.000;60;0;0;0.418;0.389;0.221;4;1;13;50.02;50.02;50.02;4500;1000;0.0;0;1.0000;0;0
600;2017-06-08 05:10:00;172602N232;3;0.007;29;228;228;229;227;0.202;50.02;252.6;0.000;252.5;0.000;0.0;0.000;60;0;0;0.266;0.185;0.155;2;1;8;50.02;50.02;50.02;4500;1000;0.0;0;1.0000;0;0
600;2017-06-08 05:20:00;172602N232;33;0.011;29;227;227;228;225;0.525;50.01;321.3;0.030;324.9;0.029;0.0;0.000;60;0;0;0.616;0.601;0.358;7;7;25;50.01;50.01;50.01;4500;1000;0.0;0;1.0000;0;0
600;2017-06-08 05:30:00;172602N232;40;0.022;30;225;226;225;223;0.634;49.99;339.9;0.039;343.2;0.038;0.0;0.000;60;0;0;0.768;0.610;0.525;0;25;35;49.99;49.99;49.99;4500;1000;0.0;0;1.0000;0;0
600;2017-06-08 05:40:00;172602N232;70;0.032;30;225;225;225;225;0.786;49.98;371.6;0.076;379.5;0.072;0.0;0.000;60;0;0;0.923;0.803;0.633;6;27;37;49.98;49.98;49.98;4500;1000;0.0;0;1.0000;0;0
600;2017-06-08 05:50:00;172602N232;57;0.042;30;225;226;226;224;0.674;49.99;362.7;0.060;372.0;0.057;0.0;0.000;60;0;0;0.765;0.747;0.511;4;20;34;49.99;49.99;49.99;4500;1000;0.0;0;1.0000;0;0
600;2017-06-08 06:00:00;172602N232;39;0.048;31;225;225;226;224;0.577;49.99;331.2;0.038;336.9;0.037;0.0;0.000;60;0;0;0.604;0.704;0.425;4;9;29;49.99;49.99;49.99;4500;1000;0.0;0;1.0000;0;0
600;2017-06-08 06:10:00;172602N232;70;0.061;31;224;225;225;223;0.793;50.01;367.3;0.076;376.6;0.072;0.0;0.000;60;0;0;1.056;0.737;0.587;3;34;41;50.01;50.01;50.01;4500;1000;0.0;0;1.0000;0;0
600;2017-06-08 06:20:00;172602N232;100;0.076;31;224;224;224;223;0.926;50.03;386.4;0.114;391.2;0.107;0.0;0.000;60;0;0;1.008;0.995;0.777;12;32;54;50.03;50.03;50.03;4500;1000;0.0;0;1.0000;0;0
600;2017-06-08 06:30:00;172602N232;136;0.098;31;223;223;224;222;0.949;49.99;394.9;0.156;400.0;0.148;0.0;0.000;60;0;0;0.974;1.102;0.772;17;48;69;49.99;49.99;49.99;4500;1000;0.0;0;1.0000;0;0
600;2017-06-08 06:40:00;172602N232;189;0.129;31;223;223;224;221;1.029;50.00;400.6;0.222;407.7;0.209;0.0;0.000;60;0;0;1.159;1.185;0.743;33;75;79;50.00;50.00;50.00;4500;1000;0.0;0;1.0000;0;0
600;2017-06-08 06:50:00;172602N232;278;0.177;31;222;223;224;220;1.129;50.01;413.5;0.330;410.5;0.310;0.0;0.000;60;0;0;1.305;1.218;0.866;70;109;97;50.01;50.01;50.01;4500;1000;0.0;0;1.0000;0;0
600;2017-06-08 07:00:00;172602N232;412;0.244;32;223;224;223;221;1.130;50.00;415.8;0.495;417.2;0.464;0.0;0.000;60;0;0;1.217;1.152;1.023;123;152;134;50.00;50.00;50.00;4500;1000;0.0;0;1.0000;0;0
600;2017-06-08 07:10:00;172602N232;378;0.308;32;222;224;221;221;1.166;50.00;412.2;0.457;418.1;0.422;0.0;0.000;60;0;0;1.285;1.121;1.092;111;142;122;50.00;50.00;50.00;4500;1000;0.0;0;1.0000;0;0
600;2017-06-08 07:20:00;172602N232;280;0.355;32;221;223;221;220;1.152;50.01;405.1;0.338;413.3;0.313;0.0;0.000;60;0;0;1.436;1.120;0.902;76;117;86;50.01;50.01;50.01;4500;1000;0.0;0;1.0000;0;0
600;2017-06-08 07:30:00;172602N232;298;0.404;33;221;222;220;221;1.133;50.00;401.9;0.365;413.3;0.334;0.0;0.000;60;0;0;1.268;1.091;1.042;88;117;90;50.00;50.00;50.00;4500;1000;0.0;0;1.0000;0;0
600;2017-06-08 07:40:00;172602N232;381;0.468;33;222;222;222;222;0.882;50.01;415.5;0.458;416.7;0.429;0.0;0.000;60;0;0;0.859;0.921;0.866;116;137;126;50.01;50.01;50.01;4500;1000;0.0;0;1.0000;0;0
600;2017-06-08 07:50:00;172602N232;650;0.577;33;223;223;222;222;1.057;50.00;422.0;0.782;427.2;0.730;0.0;0.000;60;0;0;1.027;1.073;1.072;206;222;220;50.00;50.00;50.00;4500;1000;0.0;0;1.0000;0;0
600;2017-06-08 08:00:00;172602N232;770;0.706;33;223;223;223;222;1.198;50.01;426.8;0.921;426.8;0.867;0.0;0.000;60;0;0;1.149;1.226;1.219;244;263;261;50.01;50.01;50.01;4500;1000;0.0;0;1.0000;0;0
600;2017-06-08 08:10:00;172602N232;847;0.847;34;223;223;224;222;1.310;50.01;428.2;1.014;427.3;0.953;0.0;0.000;60;0;0;1.260;1.350;1.321;269;293;283;50.01;50.01;50.01;4500;1000;0.0;0;1.0000;0;0
600;2017-06-08 08:20:00;172602N232;835;0.985;34;223;224;223;223;1.289;50.02;428.6;1.000;425.5;0.941;0.0;0.000;60;0;0;1.243;1.317;1.307;267;285;281;50.02;50.02;50.02;4500;1000;0.0;0;1.0000;0;0
600;2017-06-08 08:30:00;172602N232;754;1.112;35;223;224;223;222;1.187;50.01;429.0;0.896;424.6;0.852;0.0;0.000;60;0;0;1.160;1.208;1.195;242;257;253;50.01;50.01;50.01;4500;1000;0.0;0;1.0000;0;0
600;2017-06-08 08:40:00;172602N232;1086;1.293;35;224;224;224;223;1.702;50.03;431.3;1.314;424.2;1.219;0.0;0.000;60;0;0;1.687;1.703;1.717;352;367;366;50.03;50.03;50.03;4500;1000;0.0;0;1.0000;0;0
600;2017-06-08 08:50:00;172602N232;1460;1.537;35;223;224;223;223;2.206;50.03;426.7;1.880;417.9;1.577;0.0;0.000;60;0;0;2.178;2.218;2.224;480;488;489;50.03;50.03;50.03;4500;1000;0.0;0;1.0000;0;0
600;2017-06-08 09:00:00;172602N232;1337;1.760;36;223;224;224;223;2.046;50.02;423.0;1.887;420.7;1.279;0.0;0.000;60;0;0;2.016;2.065;2.057;437;453;446;50.02;50.02;50.02;4500;1000;0.0;0;1.0000;0;0
600;2017-06-08 09:10:00;172602N232;1980;2.089;36;224;225;225;222;2.966;50.01;416.9;3.201;388.0;1.783;0.0;0.000;60;0;0;2.944;3.006;2.950;657;672;650;50.01;50.01;50.01;4500;1000;0.0;0;1.0000;0;0
600;2017-06-08 09:20:00;172602N232;967;2.251;36;222;224;222;222;1.496;49.98;415.2;1.288;416.9;1.028;0.0;0.000;60;0;0;1.465;1.518;1.507;314;328;323;49.98;49.98;49.98;4500;1000;0.0;0;1.0000;0;0
600;2017-06-08 09:30:00;172602N232;1670;2.530;37;223;223;223;223;2.522;49.99;419.0;2.411;342.7;2.006;0.0;0.000;60;0;0;2.477;2.554;2.537;546;564;558;49.99;49.99;49.99;4500;1000;0.0;0;1.0000;0;0
600;2017-06-08 09:40:00;172602N232;2158;2.889;37;224;224;224;224;3.243;50.01;415.0;3.147;323.4;2.729;0.0;0.000;60;0;0;3.204;3.260;3.265;711;722;723;50.01;50.01;50.01;4500;1000;0.0;0;1.0000;0;0
600;2017-06-08 09:50:00;172602N232;2443;3.297;37;224;224;225;223;3.645;50.00;411.1;3.430;343.9;3.164;0.0;0.000;60;0;0;3.603;3.698;3.636;803;832;806;50.00;50.00;50.00;4500;1000;0.0;0;1.0000;0;0
600;2017-06-08 10:00:00;172602N232;2587;3.727;38;224;225;226;223;3.846;50.00;408.7;3.564;355.0;3.366;0.0;0.000;60;0;0;3.812;3.903;3.825;854;880;848;50.00;50.00;50.00;4500;1000;0.0;0;1.0000;0;0
600;2017-06-08 10:10:00;172602N232;2766;4.188;38;225;225;227;223;4.109;50.00;404.0;3.762;368.8;3.539;0.0;0.000;60;0;0;4.057;4.193;4.077;908;953;905;50.00;50.00;50.00;4500;1000;0.0;0;1.0000;0;0
600;2017-06-08 10:20:00;172602N232;3676;4.801;40;226;225;229;223;5.418;49.99;394.3;5.016;362.5;4.898;0.0;0.000;60;0;0;5.362;5.541;5.353;1208;1276;1193;49.99;49.99;49.99;4500;1000;0.0;0;1.0000;0;0
600;2017-06-08 10:30:00;172602N232;4313;5.521;40;227;226;230;225;6.344;50.00;392.9;5.857;365.1;5.733;0.0;0.000;60;0;0;6.274;6.477;6.283;1414;1489;1408;50.00;50.00;50.00;4500;1000;0.0;0;1.0000;0;0
600;2017-06-08 10:40:00;172602N232;4983;6.350;42;227;227;231;223;7.315;50.01;383.6;6.791;366.9;6.729;0.0;0.000;60;0;0;7.269;7.489;7.189;1646;1730;1605;50.01;50.01;50.01;4500;1000;0.0;0;1.0000;0;0
600;2017-06-08 10:50:00;172602N232;3399;6.919;41;225;225;228;222;5.043;50.00;387.5;4.572;375.5;4.558;0.0;0.000;60;0;0;5.004;5.169;4.958;1124;1179;1097;50.00;50.00;50.00;4500;1000;0.0;0;1.0000;0;0
600;2017-06-08 11:00:00;172602N232;3335;7.475;41;225;224;228;222;4.954;50.00;390.9;4.448;385.3;4.343;0.0;0.000;60;0;0;4.893;5.074;4.897;1093;1157;1084;50.00;50.00;50.00;4500;1000;0.0;0;1.0000;0;0
600;2017-06-08 11:10:00;172602N232;3575;8.070;41;226;225;230;223;5.267;50.02;391.0;4.720;392.0;4.575;0.0;0.000;60;0;0;5.204;5.392;5.206;1172;1235;1159;50.02;50.02;50.02;4500;1000;0.0;0;1.0000;0;0
600;2017-06-08 11:20:00;172602N232;4151;8.762;41;227;225;232;224;6.090;49.99;395.3;5.419;398.9;5.270;0.0;0.000;60;0;0;5.982;6.278;6.010;1345;1457;1344;49.99;49.99;49.99;4500;1000;0.0;0;1.0000;0;0
600;2017-06-08 11:30:00;172602N232;4987;9.593;43;227;226;232;223;7.317;50.01;385.3;6.596;388.6;6.519;0.0;0.000;60;0;0;7.223;7.545;7.184;1630;1754;1601;50.01;50.01;50.01;4500;1000;0.0;0;1.0000;0;0
600;2017-06-08 11:40:00;172602N232;3966;10.254;42;226;225;229;223;5.844;50.00;393.4;5.132;396.8;5.042;0.0;0.000;60;0;0;5.768;6.008;5.758;1298;1379;1283;50.00;50.00;50.00;4500;1000;0.0;0;1.0000;0;0
600;2017-06-08 11:50:00;172602N232;3791;10.886;43;226;225;230;223;5.578;49.99;395.7;4.856;400.2;4.754;0.0;0.000;60;0;0;5.508;5.725;5.501;1242;1320;1229;49.99;49.99;49.99;4500;1000;0.0;0;1.0000;0;0
600;2017-06-08 12:00:00;172602N232;3919;11.540;42;226;224;230;223;5.789;50.00;395.7;5.019;399.4;4.933;0.0;0.000;60;0;0;5.702;5.951;5.714;1276;1375;1272;50.00;50.00;50.00;4500;1000;0.0;0;1.0000;0;0
600;2017-06-08 12:10:00;172602N232;4089;12.221;43;226;223;230;223;6.025;50.00;388.5;5.363;390.0;5.325;0.0;0.000;60;0;0;5.894;6.214;5.968;1315;1438;1332;50.00;50.00;50.00;4500;1000;0.0;0;1.0000;0;0
600;2017-06-08 12:20:00;172602N232;4346;12.948;43;226;224;230;223;6.409;49.98;383.6;5.760;386.9;5.721;0.0;0.000;60;0;0;6.288;6.596;6.344;1407;1527;1416;49.98;49.98;49.98;4500;1000;0.0;0;1.0000;0;0
600;2017-06-08 12:30:00;172602N232;2854;13.422;43;224;222;228;223;4.244;49.99;385.0;3.793;392.9;3.657;0.0;0.000;60;0;0;4.137;4.375;4.222;917;992;936;49.99;49.99;49.99;4500;1000;0.0;0;1.0000;0;0
600;2017-06-08 12:40:00;172602N232;4043;14.096;43;225;224;229;223;5.968;50.00;406.9;5.001;412.7;4.910;0.0;0.000;60;0;0;5.891;6.127;5.887;1322;1409;1310;50.00;50.00;50.00;4500;1000;0.0;0;1.0000;0;0
600;2017-06-08 12:50:00;172602N232;2457;14.506;43;224;224;227;223;3.654;49.99;391.8;3.197;398.7;3.098;0.0;0.000;60;0;0;3.596;3.728;3.639;803;845;808;49.99;49.99;49.99;4500;1000;0.0;0;1.0000;0;0
600;2017-06-08 13:00:00;172602N232;2844;14.981;42;225;224;228;224;4.214;50.01;402.7;3.612;413.3;3.430;0.0;0.000;60;0;0;4.152;4.297;4.193;931;977;934;50.01;50.01;50.01;4500;1000;0.0;0;1.0000;0;0
600;2017-06-08 13:10:00;172602N232;1928;15.302;42;225;225;228;222;2.882;50.01;396.4;2.531;398.6;2.355;0.0;0.000;60;0;0;2.829;2.960;2.858;630;669;629;50.01;50.01;50.01;4500;1000;0.0;0;1.0000;0;0
600;2017-06-08 13:20:00;172602N232;2073;15.648;42;226;226;229;222;3.083;49.98;413.9;2.468;413.5;2.425;0.0;0.000;60;0;0;3.048;3.186;3.017;681;727;663;49.98;49.98;49.98;4500;1000;0.0;0;1.0000;0;0
600;2017-06-08 13:30:00;172602N232;2286;16.028;42;226;226;228;223;3.389;49.98;403.4;2.899;406.9;2.804;0.0;0.000;60;0;0;3.348;3.463;3.358;752;786;746;49.98;49.98;49.98;4500;1000;0.0;0;1.0000;0;0
600;2017-06-08 13:40:00;172602N232;2127;16.384;42;226;226;227;224;3.159;50.00;410.7;2.650;414.1;2.543;0.0;0.000;60;0;0;3.123;3.209;3.147;702;722;700;50.00;50.00;50.00;4500;1000;0.0;0;1.0000;0;0
600;2017-06-08 13:50:00;172602N232;1703;16.668;42;225;226;225;225;2.574;50.00;412.8;2.101;414.4;2.026;0.0;0.000;60;0;0;2.542;2.594;2.587;558;575;568;50.00;50.00;50.00;4500;1000;0.0;0;1.0000;0;0
600;2017-06-08 14:00:00;172602N232;1734;16.957;42;224;225;223;225;2.602;50.00;409.0;2.164;421.4;2.031;0.0;0.000;60;0;0;2.569;2.620;2.619;570;579;583;50.00;50.00;50.00;4500;1000;0.0;0;1.0000;0;0
600;2017-06-08 14:10:00;172602N232;1747;17.248;41;226;226;225;227;2.606;49.99;411.1;2.177;420.2;2.045;0.0;0.000;60;0;0;2.567;2.627;2.624;572;585;588;49.99;49.99;49.99;4500;1000;0.0;0;1.0000;0;0
600;2017-06-08 14:20:00;172602N232;943;17.406;41;226;225;227;225;1.430;50.00;408.7;1.177;406.1;1.118;0.0;0.000;60;0;0;1.371;1.474;1.447;299;326;317;50.00;50.00;50.00;4500;1000;0.0;0;1.0000;0;0
600;2017-06-08 14:30:00;172602N232;1414;17.641;41;225;228;229;218;2.150;49.99;417.6;1.729;421.3;1.625;0.0;0.000;60;0;0;2.139;2.238;2.073;470;501;440;49.99;49.99;49.99;4500;1000;0.0;0;1.0000;0;0
600;2017-06-08 14:40:00;172602N232;2390;18.041;41;226;230;232;217;3.533;49.99;422.0;2.870;419.4;2.852;0.0;0.000;60;0;0;3.528;3.695;3.378;807;853;729;49.99;49.99;49.99;4500;1000;0.0;0;1.0000;0;0
600;2017-06-08 14:50:00;172602N232;1337;18.264;41;224;229;228;216;2.022;49.99;411.9;1.677;414.7;1.561;0.0;0.000;60;0;0;2.014;2.101;1.951;449;473;413;49.99;49.99;49.99;4500;1000;0.0;0;1.0000;0;0
600;2017-06-08 15:00:00;172602N232;1305;18.480;41;224;230;227;217;1.982;49.99;405.1;1.635;421.5;1.523;0.0;0.000;60;0;0;1.984;2.051;1.913;440;458;405;49.99;49.99;49.99;4500;1000;0.0;0;1.0000;0;0
600;2017-06-08 15:10:00;172602N232;1467;18.725;41;224;229;229;215;2.204;50.01;414.8;1.794;421.6;1.717;0.0;0.000;60;0;0;2.186;2.313;2.114;492;524;449;50.01;50.01;50.01;4500;1000;0.0;0;1.0000;0;0
600;2017-06-08 15:20:00;172602N232;1784;19.022;41;225;229;230;215;2.657;50.02;420.6;2.163;424.2;2.074;0.0;0.000;60;0;0;2.640;2.785;2.547;600;636;546;50.02;50.02;50.02;4500;1000;0.0;0;1.0000;0;0
600;2017-06-08 15:30:00;172602N232;1070;19.201;41;224;227;228;219;1.647;50.00;409.5;1.325;413.6;1.256;0.0;0.000;60;0;0;1.645;1.697;1.601;353;375;340;50.00;50.00;50.00;4500;1000;0.0;0;1.0000;0;0
600;2017-06-08 15:40:00;172602N232;928;19.355;41;226;225;228;224;1.434;49.99;412.5;1.158;414.0;1.075;0.0;0.000;60;0;0;1.422;1.457;1.423;298;321;307;49.99;49.99;49.99;4500;1000;0.0;0;1.0000;0;0
600;2017-06-08 15:50:00;172602N232;992;19.521;41;225;225;228;223;1.506;49.98;419.0;1.218;416.3;1.145;0.0;0.000;60;0;0;1.461;1.554;1.504;319;345;326;49.98;49.98;49.98;4500;1000;0.0;0;1.0000;0;0
600;2017-06-08 16:00:00;172602N232;783;19.652;41;224;225;227;222;1.205;49.99;414.6;0.968;414.1;0.905;0.0;0.000;60;0;0;1.154;1.253;1.210;248;274;259;49.99;49.99;49.99;4500;1000;0.0;0;1.0000;0;0
600;2017-06-08 16:10:00;172602N232;958;19.811;41;224;223;227;224;1.468;50.01;421.5;1.162;419.4;1.100;0.0;0.000;60;0;0;1.400;1.524;1.481;301;334;321;50.01;50.01;50.01;4500;1000;0.0;0;1.0000;0;0
600;2017-06-08 16:20:00;172602N232;1112;19.997;40;225;224;226;225;1.708;50.01;423.1;1.341;418.8;1.290;0.0;0.000;60;0;0;1.640;1.745;1.740;353;381;376;50.01;50.01;50.01;4500;1000;0.0;0;1.0000;0;0
600;2017-06-08 16:30:00;172602N232;471;20.076;40;225;223;227;225;1.084;49.99;400.2;0.590;409.8;0.543;0.0;0.000;60;0;0;1.063;1.118;1.071;147;165;157;49.99;49.99;49.99;4500;1000;0.0;0;1.0000;0;0
600;2017-06-08 16:40:00;172602N232;564;20.170;40;224;224;226;223;0.927;49.99;409.9;0.694;414.8;0.649;0.0;0.000;60;0;0;0.891;0.931;0.960;176;195;191;49.99;49.99;49.99;4500;1000;0.0;0;1.0000;0;0
600;2017-06-08 16:50:00;172602N232;494;20.253;40;224;224;226;222;0.782;49.98;415.9;0.608;407.1;0.565;0.0;0.000;60;0;0;0.728;0.828;0.792;151;176;165;49.98;49.98;49.98;4500;1000;0.0;0;1.0000;0;0
600;2017-06-08 17:00:00;172602N232;401;20.320;40;224;223;226;222;0.975;49.99;408.1;0.485;408.9;0.463;0.0;0.000;60;0;0;0.953;1.059;0.915;120;141;138;49.99;49.99;49.99;4500;1000;0.0;0;1.0000;0;0
600;2017-06-08 17:10:00;172602N232;472;20.398;40;224;224;226;221;1.001;49.99;415.8;0.569;411.8;0.541;0.0;0.000;60;0;0;0.962;1.077;0.966;143;166;161;49.99;49.99;49.99;4500;1000;0.0;0;1.0000;0;0
600;2017-06-08 17:20:00;172602N232;465;20.475;39;225;224;227;223;0.960;50.03;418.1;0.559;411.1;0.532;0.0;0.000;60;0;0;0.932;1.001;0.947;140;166;157;50.03;50.03;50.03;4500;1000;0.0;0;1.0000;0;0
600;2017-06-08 17:30:00;172602N232;500;20.559;39;225;225;225;223;0.821;49.99;420.3;0.600;412.0;0.575;0.0;0.000;60;0;0;0.779;0.857;0.828;155;175;167;49.99;49.99;49.99;4500;1000;0.0;0;1.0000;0;0
600;2017-06-08 17:40:00;172602N232;450;20.634;39;225;225;226;223;0.715;49.98;417.6;0.542;411.3;0.514;0.0;0.000;60;0;0;0.669;0.750;0.728;138;158;152;49.98;49.98;49.98;4500;1000;0.0;0;1.0000;0;0
600;2017-06-08 17:50:00;172602N232;397;20.700;39;225;225;228;221;0.860;49.98;414.8;0.481;408.5;0.452;0.0;0.000;60;0;0;0.823;0.961;0.798;124;136;136;49.98;49.98;49.98;4500;1000;0.0;0;1.0000;0;0
600;2017-06-08 18:00:00;172602N232;292;20.750;39;225;225;229;221;1.077;49.98;409.4;0.349;405.7;0.331;0.0;0.000;60;0;0;1.077;1.268;0.887;100;95;95;49.98;49.98;49.98;4500;1000;0.0;0;1.0000;0;0
600;2017-06-08 18:10:00;172602N232;233;20.789;39;225;225;228;223;1.077;49.98;403.6;0.276;400.3;0.265;0.0;0.000;60;0;0;1.008;1.376;0.849;72;64;95;49.98;49.98;49.98;4500;1000;0.0;0;1.0000;0;0
600;2017-06-08 18:20:00;172602N232;178;20.818;38;224;223;226;223;0.982;50.02;396.4;0.212;395.1;0.197;0.0;0.000;60;0;0;0.796;1.407;0.745;48;43;85;50.02;50.02;50.02;4500;1000;0.0;0;1.0000;0;0
600;2017-06-08 18:30:00;172602N232;189;20.850;38;223;222;224;223;0.937;49.98;397.8;0.227;397.7;0.208;0.0;0.000;60;0;0;0.959;1.074;0.779;62;59;66;49.98;49.98;49.98;4500;1000;0.0;0;1.0000;0;0
600;2017-06-08 18:40:00;172602N232;246;20.890;38;223;222;225;223;1.078;49.98;405.8;0.293;401.6;0.278;0.0;0.000;60;0;0;0.962;1.340;0.932;75;72;97;49.98;49.98;49.98;4500;1000;0.0;0;1.0000;0;0
600;2017-06-08 18:50:00;172602N232;162;20.918;37;223;223;225;223;0.943;49.99;393.6;0.191;395.0;0.178;0.0;0.000;60;0;0;0.973;1.116;0.742;55;47;58;49.99;49.99;49.99;4500;1000;0.0;0;1.0000;0;0
600;2017-06-08 19:00:00;172602N232;117;20.938;37;223;223;223;224;0.869;49.99;385.0;0.137;387.4;0.127;0.0;0.000;60;0;0;0.858;0.867;0.882;23;52;40;49.99;49.99;49.99;4500;1000;0.0;0;1.0000;0;0
600;2017-06-08 19:10:00;172602N232;123;20.959;37;223;223;223;222;0.897;49.99;387.5;0.144;390.2;0.133;0.0;0.000;60;0;0;0.893;1.013;0.785;28;36;58;49.99;49.99;49.99;4500;1000;0.0;0;1.0000;0;0
600;2017-06-08 19:20:00;172602N232;93;20.974;37;223;223;224;222;0.857;49.99;374.1;0.106;380.4;0.099;0.0;0.000;60;0;0;0.891;0.963;0.717;18;26;50;49.99;49.99;49.99;4500;1000;0.0;0;1.0000;0;0
600;2017-06-08 19:30:00;172602N232;76;20.987;37;223;224;223;223;0.837;49.98;362.5;0.085;376.9;0.082;0.0;0.000;60;0;0;0.938;0.842;0.732;8;35;39;49.98;49.98;49.98;4500;1000;0.0;0;1.0000;0;0
600;2017-06-08 19:40:00;172602N232;22;20.991;36;224;224;224;224;0.399;49.99;294.6;0.016;296.6;0.018;0.0;0.000;60;0;0;0.410;0.467;0.321;6;11;11;49.99;49.99;49.99;4500;1000;0.0;0;1.0000;0;0
600;2017-06-08 19:50:00;172602N232;55;21.000;36;224;224;225;224;0.728;49.98;356.9;0.057;367.8;0.053;0.0;0.000;60;0;0;0.688;0.944;0.553;15;5;37;49.98;49.98;49.98;4500;1000;0.0;0;1.0000;0;0
600;2017-06-08 20:00:00;172602N232;65;21.012;36;225;225;225;224;0.860;49.97;366.1;0.071;376.0;0.067;0.0;0.000;60;0;0;0.866;1.007;0.708;11;15;43;49.97;49.97;49.97;4500;1000;0.0;0;1.0000;0;0
600;2017-06-08 20:10:00;172602N232;43;21.019;36;224;226;225;222;0.718;49.98;342.7;0.043;353.6;0.041;0.0;0.000;60;0;0;0.770;0.745;0.640;4;20;27;49.98;49.98;49.98;4500;1000;0.0;0;1.0000;0;0
600;2017-06-08 20:20:00;172602N232;18;21.023;35;224;228;227;217;0.370;49.97;293.6;0.012;272.3;0.016;0.0;0.000;60;0;0;0.517;0.320;0.274;0;17;19;49.97;49.97;49.97;4500;1000;0.0;0;1.0000;0;0
600;2017-06-08 20:30:00;172602N232;13;21.025;35;225;226;227;223;0.337;49.99;279.7;0.005;264.7;0.010;0.0;0.000;60;0;0;0.396;0.411;0.205;8;2;12;49.99;49.99;49.99;4500;1000;0.0;0;1.0000;0;0
600;2017-06-08 20:40:00;172602N232;2;21.026;35;226;226;227;224;0.151;50.01;252.1;0.000;251.7;0.000;0.0;0.000;60;0;0;0.126;0.211;0.117;1;0;6;50.01;50.01;50.01;4500;1000;0.0;0;1.0000;0;0
600;2017-06-08 20:50:00;172602N232;1;21.027;35;226;226;226;225;0.088;50.00;251.3;0.000;251.5;0.000;0.0;0.000;60;0;0;0.082;0.104;0.079;0;0;3;50.00;50.00;50.00;4500;1000;0.0;0;1.0000;0;0
600;2017-06-08 21:00:00;172602N232;0;21.027;34;226;224;229;224;0.000;50.01;296.1;0.000;294.3;0.000;0.0;0.000;50;0;0;0.000;0.000;0.000;0;0;0;50.01;50.01;50.01;4500;1000;0.0;0;1.0000;0;0
600;2017-06-08 21:10:00;172602N232;0;21.027;34;226;225;229;224;0.000;50.03;236.4;0.000;237.3;0.000;0.0;0.000;50;0;0;0.000;0.000;0.000;0;0;0;50.03;50.03;50.03;4500;1000;0.0;0;1.0000;0;0
600;2017-06-08 21:20:00;172602N232;0;21.027;33;226;225;229;223;0.000;49.97;229.6;0.000;230.6;0.000;0.0;0.000;50;0;0;0.000;0.000;0.000;0;0;0;49.97;49.97;49.97;4500;1000;0.0;0;1.0000;0;0
600;2017-06-08 21:30:00;172602N232;0;21.027;33;226;226;228;224;0.000;50.00;228.0;0.000;228.9;0.000;0.0;0.000;50;0;0;0.000;0.000;0.000;0;0;0;50.00;50.00;50.00;4500;1000;0.0;0;1.0000;0;0
600;2017-06-08 21:40:00;172602N232;0;21.027;33;226;226;229;224;0.000;50.00;227.6;0.000;228.5;0.000;0.0;0.000;50;0;0;0.000;0.000;0.000;0;0;0;50.00;50.00;50.00;4500;1000;0.0;0;1.0000;0;0
[wr_ende]
