20140908;230001;172602N232;My Plant;+0100
[wr_def_start]
172602N232;Inverter Type;Inverter Group;72602N232      
[wr_def_end]
[wr]
INTERVAL;TIMESTAMP;SERIAL;P_AC;E_DAY;T_WR;U_AC;U_AC_1;U_AC_2;U_AC_3;I_AC;F_AC;U_DC_1;I_DC_1;U_DC_2;I_DC_2;U_DC_3;I_DC_3;S;E_WR;M_WR;I_AC_1;I_AC_2;I_AC_3;P_AC_1;P_AC_2;P_AC_3;F_AC_1;F_AC_2;F_AC_3;R_DC;PC;PCS;PCS_LL;COS_PHI;COS_PHI_LL;S_COS_PHI
600;2014-09-08 06:20:00;172602N232;0;0.000;0;3;3;3;3;0.000;0.77;3.4;0.000;3.4;0.000;0.0;0.000;50;0;0;0.000;0.000;0.000;0;0;0;0.77;0.77;0.77;4;1000;0.0;0;1.0000;0;0
600;2014-09-08 06:30:00;172602N232;0;0.000;27;219;221;222;215;0.000;49.97;243.7;0.000;244.4;0.000;0.0;0.000;50;0;0;0.000;0.000;0.000;0;0;0;49.97;49.97;49.97;0;1000;0.0;0;1.0000;0;0
600;2014-09-08 06:40:00;172602N232;1;0.000;29;220;221;222;216;0.056;49.99;266.0;0.000;269.4;0.001;0.0;0.000;60;0;0;0.065;0.059;0.046;0;1;2;49.99;49.99;49.99;1722;1000;0.0;0;1.0000;0;0
600;2014-09-08 06:50:00;172602N232;31;0.007;29;220;221;220;219;0.486;49.99;330.2;0.031;338.2;0.034;0.0;0.000;60;0;0;0.566;0.474;0.420;0;21;23;49.99;49.99;49.99;5914;1000;0.0;0;1.0000;0;0
600;2014-09-08 07:00:00;172602N232;54;0.014;29;219;219;221;219;0.694;49.99;368.2;0.059;368.6;0.058;0.0;0.000;60;0;0;0.701;0.851;0.530;13;8;33;49.99;49.99;49.99;5914;1000;0.0;0;1.0000;0;0
600;2014-09-08 07:10:00;172602N232;85;0.028;30;218;218;218;218;0.801;49.99;385.3;0.100;384.5;0.094;0.0;0.000;60;0;0;0.805;0.905;0.693;13;25;45;49.99;49.99;49.99;5914;1000;0.0;0;1.0000;0;0
600;2014-09-08 07:20:00;172602N232;132;0.051;30;218;218;219;217;0.863;49.98;400.4;0.156;399.3;0.145;0.0;0.000;60;0;0;0.913;0.955;0.721;22;51;56;49.98;49.98;49.98;5914;1000;0.0;0;1.0000;0;0
600;2014-09-08 07:30:00;172602N232;213;0.085;31;220;220;220;219;0.993;49.99;408.5;0.258;409.1;0.236;0.0;0.000;60;0;0;1.147;0.988;0.844;43;87;81;49.99;49.99;49.99;5914;1000;0.0;0;1.0000;0;0
600;2014-09-08 07:40:00;172602N232;197;0.119;31;220;219;220;220;0.909;50.00;411.4;0.242;405.3;0.213;0.0;0.000;60;0;0;0.886;0.958;0.884;46;78;71;50.00;50.00;50.00;5914;1000;0.0;0;1.0000;0;0
600;2014-09-08 07:50:00;172602N232;247;0.159;31;219;219;217;220;1.004;50.01;401.7;0.297;409.2;0.286;0.0;0.000;60;0;0;0.984;1.056;0.973;81;112;52;50.01;50.01;50.01;5914;1000;0.0;0;1.0000;0;0
600;2014-09-08 08:00:00;172602N232;574;0.256;31;219;219;217;220;0.986;49.99;423.7;0.695;429.5;0.635;0.0;0.000;60;0;0;0.954;1.000;1.006;182;195;194;49.99;49.99;49.99;5914;1000;0.0;0;1.0000;0;0
600;2014-09-08 08:10:00;172602N232;643;0.362;32;219;219;220;219;1.009;49.99;429.7;0.794;417.5;0.713;0.0;0.000;60;0;0;0.956;1.043;1.028;201;222;217;49.99;49.99;49.99;5914;1000;0.0;0;1.0000;0;0
600;2014-09-08 08:20:00;172602N232;788;0.495;32;219;219;220;219;1.220;49.99;434.5;0.955;429.8;0.860;0.0;0.000;60;0;0;1.168;1.254;1.239;250;271;265;49.99;49.99;49.99;5914;1000;0.0;0;1.0000;0;0
600;2014-09-08 08:30:00;172602N232;789;0.626;33;220;221;221;219;1.217;49.97;432.3;0.939;432.8;0.875;0.0;0.000;60;0;0;1.167;1.253;1.233;251;272;264;49.97;49.97;49.97;5914;1000;0.0;0;1.0000;0;0
600;2014-09-08 08:40:00;172602N232;917;0.780;33;220;218;222;219;1.409;50.00;427.2;1.083;424.5;1.070;0.0;0.000;60;0;0;1.346;1.455;1.428;289;319;308;50.00;50.00;50.00;5914;1000;0.0;0;1.0000;0;0
600;2014-09-08 08:50:00;172602N232;806;0.914;34;218;218;221;216;1.249;50.00;422.3;0.964;423.1;0.936;0.0;0.000;60;0;0;1.191;1.301;1.256;254;283;266;50.00;50.00;50.00;5914;1000;0.0;0;1.0000;0;0
600;2014-09-08 09:00:00;172602N232;646;1.021;34;217;217;219;217;1.133;50.00;419.0;0.769;415.3;0.766;0.0;0.000;60;0;0;1.105;1.132;1.164;203;224;218;50.00;50.00;50.00;5914;1000;0.0;0;1.0000;0;0
600;2014-09-08 09:10:00;172602N232;454;1.098;34;218;219;220;216;1.100;50.00;408.1;0.544;406.9;0.546;0.0;0.000;60;0;0;1.105;1.153;1.044;137;162;153;50.00;50.00;50.00;5914;1000;0.0;0;1.0000;0;0
600;2014-09-08 09:20:00;172602N232;553;1.189;34;219;219;218;219;0.937;50.00;422.1;0.650;414.7;0.660;0.0;0.000;60;0;0;0.904;0.958;0.950;173;191;188;50.00;50.00;50.00;5914;1000;0.0;0;1.0000;0;0
600;2014-09-08 09:30:00;172602N232;622;1.294;35;218;218;219;219;0.975;50.00;425.1;0.724;413.9;0.749;0.0;0.000;60;0;0;0.919;1.010;0.997;194;215;211;50.00;50.00;50.00;5914;1000;0.0;0;1.0000;0;0
600;2014-09-08 09:40:00;172602N232;573;1.390;35;218;219;219;218;0.902;50.01;422.1;0.670;411.7;0.692;0.0;0.000;60;0;0;0.852;0.936;0.918;179;199;193;50.01;50.01;50.01;5914;1000;0.0;0;1.0000;0;0
600;2014-09-08 09:50:00;172602N232;637;1.496;35;219;220;220;218;0.996;49.99;423.8;0.746;414.2;0.764;0.0;0.000;60;0;0;0.946;1.033;1.011;200;221;214;49.99;49.99;49.99;5914;1000;0.0;0;1.0000;0;0
600;2014-09-08 10:00:00;172602N232;674;1.609;35;220;220;220;219;1.064;50.00;420.0;0.794;414.6;0.813;0.0;0.000;60;0;0;1.027;1.089;1.076;213;232;226;50.00;50.00;50.00;5914;1000;0.0;0;1.0000;0;0
600;2014-09-08 10:10:00;172602N232;930;1.764;35;220;220;222;219;1.423;49.99;431.1;1.075;420.8;1.109;0.0;0.000;60;0;0;1.370;1.466;1.435;297;322;309;49.99;49.99;49.99;5914;1000;0.0;0;1.0000;0;0
600;2014-09-08 10:20:00;172602N232;508;1.847;35;216;216;217;215;1.009;49.99;416.0;0.599;411.2;0.605;0.0;0.000;60;0;0;0.983;1.065;0.981;156;178;172;49.99;49.99;49.99;5914;1000;0.0;0;1.0000;0;0
600;2014-09-08 10:30:00;172602N232;485;1.930;35;217;216;219;216;0.984;49.99;416.3;0.575;411.7;0.578;0.0;0.000;60;0;0;0.936;1.042;0.974;150;171;162;49.99;49.99;49.99;5914;1000;0.0;0;1.0000;0;0
600;2014-09-08 10:40:00;172602N232;470;2.008;35;218;217;220;216;0.810;49.98;420.1;0.550;410.6;0.566;0.0;0.000;60;0;0;0.764;0.855;0.813;144;167;157;49.98;49.98;49.98;5914;1000;0.0;0;1.0000;0;0
600;2014-09-08 10:50:00;172602N232;554;2.100;35;217;216;220;216;1.050;49.99;420.8;0.651;414.2;0.659;0.0;0.000;60;0;0;1.014;1.092;1.045;173;196;183;49.99;49.99;49.99;5914;1000;0.0;0;1.0000;0;0
600;2014-09-08 11:00:00;172602N232;600;2.200;35;217;216;219;216;0.986;49.99;425.5;0.697;415.7;0.716;0.0;0.000;60;0;0;0.947;1.025;0.987;187;211;200;49.99;49.99;49.99;5914;1000;0.0;0;1.0000;0;0
600;2014-09-08 11:10:00;172602N232;389;2.265;35;217;218;218;215;0.986;49.98;403.4;0.468;406.9;0.472;0.0;0.000;60;0;0;1.004;1.009;0.945;117;142;128;49.98;49.98;49.98;5914;1000;0.0;0;1.0000;0;0
600;2014-09-08 11:20:00;172602N232;588;2.363;35;217;218;218;216;1.028;49.98;409.9;0.706;414.0;0.711;0.0;0.000;60;0;0;1.041;1.005;1.040;187;200;200;49.98;49.98;49.98;5914;1000;0.0;0;1.0000;0;0
600;2014-09-08 11:30:00;172602N232;624;2.469;35;217;218;217;216;1.095;49.98;414.6;0.743;413.5;0.744;0.0;0.000;60;0;0;1.079;1.103;1.104;193;217;212;49.98;49.98;49.98;5914;1000;0.0;0;1.0000;0;0
600;2014-09-08 11:40:00;172602N232;206;2.501;35;218;219;218;218;0.941;49.99;397.2;0.244;396.1;0.247;0.0;0.000;60;0;0;0.998;0.984;0.842;40;88;76;49.99;49.99;49.99;5914;1000;0.0;0;1.0000;0;0
600;2014-09-08 11:50:00;172602N232;192;2.534;35;217;218;218;217;0.902;49.98;397.1;0.228;396.3;0.228;0.0;0.000;60;0;0;0.961;0.969;0.778;37;82;71;49.98;49.98;49.98;5914;1000;0.0;0;1.0000;0;0
600;2014-09-08 12:00:00;172602N232;285;2.582;34;216;216;216;215;1.044;49.99;407.9;0.336;406.7;0.337;0.0;0.000;60;0;0;1.084;1.137;0.913;74;112;96;49.99;49.99;49.99;5914;1000;0.0;0;1.0000;0;0
600;2014-09-08 12:10:00;172602N232;718;2.702;34;217;217;219;216;1.127;49.97;422.2;0.848;426.6;0.835;0.0;0.000;60;0;0;1.075;1.167;1.141;227;249;240;49.97;49.97;49.97;5914;1000;0.0;0;1.0000;0;0
600;2014-09-08 12:20:00;172602N232;2844;3.178;34;221;220;223;218;4.293;49.96;426.3;3.402;436.1;3.254;0.0;0.000;60;0;0;4.231;4.404;4.246;932;989;926;49.96;49.96;49.96;5914;1000;0.0;0;1.0000;0;0
600;2014-09-08 12:30:00;172602N232;4109;3.861;36;222;221;226;220;6.161;50.00;411.0;5.115;419.1;4.948;0.0;0.000;60;0;0;6.078;6.320;6.086;1345;1427;1336;50.00;50.00;50.00;5914;1000;0.0;0;1.0000;0;0
600;2014-09-08 12:40:00;172602N232;4364;4.590;40;222;220;227;219;6.555;49.99;396.3;5.607;399.5;5.544;0.0;0.000;60;0;0;6.426;6.773;6.468;1411;1537;1415;49.99;49.99;49.99;5914;1000;0.0;0;1.0000;0;0
600;2014-09-08 12:50:00;172602N232;1946;4.914;36;219;218;222;218;2.960;49.99;398.0;2.481;402.7;2.423;0.0;0.000;60;0;0;2.890;3.043;2.947;628;674;638;49.99;49.99;49.99;5914;1000;0.0;0;1.0000;0;0
600;2014-09-08 13:00:00;172602N232;2598;5.346;37;219;219;222;218;3.941;49.99;406.7;3.265;413.1;3.165;0.0;0.000;60;0;0;3.880;4.044;3.901;848;898;847;49.99;49.99;49.99;5914;1000;0.0;0;1.0000;0;0
600;2014-09-08 13:10:00;172602N232;4156;6.039;39;222;221;226;218;6.240;49.99;396.3;5.366;399.8;5.222;0.0;0.000;60;0;0;6.149;6.425;6.146;1359;1452;1341;49.99;49.99;49.99;5914;1000;0.0;0;1.0000;0;0
600;2014-09-08 13:20:00;172602N232;4145;6.730;40;222;221;226;219;6.225;49.98;393.2;5.358;394.9;5.324;0.0;0.000;60;0;0;6.131;6.402;6.142;1353;1452;1344;49.98;49.98;49.98;5914;1000;0.0;0;1.0000;0;0
600;2014-09-08 13:30:00;172602N232;1075;6.911;39;218;217;220;217;1.846;50.01;387.0;1.383;387.7;1.368;0.0;0.000;60;0;0;1.810;1.900;1.829;344;376;355;50.01;50.01;50.01;5914;1000;0.0;0;1.0000;0;0
600;2014-09-08 13:40:00;172602N232;3306;7.462;39;221;220;223;219;4.982;50.00;404.4;4.144;405.7;4.092;0.0;0.000;60;0;0;4.913;5.086;4.949;1081;1139;1084;50.00;50.00;50.00;5914;1000;0.0;0;1.0000;0;0
600;2014-09-08 13:50:00;172602N232;4426;8.199;41;222;221;225;219;6.652;49.98;394.3;5.709;396.1;5.667;0.0;0.000;60;0;0;6.583;6.818;6.557;1453;1536;1435;49.98;49.98;49.98;5914;1000;0.0;0;1.0000;0;0
600;2014-09-08 14:00:00;172602N232;3985;8.864;40;222;222;225;219;5.992;49.99;390.6;5.183;392.0;5.149;0.0;0.000;60;0;0;5.934;6.139;5.905;1313;1381;1291;49.99;49.99;49.99;5914;1000;0.0;0;1.0000;0;0
600;2014-09-08 14:10:00;172602N232;4214;9.566;41;222;222;225;219;6.322;50.00;391.6;5.458;393.6;5.446;0.0;0.000;60;0;0;6.263;6.468;6.235;1389;1458;1364;50.00;50.00;50.00;5914;1000;0.0;0;1.0000;0;0
600;2014-09-08 14:20:00;172602N232;4018;10.236;41;222;222;226;219;6.017;50.00;392.4;5.193;393.7;5.158;0.0;0.000;60;0;0;5.947;6.167;5.939;1320;1392;1303;50.00;50.00;50.00;5914;1000;0.0;0;1.0000;0;0
600;2014-09-08 14:30:00;172602N232;3466;10.814;41;222;221;226;221;5.192;50.00;392.9;4.453;394.0;4.409;0.0;0.000;60;0;0;5.090;5.323;5.163;1119;1207;1138;50.00;50.00;50.00;5914;1000;0.0;0;1.0000;0;0
600;2014-09-08 14:40:00;172602N232;4134;11.504;42;223;220;227;220;6.190;50.00;391.6;5.369;393.4;5.328;0.0;0.000;60;0;0;6.058;6.368;6.145;1335;1445;1351;50.00;50.00;50.00;5914;1000;0.0;0;1.0000;0;0
600;2014-09-08 14:50:00;172602N232;4280;12.218;42;224;222;229;220;6.378;49.99;392.2;5.553;394.4;5.510;0.0;0.000;60;0;0;6.264;6.572;6.298;1392;1501;1385;49.99;49.99;49.99;5914;1000;0.0;0;1.0000;0;0
600;2014-09-08 15:00:00;172602N232;1451;12.460;42;220;219;223;219;2.260;49.99;393.0;1.859;391.7;1.867;0.0;0.000;60;0;0;2.192;2.336;2.252;464;510;476;49.99;49.99;49.99;5914;1000;0.0;0;1.0000;0;0
600;2014-09-08 15:10:00;172602N232;1235;12.665;42;220;219;222;218;1.959;49.98;418.2;1.453;413.9;1.482;0.0;0.000;60;0;0;1.906;2.032;1.939;397;432;404;49.98;49.98;49.98;5914;1000;0.0;0;1.0000;0;0
600;2014-09-08 15:20:00;172602N232;1050;12.840;41;219;219;222;216;1.617;49.99;416.6;1.243;421.1;1.257;0.0;0.000;60;0;0;1.566;1.672;1.615;337;367;344;49.99;49.99;49.99;5914;1000;0.0;0;1.0000;0;0
600;2014-09-08 15:30:00;172602N232;1933;13.163;41;221;218;225;220;2.941;49.99;424.6;2.275;419.9;2.321;0.0;0.000;60;0;0;2.851;3.027;2.946;617;673;641;49.99;49.99;49.99;5914;1000;0.0;0;1.0000;0;0
600;2014-09-08 15:40:00;172602N232;1744;13.454;40;218;214;223;218;2.676;50.00;416.5;2.100;412.4;2.114;0.0;0.000;60;0;0;2.563;2.767;2.700;543;617;584;50.00;50.00;50.00;5914;1000;0.0;0;1.0000;0;0
600;2014-09-08 15:50:00;172602N232;1776;13.750;40;219;216;223;218;2.718;50.00;416.1;2.119;419.7;2.147;0.0;0.000;60;0;0;2.630;2.800;2.726;564;620;589;50.00;50.00;50.00;5914;1000;0.0;0;1.0000;0;0
600;2014-09-08 16:00:00;172602N232;3264;14.294;40;220;218;225;217;4.950;49.98;419.9;3.938;414.0;3.994;0.0;0.000;60;0;0;4.845;5.101;4.905;1053;1148;1063;49.98;49.98;49.98;5914;1000;0.0;0;1.0000;0;0
600;2014-09-08 16:10:00;172602N232;2104;14.645;40;219;216;223;217;3.222;49.97;412.1;2.556;408.4;2.608;0.0;0.000;60;0;0;3.126;3.315;3.225;671;734;696;49.97;49.97;49.97;5914;1000;0.0;0;1.0000;0;0
600;2014-09-08 16:20:00;172602N232;1441;14.886;40;218;216;222;216;2.222;49.97;411.2;1.741;409.9;1.771;0.0;0.000;60;0;0;2.142;2.310;2.214;458;509;473;49.97;49.97;49.97;5914;1000;0.0;0;1.0000;0;0
600;2014-09-08 16:30:00;172602N232;2468;15.296;40;220;217;224;218;3.749;49.98;409.8;3.009;411.1;3.041;0.0;0.000;60;0;0;3.637;3.874;3.738;786;869;812;49.98;49.98;49.98;5914;1000;0.0;0;1.0000;0;0
600;2014-09-08 16:40:00;172602N232;1208;15.498;40;218;216;221;217;1.873;49.99;409.9;1.456;407.3;1.494;0.0;0.000;60;0;0;1.799;1.940;1.882;382;422;402;49.99;49.99;49.99;5914;1000;0.0;0;1.0000;0;0
600;2014-09-08 16:50:00;172602N232;1006;15.666;40;216;215;220;214;1.579;50.00;411.0;1.214;409.7;1.232;0.0;0.000;60;0;0;1.505;1.647;1.586;316;355;334;50.00;50.00;50.00;5914;1000;0.0;0;1.0000;0;0
600;2014-09-08 17:00:00;172602N232;502;15.751;39;215;213;218;214;0.997;49.99;403.6;0.613;404.8;0.606;0.0;0.000;60;0;0;0.936;1.086;0.970;157;177;166;49.99;49.99;49.99;5914;1000;0.0;0;1.0000;0;0
600;2014-09-08 17:10:00;172602N232;112;15.769;39;213;212;215;212;0.870;49.99;366.7;0.133;375.1;0.131;0.0;0.000;60;0;0;0.825;1.091;0.695;34;29;54;49.99;49.99;49.99;5914;1000;0.0;0;1.0000;0;0
600;2014-09-08 17:20:00;172602N232;352;15.828;38;213;213;214;213;1.079;49.98;403.7;0.417;404.9;0.423;0.0;0.000;60;0;0;1.155;1.144;0.940;114;123;113;49.98;49.98;49.98;5914;1000;0.0;0;1.0000;0;0
600;2014-09-08 17:30:00;172602N232;714;15.947;38;214;215;215;212;1.264;49.98;415.8;0.841;419.4;0.852;0.0;0.000;60;0;0;1.300;1.253;1.240;231;243;239;49.98;49.98;49.98;5914;1000;0.0;0;1.0000;0;0
600;2014-09-08 17:40:00;172602N232;640;16.055;37;214;215;215;213;1.185;50.01;411.4;0.759;416.5;0.771;0.0;0.000;60;0;0;1.235;1.164;1.156;207;217;214;50.01;50.01;50.01;5914;1000;0.0;0;1.0000;0;0
600;2014-09-08 17:50:00;172602N232;946;16.212;37;214;215;216;212;1.680;50.02;417.7;0.988;412.8;1.259;0.0;0.000;60;0;0;1.691;1.716;1.635;302;330;313;50.02;50.02;50.02;5914;1000;0.0;0;1.0000;0;0
600;2014-09-08 18:00:00;172602N232;347;16.269;37;214;214;216;211;1.110;50.00;393.3;0.416;407.1;0.424;0.0;0.000;60;0;0;1.120;1.195;1.016;103;121;122;50.00;50.00;50.00;5914;1000;0.0;0;1.0000;0;0
600;2014-09-08 18:10:00;172602N232;212;16.306;36;214;214;216;211;0.958;49.99;389.8;0.249;395.7;0.251;0.0;0.000;60;0;0;0.967;1.088;0.820;55;68;86;49.99;49.99;49.99;5914;1000;0.0;0;1.0000;0;0
600;2014-09-08 18:20:00;172602N232;341;16.362;36;214;213;216;212;0.922;49.98;403.8;0.405;407.3;0.400;0.0;0.000;60;0;0;0.924;1.026;0.818;121;103;114;49.98;49.98;49.98;5914;1000;0.0;0;1.0000;0;0
600;2014-09-08 18:30:00;172602N232;329;16.418;36;214;214;217;213;0.917;49.97;393.8;0.395;403.2;0.391;0.0;0.000;60;0;0;0.945;0.952;0.856;94;111;122;49.97;49.97;49.97;5914;1000;0.0;0;1.0000;0;0
600;2014-09-08 18:40:00;172602N232;99;16.435;35;214;215;214;214;0.852;50.00;371.5;0.115;377.5;0.117;0.0;0.000;60;0;0;1.183;0.686;0.687;6;53;41;50.00;50.00;50.00;5914;1000;0.0;0;1.0000;0;0
600;2014-09-08 18:50:00;172602N232;116;16.454;35;215;215;216;215;0.853;50.01;378.1;0.135;386.2;0.136;0.0;0.000;60;0;0;1.081;0.759;0.719;20;50;44;50.01;50.01;50.01;5914;1000;0.0;0;1.0000;0;0
600;2014-09-08 19:00:00;172602N232;148;16.479;35;214;214;214;215;0.818;49.99;377.5;0.175;394.2;0.177;0.0;0.000;60;0;0;0.921;0.767;0.766;33;64;49;49.99;49.99;49.99;5914;1000;0.0;0;1.0000;0;0
600;2014-09-08 19:10:00;172602N232;45;16.487;34;214;215;214;214;0.588;49.97;342.0;0.045;358.4;0.049;0.0;0.000;60;0;0;0.736;0.529;0.501;0;31;26;49.97;49.97;49.97;5914;1000;0.0;0;1.0000;0;0
600;2014-09-08 19:20:00;172602N232;12;16.490;34;214;214;215;213;0.294;49.97;270.4;0.006;290.8;0.009;0.0;0.000;60;0;0;0.375;0.298;0.211;1;6;10;49.97;49.97;49.97;5914;1000;0.0;0;1.0000;0;0
600;2014-09-08 19:30:00;172602N232;0;16.488;33;215;214;216;213;0.044;49.97;265.4;0.000;265.4;0.000;0.0;0.000;51;0;0;0.039;0.060;0.033;0;0;1;49.97;49.97;49.97;5914;1000;0.0;0;1.0000;0;0
600;2014-09-08 19:40:00;172602N232;0;16.488;32;215;214;218;212;0.000;50.00;286.4;0.000;285.7;0.000;0.0;0.000;51;0;0;0.000;0.000;0.000;0;0;0;50.00;50.00;50.00;4432;1000;0.0;0;1.0000;0;0
600;2014-09-08 19:50:00;172602N232;0;16.488;31;214;214;215;211;0.000;50.00;230.2;0.000;231.2;0.000;0.0;0.000;51;0;0;0.000;0.000;0.000;0;0;0;50.00;50.00;50.00;4398;1000;0.0;0;1.0000;0;0
[wr_ende]
