20140513;230005;172602N232;My Plant;+0100
[wr_def_start]
172602N232;Inverter Type;Inverter Group;72602N232      
[wr_def_end]
[wr]
INTERVAL;TIMESTAMP;SERIAL;P_AC;E_DAY;T_WR;U_AC;U_AC_1;U_AC_2;U_AC_3;I_AC;F_AC;U_DC_1;I_DC_1;U_DC_2;I_DC_2;U_DC_3;I_DC_3;S;E_WR;M_WR;I_AC_1;I_AC_2;I_AC_3;P_AC_1;P_AC_2;P_AC_3;F_AC_1;F_AC_2;F_AC_3;R_DC;PC;PCS;PCS_LL;COS_PHI;COS_PHI_LL;S_COS_PHI
600;2014-05-13 04:30:00;172602N232;0;0.000;0;3;3;3;3;0.000;0.76;3.3;0.000;3.3;0.000;0.0;0.000;50;0;0;0.000;0.000;0.000;0;0;0;0.76;0.76;0.76;56;1000;0.0;0;1.0000;0;0
600;2014-05-13 04:40:00;172602N232;0;0.000;21;223;224;226;220;0.000;49.98;227.2;0.000;228.1;0.000;0.0;0.000;50;0;0;0.000;0.000;0.000;0;0;0;49.98;49.98;49.98;0;1000;0.0;0;1.0000;0;0
600;2014-05-13 04:50:00;172602N232;0;0.000;23;223;223;226;220;0.000;50.00;230.3;0.000;231.3;0.000;0.0;0.000;50;0;0;0.000;0.000;0.000;0;0;0;50.00;50.00;50.00;0;1000;0.0;0;1.0000;0;0
600;2014-05-13 05:00:00;172602N232;0;0.000;24;224;224;226;221;0.000;50.01;263.3;0.000;263.5;0.000;0.0;0.000;50;0;0;0.000;0.000;0.000;0;0;0;50.01;50.01;50.01;0;1000;0.0;0;1.0000;0;0
600;2014-05-13 05:10:00;172602N232;0;0.000;24;223;223;225;221;0.023;49.98;292.0;0.000;291.4;0.000;0.0;0.000;60;0;0;0.026;0.026;0.017;0;0;0;49.98;49.98;49.98;8264;1000;0.0;0;1.0000;0;0
600;2014-05-13 05:20:00;172602N232;9;0.001;25;224;224;225;222;0.261;49.99;269.7;0.000;276.7;0.003;0.0;0.000;60;0;0;0.332;0.300;0.153;6;0;9;49.99;49.99;49.99;10175;1000;0.0;0;1.0000;0;0
600;2014-05-13 05:30:00;172602N232;22;0.006;25;223;223;224;223;0.451;49.99;312.1;0.013;330.8;0.017;0.0;0.000;60;0;0;0.485;0.502;0.367;5;3;20;49.99;49.99;49.99;10175;1000;0.0;0;1.0000;0;0
600;2014-05-13 05:40:00;172602N232;53;0.013;26;225;224;226;225;0.699;50.00;360.4;0.052;370.9;0.054;0.0;0.000;60;0;0;0.648;0.912;0.539;15;5;33;50.00;50.00;50.00;10175;1000;0.0;0;1.0000;0;0
600;2014-05-13 05:50:00;172602N232;137;0.036;26;224;224;226;223;0.912;50.00;401.0;0.154;401.7;0.151;0.0;0.000;60;0;0;0.832;1.195;0.710;23;48;65;50.00;50.00;50.00;10175;1000;0.0;0;1.0000;0;0
600;2014-05-13 06:00:00;172602N232;139;0.060;26;225;225;226;223;0.951;49.99;403.5;0.158;407.4;0.150;0.0;0.000;60;0;0;0.893;1.211;0.751;26;37;73;49.99;49.99;49.99;10175;1000;0.0;0;1.0000;0;0
600;2014-05-13 06:10:00;172602N232;91;0.074;27;224;224;225;223;0.891;49.97;391.4;0.101;391.5;0.097;0.0;0.000;60;0;0;0.840;1.130;0.704;20;13;56;49.97;49.97;49.97;10175;1000;0.0;0;1.0000;0;0
600;2014-05-13 06:20:00;172602N232;200;0.108;27;226;226;227;224;1.034;49.99;409.4;0.227;405.7;0.230;0.0;0.000;60;0;0;1.059;1.222;0.821;41;71;86;49.99;49.99;49.99;10175;1000;0.0;0;1.0000;0;0
600;2014-05-13 06:30:00;172602N232;307;0.160;28;225;225;226;224;1.141;49.98;420.3;0.353;420.0;0.346;0.0;0.000;60;0;0;1.225;1.233;0.967;98;110;97;49.98;49.98;49.98;10175;1000;0.0;0;1.0000;0;0
600;2014-05-13 06:40:00;172602N232;356;0.219;28;226;225;228;225;1.232;49.99;423.2;0.415;425.2;0.393;0.0;0.000;60;0;0;1.137;1.455;1.105;106;108;139;49.99;49.99;49.99;10175;1000;0.0;0;1.0000;0;0
600;2014-05-13 06:50:00;172602N232;177;0.249;29;226;226;227;224;0.994;50.02;408.7;0.202;408.6;0.196;0.0;0.000;60;0;0;1.083;1.172;0.728;37;66;72;50.02;50.02;50.02;10175;1000;0.0;0;1.0000;0;0
600;2014-05-13 07:00:00;172602N232;458;0.325;29;225;225;227;224;0.972;49.97;427.9;0.530;429.6;0.511;0.0;0.000;60;0;0;0.935;1.061;0.920;139;161;156;49.97;49.97;49.97;10175;1000;0.0;0;1.0000;0;0
600;2014-05-13 07:10:00;172602N232;446;0.401;30;225;225;226;224;0.837;49.98;424.7;0.513;417.5;0.524;0.0;0.000;60;0;0;0.799;0.879;0.834;137;159;149;49.98;49.98;49.98;10175;1000;0.0;0;1.0000;0;0
600;2014-05-13 07:20:00;172602N232;476;0.479;30;225;225;227;224;0.819;49.98;426.3;0.547;417.4;0.561;0.0;0.000;60;0;0;0.775;0.864;0.819;146;169;159;49.98;49.98;49.98;10175;1000;0.0;0;1.0000;0;0
600;2014-05-13 07:30:00;172602N232;554;0.572;31;225;225;225;225;0.864;49.97;428.9;0.635;419.3;0.654;0.0;0.000;60;0;0;0.807;0.901;0.884;171;193;188;49.97;49.97;49.97;10175;1000;0.0;0;1.0000;0;0
600;2014-05-13 07:40:00;172602N232;580;0.668;31;225;225;225;224;1.188;49.99;428.5;0.664;419.5;0.684;0.0;0.000;60;0;0;1.449;1.033;1.082;208;185;185;49.99;49.99;49.99;10175;1000;0.0;0;1.0000;0;0
600;2014-05-13 07:50:00;172602N232;582;0.766;31;223;224;224;222;1.065;50.00;429.2;0.666;418.2;0.691;0.0;0.000;60;0;0;1.111;1.051;1.033;190;198;192;50.00;50.00;50.00;10175;1000;0.0;0;1.0000;0;0
600;2014-05-13 08:00:00;172602N232;460;0.844;32;223;222;224;223;0.850;49.98;421.0;0.543;419.7;0.524;0.0;0.000;60;0;0;0.799;0.912;0.841;140;160;158;49.98;49.98;49.98;10175;1000;0.0;0;1.0000;0;0
600;2014-05-13 08:10:00;172602N232;748;0.968;32;223;223;224;223;1.455;49.99;448.2;0.864;434.0;0.779;0.0;0.000;60;0;0;1.430;1.521;1.414;238;254;253;49.99;49.99;49.99;10175;1000;0.0;0;1.0000;0;0
600;2014-05-13 08:20:00;172602N232;659;1.077;32;224;224;224;224;1.075;49.99;421.0;0.770;422.3;0.773;0.0;0.000;60;0;0;1.030;1.110;1.085;207;227;222;49.99;49.99;49.99;10175;1000;0.0;0;1.0000;0;0
600;2014-05-13 08:30:00;172602N232;867;1.222;33;224;224;225;224;1.335;50.00;431.9;0.989;423.1;1.027;0.0;0.000;60;0;0;1.291;1.369;1.346;275;298;291;50.00;50.00;50.00;10175;1000;0.0;0;1.0000;0;0
600;2014-05-13 08:40:00;172602N232;1114;1.409;33;225;223;227;223;1.699;50.00;433.0;1.286;428.3;1.298;0.0;0.000;60;0;0;1.642;1.754;1.702;354;388;370;50.00;50.00;50.00;10175;1000;0.0;0;1.0000;0;0
600;2014-05-13 08:50:00;172602N232;1266;1.619;33;223;222;225;222;1.943;49.99;432.2;1.473;431.0;1.463;0.0;0.000;60;0;0;1.879;2.004;1.947;404;438;422;49.99;49.99;49.99;10175;1000;0.0;0;1.0000;0;0
600;2014-05-13 09:00:00;172602N232;1449;1.862;34;223;222;226;222;2.182;49.99;431.0;1.718;434.6;1.638;0.0;0.000;60;0;0;2.114;2.244;2.189;465;500;482;49.99;49.99;49.99;10175;1000;0.0;0;1.0000;0;0
600;2014-05-13 09:10:00;172602N232;1518;2.115;34;224;223;225;223;2.272;49.99;430.8;1.853;438.7;1.648;0.0;0.000;60;0;0;2.207;2.324;2.287;489;521;507;49.99;49.99;49.99;10175;1000;0.0;0;1.0000;0;0
600;2014-05-13 09:20:00;172602N232;1419;2.352;34;225;224;227;225;2.131;50.00;428.9;1.692;432.3;1.608;0.0;0.000;60;0;0;2.067;2.178;2.148;455;487;474;50.00;50.00;50.00;10175;1000;0.0;0;1.0000;0;0
600;2014-05-13 09:30:00;172602N232;1561;2.611;34;226;225;228;225;2.315;50.01;429.5;1.863;430.8;1.777;0.0;0.000;60;0;0;2.244;2.374;2.329;501;537;522;50.01;50.01;50.01;10175;1000;0.0;0;1.0000;0;0
600;2014-05-13 09:40:00;172602N232;1659;2.888;35;224;223;226;223;2.482;50.02;428.5;1.961;427.3;1.931;0.0;0.000;60;0;0;2.416;2.534;2.498;535;568;554;50.02;50.02;50.02;10175;1000;0.0;0;1.0000;0;0
600;2014-05-13 09:50:00;172602N232;1722;3.176;35;224;223;225;223;2.582;49.98;428.6;2.053;430.8;1.969;0.0;0.000;60;0;0;2.526;2.636;2.585;559;589;572;49.98;49.98;49.98;10175;1000;0.0;0;1.0000;0;0
600;2014-05-13 10:00:00;172602N232;1107;3.360;35;229;228;230;228;1.656;49.98;422.2;1.318;421.8;1.297;0.0;0.000;60;0;0;1.606;1.696;1.668;355;381;370;49.98;49.98;49.98;10175;1000;0.0;0;1.0000;0;0
600;2014-05-13 10:10:00;172602N232;1930;3.682;35;229;228;231;228;2.832;50.00;430.0;2.300;434.0;2.194;0.0;0.000;60;0;0;2.772;2.901;2.824;626;665;637;50.00;50.00;50.00;10175;1000;0.0;0;1.0000;0;0
600;2014-05-13 10:20:00;172602N232;2883;4.162;36;229;228;232;226;4.219;49.99;418.9;3.548;429.0;3.323;0.0;0.000;60;0;0;4.161;4.316;4.182;944;992;942;49.99;49.99;49.99;10175;1000;0.0;0;1.0000;0;0
600;2014-05-13 10:30:00;172602N232;3004;4.664;36;225;224;229;223;4.461;49.99;412.1;3.741;420.1;3.559;0.0;0.000;60;0;0;4.390;4.578;4.415;981;1041;980;49.99;49.99;49.99;10175;1000;0.0;0;1.0000;0;0
600;2014-05-13 10:40:00;172602N232;3592;5.261;38;226;225;230;223;5.310;50.00;408.5;4.503;414.9;4.334;0.0;0.000;60;0;0;5.224;5.452;5.255;1171;1248;1169;50.00;50.00;50.00;10175;1000;0.0;0;1.0000;0;0
600;2014-05-13 10:50:00;172602N232;3110;5.781;37;225;224;229;223;4.613;49.98;406.2;3.918;413.4;3.761;0.0;0.000;60;0;0;4.533;4.731;4.577;1011;1079;1018;49.98;49.98;49.98;10175;1000;0.0;0;1.0000;0;0
600;2014-05-13 11:00:00;172602N232;2514;6.199;38;225;224;227;223;3.747;49.98;414.3;3.085;413.6;3.039;0.0;0.000;60;0;0;3.682;3.828;3.733;819;866;828;49.98;49.98;49.98;10175;1000;0.0;0;1.0000;0;0
600;2014-05-13 11:10:00;172602N232;830;6.338;38;223;222;225;222;1.279;49.99;413.7;1.001;406.0;1.013;0.0;0.000;60;0;0;1.223;1.327;1.289;263;289;277;49.99;49.99;49.99;10175;1000;0.0;0;1.0000;0;0
600;2014-05-13 11:20:00;172602N232;941;6.494;38;223;223;226;222;1.441;49.98;422.2;1.099;415.9;1.134;0.0;0.000;60;0;0;1.388;1.487;1.450;299;326;313;49.98;49.98;49.98;10175;1000;0.0;0;1.0000;0;0
600;2014-05-13 11:30:00;172602N232;1735;6.784;38;224;224;227;223;2.590;49.99;429.7;2.015;422.1;2.075;0.0;0.000;60;0;0;2.526;2.653;2.591;562;598;574;49.99;49.99;49.99;10175;1000;0.0;0;1.0000;0;0
600;2014-05-13 11:40:00;172602N232;920;6.937;38;223;223;225;223;1.452;50.01;419.9;1.085;412.4;1.112;0.0;0.000;60;0;0;1.392;1.498;1.467;293;319;307;50.01;50.01;50.01;10175;1000;0.0;0;1.0000;0;0
600;2014-05-13 11:50:00;172602N232;700;7.055;37;224;224;226;224;1.080;49.99;419.8;0.817;413.9;0.843;0.0;0.000;60;0;0;1.021;1.123;1.098;218;244;236;49.99;49.99;49.99;10175;1000;0.0;0;1.0000;0;0
600;2014-05-13 12:00:00;172602N232;597;7.154;37;225;224;226;224;0.926;50.03;415.4;0.705;415.5;0.711;0.0;0.000;60;0;0;0.866;0.971;0.942;184;209;201;50.03;50.03;50.03;10175;1000;0.0;0;1.0000;0;0
600;2014-05-13 12:10:00;172602N232;827;7.292;37;225;224;227;224;1.267;50.02;420.0;0.967;421.2;0.981;0.0;0.000;60;0;0;1.214;1.308;1.280;261;287;277;50.02;50.02;50.02;10175;1000;0.0;0;1.0000;0;0
600;2014-05-13 12:20:00;172602N232;1008;7.460;37;224;223;225;223;1.598;49.99;425.3;1.174;420.7;1.195;0.0;0.000;60;0;0;1.567;1.621;1.606;323;347;337;49.99;49.99;49.99;10175;1000;0.0;0;1.0000;0;0
600;2014-05-13 12:30:00;172602N232;923;7.615;37;223;222;224;222;1.424;49.99;422.5;1.068;423.1;1.090;0.0;0.000;60;0;0;1.368;1.468;1.437;292;319;309;49.99;49.99;49.99;10175;1000;0.0;0;1.0000;0;0
600;2014-05-13 12:40:00;172602N232;1685;7.895;37;224;223;226;222;2.524;50.00;433.8;1.938;427.5;1.989;0.0;0.000;60;0;0;2.457;2.587;2.530;544;580;559;50.00;50.00;50.00;10175;1000;0.0;0;1.0000;0;0
600;2014-05-13 12:50:00;172602N232;1075;8.075;37;222;222;224;222;1.659;49.96;424.9;1.255;420.5;1.283;0.0;0.000;60;0;0;1.614;1.693;1.670;346;368;359;49.96;49.96;49.96;10175;1000;0.0;0;1.0000;0;0
600;2014-05-13 13:00:00;172602N232;934;8.230;37;222;222;224;221;1.435;49.99;423.1;1.090;419.2;1.117;0.0;0.000;60;0;0;1.385;1.473;1.448;297;322;312;49.99;49.99;49.99;10175;1000;0.0;0;1.0000;0;0
600;2014-05-13 13:10:00;172602N232;818;8.367;37;224;223;225;222;1.256;49.99;427.3;0.944;418.5;0.977;0.0;0.000;60;0;0;1.200;1.300;1.268;258;285;274;49.99;49.99;49.99;10175;1000;0.0;0;1.0000;0;0
600;2014-05-13 13:20:00;172602N232;767;8.495;37;224;223;226;222;1.181;49.96;426.5;0.885;418.1;0.914;0.0;0.000;60;0;0;1.124;1.225;1.195;241;267;257;49.96;49.96;49.96;10175;1000;0.0;0;1.0000;0;0
600;2014-05-13 13:30:00;172602N232;864;8.640;37;224;223;226;223;1.318;49.98;427.4;0.997;419.9;1.030;0.0;0.000;60;0;0;1.262;1.361;1.332;273;300;289;49.98;49.98;49.98;10175;1000;0.0;0;1.0000;0;0
600;2014-05-13 13:40:00;172602N232;711;8.758;36;225;225;227;225;1.141;49.99;427.5;0.817;418.0;0.849;0.0;0.000;60;0;0;1.118;1.161;1.146;225;245;239;49.99;49.99;49.99;10175;1000;0.0;0;1.0000;0;0
600;2014-05-13 13:50:00;172602N232;1548;9.016;36;225;225;227;224;2.313;49.97;426.6;1.801;425.4;1.843;0.0;0.000;60;0;0;2.259;2.366;2.315;502;532;512;49.97;49.97;49.97;10175;1000;0.0;0;1.0000;0;0
600;2014-05-13 14:00:00;172602N232;1298;9.232;36;225;224;226;224;1.952;49.96;424.2;1.522;419.0;1.546;0.0;0.000;60;0;0;1.902;1.996;1.958;420;445;431;49.96;49.96;49.96;10175;1000;0.0;0;1.0000;0;0
600;2014-05-13 14:10:00;172602N232;1024;9.404;36;224;223;226;222;1.583;49.97;420.5;1.202;420.2;1.217;0.0;0.000;60;0;0;1.531;1.631;1.587;328;355;340;49.97;49.97;49.97;10175;1000;0.0;0;1.0000;0;0
600;2014-05-13 14:20:00;172602N232;469;9.482;36;223;223;225;222;0.995;49.98;416.2;0.547;410.6;0.555;0.0;0.000;60;0;0;0.995;1.046;0.945;144;165;158;49.98;49.98;49.98;10175;1000;0.0;0;1.0000;0;0
600;2014-05-13 14:30:00;172602N232;775;9.612;36;224;223;226;223;1.344;50.01;420.7;0.904;419.9;0.916;0.0;0.000;60;0;0;1.280;1.410;1.342;240;267;266;50.01;50.01;50.01;10175;1000;0.0;0;1.0000;0;0
600;2014-05-13 14:40:00;172602N232;1025;9.783;36;224;224;226;223;1.553;49.99;433.5;1.170;423.6;1.211;0.0;0.000;60;0;0;1.503;1.596;1.562;328;354;341;49.99;49.99;49.99;10175;1000;0.0;0;1.0000;0;0
600;2014-05-13 14:50:00;172602N232;1380;10.012;36;225;224;227;223;2.074;49.97;431.4;1.585;424.1;1.646;0.0;0.000;60;0;0;2.032;2.119;2.073;448;475;455;49.97;49.97;49.97;10175;1000;0.0;0;1.0000;0;0
600;2014-05-13 15:00:00;172602N232;970;10.174;36;224;224;226;223;1.482;49.99;420.8;1.135;416.6;1.163;0.0;0.000;60;0;0;1.433;1.522;1.492;310;335;323;49.99;49.99;49.99;10175;1000;0.0;0;1.0000;0;0
600;2014-05-13 15:10:00;172602N232;730;10.296;36;224;224;226;223;1.169;50.00;420.0;0.854;416.3;0.876;0.0;0.000;60;0;0;1.148;1.189;1.172;232;252;244;50.00;50.00;50.00;10175;1000;0.0;0;1.0000;0;0
600;2014-05-13 15:20:00;172602N232;797;10.430;36;225;225;227;224;1.222;49.98;424.3;0.924;419.6;0.950;0.0;0.000;60;0;0;1.174;1.260;1.232;252;276;267;49.98;49.98;49.98;10175;1000;0.0;0;1.0000;0;0
600;2014-05-13 15:30:00;172602N232;690;10.545;36;224;224;225;223;1.108;49.99;427.1;0.793;416.3;0.825;0.0;0.000;60;0;0;1.084;1.127;1.113;219;237;232;49.99;49.99;49.99;10175;1000;0.0;0;1.0000;0;0
600;2014-05-13 15:40:00;172602N232;466;10.622;36;222;222;223;221;0.914;49.99;419.9;0.539;410.6;0.558;0.0;0.000;60;0;0;0.884;0.950;0.910;141;164;160;49.99;49.99;49.99;10175;1000;0.0;0;1.0000;0;0
600;2014-05-13 15:50:00;172602N232;288;10.671;36;221;221;222;220;1.121;49.97;411.5;0.329;404.2;0.342;0.0;0.000;60;0;0;1.199;1.196;0.969;86;101;99;49.97;49.97;49.97;10175;1000;0.0;0;1.0000;0;0
600;2014-05-13 16:00:00;172602N232;434;10.744;36;222;221;223;220;1.164;49.95;422.3;0.495;413.2;0.514;0.0;0.000;60;0;0;1.204;1.212;1.076;131;153;148;49.95;49.95;49.95;10175;1000;0.0;0;1.0000;0;0
600;2014-05-13 16:10:00;172602N232;665;10.854;36;222;222;223;220;1.134;49.96;427.3;0.763;420.6;0.786;0.0;0.000;60;0;0;1.161;1.161;1.080;206;235;223;49.96;49.96;49.96;10175;1000;0.0;0;1.0000;0;0
600;2014-05-13 16:20:00;172602N232;811;10.990;36;222;223;224;221;1.252;49.96;427.8;0.933;420.6;0.965;0.0;0.000;60;0;0;1.202;1.292;1.262;258;281;270;49.96;49.96;49.96;10175;1000;0.0;0;1.0000;0;0
600;2014-05-13 16:30:00;172602N232;692;11.105;36;222;222;224;220;1.076;49.95;427.9;0.795;417.8;0.822;0.0;0.000;60;0;0;1.022;1.121;1.087;217;242;231;49.95;49.95;49.95;10175;1000;0.0;0;1.0000;0;0
600;2014-05-13 16:40:00;172602N232;480;11.186;36;222;221;225;219;0.886;49.98;420.3;0.556;413.3;0.570;0.0;0.000;60;0;0;0.846;0.947;0.865;148;171;160;49.98;49.98;49.98;10175;1000;0.0;0;1.0000;0;0
600;2014-05-13 16:50:00;172602N232;642;11.292;35;222;221;225;220;1.033;50.02;423.8;0.741;418.2;0.764;0.0;0.000;60;0;0;0.978;1.083;1.039;200;226;214;50.02;50.02;50.02;10175;1000;0.0;0;1.0000;0;0
600;2014-05-13 17:00:00;172602N232;600;11.393;35;221;221;223;219;0.947;50.00;426.5;0.687;416.8;0.711;0.0;0.000;60;0;0;0.896;0.992;0.954;188;211;199;50.00;50.00;50.00;10175;1000;0.0;0;1.0000;0;0
600;2014-05-13 17:10:00;172602N232;542;11.483;35;221;220;223;219;0.867;49.99;425.3;0.622;415.2;0.646;0.0;0.000;60;0;0;0.813;0.910;0.879;168;191;182;49.99;49.99;49.99;10175;1000;0.0;0;1.0000;0;0
600;2014-05-13 17:20:00;172602N232;598;11.582;35;220;221;223;217;1.047;49.98;423.1;0.689;417.2;0.712;0.0;0.000;60;0;0;1.075;1.040;1.028;193;205;198;49.98;49.98;49.98;10175;1000;0.0;0;1.0000;0;0
600;2014-05-13 17:30:00;172602N232;1030;11.755;35;221;220;224;220;1.600;49.98;420.6;1.203;423.3;1.230;0.0;0.000;60;0;0;1.543;1.656;1.603;327;359;342;49.98;49.98;49.98;10175;1000;0.0;0;1.0000;0;0
600;2014-05-13 17:40:00;172602N232;812;11.890;35;220;217;224;220;1.262;49.99;421.2;0.949;418.6;0.969;0.0;0.000;60;0;0;1.188;1.316;1.282;250;286;273;49.99;49.99;49.99;10175;1000;0.0;0;1.0000;0;0
600;2014-05-13 17:50:00;172602N232;559;11.983;36;220;218;222;219;0.898;50.01;421.7;0.649;414.4;0.667;0.0;0.000;60;0;0;0.833;0.947;0.915;171;198;189;50.01;50.01;50.01;10175;1000;0.0;0;1.0000;0;0
600;2014-05-13 18:00:00;172602N232;465;12.061;35;219;218;222;218;1.034;49.98;412.9;0.544;411.8;0.556;0.0;0.000;60;0;0;0.988;1.120;0.994;145;161;157;49.98;49.98;49.98;10175;1000;0.0;0;1.0000;0;0
600;2014-05-13 18:10:00;172602N232;972;12.224;35;220;220;222;217;1.511;49.97;418.2;1.147;419.6;1.168;0.0;0.000;60;0;0;1.460;1.566;1.508;310;341;320;49.97;49.97;49.97;10175;1000;0.0;0;1.0000;0;0
600;2014-05-13 18:20:00;172602N232;482;12.303;35;220;221;222;217;0.862;49.98;417.5;0.561;411.7;0.577;0.0;0.000;60;0;0;0.866;0.842;0.880;153;168;158;49.98;49.98;49.98;10175;1000;0.0;0;1.0000;0;0
600;2014-05-13 18:30:00;172602N232;305;12.355;35;220;221;221;218;0.936;49.98;411.5;0.350;405.0;0.360;0.0;0.000;60;0;0;1.036;0.967;0.805;84;112;106;49.98;49.98;49.98;10175;1000;0.0;0;1.0000;0;0
600;2014-05-13 18:40:00;172602N232;418;12.425;35;220;220;222;219;1.191;49.98;397.0;0.500;406.7;0.504;0.0;0.000;60;0;0;1.215;1.322;1.037;127;143;146;49.98;49.98;49.98;10175;1000;0.0;0;1.0000;0;0
600;2014-05-13 18:50:00;172602N232;829;12.564;35;222;222;224;220;1.310;50.01;402.8;1.001;414.7;1.014;0.0;0.000;60;0;0;1.260;1.357;1.313;263;289;274;50.01;50.01;50.01;10175;1000;0.0;0;1.0000;0;0
600;2014-05-13 19:00:00;172602N232;287;12.612;35;220;221;222;218;1.055;49.99;409.9;0.332;405.2;0.339;0.0;0.000;60;0;0;1.132;1.168;0.865;72;106;107;49.99;49.99;49.99;10175;1000;0.0;0;1.0000;0;0
600;2014-05-13 19:10:00;172602N232;209;12.647;35;221;223;223;218;1.043;49.98;402.5;0.240;400.8;0.245;0.0;0.000;60;0;0;1.350;0.967;0.814;32;81;94;49.98;49.98;49.98;10175;1000;0.0;0;1.0000;0;0
600;2014-05-13 19:20:00;172602N232;339;12.704;35;223;224;225;221;1.201;49.99;403.9;0.399;411.5;0.402;0.0;0.000;60;0;0;1.282;1.259;1.064;85;121;131;49.99;49.99;49.99;10175;1000;0.0;0;1.0000;0;0
600;2014-05-13 19:30:00;172602N232;338;12.760;34;224;224;226;222;1.184;49.98;403.4;0.398;411.0;0.403;0.0;0.000;60;0;0;1.190;1.296;1.066;99;108;128;49.98;49.98;49.98;10175;1000;0.0;0;1.0000;0;0
600;2014-05-13 19:40:00;172602N232;294;12.809;34;222;221;224;221;1.133;49.97;401.0;0.344;409.0;0.351;0.0;0.000;60;0;0;1.174;1.290;0.936;93;96;103;49.97;49.97;49.97;10175;1000;0.0;0;1.0000;0;0
600;2014-05-13 19:50:00;172602N232;241;12.850;34;222;222;222;221;1.054;49.99;400.7;0.277;403.6;0.287;0.0;0.000;60;0;0;1.244;1.030;0.890;53;101;86;49.99;49.99;49.99;10175;1000;0.0;0;1.0000;0;0
600;2014-05-13 20:00:00;172602N232;164;12.877;34;222;222;222;222;0.901;49.98;391.0;0.188;398.9;0.189;0.0;0.000;60;0;0;1.022;0.966;0.716;32;78;52;49.98;49.98;49.98;10175;1000;0.0;0;1.0000;0;0
600;2014-05-13 20:10:00;172602N232;170;12.906;34;222;222;223;223;0.899;49.98;391.7;0.194;399.3;0.199;0.0;0.000;60;0;0;0.895;0.980;0.822;52;64;52;49.98;49.98;49.98;10175;1000;0.0;0;1.0000;0;0
600;2014-05-13 20:20:00;172602N232;107;12.924;33;223;222;223;223;0.887;49.97;379.7;0.120;388.9;0.123;0.0;0.000;60;0;0;0.779;1.102;0.782;34;24;48;49.97;49.97;49.97;10175;1000;0.0;0;1.0000;0;0
600;2014-05-13 20:30:00;172602N232;47;12.932;33;223;221;224;222;0.612;49.97;351.5;0.044;365.0;0.047;0.0;0.000;60;0;0;0.531;0.837;0.470;21;3;28;49.97;49.97;49.97;10175;1000;0.0;0;1.0000;0;0
600;2014-05-13 20:40:00;172602N232;67;12.942;33;222;222;224;221;0.777;49.99;363.3;0.069;383.9;0.074;0.0;0.000;60;0;0;0.707;1.029;0.597;17;4;46;49.99;49.99;49.99;10175;1000;0.0;0;1.0000;0;0
600;2014-05-13 20:50:00;172602N232;39;12.950;33;223;222;224;223;0.579;49.96;332.8;0.034;357.6;0.038;0.0;0.000;60;0;0;0.533;0.763;0.442;19;1;25;49.96;49.96;49.96;10175;1000;0.0;0;1.0000;0;0
600;2014-05-13 21:00:00;172602N232;4;12.950;32;223;221;224;222;0.204;49.98;256.5;0.000;263.4;0.001;0.0;0.000;60;0;0;0.158;0.313;0.142;4;0;8;49.98;49.98;49.98;10175;1000;0.0;0;1.0000;0;0
600;2014-05-13 21:10:00;172602N232;0;12.950;32;222;223;224;221;0.000;49.98;283.1;0.000;282.5;0.000;0.0;0.000;50;0;0;0.000;0.000;0.000;0;0;0;49.98;49.98;49.98;10175;1000;0.0;0;1.0000;0;0
600;2014-05-13 21:20:00;172602N232;0;12.950;30;222;223;225;219;0.000;49.96;233.9;0.000;234.8;0.000;0.0;0.000;50;0;0;0.000;0.000;0.000;0;0;0;49.96;49.96;49.96;10175;1000;0.0;0;1.0000;0;0
600;2014-05-13 21:30:00;172602N232;0;12.950;30;222;223;225;219;0.000;50.01;227.5;0.000;228.4;0.000;0.0;0.000;50;0;0;0.000;0.000;0.000;0;0;0;50.01;50.01;50.01;10175;1000;0.0;0;1.0000;0;0
[wr_ende]
