20161004;230000;172602N232;My Plant;+0100
[wr_def_start]
172602N232;Inverter Type;Inverter Group;72602N232      
[wr_def_end]
[wr]
INTERVAL;TIMESTAMP;SERIAL;P_AC;E_DAY;T_WR;U_AC;U_AC_1;U_AC_2;U_AC_3;I_AC;F_AC;U_DC_1;I_DC_1;U_DC_2;I_DC_2;U_DC_3;I_DC_3;S;E_WR;M_WR;I_AC_1;I_AC_2;I_AC_3;P_AC_1;P_AC_2;P_AC_3;F_AC_1;F_AC_2;F_AC_3;R_DC;PC;PCS;PCS_LL;COS_PHI;COS_PHI_LL;S_COS_PHI
600;2016-10-04 06:30:00;172602N232;0;0.000;0;4;4;4;4;0.000;1.02;4.5;0.000;4.5;0.000;0.0;0.000;50;0;0;0.000;0.000;0.000;0;0;0;1.02;1.02;1.02;34;1000;0.0;0;1.0000;0;0
600;2016-10-04 06:40:00;172602N232;0;0.000;22;221;222;223;218;0.000;49.99;230.9;0.000;231.9;0.000;0.0;0.000;50;0;0;0.000;0.000;0.000;0;0;0;49.99;49.99;49.99;0;1000;0.0;0;1.0000;0;0
600;2016-10-04 06:50:00;172602N232;0;0.000;23;222;223;225;220;0.001;50.00;282.1;0.000;281.4;0.000;0.0;0.000;60;0;0;0.002;0.001;0.001;0;0;0;50.00;50.00;50.00;1420;1000;0.0;0;1.0000;0;0
600;2016-10-04 07:00:00;172602N232;3;0.000;24;223;223;223;222;0.120;49.99;282.1;0.000;274.7;0.000;0.0;0.000;60;0;0;0.169;0.093;0.099;0;5;4;49.99;49.99;49.99;4934;1000;0.0;0;1.0000;0;0
600;2016-10-04 07:10:00;172602N232;24;0.007;24;223;223;222;223;0.419;50.00;329.5;0.016;322.7;0.016;0.0;0.000;60;0;0;0.542;0.327;0.388;0;21;14;50.00;50.00;50.00;5158;1000;0.0;0;1.0000;0;0
600;2016-10-04 07:20:00;172602N232;45;0.014;25;222;223;222;223;0.523;50.01;373.0;0.039;382.5;0.035;0.0;0.000;60;0;0;0.592;0.523;0.456;5;24;16;50.01;50.01;50.01;5158;1000;0.0;0;1.0000;0;0
600;2016-10-04 07:30:00;172602N232;62;0.024;25;223;223;223;222;0.672;50.01;387.9;0.061;399.3;0.054;0.0;0.000;60;0;0;0.870;0.599;0.548;3;35;25;50.01;50.01;50.01;5158;1000;0.0;0;1.0000;0;0
600;2016-10-04 07:40:00;172602N232;77;0.036;25;223;223;223;222;0.780;50.00;399.0;0.080;405.7;0.071;0.0;0.000;60;0;0;0.971;0.720;0.651;5;35;36;50.00;50.00;50.00;5158;1000;0.0;0;1.0000;0;0
600;2016-10-04 07:50:00;172602N232;91;0.051;26;222;223;222;222;0.827;50.00;405.3;0.096;409.8;0.086;0.0;0.000;60;0;0;1.081;0.717;0.685;5;45;41;50.00;50.00;50.00;5158;1000;0.0;0;1.0000;0;0
600;2016-10-04 08:00:00;172602N232;104;0.068;26;223;224;224;222;0.870;50.00;411.6;0.110;413.7;0.100;0.0;0.000;60;0;0;1.111;0.828;0.673;6;44;52;50.00;50.00;50.00;5158;1000;0.0;0;1.0000;0;0
600;2016-10-04 08:10:00;172602N232;116;0.087;27;223;224;223;222;0.886;50.02;417.8;0.125;416.4;0.113;0.0;0.000;60;0;0;1.163;0.809;0.687;8;57;52;50.02;50.02;50.02;5158;1000;0.0;0;1.0000;0;0
600;2016-10-04 08:20:00;172602N232;131;0.109;27;224;224;224;223;0.958;50.01;426.4;0.145;418.8;0.125;0.0;0.000;60;0;0;1.221;0.897;0.758;18;55;56;50.01;50.01;50.01;5158;1000;0.0;0;1.0000;0;0
600;2016-10-04 08:30:00;172602N232;142;0.134;27;224;225;225;222;1.001;50.01;422.8;0.163;419.5;0.135;0.0;0.000;60;0;0;1.176;1.050;0.777;17;49;73;50.01;50.01;50.01;5158;1000;0.0;0;1.0000;0;0
600;2016-10-04 08:40:00;172602N232;149;0.157;27;223;224;223;223;0.934;50.00;424.0;0.170;419.3;0.144;0.0;0.000;60;0;0;1.038;0.952;0.813;22;56;70;50.00;50.00;50.00;5158;1000;0.0;0;1.0000;0;0
600;2016-10-04 08:50:00;172602N232;170;0.187;28;224;224;224;223;0.925;50.01;474.2;0.177;422.5;0.154;0.0;0.000;60;0;0;0.901;1.140;0.735;14;86;68;50.01;50.01;50.01;5158;1000;0.0;0;1.0000;0;0
600;2016-10-04 09:00:00;172602N232;621;0.290;28;224;224;225;222;1.140;50.04;377.6;1.434;433.1;0.170;0.0;0.000;60;0;0;1.114;1.193;1.113;196;218;204;50.04;50.04;50.04;5158;1000;0.0;0;1.0000;0;0
600;2016-10-04 09:10:00;172602N232;871;0.436;28;224;225;226;222;1.339;50.04;418.4;1.864;449.5;0.188;0.0;0.000;60;0;0;1.293;1.384;1.340;279;303;287;50.04;50.04;50.04;5158;1000;0.0;0;1.0000;0;0
600;2016-10-04 09:20:00;172602N232;984;0.601;29;224;225;224;222;1.504;50.01;432.4;2.044;453.3;0.208;0.0;0.000;60;0;0;1.459;1.543;1.511;318;338;326;50.01;50.01;50.01;5158;1000;0.0;0;1.0000;0;0
600;2016-10-04 09:30:00;172602N232;1059;0.776;30;224;224;224;222;1.613;49.99;428.7;2.226;452.8;0.222;0.0;0.000;60;0;0;1.565;1.652;1.624;341;364;353;49.99;49.99;49.99;5158;1000;0.0;0;1.0000;0;0
600;2016-10-04 09:40:00;172602N232;1135;0.966;30;223;223;225;222;1.766;50.01;425.1;2.411;455.7;0.234;0.0;0.000;60;0;0;1.726;1.801;1.773;364;391;378;50.01;50.01;50.01;5158;1000;0.0;0;1.0000;0;0
600;2016-10-04 09:50:00;172602N232;1222;1.170;31;224;224;225;223;1.968;50.01;422.8;2.616;461.6;0.245;0.0;0.000;60;0;0;1.945;1.972;1.989;390;417;414;50.01;50.01;50.01;5158;1000;0.0;0;1.0000;0;0
600;2016-10-04 10:00:00;172602N232;1302;1.387;31;225;225;226;223;2.007;50.01;420.5;2.806;460.8;0.260;0.0;0.000;60;0;0;1.964;2.038;2.021;419;447;433;50.01;50.01;50.01;5158;1000;0.0;0;1.0000;0;0
600;2016-10-04 10:10:00;172602N232;1379;1.617;32;225;225;227;223;2.095;50.01;418.9;2.990;460.7;0.273;0.0;0.000;60;0;0;2.055;2.140;2.090;445;476;455;50.01;50.01;50.01;5158;1000;0.0;0;1.0000;0;0
600;2016-10-04 10:20:00;172602N232;1452;1.858;32;225;225;227;224;2.193;50.01;417.7;3.164;456.3;0.288;0.0;0.000;60;0;0;2.142;2.244;2.193;469;501;480;50.01;50.01;50.01;5158;1000;0.0;0;1.0000;0;0
600;2016-10-04 10:30:00;172602N232;1520;2.112;32;225;225;227;223;2.272;50.02;415.6;3.333;469.1;0.291;0.0;0.000;60;0;0;2.215;2.330;2.272;491;525;502;50.02;50.02;50.02;5158;1000;0.0;0;1.0000;0;0
600;2016-10-04 10:40:00;172602N232;1578;2.376;33;225;225;228;223;2.348;50.00;412.1;3.487;474.1;0.302;0.0;0.000;60;0;0;2.286;2.413;2.347;510;546;520;50.00;50.00;50.00;5158;1000;0.0;0;1.0000;0;0
600;2016-10-04 10:50:00;172602N232;1622;2.646;33;225;225;228;224;2.410;49.99;409.1;3.611;473.6;0.311;0.0;0.000;60;0;0;2.344;2.486;2.402;524;563;534;49.99;49.99;49.99;5158;1000;0.0;0;1.0000;0;0
600;2016-10-04 11:00:00;172602N232;2575;3.076;33;226;226;229;225;3.821;50.00;406.8;3.764;292.1;3.720;0.0;0.000;60;0;0;3.750;3.901;3.812;839;885;849;50.00;50.00;50.00;5158;1000;0.0;0;1.0000;0;0
600;2016-10-04 11:10:00;172602N232;2720;3.529;36;226;226;229;225;4.036;50.01;404.3;3.884;308.8;3.859;0.0;0.000;60;0;0;3.957;4.123;4.028;885;935;897;50.01;50.01;50.01;5158;1000;0.0;0;1.0000;0;0
600;2016-10-04 11:20:00;172602N232;2855;4.005;38;227;226;229;225;4.228;50.01;401.8;3.998;324.8;3.978;0.0;0.000;60;0;0;4.152;4.323;4.211;930;985;939;50.01;50.01;50.01;5158;1000;0.0;0;1.0000;0;0
600;2016-10-04 11:30:00;172602N232;2979;4.502;38;227;227;230;225;4.398;50.00;401.1;4.099;344.4;4.008;0.0;0.000;60;0;0;4.329;4.500;4.367;973;1029;975;50.00;50.00;50.00;5158;1000;0.0;0;1.0000;0;0
600;2016-10-04 11:40:00;172602N232;3119;5.022;37;227;227;231;225;4.599;50.01;400.0;4.182;359.6;4.148;0.0;0.000;60;0;0;4.531;4.703;4.564;1020;1078;1019;50.01;50.01;50.01;5158;1000;0.0;0;1.0000;0;0
600;2016-10-04 11:50:00;172602N232;3201;5.555;36;227;227;230;224;4.728;50.01;398.1;4.261;366.2;4.235;0.0;0.000;60;0;0;4.671;4.830;4.684;1051;1105;1044;50.01;50.01;50.01;5158;1000;0.0;0;1.0000;0;0
600;2016-10-04 12:00:00;172602N232;3302;6.105;37;226;226;229;224;4.888;50.00;396.8;4.332;379.0;4.302;0.0;0.000;60;0;0;4.818;5.006;4.842;1081;1142;1077;50.00;50.00;50.00;5158;1000;0.0;0;1.0000;0;0
600;2016-10-04 12:10:00;172602N232;3373;6.668;37;226;226;229;224;4.998;50.01;396.2;4.383;386.5;4.357;0.0;0.000;60;0;0;4.920;5.102;4.973;1101;1162;1107;50.01;50.01;50.01;5158;1000;0.0;0;1.0000;0;0
600;2016-10-04 12:20:00;172602N232;3408;7.236;37;227;226;230;225;5.034;49.99;395.2;4.432;385.9;4.420;0.0;0.000;60;0;0;4.963;5.153;4.988;1115;1179;1113;49.99;49.99;49.99;5158;1000;0.0;0;1.0000;0;0
600;2016-10-04 12:30:00;172602N232;3454;7.812;38;227;226;230;225;5.101;50.00;393.5;4.466;392.7;4.445;0.0;0.000;60;0;0;5.030;5.217;5.058;1129;1194;1128;50.00;50.00;50.00;5158;1000;0.0;0;1.0000;0;0
600;2016-10-04 12:40:00;172602N232;3465;8.389;38;227;226;231;225;5.098;50.00;392.6;4.477;393.1;4.467;0.0;0.000;60;0;0;5.015;5.221;5.060;1130;1201;1132;50.00;50.00;50.00;5158;1000;0.0;0;1.0000;0;0
600;2016-10-04 12:50:00;172602N232;3462;8.968;38;227;226;231;225;5.095;50.00;391.9;4.484;392.2;4.474;0.0;0.000;60;0;0;5.011;5.224;5.050;1128;1203;1129;50.00;50.00;50.00;5158;1000;0.0;0;1.0000;0;0
600;2016-10-04 13:00:00;172602N232;3462;9.543;39;227;226;231;224;5.104;49.99;392.4;4.477;392.7;4.468;0.0;0.000;60;0;0;5.012;5.262;5.038;1126;1211;1123;49.99;49.99;49.99;5158;1000;0.0;0;1.0000;0;0
600;2016-10-04 13:10:00;172602N232;3442;10.118;39;227;225;231;224;5.071;50.00;391.2;4.466;391.4;4.457;0.0;0.000;60;0;0;4.982;5.207;5.026;1118;1199;1123;50.00;50.00;50.00;5158;1000;0.0;0;1.0000;0;0
600;2016-10-04 13:20:00;172602N232;3426;10.689;39;226;225;230;224;5.061;50.01;390.9;4.449;391.0;4.439;0.0;0.000;60;0;0;4.973;5.198;5.012;1115;1192;1117;50.01;50.01;50.01;5158;1000;0.0;0;1.0000;0;0
600;2016-10-04 13:30:00;172602N232;3394;11.254;40;226;226;231;223;5.012;50.00;391.4;4.401;391.6;4.390;0.0;0.000;60;0;0;4.942;5.150;4.946;1112;1183;1097;50.00;50.00;50.00;5158;1000;0.0;0;1.0000;0;0
600;2016-10-04 13:40:00;172602N232;3344;11.811;40;227;226;231;224;4.930;50.00;391.2;4.333;392.1;4.323;0.0;0.000;60;0;0;4.851;5.057;4.882;1092;1162;1088;50.00;50.00;50.00;5158;1000;0.0;0;1.0000;0;0
600;2016-10-04 13:50:00;172602N232;3200;12.347;40;227;226;231;224;4.718;50.01;391.5;4.277;379.2;4.143;0.0;0.000;60;0;0;4.636;4.829;4.690;1043;1108;1047;50.01;50.01;50.01;5158;1000;0.0;0;1.0000;0;0
600;2016-10-04 14:00:00;172602N232;3089;12.861;41;227;227;231;225;4.549;50.00;392.7;4.212;360.3;4.109;0.0;0.000;60;0;0;4.473;4.650;4.525;1008;1068;1012;50.00;50.00;50.00;5158;1000;0.0;0;1.0000;0;0
600;2016-10-04 14:10:00;172602N232;2912;13.346;41;228;227;231;225;4.288;50.01;393.3;4.119;329.1;4.064;0.0;0.000;60;0;0;4.222;4.392;4.250;954;1009;948;50.01;50.01;50.01;5158;1000;0.0;0;1.0000;0;0
600;2016-10-04 14:20:00;172602N232;2809;13.815;41;227;227;231;225;4.142;49.99;392.7;4.015;322.6;3.956;0.0;0.000;60;0;0;4.078;4.247;4.101;919;973;915;49.99;49.99;49.99;5158;1000;0.0;0;1.0000;0;0
600;2016-10-04 14:30:00;172602N232;2634;14.254;41;226;226;229;224;3.899;50.00;394.0;3.909;315.1;3.605;0.0;0.000;60;0;0;3.829;3.997;3.872;859;911;862;50.00;50.00;50.00;5158;1000;0.0;0;1.0000;0;0
600;2016-10-04 14:40:00;172602N232;2414;14.656;41;227;227;230;224;3.562;50.00;394.8;3.793;281.5;3.418;0.0;0.000;60;0;0;3.504;3.657;3.526;791;836;785;50.00;50.00;50.00;5158;1000;0.0;0;1.0000;0;0
600;2016-10-04 14:50:00;172602N232;2200;15.023;41;227;226;231;225;3.243;50.01;395.5;3.605;269.1;3.006;0.0;0.000;60;0;0;3.161;3.343;3.225;711;766;721;50.01;50.01;50.01;5158;1000;0.0;0;1.0000;0;0
600;2016-10-04 15:00:00;172602N232;1988;15.355;41;227;226;231;225;2.928;50.00;359.2;3.381;253.5;3.203;0.0;0.000;60;0;0;2.848;3.013;2.925;640;691;656;50.00;50.00;50.00;5158;1000;0.0;0;1.0000;0;0
600;2016-10-04 15:10:00;172602N232;1848;15.662;41;227;226;230;225;2.724;50.01;310.8;3.134;280.9;3.252;0.0;0.000;60;0;0;2.651;2.802;2.720;595;642;609;50.01;50.01;50.01;5158;1000;0.0;0;1.0000;0;0
600;2016-10-04 15:20:00;172602N232;1719;15.949;41;227;227;231;224;2.530;50.00;289.5;2.709;307.0;3.163;0.0;0.000;60;0;0;2.467;2.611;2.514;557;599;561;50.00;50.00;50.00;5158;1000;0.0;0;1.0000;0;0
600;2016-10-04 15:30:00;172602N232;1502;16.200;41;226;230;232;216;2.228;49.99;270.0;1.692;358.0;2.990;0.0;0.000;60;0;0;2.203;2.341;2.141;501;541;458;49.99;49.99;49.99;5158;1000;0.0;0;1.0000;0;0
600;2016-10-04 15:40:00;172602N232;1246;16.407;40;225;229;231;216;1.897;49.99;267.5;0.678;387.8;2.792;0.0;0.000;60;0;0;1.874;1.985;1.832;411;449;383;49.99;49.99;49.99;5158;1000;0.0;0;1.0000;0;0
600;2016-10-04 15:50:00;172602N232;1168;16.602;40;225;229;231;216;1.784;50.00;393.2;0.316;403.2;2.610;0.0;0.000;60;0;0;1.764;1.866;1.723;386;421;359;50.00;50.00;50.00;5158;1000;0.0;0;1.0000;0;0
600;2016-10-04 16:00:00;172602N232;978;16.766;40;225;229;231;215;1.580;49.99;439.5;0.297;409.1;2.052;0.0;0.000;60;0;0;1.590;1.655;1.496;321;354;301;49.99;49.99;49.99;5158;1000;0.0;0;1.0000;0;0
600;2016-10-04 16:10:00;172602N232;959;16.925;40;226;227;227;223;1.546;50.00;441.3;0.291;395.3;2.103;0.0;0.000;60;0;0;1.553;1.555;1.531;309;329;319;50.00;50.00;50.00;5158;1000;0.0;0;1.0000;0;0
600;2016-10-04 16:20:00;172602N232;703;17.042;39;226;227;226;224;1.212;50.01;440.8;0.287;325.9;1.773;0.0;0.000;60;0;0;1.223;1.211;1.203;227;240;234;50.01;50.01;50.01;5158;1000;0.0;0;1.0000;0;0
600;2016-10-04 16:30:00;172602N232;470;17.121;39;225;224;226;224;1.086;49.99;437.3;0.434;317.9;0.962;0.0;0.000;60;0;0;1.082;1.143;1.035;144;169;155;49.99;49.99;49.99;5158;1000;0.0;0;1.0000;0;0
600;2016-10-04 16:40:00;172602N232;325;17.175;39;224;225;225;223;1.153;50.00;422.2;0.350;435.4;0.370;0.0;0.000;60;0;0;1.257;1.156;1.046;91;125;107;50.00;50.00;50.00;5158;1000;0.0;0;1.0000;0;0
600;2016-10-04 16:50:00;172602N232;242;17.216;38;225;225;225;223;1.106;49.99;418.0;0.257;413.6;0.289;0.0;0.000;60;0;0;1.175;1.233;0.910;48;101;91;49.99;49.99;49.99;5158;1000;0.0;0;1.0000;0;0
600;2016-10-04 17:00:00;172602N232;199;17.250;38;223;226;228;215;1.087;49.98;394.4;0.219;404.3;0.243;0.0;0.000;60;0;0;1.403;1.017;0.842;29;78;96;49.98;49.98;49.98;5158;1000;0.0;0;1.0000;0;0
600;2016-10-04 17:10:00;172602N232;123;17.271;37;223;228;226;214;1.029;49.99;375.6;0.137;390.7;0.148;0.0;0.000;60;0;0;1.586;0.758;0.745;0;66;73;49.99;49.99;49.99;5158;1000;0.0;0;1.0000;0;0
600;2016-10-04 17:20:00;172602N232;111;17.290;37;222;227;226;213;0.974;50.03;381.7;0.119;390.6;0.130;0.0;0.000;60;0;0;1.518;0.696;0.709;0;65;65;50.03;50.03;50.03;5158;1000;0.0;0;1.0000;0;0
600;2016-10-04 17:30:00;172602N232;58;17.299;36;222;227;225;213;0.704;50.02;357.5;0.058;370.7;0.059;0.0;0.000;60;0;0;1.004;0.556;0.552;0;44;48;50.02;50.02;50.02;5158;1000;0.0;0;1.0000;0;0
600;2016-10-04 17:40:00;172602N232;60;17.310;36;221;226;226;211;0.718;49.99;355.3;0.063;372.9;0.061;0.0;0.000;60;0;0;0.853;0.755;0.547;3;23;50;49.99;49.99;49.99;5158;1000;0.0;0;1.0000;0;0
600;2016-10-04 17:50:00;172602N232;31;17.314;35;221;227;225;210;0.518;49.99;322.2;0.025;333.7;0.028;0.0;0.000;60;0;0;0.746;0.422;0.388;0;26;32;49.99;49.99;49.99;5158;1000;0.0;0;1.0000;0;0
600;2016-10-04 18:00:00;172602N232;2;17.315;35;221;226;224;212;0.112;49.98;252.6;0.000;253.6;0.000;0.0;0.000;60;0;0;0.169;0.089;0.080;0;5;5;49.98;49.98;49.98;5158;1000;0.0;0;1.0000;0;0
600;2016-10-04 18:10:00;172602N232;0;17.315;34;220;224;225;212;0.005;49.98;283.8;0.000;282.6;0.000;0.0;0.000;50;0;0;0.016;0.000;0.000;0;0;0;49.98;49.98;49.98;8625;1000;0.0;0;1.0000;0;0
600;2016-10-04 18:20:00;172602N232;0;17.315;33;220;221;225;213;0.000;50.01;233.4;0.000;234.4;0.000;0.0;0.000;50;0;0;0.000;0.000;0.000;0;0;0;50.01;50.01;50.01;8894;1000;0.0;0;1.0000;0;0
600;2016-10-04 18:30:00;172602N232;0;17.315;32;220;222;224;215;0.000;50.00;228.3;0.000;229.2;0.000;0.0;0.000;50;0;0;0.000;0.000;0.000;0;0;0;50.00;50.00;50.00;8894;1000;0.0;0;1.0000;0;0
[wr_ende]
