20150612;230005;172602N232;My Plant;+0100
[wr_def_start]
172602N232;Inverter Type;Inverter Group;72602N232      
[wr_def_end]
[wr]
INTERVAL;TIMESTAMP;SERIAL;P_AC;E_DAY;T_WR;U_AC;U_AC_1;U_AC_2;U_AC_3;I_AC;F_AC;U_DC_1;I_DC_1;U_DC_2;I_DC_2;U_DC_3;I_DC_3;S;E_WR;M_WR;I_AC_1;I_AC_2;I_AC_3;P_AC_1;P_AC_2;P_AC_3;F_AC_1;F_AC_2;F_AC_3;R_DC;PC;PCS;PCS_LL;COS_PHI;COS_PHI_LL;S_COS_PHI
600;2015-06-12 03:30:00;172602N232;0;0.000;0;3;3;3;3;0.000;0.82;3.7;0.000;3.7;0.000;0.0;0.000;50;0;0;0.000;0.000;0.000;0;0;0;0.82;0.82;0.82;90;1000;0.0;0;1.0000;0;0
600;2015-06-12 03:40:00;172602N232;0;0.000;27;224;224;227;222;0.000;50.01;226.9;0.000;227.8;0.000;0.0;0.000;50;0;0;0.000;0.000;0.000;0;0;0;50.01;50.01;50.01;0;1000;0.0;0;1.0000;0;0
600;2015-06-12 03:50:00;172602N232;0;0.000;29;224;224;227;222;0.000;50.00;229.3;0.000;230.3;0.000;0.0;0.000;50;0;0;0.000;0.000;0.000;0;0;0;50.00;50.00;50.00;0;1000;0.0;0;1.0000;0;0
600;2015-06-12 04:00:00;172602N232;0;0.000;30;224;224;227;222;0.000;50.01;240.6;0.000;241.5;0.000;0.0;0.000;50;0;0;0.000;0.000;0.000;0;0;0;50.01;50.01;50.01;0;1000;0.0;0;1.0000;0;0
600;2015-06-12 04:10:00;172602N232;0;0.000;30;224;224;227;222;0.001;50.00;283.9;0.000;283.3;0.000;0.0;0.000;60;0;0;0.001;0.001;0.001;0;0;0;50.00;50.00;50.00;2135;1000;0.0;0;1.0000;0;0
600;2015-06-12 04:20:00;172602N232;1;0.000;30;225;225;226;223;0.124;50.01;268.2;0.000;269.1;0.000;0.0;0.000;60;0;0;0.119;0.161;0.093;0;0;4;50.01;50.01;50.01;4504;1000;0.0;0;1.0000;0;0
600;2015-06-12 04:30:00;172602N232;12;0.002;31;224;224;225;224;0.308;50.01;281.1;0.002;293.7;0.004;0.0;0.000;60;0;0;0.367;0.347;0.210;3;5;11;50.01;50.01;50.01;4581;1000;0.0;0;1.0000;0;0
600;2015-06-12 04:40:00;172602N232;28;0.006;31;224;224;225;223;0.489;50.01;335.7;0.018;354.2;0.021;0.0;0.000;60;0;0;0.522;0.606;0.341;7;2;22;50.01;50.01;50.01;4581;1000;0.0;0;1.0000;0;0
600;2015-06-12 04:50:00;172602N232;41;0.013;31;224;224;225;223;0.641;50.01;364.1;0.034;373.5;0.036;0.0;0.000;60;0;0;0.640;0.812;0.473;8;2;32;50.01;50.01;50.01;4581;1000;0.0;0;1.0000;0;0
600;2015-06-12 05:00:00;172602N232;52;0.022;32;224;223;225;223;0.911;50.01;374.6;0.050;383.8;0.051;0.0;0.000;60;0;0;0.931;1.105;0.698;3;3;45;50.01;50.01;50.01;4581;1000;0.0;0;1.0000;0;0
600;2015-06-12 05:10:00;172602N232;64;0.033;32;224;223;225;223;0.924;49.99;386.1;0.063;391.2;0.064;0.0;0.000;60;0;0;0.905;1.147;0.721;7;4;50;49.99;49.99;49.99;4581;1000;0.0;0;1.0000;0;0
600;2015-06-12 05:20:00;172602N232;76;0.045;32;223;223;224;222;0.922;50.00;389.3;0.079;396.2;0.078;0.0;0.000;60;0;0;0.950;1.097;0.720;6;13;54;50.00;50.00;50.00;4581;1000;0.0;0;1.0000;0;0
600;2015-06-12 05:30:00;172602N232;88;0.061;33;223;223;224;221;0.918;50.01;396.5;0.091;401.2;0.091;0.0;0.000;60;0;0;0.908;1.124;0.724;13;15;58;50.01;50.01;50.01;4581;1000;0.0;0;1.0000;0;0
600;2015-06-12 05:40:00;172602N232;98;0.078;33;223;222;224;222;0.927;50.01;401.0;0.103;404.2;0.103;0.0;0.000;60;0;0;0.859;1.189;0.735;23;12;62;50.01;50.01;50.01;4581;1000;0.0;0;1.0000;0;0
600;2015-06-12 05:50:00;172602N232;109;0.096;33;224;224;226;222;0.960;49.99;404.1;0.116;406.9;0.116;0.0;0.000;60;0;0;0.956;1.183;0.743;24;18;65;49.99;49.99;49.99;4581;1000;0.0;0;1.0000;0;0
600;2015-06-12 06:00:00;172602N232;119;0.116;33;224;224;226;223;1.006;49.98;407.3;0.127;408.1;0.127;0.0;0.000;60;0;0;0.963;1.269;0.787;24;22;71;49.98;49.98;49.98;4581;1000;0.0;0;1.0000;0;0
600;2015-06-12 06:10:00;172602N232;127;0.137;34;223;223;224;222;0.996;49.99;409.2;0.137;410.0;0.137;0.0;0.000;60;0;0;1.042;1.156;0.791;18;34;73;49.99;49.99;49.99;4581;1000;0.0;0;1.0000;0;0
600;2015-06-12 06:20:00;172602N232;135;0.160;34;222;222;223;220;0.976;49.97;411.7;0.146;412.0;0.145;0.0;0.000;60;0;0;1.059;1.089;0.780;17;42;74;49.97;49.97;49.97;4581;1000;0.0;0;1.0000;0;0
600;2015-06-12 06:30:00;172602N232;144;0.184;34;223;223;223;221;0.967;49.98;411.4;0.157;413.9;0.154;0.0;0.000;60;0;0;1.174;0.963;0.765;8;63;71;49.98;49.98;49.98;4581;1000;0.0;0;1.0000;0;0
600;2015-06-12 06:40:00;172602N232;151;0.209;34;224;225;225;222;1.136;50.01;411.0;0.167;414.6;0.162;0.0;0.000;60;0;0;1.579;1.034;0.797;7;81;63;50.01;50.01;50.01;4581;1000;0.0;0;1.0000;0;0
600;2015-06-12 06:50:00;172602N232;159;0.236;34;223;223;225;221;1.131;49.97;412.4;0.176;416.9;0.169;0.0;0.000;60;0;0;1.523;1.076;0.794;13;78;66;49.97;49.97;49.97;4581;1000;0.0;0;1.0000;0;0
600;2015-06-12 07:00:00;172602N232;167;0.264;35;224;225;225;221;1.163;49.99;415.7;0.186;417.0;0.177;0.0;0.000;60;0;0;1.625;1.055;0.809;9;86;72;49.99;49.99;49.99;4581;1000;0.0;0;1.0000;0;0
600;2015-06-12 07:10:00;172602N232;176;0.293;35;222;223;223;222;1.075;49.98;421.0;0.196;417.9;0.184;0.0;0.000;60;0;0;1.539;0.899;0.787;32;86;57;49.98;49.98;49.98;4581;1000;0.0;0;1.0000;0;0
600;2015-06-12 07:20:00;172602N232;184;0.324;35;222;223;222;221;0.972;49.98;425.4;0.205;417.4;0.191;0.0;0.000;60;0;0;1.423;0.791;0.704;61;63;57;49.98;49.98;49.98;4581;1000;0.0;0;1.0000;0;0
600;2015-06-12 07:30:00;172602N232;194;0.357;35;222;222;222;222;0.960;49.99;431.7;0.215;419.3;0.200;0.0;0.000;60;0;0;1.191;0.878;0.813;53;75;64;49.99;49.99;49.99;4581;1000;0.0;0;1.0000;0;0
600;2015-06-12 07:40:00;172602N232;207;0.392;35;223;223;223;222;0.964;50.00;445.2;0.227;421.2;0.210;0.0;0.000;60;0;0;1.213;0.806;0.873;53;72;81;50.00;50.00;50.00;4581;1000;0.0;0;1.0000;0;0
600;2015-06-12 07:50:00;172602N232;221;0.428;35;222;223;222;222;0.963;49.99;463.6;0.236;421.5;0.220;0.0;0.000;60;0;0;1.117;0.804;0.968;40;75;104;49.99;49.99;49.99;4581;1000;0.0;0;1.0000;0;0
600;2015-06-12 08:00:00;172602N232;385;0.493;35;223;223;224;222;1.072;49.98;412.7;0.763;425.1;0.229;0.0;0.000;60;0;0;1.143;1.150;0.925;119;136;128;49.98;49.98;49.98;4581;1000;0.0;0;1.0000;0;0
600;2015-06-12 08:10:00;172602N232;1065;0.671;35;223;223;224;223;1.644;49.99;353.1;2.729;434.1;0.239;0.0;0.000;60;0;0;1.607;1.668;1.659;345;362;356;49.99;49.99;49.99;4581;1000;0.0;0;1.0000;0;0
600;2015-06-12 08:20:00;172602N232;1232;0.877;35;224;223;226;222;1.937;49.99;378.0;2.978;441.5;0.249;0.0;0.000;60;0;0;1.899;1.967;1.947;394;424;412;49.99;49.99;49.99;4581;1000;0.0;0;1.0000;0;0
600;2015-06-12 08:30:00;172602N232;1374;1.106;36;223;221;226;223;2.087;49.99;388.7;3.242;442.7;0.264;0.0;0.000;60;0;0;2.020;2.140;2.101;438;475;459;49.99;49.99;49.99;4581;1000;0.0;0;1.0000;0;0
600;2015-06-12 08:40:00;172602N232;1537;1.361;36;225;223;228;224;2.292;49.99;403.4;3.510;449.0;0.275;0.0;0.000;60;0;0;2.209;2.365;2.302;489;536;511;49.99;49.99;49.99;4581;1000;0.0;0;1.0000;0;0
600;2015-06-12 08:50:00;172602N232;1640;1.635;37;225;224;228;223;2.444;49.97;398.6;3.740;416.7;0.421;0.0;0.000;60;0;0;2.380;2.510;2.443;529;568;541;49.97;49.97;49.97;4581;1000;0.0;0;1.0000;0;0
600;2015-06-12 09:00:00;172602N232;1870;1.947;37;224;223;228;223;2.796;49.99;394.8;3.959;287.8;1.142;0.0;0.000;60;0;0;2.723;2.868;2.797;602;648;618;49.99;49.99;49.99;4581;1000;0.0;0;1.0000;0;0
600;2015-06-12 09:10:00;172602N232;2199;2.313;37;224;222;227;223;3.289;49.99;391.5;4.174;302.3;1.978;0.0;0.000;60;0;0;3.213;3.367;3.287;709;761;727;49.99;49.99;49.99;4581;1000;0.0;0;1.0000;0;0
600;2015-06-12 09:20:00;172602N232;2506;2.730;39;224;223;226;222;3.747;50.00;388.3;4.389;279.5;3.029;0.0;0.000;60;0;0;3.696;3.813;3.734;820;858;825;50.00;50.00;50.00;4581;1000;0.0;0;1.0000;0;0
600;2015-06-12 09:30:00;172602N232;2816;3.202;39;224;224;227;221;4.202;49.99;386.0;4.592;274.1;4.013;0.0;0.000;60;0;0;4.172;4.285;4.149;931;971;913;49.99;49.99;49.99;4581;1000;0.0;0;1.0000;0;0
600;2015-06-12 09:40:00;172602N232;3083;3.715;40;224;225;228;220;4.595;49.98;383.0;4.789;281.4;4.639;0.0;0.000;60;0;0;4.583;4.690;4.514;1026;1065;989;49.98;49.98;49.98;4581;1000;0.0;0;1.0000;0;0
600;2015-06-12 09:50:00;172602N232;3288;4.263;40;224;224;228;221;4.897;49.98;379.2;4.983;296.2;4.925;0.0;0.000;60;0;0;4.866;5.012;4.814;1088;1139;1059;49.98;49.98;49.98;4581;1000;0.0;0;1.0000;0;0
600;2015-06-12 10:00:00;172602N232;3458;4.838;41;225;223;230;221;5.139;50.00;376.8;5.160;314.0;5.025;0.0;0.000;60;0;0;5.064;5.275;5.079;1127;1208;1121;50.00;50.00;50.00;4581;1000;0.0;0;1.0000;0;0
600;2015-06-12 10:10:00;172602N232;3683;5.453;41;225;225;229;221;5.466;49.99;375.1;5.329;335.4;5.221;0.0;0.000;60;0;0;5.427;5.599;5.374;1216;1279;1186;49.99;49.99;49.99;4581;1000;0.0;0;1.0000;0;0
600;2015-06-12 10:20:00;172602N232;3897;6.104;41;224;224;227;222;5.792;49.99;375.3;5.490;352.1;5.411;0.0;0.000;60;0;0;5.758;5.885;5.735;1288;1334;1273;49.99;49.99;49.99;4581;1000;0.0;0;1.0000;0;0
600;2015-06-12 10:30:00;172602N232;4073;6.782;42;225;225;227;224;6.036;50.00;374.8;5.655;363.2;5.576;0.0;0.000;60;0;0;5.994;6.116;5.999;1344;1388;1338;50.00;50.00;50.00;4581;1000;0.0;0;1.0000;0;0
600;2015-06-12 10:40:00;172602N232;4257;7.491;42;225;225;228;223;6.311;49.99;374.2;5.799;373.5;5.787;0.0;0.000;60;0;0;6.265;6.410;6.259;1403;1458;1394;49.99;49.99;49.99;4581;1000;0.0;0;1.0000;0;0
600;2015-06-12 10:50:00;172602N232;4343;8.215;42;225;226;228;220;6.451;49.99;373.2;5.929;373.2;5.916;0.0;0.000;60;0;0;6.439;6.605;6.311;1449;1505;1387;49.99;49.99;49.99;4581;1000;0.0;0;1.0000;0;0
600;2015-06-12 11:00:00;172602N232;4453;8.957;42;225;226;228;220;6.613;50.00;372.8;6.085;372.7;6.075;0.0;0.000;60;0;0;6.598;6.776;6.465;1487;1543;1421;50.00;50.00;50.00;4581;1000;0.0;0;1.0000;0;0
600;2015-06-12 11:10:00;172602N232;4514;9.711;42;225;226;229;220;6.691;49.99;369.3;6.228;369.3;6.220;0.0;0.000;60;0;0;6.680;6.850;6.545;1508;1564;1441;49.99;49.99;49.99;4581;1000;0.0;0;1.0000;0;0
600;2015-06-12 11:20:00;172602N232;4536;10.467;43;225;227;229;221;6.710;49.99;364.4;6.338;365.2;6.329;0.0;0.000;60;0;0;6.717;6.853;6.562;1521;1566;1447;49.99;49.99;49.99;4581;1000;0.0;0;1.0000;0;0
600;2015-06-12 11:30:00;172602N232;4578;11.231;43;226;226;229;223;6.752;50.02;363.3;6.419;363.9;6.409;0.0;0.000;60;0;0;6.723;6.862;6.671;1520;1568;1488;50.02;50.02;50.02;4581;1000;0.0;0;1.0000;0;0
600;2015-06-12 11:40:00;172602N232;4620;11.999;43;227;227;229;225;6.794;50.00;361.0;6.517;361.9;6.508;0.0;0.000;60;0;0;6.747;6.897;6.739;1527;1580;1511;50.00;50.00;50.00;4581;1000;0.0;0;1.0000;0;0
600;2015-06-12 11:50:00;172602N232;4661;12.777;43;227;226;230;225;6.845;50.02;359.1;6.611;360.0;6.602;0.0;0.000;60;0;0;6.761;6.970;6.806;1529;1602;1528;50.02;50.02;50.02;4581;1000;0.0;0;1.0000;0;0
600;2015-06-12 12:00:00;172602N232;4709;13.563;43;227;226;231;225;6.914;50.02;358.9;6.685;359.6;6.676;0.0;0.000;60;0;0;6.822;7.049;6.872;1540;1623;1544;50.02;50.02;50.02;4581;1000;0.0;0;1.0000;0;0
600;2015-06-12 12:10:00;172602N232;4736;14.352;44;228;227;232;224;6.942;50.00;356.8;6.767;357.4;6.756;0.0;0.000;60;0;0;6.861;7.124;6.842;1553;1651;1530;50.00;50.00;50.00;4581;1000;0.0;0;1.0000;0;0
600;2015-06-12 12:20:00;172602N232;4778;15.149;44;227;226;232;224;7.002;50.02;355.0;6.859;355.9;6.847;0.0;0.000;60;0;0;6.901;7.172;6.934;1558;1665;1553;50.02;50.02;50.02;4581;1000;0.0;0;1.0000;0;0
600;2015-06-12 12:30:00;172602N232;4777;15.946;44;228;226;233;225;6.994;50.01;353.3;6.894;354.2;6.880;0.0;0.000;60;0;0;6.890;7.172;6.921;1557;1667;1551;50.01;50.01;50.01;4581;1000;0.0;0;1.0000;0;0
600;2015-06-12 12:40:00;172602N232;4787;16.744;44;228;227;233;224;7.005;49.98;351.2;6.949;352.3;6.937;0.0;0.000;60;0;0;6.920;7.205;6.891;1567;1675;1544;49.98;49.98;49.98;4581;1000;0.0;0;1.0000;0;0
600;2015-06-12 12:50:00;172602N232;4839;17.551;44;228;227;232;224;7.090;49.99;351.1;7.029;351.9;7.018;0.0;0.000;60;0;0;7.019;7.285;6.967;1589;1691;1557;49.99;49.99;49.99;4581;1000;0.0;0;1.0000;0;0
600;2015-06-12 13:00:00;172602N232;4814;18.354;45;227;227;233;223;7.060;50.00;349.0;7.040;349.1;7.032;0.0;0.000;60;0;0;6.990;7.253;6.937;1583;1685;1544;50.00;50.00;50.00;4581;1000;0.0;0;1.0000;0;0
600;2015-06-12 13:10:00;172602N232;4989;19.184;45;228;226;233;224;7.306;49.99;348.9;7.302;349.0;7.291;0.0;0.000;60;0;0;7.219;7.502;7.197;1633;1744;1610;49.99;49.99;49.99;4581;1000;0.0;0;1.0000;0;0
600;2015-06-12 13:20:00;172602N232;4844;19.991;45;228;227;233;224;7.084;50.01;348.2;7.098;348.8;7.087;0.0;0.000;60;0;0;6.984;7.274;6.995;1582;1694;1566;50.01;50.01;50.01;4581;1000;0.0;0;1.0000;0;0
600;2015-06-12 13:30:00;172602N232;4968;20.821;45;228;228;234;224;7.251;50.01;348.2;7.287;348.5;7.272;0.0;0.000;60;0;0;7.173;7.455;7.126;1632;1740;1594;50.01;50.01;50.01;4581;1000;0.0;0;1.0000;0;0
600;2015-06-12 13:40:00;172602N232;4860;21.632;45;228;227;232;224;7.114;49.98;351.7;7.069;350.5;7.053;0.0;0.000;60;0;0;7.051;7.285;7.008;1600;1691;1567;49.98;49.98;49.98;4581;1000;0.0;0;1.0000;0;0
600;2015-06-12 13:50:00;172602N232;4875;22.443;46;227;227;231;224;7.151;49.98;349.5;7.129;348.9;7.115;0.0;0.000;60;0;0;7.110;7.282;7.061;1612;1681;1581;49.98;49.98;49.98;4581;1000;0.0;0;1.0000;0;0
600;2015-06-12 14:00:00;172602N232;4889;23.257;46;228;227;232;225;7.154;49.99;352.1;7.085;352.6;7.067;0.0;0.000;60;0;0;7.107;7.291;7.065;1613;1688;1586;49.99;49.99;49.99;4581;1000;0.0;0;1.0000;0;0
600;2015-06-12 14:10:00;172602N232;4653;24.034;46;228;228;233;223;6.812;50.01;352.9;6.732;353.3;6.708;0.0;0.000;60;0;0;6.767;6.986;6.683;1540;1623;1487;50.01;50.01;50.01;4581;1000;0.0;0;1.0000;0;0
600;2015-06-12 14:20:00;172602N232;4438;24.774;46;227;228;232;222;6.514;50.01;353.2;6.405;354.3;6.385;0.0;0.000;60;0;0;6.472;6.686;6.384;1474;1547;1414;50.01;50.01;50.01;4581;1000;0.0;0;1.0000;0;0
600;2015-06-12 14:30:00;172602N232;4635;25.547;46;228;228;232;224;6.775;50.01;352.0;6.710;353.5;6.687;0.0;0.000;60;0;0;6.728;6.923;6.674;1534;1603;1495;50.01;50.01;50.01;4581;1000;0.0;0;1.0000;0;0
600;2015-06-12 14:40:00;172602N232;4583;26.309;46;228;228;233;224;6.696;50.01;351.2;6.660;351.5;6.644;0.0;0.000;60;0;0;6.646;6.845;6.599;1514;1590;1478;50.01;50.01;50.01;4581;1000;0.0;0;1.0000;0;0
600;2015-06-12 14:50:00;172602N232;4569;27.071;46;228;227;233;224;6.684;49.98;353.6;6.594;354.1;6.572;0.0;0.000;60;0;0;6.606;6.871;6.576;1498;1599;1470;49.98;49.98;49.98;4581;1000;0.0;0;1.0000;0;0
600;2015-06-12 15:00:00;172602N232;4514;27.825;46;228;227;233;224;6.606;49.99;353.2;6.519;353.9;6.500;0.0;0.000;60;0;0;6.513;6.793;6.512;1474;1582;1457;49.99;49.99;49.99;4581;1000;0.0;0;1.0000;0;0
600;2015-06-12 15:10:00;172602N232;4454;28.567;46;228;228;232;224;6.515;50.00;351.8;6.450;353.0;6.433;0.0;0.000;60;0;0;6.463;6.665;6.419;1469;1546;1436;50.00;50.00;50.00;4581;1000;0.0;0;1.0000;0;0
600;2015-06-12 15:20:00;172602N232;4393;29.298;46;228;227;233;224;6.429;50.00;353.7;6.335;354.3;6.313;0.0;0.000;60;0;0;6.351;6.609;6.328;1441;1538;1412;50.00;50.00;50.00;4581;1000;0.0;0;1.0000;0;0
600;2015-06-12 15:30:00;172602N232;4289;30.014;47;228;228;233;224;6.276;50.00;354.3;6.180;354.6;6.153;0.0;0.000;60;0;0;6.219;6.445;6.164;1414;1499;1374;50.00;50.00;50.00;4581;1000;0.0;0;1.0000;0;0
600;2015-06-12 15:40:00;172602N232;4274;30.727;47;228;227;234;223;6.257;49.99;356.3;6.119;356.7;6.098;0.0;0.000;60;0;0;6.177;6.469;6.127;1400;1510;1362;49.99;49.99;49.99;4581;1000;0.0;0;1.0000;0;0
600;2015-06-12 15:50:00;172602N232;4254;31.437;47;228;227;234;224;6.228;50.01;357.2;6.061;356.3;6.088;0.0;0.000;60;0;0;6.133;6.412;6.141;1387;1496;1369;50.01;50.01;50.01;4581;1000;0.0;0;1.0000;0;0
600;2015-06-12 16:00:00;172602N232;3355;31.996;47;227;225;232;225;4.939;50.00;359.3;4.673;360.0;4.781;0.0;0.000;60;0;0;4.822;5.081;4.915;1079;1176;1098;50.00;50.00;50.00;4581;1000;0.0;0;1.0000;0;0
600;2015-06-12 16:10:00;172602N232;4025;32.666;47;228;227;233;224;5.900;49.99;352.7;5.736;362.6;5.725;0.0;0.000;60;0;0;5.827;6.052;5.821;1318;1406;1299;49.99;49.99;49.99;4581;1000;0.0;0;1.0000;0;0
600;2015-06-12 16:20:00;172602N232;3200;33.199;46;227;226;231;223;4.737;49.99;352.4;4.571;361.8;4.523;0.0;0.000;60;0;0;4.688;4.857;4.667;1051;1113;1033;49.99;49.99;49.99;4581;1000;0.0;0;1.0000;0;0
600;2015-06-12 16:30:00;172602N232;1438;33.440;46;226;225;229;223;2.153;49.99;359.1;2.005;365.8;2.002;0.0;0.000;60;0;0;2.097;2.220;2.143;464;503;470;49.99;49.99;49.99;4581;1000;0.0;0;1.0000;0;0
600;2015-06-12 16:40:00;172602N232;877;33.586;45;225;224;228;223;1.336;49.99;374.7;1.166;380.8;1.160;0.0;0.000;60;0;0;1.275;1.386;1.347;276;308;291;49.99;49.99;49.99;4581;1000;0.0;0;1.0000;0;0
600;2015-06-12 16:50:00;172602N232;1865;33.897;45;226;225;229;223;2.779;50.01;382.7;2.442;389.3;2.432;0.0;0.000;60;0;0;2.718;2.851;2.770;604;648;612;50.01;50.01;50.01;4581;1000;0.0;0;1.0000;0;0
600;2015-06-12 17:00:00;172602N232;3355;34.456;45;227;226;232;223;4.948;50.01;375.5;4.518;382.6;4.501;0.0;0.000;60;0;0;4.877;5.075;4.893;1095;1171;1087;50.01;50.01;50.01;4581;1000;0.0;0;1.0000;0;0
600;2015-06-12 17:10:00;172602N232;3786;35.087;45;227;225;232;225;5.568;50.01;363.0;5.240;370.1;5.264;0.0;0.000;60;0;0;5.459;5.701;5.544;1224;1320;1240;50.01;50.01;50.01;4581;1000;0.0;0;1.0000;0;0
600;2015-06-12 17:20:00;172602N232;3006;35.590;45;227;226;230;224;4.444;49.99;362.8;4.088;368.5;4.247;0.0;0.000;60;0;0;4.385;4.541;4.408;984;1041;979;49.99;49.99;49.99;4581;1000;0.0;0;1.0000;0;0
600;2015-06-12 17:30:00;172602N232;2972;36.084;45;226;225;230;224;4.405;49.99;355.1;4.152;374.1;4.120;0.0;0.000;60;0;0;4.335;4.500;4.382;969;1029;973;49.99;49.99;49.99;4581;1000;0.0;0;1.0000;0;0
600;2015-06-12 17:40:00;172602N232;1147;36.275;44;225;224;228;223;1.734;50.00;365.6;1.529;378.8;1.568;0.0;0.000;60;0;0;1.675;1.790;1.739;366;401;379;50.00;50.00;50.00;4581;1000;0.0;0;1.0000;0;0
600;2015-06-12 17:50:00;172602N232;944;36.433;44;225;224;228;222;1.432;50.00;371.7;1.235;386.5;1.261;0.0;0.000;60;0;0;1.379;1.479;1.438;300;330;311;50.00;50.00;50.00;4581;1000;0.0;0;1.0000;0;0
600;2015-06-12 18:00:00;172602N232;864;36.578;44;224;225;225;223;1.316;50.00;379.1;1.110;388.5;1.140;0.0;0.000;60;0;0;1.267;1.354;1.329;276;297;289;50.00;50.00;50.00;4581;1000;0.0;0;1.0000;0;0
600;2015-06-12 18:10:00;172602N232;625;36.681;43;224;225;225;224;1.000;49.99;371.1;0.807;387.8;0.831;0.0;0.000;60;0;0;0.963;1.028;1.010;196;216;211;49.99;49.99;49.99;4581;1000;0.0;0;1.0000;0;0
600;2015-06-12 18:20:00;172602N232;1476;36.929;43;225;225;227;222;2.234;50.00;374.5;1.946;392.4;1.941;0.0;0.000;60;0;0;2.188;2.295;2.221;480;511;483;50.00;50.00;50.00;4581;1000;0.0;0;1.0000;0;0
600;2015-06-12 18:30:00;172602N232;1365;37.157;43;225;225;227;224;2.054;49.99;365.1;1.819;386.2;1.830;0.0;0.000;60;0;0;1.994;2.108;2.060;437;472;454;49.99;49.99;49.99;4581;1000;0.0;0;1.0000;0;0
600;2015-06-12 18:40:00;172602N232;1342;37.379;43;224;224;226;222;2.028;50.02;357.3;1.819;387.4;1.811;0.0;0.000;60;0;0;1.985;2.069;2.031;436;459;444;50.02;50.02;50.02;4581;1000;0.0;0;1.0000;0;0
600;2015-06-12 18:50:00;172602N232;635;37.485;43;223;221;227;222;1.066;50.00;365.4;0.837;385.7;0.848;0.0;0.000;60;0;0;0.979;1.140;1.080;196;226;211;50.00;50.00;50.00;4581;1000;0.0;0;1.0000;0;0
600;2015-06-12 19:00:00;172602N232;665;37.596;43;224;223;227;222;1.139;50.00;385.7;0.835;391.0;0.867;0.0;0.000;60;0;0;1.021;1.207;1.191;208;233;222;50.00;50.00;50.00;4581;1000;0.0;0;1.0000;0;0
600;2015-06-12 19:10:00;172602N232;731;37.719;43;224;224;226;222;1.126;50.00;368.6;0.957;390.0;0.979;0.0;0.000;60;0;0;1.077;1.166;1.136;231;255;244;50.00;50.00;50.00;4581;1000;0.0;0;1.0000;0;0
600;2015-06-12 19:20:00;172602N232;577;37.815;43;224;224;226;221;0.897;50.00;392.8;0.668;390.0;0.789;0.0;0.000;60;0;0;0.844;0.943;0.906;179;204;192;50.00;50.00;50.00;4581;1000;0.0;0;1.0000;0;0
600;2015-06-12 19:30:00;172602N232;991;37.981;43;224;224;227;220;1.510;49.99;413.6;0.882;390.1;1.608;0.0;0.000;60;0;0;1.456;1.568;1.507;317;348;324;49.99;49.99;49.99;4581;1000;0.0;0;1.0000;0;0
600;2015-06-12 19:40:00;172602N232;782;38.111;43;223;223;227;220;1.197;49.99;431.7;0.590;385.5;1.353;0.0;0.000;60;0;0;1.149;1.246;1.198;248;275;257;49.99;49.99;49.99;4581;1000;0.0;0;1.0000;0;0
600;2015-06-12 19:50:00;172602N232;458;38.188;43;223;223;226;221;0.876;49.99;414.4;0.314;379.2;0.842;0.0;0.000;60;0;0;0.837;0.926;0.866;139;164;153;49.99;49.99;49.99;4581;1000;0.0;0;1.0000;0;0
600;2015-06-12 20:00:00;172602N232;410;38.256;43;223;224;224;222;1.166;49.98;403.5;0.294;376.1;0.750;0.0;0.000;60;0;0;1.160;1.224;1.115;116;149;143;49.98;49.98;49.98;4581;1000;0.0;0;1.0000;0;0
600;2015-06-12 20:10:00;172602N232;337;38.313;43;224;225;225;222;1.180;49.98;410.3;0.249;377.0;0.593;0.0;0.000;60;0;0;1.255;1.197;1.089;88;120;128;49.98;49.98;49.98;4581;1000;0.0;0;1.0000;0;0
600;2015-06-12 20:20:00;172602N232;243;38.353;43;224;225;225;222;1.133;50.00;386.0;0.203;365.0;0.420;0.0;0.000;60;0;0;1.344;1.271;0.786;57;99;85;50.00;50.00;50.00;4581;1000;0.0;0;1.0000;0;0
600;2015-06-12 20:30:00;172602N232;150;38.378;43;224;226;227;221;0.928;50.00;389.8;0.156;323.3;0.249;0.0;0.000;60;0;0;0.921;1.135;0.730;18;52;78;50.00;50.00;50.00;4581;1000;0.0;0;1.0000;0;0
600;2015-06-12 20:40:00;172602N232;114;38.397;42;225;226;226;222;0.911;49.99;377.4;0.121;387.9;0.140;0.0;0.000;60;0;0;0.974;1.014;0.746;14;30;68;49.99;49.99;49.99;4581;1000;0.0;0;1.0000;0;0
600;2015-06-12 20:50:00;172602N232;82;38.411;42;225;225;226;223;0.882;49.99;363.5;0.087;376.1;0.100;0.0;0.000;60;0;0;1.002;0.932;0.713;1;24;57;49.99;49.99;49.99;4581;1000;0.0;0;1.0000;0;0
600;2015-06-12 21:00:00;172602N232;57;38.421;42;225;225;226;224;0.907;50.01;355.5;0.059;360.0;0.068;0.0;0.000;60;0;0;1.041;0.977;0.705;0;15;49;50.01;50.01;50.01;4581;1000;0.0;0;1.0000;0;0
600;2015-06-12 21:10:00;172602N232;40;38.428;42;225;226;226;223;0.729;50.01;332.9;0.037;346.1;0.045;0.0;0.000;60;0;0;0.847;0.804;0.538;0;12;36;50.01;50.01;50.01;4581;1000;0.0;0;1.0000;0;0
600;2015-06-12 21:20:00;172602N232;22;38.432;41;225;226;227;223;0.461;50.02;297.2;0.014;313.1;0.021;0.0;0.000;60;0;0;0.529;0.535;0.319;2;4;20;50.02;50.02;50.02;4581;1000;0.0;0;1.0000;0;0
600;2015-06-12 21:30:00;172602N232;2;38.432;41;226;226;227;224;0.136;50.03;251.5;0.000;254.5;0.000;0.0;0.000;60;0;0;0.151;0.153;0.105;0;1;5;50.03;50.03;50.03;4581;1000;0.0;0;1.0000;0;0
600;2015-06-12 21:40:00;172602N232;0;38.432;40;225;226;227;223;0.000;49.99;280.9;0.000;280.4;0.000;0.0;0.000;51;0;0;0.000;0.000;0.000;0;0;0;49.99;49.99;49.99;9191;1000;0.0;0;1.0000;0;0
600;2015-06-12 21:50:00;172602N232;0;38.432;39;225;225;227;222;0.000;50.00;235.5;0.000;236.5;0.000;0.0;0.000;51;0;0;0.000;0.000;0.000;0;0;0;50.00;50.00;50.00;12403;1000;0.0;0;1.0000;0;0
600;2015-06-12 22:00:00;172602N232;0;38.432;39;224;224;227;222;0.000;50.00;229.4;0.000;230.3;0.000;0.0;0.000;51;0;0;0.000;0.000;0.000;0;0;0;50.00;50.00;50.00;12403;1000;0.0;0;1.0000;0;0
600;2015-06-12 22:10:00;172602N232;0;38.432;38;224;224;227;221;0.000;50.01;227.0;0.000;227.9;0.000;0.0;0.000;51;0;0;0.000;0.000;0.000;0;0;0;50.01;50.01;50.01;12403;1000;0.0;0;1.0000;0;0
[wr_ende]
