20171004;230004;172602N232;My Plant;+0100
[wr_def_start]
172602N232;Inverter Type;Inverter Group;72602N232      
[wr_def_end]
[wr]
INTERVAL;TIMESTAMP;SERIAL;P_AC;E_DAY;T_WR;U_AC;U_AC_1;U_AC_2;U_AC_3;I_AC;F_AC;U_DC_1;I_DC_1;U_DC_2;I_DC_2;U_DC_3;I_DC_3;S;E_WR;M_WR;I_AC_1;I_AC_2;I_AC_3;P_AC_1;P_AC_2;P_AC_3;F_AC_1;F_AC_2;F_AC_3;R_DC;PC;PCS;PCS_LL;COS_PHI;COS_PHI_LL;S_COS_PHI
600;2017-10-04 06:20:00;172602N232;0;0.000;0;3;3;3;3;0.000;0.71;2.9;0.000;2.8;0.000;0.0;0.000;50;0;0;0.000;0.000;0.000;0;0;0;0.71;0.71;0.71;40;1000;0.0;0;1.0000;0;0
600;2017-10-04 06:30:00;172602N232;0;0.000;23;225;225;227;221;0.000;49.96;227.2;0.000;228.1;0.000;0.0;0.000;50;0;0;0.000;0.000;0.000;0;0;0;49.96;49.96;49.96;0;1000;0.0;0;1.0000;0;0
600;2017-10-04 06:40:00;172602N232;0;0.000;24;225;226;226;222;0.000;49.99;227.7;0.000;228.6;0.000;0.0;0.000;50;0;0;0.000;0.000;0.000;0;0;0;49.99;49.99;49.99;0;1000;0.0;0;1.0000;0;0
600;2017-10-04 06:50:00;172602N232;0;0.000;25;225;225;227;223;0.000;49.98;229.0;0.000;229.9;0.000;0.0;0.000;50;0;0;0.000;0.000;0.000;0;0;0;49.98;49.98;49.98;0;1000;0.0;0;1.0000;0;0
600;2017-10-04 07:00:00;172602N232;0;0.000;25;225;225;226;224;0.001;50.00;279.7;0.000;279.0;0.000;0.0;0.000;60;0;0;0.001;0.001;0.002;0;0;0;50.00;50.00;50.00;2281;1000;0.0;0;1.0000;0;0
600;2017-10-04 07:10:00;172602N232;0;0.000;25;225;225;224;226;0.001;50.00;282.7;0.000;281.4;0.000;0.0;0.000;60;0;0;0.001;0.000;0.002;0;0;0;50.00;50.00;50.00;4391;1000;0.0;0;1.0000;0;0
600;2017-10-04 07:20:00;172602N232;3;0.000;26;225;226;225;225;0.106;50.00;289.4;0.000;287.5;0.000;0.0;0.000;60;0;0;0.092;0.103;0.124;1;4;0;50.00;50.00;50.00;5966;1000;0.0;0;1.0000;0;0
600;2017-10-04 07:30:00;172602N232;20;0.003;26;225;225;225;225;0.422;49.99;305.4;0.015;291.3;0.017;0.0;0.000;60;0;0;0.468;0.445;0.354;5;9;14;49.99;49.99;49.99;7110;1000;0.0;0;1.0000;0;0
600;2017-10-04 07:40:00;172602N232;42;0.010;26;226;226;227;225;0.619;49.99;351.1;0.040;356.7;0.038;0.0;0.000;60;0;0;0.623;0.807;0.428;10;3;30;49.99;49.99;49.99;7110;1000;0.0;0;1.0000;0;0
600;2017-10-04 07:50:00;172602N232;61;0.020;27;225;225;226;225;0.705;49.99;366.8;0.064;371.8;0.061;0.0;0.000;60;0;0;0.715;0.868;0.534;13;12;35;49.99;49.99;49.99;7110;1000;0.0;0;1.0000;0;0
600;2017-10-04 08:00:00;172602N232;79;0.034;27;225;225;226;225;0.897;50.01;378.0;0.089;387.9;0.081;0.0;0.000;60;0;0;0.849;1.131;0.713;17;11;50;50.01;50.01;50.01;7110;1000;0.0;0;1.0000;0;0
600;2017-10-04 08:10:00;172602N232;103;0.050;27;226;224;227;225;0.968;49.99;385.5;0.116;394.0;0.108;0.0;0.000;60;0;0;0.748;1.408;0.748;44;2;62;49.99;49.99;49.99;7110;1000;0.0;0;1.0000;0;0
600;2017-10-04 08:20:00;172602N232;97;0.067;28;226;225;228;226;0.876;50.00;381.7;0.109;389.3;0.100;0.0;0.000;60;0;0;0.733;1.224;0.673;35;10;56;50.00;50.00;50.00;7110;1000;0.0;0;1.0000;0;0
600;2017-10-04 08:30:00;172602N232;183;0.097;28;226;226;228;226;0.985;49.99;403.6;0.213;410.3;0.197;0.0;0.000;60;0;0;1.011;1.220;0.725;54;58;69;49.99;49.99;49.99;7110;1000;0.0;0;1.0000;0;0
600;2017-10-04 08:40:00;172602N232;242;0.139;28;226;225;228;225;1.083;49.99;413.7;0.281;415.4;0.265;0.0;0.000;60;0;0;1.033;1.343;0.873;74;75;91;49.99;49.99;49.99;7110;1000;0.0;0;1.0000;0;0
600;2017-10-04 08:50:00;172602N232;182;0.169;29;225;224;227;224;1.015;50.00;399.3;0.213;405.6;0.196;0.0;0.000;60;0;0;1.139;1.112;0.795;57;60;63;50.00;50.00;50.00;7110;1000;0.0;0;1.0000;0;0
600;2017-10-04 09:00:00;172602N232;193;0.201;29;225;224;226;224;0.985;49.99;406.3;0.224;409.8;0.211;0.0;0.000;60;0;0;0.920;1.307;0.729;44;76;71;49.99;49.99;49.99;7110;1000;0.0;0;1.0000;0;0
600;2017-10-04 09:10:00;172602N232;238;0.241;29;225;224;226;224;1.081;50.01;410.4;0.278;414.3;0.263;0.0;0.000;60;0;0;1.109;1.301;0.835;70;83;83;50.01;50.01;50.01;7110;1000;0.0;0;1.0000;0;0
600;2017-10-04 09:20:00;172602N232;274;0.287;29;225;225;226;223;1.084;49.99;412.9;0.323;418.1;0.301;0.0;0.000;60;0;0;1.203;1.172;0.878;81;101;90;49.99;49.99;49.99;7110;1000;0.0;0;1.0000;0;0
600;2017-10-04 09:30:00;172602N232;248;0.328;30;225;224;226;223;1.119;50.01;412.6;0.291;415.8;0.272;0.0;0.000;60;0;0;1.136;1.309;0.912;58;89;100;50.01;50.01;50.01;7110;1000;0.0;0;1.0000;0;0
600;2017-10-04 09:40:00;172602N232;233;0.367;30;224;224;225;223;1.040;49.99;412.8;0.271;414.0;0.256;0.0;0.000;60;0;0;1.122;1.242;0.757;63;90;78;49.99;49.99;49.99;7110;1000;0.0;0;1.0000;0;0
600;2017-10-04 09:50:00;172602N232;208;0.402;30;224;224;224;224;1.025;50.00;409.2;0.241;411.3;0.227;0.0;0.000;60;0;0;1.224;0.923;0.929;71;65;69;50.00;50.00;50.00;7110;1000;0.0;0;1.0000;0;0
600;2017-10-04 10:00:00;172602N232;219;0.438;30;223;222;225;223;1.012;50.01;411.7;0.254;412.3;0.241;0.0;0.000;60;0;0;1.065;1.241;0.732;81;67;69;50.01;50.01;50.01;7110;1000;0.0;0;1.0000;0;0
600;2017-10-04 10:10:00;172602N232;356;0.498;31;223;222;225;223;1.136;50.01;409.9;0.426;421.8;0.399;0.0;0.000;60;0;0;1.094;1.313;1.001;115;121;118;50.01;50.01;50.01;7110;1000;0.0;0;1.0000;0;0
600;2017-10-04 10:20:00;172602N232;293;0.548;31;223;223;225;223;1.116;50.01;413.1;0.347;420.0;0.320;0.0;0.000;60;0;0;1.149;1.287;0.914;91;101;99;50.01;50.01;50.01;7110;1000;0.0;0;1.0000;0;0
600;2017-10-04 10:30:00;172602N232;221;0.584;31;226;225;227;225;1.033;50.01;401.8;0.262;411.2;0.245;0.0;0.000;60;0;0;1.000;1.280;0.821;62;78;80;50.01;50.01;50.01;7110;1000;0.0;0;1.0000;0;0
600;2017-10-04 10:40:00;172602N232;308;0.636;31;226;225;226;226;0.992;50.02;410.0;0.368;419.1;0.340;0.0;0.000;60;0;0;0.961;1.120;0.895;93;114;99;50.02;50.02;50.02;7110;1000;0.0;0;1.0000;0;0
600;2017-10-04 10:50:00;172602N232;782;0.767;31;226;225;228;226;1.269;50.01;429.4;0.921;436.7;0.864;0.0;0.000;60;0;0;1.221;1.314;1.273;246;272;262;50.01;50.01;50.01;7110;1000;0.0;0;1.0000;0;0
600;2017-10-04 11:00:00;172602N232;925;0.921;31;227;226;229;226;1.396;50.01;432.2;1.094;435.1;1.024;0.0;0.000;60;0;0;1.342;1.438;1.410;293;321;309;50.01;50.01;50.01;7110;1000;0.0;0;1.0000;0;0
600;2017-10-04 11:10:00;172602N232;936;1.077;32;228;227;230;226;1.408;50.02;432.8;1.105;441.3;1.022;0.0;0.000;60;0;0;1.352;1.454;1.418;297;325;312;50.02;50.02;50.02;7110;1000;0.0;0;1.0000;0;0
600;2017-10-04 11:20:00;172602N232;521;1.165;32;227;226;228;225;1.093;49.99;417.5;0.626;424.9;0.573;0.0;0.000;60;0;0;1.108;1.162;1.010;162;179;178;49.99;49.99;49.99;7110;1000;0.0;0;1.0000;0;0
600;2017-10-04 11:30:00;172602N232;532;1.253;33;226;224;228;225;1.048;50.02;425.0;0.629;428.3;0.587;0.0;0.000;60;0;0;1.003;1.135;1.006;163;185;182;50.02;50.02;50.02;7110;1000;0.0;0;1.0000;0;0
600;2017-10-04 11:40:00;172602N232;597;1.353;33;226;225;228;225;0.929;50.02;429.3;0.703;431.1;0.663;0.0;0.000;60;0;0;0.869;0.973;0.947;184;209;202;50.02;50.02;50.02;7110;1000;0.0;0;1.0000;0;0
600;2017-10-04 11:50:00;172602N232;476;1.433;33;225;224;227;224;0.917;50.01;413.3;0.581;421.7;0.533;0.0;0.000;60;0;0;0.879;0.994;0.880;148;168;158;50.01;50.01;50.01;7110;1000;0.0;0;1.0000;0;0
600;2017-10-04 12:00:00;172602N232;563;1.526;33;225;224;226;224;0.952;50.03;424.9;0.664;428.7;0.630;0.0;0.000;60;0;0;0.916;0.973;0.969;175;196;190;50.03;50.03;50.03;7110;1000;0.0;0;1.0000;0;0
600;2017-10-04 12:10:00;172602N232;829;1.664;34;225;225;226;225;1.271;50.01;435.0;0.965;434.4;0.925;0.0;0.000;60;0;0;1.219;1.308;1.286;263;286;278;50.01;50.01;50.01;7110;1000;0.0;0;1.0000;0;0
600;2017-10-04 12:20:00;172602N232;713;1.784;34;226;226;227;226;1.097;50.00;420.0;0.864;430.2;0.796;0.0;0.000;60;0;0;1.044;1.136;1.113;224;247;240;50.00;50.00;50.00;7110;1000;0.0;0;1.0000;0;0
600;2017-10-04 12:30:00;172602N232;613;1.885;34;226;226;227;225;1.135;50.01;420.2;0.729;426.8;0.690;0.0;0.000;60;0;0;1.145;1.132;1.130;196;211;205;50.01;50.01;50.01;7110;1000;0.0;0;1.0000;0;0
600;2017-10-04 12:40:00;172602N232;719;2.006;34;227;227;229;226;1.101;49.99;426.9;0.860;431.2;0.795;0.0;0.000;60;0;0;1.051;1.142;1.111;227;250;240;49.99;49.99;49.99;7110;1000;0.0;0;1.0000;0;0
600;2017-10-04 12:50:00;172602N232;368;2.068;34;226;226;228;225;1.000;49.97;416.7;0.443;421.8;0.402;0.0;0.000;60;0;0;1.021;1.071;0.909;108;129;129;49.97;49.97;49.97;7110;1000;0.0;0;1.0000;0;0
600;2017-10-04 13:00:00;172602N232;107;2.085;34;226;226;227;225;0.889;49.99;376.5;0.123;380.0;0.115;0.0;0.000;60;0;0;1.058;0.903;0.707;15;41;53;49.99;49.99;49.99;7110;1000;0.0;0;1.0000;0;0
600;2017-10-04 13:10:00;172602N232;232;2.124;34;226;227;227;225;1.081;50.02;404.0;0.276;407.6;0.257;0.0;0.000;60;0;0;1.288;1.106;0.851;52;97;81;50.02;50.02;50.02;7110;1000;0.0;0;1.0000;0;0
600;2017-10-04 13:20:00;172602N232;270;2.169;34;226;227;227;225;0.787;49.99;387.9;0.324;392.4;0.298;0.0;0.000;60;0;0;0.840;0.809;0.713;70;104;98;49.99;49.99;49.99;7110;1000;0.0;0;1.0000;0;0
600;2017-10-04 13:30:00;172602N232;43;2.177;34;225;225;225;224;0.545;49.99;343.3;0.040;353.4;0.040;0.0;0.000;60;0;0;0.652;0.432;0.552;0;20;37;49.99;49.99;49.99;7110;1000;0.0;0;1.0000;0;0
600;2017-10-04 13:40:00;172602N232;43;2.184;33;223;224;225;222;0.605;50.00;347.8;0.039;354.0;0.040;0.0;0.000;60;0;0;0.699;0.689;0.427;2;12;31;50.00;50.00;50.00;7110;1000;0.0;0;1.0000;0;0
600;2017-10-04 13:50:00;172602N232;115;2.203;33;223;224;224;223;0.927;49.98;391.7;0.129;392.2;0.125;0.0;0.000;60;0;0;0.992;1.037;0.752;11;38;64;49.98;49.98;49.98;7110;1000;0.0;0;1.0000;0;0
600;2017-10-04 14:00:00;172602N232;185;2.235;33;224;224;225;223;0.969;50.01;407.6;0.211;406.2;0.206;0.0;0.000;60;0;0;1.038;1.085;0.785;32;74;78;50.01;50.01;50.01;7110;1000;0.0;0;1.0000;0;0
600;2017-10-04 14:10:00;172602N232;164;2.262;33;224;224;225;223;0.986;50.01;400.8;0.189;402.8;0.179;0.0;0.000;60;0;0;1.090;1.130;0.739;23;67;72;50.01;50.01;50.01;7110;1000;0.0;0;1.0000;0;0
600;2017-10-04 14:20:00;172602N232;125;2.282;33;224;224;225;223;0.961;50.01;396.3;0.140;395.0;0.138;0.0;0.000;60;0;0;0.917;1.206;0.761;22;31;71;50.01;50.01;50.01;7110;1000;0.0;0;1.0000;0;0
600;2017-10-04 14:30:00;172602N232;306;2.335;33;224;224;226;223;1.120;50.01;419.2;0.352;418.5;0.341;0.0;0.000;60;0;0;1.118;1.286;0.957;78;109;117;50.01;50.01;50.01;7110;1000;0.0;0;1.0000;0;0
600;2017-10-04 14:40:00;172602N232;471;2.414;33;225;224;227;223;0.827;50.01;429.1;0.547;429.5;0.522;0.0;0.000;60;0;0;0.786;0.862;0.833;143;167;159;50.01;50.01;50.01;7110;1000;0.0;0;1.0000;0;0
600;2017-10-04 14:50:00;172602N232;448;2.487;33;224;226;226;221;0.770;50.01;425.1;0.523;426.7;0.500;0.0;0.000;60;0;0;0.733;0.813;0.765;139;160;147;50.01;50.01;50.01;7110;1000;0.0;0;1.0000;0;0
600;2017-10-04 15:00:00;172602N232;599;2.588;33;223;228;229;214;1.074;50.00;423.9;0.710;433.1;0.666;0.0;0.000;60;0;0;1.104;1.089;1.029;196;213;189;50.00;50.00;50.00;7110;1000;0.0;0;1.0000;0;0
600;2017-10-04 15:10:00;172602N232;354;2.646;33;224;228;229;214;0.905;50.00;420.5;0.417;423.1;0.388;0.0;0.000;60;0;0;0.938;0.983;0.794;100;134;118;50.00;50.00;50.00;7110;1000;0.0;0;1.0000;0;0
600;2017-10-04 15:20:00;172602N232;212;2.682;33;223;228;228;213;1.148;49.98;404.0;0.250;412.4;0.232;0.0;0.000;60;0;0;1.539;1.135;0.771;24;95;98;49.98;49.98;49.98;7110;1000;0.0;0;1.0000;0;0
600;2017-10-04 15:30:00;172602N232;94;2.698;33;223;227;228;213;0.865;49.98;376.2;0.105;384.0;0.097;0.0;0.000;60;0;0;1.214;0.763;0.618;0;45;64;49.98;49.98;49.98;7110;1000;0.0;0;1.0000;0;0
600;2017-10-04 15:40:00;172602N232;22;2.702;33;222;225;227;213;0.429;49.98;299.3;0.015;298.0;0.017;0.0;0.000;60;0;0;0.504;0.499;0.284;5;3;21;49.98;49.98;49.98;7110;1000;0.0;0;1.0000;0;0
600;2017-10-04 15:50:00;172602N232;116;2.721;33;222;225;227;214;0.916;49.97;389.7;0.131;397.3;0.125;0.0;0.000;60;0;0;0.916;1.109;0.723;17;24;73;49.97;49.97;49.97;7110;1000;0.0;0;1.0000;0;0
600;2017-10-04 16:00:00;172602N232;210;2.757;33;222;225;227;215;1.072;49.97;398.2;0.246;410.8;0.235;0.0;0.000;60;0;0;1.247;1.137;0.832;45;68;95;49.97;49.97;49.97;7110;1000;0.0;0;1.0000;0;0
600;2017-10-04 16:10:00;172602N232;338;2.813;32;222;224;224;219;1.115;50.00;408.5;0.400;423.1;0.380;0.0;0.000;60;0;0;1.232;1.119;0.995;98;119;118;50.00;50.00;50.00;7110;1000;0.0;0;1.0000;0;0
600;2017-10-04 16:20:00;172602N232;326;2.867;32;223;224;225;219;1.109;50.00;408.6;0.386;424.2;0.365;0.0;0.000;60;0;0;1.201;1.157;0.969;101;116;108;50.00;50.00;50.00;7110;1000;0.0;0;1.0000;0;0
600;2017-10-04 16:30:00;172602N232;297;2.917;32;222;222;224;219;1.193;49.98;407.5;0.348;423.5;0.332;0.0;0.000;60;0;0;1.307;1.319;0.954;82;101;112;49.98;49.98;49.98;7110;1000;0.0;0;1.0000;0;0
600;2017-10-04 16:40:00;172602N232;338;2.975;32;223;223;225;219;1.166;49.99;418.6;0.377;421.5;0.390;0.0;0.000;60;0;0;1.274;1.250;0.975;93;121;122;49.99;49.99;49.99;7110;1000;0.0;0;1.0000;0;0
600;2017-10-04 16:50:00;172602N232;175;3.004;32;223;224;225;220;1.017;49.99;393.0;0.201;408.6;0.197;0.0;0.000;60;0;0;1.296;0.967;0.788;29;61;85;49.99;49.99;49.99;7110;1000;0.0;0;1.0000;0;0
600;2017-10-04 17:00:00;172602N232;259;3.046;32;223;225;225;220;1.144;49.99;394.7;0.300;418.3;0.301;0.0;0.000;60;0;0;1.423;1.141;0.869;57;104;96;49.99;49.99;49.99;7110;1000;0.0;0;1.0000;0;0
600;2017-10-04 17:10:00;172602N232;83;3.062;32;223;223;225;221;0.901;50.02;374.2;0.092;384.6;0.087;0.0;0.000;60;0;0;0.936;1.100;0.667;25;13;50;50.02;50.02;50.02;7110;1000;0.0;0;1.0000;0;0
600;2017-10-04 17:20:00;172602N232;28;3.066;32;223;222;225;222;0.523;50.02;316.5;0.025;300.5;0.026;0.0;0.000;60;0;0;0.498;0.736;0.335;19;0;22;50.02;50.02;50.02;7110;1000;0.0;0;1.0000;0;0
600;2017-10-04 17:30:00;172602N232;2;3.066;32;223;223;224;222;0.141;49.99;253.3;0.000;252.4;0.000;0.0;0.000;60;0;0;0.134;0.194;0.095;1;0;5;49.99;49.99;49.99;7110;1000;0.0;0;1.0000;0;0
600;2017-10-04 17:40:00;172602N232;21;3.069;31;222;223;222;222;0.367;49.98;322.7;0.016;323.6;0.019;0.0;0.000;60;0;0;0.425;0.354;0.324;2;14;13;49.98;49.98;49.98;5093;1000;0.0;0;1.0000;0;0
600;2017-10-04 17:50:00;172602N232;10;3.071;31;222;222;221;223;0.201;49.97;273.1;0.006;274.8;0.008;0.0;0.000;60;0;0;0.207;0.235;0.163;3;6;6;49.97;49.97;49.97;4856;1000;0.0;0;1.0000;0;0
600;2017-10-04 18:00:00;172602N232;0;3.071;30;222;223;222;220;0.001;49.96;242.6;0.000;243.0;0.000;0.0;0.000;50;0;0;0.001;0.000;0.003;0;0;0;49.96;49.96;49.96;4856;1000;0.0;0;1.0000;0;0
600;2017-10-04 18:10:00;172602N232;0;3.071;30;222;224;224;219;0.000;49.99;227.3;0.000;228.2;0.000;0.0;0.000;50;0;0;0.000;0.000;0.000;0;0;0;49.99;49.99;50.00;4856;1000;0.0;0;1.0000;0;0
[wr_ende]
