20160905;230004;172602N232;My Plant;+0100
[wr_def_start]
172602N232;Inverter Type;Inverter Group;72602N232      
[wr_def_end]
[wr]
INTERVAL;TIMESTAMP;SERIAL;P_AC;E_DAY;T_WR;U_AC;U_AC_1;U_AC_2;U_AC_3;I_AC;F_AC;U_DC_1;I_DC_1;U_DC_2;I_DC_2;U_DC_3;I_DC_3;S;E_WR;M_WR;I_AC_1;I_AC_2;I_AC_3;P_AC_1;P_AC_2;P_AC_3;F_AC_1;F_AC_2;F_AC_3;R_DC;PC;PCS;PCS_LL;COS_PHI;COS_PHI_LL;S_COS_PHI
600;2016-09-05 05:30:00;172602N232;0;0.000;0;3;3;3;3;0.000;0.72;3.2;0.000;3.2;0.000;0.0;0.000;50;0;0;0.000;0.000;0.000;0;0;0;0.72;0.72;0.72;34;1000;0.0;0;1.0000;0;0
600;2016-09-05 05:40:00;172602N232;0;0.000;26;225;225;228;221;0.000;50.00;229.1;0.000;230.1;0.000;0.0;0.000;50;0;0;0.000;0.000;0.000;0;0;0;50.00;50.00;50.00;0;1000;0.0;0;1.0000;0;0
600;2016-09-05 05:50:00;172602N232;0;0.000;27;225;226;228;222;0.000;49.99;244.2;0.000;244.9;0.000;0.0;0.000;50;0;0;0.000;0.000;0.000;0;0;0;49.99;49.99;49.99;0;1000;0.0;0;1.0000;0;0
600;2016-09-05 06:00:00;172602N232;0;0.000;28;225;226;226;223;0.016;49.97;299.6;0.000;297.7;0.000;0.0;0.000;51;0;0;0.024;0.012;0.012;0;0;0;49.97;49.97;49.97;3297;1000;0.0;0;1.0000;0;0
600;2016-09-05 06:10:00;172602N232;12;0.004;28;224;225;225;223;0.299;49.99;289.6;0.007;265.5;0.008;0.0;0.000;60;0;0;0.412;0.264;0.222;0;15;11;49.99;49.99;49.99;4460;1000;0.0;0;1.0000;0;0
600;2016-09-05 06:20:00;172602N232;29;0.008;28;224;223;225;223;0.467;50.01;341.0;0.024;340.7;0.022;0.0;0.000;60;0;0;0.499;0.554;0.348;11;10;21;50.01;50.01;50.01;4460;1000;0.0;0;1.0000;0;0
600;2016-09-05 06:30:00;172602N232;46;0.013;29;222;220;224;223;0.633;49.99;363.8;0.045;371.4;0.040;0.0;0.000;60;0;0;0.594;0.829;0.478;32;1;29;49.99;49.99;49.99;4460;1000;0.0;0;1.0000;0;0
600;2016-09-05 06:40:00;172602N232;61;0.024;29;221;220;222;222;0.696;49.99;376.7;0.065;387.7;0.056;0.0;0.000;60;0;0;0.648;0.781;0.660;25;18;19;49.99;49.99;49.99;4460;1000;0.0;0;1.0000;0;0
600;2016-09-05 06:50:00;172602N232;77;0.038;30;223;221;225;223;0.828;50.00;387.9;0.087;395.8;0.075;0.0;0.000;60;0;0;0.711;1.109;0.664;30;6;42;50.00;50.00;50.00;4460;1000;0.0;0;1.0000;0;0
600;2016-09-05 07:00:00;172602N232;89;0.052;30;223;222;225;223;0.875;49.99;393.7;0.101;398.4;0.087;0.0;0.000;60;0;0;0.792;1.118;0.717;27;13;49;49.99;49.99;49.99;4460;1000;0.0;0;1.0000;0;0
600;2016-09-05 07:10:00;172602N232;101;0.070;30;223;222;225;223;0.944;49.98;396.9;0.117;401.9;0.101;0.0;0.000;60;0;0;0.774;1.303;0.757;39;6;56;49.98;49.98;49.98;4460;1000;0.0;0;1.0000;0;0
600;2016-09-05 07:20:00;172602N232;111;0.088;31;223;223;225;223;0.947;50.02;401.2;0.128;402.8;0.114;0.0;0.000;60;0;0;0.952;1.102;0.787;26;25;59;50.02;50.02;50.02;4460;1000;0.0;0;1.0000;0;0
600;2016-09-05 07:30:00;172602N232;120;0.108;31;224;224;225;223;0.962;50.01;403.1;0.140;400.9;0.125;0.0;0.000;60;0;0;0.990;1.096;0.801;25;30;62;50.01;50.01;50.01;4460;1000;0.0;0;1.0000;0;0
600;2016-09-05 07:40:00;172602N232;127;0.129;31;224;224;224;222;0.985;49.99;406.3;0.147;400.9;0.132;0.0;0.000;60;0;0;1.155;1.008;0.794;13;42;69;49.99;49.99;49.99;4460;1000;0.0;0;1.0000;0;0
600;2016-09-05 07:50:00;172602N232;134;0.153;31;224;224;224;223;0.963;49.99;405.3;0.156;401.8;0.140;0.0;0.000;60;0;0;1.160;0.931;0.800;14;56;62;49.99;49.99;49.99;4460;1000;0.0;0;1.0000;0;0
600;2016-09-05 08:00:00;172602N232;143;0.177;32;224;224;224;223;0.964;49.99;406.0;0.168;410.1;0.147;0.0;0.000;60;0;0;1.020;1.072;0.800;23;52;66;49.99;49.99;49.99;4460;1000;0.0;0;1.0000;0;0
600;2016-09-05 08:10:00;172602N232;157;0.202;32;224;224;225;223;0.927;49.99;421.0;0.179;410.6;0.158;0.0;0.000;60;0;0;0.916;1.141;0.724;16;74;65;49.99;49.99;49.99;4460;1000;0.0;0;1.0000;0;0
600;2016-09-05 08:20:00;172602N232;179;0.233;32;225;225;225;224;1.002;49.99;448.6;0.197;422.5;0.171;0.0;0.000;60;0;0;1.119;1.099;0.789;26;86;66;49.99;49.99;49.99;4460;1000;0.0;0;1.0000;0;0
600;2016-09-05 08:30:00;172602N232;258;0.276;32;225;226;225;225;1.072;50.00;399.0;0.459;438.1;0.185;0.0;0.000;60;0;0;1.285;0.957;0.976;68;99;89;50.00;50.00;50.00;4460;1000;0.0;0;1.0000;0;0
600;2016-09-05 08:40:00;172602N232;523;0.362;33;226;226;227;224;0.994;49.99;306.9;1.408;452.1;0.198;0.0;0.000;60;0;0;0.971;1.033;0.978;160;186;176;49.99;49.99;49.99;4460;1000;0.0;0;1.0000;0;0
600;2016-09-05 08:50:00;172602N232;760;0.490;33;225;225;226;223;1.172;49.99;345.6;1.921;458.7;0.208;0.0;0.000;60;0;0;1.119;1.220;1.179;240;265;253;49.99;49.99;49.99;4460;1000;0.0;0;1.0000;0;0
600;2016-09-05 09:00:00;172602N232;958;0.650;33;225;225;226;224;1.457;50.01;354.8;2.419;461.6;0.221;0.0;0.000;60;0;0;1.409;1.501;1.463;308;330;318;50.01;50.01;50.01;4460;1000;0.0;0;1.0000;0;0
600;2016-09-05 09:10:00;172602N232;1271;0.861;34;225;226;226;224;1.938;49.99;401.6;2.743;344.0;0.602;0.0;0.000;60;0;0;1.911;1.963;1.941;414;433;422;49.99;49.99;49.99;4460;1000;0.0;0;1.0000;0;0
600;2016-09-05 09:20:00;172602N232;1600;1.129;34;225;225;225;224;2.384;50.00;410.2;3.064;253.4;1.435;0.0;0.000;60;0;0;2.338;2.431;2.385;524;545;530;50.00;50.00;50.00;4460;1000;0.0;0;1.0000;0;0
600;2016-09-05 09:30:00;172602N232;1851;1.438;35;224;224;225;223;2.765;50.00;407.8;3.284;263.1;2.045;0.0;0.000;60;0;0;2.710;2.822;2.764;604;632;613;50.00;50.00;50.00;4460;1000;0.0;0;1.0000;0;0
600;2016-09-05 09:40:00;172602N232;2005;1.772;36;226;226;229;224;2.969;50.00;404.2;3.484;267.0;2.358;0.0;0.000;60;0;0;2.899;3.047;2.961;650;693;660;50.00;50.00;50.00;4460;1000;0.0;0;1.0000;0;0
600;2016-09-05 09:50:00;172602N232;2176;2.135;38;228;227;231;225;3.207;50.00;399.9;3.695;267.2;2.747;0.0;0.000;60;0;0;3.139;3.305;3.177;707;757;710;50.00;50.00;50.00;4460;1000;0.0;0;1.0000;0;0
600;2016-09-05 10:00:00;172602N232;2439;2.541;39;228;227;231;227;3.584;49.99;395.3;3.903;254.1;3.711;0.0;0.000;60;0;0;3.499;3.682;3.573;786;846;805;49.99;49.99;49.99;4460;1000;0.0;0;1.0000;0;0
600;2016-09-05 10:10:00;172602N232;2623;2.978;39;229;228;230;228;3.839;50.00;391.4;4.098;262.1;4.074;0.0;0.000;60;0;0;3.771;3.908;3.839;856;894;871;50.00;50.00;50.00;4460;1000;0.0;0;1.0000;0;0
600;2016-09-05 10:20:00;172602N232;2782;3.442;39;229;229;231;228;4.066;50.01;388.2;4.280;274.3;4.271;0.0;0.000;60;0;0;4.002;4.150;4.048;910;953;917;50.01;50.01;50.01;4460;1000;0.0;0;1.0000;0;0
600;2016-09-05 10:30:00;172602N232;2923;3.930;40;229;229;232;227;4.275;50.00;385.9;4.439;286.0;4.418;0.0;0.000;60;0;0;4.206;4.377;4.242;954;1010;957;50.00;50.00;50.00;4460;1000;0.0;0;1.0000;0;0
600;2016-09-05 10:40:00;172602N232;3064;4.440;40;230;229;233;228;4.470;50.00;383.8;4.600;295.0;4.593;0.0;0.000;60;0;0;4.389;4.576;4.445;997;1059;1006;50.00;50.00;50.00;4460;1000;0.0;0;1.0000;0;0
600;2016-09-05 10:50:00;172602N232;3215;4.977;40;229;229;233;226;4.693;50.00;381.7;4.754;306.8;4.755;0.0;0.000;60;0;0;4.633;4.810;4.637;1056;1114;1044;50.00;50.00;50.00;4460;1000;0.0;0;1.0000;0;0
600;2016-09-05 11:00:00;172602N232;3373;5.540;41;226;225;229;223;5.000;49.99;380.3;4.893;322.2;4.879;0.0;0.000;60;0;0;4.929;5.127;4.945;1103;1171;1096;49.99;49.99;49.99;4460;1000;0.0;0;1.0000;0;0
600;2016-09-05 11:10:00;172602N232;3468;6.118;41;226;225;230;223;5.145;50.00;378.5;5.025;325.8;5.001;0.0;0.000;60;0;0;5.067;5.284;5.085;1133;1208;1126;50.00;50.00;50.00;4460;1000;0.0;0;1.0000;0;0
600;2016-09-05 11:20:00;172602N232;3619;6.721;41;227;226;230;224;5.340;50.01;378.1;5.142;339.6;5.123;0.0;0.000;60;0;0;5.268;5.468;5.284;1185;1255;1177;50.01;50.01;50.01;4460;1000;0.0;0;1.0000;0;0
600;2016-09-05 11:30:00;172602N232;3714;7.340;42;227;227;230;225;5.460;50.01;375.5;5.292;340.4;5.270;0.0;0.000;60;0;0;5.382;5.569;5.429;1216;1279;1217;50.01;50.01;50.01;4460;1000;0.0;0;1.0000;0;0
600;2016-09-05 11:40:00;172602N232;3021;7.842;42;227;226;229;225;4.491;50.01;373.4;4.191;357.3;4.174;0.0;0.000;60;0;0;4.431;4.559;4.484;986;1034;997;50.01;50.01;50.01;4460;1000;0.0;0;1.0000;0;0
600;2016-09-05 11:50:00;172602N232;4127;8.531;42;227;227;231;225;6.057;50.01;378.0;5.689;362.2;5.658;0.0;0.000;60;0;0;5.977;6.189;6.006;1352;1426;1347;50.01;50.01;50.01;4460;1000;0.0;0;1.0000;0;0
600;2016-09-05 12:00:00;172602N232;4264;9.241;42;227;226;230;225;6.270;50.00;371.2;5.900;367.3;5.856;0.0;0.000;60;0;0;6.195;6.401;6.214;1400;1470;1392;50.00;50.00;50.00;4460;1000;0.0;0;1.0000;0;0
600;2016-09-05 12:10:00;172602N232;2321;9.629;42;225;224;228;224;3.449;50.00;372.7;3.198;375.7;3.102;0.0;0.000;60;0;0;3.366;3.546;3.437;749;810;762;50.00;50.00;50.00;4460;1000;0.0;0;1.0000;0;0
600;2016-09-05 12:20:00;172602N232;3650;10.237;42;226;225;229;224;5.381;50.00;380.7;4.879;382.8;4.844;0.0;0.000;60;0;0;5.314;5.500;5.331;1195;1260;1192;50.00;50.00;50.00;4460;1000;0.0;0;1.0000;0;0
600;2016-09-05 12:30:00;172602N232;1087;10.419;42;224;223;226;223;1.974;49.99;366.6;1.532;379.6;1.378;0.0;0.000;60;0;0;1.952;2.051;1.919;346;382;357;49.99;49.99;49.99;4460;1000;0.0;0;1.0000;0;0
600;2016-09-05 12:40:00;172602N232;3286;10.968;42;225;223;229;224;4.871;50.00;392.1;4.246;395.1;4.265;0.0;0.000;60;0;0;4.767;5.009;4.839;1059;1146;1077;50.00;50.00;50.00;4460;1000;0.0;0;1.0000;0;0
600;2016-09-05 12:50:00;172602N232;4230;11.673;42;227;226;231;225;6.212;50.00;374.4;5.760;375.4;5.725;0.0;0.000;60;0;0;6.103;6.386;6.149;1373;1476;1379;50.00;50.00;50.00;4460;1000;0.0;0;1.0000;0;0
600;2016-09-05 13:00:00;172602N232;3024;12.176;43;227;226;229;225;4.462;49.99;374.6;4.111;375.4;4.080;0.0;0.000;60;0;0;4.392;4.563;4.432;987;1043;992;49.99;49.99;49.99;4460;1000;0.0;0;1.0000;0;0
600;2016-09-05 13:10:00;172602N232;4632;12.948;43;228;226;232;225;6.789;49.99;370.0;6.382;370.4;6.363;0.0;0.000;60;0;0;6.687;6.977;6.704;1510;1615;1505;49.99;49.99;49.99;4460;1000;0.0;0;1.0000;0;0
600;2016-09-05 13:20:00;172602N232;4658;13.725;43;228;227;232;225;6.821;50.02;361.7;6.569;362.1;6.551;0.0;0.000;60;0;0;6.712;7.023;6.729;1518;1630;1508;50.02;50.02;50.02;4460;1000;0.0;0;1.0000;0;0
600;2016-09-05 13:30:00;172602N232;4636;14.497;43;228;227;233;225;6.771;50.02;359.4;6.589;359.2;6.570;0.0;0.000;60;0;0;6.690;6.934;6.689;1517;1613;1504;50.02;50.02;50.02;4460;1000;0.0;0;1.0000;0;0
600;2016-09-05 13:40:00;172602N232;4642;15.272;43;227;226;230;224;6.833;50.02;356.6;6.647;356.6;6.628;0.0;0.000;60;0;0;6.756;6.988;6.756;1523;1609;1509;50.02;50.02;50.02;4460;1000;0.0;0;1.0000;0;0
600;2016-09-05 13:50:00;172602N232;4119;15.957;44;226;225;229;224;6.087;50.00;359.0;5.794;358.7;5.935;0.0;0.000;60;0;0;6.019;6.212;6.030;1351;1422;1346;50.00;50.00;50.00;4460;1000;0.0;0;1.0000;0;0
600;2016-09-05 14:00:00;172602N232;1214;16.160;44;224;223;226;222;1.859;50.00;368.5;1.459;372.4;1.805;0.0;0.000;60;0;0;1.814;1.903;1.862;389;419;404;50.00;50.00;50.00;4460;1000;0.0;0;1.0000;0;0
600;2016-09-05 14:10:00;172602N232;936;16.316;43;224;222;226;222;1.438;50.01;387.7;1.216;390.6;1.189;0.0;0.000;60;0;0;1.376;1.493;1.447;294;328;311;50.01;50.01;50.01;4460;1000;0.0;0;1.0000;0;0
600;2016-09-05 14:20:00;172602N232;844;16.457;43;223;223;225;222;1.307;50.01;387.8;1.099;401.8;1.037;0.0;0.000;60;0;0;1.257;1.346;1.318;267;293;283;50.01;50.01;50.01;4460;1000;0.0;0;1.0000;0;0
600;2016-09-05 14:30:00;172602N232;790;16.589;42;223;223;225;222;1.223;49.99;394.7;1.012;404.9;0.957;0.0;0.000;60;0;0;1.168;1.263;1.238;249;274;265;49.99;49.99;49.99;4460;1000;0.0;0;1.0000;0;0
600;2016-09-05 14:40:00;172602N232;1465;16.833;42;225;224;228;223;2.208;50.01;404.6;1.880;408.1;1.733;0.0;0.000;60;0;0;2.144;2.284;2.198;470;512;480;50.01;50.01;50.01;4460;1000;0.0;0;1.0000;0;0
600;2016-09-05 14:50:00;172602N232;4175;17.529;42;226;227;232;219;6.165;49.98;385.6;5.497;387.7;5.475;0.0;0.000;60;0;0;6.113;6.428;5.954;1384;1489;1301;49.98;49.98;49.98;4460;1000;0.0;0;1.0000;0;0
600;2016-09-05 15:00:00;172602N232;3896;18.179;43;226;229;233;215;5.758;49.99;374.1;5.299;375.0;5.280;0.0;0.000;60;0;0;5.749;6.074;5.452;1313;1413;1168;49.99;49.99;49.99;4460;1000;0.0;0;1.0000;0;0
600;2016-09-05 15:10:00;172602N232;3707;18.798;43;226;228;233;215;5.483;50.01;372.4;5.066;372.5;5.054;0.0;0.000;60;0;0;5.452;5.787;5.211;1242;1347;1116;50.01;50.01;50.01;4460;1000;0.0;0;1.0000;0;0
600;2016-09-05 15:20:00;172602N232;3609;19.399;43;225;227;233;215;5.348;50.01;372.8;4.924;372.5;4.921;0.0;0.000;60;0;0;5.295;5.658;5.093;1201;1317;1089;50.01;50.01;50.01;4460;1000;0.0;0;1.0000;0;0
600;2016-09-05 15:30:00;172602N232;3418;19.968;44;224;226;233;214;5.086;50.00;374.5;4.643;373.8;4.639;0.0;0.000;60;0;0;5.031;5.380;4.849;1136;1248;1033;50.00;50.00;50.00;4460;1000;0.0;0;1.0000;0;0
600;2016-09-05 15:40:00;172602N232;3392;20.535;44;224;227;232;214;5.055;49.99;374.9;4.600;374.3;4.598;0.0;0.000;60;0;0;5.018;5.335;4.813;1134;1232;1024;49.99;49.99;49.99;4460;1000;0.0;0;1.0000;0;0
600;2016-09-05 15:50:00;172602N232;3462;21.111;44;224;228;232;214;5.152;50.00;373.9;4.705;373.1;4.712;0.0;0.000;60;0;0;5.134;5.423;4.900;1165;1251;1043;50.00;50.00;50.00;4460;1000;0.0;0;1.0000;0;0
600;2016-09-05 16:00:00;172602N232;3082;21.626;44;225;227;230;217;4.590;49.98;376.4;4.240;376.0;4.098;0.0;0.000;60;0;0;4.579;4.775;4.417;1035;1093;952;49.98;49.98;49.98;4460;1000;0.0;0;1.0000;0;0
600;2016-09-05 16:10:00;172602N232;3301;22.174;44;226;224;230;223;4.895;49.98;372.8;4.496;373.4;4.490;0.0;0.000;60;0;0;4.807;5.032;4.846;1073;1150;1075;49.98;49.98;49.98;4460;1000;0.0;0;1.0000;0;0
600;2016-09-05 16:20:00;172602N232;3129;22.697;43;225;224;229;223;4.655;49.99;376.2;4.221;374.6;4.242;0.0;0.000;60;0;0;4.578;4.771;4.616;1021;1084;1022;49.99;49.99;49.99;4460;1000;0.0;0;1.0000;0;0
600;2016-09-05 16:30:00;172602N232;2949;23.189;43;224;223;228;222;4.405;50.01;384.8;3.869;377.5;3.984;0.0;0.000;60;0;0;4.309;4.527;4.380;953;1028;966;50.01;50.01;50.01;4460;1000;0.0;0;1.0000;0;0
600;2016-09-05 16:40:00;172602N232;2799;23.655;43;224;223;228;222;4.187;49.99;367.4;3.938;372.0;3.745;0.0;0.000;60;0;0;4.106;4.297;4.158;908;973;916;49.99;49.99;49.99;4460;1000;0.0;0;1.0000;0;0
600;2016-09-05 16:50:00;172602N232;2556;24.080;43;224;223;226;221;3.829;50.00;367.7;3.656;364.6;3.422;0.0;0.000;60;0;0;3.761;3.924;3.804;834;884;836;50.00;50.00;50.00;4460;1000;0.0;0;1.0000;0;0
600;2016-09-05 17:00:00;172602N232;2143;24.439;43;223;222;224;222;3.215;49.99;371.8;3.184;345.3;2.860;0.0;0.000;60;0;0;3.152;3.281;3.214;698;733;710;49.99;49.99;49.99;4460;1000;0.0;0;1.0000;0;0
600;2016-09-05 17:10:00;172602N232;1719;24.725;43;222;221;223;222;2.587;49.99;327.7;2.822;327.2;2.516;0.0;0.000;60;0;0;2.522;2.641;2.599;556;588;573;49.99;49.99;49.99;4460;1000;0.0;0;1.0000;0;0
600;2016-09-05 17:20:00;172602N232;1271;24.938;43;222;221;223;222;1.961;50.01;303.1;1.671;326.5;2.467;0.0;0.000;60;0;0;1.906;1.998;1.980;408;435;426;50.01;50.01;50.01;4460;1000;0.0;0;1.0000;0;0
600;2016-09-05 17:30:00;172602N232;950;25.096;43;221;223;222;218;1.479;50.01;415.8;0.668;393.6;1.725;0.0;0.000;60;0;0;1.448;1.515;1.474;308;327;313;50.01;50.01;50.01;4460;1000;0.0;0;1.0000;0;0
600;2016-09-05 17:40:00;172602N232;474;25.175;43;221;223;222;218;1.117;49.99;402.9;0.481;404.1;0.668;0.0;0.000;60;0;0;1.163;1.150;1.039;140;177;155;49.99;49.99;49.99;4460;1000;0.0;0;1.0000;0;0
600;2016-09-05 17:50:00;172602N232;483;25.257;43;221;223;222;219;0.857;49.98;406.8;0.568;410.2;0.594;0.0;0.000;60;0;0;0.830;0.896;0.846;151;171;159;49.98;49.98;49.98;4460;1000;0.0;0;1.0000;0;0
600;2016-09-05 18:00:00;172602N232;474;25.335;43;221;223;222;220;1.018;49.99;397.0;0.580;394.3;0.600;0.0;0.000;60;0;0;1.015;1.061;0.979;152;170;150;49.99;49.99;49.99;4460;1000;0.0;0;1.0000;0;0
600;2016-09-05 18:10:00;172602N232;322;25.389;42;222;221;223;220;0.905;49.99;388.1;0.399;390.8;0.401;0.0;0.000;60;0;0;0.922;0.993;0.802;94;114;112;49.99;49.99;49.99;4460;1000;0.0;0;1.0000;0;0
600;2016-09-05 18:20:00;172602N232;162;25.416;42;221;221;223;220;1.049;50.02;382.3;0.197;386.5;0.189;0.0;0.000;60;0;0;1.406;1.010;0.733;27;74;62;50.02;50.02;50.02;4460;1000;0.0;0;1.0000;0;0
600;2016-09-05 18:30:00;172602N232;143;25.440;42;221;222;222;220;1.005;50.02;371.1;0.172;386.1;0.172;0.0;0.000;60;0;0;1.401;0.875;0.741;8;72;63;50.02;50.02;50.02;4460;1000;0.0;0;1.0000;0;0
600;2016-09-05 18:40:00;172602N232;115;25.459;41;221;221;221;221;0.882;50.00;357.4;0.136;386.4;0.141;0.0;0.000;60;0;0;1.121;0.752;0.775;17;58;38;50.00;50.00;50.00;4460;1000;0.0;0;1.0000;0;0
600;2016-09-05 18:50:00;172602N232;90;25.474;41;221;222;221;221;0.902;49.99;343.2;0.101;380.2;0.113;0.0;0.000;60;0;0;1.224;0.758;0.725;5;48;42;49.99;49.99;49.99;4460;1000;0.0;0;1.0000;0;0
600;2016-09-05 19:00:00;172602N232;63;25.485;41;221;221;222;220;0.796;49.99;337.8;0.067;369.1;0.077;0.0;0.000;60;0;0;0.931;0.852;0.607;7;22;40;49.99;49.99;49.99;4460;1000;0.0;0;1.0000;0;0
600;2016-09-05 19:10:00;172602N232;34;25.491;40;221;221;222;222;0.515;49.99;315.1;0.031;334.1;0.036;0.0;0.000;60;0;0;0.501;0.575;0.469;8;15;14;49.99;49.99;49.99;4460;1000;0.0;0;1.0000;0;0
600;2016-09-05 19:20:00;172602N232;6;25.492;40;221;220;220;222;0.225;50.01;258.2;0.001;256.8;0.004;0.0;0.000;60;0;0;0.214;0.225;0.238;2;9;1;50.01;50.01;50.01;4460;1000;0.0;0;1.0000;0;0
600;2016-09-05 19:30:00;172602N232;0;25.492;39;221;221;221;221;0.004;50.01;249.6;0.000;249.9;0.000;0.0;0.000;50;0;0;0.012;0.000;0.000;0;0;0;50.01;50.01;50.01;4460;1000;0.0;0;1.0000;0;0
600;2016-09-05 19:40:00;172602N232;0;25.492;38;220;221;222;219;0.000;50.01;228.2;0.000;229.1;0.000;0.0;0.000;50;0;0;0.000;0.000;0.000;0;0;0;50.01;50.01;50.01;4460;1000;0.0;0;1.0000;0;0
[wr_ende]
