20160508;230002;172602N232;My Plant;+0100
[wr_def_start]
172602N232;Inverter Type;Inverter Group;72602N232      
[wr_def_end]
[wr]
INTERVAL;TIMESTAMP;SERIAL;P_AC;E_DAY;T_WR;U_AC;U_AC_1;U_AC_2;U_AC_3;I_AC;F_AC;U_DC_1;I_DC_1;U_DC_2;I_DC_2;U_DC_3;I_DC_3;S;E_WR;M_WR;I_AC_1;I_AC_2;I_AC_3;P_AC_1;P_AC_2;P_AC_3;F_AC_1;F_AC_2;F_AC_3;R_DC;PC;PCS;PCS_LL;COS_PHI;COS_PHI_LL;S_COS_PHI
600;2016-05-08 04:20:00;172602N232;0;0.000;0;5;5;5;5;0.000;1.14;5.0;0.000;5.1;0.000;0.0;0.000;50;0;0;0.000;0.000;0.000;0;0;0;1.14;1.14;1.14;151;1000;0.0;0;1.0000;0;0
600;2016-05-08 04:30:00;172602N232;0;0.000;28;225;224;227;222;0.000;50.00;228.4;0.000;229.4;0.000;0.0;0.000;50;0;0;0.000;0.000;0.000;0;0;0;50.00;50.00;50.00;0;1000;0.0;0;1.0000;0;0
600;2016-05-08 04:40:00;172602N232;0;0.000;30;225;224;227;223;0.000;50.02;241.7;0.000;242.5;0.000;0.0;0.000;50;0;0;0.000;0.000;0.000;0;0;0;50.02;50.02;50.02;0;1000;0.0;0;1.0000;0;0
600;2016-05-08 04:50:00;172602N232;0;0.000;30;225;224;227;224;0.011;50.02;276.8;0.000;276.5;0.000;0.0;0.000;80;0;0;0.013;0.015;0.005;0;0;0;50.02;50.02;50.02;3227;1000;0.0;0;1.0000;0;0
600;2016-05-08 05:00:00;172602N232;7;0.001;31;224;224;225;224;0.206;50.01;280.0;0.001;284.1;0.002;0.0;0.000;60;0;0;0.236;0.230;0.154;1;1;8;50.01;50.01;50.01;4822;1000;0.0;0;1.0000;0;0
600;2016-05-08 05:10:00;172602N232;28;0.005;31;224;224;225;224;0.424;50.02;333.6;0.018;345.3;0.020;0.0;0.000;60;0;0;0.464;0.510;0.299;7;4;16;50.02;50.02;50.02;4813;1000;0.0;0;1.0000;0;0
600;2016-05-08 05:20:00;172602N232;46;0.013;31;224;224;225;224;0.586;50.03;361.8;0.042;374.6;0.041;0.0;0.000;60;0;0;0.592;0.741;0.425;5;12;27;50.03;50.03;50.03;4813;1000;0.0;0;1.0000;0;0
600;2016-05-08 05:30:00;172602N232;62;0.024;32;224;224;225;224;0.837;50.01;374.5;0.065;392.6;0.061;0.0;0.000;60;0;0;0.813;1.043;0.655;9;8;43;50.01;50.01;50.01;4813;1000;0.0;0;1.0000;0;0
600;2016-05-08 05:40:00;172602N232;81;0.038;32;224;224;225;224;0.886;50.00;382.9;0.089;400.9;0.082;0.0;0.000;60;0;0;0.830;1.110;0.719;17;11;51;50.00;50.00;50.00;4813;1000;0.0;0;1.0000;0;0
600;2016-05-08 05:50:00;172602N232;100;0.054;32;224;224;225;224;0.909;50.02;388.4;0.113;406.1;0.103;0.0;0.000;60;0;0;0.887;1.096;0.746;19;23;56;50.02;50.02;50.02;4813;1000;0.0;0;1.0000;0;0
600;2016-05-08 06:00:00;172602N232;118;0.073;33;224;224;225;224;0.918;50.01;393.9;0.135;409.6;0.124;0.0;0.000;60;0;0;0.884;1.120;0.751;24;28;64;50.01;50.01;50.01;4813;1000;0.0;0;1.0000;0;0
600;2016-05-08 06:10:00;172602N232;134;0.096;33;224;224;225;223;0.942;50.01;410.6;0.148;414.9;0.139;0.0;0.000;60;0;0;0.908;1.145;0.774;27;34;71;50.01;50.01;50.01;4813;1000;0.0;0;1.0000;0;0
600;2016-05-08 06:20:00;172602N232;151;0.121;33;224;224;225;223;0.892;50.00;411.4;0.168;418.5;0.154;0.0;0.000;60;0;0;0.778;1.232;0.666;20;64;65;50.00;50.00;50.00;4813;1000;0.0;0;1.0000;0;0
600;2016-05-08 06:30:00;172602N232;164;0.149;33;224;224;225;223;0.998;50.02;415.6;0.184;419.4;0.168;0.0;0.000;60;0;0;1.158;1.141;0.695;31;67;64;50.02;50.02;50.02;4813;1000;0.0;0;1.0000;0;0
600;2016-05-08 06:40:00;172602N232;178;0.178;34;224;224;225;222;0.997;50.01;416.5;0.201;419.7;0.184;0.0;0.000;60;0;0;1.503;0.831;0.658;50;63;63;50.01;50.01;50.01;4813;1000;0.0;0;1.0000;0;0
600;2016-05-08 06:50:00;172602N232;192;0.211;34;223;223;225;223;0.989;50.01;419.1;0.217;420.5;0.199;0.0;0.000;60;0;0;1.243;1.074;0.652;49;72;68;50.01;50.01;50.01;4813;1000;0.0;0;1.0000;0;0
600;2016-05-08 07:00:00;172602N232;203;0.245;34;223;224;225;221;1.062;49.99;424.4;0.231;420.8;0.211;0.0;0.000;60;0;0;1.268;1.222;0.697;40;84;77;49.99;49.99;49.99;4813;1000;0.0;0;1.0000;0;0
600;2016-05-08 07:10:00;172602N232;216;0.281;34;223;224;224;221;1.041;50.00;432.0;0.243;420.0;0.224;0.0;0.000;60;0;0;1.297;1.072;0.754;46;86;82;50.00;50.00;50.00;4813;1000;0.0;0;1.0000;0;0
600;2016-05-08 07:20:00;172602N232;228;0.319;35;223;223;225;222;1.021;50.02;439.5;0.255;417.0;0.236;0.0;0.000;60;0;0;1.188;1.218;0.658;63;91;72;50.02;50.02;50.02;4813;1000;0.0;0;1.0000;0;0
600;2016-05-08 07:30:00;172602N232;243;0.360;35;223;222;224;222;1.038;50.02;446.5;0.273;421.7;0.246;0.0;0.000;60;0;0;0.992;1.259;0.863;66;86;89;50.02;50.02;50.02;4813;1000;0.0;0;1.0000;0;0
600;2016-05-08 07:40:00;172602N232;261;0.404;35;222;222;224;221;1.116;50.00;454.9;0.294;421.8;0.259;0.0;0.000;60;0;0;1.067;1.274;1.008;69;84;106;50.00;50.00;50.00;4813;1000;0.0;0;1.0000;0;0
600;2016-05-08 07:50:00;172602N232;284;0.450;35;222;220;224;221;1.151;50.00;462.1;0.323;424.3;0.274;0.0;0.000;60;0;0;1.114;1.429;0.912;92;85;105;50.00;50.00;50.00;4813;1000;0.0;0;1.0000;0;0
600;2016-05-08 08:00:00;172602N232;316;0.503;35;221;221;222;221;1.143;50.00;458.9;0.379;431.7;0.287;0.0;0.000;60;0;0;1.191;1.137;1.101;94;113;106;50.00;50.00;50.00;4813;1000;0.0;0;1.0000;0;0
600;2016-05-08 08:10:00;172602N232;586;0.601;35;221;222;223;219;1.195;50.00;346.2;1.567;441.6;0.302;0.0;0.000;60;0;0;1.234;1.208;1.144;179;209;195;50.00;50.00;50.00;4813;1000;0.0;0;1.0000;0;0
600;2016-05-08 08:20:00;172602N232;910;0.753;36;222;222;224;220;1.398;49.99;309.8;2.488;443.7;0.328;0.0;0.000;60;0;0;1.351;1.439;1.404;292;315;301;49.99;49.99;49.99;4813;1000;0.0;0;1.0000;0;0
600;2016-05-08 08:30:00;172602N232;1199;0.953;36;226;225;228;224;1.879;49.99;363.7;2.872;431.0;0.369;0.0;0.000;60;0;0;1.832;1.925;1.880;379;417;400;49.99;49.99;49.99;4813;1000;0.0;0;1.0000;0;0
600;2016-05-08 08:40:00;172602N232;1382;1.183;36;226;225;228;224;2.075;49.99;388.7;3.108;437.3;0.406;0.0;0.000;60;0;0;2.015;2.131;2.079;444;477;459;49.99;49.99;49.99;4813;1000;0.0;0;1.0000;0;0
600;2016-05-08 08:50:00;172602N232;1637;1.456;37;225;225;226;225;2.437;50.00;399.8;3.361;390.3;0.920;0.0;0.000;60;0;0;2.379;2.475;2.458;531;555;549;50.00;50.00;50.00;4813;1000;0.0;0;1.0000;0;0
600;2016-05-08 09:00:00;172602N232;1999;1.791;37;226;226;227;225;2.966;49.99;396.7;3.589;276.8;2.181;0.0;0.000;60;0;0;2.918;3.013;2.968;655;679;663;49.99;49.99;49.99;4813;1000;0.0;0;1.0000;0;0
600;2016-05-08 09:10:00;172602N232;2195;2.157;38;226;225;228;224;3.254;49.99;395.2;3.814;291.5;2.474;0.0;0.000;60;0;0;3.202;3.325;3.236;718;754;721;49.99;49.99;49.99;4813;1000;0.0;0;1.0000;0;0
600;2016-05-08 09:20:00;172602N232;2444;2.564;38;226;226;227;225;3.618;50.00;393.9;4.023;348.8;2.553;0.0;0.000;60;0;0;3.567;3.669;3.618;802;831;810;50.00;50.00;50.00;4813;1000;0.0;0;1.0000;0;0
600;2016-05-08 09:30:00;172602N232;2665;3.009;39;226;225;227;225;3.943;49.99;391.6;4.222;359.6;2.910;0.0;0.000;60;0;0;3.888;4.002;3.940;873;908;882;49.99;49.99;49.99;4813;1000;0.0;0;1.0000;0;0
600;2016-05-08 09:40:00;172602N232;2934;3.498;39;226;227;228;224;4.331;49.99;388.9;4.428;360.5;3.476;0.0;0.000;60;0;0;4.316;4.397;4.280;976;1001;955;49.99;49.99;49.99;4813;1000;0.0;0;1.0000;0;0
600;2016-05-08 09:50:00;172602N232;3173;4.027;40;227;225;230;225;4.678;50.01;385.7;4.634;359.3;3.997;0.0;0.000;60;0;0;4.597;4.773;4.664;1031;1093;1046;50.01;50.01;50.01;4813;1000;0.0;0;1.0000;0;0
600;2016-05-08 10:00:00;172602N232;3376;4.590;41;227;226;230;225;4.974;50.00;382.4;4.838;352.9;4.480;0.0;0.000;60;0;0;4.915;5.070;4.938;1106;1161;1107;50.00;50.00;50.00;4813;1000;0.0;0;1.0000;0;0
600;2016-05-08 10:10:00;172602N232;3655;5.199;41;227;227;229;226;5.372;50.02;379.1;5.022;377.5;4.794;0.0;0.000;60;0;0;5.314;5.460;5.343;1201;1249;1202;50.02;50.02;50.02;4813;1000;0.0;0;1.0000;0;0
600;2016-05-08 10:20:00;172602N232;3854;5.840;42;227;226;231;225;5.659;50.00;378.3;5.201;376.5;5.180;0.0;0.000;60;0;0;5.587;5.777;5.613;1261;1330;1262;50.00;50.00;50.00;4813;1000;0.0;0;1.0000;0;0
600;2016-05-08 10:30:00;172602N232;3952;6.500;42;227;226;230;225;5.812;50.01;376.6;5.357;374.8;5.339;0.0;0.000;60;0;0;5.729;5.925;5.782;1290;1362;1298;50.01;50.01;50.01;4813;1000;0.0;0;1.0000;0;0
600;2016-05-08 10:40:00;172602N232;4044;7.174;42;226;225;229;225;5.958;50.02;374.1;5.520;372.3;5.502;0.0;0.000;60;0;0;5.883;6.038;5.955;1324;1379;1339;50.02;50.02;50.02;4813;1000;0.0;0;1.0000;0;0
600;2016-05-08 10:50:00;172602N232;4122;7.861;42;226;225;231;224;6.074;50.00;371.6;5.665;370.0;5.647;0.0;0.000;60;0;0;5.977;6.218;6.028;1338;1432;1350;50.00;50.00;50.00;4813;1000;0.0;0;1.0000;0;0
600;2016-05-08 11:00:00;172602N232;4223;8.564;43;227;226;230;224;6.212;49.99;371.6;5.806;369.7;5.790;0.0;0.000;60;0;0;6.163;6.336;6.139;1392;1454;1375;49.99;49.99;49.99;4813;1000;0.0;0;1.0000;0;0
600;2016-05-08 11:10:00;172602N232;4296;9.280;43;227;227;230;225;6.310;50.00;369.7;5.938;367.7;5.923;0.0;0.000;60;0;0;6.249;6.433;6.250;1414;1479;1401;50.00;50.00;50.00;4813;1000;0.0;0;1.0000;0;0
600;2016-05-08 11:20:00;172602N232;4348;10.004;43;227;227;230;224;6.397;50.00;367.9;6.040;366.0;6.024;0.0;0.000;60;0;0;6.350;6.510;6.333;1436;1493;1417;50.00;50.00;50.00;4813;1000;0.0;0;1.0000;0;0
600;2016-05-08 11:30:00;172602N232;4411;10.742;43;227;227;231;222;6.485;50.00;365.4;6.174;363.4;6.157;0.0;0.000;60;0;0;6.454;6.660;6.343;1465;1539;1406;50.00;50.00;50.00;4813;1000;0.0;0;1.0000;0;0
600;2016-05-08 11:40:00;172602N232;4476;11.488;43;227;228;231;223;6.573;50.01;363.8;6.293;361.8;6.277;0.0;0.000;60;0;0;6.539;6.736;6.445;1486;1555;1433;50.01;50.01;50.01;4813;1000;0.0;0;1.0000;0;0
600;2016-05-08 11:50:00;172602N232;4525;12.241;43;227;226;231;225;6.635;50.00;362.9;6.379;360.9;6.362;0.0;0.000;60;0;0;6.543;6.783;6.579;1478;1567;1478;50.00;50.00;50.00;4813;1000;0.0;0;1.0000;0;0
600;2016-05-08 12:00:00;172602N232;4569;13.003;44;227;227;231;224;6.705;50.00;362.6;6.454;359.9;6.437;0.0;0.000;60;0;0;6.660;6.845;6.610;1509;1578;1480;50.00;50.00;50.00;4813;1000;0.0;0;1.0000;0;0
600;2016-05-08 12:10:00;172602N232;4618;13.773;44;227;227;232;223;6.778;50.01;363.0;6.521;359.8;6.505;0.0;0.000;60;0;0;6.739;6.961;6.634;1529;1612;1476;50.01;50.01;50.01;4813;1000;0.0;0;1.0000;0;0
600;2016-05-08 12:20:00;172602N232;4648;14.549;44;228;227;232;224;6.811;50.01;362.8;6.569;359.4;6.553;0.0;0.000;60;0;0;6.755;6.987;6.691;1533;1621;1493;50.01;50.01;50.01;4813;1000;0.0;0;1.0000;0;0
600;2016-05-08 12:30:00;172602N232;4692;15.331;44;228;228;232;224;6.867;49.99;363.4;6.617;360.3;6.598;0.0;0.000;60;0;0;6.808;7.071;6.723;1547;1641;1502;49.99;49.99;49.99;4813;1000;0.0;0;1.0000;0;0
600;2016-05-08 12:40:00;172602N232;4738;16.120;45;228;228;232;224;6.934;50.00;366.3;6.631;362.6;6.616;0.0;0.000;60;0;0;6.894;7.118;6.790;1569;1650;1517;50.00;50.00;50.00;4813;1000;0.0;0;1.0000;0;0
600;2016-05-08 12:50:00;172602N232;4732;16.909;45;227;227;232;222;6.942;50.01;365.2;6.645;361.6;6.628;0.0;0.000;60;0;0;6.900;7.147;6.780;1565;1660;1505;50.01;50.01;50.01;4813;1000;0.0;0;1.0000;0;0
600;2016-05-08 13:00:00;172602N232;4728;17.697;45;227;227;232;223;6.931;50.00;364.6;6.648;361.3;6.631;0.0;0.000;60;0;0;6.889;7.133;6.772;1563;1656;1507;50.00;50.00;50.00;4813;1000;0.0;0;1.0000;0;0
600;2016-05-08 13:10:00;172602N232;4750;18.490;45;228;227;232;224;6.952;50.01;366.2;6.648;362.8;6.631;0.0;0.000;60;0;0;6.877;7.126;6.854;1557;1655;1536;50.01;50.01;50.01;4813;1000;0.0;0;1.0000;0;0
600;2016-05-08 13:20:00;172602N232;4727;19.276;45;228;228;233;225;6.898;50.00;365.2;6.633;362.3;6.612;0.0;0.000;60;0;0;6.821;7.070;6.803;1550;1647;1528;50.00;50.00;50.00;4813;1000;0.0;0;1.0000;0;0
600;2016-05-08 13:30:00;172602N232;4722;20.064;46;229;228;233;227;6.869;49.97;367.2;6.587;364.2;6.568;0.0;0.000;60;0;0;6.813;6.995;6.801;1553;1626;1541;49.97;49.97;49.97;4813;1000;0.0;0;1.0000;0;0
600;2016-05-08 13:40:00;172602N232;4685;20.845;46;228;227;232;226;6.845;49.98;365.6;6.571;362.0;6.554;0.0;0.000;60;0;0;6.758;6.992;6.785;1528;1621;1534;49.98;49.98;49.98;4813;1000;0.0;0;1.0000;0;0
600;2016-05-08 13:50:00;172602N232;4656;21.622;46;229;228;234;226;6.774;49.98;365.6;6.532;361.9;6.513;0.0;0.000;60;0;0;6.676;6.971;6.677;1517;1630;1507;49.98;49.98;49.98;4813;1000;0.0;0;1.0000;0;0
600;2016-05-08 14:00:00;172602N232;4637;22.394;46;229;227;234;225;6.759;49.99;366.9;6.483;362.9;6.465;0.0;0.000;60;0;0;6.660;6.963;6.655;1511;1627;1497;49.99;49.99;49.99;4813;1000;0.0;0;1.0000;0;0
600;2016-05-08 14:10:00;172602N232;4596;23.160;46;229;228;234;224;6.702;49.99;367.0;6.424;363.0;6.404;0.0;0.000;60;0;0;6.635;6.901;6.570;1511;1612;1471;49.99;49.99;49.99;4813;1000;0.0;0;1.0000;0;0
600;2016-05-08 14:20:00;172602N232;4540;23.916;46;229;229;234;225;6.607;49.98;367.1;6.340;363.5;6.322;0.0;0.000;60;0;0;6.565;6.783;6.475;1503;1584;1451;49.98;49.98;49.98;4813;1000;0.0;0;1.0000;0;0
600;2016-05-08 14:30:00;172602N232;4487;24.665;46;229;228;233;225;6.548;49.99;367.4;6.258;364.0;6.241;0.0;0.000;60;0;0;6.482;6.710;6.454;1474;1563;1448;49.99;49.99;49.99;4813;1000;0.0;0;1.0000;0;0
600;2016-05-08 14:40:00;172602N232;4446;25.407;47;229;228;233;226;6.475;49.98;369.8;6.165;365.7;6.145;0.0;0.000;60;0;0;6.403;6.642;6.380;1459;1549;1436;49.98;49.98;49.98;4813;1000;0.0;0;1.0000;0;0
600;2016-05-08 14:50:00;172602N232;4380;26.136;47;229;229;232;227;6.374;50.00;370.0;6.063;366.3;6.048;0.0;0.000;60;0;0;6.308;6.499;6.315;1440;1510;1428;50.00;50.00;50.00;4813;1000;0.0;0;1.0000;0;0
600;2016-05-08 15:00:00;172602N232;4308;26.854;47;229;230;232;226;6.271;49.99;370.4;5.953;367.1;5.936;0.0;0.000;60;0;0;6.248;6.375;6.190;1432;1475;1399;49.99;49.99;49.99;4813;1000;0.0;0;1.0000;0;0
600;2016-05-08 15:10:00;172602N232;4222;27.557;47;229;228;233;226;6.155;49.98;371.2;5.821;367.8;5.806;0.0;0.000;60;0;0;6.078;6.316;6.072;1381;1472;1367;49.98;49.98;49.98;4813;1000;0.0;0;1.0000;0;0
600;2016-05-08 15:20:00;172602N232;4139;28.249;46;228;227;233;225;6.048;49.99;372.6;5.685;369.0;5.669;0.0;0.000;60;0;0;5.953;6.208;5.984;1348;1443;1346;49.99;49.99;49.99;4813;1000;0.0;0;1.0000;0;0
600;2016-05-08 15:30:00;172602N232;4036;28.922;46;229;228;233;226;5.885;49.99;374.1;5.519;370.5;5.506;0.0;0.000;60;0;0;5.815;6.018;5.824;1323;1399;1312;49.99;49.99;49.99;4813;1000;0.0;0;1.0000;0;0
600;2016-05-08 15:40:00;172602N232;3962;29.581;46;229;228;233;226;5.784;49.99;378.0;5.352;375.0;5.342;0.0;0.000;60;0;0;5.707;5.925;5.721;1296;1376;1287;49.99;49.99;49.99;4813;1000;0.0;0;1.0000;0;0
600;2016-05-08 15:50:00;172602N232;3838;30.221;46;229;228;232;226;5.606;49.98;379.1;5.168;376.0;5.161;0.0;0.000;60;0;0;5.555;5.725;5.538;1263;1328;1246;49.98;49.98;49.98;4813;1000;0.0;0;1.0000;0;0
600;2016-05-08 16:00:00;172602N232;3686;30.834;46;229;228;232;226;5.383;50.00;391.5;4.749;376.6;5.001;0.0;0.000;60;0;0;5.312;5.494;5.344;1208;1272;1203;50.00;50.00;50.00;4813;1000;0.0;0;1.0000;0;0
600;2016-05-08 16:10:00;172602N232;3537;31.426;46;228;228;230;227;5.169;49.98;370.6;4.802;376.5;4.814;0.0;0.000;60;0;0;5.113;5.239;5.157;1163;1206;1167;49.98;49.98;49.98;4813;1000;0.0;0;1.0000;0;0
600;2016-05-08 16:20:00;172602N232;3412;31.995;46;228;227;230;226;4.997;49.98;371.4;4.621;378.6;4.615;0.0;0.000;60;0;0;4.940;5.076;4.976;1120;1167;1123;49.98;49.98;49.98;4813;1000;0.0;0;1.0000;0;0
600;2016-05-08 16:30:00;172602N232;3280;32.542;45;228;228;230;225;4.809;50.00;372.2;4.432;379.2;4.426;0.0;0.000;60;0;0;4.759;4.892;4.777;1081;1123;1074;50.00;50.00;50.00;4813;1000;0.0;0;1.0000;0;0
600;2016-05-08 16:40:00;172602N232;3147;33.065;45;227;227;230;224;4.626;50.00;373.0;4.243;379.7;4.238;0.0;0.000;60;0;0;4.578;4.722;4.580;1039;1082;1024;50.00;50.00;50.00;4813;1000;0.0;0;1.0000;0;0
600;2016-05-08 16:50:00;172602N232;3009;33.567;45;227;226;230;224;4.434;50.00;374.5;4.036;381.3;4.033;0.0;0.000;60;0;0;4.364;4.529;4.409;984;1037;985;50.00;50.00;50.00;4813;1000;0.0;0;1.0000;0;0
600;2016-05-08 17:00:00;172602N232;2855;34.044;45;226;227;229;222;4.218;49.99;376.4;3.808;383.3;3.804;0.0;0.000;60;0;0;4.176;4.316;4.164;944;985;923;49.99;49.99;49.99;4813;1000;0.0;0;1.0000;0;0
600;2016-05-08 17:10:00;172602N232;2692;34.493;44;226;226;229;222;3.988;49.97;377.5;3.582;387.9;3.538;0.0;0.000;60;0;0;3.948;4.087;3.929;889;934;867;49.97;49.97;49.97;4813;1000;0.0;0;1.0000;0;0
600;2016-05-08 17:20:00;172602N232;2493;34.908;44;226;226;229;223;3.691;49.98;387.5;3.230;399.3;3.178;0.0;0.000;60;0;0;3.641;3.780;3.653;818;863;810;49.98;49.98;49.98;4813;1000;0.0;0;1.0000;0;0
600;2016-05-08 17:30:00;172602N232;2309;35.293;44;226;226;228;224;3.418;50.02;370.7;3.127;385.1;3.057;0.0;0.000;60;0;0;3.362;3.479;3.413;755;790;762;50.02;50.02;50.02;4813;1000;0.0;0;1.0000;0;0
600;2016-05-08 17:40:00;172602N232;2162;35.654;44;226;225;227;225;3.206;49.99;372.2;2.905;379.9;2.907;0.0;0.000;60;0;0;3.152;3.248;3.219;707;733;721;49.99;49.99;49.99;4813;1000;0.0;0;1.0000;0;0
600;2016-05-08 17:50:00;172602N232;1991;35.986;44;225;226;223;226;2.970;49.98;372.9;2.666;380.8;2.669;0.0;0.000;60;0;0;2.941;2.963;3.008;658;656;675;49.98;49.98;49.98;4813;1000;0.0;0;1.0000;0;0
600;2016-05-08 18:00:00;172602N232;1821;36.289;44;225;226;225;225;2.712;49.97;375.5;2.416;381.8;2.438;0.0;0.000;60;0;0;2.667;2.736;2.733;596;612;611;49.97;49.97;49.97;4813;1000;0.0;0;1.0000;0;0
600;2016-05-08 18:10:00;172602N232;1629;36.560;44;226;226;227;223;2.424;49.99;372.0;2.150;383.2;2.202;0.0;0.000;60;0;0;2.382;2.474;2.417;534;558;536;49.99;49.99;49.99;4813;1000;0.0;0;1.0000;0;0
600;2016-05-08 18:20:00;172602N232;1461;36.804;44;226;226;228;224;2.181;49.98;365.9;1.959;384.3;1.966;0.0;0.000;60;0;0;2.135;2.231;2.177;473;504;482;49.98;49.98;49.98;4813;1000;0.0;0;1.0000;0;0
600;2016-05-08 18:30:00;172602N232;1291;37.020;44;226;225;228;225;1.956;49.99;368.2;1.716;385.3;1.734;0.0;0.000;60;0;0;1.889;2.007;1.974;412;446;432;49.99;49.99;49.99;4813;1000;0.0;0;1.0000;0;0
600;2016-05-08 18:40:00;172602N232;1111;37.204;44;225;225;226;225;1.680;49.98;362.2;1.476;386.4;1.506;0.0;0.000;60;0;0;1.627;1.714;1.701;355;381;373;49.98;49.98;49.98;4813;1000;0.0;0;1.0000;0;0
600;2016-05-08 18:50:00;172602N232;948;37.364;43;225;227;226;224;1.429;49.99;357.7;1.268;387.0;1.286;0.0;0.000;60;0;0;1.387;1.462;1.439;307;325;315;49.99;49.99;49.99;4813;1000;0.0;0;1.0000;0;0
600;2016-05-08 19:00:00;172602N232;781;37.494;43;225;227;226;224;1.190;49.98;355.1;1.030;387.3;1.073;0.0;0.000;60;0;0;1.147;1.224;1.200;250;269;260;49.98;49.98;49.98;4813;1000;0.0;0;1.0000;0;0
600;2016-05-08 19:10:00;172602N232;629;37.599;43;225;226;226;224;1.009;49.98;341.2;0.855;385.5;0.872;0.0;0.000;60;0;0;0.974;1.036;1.018;198;217;211;49.98;49.98;49.98;4813;1000;0.0;0;1.0000;0;0
600;2016-05-08 19:20:00;172602N232;484;37.680;43;226;226;227;225;0.758;49.98;325.1;0.680;378.5;0.691;0.0;0.000;60;0;0;0.708;0.792;0.776;148;170;164;49.98;49.98;49.98;4813;1000;0.0;0;1.0000;0;0
600;2016-05-08 19:30:00;172602N232;355;37.738;43;226;227;225;225;0.858;50.01;310.9;0.491;378.5;0.525;0.0;0.000;60;0;0;0.866;0.839;0.871;106;131;116;50.01;50.01;50.01;4813;1000;0.0;0;1.0000;0;0
600;2016-05-08 19:40:00;172602N232;220;37.775;43;226;227;226;225;1.045;50.00;304.0;0.263;374.8;0.371;0.0;0.000;60;0;0;1.419;0.921;0.797;49;97;73;50.00;50.00;50.00;4813;1000;0.0;0;1.0000;0;0
600;2016-05-08 19:50:00;172602N232;134;37.798;42;226;227;227;225;1.001;50.02;394.1;0.121;316.8;0.236;0.0;0.000;60;0;0;1.347;0.878;0.778;12;62;59;50.02;50.02;50.02;4813;1000;0.0;0;1.0000;0;0
600;2016-05-08 20:00:00;172602N232;90;37.814;42;226;226;227;226;0.906;50.01;374.7;0.092;372.1;0.116;0.0;0.000;60;0;0;1.164;0.839;0.715;7;34;48;50.01;50.01;50.01;4813;1000;0.0;0;1.0000;0;0
600;2016-05-08 20:10:00;172602N232;64;37.824;42;226;226;227;224;0.809;50.02;359.3;0.061;377.9;0.076;0.0;0.000;60;0;0;0.902;0.910;0.617;6;15;46;50.02;50.02;50.02;4813;1000;0.0;0;1.0000;0;0
600;2016-05-08 20:20:00;172602N232;34;37.830;41;227;226;228;226;0.572;50.03;316.5;0.028;340.0;0.036;0.0;0.000;60;0;0;0.569;0.742;0.406;9;2;28;50.03;50.03;50.03;4813;1000;0.0;0;1.0000;0;0
600;2016-05-08 20:30:00;172602N232;9;37.832;41;227;226;228;226;0.340;50.03;263.3;0.002;267.9;0.006;0.0;0.000;60;0;0;0.348;0.437;0.235;3;0;13;50.03;50.03;50.03;4813;1000;0.0;0;1.0000;0;0
600;2016-05-08 20:40:00;172602N232;0;37.833;40;227;226;228;225;0.031;50.03;273.5;0.000;272.9;0.000;0.0;0.000;51;0;0;0.031;0.041;0.021;0;0;1;50.03;50.03;50.03;7587;1000;0.0;0;1.0000;0;0
600;2016-05-08 20:50:00;172602N232;0;37.833;39;226;227;229;224;0.000;50.03;237.0;0.000;237.9;0.000;0.0;0.000;51;0;0;0.000;0.000;0.000;0;0;0;50.03;50.03;50.03;15719;1000;0.0;0;1.0000;0;0
600;2016-05-08 21:00:00;172602N232;0;37.833;38;225;225;228;224;0.000;50.01;229.0;0.000;229.9;0.000;0.0;0.000;51;0;0;0.000;0.000;0.000;0;0;0;50.01;50.01;50.01;15719;1000;0.0;0;1.0000;0;0
600;2016-05-08 21:10:00;172602N232;0;37.833;38;225;225;227;223;0.000;50.02;226.7;0.000;227.6;0.000;0.0;0.000;80;0;0;0.000;0.000;0.000;0;0;0;50.02;50.02;50.02;15719;1000;0.0;0;1.0000;0;0
[wr_ende]
