20170206;230001;172602N232;My Plant;+0100
[wr_def_start]
172602N232;Inverter Type;Inverter Group;72602N232      
[wr_def_end]
[wr]
INTERVAL;TIMESTAMP;SERIAL;P_AC;E_DAY;T_WR;U_AC;U_AC_1;U_AC_2;U_AC_3;I_AC;F_AC;U_DC_1;I_DC_1;U_DC_2;I_DC_2;U_DC_3;I_DC_3;S;E_WR;M_WR;I_AC_1;I_AC_2;I_AC_3;P_AC_1;P_AC_2;P_AC_3;F_AC_1;F_AC_2;F_AC_3;R_DC;PC;PCS;PCS_LL;COS_PHI;COS_PHI_LL;S_COS_PHI
600;2017-02-06 07:00:00;172602N232;0;0.000;0;0;0;0;0;0.000;0.20;0.8;0.000;0.8;0.000;0.0;0.000;50;0;0;0.000;0.000;0.000;0;0;0;0.20;0.20;0.20;19;1000;0.0;0;1.0000;0;0
600;2017-02-06 07:10:00;172602N232;0;0.000;12;223;223;224;221;0.000;49.99;227.2;0.000;228.2;0.000;0.0;0.000;50;0;0;0.000;0.000;0.000;0;0;0;49.99;49.99;49.99;0;1000;0.0;0;1.0000;0;0
600;2017-02-06 07:20:00;172602N232;0;0.000;14;223;223;225;221;0.000;50.03;231.3;0.000;232.2;0.000;0.0;0.000;50;0;0;0.000;0.000;0.000;0;0;0;50.03;50.03;50.03;0;1000;0.0;0;1.0000;0;0
600;2017-02-06 07:30:00;172602N232;0;0.000;15;223;224;223;222;0.000;49.98;235.6;0.000;236.5;0.000;0.0;0.000;50;0;0;0.000;0.000;0.000;0;0;0;49.98;49.98;49.98;0;1000;0.0;0;1.0000;0;0
600;2017-02-06 07:40:00;172602N232;2;0.000;15;222;223;221;222;0.068;49.99;284.4;0.000;286.1;0.000;0.0;0.000;60;0;0;0.096;0.060;0.049;0;3;2;49.99;49.99;49.99;4061;1000;0.0;0;1.0000;0;0
600;2017-02-06 07:50:00;172602N232;19;0.005;16;222;223;222;222;0.363;50.00;319.1;0.009;321.2;0.013;0.0;0.000;60;0;0;0.458;0.304;0.327;1;17;12;50.00;50.00;50.00;5434;1000;0.0;0;1.0000;0;0
600;2017-02-06 08:00:00;172602N232;43;0.009;16;223;223;222;224;0.547;49.99;366.6;0.036;379.5;0.037;0.0;0.000;60;0;0;0.521;0.554;0.568;14;25;6;49.99;49.99;49.99;5434;1000;0.0;0;1.0000;0;0
600;2017-02-06 08:10:00;172602N232;60;0.020;17;222;222;221;224;0.693;50.00;388.3;0.056;393.2;0.056;0.0;0.000;60;0;0;0.562;0.553;0.965;29;36;1;50.00;50.00;50.00;5434;1000;0.0;0;1.0000;0;0
600;2017-02-06 08:20:00;172602N232;89;0.035;17;223;223;223;224;0.852;50.01;402.7;0.092;405.3;0.091;0.0;0.000;60;0;0;0.770;0.837;0.950;32;35;20;50.01;50.01;50.01;5434;1000;0.0;0;1.0000;0;0
600;2017-02-06 08:30:00;172602N232;121;0.055;17;224;223;224;224;0.928;50.00;408.5;0.131;415.5;0.127;0.0;0.000;60;0;0;0.897;1.115;0.774;29;30;60;50.00;50.00;50.00;5434;1000;0.0;0;1.0000;0;0
600;2017-02-06 08:40:00;172602N232;117;0.075;18;223;223;224;224;0.923;50.00;409.2;0.127;413.1;0.123;0.0;0.000;60;0;0;0.901;1.072;0.796;27;35;54;50.00;50.00;50.00;5434;1000;0.0;0;1.0000;0;0
600;2017-02-06 08:50:00;172602N232;152;0.100;18;223;223;224;223;0.946;50.01;405.1;0.170;419.4;0.163;0.0;0.000;60;0;0;0.835;1.225;0.780;33;52;65;50.01;50.01;50.01;5434;1000;0.0;0;1.0000;0;0
600;2017-02-06 09:00:00;172602N232;226;0.139;19;223;223;224;222;1.065;50.00;413.7;0.257;427.7;0.246;0.0;0.000;60;0;0;1.162;1.163;0.871;50;84;90;50.00;50.00;50.00;5434;1000;0.0;0;1.0000;0;0
600;2017-02-06 09:10:00;172602N232;298;0.189;19;223;223;224;222;1.138;50.01;427.7;0.334;433.6;0.326;0.0;0.000;60;0;0;1.227;1.185;1.004;85;107;104;50.01;50.01;50.01;5434;1000;0.0;0;1.0000;0;0
600;2017-02-06 09:20:00;172602N232;400;0.255;19;223;224;223;223;1.015;50.00;441.0;0.443;438.7;0.436;0.0;0.000;60;0;0;1.043;1.027;0.975;121;148;130;50.00;50.00;50.00;5434;1000;0.0;0;1.0000;0;0
600;2017-02-06 09:30:00;172602N232;466;0.333;20;223;222;224;222;0.749;50.01;442.4;0.521;441.6;0.508;0.0;0.000;60;0;0;0.695;0.788;0.764;142;164;158;50.01;50.01;50.01;5434;1000;0.0;0;1.0000;0;0
600;2017-02-06 09:40:00;172602N232;553;0.425;20;223;223;224;224;0.896;50.01;442.2;0.629;445.1;0.596;0.0;0.000;60;0;0;0.850;0.924;0.916;172;192;188;50.01;50.01;50.01;5434;1000;0.0;0;1.0000;0;0
600;2017-02-06 09:50:00;172602N232;613;0.528;21;223;221;224;225;0.965;50.01;439.4;0.759;454.8;0.593;0.0;0.000;60;0;0;0.902;1.001;0.993;189;212;210;50.01;50.01;50.01;5434;1000;0.0;0;1.0000;0;0
600;2017-02-06 10:00:00;172602N232;823;0.665;21;223;223;224;224;1.270;50.01;439.9;1.040;459.4;0.775;0.0;0.000;60;0;0;1.213;1.308;1.290;259;283;278;50.01;50.01;50.01;5434;1000;0.0;0;1.0000;0;0
600;2017-02-06 10:10:00;172602N232;575;0.761;22;224;223;225;223;0.903;50.01;438.2;0.654;436.5;0.639;0.0;0.000;60;0;0;0.844;0.948;0.918;177;202;194;50.01;50.01;50.01;5434;1000;0.0;0;1.0000;0;0
600;2017-02-06 10:20:00;172602N232;516;0.847;22;223;223;225;222;0.874;50.00;438.4;0.580;433.7;0.579;0.0;0.000;60;0;0;0.830;0.919;0.875;160;182;172;50.00;50.00;50.00;5434;1000;0.0;0;1.0000;0;0
600;2017-02-06 10:30:00;172602N232;543;0.937;23;224;223;224;224;0.961;50.01;439.8;0.609;434.8;0.609;0.0;0.000;60;0;0;0.910;1.014;0.960;169;191;181;50.01;50.01;50.01;5434;1000;0.0;0;1.0000;0;0
600;2017-02-06 10:40:00;172602N232;592;1.037;23;224;223;224;224;0.930;50.01;440.2;0.665;435.4;0.664;0.0;0.000;60;0;0;0.870;0.970;0.950;183;206;201;50.01;50.01;50.01;5434;1000;0.0;0;1.0000;0;0
600;2017-02-06 10:50:00;172602N232;536;1.126;23;224;223;225;223;0.866;50.00;439.1;0.600;433.0;0.605;0.0;0.000;60;0;0;0.812;0.908;0.878;165;188;180;50.00;50.00;50.00;5434;1000;0.0;0;1.0000;0;0
600;2017-02-06 11:00:00;172602N232;693;1.241;24;224;224;226;223;1.096;49.99;441.2;0.782;436.4;0.779;0.0;0.000;60;0;0;1.048;1.142;1.100;219;241;231;49.99;49.99;49.99;5434;1000;0.0;0;1.0000;0;0
600;2017-02-06 11:10:00;172602N232;870;1.387;24;224;223;225;224;1.340;50.01;440.4;0.996;440.4;0.965;0.0;0.000;60;0;0;1.283;1.383;1.355;275;300;293;50.01;50.01;50.01;5434;1000;0.0;0;1.0000;0;0
600;2017-02-06 11:20:00;172602N232;740;1.510;24;224;223;226;224;1.217;50.00;439.7;0.839;435.2;0.835;0.0;0.000;60;0;0;1.169;1.252;1.231;233;256;249;50.00;50.00;50.00;5434;1000;0.0;0;1.0000;0;0
600;2017-02-06 11:30:00;172602N232;603;1.611;25;225;224;226;225;0.946;50.01;439.8;0.677;433.0;0.683;0.0;0.000;60;0;0;0.894;0.987;0.958;187;211;203;50.01;50.01;50.01;5434;1000;0.0;0;1.0000;0;0
600;2017-02-06 11:40:00;172602N232;786;1.742;25;225;225;226;225;1.211;50.02;441.6;0.889;437.2;0.884;0.0;0.000;60;0;0;1.158;1.251;1.226;249;271;264;50.02;50.02;50.02;5434;1000;0.0;0;1.0000;0;0
600;2017-02-06 11:50:00;172602N232;707;1.859;25;225;224;227;225;1.108;50.02;438.8;0.801;435.0;0.798;0.0;0.000;60;0;0;1.061;1.145;1.120;221;245;238;50.02;50.02;50.02;5434;1000;0.0;0;1.0000;0;0
600;2017-02-06 12:00:00;172602N232;545;1.951;25;225;223;226;224;0.874;50.01;433.2;0.620;431.4;0.618;0.0;0.000;60;0;0;0.826;0.907;0.890;169;190;185;50.01;50.01;50.01;5434;1000;0.0;0;1.0000;0;0
600;2017-02-06 12:10:00;172602N232;566;2.045;25;224;223;225;224;0.889;50.02;433.8;0.641;432.4;0.644;0.0;0.000;60;0;0;0.835;0.928;0.906;175;197;191;50.02;50.02;50.02;5434;1000;0.0;0;1.0000;0;0
600;2017-02-06 12:20:00;172602N232;657;2.155;25;224;224;226;223;1.024;49.98;438.0;0.742;434.5;0.744;0.0;0.000;60;0;0;0.977;1.063;1.033;207;229;219;49.98;49.98;49.98;5434;1000;0.0;0;1.0000;0;0
600;2017-02-06 12:30:00;172602N232;361;2.216;25;224;225;226;222;0.929;49.99;422.3;0.416;425.0;0.406;0.0;0.000;60;0;0;0.915;1.023;0.849;107;128;123;49.99;49.99;49.99;5434;1000;0.0;0;1.0000;0;0
600;2017-02-06 12:40:00;172602N232;312;2.268;25;224;224;226;223;1.101;50.00;421.0;0.356;425.3;0.350;0.0;0.000;60;0;0;1.092;1.255;0.956;90;109;112;50.00;50.00;50.00;5434;1000;0.0;0;1.0000;0;0
600;2017-02-06 12:50:00;172602N232;239;2.308;25;224;224;225;222;1.103;49.98;414.8;0.272;420.3;0.264;0.0;0.000;60;0;0;1.290;1.169;0.852;53;91;93;49.98;49.98;49.98;5434;1000;0.0;0;1.0000;0;0
600;2017-02-06 13:00:00;172602N232;207;2.343;25;224;224;226;223;1.051;49.99;414.5;0.233;418.2;0.227;0.0;0.000;60;0;0;0.976;1.303;0.875;44;67;94;49.99;49.99;49.99;5434;1000;0.0;0;1.0000;0;0
600;2017-02-06 13:10:00;172602N232;640;2.449;25;224;225;226;223;1.137;50.02;438.2;0.727;438.1;0.708;0.0;0.000;60;0;0;1.101;1.197;1.114;200;222;216;50.02;50.02;50.02;5434;1000;0.0;0;1.0000;0;0
600;2017-02-06 13:20:00;172602N232;761;2.576;25;224;224;226;223;1.174;49.98;435.1;0.877;436.3;0.850;0.0;0.000;60;0;0;1.125;1.214;1.184;241;264;254;49.98;49.98;49.98;5434;1000;0.0;0;1.0000;0;0
600;2017-02-06 13:30:00;172602N232;248;2.618;25;225;225;226;223;0.904;49.99;413.0;0.288;417.2;0.271;0.0;0.000;60;0;0;0.854;1.099;0.759;73;76;98;49.99;49.99;49.99;5434;1000;0.0;0;1.0000;0;0
600;2017-02-06 13:40:00;172602N232;251;2.660;25;224;224;226;222;1.090;50.01;417.8;0.284;421.3;0.274;0.0;0.000;60;0;0;1.061;1.306;0.905;65;79;105;50.01;50.01;50.01;5434;1000;0.0;0;1.0000;0;0
600;2017-02-06 13:50:00;172602N232;342;2.716;25;225;224;226;224;0.841;49.99;424.3;0.385;427.0;0.381;0.0;0.000;60;0;0;0.813;0.945;0.765;99;118;123;49.99;49.99;49.99;5434;1000;0.0;0;1.0000;0;0
600;2017-02-06 14:00:00;172602N232;159;2.744;25;225;225;226;224;0.973;50.00;413.0;0.175;413.5;0.174;0.0;0.000;60;0;0;0.962;1.188;0.769;30;55;72;50.00;50.00;50.00;5434;1000;0.0;0;1.0000;0;0
600;2017-02-06 14:10:00;172602N232;174;2.774;25;224;224;226;224;1.002;50.00;408.8;0.192;413.7;0.192;0.0;0.000;60;0;0;0.914;1.296;0.797;42;53;77;50.00;50.00;50.00;5434;1000;0.0;0;1.0000;0;0
600;2017-02-06 14:20:00;172602N232;180;2.803;24;222;222;224;221;1.019;49.99;409.3;0.201;415.7;0.199;0.0;0.000;60;0;0;1.026;1.225;0.808;47;53;81;49.99;49.99;49.99;5434;1000;0.0;0;1.0000;0;0
600;2017-02-06 14:30:00;172602N232;119;2.823;24;223;228;227;215;1.011;50.01;404.4;0.128;406.7;0.128;0.0;0.000;60;0;0;1.536;0.787;0.712;0;62;72;50.01;50.01;50.01;5434;1000;0.0;0;1.0000;0;0
600;2017-02-06 14:40:00;172602N232;146;2.848;24;224;227;229;215;1.014;50.00;410.9;0.159;413.2;0.158;0.0;0.000;60;0;0;1.146;1.108;0.789;13;44;89;50.00;50.00;50.00;5434;1000;0.0;0;1.0000;0;0
600;2017-02-06 14:50:00;172602N232;274;2.893;24;223;226;228;215;1.086;49.99;417.5;0.310;427.1;0.305;0.0;0.000;60;0;0;1.205;1.202;0.853;75;100;97;49.99;49.99;49.99;5434;1000;0.0;0;1.0000;0;0
600;2017-02-06 15:00:00;172602N232;213;2.929;24;224;227;228;215;1.120;49.99;410.8;0.242;422.3;0.236;0.0;0.000;60;0;0;1.483;1.047;0.831;32;85;98;49.99;49.99;49.99;5434;1000;0.0;0;1.0000;0;0
600;2017-02-06 15:10:00;172602N232;215;2.964;24;224;228;229;216;1.121;50.00;408.3;0.246;422.2;0.238;0.0;0.000;60;0;0;1.507;1.109;0.749;40;87;90;50.00;50.00;50.00;5434;1000;0.0;0;1.0000;0;0
600;2017-02-06 15:20:00;172602N232;148;2.990;24;224;228;229;215;1.040;50.02;410.9;0.162;415.8;0.160;0.0;0.000;60;0;0;1.549;0.819;0.752;0;71;82;50.02;50.02;50.02;5434;1000;0.0;0;1.0000;0;0
600;2017-02-06 15:30:00;172602N232;146;3.015;24;225;229;229;216;1.042;50.01;412.7;0.159;416.7;0.156;0.0;0.000;60;0;0;1.540;0.832;0.756;0;69;81;50.01;50.01;50.01;5434;1000;0.0;0;1.0000;0;0
600;2017-02-06 15:40:00;172602N232;117;3.034;24;224;229;227;214;1.019;50.01;403.5;0.127;410.9;0.124;0.0;0.000;60;0;0;1.592;0.745;0.722;0;67;73;50.01;50.01;50.01;5434;1000;0.0;0;1.0000;0;0
600;2017-02-06 15:50:00;172602N232;71;3.047;23;224;229;228;215;0.762;50.00;382.5;0.072;394.9;0.070;0.0;0.000;60;0;0;1.126;0.598;0.563;0;51;51;50.00;50.00;50.00;5434;1000;0.0;0;1.0000;0;0
600;2017-02-06 16:00:00;172602N232;52;3.056;23;224;228;227;215;0.631;50.00;368.3;0.049;358.0;0.050;0.0;0.000;60;0;0;0.832;0.534;0.528;0;41;44;50.00;50.00;50.00;5434;1000;0.0;0;1.0000;0;0
600;2017-02-06 16:10:00;172602N232;3;3.057;23;224;225;227;222;0.164;50.00;253.9;0.000;254.9;0.000;0.0;0.000;60;0;0;0.214;0.166;0.114;1;3;6;50.00;50.00;50.00;5434;1000;0.0;0;1.0000;0;0
600;2017-02-06 16:20:00;172602N232;0;3.056;22;224;221;227;223;0.004;50.03;248.4;0.000;248.6;0.000;0.0;0.000;50;0;0;0.000;0.012;0.000;0;0;0;50.03;50.03;50.03;5434;1000;0.0;0;1.0000;0;0
600;2017-02-06 16:30:00;172602N232;0;3.056;22;223;222;226;220;0.000;50.01;226.8;0.000;227.7;0.000;0.0;0.000;50;0;0;0.000;0.000;0.000;0;0;0;50.01;50.01;50.01;5434;1000;0.0;0;1.0000;0;0
[wr_ende]
