20150819;230003;172602N232;My Plant;+0100
[wr_def_start]
172602N232;Inverter Type;Inverter Group;72602N232      
[wr_def_end]
[wr]
INTERVAL;TIMESTAMP;SERIAL;P_AC;E_DAY;T_WR;U_AC;U_AC_1;U_AC_2;U_AC_3;I_AC;F_AC;U_DC_1;I_DC_1;U_DC_2;I_DC_2;U_DC_3;I_DC_3;S;E_WR;M_WR;I_AC_1;I_AC_2;I_AC_3;P_AC_1;P_AC_2;P_AC_3;F_AC_1;F_AC_2;F_AC_3;R_DC;PC;PCS;PCS_LL;COS_PHI;COS_PHI_LL;S_COS_PHI
600;2015-08-19 05:00:00;172602N232;0;0.000;0;3;3;3;3;0.000;0.75;3.3;0.000;3.3;0.000;0.0;0.000;50;0;0;0.000;0.000;0.000;0;0;0;0.75;0.75;0.75;57;1000;0.0;0;1.0000;0;0
600;2015-08-19 05:10:00;172602N232;0;0.000;25;225;225;228;222;0.000;50.00;227.8;0.000;228.8;0.000;0.0;0.000;50;0;0;0.000;0.000;0.000;0;0;0;50.00;50.00;50.00;0;1000;0.0;0;1.0000;0;0
600;2015-08-19 05:20:00;172602N232;0;0.000;27;225;225;228;222;0.000;50.01;232.0;0.000;232.9;0.000;0.0;0.000;50;0;0;0.000;0.000;0.000;0;0;0;50.01;50.01;50.01;0;1000;0.0;0;1.0000;0;0
600;2015-08-19 05:30:00;172602N232;0;0.000;28;224;224;227;222;0.001;50.01;278.0;0.000;277.6;0.000;0.0;0.000;60;0;0;0.001;0.001;0.001;0;0;0;50.01;50.01;50.01;865;1000;0.0;0;1.0000;0;0
600;2015-08-19 05:40:00;172602N232;2;0.000;28;223;223;225;221;0.114;49.99;270.0;0.000;269.7;0.000;0.0;0.000;60;0;0;0.123;0.144;0.075;1;0;4;49.99;49.99;49.99;3818;1000;0.0;0;1.0000;0;0
600;2015-08-19 05:50:00;172602N232;20;0.004;28;222;223;225;220;0.407;49.99;304.0;0.013;313.4;0.014;0.0;0.000;60;0;0;0.493;0.490;0.239;11;1;17;49.99;49.99;49.99;3843;1000;0.0;0;1.0000;0;0
600;2015-08-19 06:00:00;172602N232;41;0.010;29;222;223;223;221;0.592;49.99;349.6;0.038;358.1;0.036;0.0;0.000;60;0;0;0.713;0.659;0.404;3;13;30;49.99;49.99;49.99;3843;1000;0.0;0;1.0000;0;0
600;2015-08-19 06:10:00;172602N232;59;0.020;29;222;222;223;221;0.657;49.99;366.6;0.062;375.7;0.058;0.0;0.000;60;0;0;0.687;0.794;0.491;11;12;35;49.99;49.99;49.99;3843;1000;0.0;0;1.0000;0;0
600;2015-08-19 06:20:00;172602N232;76;0.033;30;223;223;225;222;0.822;49.99;378.1;0.084;383.2;0.078;0.0;0.000;60;0;0;0.958;0.899;0.610;6;23;46;49.99;49.99;49.99;3843;1000;0.0;0;1.0000;0;0
600;2015-08-19 06:30:00;172602N232;92;0.048;30;222;223;222;221;0.949;49.99;385.2;0.105;388.5;0.098;0.0;0.000;60;0;0;1.287;0.816;0.744;0;42;54;49.99;49.99;49.99;3843;1000;0.0;0;1.0000;0;0
600;2015-08-19 06:40:00;172602N232;108;0.067;30;221;222;221;221;0.954;50.01;391.3;0.125;391.5;0.116;0.0;0.000;60;0;0;1.204;0.836;0.824;4;53;51;50.01;50.01;50.01;3843;1000;0.0;0;1.0000;0;0
600;2015-08-19 06:50:00;172602N232;122;0.087;31;221;221;222;220;0.965;49.98;395.9;0.142;394.7;0.132;0.0;0.000;60;0;0;1.098;1.023;0.774;12;42;66;49.98;49.98;49.98;3843;1000;0.0;0;1.0000;0;0
600;2015-08-19 07:00:00;172602N232;136;0.110;31;221;221;221;220;0.941;49.99;398.2;0.159;399.4;0.146;0.0;0.000;60;0;0;1.105;0.907;0.813;15;57;62;49.99;49.99;49.99;3843;1000;0.0;0;1.0000;0;0
600;2015-08-19 07:10:00;172602N232;149;0.135;31;221;221;221;220;0.965;49.99;398.9;0.176;397.9;0.160;0.0;0.000;60;0;0;1.166;0.932;0.797;12;63;72;49.99;49.99;49.99;3843;1000;0.0;0;1.0000;0;0
600;2015-08-19 07:20:00;172602N232;160;0.162;31;222;222;222;221;1.036;49.98;401.6;0.192;395.5;0.174;0.0;0.000;60;0;0;1.275;1.014;0.821;10;77;72;49.98;49.98;49.98;3843;1000;0.0;0;1.0000;0;0
600;2015-08-19 07:30:00;172602N232;172;0.190;32;224;225;225;223;1.104;50.00;404.0;0.208;396.3;0.187;0.0;0.000;60;0;0;1.527;0.984;0.802;24;85;61;50.00;50.00;50.00;3843;1000;0.0;0;1.0000;0;0
600;2015-08-19 07:40:00;172602N232;184;0.221;32;223;225;224;222;1.158;50.00;401.5;0.227;397.0;0.199;0.0;0.000;60;0;0;1.746;0.948;0.780;21;86;75;50.00;50.00;50.00;3843;1000;0.0;0;1.0000;0;0
600;2015-08-19 07:50:00;172602N232;198;0.254;32;224;225;225;222;1.042;49.99;413.6;0.241;398.5;0.209;0.0;0.000;60;0;0;1.329;1.028;0.769;18;90;88;49.99;49.99;49.99;3843;1000;0.0;0;1.0000;0;0
600;2015-08-19 08:00:00;172602N232;211;0.290;33;223;224;224;221;1.061;49.98;426.3;0.255;397.6;0.220;0.0;0.000;60;0;0;1.379;1.078;0.727;38;95;76;49.98;49.98;49.98;3843;1000;0.0;0;1.0000;0;0
600;2015-08-19 08:10:00;172602N232;223;0.327;33;224;225;224;223;1.004;49.99;432.8;0.268;391.8;0.236;0.0;0.000;60;0;0;1.184;0.901;0.928;41;80;100;49.99;49.99;49.99;3843;1000;0.0;0;1.0000;0;0
600;2015-08-19 08:20:00;172602N232;239;0.367;33;224;225;225;223;1.053;49.99;436.2;0.285;401.1;0.248;0.0;0.000;60;0;0;1.205;1.065;0.891;54;90;94;49.99;49.99;49.99;3843;1000;0.0;0;1.0000;0;0
600;2015-08-19 08:30:00;172602N232;260;0.411;33;226;225;228;223;1.140;50.00;453.5;0.300;412.4;0.258;0.0;0.000;60;0;0;1.086;1.347;0.988;69;79;110;50.00;50.00;50.00;3843;1000;0.0;0;1.0000;0;0
600;2015-08-19 08:40:00;172602N232;524;0.499;34;226;226;228;224;0.938;50.00;313.4;1.382;436.0;0.264;0.0;0.000;60;0;0;0.891;1.003;0.922;160;185;178;50.00;50.00;50.00;3843;1000;0.0;0;1.0000;0;0
600;2015-08-19 08:50:00;172602N232;760;0.625;34;226;226;228;224;1.177;49.99;357.5;1.767;430.0;0.295;0.0;0.000;60;0;0;1.130;1.222;1.179;240;266;252;49.99;49.99;49.99;3843;1000;0.0;0;1.0000;0;0
600;2015-08-19 09:00:00;172602N232;1086;0.805;34;226;226;229;223;1.656;49.99;356.8;2.665;428.8;0.330;0.0;0.000;60;0;0;1.615;1.703;1.652;349;378;357;49.99;49.99;49.99;3843;1000;0.0;0;1.0000;0;0
600;2015-08-19 09:10:00;172602N232;1386;1.037;35;226;226;228;223;2.082;49.99;395.7;3.011;311.4;0.726;0.0;0.000;60;0;0;2.039;2.137;2.070;450;480;454;49.99;49.99;49.99;3843;1000;0.0;0;1.0000;0;0
600;2015-08-19 09:20:00;172602N232;1660;1.314;35;226;225;229;223;2.467;50.00;398.8;3.263;262.8;1.439;0.0;0.000;60;0;0;2.405;2.546;2.450;537;577;543;50.00;50.00;50.00;3843;1000;0.0;0;1.0000;0;0
600;2015-08-19 09:30:00;172602N232;1935;1.637;36;226;225;228;224;2.879;50.00;397.5;3.482;285.4;2.022;0.0;0.000;60;0;0;2.821;2.945;2.872;630;665;639;50.00;50.00;50.00;3843;1000;0.0;0;1.0000;0;0
600;2015-08-19 09:40:00;172602N232;2170;1.998;37;225;225;228;223;3.225;50.01;393.9;3.700;321.6;2.327;0.0;0.000;60;0;0;3.166;3.304;3.205;708;748;712;50.01;50.01;50.01;3843;1000;0.0;0;1.0000;0;0
600;2015-08-19 09:50:00;172602N232;2438;2.405;39;225;226;225;225;3.622;50.00;391.7;3.911;329.1;2.871;0.0;0.000;60;0;0;3.591;3.647;3.628;807;817;813;50.00;50.00;50.00;3843;1000;0.0;0;1.0000;0;0
600;2015-08-19 10:00:00;172602N232;2781;2.869;39;225;227;225;225;4.127;50.01;390.2;4.113;324.8;3.762;0.0;0.000;60;0;0;4.119;4.139;4.124;929;927;923;50.01;50.01;50.01;3843;1000;0.0;0;1.0000;0;0
600;2015-08-19 10:10:00;172602N232;3098;3.385;39;226;227;227;224;4.577;50.02;387.6;4.312;348.9;4.227;0.0;0.000;60;0;0;4.557;4.634;4.540;1031;1050;1015;50.02;50.02;50.02;3843;1000;0.0;0;1.0000;0;0
600;2015-08-19 10:20:00;172602N232;3301;3.934;40;227;227;228;224;4.870;50.00;384.6;4.505;362.0;4.473;0.0;0.000;60;0;0;4.840;4.941;4.830;1095;1124;1080;50.00;50.00;50.00;3843;1000;0.0;0;1.0000;0;0
600;2015-08-19 10:30:00;172602N232;3445;4.509;41;227;227;228;226;5.077;49.99;382.1;4.679;367.8;4.651;0.0;0.000;60;0;0;5.048;5.124;5.061;1142;1162;1139;49.99;49.99;49.99;3843;1000;0.0;0;1.0000;0;0
600;2015-08-19 10:40:00;172602N232;3569;5.104;41;227;227;229;225;5.250;50.00;379.8;4.850;369.2;4.832;0.0;0.000;60;0;0;5.201;5.330;5.219;1176;1218;1173;50.00;50.00;50.00;3843;1000;0.0;0;1.0000;0;0
600;2015-08-19 10:50:00;172602N232;3665;5.715;42;227;226;230;225;5.395;49.99;376.2;5.012;369.5;4.979;0.0;0.000;60;0;0;5.341;5.505;5.339;1204;1263;1196;49.99;49.99;49.99;3843;1000;0.0;0;1.0000;0;0
600;2015-08-19 11:00:00;172602N232;3787;6.349;42;228;228;231;225;5.554;50.01;374.5;5.162;373.0;5.140;0.0;0.000;60;0;0;5.501;5.680;5.482;1249;1308;1228;50.01;50.01;50.01;3843;1000;0.0;0;1.0000;0;0
600;2015-08-19 11:10:00;172602N232;3890;6.996;42;228;227;231;225;5.703;50.01;375.1;5.296;373.1;5.278;0.0;0.000;60;0;0;5.633;5.831;5.647;1276;1345;1267;50.01;50.01;50.01;3843;1000;0.0;0;1.0000;0;0
600;2015-08-19 11:20:00;172602N232;3964;7.657;43;228;228;231;226;5.803;49.99;373.2;5.427;370.9;5.409;0.0;0.000;60;0;0;5.746;5.912;5.753;1305;1362;1295;49.99;49.99;49.99;3843;1000;0.0;0;1.0000;0;0
600;2015-08-19 11:30:00;172602N232;4028;8.327;43;229;228;232;226;5.878;50.00;370.8;5.552;368.7;5.532;0.0;0.000;60;0;0;5.806;6.011;5.817;1320;1394;1311;50.00;50.00;50.00;3843;1000;0.0;0;1.0000;0;0
600;2015-08-19 11:40:00;172602N232;4097;9.011;43;230;229;233;227;5.960;49.99;370.2;5.659;368.1;5.638;0.0;0.000;60;0;0;5.896;6.093;5.891;1345;1419;1332;49.99;49.99;49.99;3843;1000;0.0;0;1.0000;0;0
600;2015-08-19 11:50:00;172602N232;4161;9.705;43;229;229;233;227;6.056;50.01;370.1;5.757;366.8;5.737;0.0;0.000;60;0;0;5.986;6.182;6.000;1365;1437;1357;50.01;50.01;50.01;3843;1000;0.0;0;1.0000;0;0
600;2015-08-19 12:00:00;172602N232;4202;10.404;43;229;228;233;226;6.125;50.00;367.8;5.849;364.9;5.829;0.0;0.000;60;0;0;6.067;6.266;6.042;1381;1459;1360;50.00;50.00;50.00;3843;1000;0.0;0;1.0000;0;0
600;2015-08-19 12:10:00;172602N232;4251;11.113;43;229;228;233;225;6.207;49.99;367.1;5.930;363.9;5.913;0.0;0.000;60;0;0;6.140;6.374;6.107;1396;1483;1370;49.99;49.99;49.99;3843;1000;0.0;0;1.0000;0;0
600;2015-08-19 12:20:00;172602N232;4294;11.830;44;228;228;233;224;6.279;50.02;366.6;6.000;363.5;5.980;0.0;0.000;60;0;0;6.216;6.441;6.181;1412;1497;1384;50.02;50.02;50.02;3843;1000;0.0;0;1.0000;0;0
600;2015-08-19 12:30:00;172602N232;4325;12.551;44;229;228;233;226;6.316;50.01;365.8;6.055;362.8;6.037;0.0;0.000;60;0;0;6.245;6.459;6.246;1416;1500;1407;50.01;50.01;50.01;3843;1000;0.0;0;1.0000;0;0
600;2015-08-19 12:40:00;172602N232;4349;13.275;44;228;227;232;226;6.361;50.01;365.2;6.099;362.2;6.080;0.0;0.000;60;0;0;6.270;6.511;6.303;1417;1510;1421;50.01;50.01;50.01;3843;1000;0.0;0;1.0000;0;0
600;2015-08-19 12:50:00;172602N232;4362;14.002;44;228;227;232;225;6.381;50.00;364.6;6.130;361.6;6.108;0.0;0.000;60;0;0;6.297;6.551;6.296;1426;1521;1414;50.00;50.00;50.00;3843;1000;0.0;0;1.0000;0;0
600;2015-08-19 13:00:00;172602N232;4382;14.733;45;228;228;232;225;6.405;50.01;363.5;6.176;360.7;6.152;0.0;0.000;60;0;0;6.338;6.558;6.319;1438;1522;1419;50.01;50.01;50.01;3843;1000;0.0;0;1.0000;0;0
600;2015-08-19 13:10:00;172602N232;4393;15.465;45;228;228;232;226;6.415;50.01;362.7;6.201;360.1;6.182;0.0;0.000;60;0;0;6.351;6.556;6.340;1442;1520;1428;50.01;50.01;50.01;3843;1000;0.0;0;1.0000;0;0
600;2015-08-19 13:20:00;172602N232;4394;16.198;45;229;228;233;226;6.414;50.01;363.1;6.199;360.4;6.178;0.0;0.000;60;0;0;6.337;6.557;6.349;1437;1525;1430;50.01;50.01;50.01;3843;1000;0.0;0;1.0000;0;0
600;2015-08-19 13:30:00;172602N232;4365;16.925;45;229;228;233;225;6.374;50.01;363.2;6.160;360.2;6.136;0.0;0.000;60;0;0;6.303;6.528;6.291;1431;1519;1413;50.01;50.01;50.01;3843;1000;0.0;0;1.0000;0;0
600;2015-08-19 13:40:00;172602N232;4352;17.651;46;228;228;231;226;6.365;50.00;363.2;6.141;360.1;6.118;0.0;0.000;60;0;0;6.311;6.491;6.294;1434;1499;1418;50.00;50.00;50.00;3843;1000;0.0;0;1.0000;0;0
600;2015-08-19 13:50:00;172602N232;4338;18.374;46;228;228;232;225;6.340;49.98;364.4;6.100;361.3;6.077;0.0;0.000;60;0;0;6.275;6.491;6.256;1423;1506;1407;49.98;49.98;49.98;3843;1000;0.0;0;1.0000;0;0
600;2015-08-19 14:00:00;172602N232;4319;19.094;46;229;228;233;225;6.306;49.99;365.2;6.062;361.7;6.042;0.0;0.000;60;0;0;6.261;6.451;6.206;1425;1498;1394;49.99;49.99;49.99;3843;1000;0.0;0;1.0000;0;0
600;2015-08-19 14:10:00;172602N232;4284;19.808;46;229;229;232;225;6.253;49.98;364.0;6.031;360.8;6.011;0.0;0.000;60;0;0;6.220;6.384;6.157;1417;1482;1384;49.98;49.98;49.98;3843;1000;0.0;0;1.0000;0;0
600;2015-08-19 14:20:00;172602N232;4246;20.516;46;229;229;232;226;6.192;49.99;364.7;5.969;361.2;5.946;0.0;0.000;60;0;0;6.147;6.317;6.114;1400;1466;1378;49.99;49.99;49.99;3843;1000;0.0;0;1.0000;0;0
600;2015-08-19 14:30:00;172602N232;4200;21.217;47;229;228;232;228;6.119;49.99;363.4;5.921;360.3;5.899;0.0;0.000;60;0;0;6.045;6.231;6.081;1372;1445;1381;49.99;49.99;49.99;3843;1000;0.0;0;1.0000;0;0
600;2015-08-19 14:40:00;172602N232;4143;21.907;47;229;228;232;228;6.034;49.99;363.4;5.838;360.6;5.817;0.0;0.000;60;0;0;5.975;6.131;5.997;1359;1419;1363;49.99;49.99;49.99;3843;1000;0.0;0;1.0000;0;0
600;2015-08-19 14:50:00;172602N232;4072;22.586;47;230;230;233;228;5.900;49.99;363.4;5.734;360.8;5.715;0.0;0.000;60;0;0;5.839;6.013;5.848;1338;1400;1331;49.99;49.99;49.99;3843;1000;0.0;0;1.0000;0;0
600;2015-08-19 15:00:00;172602N232;4037;23.259;47;231;231;233;228;5.844;49.99;365.2;5.657;362.4;5.637;0.0;0.000;60;0;0;5.803;5.946;5.784;1335;1383;1317;49.99;49.99;49.99;3843;1000;0.0;0;1.0000;0;0
600;2015-08-19 15:10:00;172602N232;3971;23.922;47;230;229;233;229;5.754;50.00;368.0;5.524;364.7;5.504;0.0;0.000;60;0;0;5.658;5.869;5.737;1290;1367;1312;50.00;50.00;50.00;3843;1000;0.0;0;1.0000;0;0
600;2015-08-19 15:20:00;172602N232;3872;24.566;47;230;229;233;229;5.612;49.99;366.5;5.400;364.2;5.383;0.0;0.000;60;0;0;5.532;5.719;5.587;1264;1330;1277;49.99;49.99;49.99;3843;1000;0.0;0;1.0000;0;0
600;2015-08-19 15:30:00;172602N232;3799;25.200;47;231;230;233;229;5.500;49.99;368.2;5.274;365.7;5.255;0.0;0.000;60;0;0;5.444;5.592;5.466;1248;1300;1248;49.99;49.99;49.99;3843;1000;0.0;0;1.0000;0;0
600;2015-08-19 15:40:00;172602N232;3709;25.819;47;228;227;231;226;5.434;50.00;369.7;5.127;366.8;5.112;0.0;0.000;60;0;0;5.356;5.555;5.393;1212;1281;1214;50.00;50.00;50.00;3843;1000;0.0;0;1.0000;0;0
600;2015-08-19 15:50:00;172602N232;3616;26.422;47;227;226;230;225;5.322;49.99;371.3;4.977;368.5;4.958;0.0;0.000;60;0;0;5.263;5.418;5.285;1187;1241;1186;49.99;49.99;49.99;3843;1000;0.0;0;1.0000;0;0
600;2015-08-19 16:00:00;172602N232;3515;27.007;47;227;226;229;225;5.185;49.99;374.1;4.801;370.5;4.787;0.0;0.000;60;0;0;5.138;5.257;5.161;1157;1199;1157;49.99;49.99;49.99;3843;1000;0.0;0;1.0000;0;0
600;2015-08-19 16:10:00;172602N232;3403;27.575;47;227;225;230;224;5.027;50.00;374.5;4.639;371.5;4.626;0.0;0.000;60;0;0;4.949;5.146;4.987;1109;1180;1112;50.00;50.00;50.00;3843;1000;0.0;0;1.0000;0;0
600;2015-08-19 16:20:00;172602N232;3279;28.123;47;226;225;228;224;4.859;50.00;378.1;4.418;373.0;4.444;0.0;0.000;60;0;0;4.803;4.932;4.844;1076;1119;1082;50.00;50.00;50.00;3843;1000;0.0;0;1.0000;0;0
600;2015-08-19 16:30:00;172602N232;3115;28.641;47;226;226;228;225;4.609;50.01;384.1;4.074;374.7;4.257;0.0;0.000;60;0;0;4.552;4.672;4.605;1023;1059;1031;50.01;50.01;50.01;3843;1000;0.0;0;1.0000;0;0
600;2015-08-19 16:40:00;172602N232;3003;29.142;46;225;224;227;224;4.455;50.02;370.3;4.079;376.9;4.072;0.0;0.000;60;0;0;4.379;4.528;4.460;979;1026;997;50.02;50.02;50.02;3843;1000;0.0;0;1.0000;0;0
600;2015-08-19 16:50:00;172602N232;2891;29.625;46;225;225;226;224;4.304;50.00;374.6;3.879;381.4;3.872;0.0;0.000;60;0;0;4.242;4.362;4.308;948;982;959;50.00;50.00;50.00;3843;1000;0.0;0;1.0000;0;0
600;2015-08-19 17:00:00;172602N232;2753;30.083;46;224;223;226;223;4.116;49.99;375.9;3.678;382.7;3.671;0.0;0.000;60;0;0;4.039;4.187;4.123;896;940;915;49.99;49.99;49.99;3843;1000;0.0;0;1.0000;0;0
600;2015-08-19 17:10:00;172602N232;2590;30.514;46;224;223;226;223;3.873;49.99;376.6;3.452;383.5;3.446;0.0;0.000;60;0;0;3.794;3.941;3.884;840;886;862;49.99;49.99;49.99;3843;1000;0.0;0;1.0000;0;0
600;2015-08-19 17:20:00;172602N232;2432;30.920;45;224;222;228;223;3.644;49.98;377.8;3.227;385.3;3.220;0.0;0.000;60;0;0;3.553;3.740;3.640;781;844;804;49.98;49.98;49.98;3843;1000;0.0;0;1.0000;0;0
600;2015-08-19 17:30:00;172602N232;2259;31.298;45;224;222;227;223;3.385;50.00;380.3;2.999;398.3;2.867;0.0;0.000;60;0;0;3.297;3.467;3.392;726;781;750;50.00;50.00;50.00;3843;1000;0.0;0;1.0000;0;0
600;2015-08-19 17:40:00;172602N232;2079;31.644;45;224;223;227;223;3.119;50.01;382.0;2.762;383.2;2.730;0.0;0.000;60;0;0;3.034;3.193;3.132;668;718;692;50.02;50.02;50.02;3843;1000;0.0;0;1.0000;0;0
600;2015-08-19 17:50:00;172602N232;1884;31.957;44;224;225;226;221;2.830;49.99;387.5;2.430;381.2;2.517;0.0;0.000;60;0;0;2.798;2.891;2.802;622;647;613;49.99;49.99;49.99;3843;1000;0.0;0;1.0000;0;0
600;2015-08-19 18:00:00;172602N232;1708;32.243;44;224;225;227;220;2.564;49.98;374.2;2.277;382.2;2.279;0.0;0.000;60;0;0;2.516;2.642;2.534;559;594;553;49.98;49.98;49.98;3843;1000;0.0;0;1.0000;0;0
600;2015-08-19 18:10:00;172602N232;1522;32.496;44;225;225;227;222;2.291;49.99;375.0;2.021;383.5;2.022;0.0;0.000;60;0;0;2.257;2.344;2.274;498;525;497;49.99;49.99;49.99;3843;1000;0.0;0;1.0000;0;0
600;2015-08-19 18:20:00;172602N232;1340;32.720;44;224;223;226;223;2.021;49.98;376.1;1.771;384.4;1.775;0.0;0.000;60;0;0;1.963;2.070;2.032;430;462;446;49.98;49.98;49.98;3843;1000;0.0;0;1.0000;0;0
600;2015-08-19 18:30:00;172602N232;1161;32.913;44;225;224;228;222;1.781;50.00;382.6;1.497;385.4;1.540;0.0;0.000;60;0;0;1.734;1.835;1.776;371;406;382;50.00;50.00;50.00;3843;1000;0.0;0;1.0000;0;0
600;2015-08-19 18:40:00;172602N232;940;33.070;44;225;225;228;223;1.422;50.00;340.7;1.275;386.1;1.317;0.0;0.000;60;0;0;1.365;1.474;1.429;298;329;311;50.00;50.00;50.00;3843;1000;0.0;0;1.0000;0;0
600;2015-08-19 18:50:00;172602N232;635;33.176;44;225;224;226;224;0.982;49.99;284.8;0.753;386.5;1.093;0.0;0.000;60;0;0;0.923;1.024;1.000;196;222;215;49.99;49.99;49.99;3843;1000;0.0;0;1.0000;0;0
600;2015-08-19 19:00:00;172602N232;439;33.250;44;225;225;226;224;0.696;49.99;368.7;0.264;386.2;0.882;0.0;0.000;60;0;0;0.642;0.737;0.711;132;156;149;49.99;49.99;49.99;3843;1000;0.0;0;1.0000;0;0
600;2015-08-19 19:10:00;172602N232;264;33.294;44;225;225;226;223;1.011;49.99;373.2;0.196;316.8;0.580;0.0;0.000;60;0;0;1.229;0.969;0.835;68;99;95;49.99;49.99;49.99;3843;1000;0.0;0;1.0000;0;0
600;2015-08-19 19:20:00;172602N232;150;33.318;44;225;225;227;223;1.060;49.98;365.6;0.166;385.2;0.204;0.0;0.000;60;0;0;1.393;1.048;0.740;16;60;74;49.98;49.98;49.98;3843;1000;0.0;0;1.0000;0;0
600;2015-08-19 19:30:00;172602N232;119;33.339;43;223;224;224;222;0.937;49.99;360.2;0.136;379.6;0.153;0.0;0.000;60;0;0;1.278;0.830;0.703;7;50;61;49.99;49.99;49.99;3843;1000;0.0;0;1.0000;0;0
600;2015-08-19 19:40:00;172602N232;95;33.354;43;223;223;224;222;0.939;49.99;362.0;0.105;373.9;0.118;0.0;0.000;60;0;0;1.264;0.870;0.684;5;38;57;49.99;49.99;49.99;3843;1000;0.0;0;1.0000;0;0
600;2015-08-19 19:50:00;172602N232;67;33.367;42;223;222;226;222;0.747;49.99;339.2;0.071;374.5;0.078;0.0;0.000;60;0;0;0.622;1.077;0.543;26;0;46;49.99;49.99;49.99;3843;1000;0.0;0;1.0000;0;0
600;2015-08-19 20:00:00;172602N232;35;33.373;42;223;223;226;222;0.581;49.98;314.0;0.030;343.8;0.039;0.0;0.000;60;0;0;0.503;0.845;0.395;18;0;29;49.98;49.98;49.98;3843;1000;0.0;0;1.0000;0;0
600;2015-08-19 20:10:00;172602N232;8;33.374;41;224;224;225;222;0.288;49.98;259.3;0.002;262.5;0.006;0.0;0.000;60;0;0;0.316;0.328;0.221;1;3;13;49.98;49.98;49.98;3843;1000;0.0;0;1.0000;0;0
600;2015-08-19 20:20:00;172602N232;0;33.375;41;223;223;225;221;0.017;49.98;279.4;0.000;278.3;0.000;0.0;0.000;50;0;0;0.021;0.017;0.014;0;0;0;49.98;49.98;49.98;3843;1000;0.0;0;1.0000;0;0
600;2015-08-19 20:30:00;172602N232;0;33.375;39;223;222;226;221;0.000;49.99;239.0;0.000;239.9;0.000;0.0;0.000;50;0;0;0.000;0.000;0.000;0;0;0;49.99;49.99;49.99;3843;1000;0.0;0;1.0000;0;0
600;2015-08-19 20:40:00;172602N232;0;33.375;39;222;222;225;220;0.000;49.99;228.8;0.000;229.8;0.000;0.0;0.000;50;0;0;0.000;0.000;0.000;0;0;0;49.99;49.99;49.99;3843;1000;0.0;0;1.0000;0;0
[wr_ende]
