20150201;230004;172602N232;My Plant;+0100
[wr_def_start]
172602N232;Inverter Type;Inverter Group;72602N232      
[wr_def_end]
[wr]
INTERVAL;TIMESTAMP;SERIAL;P_AC;E_DAY;T_WR;U_AC;U_AC_1;U_AC_2;U_AC_3;I_AC;F_AC;U_DC_1;I_DC_1;U_DC_2;I_DC_2;U_DC_3;I_DC_3;S;E_WR;M_WR;I_AC_1;I_AC_2;I_AC_3;P_AC_1;P_AC_2;P_AC_3;F_AC_1;F_AC_2;F_AC_3;R_DC;PC;PCS;PCS_LL;COS_PHI;COS_PHI_LL;S_COS_PHI
600;2015-02-01 07:30:00;172602N232;0;0.000;0;2;2;2;2;0.000;0.55;2.4;0.000;2.4;0.000;0.0;0.000;50;0;0;0.000;0.000;0.000;0;0;0;0.55;0.55;0.55;18;1000;0.0;0;1.0000;0;0
600;2015-02-01 07:40:00;172602N232;0;0.000;12;222;223;224;218;0.000;50.00;230.7;0.000;231.6;0.000;0.0;0.000;50;0;0;0.000;0.000;0.000;0;0;0;50.00;50.00;50.00;0;1000;0.0;0;1.0000;0;0
600;2015-02-01 07:50:00;172602N232;0;0.000;13;222;222;224;219;0.024;49.99;270.5;0.000;271.0;0.000;0.0;0.000;60;0;0;0.022;0.030;0.021;0;0;1;49.99;49.99;49.99;3938;1000;0.0;0;1.0000;0;0
600;2015-02-01 08:00:00;172602N232;29;0.006;13;221;220;223;221;0.467;49.99;352.7;0.023;345.1;0.024;0.0;0.000;60;0;0;0.442;0.617;0.344;13;1;22;49.99;49.99;49.99;9803;1000;0.0;0;1.0000;0;0
600;2015-02-01 08:10:00;172602N232;46;0.015;14;221;220;223;221;0.635;49.99;378.3;0.042;390.8;0.041;0.0;0.000;60;0;0;0.561;0.849;0.495;23;0;31;49.99;49.99;49.99;9803;1000;0.0;0;1.0000;0;0
600;2015-02-01 08:20:00;172602N232;99;0.028;15;221;221;223;221;0.841;49.99;409.2;0.104;418.6;0.100;0.0;0.000;60;0;0;0.813;1.036;0.675;20;22;55;49.99;49.99;49.99;9803;1000;0.0;0;1.0000;0;0
600;2015-02-01 08:30:00;172602N232;133;0.051;15;221;221;220;221;0.888;49.99;420.4;0.143;427.6;0.138;0.0;0.000;60;0;0;0.972;0.829;0.865;18;61;52;49.99;49.99;49.99;9803;1000;0.0;0;1.0000;0;0
600;2015-02-01 08:40:00;172602N232;142;0.075;16;220;221;218;221;0.880;50.02;418.7;0.155;427.8;0.148;0.0;0.000;60;0;0;0.932;0.777;0.933;22;78;40;50.02;50.02;50.02;9803;1000;0.0;0;1.0000;0;0
600;2015-02-01 08:50:00;172602N232;134;0.097;16;220;221;218;222;0.928;49.99;407.9;0.149;423.4;0.142;0.0;0.000;60;0;0;0.889;0.720;1.177;41;68;24;49.99;49.99;49.99;9803;1000;0.0;0;1.0000;0;0
600;2015-02-01 09:00:00;172602N232;156;0.124;17;221;221;219;221;0.958;49.99;409.2;0.174;424.1;0.168;0.0;0.000;60;0;0;1.072;0.749;1.053;37;71;45;49.99;49.99;49.99;9803;1000;0.0;0;1.0000;0;0
600;2015-02-01 09:10:00;172602N232;228;0.162;17;220;222;218;220;1.031;49.98;422.2;0.257;434.1;0.244;0.0;0.000;60;0;0;1.303;0.911;0.879;32;104;90;49.98;49.98;49.98;9803;1000;0.0;0;1.0000;0;0
600;2015-02-01 09:20:00;172602N232;173;0.191;17;220;221;220;220;0.989;49.98;419.9;0.191;425.2;0.186;0.0;0.000;60;0;0;1.263;0.840;0.864;27;88;57;49.98;49.98;49.98;9803;1000;0.0;0;1.0000;0;0
600;2015-02-01 09:30:00;172602N232;164;0.218;18;219;220;218;220;0.923;49.98;421.5;0.178;420.0;0.180;0.0;0.000;60;0;0;1.036;0.783;0.950;33;77;53;49.98;49.98;49.98;9803;1000;0.0;0;1.0000;0;0
600;2015-02-01 09:40:00;172602N232;261;0.262;18;220;220;219;220;1.056;50.00;427.9;0.292;435.1;0.282;0.0;0.000;60;0;0;1.219;1.034;0.917;76;110;72;50.00;50.00;50.00;9803;1000;0.0;0;1.0000;0;0
600;2015-02-01 09:50:00;172602N232;408;0.329;19;219;220;218;219;1.021;49.98;439.4;0.488;456.7;0.397;0.0;0.000;60;0;0;1.032;1.040;0.991;127;152;128;49.98;49.98;49.98;9803;1000;0.0;0;1.0000;0;0
600;2015-02-01 10:00:00;172602N232;696;0.446;19;220;220;220;220;1.092;49.98;461.3;0.859;413.2;0.735;0.0;0.000;60;0;0;1.048;1.121;1.109;221;239;235;49.98;49.98;49.98;9803;1000;0.0;0;1.0000;0;0
600;2015-02-01 10:10:00;172602N232;768;0.574;20;220;220;220;220;1.224;49.99;456.1;0.964;364.1;0.897;0.0;0.000;60;0;0;1.199;1.245;1.230;245;262;258;49.99;49.99;49.99;9803;1000;0.0;0;1.0000;0;0
600;2015-02-01 10:20:00;172602N232;646;0.683;20;220;221;222;219;1.067;50.00;446.7;0.793;389.4;0.742;0.0;0.000;60;0;0;1.049;1.098;1.056;205;225;214;50.00;50.00;50.00;9803;1000;0.0;0;1.0000;0;0
600;2015-02-01 10:30:00;172602N232;1298;0.899;21;221;220;224;219;1.990;50.00;450.5;1.570;403.0;1.469;0.0;0.000;60;0;0;1.947;2.037;1.986;419;448;428;50.00;50.00;50.00;9803;1000;0.0;0;1.0000;0;0
600;2015-02-01 10:40:00;172602N232;1536;1.155;21;221;219;224;219;2.332;49.99;447.1;1.838;405.1;1.782;0.0;0.000;60;0;0;2.269;2.398;2.329;494;533;507;49.99;49.99;49.99;9803;1000;0.0;0;1.0000;0;0
600;2015-02-01 10:50:00;172602N232;1407;1.390;22;220;220;223;219;2.139;49.99;443.8;1.672;414.8;1.616;0.0;0.000;60;0;0;2.097;2.187;2.135;458;484;463;49.99;49.99;49.99;9803;1000;0.0;0;1.0000;0;0
600;2015-02-01 11:00:00;172602N232;1512;1.641;22;220;220;221;218;2.306;50.00;443.5;1.775;427.7;1.707;0.0;0.000;60;0;0;2.274;2.343;2.302;497;514;499;50.00;50.00;50.00;9803;1000;0.0;0;1.0000;0;0
600;2015-02-01 11:10:00;172602N232;1053;1.817;23;220;220;221;219;1.631;50.01;438.7;1.222;442.1;1.161;0.0;0.000;60;0;0;1.592;1.659;1.643;340;359;351;50.01;50.01;50.01;9803;1000;0.0;0;1.0000;0;0
600;2015-02-01 11:20:00;172602N232;1040;1.991;23;220;220;221;219;1.630;50.01;441.0;1.188;442.0;1.159;0.0;0.000;60;0;0;1.598;1.654;1.638;336;355;347;50.01;50.01;50.01;9803;1000;0.0;0;1.0000;0;0
600;2015-02-01 11:30:00;172602N232;767;2.119;24;220;220;222;219;1.269;50.01;440.1;0.871;437.3;0.864;0.0;0.000;60;0;0;1.297;1.260;1.251;248;261;256;50.01;50.01;50.01;9803;1000;0.0;0;1.0000;0;0
600;2015-02-01 11:40:00;172602N232;1013;2.288;24;220;220;223;218;1.562;49.99;443.9;1.147;440.7;1.136;0.0;0.000;60;0;0;1.513;1.610;1.563;324;352;334;49.99;49.99;49.99;9803;1000;0.0;0;1.0000;0;0
600;2015-02-01 11:50:00;172602N232;1570;2.548;24;220;220;222;219;2.391;50.00;444.7;1.781;442.5;1.769;0.0;0.000;60;0;0;2.333;2.447;2.393;509;539;520;50.00;50.00;50.00;9803;1000;0.0;0;1.0000;0;0
600;2015-02-01 12:00:00;172602N232;1265;2.760;24;220;219;222;218;1.961;50.00;442.0;1.432;437.4;1.444;0.0;0.000;60;0;0;1.908;2.009;1.968;406;436;421;50.00;50.00;50.00;9803;1000;0.0;0;1.0000;0;0
600;2015-02-01 12:10:00;172602N232;967;2.921;25;219;220;222;216;1.502;49.99;441.2;1.094;437.3;1.100;0.0;0.000;60;0;0;1.457;1.550;1.501;311;337;317;49.99;49.99;49.99;9803;1000;0.0;0;1.0000;0;0
600;2015-02-01 12:20:00;172602N232;1191;3.120;25;220;221;223;216;1.846;50.02;453.7;1.272;440.3;1.390;0.0;0.000;60;0;0;1.819;1.895;1.825;389;415;385;50.02;50.02;50.02;9803;1000;0.0;0;1.0000;0;0
600;2015-02-01 12:30:00;172602N232;1317;3.341;25;220;222;223;215;2.033;50.02;451.6;1.412;439.4;1.547;0.0;0.000;60;0;0;2.009;2.088;2.003;432;460;423;50.02;50.02;50.02;9803;1000;0.0;0;1.0000;0;0
600;2015-02-01 12:40:00;172602N232;1235;3.546;25;220;221;223;215;1.914;50.00;450.7;1.314;436.6;1.470;0.0;0.000;60;0;0;1.882;1.981;1.881;403;434;396;50.00;50.00;50.00;9803;1000;0.0;0;1.0000;0;0
600;2015-02-01 12:50:00;172602N232;892;3.694;25;221;221;224;219;1.371;50.03;437.4;1.002;434.8;1.032;0.0;0.000;60;0;0;1.317;1.415;1.382;283;311;296;50.03;50.03;50.03;9803;1000;0.0;0;1.0000;0;0
600;2015-02-01 13:00:00;172602N232;809;3.830;26;221;222;223;218;1.315;50.02;438.4;0.913;435.5;0.925;0.0;0.000;60;0;0;1.360;1.305;1.282;266;276;265;50.02;50.02;50.02;9803;1000;0.0;0;1.0000;0;0
600;2015-02-01 13:10:00;172602N232;760;3.956;26;221;223;223;217;1.425;50.03;445.4;0.838;446.2;0.852;0.0;0.000;60;0;0;1.714;1.272;1.291;268;244;246;50.03;50.03;50.03;9803;1000;0.0;0;1.0000;0;0
600;2015-02-01 13:20:00;172602N232;714;4.076;26;221;222;224;218;1.112;50.03;460.1;0.764;461.9;0.764;0.0;0.000;60;0;0;1.070;1.157;1.109;227;250;235;50.03;50.03;50.03;9803;1000;0.0;0;1.0000;0;0
600;2015-02-01 13:30:00;172602N232;661;4.186;26;221;222;222;219;1.031;50.03;467.8;0.705;467.0;0.682;0.0;0.000;60;0;0;0.991;1.069;1.035;210;230;219;50.03;50.03;50.03;9803;1000;0.0;0;1.0000;0;0
600;2015-02-01 13:40:00;172602N232;667;4.297;26;221;222;222;219;1.043;50.02;418.5;0.903;457.7;0.616;0.0;0.000;60;0;0;1.002;1.084;1.045;212;232;220;50.02;50.02;50.02;9803;1000;0.0;0;1.0000;0;0
600;2015-02-01 13:50:00;172602N232;918;4.450;26;221;221;224;219;1.410;50.04;436.4;1.387;455.9;0.674;0.0;0.000;60;0;0;1.362;1.455;1.413;294;320;302;50.04;50.04;50.04;9803;1000;0.0;0;1.0000;0;0
600;2015-02-01 14:00:00;172602N232;920;4.604;26;222;222;224;220;1.410;50.03;434.2;1.434;468.7;0.624;0.0;0.000;60;0;0;1.360;1.453;1.417;294;320;304;50.03;50.03;50.03;9803;1000;0.0;0;1.0000;0;0
600;2015-02-01 14:10:00;172602N232;840;4.745;26;221;222;221;220;1.301;50.03;438.9;1.260;467.2;0.597;0.0;0.000;60;0;0;1.259;1.332;1.312;269;288;280;50.03;50.03;50.03;9803;1000;0.0;0;1.0000;0;0
600;2015-02-01 14:20:00;172602N232;584;4.842;26;221;222;220;220;0.989;50.03;435.6;0.691;438.4;0.625;0.0;0.000;60;0;0;0.998;0.971;0.998;189;196;196;50.03;50.03;50.03;9803;1000;0.0;0;1.0000;0;0
600;2015-02-01 14:30:00;172602N232;672;4.954;26;221;221;220;220;1.161;50.01;441.7;0.837;446.8;0.654;0.0;0.000;60;0;0;1.187;1.125;1.171;220;224;225;50.01;50.01;50.01;9803;1000;0.0;0;1.0000;0;0
600;2015-02-01 14:40:00;172602N232;436;5.027;26;220;220;221;219;0.700;50.00;435.1;0.504;433.6;0.475;0.0;0.000;60;0;0;0.652;0.732;0.718;133;153;148;50.00;50.00;50.00;9803;1000;0.0;0;1.0000;0;0
600;2015-02-01 14:50:00;172602N232;366;5.088;26;220;220;221;218;1.222;50.00;436.7;0.403;429.4;0.413;0.0;0.000;60;0;0;1.222;1.323;1.123;88;131;145;50.00;50.00;50.00;9803;1000;0.0;0;1.0000;0;0
600;2015-02-01 15:00:00;172602N232;326;5.143;26;219;221;220;217;1.143;50.01;421.3;0.370;432.5;0.364;0.0;0.000;60;0;0;1.289;1.100;1.042;81;125;118;50.01;50.01;50.01;9803;1000;0.0;0;1.0000;0;0
600;2015-02-01 15:10:00;172602N232;396;5.208;25;220;222;221;217;1.107;50.00;462.8;0.378;415.8;0.506;0.0;0.000;60;0;0;1.200;1.121;1.002;116;149;129;50.00;50.00;50.00;9803;1000;0.0;0;1.0000;0;0
600;2015-02-01 15:20:00;172602N232;465;5.287;25;220;221;222;218;0.930;50.01;463.1;0.428;450.0;0.566;0.0;0.000;60;0;0;0.917;0.977;0.897;146;167;149;50.01;50.01;50.01;9803;1000;0.0;0;1.0000;0;0
600;2015-02-01 15:30:00;172602N232;448;5.360;25;220;221;222;219;0.885;50.00;445.6;0.428;447.6;0.550;0.0;0.000;60;0;0;0.896;0.921;0.840;139;160;147;50.00;50.00;50.00;9803;1000;0.0;0;1.0000;0;0
600;2015-02-01 15:40:00;172602N232;348;5.420;25;220;221;220;219;1.169;50.02;433.2;0.324;397.1;0.497;0.0;0.000;60;0;0;1.250;1.156;1.103;90;126;129;50.02;50.02;50.02;9803;1000;0.0;0;1.0000;0;0
600;2015-02-01 15:50:00;172602N232;234;5.458;25;220;220;221;218;1.080;50.02;420.9;0.208;423.9;0.313;0.0;0.000;60;0;0;1.211;1.174;0.856;46;93;93;50.02;50.02;50.02;9803;1000;0.0;0;1.0000;0;0
600;2015-02-01 16:00:00;172602N232;121;5.478;25;220;221;221;217;0.965;50.01;402.5;0.124;414.3;0.137;0.0;0.000;60;0;0;1.400;0.804;0.691;1;62;64;50.01;50.01;50.01;9803;1000;0.0;0;1.0000;0;0
600;2015-02-01 16:10:00;172602N232;79;5.492;24;219;220;220;218;0.910;50.03;393.6;0.081;404.6;0.083;0.0;0.000;60;0;0;1.330;0.721;0.679;0;44;49;50.03;50.03;50.03;9803;1000;0.0;0;1.0000;0;0
600;2015-02-01 16:20:00;172602N232;45;5.499;24;218;218;220;218;0.668;50.02;370.6;0.039;385.4;0.041;0.0;0.000;60;0;0;0.690;0.848;0.468;14;10;32;50.02;50.02;50.02;9803;1000;0.0;0;1.0000;0;0
600;2015-02-01 16:30:00;172602N232;18;5.504;24;219;220;220;216;0.373;50.00;305.3;0.012;311.9;0.015;0.0;0.000;60;0;0;0.414;0.435;0.271;6;8;18;50.00;50.00;50.00;9803;1000;0.0;0;1.0000;0;0
600;2015-02-01 16:40:00;172602N232;0;5.503;23;222;224;223;217;0.014;50.04;247.6;0.000;247.7;0.000;0.0;0.000;50;0;0;0.043;0.000;0.000;0;0;0;50.04;50.04;50.04;9803;1000;0.0;0;1.0000;0;0
600;2015-02-01 16:50:00;172602N232;0;5.503;22;222;223;224;219;0.000;50.01;227.2;0.000;228.1;0.000;0.0;0.000;50;0;0;0.000;0.000;0.000;0;0;0;50.01;50.01;50.01;9803;1000;0.0;0;1.0000;0;0
[wr_ende]
