20121110;230002;172602N232;My Plant;+0100
[wr_def_start]
172602N232;Inverter Type;Inverter Group;72602N232      
[wr_def_end]
[wr]
INTERVAL;TIMESTAMP;SERIAL;P_AC;E_DAY;T_WR;U_AC;U_AC_1;U_AC_2;U_AC_3;I_AC;F_AC;U_DC_1;I_DC_1;U_DC_2;I_DC_2;U_DC_3;I_DC_3;S;E_WR;M_WR;I_AC_1;I_AC_2;I_AC_3;P_AC_1;P_AC_2;P_AC_3;F_AC_1;F_AC_2;F_AC_3;R_DC;PC;PCS;PCS_LL;COS_PHI;COS_PHI_LL;S_COS_PHI
600;2012-11-10 07:30:00;172602N232;0;0.000;0;3;3;3;3;0.000;0.83;3.5;0.000;3.5;0.000;0.0;0.000;50;0;0;0.000;0.000;0.000;0;0;0;0.83;0.83;0.83;38;1000;0.0;0;1.0000;0;0
600;2012-11-10 07:40:00;172602N232;0;0.000;19;222;223;224;219;0.000;49.99;229.6;0.000;230.5;0.000;0.0;0.000;50;0;0;0.000;0.000;0.000;0;0;0;49.99;49.99;49.99;0;1000;0.0;0;1.0000;0;0
600;2012-11-10 07:50:00;172602N232;0;0.000;20;222;223;224;219;0.000;49.98;260.8;0.000;261.0;0.000;0.0;0.000;50;0;0;0.000;0.000;0.000;0;0;0;49.98;49.98;49.98;0;1000;0.0;0;1.0000;0;0
600;2012-11-10 08:00:00;172602N232;0;0.000;21;221;222;223;220;0.050;50.01;281.9;0.000;281.0;0.000;0.0;0.000;60;0;0;0.060;0.055;0.036;0;0;1;50.01;50.01;50.01;5645;1000;0.0;0;1.0000;0;0
600;2012-11-10 08:10:00;172602N232;8;0.003;21;222;223;222;220;0.237;50.02;262.7;0.001;270.9;0.002;0.0;0.000;60;0;0;0.332;0.203;0.177;0;9;10;50.02;50.02;50.02;5887;1000;0.0;0;1.0000;0;0
600;2012-11-10 08:20:00;172602N232;15;0.008;22;221;222;221;221;0.339;49.98;290.6;0.007;300.5;0.009;0.0;0.000;60;0;0;0.428;0.286;0.305;0;18;14;49.98;49.98;49.98;5887;1000;0.0;0;1.0000;0;0
600;2012-11-10 08:30:00;172602N232;47;0.017;22;220;221;221;218;0.597;49.97;344.2;0.045;353.3;0.045;0.0;0.000;60;0;0;0.779;0.603;0.409;2;20;31;49.97;49.97;49.97;5887;1000;0.0;0;1.0000;0;0
600;2012-11-10 08:40:00;172602N232;63;0.027;23;220;221;222;218;0.756;49.98;368.2;0.066;379.7;0.065;0.0;0.000;60;0;0;0.825;0.880;0.563;4;14;44;49.98;49.98;49.98;5887;1000;0.0;0;1.0000;0;0
600;2012-11-10 08:50:00;172602N232;88;0.041;23;222;223;223;220;0.883;49.97;385.6;0.098;391.2;0.093;0.0;0.000;60;0;0;1.083;0.873;0.694;4;34;50;49.97;49.97;49.97;5887;1000;0.0;0;1.0000;0;0
600;2012-11-10 09:00:00;172602N232;176;0.069;24;226;227;226;225;1.047;49.98;408.7;0.202;410.6;0.192;0.0;0.000;60;0;0;1.336;1.022;0.783;16;94;66;49.98;49.98;49.98;5887;1000;0.0;0;1.0000;0;0
600;2012-11-10 09:10:00;172602N232;253;0.109;24;224;225;224;223;1.112;50.01;416.0;0.297;416.8;0.277;0.0;0.000;60;0;0;1.298;1.149;0.891;58;110;83;50.01;50.01;50.01;5887;1000;0.0;0;1.0000;0;0
600;2012-11-10 09:20:00;172602N232;222;0.145;25;223;223;223;222;1.055;49.98;412.6;0.258;410.9;0.247;0.0;0.000;60;0;0;1.275;1.008;0.882;48;98;74;49.98;49.98;49.98;5887;1000;0.0;0;1.0000;0;0
600;2012-11-10 09:30:00;172602N232;421;0.215;26;222;221;223;222;0.986;49.98;422.2;0.509;424.3;0.461;0.0;0.000;60;0;0;0.972;1.035;0.952;125;150;145;49.98;49.98;49.98;5887;1000;0.0;0;1.0000;0;0
600;2012-11-10 09:40:00;172602N232;539;0.307;26;221;221;222;220;0.915;49.97;424.0;0.652;426.9;0.594;0.0;0.000;60;0;0;0.882;0.933;0.930;168;187;181;49.97;49.97;49.97;5887;1000;0.0;0;1.0000;0;0
600;2012-11-10 09:50:00;172602N232;595;0.406;27;221;220;223;219;0.949;49.98;425.5;0.722;426.9;0.657;0.0;0.000;60;0;0;0.893;0.994;0.962;185;209;199;49.98;49.98;49.98;5887;1000;0.0;0;1.0000;0;0
600;2012-11-10 10:00:00;172602N232;675;0.518;27;221;220;223;220;1.112;49.97;427.9;0.825;429.6;0.732;0.0;0.000;60;0;0;1.074;1.154;1.108;210;237;226;49.97;49.97;49.97;5887;1000;0.0;0;1.0000;0;0
600;2012-11-10 10:10:00;172602N232;614;0.621;28;220;219;221;220;1.086;49.97;423.8;0.744;425.2;0.682;0.0;0.000;60;0;0;1.058;1.108;1.092;192;213;207;49.97;49.97;49.97;5887;1000;0.0;0;1.0000;0;0
600;2012-11-10 10:20:00;172602N232;556;0.713;29;220;219;223;219;1.078;49.99;423.5;0.663;421.5;0.634;0.0;0.000;60;0;0;0.951;1.175;1.110;172;200;182;49.99;49.99;49.99;5887;1000;0.0;0;1.0000;0;0
600;2012-11-10 10:30:00;172602N232;284;0.762;29;220;220;222;218;0.938;49.97;410.1;0.336;407.7;0.325;0.0;0.000;60;0;0;0.980;1.107;0.729;88;91;103;49.97;49.97;49.97;5887;1000;0.0;0;1.0000;0;0
600;2012-11-10 10:40:00;172602N232;270;0.806;29;221;220;222;219;1.108;49.97;410.2;0.321;410.7;0.303;0.0;0.000;60;0;0;1.189;1.220;0.915;79;91;97;49.97;49.97;49.97;5887;1000;0.0;0;1.0000;0;0
600;2012-11-10 10:50:00;172602N232;429;0.878;29;221;221;223;220;1.130;49.99;417.5;0.514;419.7;0.482;0.0;0.000;60;0;0;1.146;1.198;1.047;131;147;149;49.99;49.99;49.99;5887;1000;0.0;0;1.0000;0;0
600;2012-11-10 11:00:00;172602N232;511;0.964;30;222;223;222;221;1.169;49.98;425.9;0.600;421.6;0.581;0.0;0.000;60;0;0;1.222;1.170;1.115;164;179;166;49.98;49.98;49.98;5887;1000;0.0;0;1.0000;0;0
600;2012-11-10 11:10:00;172602N232;660;1.074;30;221;222;222;220;1.219;49.99;430.0;0.774;424.8;0.753;0.0;0.000;60;0;0;1.268;1.189;1.202;214;223;221;49.99;49.99;49.99;5887;1000;0.0;0;1.0000;0;0
600;2012-11-10 11:20:00;172602N232;281;1.120;30;221;221;223;218;1.087;49.98;411.4;0.331;408.3;0.319;0.0;0.000;60;0;0;1.136;1.218;0.908;73;98;109;49.98;49.98;49.98;5887;1000;0.0;0;1.0000;0;0
600;2012-11-10 11:30:00;172602N232;204;1.154;30;221;222;221;220;1.029;49.98;402.9;0.236;401.6;0.233;0.0;0.000;60;0;0;1.340;0.920;0.829;37;89;77;49.98;49.98;49.98;5887;1000;0.0;0;1.0000;0;0
600;2012-11-10 11:40:00;172602N232;168;1.183;30;221;222;221;220;0.964;49.98;401.4;0.195;400.1;0.188;0.0;0.000;60;0;0;1.117;0.951;0.825;21;72;73;49.98;49.98;49.98;5887;1000;0.0;0;1.0000;0;0
600;2012-11-10 11:50:00;172602N232;127;1.205;30;222;221;223;221;0.955;49.99;395.4;0.145;394.6;0.142;0.0;0.000;60;0;0;1.058;1.052;0.756;23;41;62;49.99;49.99;49.99;5887;1000;0.0;0;1.0000;0;0
600;2012-11-10 12:00:00;172602N232;100;1.221;30;221;220;223;221;0.910;49.99;388.9;0.112;387.0;0.111;0.0;0.000;60;0;0;0.729;1.271;0.732;39;7;57;49.99;49.99;49.99;5887;1000;0.0;0;1.0000;0;0
600;2012-11-10 12:10:00;172602N232;189;1.252;30;221;221;221;220;0.966;50.00;405.3;0.219;403.3;0.212;0.0;0.000;60;0;0;1.139;0.973;0.786;42;71;74;50.00;50.00;50.00;5887;1000;0.0;0;1.0000;0;0
600;2012-11-10 12:20:00;172602N232;208;1.287;30;221;223;222;219;0.995;50.01;407.8;0.242;405.5;0.236;0.0;0.000;60;0;0;1.247;0.828;0.910;31;73;101;50.01;50.01;50.01;5887;1000;0.0;0;1.0000;0;0
600;2012-11-10 12:30:00;172602N232;168;1.316;30;221;223;222;218;0.989;49.99;401.6;0.196;400.5;0.189;0.0;0.000;60;0;0;1.344;0.803;0.822;14;67;86;49.99;49.99;49.99;5887;1000;0.0;0;1.0000;0;0
600;2012-11-10 12:40:00;172602N232;120;1.336;30;221;222;222;219;0.967;49.99;391.4;0.138;391.9;0.134;0.0;0.000;60;0;0;1.289;0.886;0.728;5;50;67;49.99;49.99;49.99;5887;1000;0.0;0;1.0000;0;0
600;2012-11-10 12:50:00;172602N232;136;1.359;30;221;222;222;220;1.003;49.99;395.6;0.157;396.0;0.153;0.0;0.000;60;0;0;1.296;0.960;0.755;10;64;62;49.99;49.99;49.99;5887;1000;0.0;0;1.0000;0;0
600;2012-11-10 13:00:00;172602N232;123;1.379;30;220;222;221;218;0.984;49.98;395.3;0.140;393.1;0.137;0.0;0.000;60;0;0;1.479;0.748;0.725;2;65;63;49.98;49.98;49.98;5887;1000;0.0;0;1.0000;0;0
600;2012-11-10 13:10:00;172602N232;116;1.399;30;221;223;221;219;0.965;49.98;392.4;0.133;391.5;0.129;0.0;0.000;60;0;0;1.364;0.804;0.729;4;59;60;49.98;49.98;49.98;5887;1000;0.0;0;1.0000;0;0
600;2012-11-10 13:20:00;172602N232;141;1.423;30;221;224;219;219;1.117;50.00;399.3;0.163;397.9;0.157;0.0;0.000;60;0;0;1.722;0.869;0.761;0;96;63;50.00;50.00;50.00;5887;1000;0.0;0;1.0000;0;0
600;2012-11-10 13:30:00;172602N232;161;1.450;30;221;224;220;220;1.081;49.98;402.7;0.185;400.7;0.180;0.0;0.000;60;0;0;1.584;0.833;0.826;7;89;78;49.98;49.98;49.98;5887;1000;0.0;0;1.0000;0;0
600;2012-11-10 13:40:00;172602N232;72;1.463;30;221;224;221;220;0.797;49.99;372.3;0.078;375.2;0.077;0.0;0.000;60;0;0;1.235;0.586;0.572;0;51;45;49.99;49.99;49.99;5887;1000;0.0;0;1.0000;0;0
600;2012-11-10 13:50:00;172602N232;76;1.475;29;221;223;220;219;0.874;50.00;375.9;0.084;379.2;0.082;0.0;0.000;60;0;0;1.322;0.640;0.660;0;49;50;50.00;50.00;50.00;5887;1000;0.0;0;1.0000;0;0
600;2012-11-10 14:00:00;172602N232;100;1.493;29;221;222;221;218;0.944;49.98;389.4;0.113;388.4;0.110;0.0;0.000;60;0;0;1.390;0.742;0.700;2;53;55;49.98;49.98;49.98;5887;1000;0.0;0;1.0000;0;0
600;2012-11-10 14:10:00;172602N232;69;1.504;29;221;224;223;218;0.800;49.98;374.2;0.075;375.8;0.073;0.0;0.000;60;0;0;1.147;0.673;0.582;0;41;48;49.98;49.98;49.98;5887;1000;0.0;0;1.0000;0;0
600;2012-11-10 14:20:00;172602N232;72;1.517;29;221;221;223;219;0.797;49.99;376.2;0.078;378.5;0.077;0.0;0.000;60;0;0;0.811;0.976;0.606;14;13;48;49.99;49.99;49.99;5887;1000;0.0;0;1.0000;0;0
600;2012-11-10 14:30:00;172602N232;76;1.529;29;222;222;223;221;0.832;49.99;379.7;0.084;381.5;0.082;0.0;0.000;60;0;0;0.910;0.922;0.664;9;23;45;49.99;49.99;49.99;5887;1000;0.0;0;1.0000;0;0
600;2012-11-10 14:40:00;172602N232;80;1.543;29;222;223;223;220;0.880;49.98;378.7;0.089;382.0;0.088;0.0;0.000;60;0;0;1.168;0.794;0.678;1;38;49;49.98;49.98;49.98;5887;1000;0.0;0;1.0000;0;0
600;2012-11-10 14:50:00;172602N232;77;1.556;29;222;222;223;221;0.849;49.98;377.0;0.086;381.7;0.084;0.0;0.000;60;0;0;0.989;0.902;0.657;9;26;48;49.98;49.98;49.98;5887;1000;0.0;0;1.0000;0;0
600;2012-11-10 15:00:00;172602N232;57;1.566;29;223;224;224;221;0.744;49.99;359.6;0.060;363.9;0.060;0.0;0.000;60;0;0;0.985;0.697;0.551;1;28;40;49.99;49.99;49.99;5887;1000;0.0;0;1.0000;0;0
600;2012-11-10 15:10:00;172602N232;34;1.572;29;223;224;223;221;0.523;49.99;336.5;0.029;346.0;0.030;0.0;0.000;60;0;0;0.696;0.473;0.401;0;24;27;49.99;49.99;49.99;5887;1000;0.0;0;1.0000;0;0
600;2012-11-10 15:20:00;172602N232;21;1.576;29;222;223;223;221;0.382;50.00;300.8;0.016;309.5;0.017;0.0;0.000;60;0;0;0.536;0.342;0.269;1;16;17;50.00;50.00;50.00;5887;1000;0.0;0;1.0000;0;0
600;2012-11-10 15:30:00;172602N232;13;1.579;29;222;224;223;220;0.336;49.98;275.5;0.007;278.5;0.009;0.0;0.000;60;0;0;0.494;0.270;0.244;0;16;14;49.98;49.98;49.98;5887;1000;0.0;0;1.0000;0;0
600;2012-11-10 15:40:00;172602N232;2;1.579;29;222;223;224;221;0.069;49.97;269.4;0.000;268.5;0.001;0.0;0.000;51;0;0;0.087;0.070;0.051;0;1;2;49.97;49.97;49.97;5806;1000;0.0;0;1.0000;0;0
600;2012-11-10 15:50:00;172602N232;0;1.579;27;222;223;224;217;0.000;49.97;332.3;0.000;328.6;0.000;0.0;0.000;51;0;0;0.000;0.000;0.000;0;0;0;49.97;49.97;49.97;4849;1000;0.0;0;1.0000;0;0
600;2012-11-10 16:00:00;172602N232;0;1.579;26;223;225;226;217;0.000;50.00;269.6;0.000;269.3;0.000;0.0;0.000;51;0;0;0.000;0.000;0.000;0;0;0;49.99;50.00;50.00;4849;1000;0.0;0;1.0000;0;0
600;2012-11-10 16:10:00;172602N232;0;1.579;26;222;224;225;218;0.000;49.98;232.0;0.000;233.0;0.000;0.0;0.000;51;0;0;0.000;0.000;0.000;0;0;0;49.98;49.98;49.98;4849;1000;0.0;0;1.0000;0;0
600;2012-11-10 16:20:00;172602N232;0;1.579;26;221;222;224;217;0.000;49.97;228.8;0.000;229.7;0.000;0.0;0.000;51;0;0;0.000;0.000;0.000;0;0;0;49.97;49.97;49.97;4849;1000;0.0;0;1.0000;0;0
600;2012-11-10 16:30:00;172602N232;0;1.579;25;220;221;223;217;0.000;49.96;227.4;0.000;228.4;0.000;0.0;0.000;51;0;0;0.000;0.000;0.000;0;0;0;49.96;49.96;49.96;4849;1000;0.0;0;1.0000;0;0
[wr_ende]
