20170427;230001;172602N232;My Plant;+0100
[wr_def_start]
172602N232;Inverter Type;Inverter Group;72602N232      
[wr_def_end]
[wr]
INTERVAL;TIMESTAMP;SERIAL;P_AC;E_DAY;T_WR;U_AC;U_AC_1;U_AC_2;U_AC_3;I_AC;F_AC;U_DC_1;I_DC_1;U_DC_2;I_DC_2;U_DC_3;I_DC_3;S;E_WR;M_WR;I_AC_1;I_AC_2;I_AC_3;P_AC_1;P_AC_2;P_AC_3;F_AC_1;F_AC_2;F_AC_3;R_DC;PC;PCS;PCS_LL;COS_PHI;COS_PHI_LL;S_COS_PHI
600;2017-04-27 04:30:00;172602N232;0;0.000;0;2;2;2;2;0.000;0.46;2.0;0.000;2.0;0.000;0.0;0.000;50;0;0;0.000;0.000;0.000;0;0;0;0.46;0.46;0.46;47;1000;0.0;0;1.0000;0;0
600;2017-04-27 04:40:00;172602N232;0;0.000;16;226;226;228;222;0.000;49.99;226.9;0.000;227.9;0.000;0.0;0.000;50;0;0;0.000;0.000;0.000;0;0;0;49.99;49.99;49.99;0;1000;0.0;0;1.0000;0;0
600;2017-04-27 04:50:00;172602N232;0;0.000;18;225;226;228;222;0.000;49.99;230.3;0.000;231.3;0.000;0.0;0.000;50;0;0;0.000;0.000;0.000;0;0;0;49.99;49.99;49.99;0;1000;0.0;0;1.0000;0;0
600;2017-04-27 05:00:00;172602N232;0;0.000;18;226;226;228;222;0.001;49.99;273.7;0.000;273.7;0.000;0.0;0.000;60;0;0;0.002;0.001;0.001;0;0;0;49.99;49.99;49.99;1093;1000;0.0;0;1.0000;0;0
600;2017-04-27 05:10:00;172602N232;2;0.000;19;224;224;225;223;0.081;50.01;273.9;0.000;274.6;0.000;0.0;0.000;60;0;0;0.103;0.082;0.060;0;3;2;50.01;50.01;50.01;5464;1000;0.0;0;1.0000;0;0
600;2017-04-27 05:20:00;172602N232;22;0.003;19;224;224;225;223;0.419;49.99;336.2;0.010;331.7;0.013;0.0;0.000;60;0;0;0.444;0.527;0.287;8;1;18;49.99;49.99;49.99;5517;1000;0.0;0;1.0000;0;0
600;2017-04-27 05:30:00;172602N232;45;0.012;20;222;224;224;219;0.598;49.99;384.6;0.034;395.1;0.034;0.0;0.000;60;0;0;0.781;0.571;0.442;2;25;31;49.99;49.99;49.99;5517;1000;0.0;0;1.0000;0;0
600;2017-04-27 05:40:00;172602N232;63;0.028;20;222;227;226;214;0.696;49.99;403.7;0.054;407.4;0.054;0.0;0.000;60;0;0;0.964;0.574;0.550;0;44;48;49.99;49.99;49.99;5517;1000;0.0;0;1.0000;0;0
600;2017-04-27 05:50:00;172602N232;79;0.045;20;222;226;226;215;0.937;50.00;413.4;0.075;414.1;0.073;0.0;0.000;60;0;0;1.408;0.717;0.688;0;44;56;50.00;50.00;50.00;5517;1000;0.0;0;1.0000;0;0
600;2017-04-27 06:00:00;172602N232;101;0.064;21;222;225;225;215;1.016;49.99;421.4;0.100;421.0;0.096;0.0;0.000;60;0;0;1.497;0.795;0.756;0;50;63;49.99;49.99;49.99;5517;1000;0.0;0;1.0000;0;0
600;2017-04-27 06:10:00;172602N232;124;0.080;21;222;222;223;222;0.931;49.98;428.9;0.127;426.7;0.121;0.0;0.000;60;0;0;1.101;0.916;0.778;28;46;48;49.98;49.98;49.98;5517;1000;0.0;0;1.0000;0;0
600;2017-04-27 06:20:00;172602N232;144;0.096;22;221;221;222;222;0.903;50.02;432.0;0.152;432.4;0.139;0.0;0.000;60;0;0;0.993;0.881;0.836;44;55;43;50.02;50.02;50.02;5517;1000;0.0;0;1.0000;0;0
600;2017-04-27 06:30:00;172602N232;160;0.124;22;221;222;221;220;0.977;50.00;433.1;0.173;436.7;0.154;0.0;0.000;60;0;0;1.298;0.842;0.792;24;81;55;50.00;50.00;50.00;5517;1000;0.0;0;1.0000;0;0
600;2017-04-27 06:40:00;172602N232;177;0.154;22;221;220;222;221;0.983;50.00;434.5;0.193;437.1;0.169;0.0;0.000;60;0;0;1.097;1.027;0.826;57;64;54;50.00;50.00;50.00;5517;1000;0.0;0;1.0000;0;0
600;2017-04-27 06:50:00;172602N232;224;0.191;22;222;221;223;222;1.014;49.99;439.8;0.245;442.4;0.220;0.0;0.000;60;0;0;1.050;1.131;0.862;83;64;75;49.99;49.99;49.99;5517;1000;0.0;0;1.0000;0;0
600;2017-04-27 07:00:00;172602N232;450;0.266;23;222;221;221;222;0.770;49.97;453.1;0.526;453.0;0.434;0.0;0.000;60;0;0;0.725;0.804;0.783;137;158;153;49.97;49.97;49.97;5517;1000;0.0;0;1.0000;0;0
600;2017-04-27 07:10:00;172602N232;259;0.309;23;222;222;221;223;1.057;49.99;446.4;0.298;423.5;0.258;0.0;0.000;60;0;0;1.050;1.103;1.020;80;107;71;49.99;49.99;49.99;5517;1000;0.0;0;1.0000;0;0
600;2017-04-27 07:20:00;172602N232;324;0.364;24;222;221;223;222;1.024;50.03;450.9;0.376;423.2;0.326;0.0;0.000;60;0;0;0.938;1.162;0.972;102;107;114;50.03;50.03;50.03;5517;1000;0.0;0;1.0000;0;0
600;2017-04-27 07:30:00;172602N232;288;0.412;24;223;222;225;221;1.145;50.01;448.9;0.330;417.8;0.295;0.0;0.000;60;0;0;1.165;1.320;0.950;87;94;104;50.01;50.01;50.01;5517;1000;0.0;0;1.0000;0;0
600;2017-04-27 07:40:00;172602N232;335;0.468;24;221;225;226;212;1.094;49.99;467.3;0.378;420.1;0.336;0.0;0.000;60;0;0;1.194;1.155;0.933;102;122;109;49.99;49.99;49.99;5517;1000;0.0;0;1.0000;0;0
600;2017-04-27 07:50:00;172602N232;380;0.532;24;221;225;226;213;1.116;49.99;469.8;0.441;437.3;0.356;0.0;0.000;60;0;0;1.167;1.161;1.021;111;142;125;49.99;49.99;49.99;5517;1000;0.0;0;1.0000;0;0
600;2017-04-27 08:00:00;172602N232;402;0.599;24;221;225;226;213;1.094;49.99;478.5;0.462;446.0;0.364;0.0;0.000;60;0;0;1.096;1.167;1.020;123;150;127;49.99;49.99;49.99;5517;1000;0.0;0;1.0000;0;0
600;2017-04-27 08:10:00;172602N232;444;0.672;25;221;225;226;213;1.247;50.00;435.1;0.652;431.3;0.376;0.0;0.000;60;0;0;1.377;1.250;1.116;138;153;150;50.00;50.00;50.00;5517;1000;0.0;0;1.0000;0;0
600;2017-04-27 08:20:00;172602N232;959;0.833;25;222;225;227;214;1.574;49.98;373.0;2.052;439.4;0.423;0.0;0.000;60;0;0;1.636;1.615;1.472;316;344;297;49.98;49.98;49.98;5517;1000;0.0;0;1.0000;0;0
600;2017-04-27 08:30:00;172602N232;1307;1.051;25;222;225;227;216;2.012;50.00;433.2;2.507;436.4;0.516;0.0;0.000;60;0;0;1.987;2.099;1.950;430;464;410;50.00;50.00;50.00;5517;1000;0.0;0;1.0000;0;0
600;2017-04-27 08:40:00;172602N232;1723;1.338;26;224;223;227;221;2.587;50.00;436.2;3.062;292.0;1.382;0.0;0.000;60;0;0;2.529;2.660;2.572;560;597;564;50.01;50.01;50.01;5517;1000;0.0;0;1.0000;0;0
600;2017-04-27 08:50:00;172602N232;1572;1.601;26;223;222;226;222;2.375;50.00;425.3;2.592;378.7;1.273;0.0;0.000;60;0;0;2.311;2.437;2.377;507;543;521;50.00;50.00;50.00;5517;1000;0.0;0;1.0000;0;0
600;2017-04-27 09:00:00;172602N232;2327;1.988;27;224;224;228;222;3.478;50.01;424.0;3.795;321.5;2.326;0.0;0.000;60;0;0;3.411;3.563;3.462;757;805;763;50.01;50.01;50.01;5517;1000;0.0;0;1.0000;0;0
600;2017-04-27 09:10:00;172602N232;2244;2.362;28;224;223;226;222;3.367;50.02;417.7;3.394;333.8;2.658;0.0;0.000;60;0;0;3.308;3.438;3.355;731;773;739;50.02;50.02;50.02;5517;1000;0.0;0;1.0000;0;0
600;2017-04-27 09:20:00;172602N232;2986;2.860;29;225;224;229;223;4.427;50.00;416.8;4.421;349.2;3.401;0.0;0.000;60;0;0;4.357;4.524;4.400;974;1030;978;50.00;50.00;50.00;5517;1000;0.0;0;1.0000;0;0
600;2017-04-27 09:30:00;172602N232;2525;3.281;32;224;223;227;223;3.771;50.00;408.1;3.593;377.9;2.985;0.0;0.000;60;0;0;3.686;3.872;3.755;816;877;831;50.00;50.00;50.00;5517;1000;0.0;0;1.0000;0;0
600;2017-04-27 09:40:00;172602N232;628;3.385;29;222;222;223;221;0.988;50.00;408.8;0.768;414.3;0.735;0.0;0.000;60;0;0;0.934;1.027;1.003;195;219;212;50.00;50.00;50.00;5517;1000;0.0;0;1.0000;0;0
600;2017-04-27 09:50:00;172602N232;1564;3.648;29;223;221;225;222;2.373;50.01;434.6;1.822;440.4;1.756;0.0;0.000;60;0;0;2.308;2.431;2.382;504;538;520;50.01;50.01;50.01;5517;1000;0.0;0;1.0000;0;0
600;2017-04-27 10:00:00;172602N232;1596;3.913;30;223;222;225;222;2.409;50.02;439.2;1.851;441.9;1.777;0.0;0.000;60;0;0;2.345;2.465;2.417;515;549;531;50.02;50.02;50.02;5517;1000;0.0;0;1.0000;0;0
600;2017-04-27 10:10:00;172602N232;1434;4.153;30;223;222;225;222;2.170;50.00;440.2;1.638;438.8;1.625;0.0;0.000;60;0;0;2.106;2.225;2.181;461;493;478;50.00;50.00;50.00;5517;1000;0.0;0;1.0000;0;0
600;2017-04-27 10:20:00;172602N232;1249;4.361;30;222;221;225;221;1.950;49.98;438.9;1.437;439.6;1.399;0.0;0.000;60;0;0;1.894;2.010;1.948;401;430;415;49.98;49.98;49.98;5517;1000;0.0;0;1.0000;0;0
600;2017-04-27 10:30:00;172602N232;3700;4.977;30;225;223;228;223;5.484;50.00;425.7;4.552;434.6;4.194;0.0;0.000;60;0;0;5.397;5.620;5.435;1205;1283;1210;50.00;50.00;50.00;5517;1000;0.0;0;1.0000;0;0
600;2017-04-27 10:40:00;172602N232;1975;5.306;30;223;222;225;221;2.970;49.99;421.7;2.430;433.7;2.215;0.0;0.000;60;0;0;2.903;3.044;2.964;640;681;652;49.99;49.99;49.99;5517;1000;0.0;0;1.0000;0;0
600;2017-04-27 10:50:00;172602N232;2509;5.725;31;224;223;227;222;3.745;50.00;422.8;3.060;436.5;2.827;0.0;0.000;60;0;0;3.681;3.818;3.738;818;861;827;50.00;50.00;50.00;5517;1000;0.0;0;1.0000;0;0
600;2017-04-27 11:00:00;172602N232;3357;6.285;31;225;224;227;223;4.987;50.01;417.1;4.126;428.6;3.929;0.0;0.000;60;0;0;4.914;5.093;4.954;1098;1155;1101;50.01;50.01;50.01;5517;1000;0.0;0;1.0000;0;0
600;2017-04-27 11:10:00;172602N232;4934;7.108;38;226;225;230;224;7.269;50.00;402.2;6.241;404.9;6.179;0.0;0.000;60;0;0;7.167;7.457;7.183;1609;1717;1605;50.00;50.00;50.00;5517;1000;0.0;0;1.0000;0;0
600;2017-04-27 11:20:00;172602N232;4813;7.910;38;226;225;231;222;7.094;49.98;397.6;6.135;400.2;6.094;0.0;0.000;60;0;0;7.024;7.287;6.971;1579;1682;1550;49.98;49.98;49.98;5517;1000;0.0;0;1.0000;0;0
600;2017-04-27 11:30:00;172602N232;3866;8.554;36;225;224;228;222;5.735;50.01;404.7;4.848;410.7;4.732;0.0;0.000;60;0;0;5.684;5.866;5.656;1272;1338;1253;50.01;50.01;50.01;5517;1000;0.0;0;1.0000;0;0
600;2017-04-27 11:40:00;172602N232;2337;8.944;35;224;222;227;222;3.497;50.03;407.5;2.921;415.4;2.821;0.0;0.000;60;0;0;3.428;3.577;3.488;758;806;771;50.03;50.03;50.03;5517;1000;0.0;0;1.0000;0;0
600;2017-04-27 11:50:00;172602N232;3294;9.493;35;224;223;227;223;4.891;49.99;420.7;3.918;422.2;3.911;0.0;0.000;60;0;0;4.808;5.021;4.846;1070;1144;1077;49.99;49.99;49.99;5517;1000;0.0;0;1.0000;0;0
600;2017-04-27 12:00:00;172602N232;1556;9.753;35;223;222;225;222;2.360;49.99;413.3;1.917;417.7;1.852;0.0;0.000;60;0;0;2.304;2.413;2.365;502;536;517;49.99;49.99;49.99;5517;1000;0.0;0;1.0000;0;0
600;2017-04-27 12:10:00;172602N232;840;9.893;34;222;222;223;221;1.302;50.00;409.6;0.991;422.8;0.996;0.0;0.000;60;0;0;1.261;1.333;1.313;269;287;281;50.00;50.00;50.00;5517;1000;0.0;0;1.0000;0;0
600;2017-04-27 12:20:00;172602N232;2703;10.343;34;223;223;226;221;4.040;49.97;439.3;3.110;439.9;3.088;0.0;0.000;60;0;0;3.982;4.131;4.007;884;933;884;49.97;49.97;49.97;5517;1000;0.0;0;1.0000;0;0
600;2017-04-27 12:30:00;172602N232;3082;10.857;34;225;223;228;223;4.583;49.99;427.8;3.660;430.2;3.621;0.0;0.000;60;0;0;4.514;4.677;4.558;1005;1062;1014;49.99;49.99;49.99;5517;1000;0.0;0;1.0000;0;0
600;2017-04-27 12:40:00;172602N232;4521;11.611;36;226;225;230;223;6.664;49.98;421.2;5.431;420.8;5.402;0.0;0.000;60;0;0;6.594;6.847;6.552;1483;1576;1460;49.98;49.98;49.98;5517;1000;0.0;0;1.0000;0;0
600;2017-04-27 12:50:00;172602N232;1926;11.932;35;223;223;226;221;2.886;50.00;417.2;2.333;412.7;2.355;0.0;0.000;60;0;0;2.829;2.956;2.874;627;664;633;50.00;50.00;50.00;5517;1000;0.0;0;1.0000;0;0
600;2017-04-27 13:00:00;172602N232;1183;12.129;35;221;224;226;212;1.812;49.99;427.5;1.387;429.3;1.355;0.0;0.000;60;0;0;1.783;1.909;1.745;392;425;364;49.99;49.99;49.99;5517;1000;0.0;0;1.0000;0;0
600;2017-04-27 13:10:00;172602N232;470;12.207;34;221;225;226;212;0.874;50.01;420.5;0.537;423.2;0.542;0.0;0.000;60;0;0;0.856;0.922;0.846;147;171;150;50.01;50.01;50.01;5517;1000;0.0;0;1.0000;0;0
600;2017-04-27 13:20:00;172602N232;1625;12.478;34;222;226;227;212;2.493;49.98;434.1;1.856;438.2;1.879;0.0;0.000;60;0;0;2.494;2.604;2.383;544;581;497;49.98;49.98;49.98;5517;1000;0.0;0;1.0000;0;0
600;2017-04-27 13:30:00;172602N232;2831;12.950;34;222;222;230;214;4.254;49.99;439.9;3.211;434.0;3.290;0.0;0.000;60;0;0;4.165;4.476;4.121;919;1029;881;49.99;49.99;49.99;5517;1000;0.0;0;1.0000;0;0
600;2017-04-27 13:40:00;172602N232;2277;13.331;34;222;224;228;214;3.426;49.98;430.1;2.651;426.5;2.690;0.0;0.000;60;0;0;3.382;3.582;3.314;753;815;708;49.98;49.98;49.98;5517;1000;0.0;0;1.0000;0;0
600;2017-04-27 13:50:00;172602N232;2063;13.675;34;222;224;228;215;3.099;49.99;420.4;2.437;426.7;2.456;0.0;0.000;60;0;0;3.059;3.232;3.007;682;732;648;49.99;49.99;49.99;5517;1000;0.0;0;1.0000;0;0
600;2017-04-27 14:00:00;172602N232;2977;14.171;34;224;226;230;216;4.433;50.00;424.1;3.518;421.4;3.588;0.0;0.000;60;0;0;4.401;4.620;4.278;991;1061;923;50.00;50.00;50.00;5517;1000;0.0;0;1.0000;0;0
600;2017-04-27 14:10:00;172602N232;2995;14.670;34;224;227;230;215;4.457;49.99;424.9;3.572;419.5;3.609;0.0;0.000;60;0;0;4.448;4.663;4.260;1007;1071;914;49.99;49.99;49.99;5517;1000;0.0;0;1.0000;0;0
600;2017-04-27 14:20:00;172602N232;3484;15.251;37;225;229;231;216;5.160;49.98;413.8;4.256;410.7;4.300;0.0;0.000;60;0;0;5.185;5.372;4.925;1184;1240;1059;49.98;49.98;49.98;5517;1000;0.0;0;1.0000;0;0
600;2017-04-27 14:30:00;172602N232;4157;15.944;39;226;229;232;216;6.118;50.00;413.3;5.075;411.0;5.090;0.0;0.000;60;0;0;6.146;6.414;5.796;1411;1496;1248;50.00;50.00;50.00;5517;1000;0.0;0;1.0000;0;0
600;2017-04-27 14:40:00;172602N232;1319;16.164;35;223;226;227;218;2.019;50.00;405.2;1.613;410.6;1.625;0.0;0.000;60;0;0;2.002;2.084;1.972;435;464;418;50.00;50.00;50.00;5517;1000;0.0;0;1.0000;0;0
600;2017-04-27 14:50:00;172602N232;1442;16.404;35;224;225;227;222;2.174;49.99;428.4;1.688;428.0;1.682;0.0;0.000;60;0;0;2.138;2.226;2.159;471;498;471;49.99;49.99;49.99;5517;1000;0.0;0;1.0000;0;0
600;2017-04-27 15:00:00;172602N232;1297;16.620;35;224;224;227;223;1.966;49.99;424.7;1.521;427.7;1.524;0.0;0.000;60;0;0;1.919;2.015;1.966;418;448;429;49.99;49.99;49.99;5517;1000;0.0;0;1.0000;0;0
600;2017-04-27 15:10:00;172602N232;790;16.753;35;224;224;226;223;1.302;50.00;421.8;0.932;428.0;0.894;0.0;0.000;60;0;0;1.259;1.353;1.295;246;276;266;50.00;50.00;50.00;5517;1000;0.0;0;1.0000;0;0
600;2017-04-27 15:20:00;172602N232;968;16.913;34;223;224;224;221;1.561;50.00;432.9;1.102;430.6;1.113;0.0;0.000;60;0;0;1.561;1.586;1.537;312;334;321;50.00;50.00;50.00;5517;1000;0.0;0;1.0000;0;0
600;2017-04-27 15:30:00;172602N232;1444;17.156;34;224;224;226;222;2.171;49.99;429.2;1.676;435.6;1.666;0.0;0.000;60;0;0;2.122;2.225;2.167;469;498;476;49.99;49.99;49.99;5517;1000;0.0;0;1.0000;0;0
600;2017-04-27 15:40:00;172602N232;820;17.292;34;223;224;223;223;1.277;50.00;429.5;0.953;432.3;0.925;0.0;0.000;60;0;0;1.236;1.306;1.291;261;281;275;50.00;50.00;50.00;5517;1000;0.0;0;1.0000;0;0
600;2017-04-27 15:50:00;172602N232;635;17.397;33;223;223;224;222;1.262;49.98;426.1;0.733;429.4;0.724;0.0;0.000;60;0;0;1.283;1.285;1.218;207;219;207;49.98;49.98;49.98;5517;1000;0.0;0;1.0000;0;0
600;2017-04-27 16:00:00;172602N232;2259;17.774;33;224;223;228;222;3.370;50.00;429.7;2.608;434.4;2.655;0.0;0.000;60;0;0;3.298;3.462;3.351;732;785;740;50.00;50.00;50.00;5517;1000;0.0;0;1.0000;0;0
600;2017-04-27 16:10:00;172602N232;3359;18.335;33;225;224;228;223;4.979;50.00;419.9;3.995;428.7;4.027;0.0;0.000;60;0;0;4.916;5.085;4.938;1100;1156;1100;50.00;50.00;50.00;5517;1000;0.0;0;1.0000;0;0
600;2017-04-27 16:20:00;172602N232;2555;18.760;34;225;224;228;224;3.789;50.01;407.4;3.126;416.1;3.133;0.0;0.000;60;0;0;3.717;3.868;3.784;830;879;843;50.01;50.01;50.01;5517;1000;0.0;0;1.0000;0;0
600;2017-04-27 16:30:00;172602N232;2716;19.214;34;224;224;227;223;4.041;49.99;410.4;3.315;419.3;3.297;0.0;0.000;60;0;0;3.987;4.124;4.013;890;932;891;49.99;49.99;49.99;5517;1000;0.0;0;1.0000;0;0
600;2017-04-27 16:40:00;172602N232;2800;19.679;34;224;224;226;223;4.166;50.00;409.8;3.412;418.1;3.418;0.0;0.000;60;0;0;4.114;4.244;4.140;920;960;918;50.00;50.00;50.00;5517;1000;0.0;0;1.0000;0;0
600;2017-04-27 16:50:00;172602N232;2012;20.015;34;224;223;226;222;3.031;49.99;412.4;2.428;417.7;2.445;0.0;0.000;60;0;0;2.977;3.090;3.028;654;691;664;49.99;49.99;49.99;5517;1000;0.0;0;1.0000;0;0
600;2017-04-27 17:00:00;172602N232;2508;20.433;34;224;224;227;222;3.737;49.98;412.1;3.047;425.9;2.992;0.0;0.000;60;0;0;3.681;3.828;3.704;822;867;817;49.98;49.98;49.98;5517;1000;0.0;0;1.0000;0;0
600;2017-04-27 17:10:00;172602N232;1678;20.713;35;224;224;227;221;2.517;50.00;412.4;1.996;424.4;2.006;0.0;0.000;60;0;0;2.461;2.585;2.507;543;583;550;50.00;50.00;50.00;5517;1000;0.0;0;1.0000;0;0
600;2017-04-27 17:20:00;172602N232;892;20.862;34;223;224;225;221;1.413;50.02;408.3;1.064;421.7;1.066;0.0;0.000;60;0;0;1.399;1.442;1.400;285;308;296;50.02;50.02;50.02;5517;1000;0.0;0;1.0000;0;0
600;2017-04-27 17:30:00;172602N232;949;21.021;34;223;224;225;221;1.449;50.01;412.1;1.117;429.4;1.126;0.0;0.000;60;0;0;1.400;1.491;1.457;305;329;314;50.01;50.01;50.01;5517;1000;0.0;0;1.0000;0;0
600;2017-04-27 17:40:00;172602N232;1142;21.210;34;224;224;226;223;1.741;49.99;411.9;1.354;431.9;1.346;0.0;0.000;60;0;0;1.692;1.783;1.750;367;393;380;49.99;49.99;49.99;5517;1000;0.0;0;1.0000;0;0
600;2017-04-27 17:50:00;172602N232;864;21.354;34;223;222;224;224;1.325;49.99;422.7;0.996;426.0;1.022;0.0;0.000;60;0;0;1.263;1.363;1.351;271;298;293;49.99;49.99;49.99;5517;1000;0.0;0;1.0000;0;0
600;2017-04-27 18:00:00;172602N232;545;21.446;34;223;222;225;224;0.961;49.98;414.8;0.640;422.3;0.636;0.0;0.000;60;0;0;0.917;0.985;0.982;168;190;185;49.98;49.98;49.98;5517;1000;0.0;0;1.0000;0;0
600;2017-04-27 18:10:00;172602N232;432;21.518;33;224;223;225;223;0.926;49.98;415.1;0.502;421.0;0.499;0.0;0.000;60;0;0;0.884;0.997;0.898;133;153;143;49.98;49.98;49.98;5517;1000;0.0;0;1.0000;0;0
600;2017-04-27 18:20:00;172602N232;247;21.559;33;224;224;225;224;1.089;50.03;401.7;0.286;413.6;0.282;0.0;0.000;60;0;0;1.097;1.239;0.933;73;88;84;50.03;50.03;50.03;5517;1000;0.0;0;1.0000;0;0
600;2017-04-27 18:30:00;172602N232;174;21.588;32;224;225;224;224;0.992;50.01;397.1;0.198;409.0;0.193;0.0;0.000;60;0;0;1.252;0.878;0.846;30;74;69;50.01;50.01;50.01;5517;1000;0.0;0;1.0000;0;0
600;2017-04-27 18:40:00;172602N232;192;21.620;32;224;226;222;223;1.029;49.98;411.9;0.211;411.6;0.213;0.0;0.000;60;0;0;1.379;0.850;0.860;22;91;79;49.98;49.98;49.98;5517;1000;0.0;0;1.0000;0;0
600;2017-04-27 18:50:00;172602N232;179;21.651;31;224;225;226;222;1.101;50.00;410.0;0.198;411.1;0.197;0.0;0.000;60;0;0;1.495;1.043;0.767;34;63;83;50.00;50.00;50.00;5517;1000;0.0;0;1.0000;0;0
600;2017-04-27 19:00:00;172602N232;88;21.665;31;224;222;225;224;0.865;49.98;379.4;0.093;391.3;0.093;0.0;0.000;60;0;0;0.742;1.108;0.747;41;12;35;49.98;49.98;49.98;5517;1000;0.0;0;1.0000;0;0
600;2017-04-27 19:10:00;172602N232;49;21.674;31;224;222;223;226;0.654;50.01;365.2;0.044;373.1;0.046;0.0;0.000;60;0;0;0.494;0.597;0.873;31;24;2;50.01;50.01;50.01;5517;1000;0.0;0;1.0000;0;0
600;2017-04-27 19:20:00;172602N232;64;21.685;30;224;224;224;225;0.762;50.00;371.1;0.064;386.2;0.065;0.0;0.000;60;0;0;0.835;0.709;0.744;15;34;18;50.00;50.00;50.00;5517;1000;0.0;0;1.0000;0;0
600;2017-04-27 19:30:00;172602N232;25;21.689;30;224;225;224;224;0.440;49.99;313.2;0.016;319.2;0.020;0.0;0.000;60;0;0;0.541;0.423;0.357;2;17;18;49.99;49.99;49.99;5517;1000;0.0;0;1.0000;0;0
600;2017-04-27 19:40:00;172602N232;15;21.693;29;225;225;225;225;0.340;50.00;287.5;0.006;287.2;0.012;0.0;0.000;60;0;0;0.375;0.388;0.259;4;7;11;50.00;50.00;50.00;5517;1000;0.0;0;1.0000;0;0
600;2017-04-27 19:50:00;172602N232;3;21.692;29;225;226;224;224;0.095;49.98;255.9;0.000;255.9;0.001;0.0;0.000;60;0;0;0.117;0.094;0.075;0;3;3;49.98;49.98;49.98;5517;1000;0.0;0;1.0000;0;0
600;2017-04-27 20:00:00;172602N232;0;21.692;28;225;226;228;222;0.001;49.99;262.6;0.000;262.9;0.000;0.0;0.000;50;0;0;0.004;0.000;0.000;0;0;0;49.99;49.99;49.99;5517;1000;0.0;0;1.0000;0;0
600;2017-04-27 20:10:00;172602N232;0;21.692;27;224;223;226;223;0.000;50.00;235.5;0.000;236.4;0.000;0.0;0.000;50;0;0;0.000;0.000;0.000;0;0;0;50.00;50.00;50.00;5517;1000;0.0;0;1.0000;0;0
600;2017-04-27 20:20:00;172602N232;0;21.692;27;223;223;227;219;0.000;49.98;226.6;0.000;227.6;0.000;0.0;0.000;50;0;0;0.000;0.000;0.000;0;0;0;49.98;49.98;49.98;5517;1000;0.0;0;1.0000;0;0
[wr_ende]
