20140909;230004;172602N232;My Plant;+0100
[wr_def_start]
172602N232;Inverter Type;Inverter Group;72602N232      
[wr_def_end]
[wr]
INTERVAL;TIMESTAMP;SERIAL;P_AC;E_DAY;T_WR;U_AC;U_AC_1;U_AC_2;U_AC_3;I_AC;F_AC;U_DC_1;I_DC_1;U_DC_2;I_DC_2;U_DC_3;I_DC_3;S;E_WR;M_WR;I_AC_1;I_AC_2;I_AC_3;P_AC_1;P_AC_2;P_AC_3;F_AC_1;F_AC_2;F_AC_3;R_DC;PC;PCS;PCS_LL;COS_PHI;COS_PHI_LL;S_COS_PHI
600;2014-09-09 06:00:00;172602N232;0;0.000;0;4;4;4;4;0.000;0.94;4.1;0.000;4.2;0.000;0.0;0.000;50;0;0;0.000;0.000;0.000;0;0;0;0.94;0.94;0.94;68;1000;0.0;0;1.0000;0;0
600;2014-09-09 06:10:00;172602N232;0;0.000;22;218;219;220;214;0.000;49.99;228.9;0.000;229.8;0.000;0.0;0.000;50;0;0;0.000;0.000;0.000;0;0;0;49.99;49.99;49.99;0;1000;0.0;0;1.0000;0;0
600;2014-09-09 06:20:00;172602N232;0;0.000;24;219;220;221;215;0.000;49.98;235.7;0.000;236.6;0.000;0.0;0.000;50;0;0;0.000;0.000;0.000;0;0;0;49.98;49.98;49.98;0;1000;0.0;0;1.0000;0;0
600;2014-09-09 06:30:00;172602N232;0;0.000;25;218;218;220;215;0.025;49.99;273.7;0.000;273.5;0.000;0.0;0.000;60;0;0;0.030;0.029;0.018;0;0;0;49.99;49.99;49.99;2479;1000;0.0;0;1.0000;0;0
600;2014-09-09 06:40:00;172602N232;16;0.003;25;217;217;219;216;0.347;50.02;288.2;0.010;299.7;0.012;0.0;0.000;60;0;0;0.353;0.415;0.274;5;3;16;50.02;50.02;50.02;4231;1000;0.0;0;1.0000;0;0
600;2014-09-09 06:50:00;172602N232;50;0.012;26;218;218;221;217;0.717;50.01;361.7;0.053;364.9;0.051;0.0;0.000;60;0;0;0.591;1.025;0.535;22;0;37;50.01;50.01;50.01;4231;1000;0.0;0;1.0000;0;0
600;2014-09-09 07:00:00;172602N232;102;0.027;26;216;215;217;215;0.865;49.98;390.3;0.119;391.3;0.111;0.0;0.000;60;0;0;0.739;1.144;0.714;34;14;53;49.98;49.98;49.98;4231;1000;0.0;0;1.0000;0;0
600;2014-09-09 07:10:00;172602N232;143;0.052;27;217;217;219;216;0.862;49.98;394.8;0.170;399.6;0.159;0.0;0.000;60;0;0;0.773;1.088;0.726;32;39;70;49.98;49.98;49.98;4231;1000;0.0;0;1.0000;0;0
600;2014-09-09 07:20:00;172602N232;174;0.081;27;219;218;221;217;0.909;49.99;397.5;0.207;399.8;0.198;0.0;0.000;60;0;0;0.903;1.172;0.653;42;54;76;49.99;49.99;49.99;4231;1000;0.0;0;1.0000;0;0
600;2014-09-09 07:30:00;172602N232;226;0.119;28;219;219;220;218;1.022;49.98;405.6;0.267;403.5;0.261;0.0;0.000;60;0;0;0.958;1.212;0.896;58;78;88;49.98;49.98;49.98;4231;1000;0.0;0;1.0000;0;0
600;2014-09-09 07:40:00;172602N232;238;0.158;28;217;217;219;216;1.047;49.99;407.9;0.280;403.3;0.279;0.0;0.000;60;0;0;0.956;1.259;0.926;60;83;94;49.99;49.99;49.99;4231;1000;0.0;0;1.0000;0;0
600;2014-09-09 07:50:00;172602N232;279;0.206;28;218;217;219;217;1.057;49.99;412.7;0.324;407.1;0.328;0.0;0.000;60;0;0;1.078;1.219;0.876;87;97;92;49.99;49.99;49.99;4231;1000;0.0;0;1.0000;0;0
600;2014-09-09 08:00:00;172602N232;374;0.267;29;216;216;218;215;1.044;49.99;420.4;0.434;415.6;0.435;0.0;0.000;60;0;0;1.015;1.127;0.991;113;130;129;49.99;49.99;49.99;4231;1000;0.0;0;1.0000;0;0
600;2014-09-09 08:10:00;172602N232;570;0.363;29;217;217;219;214;1.033;49.99;425.7;0.679;427.7;0.638;0.0;0.000;60;0;0;1.089;1.027;0.984;180;197;191;49.99;49.99;49.99;4231;1000;0.0;0;1.0000;0;0
600;2014-09-09 08:20:00;172602N232;623;0.467;30;222;222;225;220;1.170;49.99;421.3;0.758;427.3;0.697;0.0;0.000;60;0;0;1.116;1.244;1.152;199;221;202;49.99;49.99;49.99;4231;1000;0.0;0;1.0000;0;0
600;2014-09-09 08:30:00;172602N232;483;0.548;30;222;222;224;220;0.879;50.00;420.7;0.630;406.2;0.516;0.0;0.000;60;0;0;0.849;0.927;0.863;149;170;162;50.00;50.00;50.00;4231;1000;0.0;0;1.0000;0;0
600;2014-09-09 08:40:00;172602N232;357;0.607;31;222;221;224;221;1.148;50.00;443.6;0.441;426.9;0.347;0.0;0.000;60;0;0;1.152;1.239;1.055;109;120;126;50.00;50.00;50.00;4231;1000;0.0;0;1.0000;0;0
600;2014-09-09 08:50:00;172602N232;404;0.675;32;223;223;225;221;0.794;50.02;438.6;0.512;410.5;0.415;0.0;0.000;60;0;0;0.751;0.845;0.788;121;144;138;50.02;50.02;50.02;4231;1000;0.0;0;1.0000;0;0
600;2014-09-09 09:00:00;172602N232;591;0.773;32;221;221;223;220;0.930;50.00;421.2;0.837;430.6;0.551;0.0;0.000;60;0;0;0.871;0.974;0.945;183;208;199;50.00;50.00;50.00;4231;1000;0.0;0;1.0000;0;0
600;2014-09-09 09:10:00;172602N232;1142;0.964;32;220;219;223;218;1.794;50.01;433.1;1.753;458.8;0.834;0.0;0.000;60;0;0;1.735;1.859;1.788;364;399;377;50.01;50.01;50.01;4231;1000;0.0;0;1.0000;0;0
600;2014-09-09 09:20:00;172602N232;801;1.098;33;220;219;222;220;1.371;50.01;424.1;1.247;349.8;0.790;0.0;0.000;60;0;0;1.314;1.430;1.369;255;280;265;50.01;50.01;50.01;4231;1000;0.0;0;1.0000;0;0
600;2014-09-09 09:30:00;172602N232;1160;1.291;33;221;219;223;220;1.900;50.01;418.2;1.726;348.3;1.281;0.0;0.000;60;0;0;1.807;1.985;1.908;369;405;384;50.01;50.01;50.01;4231;1000;0.0;0;1.0000;0;0
600;2014-09-09 09:40:00;172602N232;1938;1.614;34;222;221;225;221;2.923;49.99;416.1;2.756;336.7;2.428;0.0;0.000;60;0;0;2.862;2.986;2.922;629;667;641;49.99;49.99;49.99;4231;1000;0.0;0;1.0000;0;0
600;2014-09-09 09:50:00;172602N232;1554;1.873;34;224;224;227;223;2.338;50.00;410.6;2.071;403.6;1.805;0.0;0.000;60;0;0;2.279;2.399;2.337;502;538;513;50.00;50.00;50.00;4231;1000;0.0;0;1.0000;0;0
600;2014-09-09 10:00:00;172602N232;1984;2.204;35;224;223;227;223;2.973;50.00;413.1;2.602;392.4;2.415;0.0;0.000;60;0;0;2.896;3.055;2.970;638;687;655;50.00;50.00;50.00;4231;1000;0.0;0;1.0000;0;0
600;2014-09-09 10:10:00;172602N232;1679;2.485;35;224;222;227;222;2.532;50.00;410.3;2.160;401.3;2.050;0.0;0.000;60;0;0;2.456;2.611;2.531;537;585;555;50.00;50.00;50.00;4231;1000;0.0;0;1.0000;0;0
600;2014-09-09 10:20:00;172602N232;1669;2.763;36;224;222;227;223;2.521;49.99;413.5;2.089;411.9;1.995;0.0;0.000;60;0;0;2.439;2.604;2.520;533;583;553;49.99;49.99;49.99;4231;1000;0.0;0;1.0000;0;0
600;2014-09-09 10:30:00;172602N232;1785;3.060;36;224;223;227;222;2.696;50.01;412.8;2.227;414.0;2.130;0.0;0.000;60;0;0;2.619;2.775;2.694;573;617;590;50.01;50.01;50.01;4231;1000;0.0;0;1.0000;0;0
600;2014-09-09 10:40:00;172602N232;2618;3.494;36;225;224;228;223;3.896;49.99;409.0;3.322;403.1;3.217;0.0;0.000;60;0;0;3.841;3.982;3.866;858;900;856;49.99;49.99;49.99;4231;1000;0.0;0;1.0000;0;0
600;2014-09-09 10:50:00;172602N232;3161;4.022;38;226;224;229;224;4.680;49.99;405.0;3.981;408.5;3.895;0.0;0.000;60;0;0;4.600;4.778;4.662;1029;1088;1040;49.99;49.99;49.99;4231;1000;0.0;0;1.0000;0;0
600;2014-09-09 11:00:00;172602N232;3102;4.541;38;227;226;230;225;4.574;49.99;402.2;3.912;403.7;3.869;0.0;0.000;60;0;0;4.492;4.688;4.544;1008;1078;1016;49.99;49.99;49.99;4231;1000;0.0;0;1.0000;0;0
600;2014-09-09 11:10:00;172602N232;2708;4.991;38;226;225;228;224;4.005;49.99;404.6;3.399;405.8;3.336;0.0;0.000;60;0;0;3.935;4.093;3.989;881;933;890;49.99;49.99;49.99;4231;1000;0.0;0;1.0000;0;0
600;2014-09-09 11:20:00;172602N232;2838;5.464;39;226;225;229;224;4.204;49.99;402.0;3.598;403.9;3.548;0.0;0.000;60;0;0;4.134;4.308;4.172;924;985;930;49.99;49.99;49.99;4231;1000;0.0;0;1.0000;0;0
600;2014-09-09 11:30:00;172602N232;2182;5.828;39;225;225;228;223;3.263;49.99;403.9;2.743;404.5;2.698;0.0;0.000;60;0;0;3.204;3.329;3.258;709;754;720;49.99;49.99;49.99;4231;1000;0.0;0;1.0000;0;0
600;2014-09-09 11:40:00;172602N232;2447;6.236;39;226;225;228;223;3.620;49.99;406.2;3.058;410.1;2.996;0.0;0.000;60;0;0;3.557;3.712;3.592;797;848;799;49.99;49.99;49.99;4231;1000;0.0;0;1.0000;0;0
600;2014-09-09 11:50:00;172602N232;3029;6.742;40;226;226;229;224;4.469;49.99;403.0;3.815;404.1;3.777;0.0;0.000;60;0;0;4.410;4.570;4.428;994;1044;989;49.99;49.99;49.99;4231;1000;0.0;0;1.0000;0;0
600;2014-09-09 12:00:00;172602N232;4121;7.430;40;228;227;232;225;6.021;50.01;396.6;5.296;397.4;5.249;0.0;0.000;60;0;0;5.950;6.166;5.949;1351;1432;1338;50.01;50.01;50.01;4231;1000;0.0;0;1.0000;0;0
600;2014-09-09 12:10:00;172602N232;2190;7.793;40;226;225;229;223;3.255;50.00;397.1;2.785;396.1;2.759;0.0;0.000;60;0;0;3.198;3.337;3.230;713;760;715;50.00;50.00;50.00;4231;1000;0.0;0;1.0000;0;0
600;2014-09-09 12:20:00;172602N232;3250;8.335;41;226;226;230;223;4.799;49.98;400.8;4.126;400.4;4.088;0.0;0.000;60;0;0;4.737;4.922;4.740;1064;1129;1054;49.98;49.98;49.98;4231;1000;0.0;0;1.0000;0;0
600;2014-09-09 12:30:00;172602N232;3052;8.844;41;226;225;229;223;4.539;50.01;395.3;3.891;396.3;3.859;0.0;0.000;60;0;0;4.464;4.657;4.497;993;1061;994;50.01;50.01;50.01;4231;1000;0.0;0;1.0000;0;0
600;2014-09-09 12:40:00;172602N232;2861;9.321;41;225;224;228;223;4.239;50.00;399.5;3.633;398.4;3.609;0.0;0.000;60;0;0;4.168;4.340;4.211;933;992;935;50.00;50.00;50.00;4231;1000;0.0;0;1.0000;0;0
600;2014-09-09 12:50:00;172602N232;1942;9.645;41;224;223;226;221;2.919;49.98;408.1;2.409;403.3;2.419;0.0;0.000;60;0;0;2.856;3.004;2.899;630;676;636;49.98;49.98;49.98;4231;1000;0.0;0;1.0000;0;0
600;2014-09-09 13:00:00;172602N232;1376;9.874;41;223;223;225;221;2.085;49.99;410.9;1.682;407.1;1.685;0.0;0.000;60;0;0;2.032;2.139;2.084;444;476;454;49.99;49.99;49.99;4231;1000;0.0;0;1.0000;0;0
600;2014-09-09 13:10:00;172602N232;915;10.027;41;223;222;224;221;1.403;50.00;408.5;1.115;405.6;1.127;0.0;0.000;60;0;0;1.346;1.449;1.414;290;318;305;50.00;50.00;50.00;4231;1000;0.0;0;1.0000;0;0
600;2014-09-09 13:20:00;172602N232;1449;10.268;41;223;223;226;221;2.216;49.99;411.4;1.761;407.5;1.762;0.0;0.000;60;0;0;2.173;2.273;2.203;469;497;475;49.99;49.99;49.99;4231;1000;0.0;0;1.0000;0;0
600;2014-09-09 13:30:00;172602N232;393;10.333;40;222;223;224;221;0.979;50.00;402.5;0.478;405.2;0.470;0.0;0.000;60;0;0;0.991;1.012;0.936;114;141;136;50.00;50.00;50.00;4231;1000;0.0;0;1.0000;0;0
600;2014-09-09 13:40:00;172602N232;981;10.497;40;224;223;226;222;1.668;49.98;407.7;1.175;413.1;1.163;0.0;0.000;60;0;0;1.655;1.711;1.639;315;343;320;49.98;49.98;49.98;4231;1000;0.0;0;1.0000;0;0
600;2014-09-09 13:50:00;172602N232;3319;11.051;40;226;225;229;223;4.898;49.96;410.8;4.089;409.1;4.090;0.0;0.000;60;0;0;4.832;5.034;4.829;1089;1159;1073;49.96;49.96;49.96;4231;1000;0.0;0;1.0000;0;0
600;2014-09-09 14:00:00;172602N232;635;11.158;40;223;224;225;222;1.212;49.98;393.8;0.800;394.6;0.788;0.0;0.000;60;0;0;1.194;1.265;1.177;197;221;215;49.98;49.98;49.98;4231;1000;0.0;0;1.0000;0;0
600;2014-09-09 14:10:00;172602N232;456;11.234;40;224;225;226;223;1.066;49.98;403.1;0.558;404.4;0.549;0.0;0.000;60;0;0;1.074;1.123;1.002;136;163;156;49.98;49.98;49.98;4231;1000;0.0;0;1.0000;0;0
600;2014-09-09 14:20:00;172602N232;657;11.343;40;225;225;227;223;1.080;50.00;413.8;0.785;411.4;0.793;0.0;0.000;60;0;0;1.038;1.115;1.087;205;230;220;50.00;50.00;50.00;4231;1000;0.0;0;1.0000;0;0
600;2014-09-09 14:30:00;172602N232;940;11.500;40;225;225;227;223;1.429;50.00;414.6;1.130;413.1;1.135;0.0;0.000;60;0;0;1.374;1.479;1.436;300;327;312;50.00;50.00;50.00;4231;1000;0.0;0;1.0000;0;0
600;2014-09-09 14:40:00;172602N232;855;11.644;40;225;225;228;224;1.301;50.01;413.0;1.030;409.1;1.039;0.0;0.000;60;0;0;1.246;1.347;1.311;271;298;284;50.01;50.01;50.01;4231;1000;0.0;0;1.0000;0;0
600;2014-09-09 14:50:00;172602N232;675;11.755;39;224;224;226;224;1.132;50.00;406.7;0.821;404.2;0.829;0.0;0.000;60;0;0;1.098;1.169;1.131;213;235;225;50.00;50.00;50.00;4231;1000;0.0;0;1.0000;0;0
600;2014-09-09 15:00:00;172602N232;414;11.825;39;223;223;225;223;1.047;49.99;404.5;0.495;399.0;0.507;0.0;0.000;60;0;0;1.079;1.125;0.937;125;146;141;49.99;49.99;49.99;4231;1000;0.0;0;1.0000;0;0
600;2014-09-09 15:10:00;172602N232;276;11.871;39;223;223;225;222;1.013;49.99;397.7;0.330;395.2;0.334;0.0;0.000;60;0;0;1.036;1.182;0.823;69;105;100;49.99;49.99;49.99;4231;1000;0.0;0;1.0000;0;0
600;2014-09-09 15:20:00;172602N232;403;11.938;39;224;224;226;223;0.979;49.97;407.2;0.481;404.7;0.487;0.0;0.000;60;0;0;0.970;1.039;0.929;120;141;140;49.97;49.97;49.97;4231;1000;0.0;0;1.0000;0;0
600;2014-09-09 15:30:00;172602N232;446;12.013;39;224;224;225;223;0.921;49.98;411.9;0.528;407.0;0.538;0.0;0.000;60;0;0;0.915;0.945;0.903;137;156;151;49.98;49.98;49.98;4231;1000;0.0;0;1.0000;0;0
600;2014-09-09 15:40:00;172602N232;385;12.077;38;224;224;226;222;1.204;49.99;408.3;0.458;404.1;0.466;0.0;0.000;60;0;0;1.191;1.289;1.132;106;130;147;49.99;49.99;49.99;4231;1000;0.0;0;1.0000;0;0
600;2014-09-09 15:50:00;172602N232;585;12.175;38;224;224;226;221;1.038;49.98;412.0;0.699;410.4;0.708;0.0;0.000;60;0;0;1.041;1.081;0.993;183;208;191;49.98;49.98;49.98;4231;1000;0.0;0;1.0000;0;0
600;2014-09-09 16:00:00;172602N232;347;12.233;38;224;224;225;222;0.994;49.99;402.4;0.418;401.4;0.420;0.0;0.000;60;0;0;1.024;1.074;0.884;102;122;121;49.99;49.99;49.99;4231;1000;0.0;0;1.0000;0;0
600;2014-09-09 16:10:00;172602N232;501;12.317;38;224;224;226;222;0.980;49.98;414.6;0.593;408.7;0.604;0.0;0.000;60;0;0;0.967;1.029;0.945;154;176;168;49.98;49.98;49.98;4231;1000;0.0;0;1.0000;0;0
600;2014-09-09 16:20:00;172602N232;423;12.387;38;224;223;225;223;0.993;49.98;405.8;0.507;405.5;0.513;0.0;0.000;60;0;0;0.997;1.063;0.920;126;150;146;49.98;49.98;49.98;4231;1000;0.0;0;1.0000;0;0
600;2014-09-09 16:30:00;172602N232;425;12.458;38;224;224;225;222;1.141;50.00;402.2;0.515;408.2;0.513;0.0;0.000;60;0;0;1.176;1.165;1.084;121;153;149;50.00;50.00;50.00;4231;1000;0.0;0;1.0000;0;0
600;2014-09-09 16:40:00;172602N232;531;12.547;38;224;225;224;222;0.832;50.01;415.6;0.630;410.2;0.640;0.0;0.000;60;0;0;0.784;0.866;0.846;165;186;179;50.01;50.01;50.01;4231;1000;0.0;0;1.0000;0;0
600;2014-09-09 16:50:00;172602N232;386;12.612;38;222;224;221;221;1.066;50.01;405.9;0.462;400.8;0.470;0.0;0.000;60;0;0;1.157;1.038;1.004;111;150;123;50.01;50.01;50.01;4231;1000;0.0;0;1.0000;0;0
600;2014-09-09 17:00:00;172602N232;505;12.697;37;222;223;222;220;0.991;49.98;408.7;0.606;404.9;0.616;0.0;0.000;60;0;0;1.014;0.991;0.970;155;176;172;49.98;49.98;49.98;4231;1000;0.0;0;1.0000;0;0
600;2014-09-09 17:10:00;172602N232;309;12.748;37;220;222;219;221;1.108;49.99;402.0;0.370;396.7;0.376;0.0;0.000;60;0;0;1.180;1.089;1.056;88;128;92;49.99;49.99;49.99;4231;1000;0.0;0;1.0000;0;0
600;2014-09-09 17:20:00;172602N232;258;12.790;37;220;221;219;221;1.083;49.99;399.7;0.306;393.7;0.313;0.0;0.000;60;0;0;1.165;1.016;1.068;69;114;72;49.99;49.99;49.99;4231;1000;0.0;0;1.0000;0;0
600;2014-09-09 17:30:00;172602N232;203;12.825;37;220;221;221;218;1.025;50.00;394.5;0.240;389.4;0.246;0.0;0.000;60;0;0;1.244;1.036;0.795;35;85;81;50.00;50.00;50.00;4231;1000;0.0;0;1.0000;0;0
600;2014-09-09 17:40:00;172602N232;223;12.863;37;220;221;220;217;1.052;50.03;397.5;0.264;391.7;0.269;0.0;0.000;60;0;0;1.292;1.104;0.761;33;101;87;50.03;50.03;50.03;4231;1000;0.0;0;1.0000;0;0
600;2014-09-09 17:50:00;172602N232;190;12.895;36;222;223;222;220;0.970;50.01;392.9;0.224;388.1;0.229;0.0;0.000;60;0;0;1.148;1.019;0.744;28;84;76;50.01;50.01;50.01;4231;1000;0.0;0;1.0000;0;0
600;2014-09-09 18:00:00;172602N232;118;12.914;36;224;224;225;222;0.949;49.99;381.2;0.138;378.0;0.142;0.0;0.000;60;0;0;1.225;0.893;0.730;14;42;61;49.99;49.99;49.99;4231;1000;0.0;0;1.0000;0;0
600;2014-09-09 18:10:00;172602N232;78;12.927;36;224;225;224;223;0.901;49.99;367.5;0.089;368.1;0.093;0.0;0.000;60;0;0;1.328;0.698;0.679;0;49;45;49.99;49.99;49.99;4231;1000;0.0;0;1.0000;0;0
600;2014-09-09 18:20:00;172602N232;50;12.935;36;224;224;224;223;0.701;49.98;351.0;0.053;355.7;0.056;0.0;0.000;60;0;0;0.883;0.664;0.557;0;30;33;49.98;49.98;49.98;4231;1000;0.0;0;1.0000;0;0
600;2014-09-09 18:30:00;172602N232;38;12.942;36;224;225;225;223;0.510;49.98;334.8;0.036;340.9;0.040;0.0;0.000;60;0;0;0.616;0.522;0.393;0;23;25;49.98;49.98;49.98;4231;1000;0.0;0;1.0000;0;0
600;2014-09-09 18:40:00;172602N232;51;12.951;35;223;224;225;221;0.662;50.02;347.0;0.054;353.1;0.058;0.0;0.000;60;0;0;0.832;0.629;0.525;0;28;39;50.02;50.02;50.02;4231;1000;0.0;0;1.0000;0;0
600;2014-09-09 18:50:00;172602N232;50;12.960;35;223;225;224;220;0.657;50.01;344.2;0.053;352.5;0.056;0.0;0.000;60;0;0;0.827;0.619;0.525;0;32;39;50.01;50.01;50.01;4231;1000;0.0;0;1.0000;0;0
600;2014-09-09 19:00:00;172602N232;18;12.964;35;224;225;226;222;0.395;50.00;286.4;0.013;299.5;0.016;0.0;0.000;60;0;0;0.430;0.497;0.258;5;4;17;50.00;50.00;50.00;4231;1000;0.0;0;1.0000;0;0
600;2014-09-09 19:10:00;172602N232;0;12.963;34;224;224;225;222;0.049;49.97;281.5;0.000;281.2;0.000;0.0;0.000;51;0;0;0.040;0.072;0.035;0;0;1;49.97;49.97;49.97;4210;1000;0.0;0;1.0000;0;0
600;2014-09-09 19:20:00;172602N232;0;12.963;33;223;224;226;220;0.000;49.96;251.0;0.000;251.9;0.000;0.0;0.000;51;0;0;0.000;0.000;0.000;0;0;0;49.96;49.96;49.96;4172;1000;0.0;0;1.0000;0;0
600;2014-09-09 19:30:00;172602N232;0;12.963;33;223;225;225;220;0.000;49.97;231.3;0.000;232.3;0.000;0.0;0.000;51;0;0;0.000;0.000;0.000;0;0;0;49.97;49.97;49.97;4172;1000;0.0;0;1.0000;0;0
[wr_ende]
