20171213;230003;172602N232;My Plant;+0100
[wr_def_start]
172602N232;Inverter Type;Inverter Group;72602N232      
[wr_def_end]
[wr]
INTERVAL;TIMESTAMP;SERIAL;P_AC;E_DAY;T_WR;U_AC;U_AC_1;U_AC_2;U_AC_3;I_AC;F_AC;U_DC_1;I_DC_1;U_DC_2;I_DC_2;U_DC_3;I_DC_3;S;E_WR;M_WR;I_AC_1;I_AC_2;I_AC_3;P_AC_1;P_AC_2;P_AC_3;F_AC_1;F_AC_2;F_AC_3;R_DC;PC;PCS;PCS_LL;COS_PHI;COS_PHI_LL;S_COS_PHI
600;2017-12-13 07:50:00;172602N232;0;0.000;0;3;3;3;3;0.000;0.80;3.5;0.000;3.6;0.000;0.0;0.000;50;0;0;0.000;0.000;0.000;0;0;0;0.80;0.80;0.80;40;1000;0.0;0;1.0000;0;0
600;2017-12-13 08:00:00;172602N232;0;0.000;13;221;221;224;218;0.000;50.00;226.2;0.000;227.2;0.000;0.0;0.000;50;0;0;0.000;0.000;0.000;0;0;0;50.00;50.00;50.00;0;1000;0.0;0;1.0000;0;0
600;2017-12-13 08:10:00;172602N232;0;0.000;14;221;220;225;219;0.000;50.01;229.3;0.000;230.2;0.000;0.0;0.000;50;0;0;0.000;0.000;0.000;0;0;0;50.01;50.01;50.01;0;1000;0.0;0;1.0000;0;0
600;2017-12-13 08:20:00;172602N232;0;0.000;14;221;219;225;220;0.000;50.01;229.8;0.000;230.7;0.000;0.0;0.000;50;0;0;0.000;0.000;0.000;0;0;0;50.01;50.01;50.01;0;1000;0.0;0;1.0000;0;0
600;2017-12-13 08:30:00;172602N232;0;0.000;15;221;218;224;219;0.000;50.00;231.6;0.000;232.5;0.000;0.0;0.000;50;0;0;0.000;0.000;0.000;0;0;0;50.00;50.00;50.00;0;1000;0.0;0;1.0000;0;0
600;2017-12-13 08:40:00;172602N232;0;0.000;15;220;218;223;219;0.000;50.01;231.8;0.000;232.7;0.000;0.0;0.000;50;0;0;0.000;0.000;0.000;0;0;0;50.01;50.01;50.01;0;1000;0.0;0;1.0000;0;0
600;2017-12-13 08:50:00;172602N232;0;0.000;15;221;220;225;218;0.000;50.01;286.5;0.000;286.5;0.000;0.0;0.000;51;0;0;0.001;0.000;0.000;0;0;0;50.01;50.01;50.01;1530;1000;0.0;0;1.0000;0;0
600;2017-12-13 09:00:00;172602N232;0;0.000;15;221;221;223;220;0.001;50.01;278.9;0.000;278.4;0.000;0.0;0.000;60;0;0;0.002;0.001;0.001;0;0;0;50.01;50.01;50.01;6281;1000;0.0;0;1.0000;0;0
600;2017-12-13 09:10:00;172602N232;6;0.001;16;222;221;224;220;0.189;49.99;288.4;0.004;282.6;0.004;0.0;0.000;60;0;0;0.163;0.273;0.131;3;0;8;49.99;49.99;49.99;5394;1000;0.0;0;1.0000;0;0
600;2017-12-13 09:20:00;172602N232;33;0.007;16;222;221;223;221;0.560;50.00;365.3;0.030;301.2;0.030;0.0;0.000;60;0;0;0.583;0.703;0.395;13;1;23;50.00;50.00;50.00;5538;1000;0.0;0;1.0000;0;0
600;2017-12-13 09:30:00;172602N232;15;0.010;16;221;221;222;221;0.352;50.00;276.6;0.014;259.0;0.012;0.0;0.000;60;0;0;0.373;0.427;0.257;6;1;14;50.00;50.00;50.00;5538;1000;0.0;0;1.0000;0;0
600;2017-12-13 09:40:00;172602N232;2;0.011;17;221;222;223;220;0.119;49.99;251.5;0.000;251.6;0.000;0.0;0.000;60;0;0;0.127;0.144;0.087;1;0;4;49.99;49.99;49.99;5538;1000;0.0;0;1.0000;0;0
600;2017-12-13 09:50:00;172602N232;2;0.012;17;222;221;224;221;0.105;50.01;275.2;0.001;275.0;0.001;0.0;0.000;60;0;0;0.099;0.145;0.073;1;0;4;50.01;50.01;50.01;5608;1000;0.0;0;1.0000;0;0
600;2017-12-13 10:00:00;172602N232;0;0.013;17;223;222;224;222;0.046;50.00;273.4;0.000;273.1;0.000;0.0;0.000;60;0;0;0.042;0.067;0.031;0;0;1;50.00;50.00;50.00;5589;1000;0.0;0;1.0000;0;0
600;2017-12-13 10:10:00;172602N232;0;0.013;17;223;223;224;222;0.013;50.00;287.5;0.000;286.8;0.000;0.0;0.000;51;0;0;0.013;0.018;0.009;0;0;0;49.99;50.00;50.00;5501;1000;0.0;0;1.0000;0;0
600;2017-12-13 10:20:00;172602N232;0;0.013;18;222;223;224;220;0.003;50.00;280.9;0.000;280.3;0.000;0.0;0.000;60;0;0;0.003;0.004;0.003;0;0;0;50.00;50.00;50.00;4754;1000;0.0;0;1.0000;0;0
600;2017-12-13 10:30:00;172602N232;0;0.013;18;221;222;223;219;0.000;50.01;283.9;0.000;283.2;0.000;0.0;0.000;51;0;0;0.001;0.001;0.000;0;0;0;50.01;50.01;50.01;5498;1000;0.0;0;1.0000;0;0
600;2017-12-13 10:40:00;172602N232;0;0.013;18;221;221;223;220;0.001;50.00;288.8;0.000;287.8;0.000;0.0;0.000;60;0;0;0.002;0.002;0.001;0;0;0;50.00;50.00;50.00;5257;1000;0.0;0;1.0000;0;0
600;2017-12-13 10:50:00;172602N232;5;0.015;18;222;221;223;221;0.175;50.00;276.4;0.005;274.7;0.002;0.0;0.000;60;0;0;0.155;0.253;0.118;4;0;6;50.00;50.00;50.00;5573;1000;0.0;0;1.0000;0;0
600;2017-12-13 11:00:00;172602N232;10;0.018;18;222;222;223;222;0.284;50.00;256.7;0.010;253.5;0.004;0.0;0.000;60;0;0;0.266;0.371;0.216;4;2;10;50.00;50.00;50.00;5631;1000;0.0;0;1.0000;0;0
600;2017-12-13 11:10:00;172602N232;19;0.022;18;223;223;224;223;0.380;49.99;268.3;0.029;265.3;0.017;0.0;0.000;60;0;0;0.390;0.462;0.290;10;1;15;49.99;49.99;49.99;5631;1000;0.0;0;1.0000;0;0
600;2017-12-13 11:20:00;172602N232;7;0.024;18;224;223;224;224;0.232;49.99;254.4;0.008;254.2;0.004;0.0;0.000;60;0;0;0.243;0.258;0.197;3;1;8;49.99;49.99;49.99;5631;1000;0.0;0;1.0000;0;0
600;2017-12-13 11:30:00;172602N232;1;0.024;18;222;222;223;223;0.089;49.99;251.4;0.000;251.4;0.000;0.0;0.000;60;0;0;0.074;0.147;0.048;2;1;0;49.99;49.99;49.99;5631;1000;0.0;0;1.0000;0;0
600;2017-12-13 11:40:00;172602N232;5;0.026;19;220;220;221;220;0.230;49.99;251.6;0.000;251.8;0.000;0.0;0.000;60;0;0;0.231;0.287;0.173;5;0;8;49.99;49.99;49.99;5631;1000;0.0;0;1.0000;0;0
600;2017-12-13 11:50:00;172602N232;0;0.027;19;220;220;220;219;0.053;49.98;253.4;0.000;253.4;0.000;0.0;0.000;80;0;0;0.059;0.059;0.041;0;1;1;49.98;49.98;49.98;5631;1000;0.0;0;1.0000;0;0
600;2017-12-13 12:00:00;172602N232;2;0.027;19;220;220;220;219;0.093;50.01;270.6;0.000;269.9;0.000;0.0;0.000;60;0;0;0.117;0.091;0.072;0;2;2;50.01;50.01;50.01;5357;1000;0.0;0;1.0000;0;0
600;2017-12-13 12:10:00;172602N232;10;0.029;19;220;220;220;219;0.278;49.99;256.2;0.010;253.7;0.003;0.0;0.000;60;0;0;0.323;0.303;0.210;2;2;12;49.99;49.99;49.99;5340;1000;0.0;0;1.0000;0;0
600;2017-12-13 12:20:00;172602N232;14;0.031;19;220;221;221;219;0.344;49.99;258.4;0.019;256.4;0.009;0.0;0.000;60;0;0;0.404;0.387;0.242;4;5;14;49.99;49.99;49.99;5340;1000;0.0;0;1.0000;0;0
600;2017-12-13 12:30:00;172602N232;16;0.033;19;221;221;222;220;0.373;49.99;259.4;0.024;263.2;0.013;0.0;0.000;60;0;0;0.436;0.410;0.275;3;5;16;49.99;49.99;49.99;5340;1000;0.0;0;1.0000;0;0
600;2017-12-13 12:40:00;172602N232;10;0.035;19;221;221;221;220;0.266;49.98;256.1;0.009;253.1;0.002;0.0;0.000;60;0;0;0.315;0.297;0.188;2;5;8;49.98;49.98;49.98;5340;1000;0.0;0;1.0000;0;0
600;2017-12-13 12:50:00;172602N232;11;0.037;19;221;221;222;220;0.324;49.99;267.3;0.010;253.1;0.004;0.0;0.000;60;0;0;0.373;0.353;0.248;2;4;14;49.99;49.99;49.99;5340;1000;0.0;0;1.0000;0;0
600;2017-12-13 13:00:00;172602N232;21;0.039;19;221;221;221;221;0.381;49.99;297.3;0.025;266.4;0.018;0.0;0.000;60;0;0;0.371;0.449;0.325;5;9;10;49.99;49.99;49.99;5340;1000;0.0;0;1.0000;0;0
600;2017-12-13 13:10:00;172602N232;32;0.041;19;221;221;220;221;0.475;50.00;330.9;0.039;280.1;0.030;0.0;0.000;60;0;0;0.482;0.473;0.470;5;25;5;50.00;50.00;50.00;5340;1000;0.0;0;1.0000;0;0
600;2017-12-13 13:20:00;172602N232;27;0.046;19;221;220;222;220;0.516;49.97;327.1;0.034;277.7;0.024;0.0;0.000;60;0;0;0.499;0.679;0.371;9;1;23;49.97;49.97;49.97;5340;1000;0.0;0;1.0000;0;0
600;2017-12-13 13:30:00;172602N232;32;0.055;19;222;220;224;221;0.584;49.99;333.4;0.040;296.3;0.028;0.0;0.000;60;0;0;0.486;0.870;0.398;29;0;26;49.99;49.99;49.99;5340;1000;0.0;0;1.0000;0;0
600;2017-12-13 13:40:00;172602N232;46;0.063;19;221;220;222;222;0.576;49.99;360.0;0.054;333.0;0.039;0.0;0.000;60;0;0;0.464;0.792;0.473;23;4;23;49.99;49.99;49.99;5340;1000;0.0;0;1.0000;0;0
600;2017-12-13 13:50:00;172602N232;35;0.069;19;220;219;221;221;0.481;50.00;362.8;0.035;303.0;0.028;0.0;0.000;60;0;0;0.383;0.637;0.423;21;8;10;50.00;50.00;50.00;5340;1000;0.0;0;1.0000;0;0
600;2017-12-13 14:00:00;172602N232;19;0.074;19;221;220;223;221;0.403;50.00;320.9;0.016;274.8;0.013;0.0;0.000;60;0;0;0.322;0.594;0.295;13;0;17;50.00;50.00;50.00;5340;1000;0.0;0;1.0000;0;0
600;2017-12-13 14:10:00;172602N232;10;0.078;20;222;221;224;221;0.321;49.99;286.6;0.004;258.2;0.004;0.0;0.000;60;0;0;0.245;0.491;0.229;9;0;13;49.99;49.99;49.99;5340;1000;0.0;0;1.0000;0;0
600;2017-12-13 14:20:00;172602N232;4;0.079;20;222;222;223;222;0.198;49.98;255.5;0.000;254.3;0.000;0.0;0.000;60;0;0;0.176;0.291;0.129;2;0;6;49.98;49.98;49.98;5340;1000;0.0;0;1.0000;0;0
600;2017-12-13 14:30:00;172602N232;0;0.079;20;223;223;225;222;0.005;49.98;279.0;0.000;277.9;0.000;0.0;0.000;50;0;0;0.006;0.010;0.001;0;0;0;49.98;49.98;49.98;5340;1000;0.0;0;1.0000;0;0
600;2017-12-13 14:40:00;172602N232;0;0.079;19;225;226;230;221;0.000;49.98;258.1;0.000;258.6;0.000;0.0;0.000;50;0;0;0.000;0.000;0.000;0;0;0;49.98;49.98;49.98;5340;1000;0.0;0;1.0000;0;0
600;2017-12-13 14:50:00;172602N232;0;0.079;19;223;223;226;219;0.000;49.98;232.0;0.000;232.9;0.000;0.0;0.000;50;0;0;0.000;0.000;0.000;0;0;0;49.98;49.98;49.98;5340;1000;0.0;0;1.0000;0;0
600;2017-12-13 15:00:00;172602N232;0;0.079;19;222;222;227;218;0.000;49.99;227.8;0.000;228.7;0.000;0.0;0.000;50;0;0;0.000;0.000;0.000;0;0;0;49.99;49.99;49.99;5340;1000;0.0;0;1.0000;0;0
600;2017-12-13 15:10:00;172602N232;0;0.079;19;222;221;227;218;0.000;50.02;226.0;0.000;226.9;0.000;0.0;0.000;50;0;0;0.000;0.000;0.000;0;0;0;50.02;50.02;50.02;5340;1000;0.0;0;1.0000;0;0
[wr_ende]
