20140414;230000;172602N232;My Plant;+0100
[wr_def_start]
172602N232;Inverter Type;Inverter Group;72602N232      
[wr_def_end]
[wr]
INTERVAL;TIMESTAMP;SERIAL;P_AC;E_DAY;T_WR;U_AC;U_AC_1;U_AC_2;U_AC_3;I_AC;F_AC;U_DC_1;I_DC_1;U_DC_2;I_DC_2;U_DC_3;I_DC_3;S;E_WR;M_WR;I_AC_1;I_AC_2;I_AC_3;P_AC_1;P_AC_2;P_AC_3;F_AC_1;F_AC_2;F_AC_3;R_DC;PC;PCS;PCS_LL;COS_PHI;COS_PHI_LL;S_COS_PHI
600;2014-04-14 05:40:00;172602N232;0;0.000;0;2;2;2;2;0.000;0.59;2.6;0.000;2.6;0.000;0.0;0.000;50;0;0;0.000;0.000;0.000;0;0;0;0.59;0.59;0.59;28;1000;0.0;0;1.0000;0;0
600;2014-04-14 05:50:00;172602N232;0;0.000;19;224;225;227;221;0.000;50.04;228.9;0.000;229.8;0.000;0.0;0.000;50;0;0;0.000;0.000;0.000;0;0;0;50.04;50.04;50.04;0;1000;0.0;0;1.0000;0;0
600;2014-04-14 06:00:00;172602N232;0;0.000;21;224;225;227;222;0.000;49.99;235.0;0.000;235.9;0.000;0.0;0.000;50;0;0;0.000;0.000;0.000;0;0;0;49.99;49.99;49.99;0;1000;0.0;0;1.0000;0;0
600;2014-04-14 06:10:00;172602N232;1;0.000;22;225;225;227;223;0.065;49.98;273.6;0.000;273.7;0.000;0.0;0.000;60;0;0;0.070;0.071;0.054;0;2;1;49.98;49.98;49.98;4781;1000;0.0;0;1.0000;0;0
600;2014-04-14 06:20:00;172602N232;21;0.002;22;224;224;224;223;0.388;50.00;318.7;0.011;330.7;0.016;0.0;0.000;60;0;0;0.493;0.408;0.264;10;3;14;50.00;50.00;50.00;10207;1000;0.0;0;1.0000;0;0
600;2014-04-14 06:30:00;172602N232;15;0.006;22;224;223;225;223;0.344;49.98;289.0;0.005;306.2;0.010;0.0;0.000;60;0;0;0.386;0.403;0.244;5;2;13;49.98;49.98;49.98;10207;1000;0.0;0;1.0000;0;0
600;2014-04-14 06:40:00;172602N232;23;0.011;23;224;224;226;224;0.448;49.99;316.2;0.014;331.0;0.020;0.0;0.000;60;0;0;0.440;0.578;0.327;15;1;19;49.99;49.99;49.99;10207;1000;0.0;0;1.0000;0;0
600;2014-04-14 06:50:00;172602N232;76;0.024;23;224;223;225;223;0.805;50.01;378.0;0.080;383.2;0.083;0.0;0.000;60;0;0;0.735;1.067;0.614;26;7;47;50.01;50.01;50.01;10207;1000;0.0;0;1.0000;0;0
600;2014-04-14 07:00:00;172602N232;91;0.039;24;224;223;224;223;0.843;49.97;386.0;0.098;393.1;0.100;0.0;0.000;60;0;0;0.842;1.006;0.682;21;23;45;49.97;49.97;49.97;10207;1000;0.0;0;1.0000;0;0
600;2014-04-14 07:10:00;172602N232;95;0.054;24;223;223;223;223;0.897;49.99;389.9;0.103;393.5;0.105;0.0;0.000;60;0;0;0.859;1.021;0.812;24;28;40;49.99;49.99;49.99;10207;1000;0.0;0;1.0000;0;0
600;2014-04-14 07:20:00;172602N232;313;0.106;24;222;222;223;221;1.146;49.99;423.7;0.354;424.6;0.352;0.0;0.000;60;0;0;1.173;1.220;1.045;85;109;116;49.99;49.99;49.99;10207;1000;0.0;0;1.0000;0;0
600;2014-04-14 07:30:00;172602N232;447;0.180;25;223;223;224;222;0.959;49.99;427.4;0.508;424.7;0.514;0.0;0.000;60;0;0;0.920;1.003;0.954;132;158;155;49.99;49.99;49.99;10207;1000;0.0;0;1.0000;0;0
600;2014-04-14 07:40:00;172602N232;283;0.228;26;221;220;223;220;1.074;49.98;418.9;0.320;414.5;0.327;0.0;0.000;60;0;0;1.028;1.233;0.963;89;85;107;49.98;49.98;49.98;10207;1000;0.0;0;1.0000;0;0
600;2014-04-14 07:50:00;172602N232;426;0.299;26;221;222;221;221;1.147;50.01;423.1;0.484;423.5;0.486;0.0;0.000;60;0;0;1.308;1.121;1.014;123;157;144;50.01;50.01;50.01;10207;1000;0.0;0;1.0000;0;0
600;2014-04-14 08:00:00;172602N232;531;0.387;27;222;223;221;222;1.141;50.00;432.6;0.602;430.3;0.602;0.0;0.000;60;0;0;1.180;1.143;1.100;170;186;173;50.00;50.00;50.00;10207;1000;0.0;0;1.0000;0;0
600;2014-04-14 08:10:00;172602N232;301;0.438;27;222;223;222;223;0.937;49.99;416.6;0.340;417.3;0.346;0.0;0.000;60;0;0;0.969;0.991;0.853;77;125;98;49.99;49.99;49.99;10207;1000;0.0;0;1.0000;0;0
600;2014-04-14 08:20:00;172602N232;697;0.554;28;223;223;223;222;1.098;50.00;436.2;0.791;434.8;0.790;0.0;0.000;60;0;0;1.062;1.121;1.111;222;238;235;50.00;50.00;50.00;10207;1000;0.0;0;1.0000;0;0
600;2014-04-14 08:30:00;172602N232;368;0.616;28;222;223;223;221;0.999;49.99;422.5;0.416;419.5;0.425;0.0;0.000;60;0;0;1.050;1.047;0.900;104;139;123;49.99;49.99;49.99;10207;1000;0.0;0;1.0000;0;0
600;2014-04-14 08:40:00;172602N232;426;0.688;29;223;224;223;222;0.732;50.00;431.1;0.479;422.4;0.497;0.0;0.000;60;0;0;0.711;0.762;0.725;131;152;142;50.00;50.00;50.00;10207;1000;0.0;0;1.0000;0;0
600;2014-04-14 08:50:00;172602N232;332;0.743;29;222;224;222;221;1.127;50.01;423.4;0.373;417.8;0.386;0.0;0.000;60;0;0;1.288;1.078;1.017;92;128;110;50.01;50.01;50.01;10207;1000;0.0;0;1.0000;0;0
600;2014-04-14 09:00:00;172602N232;634;0.848;29;221;223;222;219;1.046;49.99;435.9;0.713;430.8;0.730;0.0;0.000;60;0;0;1.057;1.067;1.016;202;220;210;49.99;49.99;49.99;10207;1000;0.0;0;1.0000;0;0
600;2014-04-14 09:10:00;172602N232;536;0.939;29;220;221;220;219;1.153;50.01;429.4;0.608;430.2;0.617;0.0;0.000;60;0;0;1.235;1.149;1.075;170;187;176;50.01;50.01;50.01;10207;1000;0.0;0;1.0000;0;0
600;2014-04-14 09:20:00;172602N232;882;1.085;30;223;224;224;222;1.355;50.01;440.4;0.986;435.7;1.012;0.0;0.000;60;0;0;1.311;1.387;1.367;283;302;294;50.01;50.01;50.01;10207;1000;0.0;0;1.0000;0;0
600;2014-04-14 09:30:00;172602N232;868;1.231;30;226;227;226;225;1.316;50.01;443.3;0.965;434.8;1.000;0.0;0.000;60;0;0;1.273;1.348;1.328;279;297;290;50.01;50.01;50.01;10207;1000;0.0;0;1.0000;0;0
600;2014-04-14 09:40:00;172602N232;662;1.341;30;226;226;226;225;1.031;50.01;440.1;0.736;430.6;0.766;0.0;0.000;60;0;0;0.989;1.067;1.038;210;229;222;50.01;50.01;50.01;10207;1000;0.0;0;1.0000;0;0
600;2014-04-14 09:50:00;172602N232;566;1.436;31;222;223;223;221;0.890;50.00;437.6;0.631;429.1;0.653;0.0;0.000;60;0;0;0.842;0.930;0.898;177;198;189;50.00;50.00;50.00;10207;1000;0.0;0;1.0000;0;0
600;2014-04-14 10:00:00;172602N232;540;1.526;31;222;223;223;221;0.851;50.02;436.7;0.603;428.6;0.623;0.0;0.000;60;0;0;0.803;0.887;0.864;168;188;182;50.02;50.02;50.02;10207;1000;0.0;0;1.0000;0;0
600;2014-04-14 10:10:00;172602N232;784;1.657;31;223;223;223;222;1.271;50.02;445.2;0.864;435.3;0.900;0.0;0.000;60;0;0;1.248;1.295;1.270;251;269;262;50.02;50.02;50.02;10207;1000;0.0;0;1.0000;0;0
600;2014-04-14 10:20:00;172602N232;912;1.808;31;222;223;222;221;1.402;50.00;447.2;1.006;435.9;1.048;0.0;0.000;60;0;0;1.363;1.432;1.412;295;312;304;50.00;50.00;50.00;10207;1000;0.0;0;1.0000;0;0
600;2014-04-14 10:30:00;172602N232;1112;1.994;31;222;223;222;221;1.717;50.01;450.3;1.221;438.3;1.274;0.0;0.000;60;0;0;1.692;1.733;1.727;363;376;371;50.01;50.01;50.01;10207;1000;0.0;0;1.0000;0;0
600;2014-04-14 10:40:00;172602N232;2043;2.335;32;223;223;224;222;3.078;50.01;448.5;2.289;441.7;2.325;0.0;0.000;60;0;0;3.032;3.130;3.074;668;697;675;50.01;50.01;50.01;10207;1000;0.0;0;1.0000;0;0
600;2014-04-14 10:50:00;172602N232;3284;2.883;32;223;224;224;221;4.915;49.98;437.6;3.824;437.6;3.791;0.0;0.000;60;0;0;4.913;4.996;4.836;1098;1119;1063;49.98;49.98;49.98;10207;1000;0.0;0;1.0000;0;0
600;2014-04-14 11:00:00;172602N232;4086;3.564;35;224;225;228;219;6.083;49.99;421.5;4.929;422.2;4.880;0.0;0.000;60;0;0;6.056;6.251;5.943;1359;1426;1302;49.99;49.99;49.99;10207;1000;0.0;0;1.0000;0;0
600;2014-04-14 11:10:00;172602N232;1553;3.824;35;222;222;224;219;2.352;49.99;411.6;1.892;411.3;1.888;0.0;0.000;60;0;0;2.311;2.423;2.322;508;542;503;49.99;49.99;49.99;10207;1000;0.0;0;1.0000;0;0
600;2014-04-14 11:20:00;172602N232;2359;4.217;34;223;224;225;221;3.535;49.99;430.6;2.771;429.8;2.754;0.0;0.000;60;0;0;3.510;3.605;3.492;781;807;768;49.99;49.99;49.99;10207;1000;0.0;0;1.0000;0;0
600;2014-04-14 11:30:00;172602N232;2964;4.711;35;223;223;226;221;4.425;49.99;421.4;3.570;420.7;3.524;0.0;0.000;60;0;0;4.387;4.527;4.361;979;1024;960;49.99;49.99;49.99;10207;1000;0.0;0;1.0000;0;0
600;2014-04-14 11:40:00;172602N232;4165;5.407;37;225;226;228;222;6.161;49.99;417.7;5.072;417.7;5.035;0.0;0.000;60;0;0;6.152;6.292;6.039;1387;1440;1337;49.99;49.99;49.99;10207;1000;0.0;0;1.0000;0;0
600;2014-04-14 11:50:00;172602N232;3509;5.992;36;225;226;228;222;5.192;49.98;416.5;4.300;414.6;4.270;0.0;0.000;60;0;0;5.182;5.300;5.095;1169;1211;1129;49.98;49.98;49.98;10207;1000;0.0;0;1.0000;0;0
600;2014-04-14 12:00:00;172602N232;3261;6.537;36;224;226;226;221;4.841;49.99;420.8;3.937;417.7;3.933;0.0;0.000;60;0;0;4.843;4.942;4.740;1094;1121;1046;49.99;49.99;49.99;10207;1000;0.0;0;1.0000;0;0
600;2014-04-14 12:10:00;172602N232;3262;7.079;37;225;225;226;222;4.840;50.01;420.4;3.947;418.9;3.931;0.0;0.000;60;0;0;4.814;4.917;4.789;1083;1110;1065;50.01;50.01;50.01;10207;1000;0.0;0;1.0000;0;0
600;2014-04-14 12:20:00;172602N232;2875;7.560;37;224;225;226;221;4.282;49.98;422.9;3.452;419.5;3.460;0.0;0.000;60;0;0;4.262;4.362;4.223;955;983;934;49.98;49.98;49.98;10207;1000;0.0;0;1.0000;0;0
600;2014-04-14 12:30:00;172602N232;2646;8.002;37;224;224;226;221;3.943;49.99;426.7;3.141;421.4;3.152;0.0;0.000;60;0;0;3.914;4.019;3.897;876;910;860;49.99;49.99;49.99;10207;1000;0.0;0;1.0000;0;0
600;2014-04-14 12:40:00;172602N232;4598;8.768;39;225;225;228;222;6.819;50.01;414.1;5.649;415.5;5.599;0.0;0.000;60;0;0;6.794;6.954;6.709;1527;1582;1486;50.01;50.01;50.01;10207;1000;0.0;0;1.0000;0;0
600;2014-04-14 12:50:00;172602N232;3650;9.375;38;224;224;227;221;5.426;49.97;415.6;4.461;413.5;4.464;0.0;0.000;60;0;0;5.400;5.539;5.339;1209;1261;1179;49.97;49.97;49.97;10207;1000;0.0;0;1.0000;0;0
600;2014-04-14 13:00:00;172602N232;2074;9.721;38;223;224;225;220;3.112;49.99;425.8;2.462;417.3;2.503;0.0;0.000;60;0;0;3.083;3.184;3.069;686;713;670;49.99;49.99;49.99;10207;1000;0.0;0;1.0000;0;0
600;2014-04-14 13:10:00;172602N232;4590;10.487;38;225;226;228;221;6.792;50.01;417.4;5.610;418.1;5.572;0.0;0.000;60;0;0;6.771;6.974;6.632;1529;1596;1463;50.01;50.01;50.01;10207;1000;0.0;0;1.0000;0;0
600;2014-04-14 13:20:00;172602N232;4200;11.187;39;225;226;229;220;6.225;49.99;410.9;5.208;411.3;5.176;0.0;0.000;60;0;0;6.220;6.391;6.066;1403;1464;1332;49.99;49.99;49.99;10207;1000;0.0;0;1.0000;0;0
600;2014-04-14 13:30:00;172602N232;2442;11.593;39;223;224;225;219;3.659;50.01;426.6;2.898;418.2;2.953;0.0;0.000;60;0;0;3.630;3.752;3.596;811;845;786;50.01;50.01;50.01;10207;1000;0.0;0;1.0000;0;0
600;2014-04-14 13:40:00;172602N232;2418;11.996;39;224;225;227;221;3.594;50.01;428.9;2.845;425.3;2.856;0.0;0.000;60;0;0;3.551;3.679;3.553;797;833;784;50.01;50.01;50.01;10207;1000;0.0;0;1.0000;0;0
600;2014-04-14 13:50:00;172602N232;2312;12.381;39;225;225;228;221;3.442;49.98;423.2;2.767;418.0;2.774;0.0;0.000;60;0;0;3.398;3.541;3.387;760;805;746;49.98;49.98;49.98;10207;1000;0.0;0;1.0000;0;0
600;2014-04-14 14:00:00;172602N232;1540;12.639;39;224;225;227;220;2.312;49.98;430.4;1.784;423.9;1.823;0.0;0.000;60;0;0;2.282;2.376;2.280;507;535;497;49.98;49.98;49.98;10207;1000;0.0;0;1.0000;0;0
600;2014-04-14 14:10:00;172602N232;2535;13.062;38;226;226;229;221;3.751;50.01;430.7;2.975;426.6;2.998;0.0;0.000;60;0;0;3.708;3.868;3.679;835;886;810;50.01;50.01;50.01;10207;1000;0.0;0;1.0000;0;0
600;2014-04-14 14:20:00;172602N232;1614;13.331;38;225;225;228;222;2.409;49.99;433.4;1.858;424.7;1.916;0.0;0.000;60;0;0;2.360;2.474;2.394;526;559;526;49.99;49.99;49.99;10207;1000;0.0;0;1.0000;0;0
600;2014-04-14 14:30:00;172602N232;1694;13.613;38;226;226;228;222;2.517;50.01;429.0;1.972;424.9;1.990;0.0;0.000;60;0;0;2.468;2.595;2.488;553;590;548;50.01;50.01;50.01;10207;1000;0.0;0;1.0000;0;0
600;2014-04-14 14:40:00;172602N232;3825;14.250;38;228;228;232;225;5.574;49.99;423.2;4.588;420.4;4.586;0.0;0.000;60;0;0;5.511;5.733;5.478;1257;1331;1230;49.99;49.99;49.99;10207;1000;0.0;0;1.0000;0;0
600;2014-04-14 14:50:00;172602N232;1701;14.532;38;227;227;229;224;2.520;49.99;424.7;2.007;419.0;2.020;0.0;0.000;60;0;0;2.479;2.586;2.497;556;587;555;49.99;49.99;49.99;10207;1000;0.0;0;1.0000;0;0
600;2014-04-14 15:00:00;172602N232;2846;15.008;38;226;226;229;223;4.198;50.01;423.1;3.394;420.3;3.408;0.0;0.000;60;0;0;4.142;4.313;4.141;932;992;921;50.01;50.01;50.01;10207;1000;0.0;0;1.0000;0;0
600;2014-04-14 15:10:00;172602N232;3001;15.509;38;225;225;229;222;4.435;50.01;422.1;3.580;419.6;3.615;0.0;0.000;60;0;0;4.380;4.552;4.375;987;1043;969;50.01;50.01;50.01;10207;1000;0.0;0;1.0000;0;0
600;2014-04-14 15:20:00;172602N232;3154;16.035;38;225;226;229;221;4.665;49.99;421.4;3.813;415.8;3.847;0.0;0.000;60;0;0;4.638;4.808;4.550;1048;1103;1003;49.99;49.99;49.99;10207;1000;0.0;0;1.0000;0;0
600;2014-04-14 15:30:00;172602N232;2637;16.474;39;226;226;230;222;3.888;49.99;426.7;3.123;420.2;3.165;0.0;0.000;60;0;0;3.833;4.012;3.819;865;924;845;49.99;49.99;49.99;10207;1000;0.0;0;1.0000;0;0
600;2014-04-14 15:40:00;172602N232;2494;16.891;39;226;226;230;222;3.675;50.00;411.0;3.051;409.2;3.058;0.0;0.000;60;0;0;3.613;3.805;3.607;813;881;799;50.00;50.00;50.00;10207;1000;0.0;0;1.0000;0;0
600;2014-04-14 15:50:00;172602N232;796;17.023;39;224;224;227;222;1.217;50.01;420.5;0.933;415.8;0.957;0.0;0.000;60;0;0;1.164;1.266;1.223;251;279;264;50.01;50.01;50.01;10207;1000;0.0;0;1.0000;0;0
600;2014-04-14 16:00:00;172602N232;535;17.114;38;223;222;225;222;0.935;50.00;413.6;0.627;414.8;0.641;0.0;0.000;60;0;0;0.880;0.989;0.936;163;189;181;50.00;50.00;50.00;10207;1000;0.0;0;1.0000;0;0
600;2014-04-14 16:10:00;172602N232;551;17.205;38;222;223;225;220;0.956;50.01;412.4;0.646;418.2;0.660;0.0;0.000;60;0;0;0.927;1.004;0.937;172;195;181;50.01;50.01;50.01;10207;1000;0.0;0;1.0000;0;0
600;2014-04-14 16:20:00;172602N232;520;17.293;37;222;221;225;221;1.164;50.00;411.3;0.611;418.1;0.622;0.0;0.000;60;0;0;1.085;1.272;1.136;161;182;176;50.00;50.00;50.00;10207;1000;0.0;0;1.0000;0;0
600;2014-04-14 16:30:00;172602N232;1264;17.503;36;223;222;226;221;2.067;49.99;419.8;1.459;425.1;1.470;0.0;0.000;60;0;0;2.026;2.143;2.032;409;440;411;49.99;49.99;49.99;10207;1000;0.0;0;1.0000;0;0
600;2014-04-14 16:40:00;172602N232;1632;17.775;36;223;223;226;221;2.575;50.01;420.6;1.871;421.2;1.930;0.0;0.000;60;0;0;2.527;2.661;2.537;530;567;531;50.01;50.01;50.01;10207;1000;0.0;0;1.0000;0;0
600;2014-04-14 16:50:00;172602N232;3083;18.288;36;225;225;229;220;4.593;50.03;420.1;3.657;423.6;3.717;0.0;0.000;60;0;0;4.557;4.718;4.506;1019;1077;987;50.03;50.03;50.03;10207;1000;0.0;0;1.0000;0;0
600;2014-04-14 17:00:00;172602N232;2884;18.769;36;224;225;228;219;4.322;50.00;409.0;3.518;418.7;3.498;0.0;0.000;60;0;0;4.297;4.456;4.214;958;1007;914;50.00;50.00;50.00;10207;1000;0.0;0;1.0000;0;0
600;2014-04-14 17:10:00;172602N232;2475;19.180;36;223;224;226;218;3.718;50.00;404.6;3.043;413.6;3.021;0.0;0.000;60;0;0;3.703;3.825;3.626;825;860;786;50.00;50.00;50.00;10207;1000;0.0;0;1.0000;0;0
600;2014-04-14 17:20:00;172602N232;2818;19.651;36;222;224;226;217;4.241;49.99;410.6;3.459;425.7;3.350;0.0;0.000;60;0;0;4.222;4.359;4.143;939;981;897;49.99;49.99;49.99;10207;1000;0.0;0;1.0000;0;0
600;2014-04-14 17:30:00;172602N232;2514;20.070;36;222;222;227;217;3.784;49.98;409.2;3.111;409.5;3.090;0.0;0.000;60;0;0;3.723;3.928;3.701;823;888;801;49.98;49.98;49.98;10207;1000;0.0;0;1.0000;0;0
600;2014-04-14 17:40:00;172602N232;2303;20.455;37;222;223;226;218;3.465;49.99;408.7;2.849;409.4;2.832;0.0;0.000;60;0;0;3.418;3.567;3.411;756;803;742;49.99;49.99;49.99;10207;1000;0.0;0;1.0000;0;0
600;2014-04-14 17:50:00;172602N232;2125;20.809;37;222;221;227;219;3.199;50.04;410.9;2.614;410.9;2.600;0.0;0.000;60;0;0;3.117;3.314;3.168;686;747;691;50.04;50.04;50.04;10207;1000;0.0;0;1.0000;0;0
600;2014-04-14 18:00:00;172602N232;2133;21.165;37;224;224;227;219;3.199;50.01;415.1;2.593;412.3;2.607;0.0;0.000;60;0;0;3.148;3.300;3.150;700;744;687;50.01;50.01;50.01;10207;1000;0.0;0;1.0000;0;0
600;2014-04-14 18:10:00;172602N232;1279;21.378;37;225;225;226;223;1.940;49.98;417.3;1.506;409.9;1.586;0.0;0.000;60;0;0;1.899;1.988;1.934;414;442;422;49.98;49.98;49.98;10207;1000;0.0;0;1.0000;0;0
600;2014-04-14 18:20:00;172602N232;718;21.498;37;222;221;224;221;1.122;49.98;408.6;0.850;416.1;0.878;0.0;0.000;60;0;0;1.062;1.177;1.128;225;252;240;49.98;49.98;49.98;10207;1000;0.0;0;1.0000;0;0
600;2014-04-14 18:30:00;172602N232;740;21.621;36;221;219;225;219;1.149;49.97;403.8;0.894;418.1;0.893;0.0;0.000;60;0;0;1.085;1.205;1.158;230;262;246;49.97;49.97;49.97;10207;1000;0.0;0;1.0000;0;0
600;2014-04-14 18:40:00;172602N232;731;21.743;36;222;220;226;220;1.141;49.97;405.6;0.885;411.4;0.892;0.0;0.000;60;0;0;1.076;1.200;1.148;227;259;243;49.97;49.97;49.97;10207;1000;0.0;0;1.0000;0;0
600;2014-04-14 18:50:00;172602N232;584;21.841;36;223;223;226;221;0.929;50.02;401.5;0.690;414.0;0.722;0.0;0.000;60;0;0;0.880;0.978;0.931;181;207;194;50.02;50.02;50.02;10207;1000;0.0;0;1.0000;0;0
600;2014-04-14 19:00:00;172602N232;750;21.966;36;224;224;226;221;1.173;50.00;422.4;0.655;420.4;1.111;0.0;0.000;60;0;0;1.134;1.215;1.171;238;263;247;50.00;50.00;50.00;10207;1000;0.0;0;1.0000;0;0
600;2014-04-14 19:10:00;172602N232;379;22.029;35;223;223;225;222;0.975;49.98;410.9;0.292;403.7;0.613;0.0;0.000;60;0;0;0.994;1.016;0.916;114;133;130;49.98;49.98;49.98;10207;1000;0.0;0;1.0000;0;0
600;2014-04-14 19:20:00;172602N232;203;22.064;35;224;225;224;223;1.037;49.98;392.2;0.201;369.4;0.313;0.0;0.000;60;0;0;1.379;0.910;0.822;37;90;75;49.98;49.98;49.98;10207;1000;0.0;0;1.0000;0;0
600;2014-04-14 19:30:00;172602N232;138;22.086;34;225;225;226;223;0.957;49.97;386.0;0.149;399.2;0.168;0.0;0.000;60;0;0;1.280;0.851;0.741;13;61;63;49.97;49.97;49.97;10207;1000;0.0;0;1.0000;0;0
600;2014-04-14 19:40:00;172602N232;99;22.103;34;223;226;225;219;1.011;49.97;373.9;0.111;393.7;0.112;0.0;0.000;60;0;0;1.548;0.749;0.736;0;58;63;49.97;49.97;49.97;10207;1000;0.0;0;1.0000;0;0
600;2014-04-14 19:50:00;172602N232;50;22.112;33;223;226;224;220;0.720;49.99;335.8;0.049;370.1;0.056;0.0;0.000;60;0;0;1.049;0.551;0.562;0;40;42;49.99;49.99;49.99;10207;1000;0.0;0;1.0000;0;0
600;2014-04-14 20:00:00;172602N232;18;22.115;33;223;224;224;220;0.375;49.99;281.6;0.010;311.0;0.015;0.0;0.000;60;0;0;0.541;0.324;0.260;1;10;17;49.99;49.99;49.99;10207;1000;0.0;0;1.0000;0;0
600;2014-04-14 20:10:00;172602N232;0;22.116;32;222;223;224;219;0.063;49.99;279.5;0.000;280.3;0.000;0.0;0.000;51;0;0;0.085;0.062;0.044;0;0;2;49.99;49.99;49.99;10953;1000;0.0;0;1.0000;0;0
600;2014-04-14 20:20:00;172602N232;0;22.116;31;222;222;224;219;0.000;49.99;243.9;0.000;244.7;0.000;0.0;0.000;51;0;0;0.000;0.000;0.000;0;0;0;49.99;49.99;49.99;12667;1000;0.0;0;1.0000;0;0
600;2014-04-14 20:30:00;172602N232;0;22.116;29;221;222;223;220;0.000;49.99;228.6;0.000;229.6;0.000;0.0;0.000;51;0;0;0.000;0.000;0.000;0;0;0;49.99;49.99;49.99;12667;1000;0.0;0;1.0000;0;0
[wr_ende]
