20120814;230001;172602N232;My Plant;+0100
[wr_def_start]
172602N232;Inverter Type;Inverter Group;72602N232      
[wr_def_end]
[wr]
INTERVAL;TIMESTAMP;SERIAL;P_AC;E_DAY;T_WR;U_AC;U_AC_1;U_AC_2;U_AC_3;I_AC;F_AC;U_DC_1;I_DC_1;U_DC_2;I_DC_2;U_DC_3;I_DC_3;S;E_WR;M_WR;I_AC_1;I_AC_2;I_AC_3;P_AC_1;P_AC_2;P_AC_3;F_AC_1;F_AC_2;F_AC_3;R_DC;PC;PCS;PCS_LL;COS_PHI;COS_PHI_LL;S_COS_PHI
600;2012-08-14 05:30:00;172602N232;0;0.000;0;2;2;2;2;0.000;0.45;1.9;0.000;1.9;0.000;0.0;0.000;50;0;0;0.000;0.000;0.000;0;0;0;0.45;0.45;0.45;10;1000;0.0;0;1.0000;0;0
600;2012-08-14 05:40:00;172602N232;0;0.000;28;225;226;227;222;0.000;49.99;228.5;0.000;229.4;0.000;0.0;0.000;50;0;0;0.000;0.000;0.000;0;0;0;49.99;49.99;49.99;0;1000;0.0;0;1.0000;0;0
600;2012-08-14 05:50:00;172602N232;0;0.000;29;225;225;227;222;0.000;49.99;234.1;0.000;235.0;0.000;0.0;0.000;50;0;0;0.000;0.000;0.000;0;0;0;49.99;49.99;49.99;0;1000;0.0;0;1.0000;0;0
600;2012-08-14 06:00:00;172602N232;0;0.000;30;224;224;226;221;0.001;49.99;279.2;0.000;278.4;0.000;0.0;0.000;60;0;0;0.002;0.001;0.001;0;0;0;49.99;49.99;49.99;2083;1000;0.0;0;1.0000;0;0
600;2012-08-14 06:10:00;172602N232;4;0.001;31;223;224;225;222;0.161;50.01;274.1;0.000;278.7;0.001;0.0;0.000;60;0;0;0.234;0.143;0.106;2;3;5;50.01;50.01;50.01;4890;1000;0.0;0;1.0000;0;0
600;2012-08-14 06:20:00;172602N232;24;0.008;31;222;223;223;221;0.390;50.00;317.4;0.015;335.9;0.018;0.0;0.000;60;0;0;0.457;0.393;0.322;0;23;21;50.00;50.00;50.00;4902;1000;0.0;0;1.0000;0;0
600;2012-08-14 06:30:00;172602N232;45;0.018;31;224;224;224;222;0.668;50.01;361.8;0.041;365.1;0.044;0.0;0.000;60;0;0;0.820;0.653;0.533;0;24;37;50.01;50.01;50.01;4902;1000;0.0;0;1.0000;0;0
600;2012-08-14 06:40:00;172602N232;64;0.032;32;225;226;225;223;0.794;49.99;377.9;0.064;377.4;0.069;0.0;0.000;60;0;0;1.124;0.686;0.574;0;38;39;49.99;49.99;49.99;4902;1000;0.0;0;1.0000;0;0
600;2012-08-14 06:50:00;172602N232;82;0.047;32;224;224;224;223;0.933;49.99;389.1;0.087;384.8;0.092;0.0;0.000;60;0;0;1.319;0.766;0.715;1;45;46;49.99;49.99;49.99;4902;1000;0.0;0;1.0000;0;0
600;2012-08-14 07:00:00;172602N232;101;0.066;33;222;223;223;221;0.989;50.00;396.8;0.108;390.4;0.114;0.0;0.000;60;0;0;1.402;0.830;0.736;4;49;56;50.00;50.00;50.00;4902;1000;0.0;0;1.0000;0;0
600;2012-08-14 07:10:00;172602N232;115;0.085;34;222;223;223;220;0.988;50.02;400.0;0.125;393.4;0.131;0.0;0.000;60;0;0;1.429;0.784;0.751;2;59;57;50.02;50.02;50.02;4902;1000;0.0;0;1.0000;0;0
600;2012-08-14 07:20:00;172602N232;129;0.107;34;222;224;222;221;1.026;50.01;404.6;0.142;396.7;0.148;0.0;0.000;60;0;0;1.502;0.801;0.775;1;73;56;50.01;50.01;50.01;4902;1000;0.0;0;1.0000;0;0
600;2012-08-14 07:30:00;172602N232;142;0.131;34;223;224;223;222;1.128;50.00;405.2;0.159;396.9;0.162;0.0;0.000;60;0;0;1.630;0.934;0.822;1;91;54;50.00;50.00;50.00;4902;1000;0.0;0;1.0000;0;0
600;2012-08-14 07:40:00;172602N232;153;0.157;35;222;223;222;221;1.125;49.99;403.8;0.174;396.1;0.174;0.0;0.000;60;0;0;1.564;0.996;0.816;2;100;52;49.99;49.99;49.99;4902;1000;0.0;0;1.0000;0;0
600;2012-08-14 07:50:00;172602N232;162;0.183;35;222;223;221;222;1.167;49.99;406.0;0.186;396.9;0.185;0.0;0.000;60;0;0;1.644;0.976;0.883;8;111;43;49.99;49.99;49.99;4902;1000;0.0;0;1.0000;0;0
600;2012-08-14 08:00:00;172602N232;176;0.209;35;223;224;222;223;0.996;50.01;418.1;0.199;397.2;0.196;0.0;0.000;60;0;0;1.269;0.939;0.780;21;98;57;50.01;50.01;50.01;4902;1000;0.0;0;1.0000;0;0
600;2012-08-14 08:10:00;172602N232;189;0.235;35;223;224;222;223;0.993;50.01;428.4;0.213;398.2;0.209;0.0;0.000;60;0;0;1.288;0.760;0.932;33;75;80;50.01;50.01;50.01;4902;1000;0.0;0;1.0000;0;0
600;2012-08-14 08:20:00;172602N232;204;0.267;35;222;223;221;223;0.969;49.99;441.3;0.227;399.9;0.220;0.0;0.000;60;0;0;1.111;0.755;1.041;27;74;101;49.99;49.99;49.99;4902;1000;0.0;0;1.0000;0;0
600;2012-08-14 08:30:00;172602N232;218;0.303;35;222;222;222;222;1.003;49.99;452.1;0.239;406.3;0.230;0.0;0.000;60;0;0;1.112;0.998;0.901;51;87;78;49.99;49.99;49.99;4902;1000;0.0;0;1.0000;0;0
600;2012-08-14 08:40:00;172602N232;239;0.344;35;222;223;223;221;1.106;49.98;459.1;0.263;417.3;0.243;0.0;0.000;60;0;0;1.239;1.168;0.913;37;110;91;49.98;49.98;49.98;4902;1000;0.0;0;1.0000;0;0
600;2012-08-14 08:50:00;172602N232;388;0.409;35;223;223;224;220;1.156;49.99;376.4;0.925;432.7;0.253;0.0;0.000;60;0;0;1.237;1.204;1.029;101;145;140;49.99;49.99;49.99;4902;1000;0.0;0;1.0000;0;0
600;2012-08-14 09:00:00;172602N232;753;0.535;35;222;223;222;222;1.286;49.99;298.4;2.131;450.3;0.272;0.0;0.000;60;0;0;1.328;1.256;1.274;244;253;254;49.99;49.99;49.99;4902;1000;0.0;0;1.0000;0;0
600;2012-08-14 09:10:00;172602N232;987;0.699;35;222;224;222;221;1.565;49.99;356.4;2.383;462.3;0.302;0.0;0.000;60;0;0;1.549;1.591;1.557;320;337;328;49.99;49.99;49.99;4902;1000;0.0;0;1.0000;0;0
600;2012-08-14 09:20:00;172602N232;988;0.864;36;222;223;222;221;1.572;49.99;329.6;2.538;442.1;0.363;0.0;0.000;60;0;0;1.546;1.606;1.566;318;340;329;49.99;49.99;49.99;4902;1000;0.0;0;1.0000;0;0
600;2012-08-14 09:30:00;172602N232;706;0.982;36;221;223;222;219;1.308;50.00;269.2;1.999;454.6;0.406;0.0;0.000;60;0;0;1.370;1.285;1.269;232;239;234;50.00;50.00;50.00;4902;1000;0.0;0;1.0000;0;0
600;2012-08-14 09:40:00;172602N232;568;1.076;36;224;225;224;222;1.007;49.99;434.8;0.703;450.1;0.567;0.0;0.000;60;0;0;0.982;1.052;0.987;181;199;187;49.99;49.99;49.99;4902;1000;0.0;0;1.0000;0;0
600;2012-08-14 09:50:00;172602N232;766;1.204;37;225;226;225;223;1.181;49.99;437.3;0.943;446.7;0.784;0.0;0.000;60;0;0;1.136;1.216;1.191;244;265;256;49.99;49.99;49.99;4902;1000;0.0;0;1.0000;0;0
600;2012-08-14 10:00:00;172602N232;1104;1.389;37;224;224;225;222;1.685;49.99;410.1;1.413;424.0;1.238;0.0;0.000;60;0;0;1.644;1.719;1.694;357;377;367;49.99;49.99;49.99;4902;1000;0.0;0;1.0000;0;0
600;2012-08-14 10:10:00;172602N232;1356;1.614;37;224;224;223;224;2.068;49.97;414.1;1.715;424.7;1.530;0.0;0.000;60;0;0;2.040;2.080;2.086;444;455;456;49.97;49.97;49.97;4902;1000;0.0;0;1.0000;0;0
600;2012-08-14 10:20:00;172602N232;1270;1.827;38;224;223;225;224;1.931;49.99;415.6;1.584;417.0;1.459;0.0;0.000;60;0;0;1.871;1.966;1.956;407;434;427;49.99;49.99;49.99;4902;1000;0.0;0;1.0000;0;0
600;2012-08-14 10:30:00;172602N232;1638;2.101;38;225;225;226;223;2.453;50.00;396.0;2.572;422.1;1.554;0.0;0.000;60;0;0;2.395;2.500;2.466;531;560;545;50.00;50.00;50.00;4902;1000;0.0;0;1.0000;0;0
600;2012-08-14 10:40:00;172602N232;1221;2.304;38;225;225;226;223;1.879;49.99;398.6;1.666;413.6;1.353;0.0;0.000;60;0;0;1.848;1.900;1.891;397;416;406;49.99;49.99;49.99;4902;1000;0.0;0;1.0000;0;0
600;2012-08-14 10:50:00;172602N232;1553;2.563;38;225;225;226;223;2.350;49.99;405.0;2.429;421.6;1.352;0.0;0.000;60;0;0;2.302;2.396;2.354;503;532;515;49.99;49.99;49.99;4902;1000;0.0;0;1.0000;0;0
600;2012-08-14 11:00:00;172602N232;2010;2.896;39;226;225;228;224;3.012;50.01;398.5;3.938;435.0;1.032;0.0;0.000;60;0;0;2.959;3.064;3.015;655;688;666;50.01;50.01;50.01;4902;1000;0.0;0;1.0000;0;0
600;2012-08-14 11:10:00;172602N232;2207;3.266;39;225;224;227;224;3.292;50.02;387.9;4.503;435.5;1.081;0.0;0.000;60;0;0;3.214;3.365;3.297;715;760;731;50.02;50.02;50.02;4902;1000;0.0;0;1.0000;0;0
600;2012-08-14 11:20:00;172602N232;1851;3.575;39;226;225;227;225;2.761;49.99;387.1;3.699;433.6;0.968;0.0;0.000;60;0;0;2.703;2.810;2.771;602;631;616;49.99;49.99;49.99;4902;1000;0.0;0;1.0000;0;0
600;2012-08-14 11:30:00;172602N232;2088;3.923;40;226;225;227;225;3.116;50.00;390.4;3.922;436.7;1.303;0.0;0.000;60;0;0;3.058;3.163;3.129;680;707;696;50.00;50.00;50.00;4902;1000;0.0;0;1.0000;0;0
600;2012-08-14 11:40:00;172602N232;1577;4.185;40;225;225;226;224;2.367;49.98;392.4;2.304;410.1;1.652;0.0;0.000;60;0;0;2.312;2.413;2.377;512;538;525;49.98;49.98;49.98;4902;1000;0.0;0;1.0000;0;0
600;2012-08-14 11:50:00;172602N232;2114;4.538;40;226;225;227;225;3.160;49.99;394.4;4.035;426.1;1.271;0.0;0.000;60;0;0;3.103;3.208;3.169;688;725;702;49.99;49.99;49.99;4902;1000;0.0;0;1.0000;0;0
600;2012-08-14 12:00:00;172602N232;2396;4.938;41;227;226;229;225;3.538;49.99;384.0;4.988;388.6;1.472;0.0;0.000;60;0;0;3.473;3.607;3.536;781;821;792;49.99;49.99;49.99;4902;1000;0.0;0;1.0000;0;0
600;2012-08-14 12:10:00;172602N232;1470;5.184;41;227;226;228;226;2.196;49.99;389.1;2.241;411.2;1.454;0.0;0.000;60;0;0;2.137;2.244;2.208;474;505;489;49.99;49.99;49.99;4902;1000;0.0;0;1.0000;0;0
600;2012-08-14 12:20:00;172602N232;3248;5.725;41;227;227;229;226;4.789;49.98;393.2;4.639;352.0;4.482;0.0;0.000;60;0;0;4.738;4.853;4.777;1067;1106;1071;49.98;49.98;49.98;4902;1000;0.0;0;1.0000;0;0
600;2012-08-14 12:30:00;172602N232;4317;6.445;42;228;229;229;227;6.314;49.99;378.6;6.137;343.6;6.033;0.0;0.000;60;0;0;6.261;6.374;6.308;1428;1459;1428;49.99;49.99;49.99;4902;1000;0.0;0;1.0000;0;0
600;2012-08-14 12:40:00;172602N232;4468;7.188;42;228;228;228;227;6.554;49.97;371.2;6.178;370.7;6.081;0.0;0.000;60;0;0;6.520;6.584;6.559;1484;1497;1485;49.97;49.97;49.97;4902;1000;0.0;0;1.0000;0;0
600;2012-08-14 12:50:00;172602N232;4445;7.929;43;227;227;228;226;6.526;49.99;369.0;6.174;370.4;6.082;0.0;0.000;60;0;0;6.473;6.564;6.542;1468;1494;1480;49.99;49.99;49.99;4902;1000;0.0;0;1.0000;0;0
600;2012-08-14 13:00:00;172602N232;4684;8.710;43;228;228;229;226;6.860;49.99;364.1;6.588;364.4;6.509;0.0;0.000;60;0;0;6.806;6.926;6.850;1548;1587;1547;49.99;49.99;49.99;4902;1000;0.0;0;1.0000;0;0
600;2012-08-14 13:10:00;172602N232;4885;9.526;44;227;227;229;226;7.167;49.98;360.6;6.925;361.1;6.879;0.0;0.000;60;0;0;7.120;7.242;7.141;1616;1655;1610;49.98;49.98;49.98;4902;1000;0.0;0;1.0000;0;0
600;2012-08-14 13:20:00;172602N232;4632;10.297;44;227;227;228;225;6.811;49.99;362.8;6.538;362.3;6.490;0.0;0.000;60;0;0;6.753;6.882;6.798;1529;1573;1532;49.99;49.99;49.99;4902;1000;0.0;0;1.0000;0;0
600;2012-08-14 13:30:00;172602N232;4642;11.070;44;227;227;229;226;6.817;50.00;364.9;6.522;364.1;6.460;0.0;0.000;60;0;0;6.758;6.884;6.811;1532;1572;1536;50.00;50.00;50.00;4902;1000;0.0;0;1.0000;0;0
600;2012-08-14 13:40:00;172602N232;4839;11.880;44;227;228;229;225;7.093;49.99;362.2;6.848;360.8;6.800;0.0;0.000;60;0;0;7.037;7.188;7.055;1600;1648;1590;49.99;49.99;49.99;4902;1000;0.0;0;1.0000;0;0
600;2012-08-14 13:50:00;172602N232;4988;12.711;45;227;228;228;226;7.307;49.99;357.3;7.148;357.2;7.094;0.0;0.000;60;0;0;7.277;7.352;7.292;1659;1677;1650;49.99;49.99;49.99;4902;1000;0.0;0;1.0000;0;0
600;2012-08-14 14:00:00;172602N232;4369;13.439;45;227;227;228;225;6.421;49.99;361.4;6.188;360.1;6.130;0.0;0.000;60;0;0;6.376;6.490;6.399;1447;1479;1439;49.99;49.99;49.99;4902;1000;0.0;0;1.0000;0;0
600;2012-08-14 14:10:00;172602N232;4922;14.258;45;228;228;230;225;7.202;49.96;356.9;7.076;356.5;7.010;0.0;0.000;60;0;0;7.152;7.314;7.140;1628;1682;1609;49.96;49.96;49.96;4902;1000;0.0;0;1.0000;0;0
600;2012-08-14 14:20:00;172602N232;3450;14.833;46;227;227;229;225;5.074;49.98;362.7;4.860;362.5;4.789;0.0;0.000;60;0;0;5.033;5.144;5.046;1139;1175;1135;49.98;49.98;49.98;4902;1000;0.0;0;1.0000;0;0
600;2012-08-14 14:30:00;172602N232;4072;15.514;46;228;228;229;227;5.964;49.99;364.7;5.694;364.9;5.659;0.0;0.000;60;0;0;5.918;6.006;5.968;1346;1372;1352;49.99;49.99;49.99;4902;1000;0.0;0;1.0000;0;0
600;2012-08-14 14:40:00;172602N232;4659;16.291;46;228;228;229;227;6.811;49.97;362.6;6.570;362.4;6.530;0.0;0.000;60;0;0;6.761;6.863;6.811;1540;1572;1544;49.97;49.97;49.97;4902;1000;0.0;0;1.0000;0;0
600;2012-08-14 14:50:00;172602N232;4748;17.082;46;228;228;229;227;6.936;49.98;359.6;6.764;359.0;6.711;0.0;0.000;60;0;0;6.875;6.987;6.947;1567;1602;1578;49.98;49.98;49.98;4902;1000;0.0;0;1.0000;0;0
600;2012-08-14 15:00:00;172602N232;4567;17.842;46;229;229;230;228;6.652;50.00;359.0;6.521;358.1;6.462;0.0;0.000;60;0;0;6.591;6.715;6.651;1506;1545;1514;50.00;50.00;50.00;4902;1000;0.0;0;1.0000;0;0
600;2012-08-14 15:10:00;172602N232;4506;18.593;47;229;229;230;228;6.567;49.98;357.8;6.494;363.3;6.246;0.0;0.000;60;0;0;6.511;6.630;6.560;1489;1526;1491;49.98;49.98;49.98;4902;1000;0.0;0;1.0000;0;0
600;2012-08-14 15:20:00;172602N232;4376;19.325;47;229;229;231;227;6.380;49.99;359.2;6.462;368.6;5.814;0.0;0.000;60;0;0;6.315;6.473;6.353;1441;1489;1442;49.99;49.99;49.99;4902;1000;0.0;0;1.0000;0;0
600;2012-08-14 15:30:00;172602N232;2969;19.818;47;228;228;230;227;4.345;49.99;366.6;4.401;358.9;3.925;0.0;0.000;60;0;0;4.286;4.411;4.338;974;1012;981;49.99;49.99;49.99;4902;1000;0.0;0;1.0000;0;0
600;2012-08-14 15:40:00;172602N232;3685;20.432;46;229;229;231;227;5.377;49.98;369.6;5.598;317.8;5.361;0.0;0.000;60;0;0;5.336;5.458;5.337;1221;1255;1206;49.98;49.98;49.98;4902;1000;0.0;0;1.0000;0;0
600;2012-08-14 15:50:00;172602N232;3670;21.045;46;229;230;232;227;5.344;49.98;367.1;5.597;310.4;5.441;0.0;0.000;60;0;0;5.298;5.432;5.304;1213;1256;1200;49.98;49.98;49.98;4902;1000;0.0;0;1.0000;0;0
600;2012-08-14 16:00:00;172602N232;3728;21.668;46;229;229;231;227;5.435;50.00;369.7;5.497;329.0;5.370;0.0;0.000;60;0;0;5.366;5.526;5.413;1224;1275;1227;50.00;50.00;50.00;4902;1000;0.0;0;1.0000;0;0
600;2012-08-14 16:10:00;172602N232;3597;22.267;46;228;228;231;226;5.265;50.00;369.5;5.326;334.1;5.082;0.0;0.000;60;0;0;5.185;5.361;5.251;1177;1236;1185;50.00;50.00;50.00;4902;1000;0.0;0;1.0000;0;0
600;2012-08-14 16:20:00;172602N232;3534;22.856;46;228;228;229;226;5.187;49.99;371.8;5.161;331.6;5.067;0.0;0.000;60;0;0;5.127;5.259;5.175;1164;1202;1166;49.99;49.99;49.99;4902;1000;0.0;0;1.0000;0;0
600;2012-08-14 16:30:00;172602N232;3570;23.451;46;227;227;229;226;5.244;49.99;373.5;5.018;355.0;4.950;0.0;0.000;60;0;0;5.182;5.305;5.246;1175;1209;1184;49.99;49.99;49.99;4902;1000;0.0;0;1.0000;0;0
600;2012-08-14 16:40:00;172602N232;3536;24.041;46;227;228;229;226;5.193;49.99;372.9;4.845;372.4;4.798;0.0;0.000;60;0;0;5.149;5.261;5.169;1170;1203;1163;49.99;49.99;49.99;4902;1000;0.0;0;1.0000;0;0
600;2012-08-14 16:50:00;172602N232;3345;24.599;45;227;228;228;226;4.920;49.98;369.8;4.533;375.7;4.584;0.0;0.000;60;0;0;4.889;4.969;4.903;1112;1131;1102;49.98;49.98;49.98;4902;1000;0.0;0;1.0000;0;0
600;2012-08-14 17:00:00;172602N232;2999;25.099;45;228;228;228;226;4.410;50.00;329.4;4.120;377.8;4.484;0.0;0.000;60;0;0;4.372;4.456;4.402;995;1012;990;50.00;50.00;50.00;4902;1000;0.0;0;1.0000;0;0
600;2012-08-14 17:10:00;172602N232;2725;25.553;45;228;229;228;226;4.007;50.00;277.5;4.105;379.6;4.318;0.0;0.000;60;0;0;3.973;4.044;4.006;905;917;902;50.00;50.00;50.00;4902;1000;0.0;0;1.0000;0;0
600;2012-08-14 17:20:00;172602N232;2509;25.970;45;227;227;228;225;3.701;49.99;267.6;3.686;382.6;4.100;0.0;0.000;60;0;0;3.643;3.769;3.693;824;856;827;49.99;49.99;49.99;4902;1000;0.0;0;1.0000;0;0
600;2012-08-14 17:30:00;172602N232;2290;26.352;45;227;227;228;225;3.389;49.98;265.6;3.176;383.9;3.880;0.0;0.000;60;0;0;3.347;3.442;3.380;755;778;755;49.98;49.98;49.98;4902;1000;0.0;0;1.0000;0;0
600;2012-08-14 17:40:00;172602N232;2261;26.731;45;227;228;226;226;3.346;49.98;285.5;3.197;381.7;3.634;0.0;0.000;60;0;0;3.318;3.370;3.351;751;757;751;49.98;49.98;49.98;4902;1000;0.0;0;1.0000;0;0
600;2012-08-14 17:50:00;172602N232;2006;27.065;45;227;228;227;225;2.969;49.98;331.9;3.303;308.7;3.062;0.0;0.000;60;0;0;2.937;3.008;2.964;665;677;662;49.98;49.98;49.98;4902;1000;0.0;0;1.0000;0;0
600;2012-08-14 18:00:00;172602N232;1707;27.349;45;226;228;226;223;2.534;49.99;378.9;3.082;257.6;2.201;0.0;0.000;60;0;0;2.507;2.579;2.518;567;580;558;49.99;49.99;49.99;4902;1000;0.0;0;1.0000;0;0
600;2012-08-14 18:10:00;172602N232;1410;27.585;45;223;225;225;220;2.129;50.01;387.6;2.957;267.2;1.071;0.0;0.000;60;0;0;2.084;2.192;2.113;462;488;459;50.01;50.01;50.01;4902;1000;0.0;0;1.0000;0;0
600;2012-08-14 18:20:00;172602N232;1352;27.810;45;223;223;225;221;2.060;49.99;386.0;2.708;350.6;1.067;0.0;0.000;60;0;0;1.996;2.125;2.060;434;468;448;49.99;49.99;49.99;4902;1000;0.0;0;1.0000;0;0
600;2012-08-14 18:30:00;172602N232;1590;28.076;45;223;222;225;222;2.394;49.97;376.4;2.567;313.5;2.062;0.0;0.000;60;0;0;2.319;2.457;2.407;511;547;530;49.97;49.97;49.97;4902;1000;0.0;0;1.0000;0;0
600;2012-08-14 18:40:00;172602N232;1362;28.303;44;223;222;225;223;2.066;49.99;375.4;2.032;341.4;1.798;0.0;0.000;60;0;0;1.986;2.123;2.089;432;469;458;49.99;49.99;49.99;4902;1000;0.0;0;1.0000;0;0
600;2012-08-14 18:50:00;172602N232;1462;28.547;44;224;224;225;223;2.191;49.97;378.6;2.040;359.1;1.959;0.0;0.000;60;0;0;2.126;2.249;2.199;472;502;486;49.97;49.97;49.97;4902;1000;0.0;0;1.0000;0;0
600;2012-08-14 19:00:00;172602N232;1319;28.766;44;223;225;222;223;2.015;49.98;384.0;1.699;390.1;1.731;0.0;0.000;60;0;0;1.992;2.027;2.026;434;442;441;49.98;49.98;49.98;4902;1000;0.0;0;1.0000;0;0
600;2012-08-14 19:10:00;172602N232;1163;28.961;44;223;226;220;223;1.812;49.99;370.5;1.539;390.5;1.536;0.0;0.000;60;0;0;1.802;1.806;1.829;385;385;391;49.99;49.99;49.99;4902;1000;0.0;0;1.0000;0;0
600;2012-08-14 19:20:00;172602N232;996;29.127;44;223;226;223;221;1.572;49.99;355.1;1.321;391.2;1.356;0.0;0.000;60;0;0;1.562;1.593;1.563;326;339;330;49.99;49.99;49.99;4902;1000;0.0;0;1.0000;0;0
600;2012-08-14 19:30:00;172602N232;760;29.254;44;224;226;224;221;1.360;49.97;291.6;1.070;391.9;1.154;0.0;0.000;60;0;0;1.463;1.288;1.330;255;251;253;49.97;49.97;49.97;4902;1000;0.0;0;1.0000;0;0
600;2012-08-14 19:40:00;172602N232;408;29.322;44;224;226;225;221;1.167;49.97;299.6;0.428;387.8;0.737;0.0;0.000;60;0;0;1.274;1.182;1.047;120;148;138;49.97;49.97;49.97;4902;1000;0.0;0;1.0000;0;0
600;2012-08-14 19:50:00;172602N232;225;29.360;44;225;225;226;223;1.083;49.98;378.9;0.218;340.6;0.390;0.0;0.000;60;0;0;1.288;1.134;0.828;46;92;86;49.98;49.98;49.98;4902;1000;0.0;0;1.0000;0;0
600;2012-08-14 20:00:00;172602N232;142;29.384;44;225;225;225;224;1.007;49.98;373.0;0.171;351.1;0.201;0.0;0.000;60;0;0;1.369;0.892;0.762;11;75;55;49.98;49.98;49.98;4902;1000;0.0;0;1.0000;0;0
600;2012-08-14 20:10:00;172602N232;69;29.395;43;224;226;223;223;0.795;49.98;342.8;0.081;360.4;0.083;0.0;0.000;60;0;0;1.206;0.588;0.592;0;48;39;49.98;49.98;49.98;4902;1000;0.0;0;1.0000;0;0
600;2012-08-14 20:20:00;172602N232;69;29.407;43;224;226;225;221;0.802;49.98;312.9;0.094;380.4;0.077;0.0;0.000;60;0;0;1.149;0.663;0.594;0;40;49;49.98;49.98;49.98;4902;1000;0.0;0;1.0000;0;0
600;2012-08-14 20:30:00;172602N232;38;29.414;42;225;226;226;223;0.550;49.98;318.9;0.035;341.8;0.044;0.0;0.000;60;0;0;0.743;0.509;0.400;0;25;28;49.98;49.98;49.98;4902;1000;0.0;0;1.0000;0;0
600;2012-08-14 20:40:00;172602N232;14;29.417;42;225;225;225;223;0.337;49.98;266.1;0.005;293.8;0.012;0.0;0.000;60;0;0;0.475;0.328;0.208;3;7;12;49.98;49.98;49.98;4902;1000;0.0;0;1.0000;0;0
600;2012-08-14 20:50:00;172602N232;6;29.418;42;224;224;225;223;0.228;49.97;253.1;0.001;263.3;0.004;0.0;0.000;60;0;0;0.276;0.264;0.145;4;3;7;49.97;49.97;49.97;4902;1000;0.0;0;1.0000;0;0
600;2012-08-14 21:00:00;172602N232;0;29.418;41;223;223;225;223;0.000;49.97;275.0;0.000;274.2;0.000;0.0;0.000;50;0;0;0.000;0.000;0.000;0;0;0;49.97;49.97;49.97;4902;1000;0.0;0;1.0000;0;0
600;2012-08-14 21:10:00;172602N232;0;29.418;38;224;224;225;222;0.000;49.97;231.6;0.000;232.6;0.000;0.0;0.000;50;0;0;0.000;0.000;0.000;0;0;0;49.97;49.97;49.97;4902;1000;0.0;0;1.0000;0;0
600;2012-08-14 21:20:00;172602N232;0;29.418;38;224;224;226;221;0.000;49.99;228.4;0.000;229.3;0.000;0.0;0.000;50;0;0;0.000;0.000;0.000;0;0;0;49.99;49.99;49.99;4902;1000;0.0;0;1.0000;0;0
[wr_ende]
