20170412;230000;172602N232;My Plant;+0100
[wr_def_start]
172602N232;Inverter Type;Inverter Group;72602N232      
[wr_def_end]
[wr]
INTERVAL;TIMESTAMP;SERIAL;P_AC;E_DAY;T_WR;U_AC;U_AC_1;U_AC_2;U_AC_3;I_AC;F_AC;U_DC_1;I_DC_1;U_DC_2;I_DC_2;U_DC_3;I_DC_3;S;E_WR;M_WR;I_AC_1;I_AC_2;I_AC_3;P_AC_1;P_AC_2;P_AC_3;F_AC_1;F_AC_2;F_AC_3;R_DC;PC;PCS;PCS_LL;COS_PHI;COS_PHI_LL;S_COS_PHI
600;2017-04-12 05:20:00;172602N232;0;0.000;0;4;4;4;4;0.000;1.07;4.8;0.000;4.8;0.000;0.0;0.000;50;0;0;0.000;0.000;0.000;0;0;0;1.07;1.07;1.07;80;1000;0.0;0;1.0000;0;0
600;2017-04-12 05:30:00;172602N232;0;0.000;19;224;225;227;220;0.000;49.98;227.3;0.000;228.3;0.000;0.0;0.000;50;0;0;0.000;0.000;0.000;0;0;0;49.98;49.98;49.98;0;1000;0.0;0;1.0000;0;0
600;2017-04-12 05:40:00;172602N232;0;0.000;20;223;225;226;220;0.000;49.99;229.5;0.000;230.4;0.000;0.0;0.000;50;0;0;0.000;0.000;0.000;0;0;0;49.99;49.99;49.99;0;1000;0.0;0;1.0000;0;0
600;2017-04-12 05:50:00;172602N232;0;0.000;21;224;224;226;221;0.036;50.00;273.2;0.000;273.2;0.000;0.0;0.000;60;0;0;0.029;0.054;0.026;0;0;1;50.00;50.00;50.00;1728;1000;0.0;0;1.0000;0;0
600;2017-04-12 06:00:00;172602N232;7;0.002;21;224;224;225;222;0.206;49.99;263.8;0.002;261.3;0.004;0.0;0.000;60;0;0;0.221;0.235;0.162;0;2;10;49.99;49.99;49.99;4123;1000;0.0;0;1.0000;0;0
600;2017-04-12 06:10:00;172602N232;18;0.006;22;224;224;224;223;0.330;49.99;299.2;0.011;311.0;0.014;0.0;0.000;60;0;0;0.394;0.355;0.241;1;10;15;49.99;49.99;49.99;4123;1000;0.0;0;1.0000;0;0
600;2017-04-12 06:20:00;172602N232;96;0.020;22;224;224;225;223;0.879;50.04;388.0;0.104;395.9;0.102;0.0;0.000;60;0;0;0.979;0.977;0.682;12;27;56;50.04;50.04;50.04;4123;1000;0.0;0;1.0000;0;0
600;2017-04-12 06:30:00;172602N232;104;0.037;23;223;223;224;222;0.903;49.99;393.1;0.114;399.0;0.112;0.0;0.000;60;0;0;0.949;1.026;0.734;14;25;63;49.99;49.99;49.99;4123;1000;0.0;0;1.0000;0;0
600;2017-04-12 06:40:00;172602N232;68;0.049;23;223;224;224;222;0.725;49.99;372.7;0.070;383.9;0.070;0.0;0.000;60;0;0;0.934;0.675;0.567;2;33;42;49.99;49.99;49.99;4123;1000;0.0;0;1.0000;0;0
600;2017-04-12 06:50:00;172602N232;112;0.068;24;223;223;224;221;0.877;49.98;395.2;0.121;397.7;0.121;0.0;0.000;60;0;0;0.894;1.054;0.685;19;31;60;49.98;49.98;49.98;4123;1000;0.0;0;1.0000;0;0
600;2017-04-12 07:00:00;172602N232;200;0.101;24;223;223;224;221;1.041;49.99;412.3;0.225;412.9;0.223;0.0;0.000;60;0;0;1.202;1.159;0.764;39;76;83;49.99;49.99;49.99;4123;1000;0.0;0;1.0000;0;0
600;2017-04-12 07:10:00;172602N232;112;0.119;24;222;223;223;220;0.929;50.00;394.6;0.123;398.7;0.123;0.0;0.000;60;0;0;1.030;1.013;0.745;10;36;67;50.00;50.00;50.00;4123;1000;0.0;0;1.0000;0;0
600;2017-04-12 07:20:00;172602N232;181;0.151;25;222;223;224;219;1.012;50.03;402.0;0.204;406.3;0.203;0.0;0.000;60;0;0;1.129;1.114;0.794;37;61;82;50.03;50.03;50.03;4123;1000;0.0;0;1.0000;0;0
600;2017-04-12 07:30:00;172602N232;460;0.227;25;222;223;224;220;1.053;49.98;427.4;0.525;426.0;0.520;0.0;0.000;60;0;0;1.091;1.107;0.963;141;162;155;49.98;49.98;49.98;4123;1000;0.0;0;1.0000;0;0
600;2017-04-12 07:40:00;172602N232;252;0.270;25;222;222;223;220;1.088;49.99;413.0;0.288;414.9;0.286;0.0;0.000;60;0;0;1.182;1.230;0.854;62;95;93;49.99;49.99;49.99;4123;1000;0.0;0;1.0000;0;0
600;2017-04-12 07:50:00;172602N232;341;0.326;26;221;222;222;220;1.116;50.00;423.4;0.387;420.6;0.389;0.0;0.000;60;0;0;1.208;1.118;1.024;98;125;116;50.00;50.00;50.00;4123;1000;0.0;0;1.0000;0;0
600;2017-04-12 08:00:00;172602N232;302;0.376;26;221;222;222;219;1.144;50.01;420.7;0.343;418.2;0.344;0.0;0.000;60;0;0;1.296;1.134;1.002;78;114;108;50.01;50.01;50.01;4123;1000;0.0;0;1.0000;0;0
600;2017-04-12 08:10:00;172602N232;248;0.419;26;221;222;222;220;1.089;50.01;416.9;0.280;414.2;0.282;0.0;0.000;60;0;0;1.266;1.183;0.820;57;103;86;50.01;50.01;50.01;4123;1000;0.0;0;1.0000;0;0
600;2017-04-12 08:20:00;172602N232;391;0.484;27;222;222;223;221;0.968;49.98;423.6;0.448;423.0;0.447;0.0;0.000;60;0;0;0.976;1.001;0.929;118;142;130;49.98;49.98;49.98;4123;1000;0.0;0;1.0000;0;0
600;2017-04-12 08:30:00;172602N232;372;0.546;27;222;222;223;220;0.950;50.01;417.9;0.432;422.1;0.425;0.0;0.000;60;0;0;0.962;0.977;0.913;112;134;123;50.01;50.01;50.01;4123;1000;0.0;0;1.0000;0;0
600;2017-04-12 08:40:00;172602N232;280;0.592;27;222;221;223;220;1.117;50.01;417.2;0.319;416.4;0.319;0.0;0.000;60;0;0;1.182;1.249;0.920;87;92;100;50.01;50.01;50.01;4123;1000;0.0;0;1.0000;0;0
600;2017-04-12 08:50:00;172602N232;395;0.659;27;222;222;224;220;0.933;50.01;422.7;0.454;422.5;0.453;0.0;0.000;60;0;0;0.907;1.005;0.889;117;138;138;50.01;50.01;50.01;4123;1000;0.0;0;1.0000;0;0
600;2017-04-12 09:00:00;172602N232;468;0.737;28;221;221;223;219;0.875;50.01;427.5;0.535;425.0;0.537;0.0;0.000;60;0;0;0.842;0.918;0.867;141;166;159;50.01;50.01;50.01;4123;1000;0.0;0;1.0000;0;0
600;2017-04-12 09:10:00;172602N232;440;0.810;28;221;221;223;219;0.768;50.03;428.0;0.502;423.5;0.507;0.0;0.000;60;0;0;0.716;0.815;0.775;134;157;147;50.03;50.03;50.03;4123;1000;0.0;0;1.0000;0;0
600;2017-04-12 09:20:00;172602N232;416;0.880;28;223;224;224;222;0.803;49.98;422.3;0.480;422.6;0.479;0.0;0.000;60;0;0;0.777;0.841;0.793;128;149;137;49.98;49.98;49.98;4123;1000;0.0;0;1.0000;0;0
600;2017-04-12 09:30:00;172602N232;472;0.959;29;224;224;225;223;0.897;50.00;420.7;0.550;424.3;0.544;0.0;0.000;60;0;0;0.910;0.910;0.871;148;164;157;50.00;50.00;50.00;4123;1000;0.0;0;1.0000;0;0
600;2017-04-12 09:40:00;172602N232;552;1.051;29;223;223;224;223;0.975;50.01;426.5;0.636;427.1;0.635;0.0;0.000;60;0;0;0.964;0.991;0.971;174;191;185;50.01;50.01;50.01;4123;1000;0.0;0;1.0000;0;0
600;2017-04-12 09:50:00;172602N232;628;1.157;29;224;223;225;224;0.984;50.00;429.8;0.722;430.3;0.718;0.0;0.000;60;0;0;0.930;1.021;1.002;196;218;212;50.00;50.00;50.00;4123;1000;0.0;0;1.0000;0;0
600;2017-04-12 10:00:00;172602N232;620;1.259;29;224;224;224;223;1.012;50.00;430.5;0.711;428.9;0.709;0.0;0.000;60;0;0;0.971;1.042;1.025;196;214;208;50.00;50.00;50.00;4123;1000;0.0;0;1.0000;0;0
600;2017-04-12 10:10:00;172602N232;596;1.359;30;224;223;224;223;1.068;50.03;422.8;0.695;426.8;0.686;0.0;0.000;60;0;0;1.038;1.100;1.067;188;208;198;50.03;50.03;50.03;4123;1000;0.0;0;1.0000;0;0
600;2017-04-12 10:20:00;172602N232;1123;1.546;30;223;224;224;223;1.733;50.00;441.0;1.273;438.7;1.273;0.0;0.000;60;0;0;1.709;1.750;1.742;366;381;374;50.00;50.00;50.00;4123;1000;0.0;0;1.0000;0;0
600;2017-04-12 10:30:00;172602N232;1473;1.793;30;224;225;224;222;2.229;50.00;443.8;1.671;441.3;1.659;0.0;0.000;60;0;0;2.215;2.247;2.227;489;496;487;50.00;50.00;50.00;4123;1000;0.0;0;1.0000;0;0
600;2017-04-12 10:40:00;172602N232;989;1.958;30;223;224;223;223;1.523;50.00;437.9;1.126;434.1;1.128;0.0;0.000;60;0;0;1.500;1.536;1.534;323;333;331;50.00;50.00;50.00;4123;1000;0.0;0;1.0000;0;0
600;2017-04-12 10:50:00;172602N232;910;2.109;31;224;224;225;223;1.390;50.00;438.0;1.031;434.1;1.041;0.0;0.000;60;0;0;1.345;1.424;1.403;292;313;304;50.00;50.00;50.00;4123;1000;0.0;0;1.0000;0;0
600;2017-04-12 11:00:00;172602N232;729;2.231;31;223;224;224;222;1.139;49.99;433.1;0.832;430.8;0.833;0.0;0.000;60;0;0;1.101;1.165;1.153;232;250;244;49.99;49.99;49.99;4123;1000;0.0;0;1.0000;0;0
600;2017-04-12 11:10:00;172602N232;895;2.380;31;222;228;225;214;1.445;50.01;428.8;1.039;435.2;1.019;0.0;0.000;60;0;0;1.505;1.451;1.380;304;310;278;50.01;50.01;50.01;4123;1000;0.0;0;1.0000;0;0
600;2017-04-12 11:20:00;172602N232;1393;2.612;31;223;227;228;213;2.110;49.96;437.4;1.599;441.4;1.569;0.0;0.000;60;0;0;2.097;2.210;2.023;467;499;425;49.96;49.97;49.96;4123;1000;0.0;0;1.0000;0;0
600;2017-04-12 11:30:00;172602N232;920;2.766;31;222;227;228;212;1.505;50.01;432.2;1.053;432.8;1.054;0.0;0.000;60;0;0;1.538;1.545;1.433;308;328;282;50.01;50.01;50.01;4123;1000;0.0;0;1.0000;0;0
600;2017-04-12 11:40:00;172602N232;2233;3.138;32;224;230;229;212;3.345;50.02;440.2;2.551;436.6;2.580;0.0;0.000;60;0;0;3.381;3.503;3.153;770;797;663;50.02;50.02;50.02;4123;1000;0.0;0;1.0000;0;0
600;2017-04-12 11:50:00;172602N232;1971;3.466;32;223;228;228;214;2.962;50.01;425.4;2.339;427.9;2.293;0.0;0.000;60;0;0;2.971;3.083;2.833;670;697;601;50.01;50.01;50.01;4123;1000;0.0;0;1.0000;0;0
600;2017-04-12 12:00:00;172602N232;1426;3.704;32;223;229;227;214;2.153;50.01;431.4;1.663;429.6;1.649;0.0;0.000;60;0;0;2.153;2.242;2.066;485;502;437;50.01;50.01;50.01;4123;1000;0.0;0;1.0000;0;0
600;2017-04-12 12:10:00;172602N232;1210;3.906;32;223;228;228;213;1.910;50.01;425.1;1.430;425.5;1.414;0.0;0.000;60;0;0;1.957;1.968;1.807;408;430;370;50.01;50.01;50.01;4123;1000;0.0;0;1.0000;0;0
600;2017-04-12 12:20:00;172602N232;2406;4.309;33;224;228;229;213;3.597;49.99;428.0;2.857;427.5;2.819;0.0;0.000;60;0;0;3.603;3.765;3.423;818;863;726;49.99;49.99;49.99;4123;1000;0.0;0;1.0000;0;0
600;2017-04-12 12:30:00;172602N232;3320;4.862;33;224;230;229;213;4.948;50.00;419.4;4.029;419.6;3.984;0.0;0.000;60;0;0;4.991;5.146;4.708;1142;1178;1000;50.00;50.00;50.00;4123;1000;0.0;0;1.0000;0;0
600;2017-04-12 12:40:00;172602N232;1446;5.103;34;223;228;227;214;2.186;50.00;419.2;1.745;420.1;1.714;0.0;0.000;60;0;0;2.173;2.272;2.113;488;510;447;50.00;50.00;50.00;4123;1000;0.0;0;1.0000;0;0
600;2017-04-12 12:50:00;172602N232;2301;5.486;34;224;228;229;215;3.451;49.97;426.6;2.726;426.6;2.706;0.0;0.000;60;0;0;3.454;3.590;3.311;778;814;705;49.97;49.97;49.97;4123;1000;0.0;0;1.0000;0;0
600;2017-04-12 13:00:00;172602N232;2518;5.906;34;224;227;229;218;3.752;50.01;425.0;3.008;423.3;2.989;0.0;0.000;60;0;0;3.733;3.886;3.638;842;886;788;50.01;50.01;50.01;4123;1000;0.0;0;1.0000;0;0
600;2017-04-12 13:10:00;172602N232;2992;6.406;35;226;226;228;225;4.410;50.01;422.2;3.608;422.9;3.576;0.0;0.000;60;0;0;4.355;4.482;4.394;982;1024;984;50.01;50.01;50.01;4123;1000;0.0;0;1.0000;0;0
600;2017-04-12 13:20:00;172602N232;2469;6.818;37;226;226;227;224;3.658;49.96;421.1;2.971;416.1;2.983;0.0;0.000;60;0;0;3.614;3.726;3.636;811;846;810;49.96;49.96;49.96;4123;1000;0.0;0;1.0000;0;0
600;2017-04-12 13:30:00;172602N232;1900;7.134;35;227;226;228;226;2.810;50.00;432.8;2.208;426.2;2.238;0.0;0.000;60;0;0;2.758;2.856;2.818;620;647;632;50.00;50.00;50.00;4123;1000;0.0;0;1.0000;0;0
600;2017-04-12 13:40:00;172602N232;2300;7.518;36;227;227;227;225;3.405;49.99;427.9;2.717;424.6;2.715;0.0;0.000;60;0;0;3.377;3.447;3.391;761;779;758;49.99;49.99;49.99;4123;1000;0.0;0;1.0000;0;0
600;2017-04-12 13:50:00;172602N232;2229;7.890;36;228;229;228;227;3.278;50.00;425.8;2.648;421.4;2.654;0.0;0.000;60;0;0;3.262;3.303;3.270;741;749;736;50.00;50.00;50.00;4123;1000;0.0;0;1.0000;0;0
600;2017-04-12 14:00:00;172602N232;1654;8.165;36;228;230;227;227;2.452;50.01;429.0;1.932;424.3;1.952;0.0;0.000;60;0;0;2.444;2.463;2.451;551;554;547;50.01;50.01;50.01;4123;1000;0.0;0;1.0000;0;0
600;2017-04-12 14:10:00;172602N232;1622;8.435;36;228;230;227;226;2.406;50.00;428.2;1.891;423.7;1.922;0.0;0.000;60;0;0;2.395;2.423;2.401;541;544;535;50.00;50.00;50.00;4123;1000;0.0;0;1.0000;0;0
600;2017-04-12 14:20:00;172602N232;1205;8.636;36;227;229;228;225;1.803;50.02;426.6;1.408;424.6;1.417;0.0;0.000;60;0;0;1.779;1.830;1.800;396;410;397;50.02;50.02;50.02;4123;1000;0.0;0;1.0000;0;0
600;2017-04-12 14:30:00;172602N232;3565;9.231;36;228;230;232;224;5.204;50.01;422.1;4.280;423.3;4.270;0.0;0.000;60;0;0;5.188;5.343;5.081;1189;1242;1134;50.01;50.01;50.01;4123;1000;0.0;0;1.0000;0;0
600;2017-04-12 14:40:00;172602N232;1959;9.557;36;227;228;230;224;2.891;50.00;421.7;2.326;418.2;2.362;0.0;0.000;60;0;0;2.850;2.961;2.864;643;674;638;50.00;50.00;50.00;4123;1000;0.0;0;1.0000;0;0
600;2017-04-12 14:50:00;172602N232;1479;9.804;36;226;227;228;224;2.215;50.01;426.9;1.716;424.5;1.753;0.0;0.000;60;0;0;2.183;2.262;2.201;484;508;485;50.01;50.01;50.01;4123;1000;0.0;0;1.0000;0;0
600;2017-04-12 15:00:00;172602N232;2160;10.164;36;227;227;231;223;3.184;50.01;427.5;2.528;423.1;2.576;0.0;0.000;60;0;0;3.127;3.279;3.148;706;755;699;50.01;50.01;50.01;4123;1000;0.0;0;1.0000;0;0
600;2017-04-12 15:10:00;172602N232;3124;10.685;36;228;229;232;224;4.567;50.01;422.5;3.737;421.1;3.748;0.0;0.000;60;0;0;4.524;4.687;4.491;1031;1086;1004;50.01;50.01;50.01;4123;1000;0.0;0;1.0000;0;0
600;2017-04-12 15:20:00;172602N232;3475;11.264;38;229;229;231;226;5.070;50.01;413.9;4.244;413.1;4.249;0.0;0.000;60;0;0;5.025;5.175;5.012;1149;1200;1127;50.01;50.01;50.01;4123;1000;0.0;0;1.0000;0;0
600;2017-04-12 15:30:00;172602N232;2265;11.642;37;227;228;229;226;3.341;49.99;416.8;2.719;418.1;2.721;0.0;0.000;60;0;0;3.299;3.392;3.332;744;772;746;49.99;49.99;49.99;4123;1000;0.0;0;1.0000;0;0
600;2017-04-12 15:40:00;172602N232;2027;11.980;37;227;227;229;225;2.993;49.99;425.1;2.376;417.8;2.453;0.0;0.000;60;0;0;2.952;3.042;2.985;665;694;667;49.99;49.99;49.99;4123;1000;0.0;0;1.0000;0;0
600;2017-04-12 15:50:00;172602N232;2228;12.353;37;227;228;229;224;3.285;49.98;432.2;2.579;423.1;2.664;0.0;0.000;60;0;0;3.262;3.350;3.244;740;765;721;49.98;49.98;49.98;4123;1000;0.0;0;1.0000;0;0
600;2017-04-12 16:00:00;172602N232;1417;12.588;37;226;228;228;222;2.127;49.99;423.8;1.666;420.2;1.695;0.0;0.000;60;0;0;2.106;2.172;2.105;468;487;459;49.99;49.99;49.99;4123;1000;0.0;0;1.0000;0;0
600;2017-04-12 16:10:00;172602N232;1239;12.795;37;226;228;227;224;1.870;49.99;420.9;1.449;426.3;1.471;0.0;0.000;60;0;0;1.850;1.895;1.867;407;422;408;49.99;49.99;49.99;4123;1000;0.0;0;1.0000;0;0
600;2017-04-12 16:20:00;172602N232;1004;12.963;37;226;226;228;225;1.577;50.03;420.3;1.182;421.9;1.182;0.0;0.000;60;0;0;1.537;1.624;1.572;323;348;332;50.03;50.03;50.03;4123;1000;0.0;0;1.0000;0;0
600;2017-04-12 16:30:00;172602N232;585;13.060;36;225;225;226;225;0.960;49.99;423.6;0.677;421.8;0.682;0.0;0.000;60;0;0;0.919;0.983;0.978;183;202;199;49.99;49.99;49.99;4123;1000;0.0;0;1.0000;0;0
600;2017-04-12 16:40:00;172602N232;521;13.147;36;226;225;226;226;0.942;49.98;417.2;0.608;423.7;0.603;0.0;0.000;60;0;0;0.883;0.982;0.963;160;184;175;49.98;49.98;49.98;4123;1000;0.0;0;1.0000;0;0
600;2017-04-12 16:50:00;172602N232;686;13.262;36;225;226;225;224;1.209;49.99;421.7;0.792;427.0;0.802;0.0;0.000;60;0;0;1.277;1.175;1.175;225;230;229;49.99;49.99;49.99;4123;1000;0.0;0;1.0000;0;0
600;2017-04-12 17:00:00;172602N232;647;13.370;35;225;226;226;224;1.021;49.98;418.4;0.754;425.6;0.756;0.0;0.000;60;0;0;0.991;1.042;1.031;205;222;218;49.98;49.98;49.98;4123;1000;0.0;0;1.0000;0;0
600;2017-04-12 17:10:00;172602N232;506;13.455;35;224;225;225;223;1.005;49.99;419.9;0.590;423.7;0.582;0.0;0.000;60;0;0;0.987;1.042;0.988;160;180;164;49.99;49.99;49.99;4123;1000;0.0;0;1.0000;0;0
600;2017-04-12 17:20:00;172602N232;315;13.507;35;224;225;224;225;1.089;50.03;415.1;0.358;418.1;0.358;0.0;0.000;60;0;0;1.203;1.090;0.974;95;133;85;50.03;50.03;50.03;4123;1000;0.0;0;1.0000;0;0
600;2017-04-12 17:30:00;172602N232;515;13.593;34;225;225;226;225;0.951;50.00;416.4;0.598;427.5;0.598;0.0;0.000;60;0;0;0.918;0.994;0.942;159;182;171;50.00;50.00;50.00;4123;1000;0.0;0;1.0000;0;0
600;2017-04-12 17:40:00;172602N232;445;13.668;34;225;224;227;224;1.086;49.98;417.1;0.512;426.2;0.511;0.0;0.000;60;0;0;1.049;1.180;1.030;134;154;155;49.98;49.98;49.98;4123;1000;0.0;0;1.0000;0;0
600;2017-04-12 17:50:00;172602N232;366;13.729;34;225;225;227;223;1.155;49.98;415.4;0.420;424.1;0.416;0.0;0.000;60;0;0;1.192;1.245;1.029;109;130;124;49.98;49.98;49.98;4123;1000;0.0;0;1.0000;0;0
600;2017-04-12 18:00:00;172602N232;549;13.821;33;225;227;227;222;1.112;49.97;417.1;0.630;428.8;0.637;0.0;0.000;60;0;0;1.164;1.123;1.050;170;196;180;49.97;49.97;49.97;4123;1000;0.0;0;1.0000;0;0
600;2017-04-12 18:10:00;172602N232;255;13.862;33;226;227;229;224;1.102;49.98;406.4;0.293;415.7;0.289;0.0;0.000;60;0;0;1.185;1.242;0.880;69;86;98;49.98;49.98;49.98;4123;1000;0.0;0;1.0000;0;0
600;2017-04-12 18:20:00;172602N232;108;13.881;33;226;226;228;226;0.939;50.05;386.1;0.119;398.0;0.118;0.0;0.000;60;0;0;0.851;1.212;0.755;26;17;64;50.05;50.05;50.05;4123;1000;0.0;0;1.0000;0;0
600;2017-04-12 18:30:00;172602N232;160;13.908;32;226;226;227;226;0.936;50.01;397.3;0.180;407.5;0.178;0.0;0.000;60;0;0;0.967;1.077;0.766;38;56;64;50.01;50.01;50.01;4123;1000;0.0;0;1.0000;0;0
600;2017-04-12 18:40:00;172602N232;112;13.927;32;227;227;227;226;0.925;49.99;384.6;0.125;400.1;0.124;0.0;0.000;60;0;0;1.083;0.922;0.772;6;45;62;49.99;49.99;49.99;4123;1000;0.0;0;1.0000;0;0
600;2017-04-12 18:50:00;172602N232;50;13.935;32;226;226;226;225;0.614;49.98;335.1;0.048;348.7;0.049;0.0;0.000;60;0;0;0.699;0.555;0.590;1;18;39;49.98;49.98;49.98;4123;1000;0.0;0;1.0000;0;0
600;2017-04-12 19:00:00;172602N232;19;13.938;31;223;223;224;223;0.366;49.97;296.4;0.009;303.0;0.013;0.0;0.000;60;0;0;0.444;0.377;0.277;0;11;16;49.97;49.97;49.97;4123;1000;0.0;0;1.0000;0;0
600;2017-04-12 19:10:00;172602N232;8;13.939;31;223;223;223;222;0.171;49.98;271.7;0.004;278.7;0.006;0.0;0.000;60;0;0;0.217;0.181;0.116;0;5;6;49.98;49.98;49.98;4123;1000;0.0;0;1.0000;0;0
600;2017-04-12 19:20:00;172602N232;0;13.939;30;222;223;225;220;0.010;50.02;265.7;0.000;265.9;0.000;0.0;0.000;60;0;0;0.019;0.006;0.005;0;0;0;50.02;50.02;50.02;4818;1000;0.0;0;1.0000;0;0
600;2017-04-12 19:30:00;172602N232;0;13.940;29;223;223;225;221;0.017;50.00;279.3;0.000;278.7;0.000;0.0;0.000;51;0;0;0.023;0.018;0.010;0;0;0;50.00;50.00;50.00;6506;1000;0.0;0;1.0000;0;0
600;2017-04-12 19:40:00;172602N232;0;13.940;29;222;222;225;219;0.000;49.99;231.8;0.000;232.7;0.000;0.0;0.000;51;0;0;0.000;0.000;0.000;0;0;0;49.99;49.99;49.99;4726;1000;0.0;0;1.0000;0;0
600;2017-04-12 19:50:00;172602N232;0;13.940;28;222;222;226;219;0.000;49.98;227.2;0.000;228.2;0.000;0.0;0.000;51;0;0;0.000;0.000;0.000;0;0;0;49.98;49.98;49.98;4726;1000;0.0;0;1.0000;0;0
[wr_ende]
