20120724;230003;172602N232;My Plant;+0100
[wr_def_start]
172602N232;Inverter Type;Inverter Group;72602N232      
[wr_def_end]
[wr]
INTERVAL;TIMESTAMP;SERIAL;P_AC;E_DAY;T_WR;U_AC;U_AC_1;U_AC_2;U_AC_3;I_AC;F_AC;U_DC_1;I_DC_1;U_DC_2;I_DC_2;U_DC_3;I_DC_3;S;E_WR;M_WR;I_AC_1;I_AC_2;I_AC_3;P_AC_1;P_AC_2;P_AC_3;F_AC_1;F_AC_2;F_AC_3;R_DC;PC;PCS;PCS_LL;COS_PHI;COS_PHI_LL;S_COS_PHI
600;2012-07-24 04:50:00;172602N232;0;0.000;0;6;6;6;6;0.000;1.44;6.4;0.000;6.5;0.000;0.0;0.000;50;0;0;0.000;0.000;0.000;0;0;0;1.44;1.44;1.44;170;1000;0.0;0;1.0000;0;0
600;2012-07-24 05:00:00;172602N232;0;0.000;30;227;227;229;224;0.000;50.00;229.3;0.000;230.3;0.000;0.0;0.000;50;0;0;0.000;0.000;0.000;0;0;0;50.00;50.00;50.00;0;1000;0.0;0;1.0000;0;0
600;2012-07-24 05:10:00;172602N232;0;0.000;31;227;227;229;224;0.000;50.01;234.8;0.000;235.7;0.000;0.0;0.000;50;0;0;0.000;0.000;0.000;0;0;0;50.01;50.01;50.01;0;1000;0.0;0;1.0000;0;0
600;2012-07-24 05:20:00;172602N232;0;0.000;32;227;227;229;224;0.001;50.00;282.4;0.000;280.7;0.000;0.0;0.000;60;0;0;0.002;0.001;0.001;0;0;0;50.00;50.00;50.00;5607;1000;0.0;0;1.0000;0;0
600;2012-07-24 05:30:00;172602N232;2;0.000;32;227;227;228;225;0.115;49.99;266.3;0.000;265.5;0.000;0.0;0.000;60;0;0;0.123;0.133;0.089;0;1;5;49.99;49.99;49.99;13571;1000;0.0;0;1.0000;0;0
600;2012-07-24 05:40:00;172602N232;13;0.003;32;227;227;228;226;0.339;50.00;293.8;0.006;261.0;0.007;0.0;0.000;60;0;0;0.423;0.374;0.220;3;2;13;50.00;50.00;50.00;13796;1000;0.0;0;1.0000;0;0
600;2012-07-24 05:50:00;172602N232;27;0.008;33;226;226;227;224;0.480;50.01;336.6;0.025;303.7;0.022;0.0;0.000;60;0;0;0.519;0.558;0.363;1;8;25;50.01;50.01;50.01;13796;1000;0.0;0;1.0000;0;0
600;2012-07-24 06:00:00;172602N232;40;0.015;33;225;226;227;224;0.676;50.02;354.9;0.043;334.2;0.038;0.0;0.000;60;0;0;0.738;0.816;0.474;3;4;33;50.02;50.02;50.02;13796;1000;0.0;0;1.0000;0;0
600;2012-07-24 06:10:00;172602N232;56;0.024;33;224;225;225;223;0.773;50.02;367.1;0.064;362.8;0.053;0.0;0.000;60;0;0;0.888;0.862;0.570;4;13;40;50.02;50.02;50.02;13796;1000;0.0;0;1.0000;0;0
600;2012-07-24 06:20:00;172602N232;73;0.037;34;223;224;224;222;0.851;49.99;378.5;0.086;382.6;0.071;0.0;0.000;60;0;0;1.044;0.874;0.636;1;25;49;49.99;49.99;49.99;13796;1000;0.0;0;1.0000;0;0
600;2012-07-24 06:30:00;172602N232;87;0.050;35;223;223;224;222;0.973;49.99;386.0;0.103;389.1;0.086;0.0;0.000;60;0;0;0.984;1.186;0.751;12;14;59;49.99;49.99;49.99;13796;1000;0.0;0;1.0000;0;0
600;2012-07-24 06:40:00;172602N232;102;0.068;35;223;223;224;221;0.977;49.98;392.7;0.121;394.5;0.102;0.0;0.000;60;0;0;1.055;1.120;0.758;9;27;64;49.98;49.98;49.98;13796;1000;0.0;0;1.0000;0;0
600;2012-07-24 06:50:00;172602N232;117;0.087;36;226;226;227;224;0.908;49.98;396.6;0.139;396.6;0.119;0.0;0.000;60;0;0;0.945;1.069;0.711;17;34;63;49.98;49.98;49.98;13796;1000;0.0;0;1.0000;0;0
600;2012-07-24 07:00:00;172602N232;130;0.109;36;226;226;227;224;0.956;49.99;399.5;0.155;399.5;0.134;0.0;0.000;60;0;0;1.022;1.056;0.790;20;36;72;49.99;49.99;49.99;13796;1000;0.0;0;1.0000;0;0
600;2012-07-24 07:10:00;172602N232;141;0.132;37;225;225;226;223;0.976;50.02;399.5;0.171;401.7;0.147;0.0;0.000;60;0;0;0.977;1.150;0.803;30;34;75;50.02;50.02;50.02;13796;1000;0.0;0;1.0000;0;0
600;2012-07-24 07:20:00;172602N232;152;0.157;37;224;224;225;222;0.964;50.00;399.3;0.185;401.8;0.159;0.0;0.000;60;0;0;0.935;1.162;0.796;35;37;78;50.00;50.00;50.00;13796;1000;0.0;0;1.0000;0;0
600;2012-07-24 07:30:00;172602N232;163;0.185;37;223;223;224;221;1.019;49.98;399.8;0.199;401.5;0.171;0.0;0.000;60;0;0;0.984;1.247;0.827;20;47;94;49.98;49.98;49.98;13796;1000;0.0;0;1.0000;0;0
600;2012-07-24 07:40:00;172602N232;176;0.214;38;222;223;224;220;0.972;49.99;405.1;0.213;401.8;0.183;0.0;0.000;60;0;0;0.955;1.245;0.716;3;82;89;49.99;49.99;49.99;13796;1000;0.0;0;1.0000;0;0
600;2012-07-24 07:50:00;172602N232;189;0.246;38;223;223;225;222;0.986;49.98;416.3;0.228;402.0;0.196;0.0;0.000;60;0;0;1.006;1.255;0.699;35;75;78;49.98;49.98;49.98;13796;1000;0.0;0;1.0000;0;0
600;2012-07-24 08:00:00;172602N232;204;0.280;38;225;225;227;224;1.052;49.98;426.2;0.244;403.9;0.209;0.0;0.000;60;0;0;1.285;1.200;0.672;53;77;72;49.98;49.98;49.98;13796;1000;0.0;0;1.0000;0;0
600;2012-07-24 08:10:00;172602N232;219;0.317;38;225;225;227;223;1.105;50.01;434.5;0.259;407.4;0.223;0.0;0.000;60;0;0;1.313;1.302;0.702;54;84;79;50.01;50.01;50.01;13796;1000;0.0;0;1.0000;0;0
600;2012-07-24 08:20:00;172602N232;237;0.357;38;225;225;227;224;1.052;50.00;445.4;0.276;409.4;0.238;0.0;0.000;60;0;0;1.180;1.300;0.676;69;90;76;50.00;50.00;50.00;13796;1000;0.0;0;1.0000;0;0
600;2012-07-24 08:30:00;172602N232;254;0.399;38;226;225;229;225;1.130;49.98;455.6;0.292;409.9;0.253;0.0;0.000;60;0;0;0.946;1.462;0.984;65;80;106;49.98;49.98;49.98;13796;1000;0.0;0;1.0000;0;0
600;2012-07-24 08:40:00;172602N232;415;0.469;39;226;225;228;225;1.116;49.97;448.9;0.655;412.8;0.278;0.0;0.000;60;0;0;1.047;1.295;1.006;118;146;148;49.97;49.97;49.97;13796;1000;0.0;0;1.0000;0;0
600;2012-07-24 08:50:00;172602N232;1044;0.642;39;226;226;228;225;1.567;49.97;400.8;2.290;423.3;0.300;0.0;0.000;60;0;0;1.508;1.612;1.583;332;361;349;49.97;49.97;49.97;13796;1000;0.0;0;1.0000;0;0
600;2012-07-24 09:00:00;172602N232;1165;0.838;39;226;225;228;225;1.800;49.98;399.9;2.567;431.0;0.322;0.0;0.000;60;0;0;1.757;1.843;1.800;373;404;387;49.98;49.98;49.98;13796;1000;0.0;0;1.0000;0;0
600;2012-07-24 09:10:00;172602N232;1258;1.046;39;226;225;228;224;1.969;49.99;397.4;2.791;429.5;0.352;0.0;0.000;60;0;0;1.924;2.006;1.979;398;434;423;49.99;49.99;49.99;13796;1000;0.0;0;1.0000;0;0
600;2012-07-24 09:20:00;172602N232;1341;1.271;40;225;226;226;224;2.036;49.98;395.0;3.002;434.0;0.366;0.0;0.000;60;0;0;1.989;2.067;2.052;432;459;448;49.98;49.98;49.98;13796;1000;0.0;0;1.0000;0;0
600;2012-07-24 09:30:00;172602N232;1418;1.508;40;225;225;227;224;2.115;49.98;394.7;3.195;431.6;0.374;0.0;0.000;60;0;0;2.056;2.170;2.121;458;489;470;49.98;49.98;49.98;13796;1000;0.0;0;1.0000;0;0
600;2012-07-24 09:40:00;172602N232;1414;1.743;41;226;225;228;226;2.099;50.00;375.8;3.383;408.4;0.371;0.0;0.000;60;0;0;2.020;2.154;2.125;450;487;475;50.00;50.00;50.00;13796;1000;0.0;0;1.0000;0;0
600;2012-07-24 09:50:00;172602N232;1311;1.961;41;227;227;229;226;1.982;49.99;326.6;3.596;404.4;0.373;0.0;0.000;60;0;0;1.930;2.015;2.002;421;450;439;49.99;49.99;49.99;13796;1000;0.0;0;1.0000;0;0
600;2012-07-24 10:00:00;172602N232;1430;2.200;42;226;226;229;225;2.129;50.00;346.6;3.754;379.8;0.380;0.0;0.000;60;0;0;2.061;2.188;2.140;458;494;476;50.00;50.00;50.00;13796;1000;0.0;0;1.0000;0;0
600;2012-07-24 10:10:00;172602N232;1653;2.475;42;227;226;229;225;2.446;49.99;378.4;4.032;372.1;0.379;0.0;0.000;60;0;0;2.377;2.510;2.451;534;569;548;49.99;49.99;49.99;13796;1000;0.0;0;1.0000;0;0
600;2012-07-24 10:20:00;172602N232;1752;2.768;42;227;226;229;225;2.595;50.00;383.1;4.225;400.1;0.365;0.0;0.000;60;0;0;2.531;2.658;2.597;568;602;579;50.00;50.00;50.00;13796;1000;0.0;0;1.0000;0;0
600;2012-07-24 10:30:00;172602N232;1809;3.070;43;227;227;228;226;2.679;50.00;378.7;4.419;416.0;0.360;0.0;0.000;60;0;0;2.615;2.727;2.695;588;616;604;50.00;50.00;50.00;13796;1000;0.0;0;1.0000;0;0
600;2012-07-24 10:40:00;172602N232;1866;3.382;43;227;227;228;226;2.762;49.98;375.5;4.598;407.4;0.378;0.0;0.000;60;0;0;2.705;2.807;2.774;609;634;621;49.98;49.98;49.98;13796;1000;0.0;0;1.0000;0;0
600;2012-07-24 10:50:00;172602N232;1917;3.700;43;227;227;228;225;2.839;49.99;372.5;4.764;419.2;0.376;0.0;0.000;60;0;0;2.778;2.904;2.837;625;657;632;49.99;49.99;49.99;13796;1000;0.0;0;1.0000;0;0
600;2012-07-24 11:00:00;172602N232;1974;4.030;43;226;228;229;222;2.925;49.99;371.1;4.922;417.0;0.392;0.0;0.000;60;0;0;2.875;3.013;2.888;650;685;637;49.99;49.99;49.99;13796;1000;0.0;0;1.0000;0;0
600;2012-07-24 11:10:00;172602N232;2043;4.371;44;226;227;229;222;3.027;49.99;371.3;5.082;421.7;0.412;0.0;0.000;60;0;0;2.967;3.123;2.991;669;711;660;49.99;49.99;49.99;13796;1000;0.0;0;1.0000;0;0
600;2012-07-24 11:20:00;172602N232;2108;4.722;44;226;227;229;222;3.125;49.99;370.1;5.235;434.2;0.434;0.0;0.000;60;0;0;3.069;3.223;3.083;692;734;680;49.99;49.99;49.99;13796;1000;0.0;0;1.0000;0;0
600;2012-07-24 11:30:00;172602N232;2165;5.084;44;226;227;228;224;3.206;49.98;368.2;5.385;435.5;0.463;0.0;0.000;60;0;0;3.153;3.274;3.191;711;742;710;49.98;49.98;49.98;13796;1000;0.0;0;1.0000;0;0
600;2012-07-24 11:40:00;172602N232;2201;5.450;44;226;227;227;226;3.259;49.99;364.9;5.530;430.0;0.474;0.0;0.000;60;0;0;3.212;3.295;3.270;724;741;733;49.99;49.99;49.99;13796;1000;0.0;0;1.0000;0;0
600;2012-07-24 11:50:00;172602N232;2244;5.823;44;227;227;228;225;3.318;50.00;362.7;5.673;427.8;0.487;0.0;0.000;60;0;0;3.262;3.369;3.325;735;762;745;50.00;50.00;50.00;13796;1000;0.0;0;1.0000;0;0
600;2012-07-24 12:00:00;172602N232;2726;6.278;45;227;227;229;226;4.009;50.01;360.8;5.785;328.1;2.564;0.0;0.000;60;0;0;3.942;4.065;4.022;892;926;906;50.01;50.01;50.01;13796;1000;0.0;0;1.0000;0;0
600;2012-07-24 12:10:00;172602N232;3307;6.830;45;228;228;230;225;4.852;49.99;358.5;5.902;251.5;5.017;0.0;0.000;60;0;0;4.789;4.940;4.828;1090;1132;1083;49.99;49.99;49.99;13796;1000;0.0;0;1.0000;0;0
600;2012-07-24 12:20:00;172602N232;3498;7.413;45;227;229;230;223;5.140;50.03;358.0;5.992;253.2;5.653;0.0;0.000;60;0;0;5.100;5.240;5.081;1162;1202;1132;50.03;50.03;50.03;13796;1000;0.0;0;1.0000;0;0
600;2012-07-24 12:30:00;172602N232;3621;8.017;46;227;228;230;223;5.322;50.01;357.5;6.050;259.5;5.933;0.0;0.000;60;0;0;5.267;5.429;5.270;1197;1247;1175;50.01;50.01;50.01;13796;1000;0.0;0;1.0000;0;0
600;2012-07-24 12:40:00;172602N232;3720;8.636;46;227;228;230;224;5.462;49.99;355.4;6.127;270.4;6.010;0.0;0.000;60;0;0;5.415;5.584;5.389;1233;1282;1203;49.99;49.99;49.99;13796;1000;0.0;0;1.0000;0;0
600;2012-07-24 12:50:00;172602N232;3867;9.282;46;228;228;230;226;5.665;50.01;353.6;6.255;285.3;6.102;0.0;0.000;60;0;0;5.590;5.743;5.662;1270;1318;1277;50.01;50.01;50.01;13796;1000;0.0;0;1.0000;0;0
600;2012-07-24 13:00:00;172602N232;3938;9.938;46;228;227;229;226;5.773;50.02;352.9;6.293;289.3;6.231;0.0;0.000;60;0;0;5.703;5.839;5.779;1295;1337;1304;50.02;50.02;50.02;13796;1000;0.0;0;1.0000;0;0
600;2012-07-24 13:10:00;172602N232;4037;10.612;47;227;227;228;227;5.925;49.99;353.6;6.371;296.7;6.305;0.0;0.000;60;0;0;5.868;5.967;5.940;1329;1361;1345;49.99;49.99;49.99;13796;1000;0.0;0;1.0000;0;0
600;2012-07-24 13:20:00;172602N232;4129;11.300;47;227;226;230;225;6.065;49.99;352.5;6.400;309.3;6.339;0.0;0.000;60;0;0;5.980;6.179;6.036;1352;1419;1356;49.99;49.99;49.99;13796;1000;0.0;0;1.0000;0;0
600;2012-07-24 13:30:00;172602N232;4120;11.987;47;227;227;230;223;6.054;49.99;351.6;6.366;312.4;6.301;0.0;0.000;60;0;0;5.990;6.198;5.974;1359;1427;1331;49.99;49.99;49.99;13796;1000;0.0;0;1.0000;0;0
600;2012-07-24 13:40:00;172602N232;4225;12.690;47;227;226;231;223;6.215;49.99;350.9;6.400;325.7;6.347;0.0;0.000;60;0;0;6.125;6.392;6.129;1385;1473;1364;49.99;49.99;49.99;13796;1000;0.0;0;1.0000;0;0
600;2012-07-24 13:50:00;172602N232;4278;13.404;48;227;227;231;224;6.282;50.00;351.8;6.418;334.6;6.305;0.0;0.000;60;0;0;6.199;6.431;6.216;1405;1482;1390;50.00;50.00;50.00;13796;1000;0.0;0;1.0000;0;0
600;2012-07-24 14:00:00;172602N232;4330;14.125;48;228;226;231;226;6.341;50.00;350.0;6.401;341.9;6.368;0.0;0.000;60;0;0;6.222;6.442;6.361;1405;1484;1439;50.00;50.00;50.00;13796;1000;0.0;0;1.0000;0;0
600;2012-07-24 14:10:00;172602N232;4360;14.851;48;228;227;230;226;6.379;49.98;349.1;6.418;345.9;6.382;0.0;0.000;60;0;0;6.296;6.476;6.365;1429;1490;1439;49.98;49.98;49.98;13796;1000;0.0;0;1.0000;0;0
600;2012-07-24 14:20:00;172602N232;4352;15.578;48;228;228;229;226;6.375;49.99;348.2;6.377;348.8;6.360;0.0;0.000;60;0;0;6.317;6.438;6.370;1437;1473;1440;49.99;49.99;49.99;13796;1000;0.0;0;1.0000;0;0
600;2012-07-24 14:30:00;172602N232;4332;16.300;48;227;228;229;223;6.379;49.97;348.2;6.355;348.1;6.340;0.0;0.000;60;0;0;6.353;6.491;6.295;1445;1484;1402;49.97;49.97;49.97;13796;1000;0.0;0;1.0000;0;0
600;2012-07-24 14:40:00;172602N232;4293;17.016;48;226;227;229;223;6.333;49.96;346.8;6.320;346.8;6.307;0.0;0.000;60;0;0;6.272;6.447;6.282;1418;1471;1402;49.96;49.96;49.96;13796;1000;0.0;0;1.0000;0;0
600;2012-07-24 14:50:00;172602N232;4267;17.727;49;226;225;229;225;6.292;49.99;347.4;6.276;346.9;6.261;0.0;0.000;60;0;0;6.188;6.391;6.298;1389;1459;1417;49.99;49.99;49.99;13796;1000;0.0;0;1.0000;0;0
600;2012-07-24 15:00:00;172602N232;4254;18.436;49;227;225;230;225;6.254;50.00;348.0;6.245;347.3;6.235;0.0;0.000;60;0;0;6.140;6.360;6.264;1381;1461;1410;50.00;50.00;50.00;13796;1000;0.0;0;1.0000;0;0
600;2012-07-24 15:10:00;172602N232;4212;19.138;49;227;226;230;226;6.183;49.97;348.4;6.178;347.3;6.170;0.0;0.000;60;0;0;6.069;6.311;6.169;1367;1452;1391;49.97;49.97;49.97;13796;1000;0.0;0;1.0000;0;0
600;2012-07-24 15:20:00;172602N232;4196;19.838;49;228;226;230;226;6.153;49.99;349.4;6.130;349.0;6.122;0.0;0.000;60;0;0;6.052;6.263;6.145;1366;1439;1389;49.99;49.99;49.99;13796;1000;0.0;0;1.0000;0;0
600;2012-07-24 15:30:00;172602N232;4152;20.530;49;228;228;230;227;6.068;49.99;350.4;6.056;365.0;5.786;0.0;0.000;60;0;0;5.995;6.149;6.062;1364;1412;1374;49.99;49.99;49.99;13796;1000;0.0;0;1.0000;0;0
600;2012-07-24 15:40:00;172602N232;4214;21.231;49;228;228;230;227;6.162;49.99;351.2;5.949;369.7;5.959;0.0;0.000;60;0;0;6.092;6.241;6.155;1387;1432;1393;49.99;49.99;49.99;13796;1000;0.0;0;1.0000;0;0
600;2012-07-24 15:50:00;172602N232;4079;21.913;49;228;228;230;226;5.974;49.99;351.0;5.839;359.9;5.850;0.0;0.000;60;0;0;5.904;6.055;5.964;1344;1387;1346;49.99;49.99;49.99;13796;1000;0.0;0;1.0000;0;0
600;2012-07-24 16:00:00;172602N232;4019;22.583;49;228;229;229;227;5.882;49.99;352.9;5.748;358.7;5.759;0.0;0.000;60;0;0;5.833;5.942;5.872;1330;1360;1326;49.99;49.99;49.99;13796;1000;0.0;0;1.0000;0;0
600;2012-07-24 16:10:00;172602N232;3913;23.235;50;228;229;230;227;5.724;49.98;353.8;5.596;357.6;5.607;0.0;0.000;60;0;0;5.674;5.786;5.713;1293;1326;1292;49.98;49.98;49.98;13796;1000;0.0;0;1.0000;0;0
600;2012-07-24 16:20:00;172602N232;3819;23.872;50;228;228;228;227;5.604;49.97;355.0;5.448;357.8;5.462;0.0;0.000;60;0;0;5.570;5.641;5.601;1268;1283;1267;49.98;49.97;49.98;13796;1000;0.0;0;1.0000;0;0
600;2012-07-24 16:30:00;172602N232;3711;24.490;50;228;228;230;226;5.442;49.96;355.6;5.285;358.1;5.299;0.0;0.000;60;0;0;5.381;5.514;5.432;1222;1262;1225;49.96;49.96;49.96;13796;1000;0.0;0;1.0000;0;0
600;2012-07-24 16:40:00;172602N232;3592;25.089;49;228;229;230;227;5.259;49.97;363.4;4.988;358.9;5.134;0.0;0.000;60;0;0;5.201;5.326;5.251;1184;1221;1185;49.97;49.97;49.97;13796;1000;0.0;0;1.0000;0;0
600;2012-07-24 16:50:00;172602N232;3446;25.664;49;228;229;231;226;5.044;49.98;360.6;4.764;360.4;4.964;0.0;0.000;60;0;0;4.988;5.123;5.023;1135;1177;1132;49.98;49.98;49.98;13796;1000;0.0;0;1.0000;0;0
600;2012-07-24 17:00:00;172602N232;3370;26.225;49;228;229;230;226;4.932;50.00;352.8;4.776;363.0;4.799;0.0;0.000;60;0;0;4.883;5.005;4.908;1113;1149;1106;50.00;50.00;50.00;13796;1000;0.0;0;1.0000;0;0
600;2012-07-24 17:10:00;172602N232;3265;26.769;49;229;229;231;226;4.770;49.99;354.2;4.608;364.6;4.626;0.0;0.000;60;0;0;4.713;4.848;4.751;1075;1115;1073;49.99;49.99;49.99;13796;1000;0.0;0;1.0000;0;0
600;2012-07-24 17:20:00;172602N232;3145;27.295;49;229;228;231;227;4.598;49.99;354.6;4.433;364.6;4.452;0.0;0.000;60;0;0;4.516;4.681;4.598;1025;1077;1041;49.99;49.99;49.99;13796;1000;0.0;0;1.0000;0;0
600;2012-07-24 17:30:00;172602N232;3010;27.796;49;228;229;230;226;4.407;49.98;356.0;4.224;366.1;4.243;0.0;0.000;60;0;0;4.364;4.467;4.391;995;1023;991;49.98;49.98;49.98;13796;1000;0.0;0;1.0000;0;0
600;2012-07-24 17:40:00;172602N232;2903;28.281;49;229;230;230;227;4.240;49.99;357.6;4.053;367.2;4.078;0.0;0.000;60;0;0;4.193;4.297;4.230;958;986;956;49.99;49.99;49.99;13796;1000;0.0;0;1.0000;0;0
600;2012-07-24 17:50:00;172602N232;2781;28.745;49;229;230;231;226;4.062;49.99;359.9;3.855;369.7;3.877;0.0;0.000;60;0;0;4.013;4.134;4.039;918;951;910;49.99;49.99;49.99;13796;1000;0.0;0;1.0000;0;0
600;2012-07-24 18:00:00;172602N232;2577;29.174;49;227;227;229;224;3.802;49.99;367.5;3.480;371.0;3.592;0.0;0.000;60;0;0;3.748;3.877;3.783;846;884;844;49.99;49.99;49.99;13796;1000;0.0;0;1.0000;0;0
600;2012-07-24 18:10:00;172602N232;2429;29.578;49;224;225;227;222;3.621;50.00;359.1;3.327;376.3;3.366;0.0;0.000;60;0;0;3.576;3.692;3.595;800;833;793;50.00;50.00;50.00;13796;1000;0.0;0;1.0000;0;0
600;2012-07-24 18:20:00;172602N232;2280;29.958;48;225;225;226;223;3.397;49.99;354.7;3.200;387.1;3.029;0.0;0.000;60;0;0;3.349;3.452;3.391;749;778;751;49.99;49.99;49.99;13796;1000;0.0;0;1.0000;0;0
600;2012-07-24 18:30:00;172602N232;2116;30.311;48;224;225;225;223;3.158;49.98;356.1;2.962;367.9;2.958;0.0;0.000;60;0;0;3.110;3.190;3.176;695;714;705;49.98;49.98;49.98;13796;1000;0.0;0;1.0000;0;0
600;2012-07-24 18:40:00;172602N232;1961;30.637;48;224;224;225;223;2.932;49.98;358.6;2.716;367.7;2.749;0.0;0.000;60;0;0;2.877;2.977;2.943;641;666;652;49.98;49.98;49.98;13796;1000;0.0;0;1.0000;0;0
600;2012-07-24 18:50:00;172602N232;1805;30.939;48;224;224;224;223;2.704;49.98;356.1;2.485;369.8;2.543;0.0;0.000;60;0;0;2.642;2.742;2.729;586;611;605;49.98;49.98;49.98;13796;1000;0.0;0;1.0000;0;0
600;2012-07-24 19:00:00;172602N232;1644;31.213;48;224;224;226;223;2.459;49.99;351.5;2.287;370.8;2.313;0.0;0.000;60;0;0;2.387;2.514;2.478;530;563;549;49.99;49.99;49.99;13796;1000;0.0;0;1.0000;0;0
600;2012-07-24 19:10:00;172602N232;1480;31.461;47;224;224;225;223;2.213;49.98;352.4;2.051;371.7;2.077;0.0;0.000;60;0;0;2.151;2.261;2.228;479;506;493;49.98;49.98;49.98;13796;1000;0.0;0;1.0000;0;0
600;2012-07-24 19:20:00;172602N232;1314;31.679;47;224;225;225;223;1.981;49.98;353.7;1.787;373.4;1.859;0.0;0.000;60;0;0;1.937;2.011;1.997;427;446;438;49.98;49.98;49.98;13796;1000;0.0;0;1.0000;0;0
600;2012-07-24 19:30:00;172602N232;1160;31.873;47;225;226;225;223;1.773;49.98;346.8;1.605;374.7;1.640;0.0;0.000;60;0;0;1.754;1.790;1.777;379;394;385;49.98;49.98;49.98;13796;1000;0.0;0;1.0000;0;0
600;2012-07-24 19:40:00;172602N232;1004;32.040;47;225;225;226;223;1.508;49.98;337.6;1.403;375.5;1.432;0.0;0.000;60;0;0;1.454;1.548;1.523;321;346;335;49.98;49.98;49.98;13796;1000;0.0;0;1.0000;0;0
600;2012-07-24 19:50:00;172602N232;841;32.180;47;223;224;224;221;1.284;49.99;332.2;1.174;375.2;1.216;0.0;0.000;60;0;0;1.232;1.325;1.295;268;291;279;49.99;49.99;49.99;13796;1000;0.0;0;1.0000;0;0
600;2012-07-24 20:00:00;172602N232;696;32.297;47;224;224;226;221;1.070;49.99;323.8;0.973;375.5;1.024;0.0;0.000;60;0;0;1.016;1.119;1.077;218;245;231;49.99;49.99;49.99;13796;1000;0.0;0;1.0000;0;0
600;2012-07-24 20:10:00;172602N232;551;32.389;46;225;224;228;224;0.848;49.97;308.7;0.788;372.8;0.833;0.0;0.000;60;0;0;0.781;0.899;0.864;167;197;186;49.97;49.97;49.97;13796;1000;0.0;0;1.0000;0;0
600;2012-07-24 20:20:00;172602N232;417;32.458;46;228;228;229;226;0.654;50.01;283.2;0.621;364.9;0.671;0.0;0.000;60;0;0;0.596;0.695;0.673;124;150;142;50.01;50.01;50.01;13796;1000;0.0;0;1.0000;0;0
600;2012-07-24 20:30:00;172602N232;294;32.508;46;228;228;230;227;1.080;50.01;257.7;0.405;364.3;0.522;0.0;0.000;60;0;0;1.095;1.260;0.885;86;103;104;50.01;50.01;50.01;13796;1000;0.0;0;1.0000;0;0
600;2012-07-24 20:40:00;172602N232;198;32.540;46;228;227;230;227;1.014;49.97;347.0;0.171;353.8;0.374;0.0;0.000;60;0;0;1.136;1.131;0.777;73;51;72;49.97;49.97;49.97;13796;1000;0.0;0;1.0000;0;0
600;2012-07-24 20:50:00;172602N232;135;32.564;46;224;224;226;224;0.899;49.98;375.8;0.132;336.6;0.230;0.0;0.000;60;0;0;0.719;1.265;0.714;39;24;70;49.98;49.98;49.98;13796;1000;0.0;0;1.0000;0;0
600;2012-07-24 21:00:00;172602N232;99;32.580;45;225;224;226;224;0.863;49.98;359.3;0.104;382.4;0.128;0.0;0.000;60;0;0;0.799;1.072;0.718;27;16;55;49.98;49.98;49.98;13796;1000;0.0;0;1.0000;0;0
600;2012-07-24 21:10:00;172602N232;69;32.592;45;224;223;226;224;0.792;49.97;343.7;0.070;362.5;0.090;0.0;0.000;60;0;0;0.661;1.115;0.601;30;4;41;49.97;49.97;49.97;13796;1000;0.0;0;1.0000;0;0
600;2012-07-24 21:20:00;172602N232;40;32.599;45;225;224;227;224;0.661;49.98;317.8;0.036;340.0;0.050;0.0;0.000;60;0;0;0.567;0.951;0.465;16;0;33;49.98;49.98;49.98;13796;1000;0.0;0;1.0000;0;0
600;2012-07-24 21:30:00;172602N232;14;32.601;45;225;224;226;224;0.419;50.00;269.0;0.007;278.4;0.012;0.0;0.000;60;0;0;0.400;0.573;0.285;10;1;17;50.00;50.00;50.00;13796;1000;0.0;0;1.0000;0;0
600;2012-07-24 21:40:00;172602N232;1;32.602;45;225;225;226;224;0.097;49.99;256.1;0.000;255.8;0.000;0.0;0.000;50;0;0;0.132;0.096;0.063;0;1;3;49.99;49.99;49.99;13796;1000;0.0;0;1.0000;0;0
600;2012-07-24 21:50:00;172602N232;0;32.602;43;225;226;227;222;0.000;50.01;274.3;0.000;272.9;0.000;0.0;0.000;50;0;0;0.000;0.000;0.000;0;0;0;50.01;50.01;50.01;13796;1000;0.0;0;1.0000;0;0
600;2012-07-24 22:00:00;172602N232;0;32.602;42;225;226;227;222;0.000;49.99;230.0;0.000;231.0;0.000;0.0;0.000;50;0;0;0.000;0.000;0.000;0;0;0;49.99;49.99;49.99;13796;1000;0.0;0;1.0000;0;0
600;2012-07-24 22:10:00;172602N232;0;32.602;41;224;224;226;221;0.000;49.96;228.8;0.000;229.7;0.000;0.0;0.000;50;0;0;0.000;0.000;0.000;0;0;0;49.96;49.96;49.96;13796;1000;0.0;0;1.0000;0;0
[wr_ende]
