20161002;230002;172602N232;My Plant;+0100
[wr_def_start]
172602N232;Inverter Type;Inverter Group;72602N232      
[wr_def_end]
[wr]
INTERVAL;TIMESTAMP;SERIAL;P_AC;E_DAY;T_WR;U_AC;U_AC_1;U_AC_2;U_AC_3;I_AC;F_AC;U_DC_1;I_DC_1;U_DC_2;I_DC_2;U_DC_3;I_DC_3;S;E_WR;M_WR;I_AC_1;I_AC_2;I_AC_3;P_AC_1;P_AC_2;P_AC_3;F_AC_1;F_AC_2;F_AC_3;R_DC;PC;PCS;PCS_LL;COS_PHI;COS_PHI_LL;S_COS_PHI
600;2016-10-02 06:30:00;172602N232;0;0.000;0;2;2;2;2;0.000;0.47;2.0;0.000;2.1;0.000;0.0;0.000;50;0;0;0.000;0.000;0.000;0;0;0;0.47;0.47;0.47;6;1000;0.0;0;1.0000;0;0
600;2016-10-02 06:40:00;172602N232;0;0.000;23;223;224;225;220;0.000;50.01;229.9;0.000;230.8;0.000;0.0;0.000;50;0;0;0.000;0.000;0.000;0;0;0;50.01;50.01;50.01;0;1000;0.0;0;1.0000;0;0
600;2016-10-02 06:50:00;172602N232;0;0.000;25;224;224;227;220;0.000;50.00;228.6;0.000;229.6;0.000;0.0;0.000;50;0;0;0.000;0.000;0.000;0;0;0;50.00;50.00;50.00;0;1000;0.0;0;1.0000;0;0
600;2016-10-02 07:00:00;172602N232;0;0.000;25;224;224;226;221;0.000;49.99;288.4;0.000;287.3;0.000;0.0;0.000;60;0;0;0.001;0.000;0.000;0;0;0;49.99;49.99;49.99;1615;1000;0.0;0;1.0000;0;0
600;2016-10-02 07:10:00;172602N232;2;0.000;26;224;224;225;223;0.101;50.00;271.9;0.000;272.3;0.000;0.0;0.000;60;0;0;0.121;0.095;0.087;0;4;4;50.00;50.00;50.00;3899;1000;0.0;0;1.0000;0;0
600;2016-10-02 07:20:00;172602N232;25;0.008;26;224;224;224;222;0.416;50.01;316.0;0.018;318.6;0.020;0.0;0.000;60;0;0;0.537;0.380;0.331;0;19;20;50.01;50.01;50.01;4038;1000;0.0;0;1.0000;0;0
600;2016-10-02 07:30:00;172602N232;33;0.017;26;222;224;223;220;0.494;50.00;337.2;0.027;352.2;0.027;0.0;0.000;60;0;0;0.639;0.376;0.468;0;23;34;50.00;50.00;50.00;4038;1000;0.0;0;1.0000;0;0
600;2016-10-02 07:40:00;172602N232;34;0.026;27;222;223;223;221;0.528;49.99;340.1;0.030;332.2;0.030;0.0;0.000;60;0;0;0.697;0.462;0.427;0;26;27;49.99;49.99;49.99;4038;1000;0.0;0;1.0000;0;0
600;2016-10-02 07:50:00;172602N232;63;0.037;27;222;223;223;221;0.748;49.99;371.2;0.068;379.3;0.063;0.0;0.000;60;0;0;0.971;0.710;0.563;0;31;36;49.99;49.99;49.99;4038;1000;0.0;0;1.0000;0;0
600;2016-10-02 08:00:00;172602N232;93;0.055;28;222;223;222;220;0.955;49.99;381.0;0.107;390.9;0.099;0.0;0.000;60;0;0;1.401;0.750;0.714;0;53;52;49.99;49.99;49.99;4038;1000;0.0;0;1.0000;0;0
600;2016-10-02 08:10:00;172602N232;119;0.074;28;222;223;223;221;0.941;49.99;388.2;0.139;396.3;0.129;0.0;0.000;60;0;0;1.270;0.834;0.721;11;60;52;49.99;49.99;49.99;4038;1000;0.0;0;1.0000;0;0
600;2016-10-02 08:20:00;172602N232;214;0.100;28;222;222;224;221;1.039;50.00;408.4;0.249;408.8;0.241;0.0;0.000;60;0;0;1.192;1.199;0.727;64;83;65;50.00;50.00;50.00;4038;1000;0.0;0;1.0000;0;0
600;2016-10-02 08:30:00;172602N232;251;0.139;29;222;222;223;221;1.097;50.01;410.2;0.294;410.7;0.284;0.0;0.000;60;0;0;1.140;1.255;0.898;58;100;90;50.01;50.01;50.01;4038;1000;0.0;0;1.0000;0;0
600;2016-10-02 08:40:00;172602N232;221;0.176;29;222;222;223;221;1.035;50.01;409.5;0.257;407.5;0.251;0.0;0.000;60;0;0;1.179;1.071;0.856;47;89;83;50.01;50.01;50.01;4038;1000;0.0;0;1.0000;0;0
600;2016-10-02 08:50:00;172602N232;246;0.218;29;222;221;223;221;1.059;50.00;408.0;0.289;408.6;0.282;0.0;0.000;60;0;0;1.042;1.238;0.897;72;82;90;50.00;50.00;50.00;4038;1000;0.0;0;1.0000;0;0
600;2016-10-02 09:00:00;172602N232;248;0.259;30;222;220;224;220;1.088;50.00;395.2;0.297;406.3;0.290;0.0;0.000;60;0;0;1.056;1.337;0.872;77;75;94;50.00;50.00;50.00;4038;1000;0.0;0;1.0000;0;0
600;2016-10-02 09:10:00;172602N232;220;0.297;30;221;220;223;220;1.004;49.99;401.0;0.261;407.0;0.249;0.0;0.000;60;0;0;1.037;1.224;0.753;73;69;75;49.99;49.99;49.99;4038;1000;0.0;0;1.0000;0;0
600;2016-10-02 09:20:00;172602N232;364;0.357;30;221;219;224;221;1.129;50.00;417.1;0.433;419.7;0.407;0.0;0.000;60;0;0;1.115;1.252;1.022;117;122;123;50.00;49.99;49.99;4038;1000;0.0;0;1.0000;0;0
600;2016-10-02 09:30:00;172602N232;560;0.450;30;221;219;222;221;0.899;49.98;423.7;0.662;424.5;0.640;0.0;0.000;60;0;0;0.837;0.943;0.918;172;197;190;49.98;49.98;49.98;4038;1000;0.0;0;1.0000;0;0
600;2016-10-02 09:40:00;172602N232;510;0.535;31;221;220;223;220;0.821;49.99;422.7;0.600;420.1;0.591;0.0;0.000;60;0;0;0.761;0.863;0.841;155;180;173;49.99;49.99;49.99;4038;1000;0.0;0;1.0000;0;0
600;2016-10-02 09:50:00;172602N232;492;0.619;31;221;220;223;221;0.793;50.01;423.4;0.577;419.0;0.570;0.0;0.000;60;0;0;0.730;0.833;0.818;149;174;168;50.01;50.01;50.01;4038;1000;0.0;0;1.0000;0;0
600;2016-10-02 10:00:00;172602N232;443;0.692;32;221;219;223;220;0.722;50.00;420.5;0.529;422.0;0.498;0.0;0.000;60;0;0;0.656;0.766;0.745;131;158;151;50.00;50.00;50.00;4038;1000;0.0;0;1.0000;0;0
600;2016-10-02 10:10:00;172602N232;493;0.775;32;221;220;223;219;0.816;50.00;419.4;0.586;423.5;0.561;0.0;0.000;60;0;0;0.757;0.862;0.829;150;175;166;50.00;50.00;50.00;4038;1000;0.0;0;1.0000;0;0
600;2016-10-02 10:20:00;172602N232;432;0.846;33;220;221;222;218;0.858;50.02;421.7;0.514;418.7;0.488;0.0;0.000;60;0;0;0.828;0.905;0.841;133;155;142;50.02;50.02;50.02;4038;1000;0.0;0;1.0000;0;0
600;2016-10-02 10:30:00;172602N232;333;0.903;33;223;224;225;222;1.183;50.02;416.6;0.390;416.7;0.378;0.0;0.000;60;0;0;1.328;1.167;1.055;93;126;113;50.02;50.02;50.02;4038;1000;0.0;0;1.0000;0;0
600;2016-10-02 10:40:00;172602N232;259;0.945;33;223;224;224;223;1.137;50.02;411.9;0.301;408.1;0.298;0.0;0.000;60;0;0;1.402;1.181;0.828;67;123;67;50.02;50.02;50.02;4038;1000;0.0;0;1.0000;0;0
600;2016-10-02 10:50:00;172602N232;398;1.012;33;224;223;226;223;1.084;50.02;414.6;0.474;416.3;0.454;0.0;0.000;60;0;0;1.087;1.190;0.976;122;140;133;50.02;50.02;50.02;4038;1000;0.0;0;1.0000;0;0
600;2016-10-02 11:00:00;172602N232;517;1.098;33;224;222;226;223;0.849;50.01;415.9;0.617;419.6;0.601;0.0;0.000;60;0;0;0.786;0.892;0.869;157;183;175;50.01;50.01;50.01;4038;1000;0.0;0;1.0000;0;0
600;2016-10-02 11:10:00;172602N232;502;1.182;33;224;223;226;224;0.905;50.01;421.0;0.591;420.1;0.580;0.0;0.000;60;0;0;0.857;0.945;0.913;153;178;169;50.01;50.01;50.01;4038;1000;0.0;0;1.0000;0;0
600;2016-10-02 11:20:00;172602N232;490;1.264;34;225;224;226;224;0.848;49.99;414.4;0.585;420.1;0.569;0.0;0.000;60;0;0;0.803;0.887;0.855;151;173;164;49.99;49.99;49.99;4038;1000;0.0;0;1.0000;0;0
600;2016-10-02 11:30:00;172602N232;420;1.334;34;224;223;225;224;0.969;49.98;406.1;0.507;417.1;0.489;0.0;0.000;60;0;0;0.930;1.037;0.940;130;147;141;49.98;49.98;49.98;4038;1000;0.0;0;1.0000;0;0
600;2016-10-02 11:40:00;172602N232;489;1.416;34;224;223;226;224;0.971;50.01;408.5;0.591;420.4;0.567;0.0;0.000;60;0;0;0.927;1.017;0.970;150;174;163;50.01;50.01;50.01;4038;1000;0.0;0;1.0000;0;0
600;2016-10-02 11:50:00;172602N232;442;1.490;34;224;223;225;224;1.024;49.99;408.9;0.533;420.0;0.508;0.0;0.000;60;0;0;1.001;1.056;1.016;136;159;145;49.99;49.99;49.99;4038;1000;0.0;0;1.0000;0;0
600;2016-10-02 12:00:00;172602N232;393;1.555;34;225;223;226;225;1.164;50.00;416.3;0.475;422.5;0.431;0.0;0.000;60;0;0;1.135;1.210;1.147;126;138;127;50.00;50.00;50.00;4038;1000;0.0;0;1.0000;0;0
600;2016-10-02 12:10:00;172602N232;451;1.631;34;225;224;227;224;0.953;50.01;420.9;0.536;423.5;0.505;0.0;0.000;60;0;0;0.924;1.001;0.936;139;161;149;50.01;50.01;50.01;4038;1000;0.0;0;1.0000;0;0
600;2016-10-02 12:20:00;172602N232;415;1.700;34;224;224;226;223;1.194;50.00;419.2;0.492;420.7;0.467;0.0;0.000;60;0;0;1.188;1.259;1.135;112;148;152;50.00;50.00;50.00;4038;1000;0.0;0;1.0000;0;0
600;2016-10-02 12:30:00;172602N232;525;1.788;34;224;224;226;221;0.953;49.99;422.9;0.622;423.2;0.596;0.0;0.000;60;0;0;0.925;0.999;0.935;164;187;172;49.99;49.99;49.99;4038;1000;0.0;0;1.0000;0;0
600;2016-10-02 12:40:00;172602N232;509;1.873;34;223;222;224;222;1.152;50.01;417.1;0.611;425.5;0.573;0.0;0.000;60;0;0;1.141;1.208;1.109;161;182;163;50.01;50.01;50.01;4038;1000;0.0;0;1.0000;0;0
600;2016-10-02 12:50:00;172602N232;551;1.965;34;224;224;225;223;0.958;50.01;424.1;0.653;425.3;0.622;0.0;0.000;60;0;0;0.913;1.000;0.963;172;193;183;50.01;50.01;50.01;4038;1000;0.0;0;1.0000;0;0
600;2016-10-02 13:00:00;172602N232;652;2.073;34;224;224;224;223;1.018;50.01;425.4;0.766;423.1;0.752;0.0;0.000;60;0;0;0.966;1.056;1.033;204;226;220;50.01;50.01;50.01;4038;1000;0.0;0;1.0000;0;0
600;2016-10-02 13:10:00;172602N232;404;2.142;35;224;224;224;224;0.832;50.02;414.0;0.481;412.9;0.471;0.0;0.000;60;0;0;0.815;0.859;0.822;124;146;132;50.02;50.02;50.02;4038;1000;0.0;0;1.0000;0;0
600;2016-10-02 13:20:00;172602N232;322;2.195;35;224;224;225;224;1.138;50.03;408.4;0.383;407.5;0.376;0.0;0.000;60;0;0;1.260;1.091;1.063;99;120;102;50.03;50.03;50.03;4038;1000;0.0;0;1.0000;0;0
600;2016-10-02 13:30:00;172602N232;217;2.232;35;224;224;223;224;1.006;50.01;402.2;0.255;398.2;0.254;0.0;0.000;60;0;0;1.136;0.927;0.956;48;91;76;50.01;50.01;50.01;4038;1000;0.0;0;1.0000;0;0
600;2016-10-02 13:40:00;172602N232;251;2.273;34;224;223;224;224;1.103;50.02;406.2;0.298;404.6;0.290;0.0;0.000;60;0;0;1.165;1.181;0.963;70;109;71;50.02;50.02;50.02;4038;1000;0.0;0;1.0000;0;0
600;2016-10-02 13:50:00;172602N232;228;2.311;34;223;224;224;223;1.060;50.01;403.8;0.268;400.5;0.265;0.0;0.000;60;0;0;1.279;1.046;0.857;52;102;72;50.01;50.01;50.01;4038;1000;0.0;0;1.0000;0;0
600;2016-10-02 14:00:00;172602N232;234;2.350;34;224;224;224;223;1.054;50.00;400.3;0.278;400.8;0.273;0.0;0.000;60;0;0;1.229;1.092;0.842;60;103;68;50.00;50.00;50.00;4038;1000;0.0;0;1.0000;0;0
600;2016-10-02 14:10:00;172602N232;114;2.369;34;223;223;222;224;0.926;50.01;379.3;0.135;384.6;0.132;0.0;0.000;60;0;0;1.099;0.762;0.919;22;68;23;50.01;50.01;50.01;4038;1000;0.0;0;1.0000;0;0
600;2016-10-02 14:20:00;172602N232;96;2.385;34;223;224;224;223;0.920;50.00;379.0;0.110;380.5;0.109;0.0;0.000;60;0;0;1.190;0.792;0.780;10;47;41;50.00;50.00;50.00;4038;1000;0.0;0;1.0000;0;0
600;2016-10-02 14:30:00;172602N232;20;2.390;33;223;223;223;223;0.298;49.99;286.5;0.020;291.5;0.021;0.0;0.000;60;0;0;0.352;0.313;0.230;0;7;15;49.99;49.99;49.99;4038;1000;0.0;0;1.0000;0;0
600;2016-10-02 14:40:00;172602N232;4;2.391;33;223;223;223;222;0.131;49.99;274.1;0.001;277.8;0.002;0.0;0.000;60;0;0;0.142;0.125;0.126;1;6;0;49.99;49.99;49.99;3958;1000;0.0;0;1.0000;0;0
600;2016-10-02 14:50:00;172602N232;63;2.400;33;224;225;224;223;0.711;50.00;357.8;0.066;363.9;0.067;0.0;0.000;60;0;0;1.035;0.559;0.539;0;43;34;50.00;50.00;50.00;3950;1000;0.0;0;1.0000;0;0
600;2016-10-02 15:00:00;172602N232;93;2.416;33;222;224;223;220;0.915;49.99;379.0;0.104;383.9;0.103;0.0;0.000;60;0;0;1.330;0.719;0.698;0;59;47;49.99;49.99;49.99;3950;1000;0.0;0;1.0000;0;0
600;2016-10-02 15:10:00;172602N232;118;2.437;33;222;227;225;214;1.037;50.01;391.6;0.133;390.5;0.133;0.0;0.000;60;0;0;1.617;0.743;0.753;0;68;69;50.01;50.01;50.01;3950;1000;0.0;0;1.0000;0;0
600;2016-10-02 15:20:00;172602N232;149;2.462;33;222;226;224;214;1.189;50.02;394.5;0.172;396.7;0.170;0.0;0.000;60;0;0;1.917;0.893;0.758;0;103;75;50.02;50.02;50.02;3950;1000;0.0;0;1.0000;0;0
600;2016-10-02 15:30:00;172602N232;156;2.488;33;222;227;224;214;1.140;50.02;395.5;0.184;400.1;0.175;0.0;0.000;60;0;0;1.791;0.842;0.789;1;94;81;50.02;50.02;50.02;3950;1000;0.0;0;1.0000;0;0
600;2016-10-02 15:40:00;172602N232;427;2.559;33;221;227;223;215;1.210;50.01;417.5;0.506;420.9;0.483;0.0;0.000;60;0;0;1.380;1.191;1.061;120;164;141;50.01;50.01;50.01;3950;1000;0.0;0;1.0000;0;0
600;2016-10-02 15:50:00;172602N232;189;2.591;33;221;227;224;213;0.981;50.00;379.6;0.222;392.3;0.220;0.0;0.000;60;0;0;1.351;0.826;0.768;29;93;83;50.00;50.00;50.00;3950;1000;0.0;0;1.0000;0;0
600;2016-10-02 16:00:00;172602N232;36;2.598;33;221;225;224;213;0.531;49.99;338.2;0.032;335.2;0.034;0.0;0.000;60;0;0;0.760;0.425;0.410;0;30;33;49.99;49.99;49.99;3950;1000;0.0;0;1.0000;0;0
600;2016-10-02 16:10:00;172602N232;15;2.600;33;220;224;223;213;0.357;50.00;282.7;0.009;281.0;0.012;0.0;0.000;60;0;0;0.522;0.291;0.258;0;18;18;50.00;50.00;50.00;3950;1000;0.0;0;1.0000;0;0
600;2016-10-02 16:20:00;172602N232;16;2.604;32;219;224;223;211;0.368;50.01;285.7;0.009;286.7;0.011;0.0;0.000;60;0;0;0.567;0.288;0.249;0;19;18;50.01;50.01;50.01;3950;1000;0.0;0;1.0000;0;0
600;2016-10-02 16:30:00;172602N232;45;2.611;32;219;222;221;214;0.618;50.03;349.6;0.045;352.0;0.044;0.0;0.000;60;0;0;0.839;0.528;0.489;0;30;37;50.03;50.03;50.03;3950;1000;0.0;0;1.0000;0;0
600;2016-10-02 16:40:00;172602N232;104;2.629;32;220;220;222;218;0.901;50.00;380.7;0.120;390.1;0.113;0.0;0.000;60;0;0;0.941;1.055;0.707;16;25;62;50.00;50.00;50.00;3950;1000;0.0;0;1.0000;0;0
600;2016-10-02 16:50:00;172602N232;47;2.636;32;220;219;221;219;0.542;49.99;316.2;0.049;322.8;0.051;0.0;0.000;60;0;0;0.540;0.676;0.410;13;8;31;49.99;49.99;49.99;3950;1000;0.0;0;1.0000;0;0
600;2016-10-02 17:00:00;172602N232;0;2.636;32;219;220;218;218;0.004;49.98;266.6;0.000;266.0;0.000;0.0;0.000;60;0;0;0.006;0.004;0.002;0;0;0;49.98;49.98;49.98;3977;1000;0.0;0;1.0000;0;0
600;2016-10-02 17:10:00;172602N232;3;2.637;31;219;220;219;218;0.194;49.98;251.4;0.000;252.4;0.000;0.0;0.000;60;0;0;0.284;0.159;0.139;0;7;6;49.98;49.98;49.98;4110;1000;0.0;0;1.0000;0;0
600;2016-10-02 17:20:00;172602N232;5;2.638;31;218;218;219;218;0.220;50.02;251.5;0.000;254.1;0.000;0.0;0.000;60;0;0;0.254;0.236;0.171;4;5;4;50.02;50.02;50.02;4110;1000;0.0;0;1.0000;0;0
600;2016-10-02 17:30:00;172602N232;11;2.641;31;218;216;219;220;0.294;50.02;271.0;0.003;271.5;0.007;0.0;0.000;60;0;0;0.169;0.343;0.372;9;15;0;50.02;50.02;50.02;4110;1000;0.0;0;1.0000;0;0
600;2016-10-02 17:40:00;172602N232;10;2.643;31;218;216;220;218;0.287;49.99;268.7;0.004;276.8;0.006;0.0;0.000;60;0;0;0.219;0.407;0.237;9;3;8;49.99;49.99;49.99;4110;1000;0.0;0;1.0000;0;0
600;2016-10-02 17:50:00;172602N232;0;2.643;31;217;215;221;216;0.008;50.00;259.0;0.000;258.8;0.000;0.0;0.000;50;0;0;0.005;0.015;0.005;0;0;0;50.00;50.00;50.00;4110;1000;0.0;0;1.0000;0;0
600;2016-10-02 18:00:00;172602N232;0;2.643;30;218;216;220;216;0.000;49.97;229.7;0.000;230.7;0.000;0.0;0.000;50;0;0;0.000;0.000;0.000;0;0;0;49.97;49.97;49.97;4110;1000;0.0;0;1.0000;0;0
600;2016-10-02 18:10:00;172602N232;0;2.643;30;217;217;220;216;0.000;49.98;227.8;0.000;228.8;0.000;0.0;0.000;50;0;0;0.000;0.000;0.000;0;0;0;49.98;49.98;49.98;4110;1000;0.0;0;1.0000;0;0
600;2016-10-02 18:20:00;172602N232;0;2.643;30;219;218;221;217;0.000;50.02;231.3;0.000;232.2;0.000;0.0;0.000;80;0;0;0.000;0.000;0.000;0;0;0;50.02;50.02;50.02;4110;1000;0.0;0;1.0000;0;0
[wr_ende]
