20130708;230003;172602N232;My Plant;+0100
[wr_def_start]
172602N232;Inverter Type;Inverter Group;72602N232      
[wr_def_end]
[wr]
INTERVAL;TIMESTAMP;SERIAL;P_AC;E_DAY;T_WR;U_AC;U_AC_1;U_AC_2;U_AC_3;I_AC;F_AC;U_DC_1;I_DC_1;U_DC_2;I_DC_2;U_DC_3;I_DC_3;S;E_WR;M_WR;I_AC_1;I_AC_2;I_AC_3;P_AC_1;P_AC_2;P_AC_3;F_AC_1;F_AC_2;F_AC_3;R_DC;PC;PCS;PCS_LL;COS_PHI;COS_PHI_LL;S_COS_PHI
600;2013-07-08 04:10:00;172602N232;0;0.000;1;8;8;8;8;0.000;1.91;8.7;0.000;8.7;0.000;0.0;0.000;50;0;0;0.000;0.000;0.000;0;0;0;1.90;1.90;1.90;137;1000;0.0;0;1.0000;0;0
600;2013-07-08 04:20:00;172602N232;0;0.000;30;226;226;228;223;0.000;49.99;227.5;0.000;228.5;0.000;0.0;0.000;50;0;0;0.000;0.000;0.000;0;0;0;49.99;49.99;49.99;0;1000;0.0;0;1.0000;0;0
600;2013-07-08 04:30:00;172602N232;0;0.000;31;226;227;228;223;0.000;49.99;233.0;0.000;234.0;0.000;0.0;0.000;50;0;0;0.000;0.000;0.000;0;0;0;49.99;49.99;49.99;0;1000;0.0;0;1.0000;0;0
600;2013-07-08 04:40:00;172602N232;0;0.000;32;226;226;229;223;0.000;50.00;265.9;0.000;265.8;0.000;0.0;0.000;50;0;0;0.000;0.000;0.000;0;0;0;50.00;50.00;50.00;0;1000;0.0;0;1.0000;0;0
600;2013-07-08 04:50:00;172602N232;0;0.000;32;226;226;228;224;0.022;50.00;282.8;0.000;282.2;0.000;0.0;0.000;60;0;0;0.024;0.024;0.019;0;0;1;50.00;50.00;50.00;4220;1000;0.0;0;1.0000;0;0
600;2013-07-08 05:00:00;172602N232;8;0.002;32;226;227;228;225;0.268;49.99;269.7;0.001;273.6;0.002;0.0;0.000;60;0;0;0.361;0.264;0.181;1;4;10;49.99;49.99;49.99;4665;1000;0.0;0;1.0000;0;0
600;2013-07-08 05:10:00;172602N232;27;0.006;33;226;226;227;224;0.484;50.00;330.5;0.020;337.8;0.020;0.0;0.000;60;0;0;0.645;0.498;0.310;7;5;21;50.00;50.00;50.00;4665;1000;0.0;0;1.0000;0;0
600;2013-07-08 05:20:00;172602N232;42;0.013;33;225;225;227;224;0.671;50.00;357.5;0.040;360.5;0.039;0.0;0.000;60;0;0;0.740;0.800;0.475;1;7;34;50.00;50.00;50.00;4665;1000;0.0;0;1.0000;0;0
600;2013-07-08 05:30:00;172602N232;58;0.024;34;225;225;226;224;0.933;50.01;375.0;0.061;373.6;0.061;0.0;0.000;60;0;0;1.031;1.051;0.719;0;10;50;50.01;50.01;50.01;4665;1000;0.0;0;1.0000;0;0
600;2013-07-08 05:40:00;172602N232;76;0.036;34;224;225;226;223;0.916;50.01;383.9;0.082;380.7;0.082;0.0;0.000;60;0;0;0.973;1.048;0.727;4;14;56;50.01;50.01;50.01;4665;1000;0.0;0;1.0000;0;0
600;2013-07-08 05:50:00;172602N232;90;0.051;35;225;225;226;224;0.925;50.02;388.5;0.099;385.8;0.098;0.0;0.000;60;0;0;0.970;1.061;0.744;11;19;58;50.02;50.02;50.02;4665;1000;0.0;0;1.0000;0;0
600;2013-07-08 06:00:00;172602N232;104;0.069;35;225;225;226;224;0.949;50.02;394.1;0.116;389.3;0.115;0.0;0.000;60;0;0;1.104;0.987;0.757;5;35;63;50.02;50.02;50.02;4665;1000;0.0;0;1.0000;0;0
600;2013-07-08 06:10:00;172602N232;116;0.088;36;227;228;228;226;0.985;50.00;397.7;0.130;391.6;0.130;0.0;0.000;60;0;0;1.072;1.101;0.784;12;33;69;50.00;50.00;50.00;4665;1000;0.0;0;1.0000;0;0
600;2013-07-08 06:20:00;172602N232;129;0.109;36;228;228;229;226;0.956;49.99;400.8;0.144;394.9;0.145;0.0;0.000;60;0;0;1.019;1.066;0.784;15;38;73;49.99;49.99;49.99;4665;1000;0.0;0;1.0000;0;0
600;2013-07-08 06:30:00;172602N232;140;0.133;37;227;228;228;226;0.989;49.99;403.9;0.157;398.8;0.157;0.0;0.000;60;0;0;1.069;1.103;0.796;17;45;76;49.99;49.99;49.99;4665;1000;0.0;0;1.0000;0;0
600;2013-07-08 06:40:00;172602N232;153;0.158;37;226;227;227;225;0.972;49.99;403.7;0.174;401.0;0.170;0.0;0.000;60;0;0;1.025;1.098;0.793;17;53;81;49.99;49.99;49.99;4665;1000;0.0;0;1.0000;0;0
600;2013-07-08 06:50:00;172602N232;163;0.186;37;227;228;229;226;0.996;50.01;405.0;0.187;401.7;0.181;0.0;0.000;60;0;0;0.977;1.225;0.788;16;58;86;50.01;50.01;50.01;4665;1000;0.0;0;1.0000;0;0
600;2013-07-08 07:00:00;172602N232;172;0.215;37;226;226;227;224;0.905;50.00;405.7;0.198;403.0;0.190;0.0;0.000;60;0;0;0.833;1.189;0.693;24;71;75;50.00;50.00;50.00;4665;1000;0.0;0;1.0000;0;0
600;2013-07-08 07:10:00;172602N232;179;0.245;37;227;227;228;226;0.996;49.98;405.8;0.207;404.0;0.198;0.0;0.000;60;0;0;0.992;1.274;0.723;30;71;76;49.98;49.98;49.98;4665;1000;0.0;0;1.0000;0;0
600;2013-07-08 07:20:00;172602N232;187;0.276;38;225;225;227;224;1.088;49.98;408.5;0.217;405.3;0.206;0.0;0.000;60;0;0;1.180;1.330;0.754;41;63;81;49.98;49.98;49.98;4665;1000;0.0;0;1.0000;0;0
600;2013-07-08 07:30:00;172602N232;199;0.309;38;225;225;227;223;1.104;49.99;418.1;0.229;407.3;0.216;0.0;0.000;60;0;0;1.239;1.301;0.772;48;66;83;49.99;49.99;49.99;4665;1000;0.0;0;1.0000;0;0
600;2013-07-08 07:40:00;172602N232;215;0.346;38;224;224;226;223;1.076;49.99;426.5;0.247;410.1;0.230;0.0;0.000;60;0;0;1.259;1.262;0.707;53;86;75;49.99;49.99;49.99;4665;1000;0.0;0;1.0000;0;0
600;2013-07-08 07:50:00;172602N232;230;0.384;38;225;225;226;223;1.069;49.99;434.6;0.263;411.8;0.243;0.0;0.000;60;0;0;1.233;1.271;0.704;60;91;77;49.99;49.99;49.99;4665;1000;0.0;0;1.0000;0;0
600;2013-07-08 08:00:00;172602N232;247;0.425;38;225;225;227;223;1.085;50.01;444.1;0.280;414.3;0.256;0.0;0.000;60;0;0;1.178;1.270;0.807;61;93;91;50.01;50.01;50.01;4665;1000;0.0;0;1.0000;0;0
600;2013-07-08 08:10:00;172602N232;267;0.470;38;222;223;224;220;1.164;50.00;456.8;0.300;418.4;0.269;0.0;0.000;60;0;0;1.206;1.301;0.985;63;94;107;50.00;50.00;50.00;4665;1000;0.0;0;1.0000;0;0
600;2013-07-08 08:20:00;172602N232;290;0.519;38;222;223;224;219;1.159;49.97;469.0;0.328;421.5;0.284;0.0;0.000;60;0;0;1.308;1.255;0.916;77;106;105;49.97;49.97;49.97;4665;1000;0.0;0;1.0000;0;0
600;2013-07-08 08:30:00;172602N232;757;0.645;38;224;224;225;221;1.315;49.98;383.6;1.645;426.1;0.303;0.0;0.000;60;0;0;1.300;1.355;1.292;239;263;253;49.98;49.98;49.98;4665;1000;0.0;0;1.0000;0;0
600;2013-07-08 08:40:00;172602N232;1210;0.847;38;226;225;228;223;1.847;50.00;392.7;2.722;432.9;0.329;0.0;0.000;60;0;0;1.800;1.890;1.851;389;419;400;50.00;50.00;50.00;4665;1000;0.0;0;1.0000;0;0
600;2013-07-08 08:50:00;172602N232;1303;1.064;39;227;226;229;225;1.957;50.00;387.9;2.945;440.0;0.371;0.0;0.000;60;0;0;1.898;2.004;1.971;417;451;434;50.00;50.00;50.00;4665;1000;0.0;0;1.0000;0;0
600;2013-07-08 09:00:00;172602N232;1437;1.304;39;228;227;231;226;2.114;50.02;402.6;3.103;444.2;0.426;0.0;0.000;60;0;0;2.053;2.168;2.121;464;496;475;50.02;50.02;50.02;4665;1000;0.0;0;1.0000;0;0
600;2013-07-08 09:10:00;172602N232;1529;1.559;40;228;227;230;226;2.254;49.99;403.0;3.276;447.1;0.474;0.0;0.000;60;0;0;2.190;2.310;2.263;493;527;506;49.99;49.99;49.99;4665;1000;0.0;0;1.0000;0;0
600;2013-07-08 09:20:00;172602N232;1601;1.826;40;227;226;230;225;2.368;49.99;400.9;3.436;376.2;0.648;0.0;0.000;60;0;0;2.297;2.432;2.376;515;554;530;49.99;49.99;49.99;4665;1000;0.0;0;1.0000;0;0
600;2013-07-08 09:30:00;172602N232;1732;2.114;41;227;227;230;225;2.553;49.98;398.1;3.708;409.3;0.647;0.0;0.000;60;0;0;2.488;2.617;2.554;561;598;571;49.98;49.98;49.98;4665;1000;0.0;0;1.0000;0;0
600;2013-07-08 09:40:00;172602N232;1813;2.417;41;228;227;231;226;2.664;49.99;394.3;3.839;400.5;0.774;0.0;0.000;60;0;0;2.598;2.730;2.665;587;627;597;49.99;49.99;49.99;4665;1000;0.0;0;1.0000;0;0
600;2013-07-08 09:50:00;172602N232;1988;2.749;41;228;227;231;225;2.927;50.00;392.1;4.137;409.9;0.927;0.0;0.000;60;0;0;2.859;3.008;2.915;645;690;652;50.00;50.00;50.00;4665;1000;0.0;0;1.0000;0;0
600;2013-07-08 10:00:00;172602N232;1838;3.055;42;226;226;229;223;2.726;50.00;392.1;3.648;410.1;1.018;0.0;0.000;60;0;0;2.672;2.797;2.710;600;636;600;50.00;50.00;50.00;4665;1000;0.0;0;1.0000;0;0
600;2013-07-08 10:10:00;172602N232;1425;3.293;42;227;228;229;224;2.126;49.99;396.1;2.628;418.8;0.928;0.0;0.000;60;0;0;2.090;2.176;2.113;465;492;466;49.99;49.99;49.99;4665;1000;0.0;0;1.0000;0;0
600;2013-07-08 10:20:00;172602N232;1972;3.623;42;230;230;232;228;2.881;49.99;396.8;3.875;442.8;1.010;0.0;0.000;60;0;0;2.831;2.931;2.883;645;673;652;49.99;49.99;49.99;4665;1000;0.0;0;1.0000;0;0
600;2013-07-08 10:30:00;172602N232;2235;3.995;43;230;229;233;227;3.254;49.99;390.9;4.498;450.0;1.093;0.0;0.000;60;0;0;3.192;3.337;3.233;728;774;732;49.99;49.99;49.99;4665;1000;0.0;0;1.0000;0;0
600;2013-07-08 10:40:00;172602N232;2728;4.451;43;230;230;234;227;3.962;49.99;386.7;4.747;270.3;3.626;0.0;0.000;60;0;0;3.909;4.064;3.914;895;947;885;49.99;49.99;49.99;4665;1000;0.0;0;1.0000;0;0
600;2013-07-08 10:50:00;172602N232;3017;4.952;43;230;230;234;227;4.376;50.00;383.7;4.854;265.9;4.559;0.0;0.000;60;0;0;4.317;4.486;4.327;989;1046;979;50.00;50.00;50.00;4665;1000;0.0;0;1.0000;0;0
600;2013-07-08 11:00:00;172602N232;3330;5.508;43;229;229;233;225;4.855;49.99;380.3;5.062;301.9;4.857;0.0;0.000;60;0;0;4.810;4.968;4.787;1099;1153;1075;49.99;49.99;49.99;4665;1000;0.0;0;1.0000;0;0
600;2013-07-08 11:10:00;172602N232;3582;6.104;44;228;229;230;226;5.241;50.00;379.1;5.161;341.5;4.932;0.0;0.000;60;0;0;5.230;5.315;5.180;1195;1219;1165;50.00;50.00;50.00;4665;1000;0.0;0;1.0000;0;0
600;2013-07-08 11:20:00;172602N232;3847;6.747;44;229;229;232;225;5.616;49.99;377.3;5.339;374.4;5.068;0.0;0.000;60;0;0;5.572;5.729;5.547;1274;1324;1248;49.99;49.99;49.99;4665;1000;0.0;0;1.0000;0;0
600;2013-07-08 11:30:00;172602N232;3795;7.380;44;229;229;231;226;5.538;49.99;376.4;5.456;349.4;5.178;0.0;0.000;60;0;0;5.501;5.623;5.492;1259;1294;1240;49.99;49.99;49.99;4665;1000;0.0;0;1.0000;0;0
600;2013-07-08 11:40:00;172602N232;3921;8.033;44;229;230;231;227;5.718;50.00;374.8;5.628;345.8;5.444;0.0;0.000;60;0;0;5.693;5.785;5.676;1303;1331;1285;50.00;50.00;50.00;4665;1000;0.0;0;1.0000;0;0
600;2013-07-08 11:50:00;172602N232;3539;8.622;44;229;229;232;226;5.160;50.01;373.5;5.011;360.6;4.774;0.0;0.000;60;0;0;5.105;5.266;5.109;1165;1220;1152;50.01;50.01;50.01;4665;1000;0.0;0;1.0000;0;0
600;2013-07-08 12:00:00;172602N232;4085;9.303;45;231;230;234;227;5.917;50.01;371.9;5.699;370.7;5.494;0.0;0.000;60;0;0;5.864;6.037;5.850;1347;1410;1326;50.01;50.01;50.01;4665;1000;0.0;0;1.0000;0;0
600;2013-07-08 12:10:00;172602N232;4113;9.990;45;229;229;233;226;5.991;50.01;368.9;5.755;369.5;5.583;0.0;0.000;60;0;0;5.923;6.120;5.930;1352;1424;1336;50.01;50.01;50.01;4665;1000;0.0;0;1.0000;0;0
600;2013-07-08 12:20:00;172602N232;4253;10.698;45;229;229;231;227;6.199;50.01;367.5;5.971;367.0;5.819;0.0;0.000;60;0;0;6.153;6.284;6.161;1406;1449;1396;50.01;50.01;50.01;4665;1000;0.0;0;1.0000;0;0
600;2013-07-08 12:30:00;172602N232;4309;11.416;45;228;228;231;226;6.303;49.99;363.4;6.101;364.0;5.964;0.0;0.000;60;0;0;6.260;6.418;6.233;1423;1481;1404;49.99;49.99;49.99;4665;1000;0.0;0;1.0000;0;0
600;2013-07-08 12:40:00;172602N232;4356;12.143;45;228;227;232;224;6.378;50.01;361.9;6.181;363.7;6.044;0.0;0.000;60;0;0;6.306;6.529;6.301;1430;1514;1410;50.01;50.01;50.01;4665;1000;0.0;0;1.0000;0;0
600;2013-07-08 12:50:00;172602N232;4402;12.876;45;229;228;233;225;6.419;50.02;363.6;6.221;364.7;6.093;0.0;0.000;60;0;0;6.354;6.557;6.347;1447;1527;1427;50.02;50.02;50.02;4665;1000;0.0;0;1.0000;0;0
600;2013-07-08 13:00:00;172602N232;4434;13.617;45;230;229;234;227;6.443;49.99;363.1;6.268;364.2;6.153;0.0;0.000;60;0;0;6.369;6.590;6.370;1454;1537;1441;49.99;49.99;49.99;4665;1000;0.0;0;1.0000;0;0
600;2013-07-08 13:10:00;172602N232;4465;14.360;45;228;227;233;225;6.527;50.00;363.2;6.308;364.1;6.204;0.0;0.000;60;0;0;6.431;6.677;6.473;1459;1550;1454;50.00;50.00;50.00;4665;1000;0.0;0;1.0000;0;0
600;2013-07-08 13:20:00;172602N232;4532;15.115;46;229;228;233;225;6.615;50.01;362.9;6.394;364.1;6.297;0.0;0.000;60;0;0;6.532;6.771;6.543;1488;1574;1469;50.01;50.01;50.01;4665;1000;0.0;0;1.0000;0;0
600;2013-07-08 13:30:00;172602N232;4581;15.878;46;228;228;233;224;6.692;49.99;364.2;6.452;364.6;6.356;0.0;0.000;60;0;0;6.624;6.864;6.588;1509;1595;1475;49.99;49.99;49.99;4665;1000;0.0;0;1.0000;0;0
600;2013-07-08 13:40:00;172602N232;4604;16.648;46;229;229;233;225;6.714;50.00;363.9;6.488;364.5;6.396;0.0;0.000;60;0;0;6.651;6.877;6.614;1519;1602;1482;50.00;50.00;50.00;4665;1000;0.0;0;1.0000;0;0
600;2013-07-08 13:50:00;172602N232;4545;17.403;46;229;230;234;223;6.617;50.00;361.1;6.461;360.4;6.379;0.0;0.000;60;0;0;6.574;6.818;6.460;1510;1595;1437;50.00;50.00;50.00;4665;1000;0.0;0;1.0000;0;0
600;2013-07-08 14:00:00;172602N232;4567;18.166;46;229;229;235;223;6.655;49.98;362.3;6.489;359.6;6.408;0.0;0.000;60;0;0;6.569;6.903;6.495;1502;1620;1443;49.98;49.98;49.98;4665;1000;0.0;0;1.0000;0;0
600;2013-07-08 14:10:00;172602N232;4496;18.914;47;229;230;234;224;6.540;49.99;360.8;6.411;357.8;6.341;0.0;0.000;60;0;0;6.486;6.720;6.415;1488;1570;1436;49.99;49.99;49.99;4665;1000;0.0;0;1.0000;0;0
600;2013-07-08 14:20:00;172602N232;4491;19.664;47;229;229;234;225;6.526;49.99;360.1;6.408;358.5;6.336;0.0;0.000;60;0;0;6.465;6.701;6.412;1481;1568;1441;49.99;49.99;49.99;4665;1000;0.0;0;1.0000;0;0
600;2013-07-08 14:30:00;172602N232;4504;20.415;47;230;229;234;226;6.539;49.99;360.8;6.408;359.1;6.346;0.0;0.000;60;0;0;6.444;6.734;6.441;1473;1577;1453;49.99;49.99;49.99;4665;1000;0.0;0;1.0000;0;0
600;2013-07-08 14:40:00;172602N232;4497;21.164;47;230;230;234;227;6.519;49.99;360.1;6.403;358.9;6.347;0.0;0.000;60;0;0;6.452;6.668;6.438;1479;1558;1458;49.99;49.99;49.99;4665;1000;0.0;0;1.0000;0;0
600;2013-07-08 14:50:00;172602N232;4511;21.916;47;230;230;233;227;6.543;50.01;362.6;6.379;360.8;6.324;0.0;0.000;60;0;0;6.489;6.663;6.477;1490;1552;1467;50.01;50.01;50.01;4665;1000;0.0;0;1.0000;0;0
600;2013-07-08 15:00:00;172602N232;4466;22.661;47;231;231;235;228;6.442;50.00;364.9;6.268;363.8;6.217;0.0;0.000;60;0;0;6.386;6.591;6.351;1473;1549;1442;50.00;50.00;50.00;4665;1000;0.0;0;1.0000;0;0
600;2013-07-08 15:10:00;172602N232;4410;23.396;47;231;231;236;227;6.363;49.99;364.3;6.211;362.1;6.161;0.0;0.000;60;0;0;6.300;6.524;6.266;1451;1536;1422;49.99;49.99;49.99;4665;1000;0.0;0;1.0000;0;0
600;2013-07-08 15:20:00;172602N232;4384;24.128;47;228;228;232;223;6.420;50.00;366.4;6.134;364.3;6.088;0.0;0.000;60;0;0;6.370;6.602;6.289;1451;1533;1398;50.00;50.00;50.00;4665;1000;0.0;0;1.0000;0;0
600;2013-07-08 15:30:00;172602N232;4303;24.845;47;227;225;232;223;6.331;49.99;366.6;6.025;363.1;5.983;0.0;0.000;60;0;0;6.236;6.502;6.257;1404;1505;1392;49.99;49.99;49.99;4665;1000;0.0;0;1.0000;0;0
600;2013-07-08 15:40:00;172602N232;4225;25.549;47;227;227;231;223;6.208;49.98;368.1;5.874;366.4;5.838;0.0;0.000;60;0;0;6.149;6.347;6.128;1391;1465;1366;49.98;49.98;49.98;4665;1000;0.0;0;1.0000;0;0
600;2013-07-08 15:50:00;172602N232;4156;26.242;47;227;227;231;224;6.107;49.99;369.5;5.757;367.6;5.721;0.0;0.000;60;0;0;6.040;6.241;6.040;1367;1440;1348;49.99;49.99;49.99;4665;1000;0.0;0;1.0000;0;0
600;2013-07-08 16:00:00;172602N232;4052;26.918;47;227;226;232;223;5.957;49.99;368.6;5.626;366.4;5.590;0.0;0.000;60;0;0;5.885;6.127;5.859;1330;1417;1303;49.99;49.99;49.99;4665;1000;0.0;0;1.0000;0;0
600;2013-07-08 16:10:00;172602N232;3941;27.574;47;227;226;231;223;5.802;50.00;369.3;5.463;366.7;5.432;0.0;0.000;60;0;0;5.728;5.962;5.718;1291;1377;1271;50.00;50.00;50.00;4665;1000;0.0;0;1.0000;0;0
600;2013-07-08 16:20:00;172602N232;3846;28.216;47;227;225;232;223;5.667;50.00;378.4;5.173;368.3;5.308;0.0;0.000;60;0;0;5.582;5.830;5.589;1256;1347;1241;50.00;50.00;50.00;4665;1000;0.0;0;1.0000;0;0
600;2013-07-08 16:30:00;172602N232;3696;28.832;47;230;230;234;227;5.365;50.00;372.9;4.990;368.0;5.163;0.0;0.000;60;0;0;5.292;5.489;5.316;1213;1283;1199;50.00;50.00;50.00;4665;1000;0.0;0;1.0000;0;0
600;2013-07-08 16:40:00;172602N232;3614;29.436;47;228;227;230;225;5.305;50.00;362.9;5.043;367.7;5.018;0.0;0.000;60;0;0;5.240;5.402;5.274;1188;1242;1182;50.00;50.00;50.00;4665;1000;0.0;0;1.0000;0;0
600;2013-07-08 16:50:00;172602N232;3534;30.024;47;227;227;231;225;5.193;50.01;365.1;4.895;370.3;4.873;0.0;0.000;60;0;0;5.108;5.303;5.170;1155;1219;1157;50.01;50.01;50.01;4665;1000;0.0;0;1.0000;0;0
600;2013-07-08 17:00:00;172602N232;3429;30.595;46;228;228;231;225;5.028;50.03;368.1;4.703;373.9;4.686;0.0;0.000;60;0;0;4.941;5.140;5.004;1121;1185;1121;50.03;50.03;50.03;4665;1000;0.0;0;1.0000;0;0
600;2013-07-08 17:10:00;172602N232;3322;31.149;46;228;228;232;225;4.872;50.00;370.6;4.518;377.8;4.500;0.0;0.000;60;0;0;4.790;4.984;4.843;1086;1150;1084;50.00;50.00;50.00;4665;1000;0.0;0;1.0000;0;0
600;2013-07-08 17:20:00;172602N232;3234;31.689;46;228;228;232;225;4.740;50.00;370.1;4.399;377.6;4.383;0.0;0.000;60;0;0;4.679;4.848;4.694;1064;1119;1049;50.00;50.00;50.00;4665;1000;0.0;0;1.0000;0;0
600;2013-07-08 17:30:00;172602N232;3117;32.208;46;228;228;230;224;4.574;50.00;371.4;4.223;378.6;4.210;0.0;0.000;60;0;0;4.519;4.653;4.550;1027;1070;1018;50.00;50.00;50.00;4665;1000;0.0;0;1.0000;0;0
600;2013-07-08 17:40:00;172602N232;2929;32.697;46;227;227;231;224;4.304;50.00;381.1;3.842;379.6;3.969;0.0;0.000;60;0;0;4.226;4.402;4.284;956;1012;958;50.00;50.00;50.00;4665;1000;0.0;0;1.0000;0;0
600;2013-07-08 17:50:00;172602N232;2749;33.156;45;227;228;230;224;4.041;50.01;368.4;3.698;379.8;3.754;0.0;0.000;60;0;0;3.982;4.122;4.021;904;944;899;50.01;50.01;50.01;4665;1000;0.0;0;1.0000;0;0
600;2013-07-08 18:00:00;172602N232;2587;33.586;45;227;228;230;225;3.806;50.03;365.4;3.514;381.0;3.509;0.0;0.000;60;0;0;3.744;3.886;3.789;849;888;848;50.03;50.03;50.03;4665;1000;0.0;0;1.0000;0;0
600;2013-07-08 18:10:00;172602N232;2391;33.986;45;226;227;229;224;3.531;50.04;367.1;3.238;387.6;3.180;0.0;0.000;60;0;0;3.463;3.618;3.514;781;826;783;50.04;50.04;50.04;4665;1000;0.0;0;1.0000;0;0
600;2013-07-08 18:20:00;172602N232;2280;34.365;45;227;226;229;224;3.367;50.03;371.4;3.074;398.4;2.921;0.0;0.000;60;0;0;3.287;3.455;3.360;741;789;748;50.03;50.03;50.03;4665;1000;0.0;0;1.0000;0;0
600;2013-07-08 18:30:00;172602N232;2086;34.713;45;226;227;228;224;3.087;50.02;374.5;2.769;390.9;2.743;0.0;0.000;60;0;0;3.024;3.143;3.094;682;712;690;50.02;50.02;50.02;4665;1000;0.0;0;1.0000;0;0
600;2013-07-08 18:40:00;172602N232;1939;35.036;45;226;226;229;223;2.871;50.00;363.5;2.642;378.8;2.642;0.0;0.000;60;0;0;2.803;2.953;2.859;631;672;635;50.00;50.00;50.00;4665;1000;0.0;0;1.0000;0;0
600;2013-07-08 18:50:00;172602N232;1779;35.334;45;226;227;230;223;2.632;49.99;364.8;2.409;381.0;2.413;0.0;0.000;60;0;0;2.561;2.719;2.616;577;621;580;49.99;49.99;49.99;4665;1000;0.0;0;1.0000;0;0
600;2013-07-08 19:00:00;172602N232;1612;35.602;44;226;227;230;222;2.386;50.03;366.7;2.140;382.5;2.202;0.0;0.000;60;0;0;2.323;2.466;2.369;525;563;522;50.03;50.03;50.03;4665;1000;0.0;0;1.0000;0;0
600;2013-07-08 19:10:00;172602N232;1441;35.842;44;227;227;229;225;2.133;50.01;358.4;1.953;383.6;1.968;0.0;0.000;60;0;0;2.072;2.179;2.148;466;494;479;50.01;50.01;50.01;4665;1000;0.0;0;1.0000;0;0
600;2013-07-08 19:20:00;172602N232;1274;36.055;44;223;222;226;222;1.947;50.00;349.4;1.746;385.0;1.754;0.0;0.000;60;0;0;1.878;2.005;1.959;405;442;426;50.00;50.00;50.00;4665;1000;0.0;0;1.0000;0;0
600;2013-07-08 19:30:00;172602N232;1104;36.240;44;223;220;227;222;1.709;50.00;345.7;1.503;385.5;1.536;0.0;0.000;60;0;0;1.608;1.805;1.716;341;391;370;50.00;50.00;50.00;4665;1000;0.0;0;1.0000;0;0
600;2013-07-08 19:40:00;172602N232;931;36.394;44;222;220;226;222;1.433;50.00;337.0;1.273;385.8;1.315;0.0;0.000;60;0;0;1.357;1.492;1.451;289;328;313;50.00;50.00;50.00;4665;1000;0.0;0;1.0000;0;0
600;2013-07-08 19:50:00;172602N232;787;36.526;44;223;223;224;221;1.273;49.99;322.6;1.087;387.2;1.136;0.0;0.000;60;0;0;1.301;1.261;1.257;256;267;261;49.99;49.99;49.99;4665;1000;0.0;0;1.0000;0;0
600;2013-07-08 20:00:00;172602N232;663;36.636;44;223;224;223;222;1.035;49.99;298.1;0.942;387.2;0.994;0.0;0.000;60;0;0;0.981;1.072;1.053;209;229;223;49.99;49.99;49.99;4665;1000;0.0;0;1.0000;0;0
600;2013-07-08 20:10:00;172602N232;504;36.721;44;223;223;224;222;0.901;50.00;273.1;0.688;386.1;0.826;0.0;0.000;60;0;0;0.874;0.941;0.888;156;179;168;50.00;50.00;50.00;4665;1000;0.0;0;1.0000;0;0
600;2013-07-08 20:20:00;172602N232;400;36.788;43;223;222;224;221;0.974;50.01;360.3;0.402;377.3;0.670;0.0;0.000;60;0;0;0.936;1.068;0.918;116;141;141;50.01;50.01;50.01;4665;1000;0.0;0;1.0000;0;0
600;2013-07-08 20:30:00;172602N232;334;36.843;43;222;223;223;221;1.187;49.99;392.3;0.323;376.0;0.526;0.0;0.000;60;0;0;1.279;1.192;1.091;86;133;114;49.99;49.99;49.99;4665;1000;0.0;0;1.0000;0;0
600;2013-07-08 20:40:00;172602N232;265;36.888;43;222;223;223;221;1.137;50.00;382.4;0.274;371.3;0.404;0.0;0.000;60;0;0;1.302;1.162;0.948;54;112;96;50.00;50.00;50.00;4665;1000;0.0;0;1.0000;0;0
600;2013-07-08 20:50:00;172602N232;201;36.921;43;223;225;223;220;0.955;49.99;377.5;0.227;396.0;0.260;0.0;0.000;60;0;0;1.148;0.763;0.954;24;70;106;49.99;49.99;49.99;4665;1000;0.0;0;1.0000;0;0
600;2013-07-08 21:00:00;172602N232;155;36.948;42;223;224;224;221;1.052;49.99;378.0;0.173;391.1;0.197;0.0;0.000;60;0;0;1.476;0.932;0.750;6;77;72;49.99;49.99;49.99;4665;1000;0.0;0;1.0000;0;0
600;2013-07-08 21:10:00;172602N232;117;36.967;42;223;224;224;222;0.953;50.00;370.0;0.133;379.6;0.147;0.0;0.000;60;0;0;1.217;0.909;0.735;6;52;61;50.00;50.00;50.00;4665;1000;0.0;0;1.0000;0;0
600;2013-07-08 21:20:00;172602N232;82;36.981;42;223;224;224;222;0.910;50.00;357.9;0.093;371.9;0.100;0.0;0.000;60;0;0;1.234;0.788;0.708;0;40;53;50.00;50.00;50.00;4665;1000;0.0;0;1.0000;0;0
600;2013-07-08 21:30:00;172602N232;53;36.990;42;224;225;225;222;0.785;50.01;341.7;0.055;359.6;0.062;0.0;0.000;60;0;0;0.961;0.791;0.604;0;22;42;50.01;50.01;50.01;4665;1000;0.0;0;1.0000;0;0
600;2013-07-08 21:40:00;172602N232;30;36.997;41;224;225;224;222;0.484;50.03;314.0;0.024;329.2;0.029;0.0;0.000;60;0;0;0.643;0.410;0.400;0;26;26;50.03;50.03;50.03;4665;1000;0.0;0;1.0000;0;0
600;2013-07-08 21:50:00;172602N232;6;36.997;41;224;225;225;222;0.230;50.03;257.1;0.001;255.9;0.003;0.0;0.000;60;0;0;0.339;0.192;0.160;0;9;9;50.03;50.03;50.03;4665;1000;0.0;0;1.0000;0;0
600;2013-07-08 22:00:00;172602N232;0;36.996;40;223;224;224;221;0.004;50.01;284.3;0.000;283.2;0.000;0.0;0.000;51;0;0;0.004;0.004;0.004;0;0;0;50.01;50.01;50.01;10709;1000;0.0;0;1.0000;0;0
600;2013-07-08 22:10:00;172602N232;0;36.996;39;222;223;223;219;0.000;50.02;237.2;0.000;238.2;0.000;0.0;0.000;51;0;0;0.000;0.000;0.000;0;0;0;50.02;50.02;50.02;15653;1000;0.0;0;1.0000;0;0
600;2013-07-08 22:20:00;172602N232;0;36.996;38;221;222;222;219;0.000;50.02;229.1;0.000;230.1;0.000;0.0;0.000;51;0;0;0.000;0.000;0.000;0;0;0;50.02;50.02;50.02;15653;1000;0.0;0;1.0000;0;0
600;2013-07-08 22:30:00;172602N232;0;36.996;38;221;222;223;219;0.000;50.00;229.0;0.000;229.9;0.000;0.0;0.000;51;0;0;0.000;0.000;0.000;0;0;0;50.00;50.00;50.00;15653;1000;0.0;0;1.0000;0;0
[wr_ende]
