20130105;230001;172602N232;My Plant;+0100
[wr_def_start]
172602N232;Inverter Type;Inverter Group;72602N232      
[wr_def_end]
[wr]
INTERVAL;TIMESTAMP;SERIAL;P_AC;E_DAY;T_WR;U_AC;U_AC_1;U_AC_2;U_AC_3;I_AC;F_AC;U_DC_1;I_DC_1;U_DC_2;I_DC_2;U_DC_3;I_DC_3;S;E_WR;M_WR;I_AC_1;I_AC_2;I_AC_3;P_AC_1;P_AC_2;P_AC_3;F_AC_1;F_AC_2;F_AC_3;R_DC;PC;PCS;PCS_LL;COS_PHI;COS_PHI_LL;S_COS_PHI
600;2013-01-05 08:30:00;172602N232;0;0.000;0;3;3;3;3;0.000;0.76;3.5;0.000;3.5;0.000;0.0;0.000;50;0;0;0.000;0.000;0.000;0;0;0;0.76;0.76;0.76;36;1000;0.0;0;1.0000;0;0
600;2013-01-05 08:40:00;172602N232;0;0.000;17;221;221;224;218;0.000;50.00;232.2;0.000;233.1;0.000;0.0;0.000;50;0;0;0.000;0.000;0.000;0;0;0;50.00;50.00;50.00;0;1000;0.0;0;1.0000;0;0
600;2013-01-05 08:50:00;172602N232;0;0.000;18;222;222;225;219;0.000;50.00;238.8;0.000;239.8;0.000;0.0;0.000;50;0;0;0.000;0.000;0.000;0;0;0;50.00;50.00;50.00;0;1000;0.0;0;1.0000;0;0
600;2013-01-05 09:00:00;172602N232;0;0.000;19;222;222;224;219;0.000;50.03;276.7;0.000;276.8;0.000;0.0;0.000;51;0;0;0.000;0.000;0.000;0;0;0;50.03;50.03;50.03;455;1000;0.0;0;1.0000;0;0
600;2013-01-05 09:10:00;172602N232;1;0.000;19;221;222;222;220;0.060;50.01;270.8;0.000;270.2;0.000;0.0;0.000;60;0;0;0.088;0.051;0.043;0;2;2;50.01;50.01;50.01;5668;1000;0.0;0;1.0000;0;0
600;2013-01-05 09:20:00;172602N232;23;0.005;20;222;222;222;221;0.399;49.98;325.7;0.019;321.2;0.019;0.0;0.000;60;0;0;0.479;0.410;0.308;3;12;16;49.98;49.98;49.98;5916;1000;0.0;0;1.0000;0;0
600;2013-01-05 09:30:00;172602N232;50;0.011;20;221;221;222;221;0.650;49.99;367.1;0.054;369.5;0.050;0.0;0.000;60;0;0;0.688;0.730;0.533;11;12;27;49.99;49.99;49.99;5916;1000;0.0;0;1.0000;0;0
600;2013-01-05 09:40:00;172602N232;67;0.023;21;220;220;221;219;0.757;50.00;379.0;0.075;381.5;0.071;0.0;0.000;60;0;0;0.841;0.805;0.627;7;24;36;50.00;50.00;50.00;5916;1000;0.0;0;1.0000;0;0
600;2013-01-05 09:50:00;172602N232;82;0.036;21;219;219;221;218;0.847;50.00;384.0;0.094;388.2;0.090;0.0;0.000;60;0;0;0.816;1.037;0.688;16;13;50;50.00;50.00;50.00;5916;1000;0.0;0;1.0000;0;0
600;2013-01-05 10:00:00;172602N232;99;0.053;22;223;223;223;223;0.919;50.01;391.6;0.116;392.9;0.110;0.0;0.000;60;0;0;1.177;0.764;0.817;8;57;33;50.01;50.01;50.01;5916;1000;0.0;0;1.0000;0;0
600;2013-01-05 10:10:00;172602N232;70;0.065;22;224;225;224;225;0.791;50.00;379.9;0.079;380.8;0.076;0.0;0.000;60;0;0;0.945;0.674;0.754;7;43;20;50.00;50.00;50.00;5916;1000;0.0;0;1.0000;0;0
600;2013-01-05 10:20:00;172602N232;88;0.080;23;223;224;221;224;0.889;50.00;388.8;0.101;386.7;0.097;0.0;0.000;60;0;0;0.935;0.707;1.027;20;56;12;50.00;50.00;50.00;5916;1000;0.0;0;1.0000;0;0
600;2013-01-05 10:30:00;172602N232;126;0.101;24;223;224;221;224;0.949;50.00;399.5;0.148;398.6;0.141;0.0;0.000;60;0;0;1.217;0.755;0.875;19;73;32;50.00;50.00;50.00;5916;1000;0.0;0;1.0000;0;0
600;2013-01-05 10:40:00;172602N232;182;0.132;24;223;224;222;223;0.998;50.00;407.4;0.216;405.3;0.205;0.0;0.000;60;0;0;1.298;0.811;0.887;28;86;66;50.00;50.00;50.00;5916;1000;0.0;0;1.0000;0;0
600;2013-01-05 10:50:00;172602N232;237;0.171;25;223;225;222;224;1.087;50.00;414.5;0.278;411.1;0.269;0.0;0.000;60;0;0;1.379;1.025;0.857;58;117;59;50.00;50.00;50.00;5916;1000;0.0;0;1.0000;0;0
600;2013-01-05 11:00:00;172602N232;192;0.203;25;223;224;221;223;1.094;50.01;410.4;0.224;406.5;0.218;0.0;0.000;60;0;0;1.385;0.947;0.951;26;108;56;50.01;50.01;50.01;5916;1000;0.0;0;1.0000;0;0
600;2013-01-05 11:10:00;172602N232;209;0.238;25;223;223;222;223;1.009;50.01;411.4;0.245;408.0;0.237;0.0;0.000;60;0;0;1.222;0.891;0.916;47;88;72;50.01;50.01;50.01;5916;1000;0.0;0;1.0000;0;0
600;2013-01-05 11:20:00;172602N232;160;0.265;26;223;224;221;223;1.054;50.00;405.6;0.188;401.9;0.183;0.0;0.000;60;0;0;1.296;0.925;0.941;15;102;42;50.00;50.00;50.00;5916;1000;0.0;0;1.0000;0;0
600;2013-01-05 11:30:00;172602N232;103;0.283;26;223;224;222;223;0.944;50.00;394.2;0.119;390.0;0.117;0.0;0.000;60;0;0;1.314;0.746;0.774;2;64;40;50.00;50.00;50.00;5916;1000;0.0;0;1.0000;0;0
600;2013-01-05 11:40:00;172602N232;117;0.303;26;223;225;222;222;0.973;50.00;397.9;0.136;393.4;0.134;0.0;0.000;60;0;0;1.420;0.760;0.740;0;72;49;50.00;50.00;50.00;5916;1000;0.0;0;1.0000;0;0
600;2013-01-05 11:50:00;172602N232;147;0.327;26;223;223;223;222;0.991;50.00;403.9;0.171;401.4;0.167;0.0;0.000;60;0;0;1.221;0.970;0.783;25;66;54;50.00;50.00;50.00;5916;1000;0.0;0;1.0000;0;0
600;2013-01-05 12:00:00;172602N232;162;0.355;26;222;223;222;221;0.982;49.99;405.7;0.190;402.7;0.183;0.0;0.000;60;0;0;1.233;0.957;0.757;17;76;67;49.99;49.99;49.99;5916;1000;0.0;0;1.0000;0;0
600;2013-01-05 12:10:00;172602N232;328;0.409;26;223;224;223;221;1.130;49.99;421.8;0.384;416.6;0.373;0.0;0.000;60;0;0;1.298;1.088;1.004;88;133;106;49.99;49.99;49.99;5916;1000;0.0;0;1.0000;0;0
600;2013-01-05 12:20:00;172602N232;559;0.502;27;223;224;224;222;1.155;50.00;429.6;0.662;426.9;0.629;0.0;0.000;60;0;0;1.242;1.175;1.048;178;199;180;50.00;50.00;50.00;5916;1000;0.0;0;1.0000;0;0
600;2013-01-05 12:30:00;172602N232;467;0.580;27;223;224;223;221;0.791;49.99;426.7;0.553;422.2;0.532;0.0;0.000;60;0;0;0.800;0.817;0.756;146;166;153;49.99;49.99;49.99;5916;1000;0.0;0;1.0000;0;0
600;2013-01-05 12:40:00;172602N232;511;0.666;27;224;224;224;223;0.806;50.01;428.0;0.601;422.9;0.588;0.0;0.000;60;0;0;0.757;0.839;0.824;159;178;173;50.01;50.01;50.01;5916;1000;0.0;0;1.0000;0;0
600;2013-01-05 12:50:00;172602N232;173;0.694;28;225;226;225;223;1.060;50.01;402.0;0.205;397.1;0.201;0.0;0.000;60;0;0;1.479;0.897;0.806;17;85;72;50.01;50.01;50.01;5916;1000;0.0;0;1.0000;0;0
600;2013-01-05 13:00:00;172602N232;338;0.752;28;221;221;223;220;0.871;49.98;421.4;0.394;414.4;0.390;0.0;0.000;60;0;0;0.881;0.910;0.823;96;122;118;49.98;49.98;49.98;5916;1000;0.0;0;1.0000;0;0
600;2013-01-05 13:10:00;172602N232;276;0.798;28;221;221;223;220;1.132;50.00;415.9;0.325;411.6;0.318;0.0;0.000;60;0;0;1.143;1.300;0.954;74;95;105;50.00;50.00;50.00;5916;1000;0.0;0;1.0000;0;0
600;2013-01-05 13:20:00;172602N232;190;0.830;28;221;221;223;220;0.978;50.01;406.6;0.223;400.9;0.218;0.0;0.000;60;0;0;0.942;1.213;0.781;41;63;84;50.01;50.01;50.01;5916;1000;0.0;0;1.0000;0;0
600;2013-01-05 13:30:00;172602N232;194;0.863;28;221;223;223;219;1.048;50.01;407.6;0.229;402.4;0.223;0.0;0.000;60;0;0;1.422;0.948;0.775;34;79;81;50.01;50.01;50.01;5916;1000;0.0;0;1.0000;0;0
600;2013-01-05 13:40:00;172602N232;274;0.908;28;221;223;222;217;1.130;50.01;414.2;0.324;410.5;0.316;0.0;0.000;60;0;0;1.420;1.073;0.899;53;115;108;50.01;50.01;50.01;5916;1000;0.0;0;1.0000;0;0
600;2013-01-05 13:50:00;172602N232;387;0.973;28;221;223;222;218;1.155;50.01;423.4;0.455;418.1;0.445;0.0;0.000;60;0;0;1.254;1.182;1.029;104;148;134;50.01;50.01;50.01;5916;1000;0.0;0;1.0000;0;0
600;2013-01-05 14:00:00;172602N232;290;1.022;28;221;222;221;220;1.158;49.98;414.3;0.345;412.4;0.332;0.0;0.000;60;0;0;1.381;1.073;1.020;70;116;102;49.98;49.98;49.98;5916;1000;0.0;0;1.0000;0;0
600;2013-01-05 14:10:00;172602N232;207;1.056;28;220;221;220;220;0.957;49.98;407.6;0.244;404.6;0.237;0.0;0.000;60;0;0;1.113;0.815;0.944;37;74;93;49.98;49.98;49.98;5916;1000;0.0;0;1.0000;0;0
600;2013-01-05 14:20:00;172602N232;262;1.100;28;221;221;221;220;1.104;49.99;414.4;0.308;410.7;0.301;0.0;0.000;60;0;0;1.169;1.224;0.919;66;102;92;49.99;49.99;49.99;5916;1000;0.0;0;1.0000;0;0
600;2013-01-05 14:30:00;172602N232;168;1.128;28;220;221;222;219;0.987;50.00;402.6;0.198;400.8;0.192;0.0;0.000;60;0;0;1.215;0.991;0.756;30;64;73;50.00;50.00;50.00;5916;1000;0.0;0;1.0000;0;0
600;2013-01-05 14:40:00;172602N232;112;1.147;28;220;221;222;218;0.930;50.01;390.8;0.131;389.1;0.129;0.0;0.000;60;0;0;1.002;1.060;0.730;11;33;67;50.01;50.01;50.01;5916;1000;0.0;0;1.0000;0;0
600;2013-01-05 14:50:00;172602N232;194;1.179;28;221;221;222;219;0.972;50.02;405.7;0.231;406.5;0.220;0.0;0.000;60;0;0;1.089;1.125;0.703;48;69;75;50.02;50.02;50.02;5916;1000;0.0;0;1.0000;0;0
600;2013-01-05 15:00:00;172602N232;134;1.202;28;221;222;222;219;0.989;50.02;393.7;0.160;397.6;0.151;0.0;0.000;60;0;0;1.402;0.851;0.716;6;65;64;50.02;50.02;50.02;5916;1000;0.0;0;1.0000;0;0
600;2013-01-05 15:10:00;172602N232;64;1.213;28;223;223;225;221;0.764;50.00;365.9;0.073;370.1;0.069;0.0;0.000;60;0;0;0.918;0.822;0.553;8;22;43;50.00;50.00;50.00;5916;1000;0.0;0;1.0000;0;0
600;2013-01-05 15:20:00;172602N232;12;1.215;28;224;224;225;222;0.299;50.01;277.6;0.008;275.3;0.009;0.0;0.000;60;0;0;0.356;0.323;0.219;1;4;14;50.01;50.01;50.01;5916;1000;0.0;0;1.0000;0;0
600;2013-01-05 15:30:00;172602N232;3;1.216;28;224;224;225;222;0.177;50.00;257.5;0.000;254.5;0.001;0.0;0.000;60;0;0;0.256;0.155;0.120;0;4;6;50.00;50.00;50.00;5916;1000;0.0;0;1.0000;0;0
600;2013-01-05 15:40:00;172602N232;0;1.216;27;224;225;225;222;0.057;49.99;251.5;0.000;251.2;0.000;0.0;0.000;60;0;0;0.084;0.049;0.038;0;1;2;49.99;49.99;49.99;5916;1000;0.0;0;1.0000;0;0
600;2013-01-05 15:50:00;172602N232;0;1.216;26;223;224;225;220;0.000;49.99;257.5;0.000;257.6;0.000;0.0;0.000;50;0;0;0.002;0.000;0.000;0;0;0;49.99;49.99;49.99;5916;1000;0.0;0;1.0000;0;0
600;2013-01-05 16:00:00;172602N232;0;1.216;25;223;223;225;220;0.000;50.03;229.4;0.000;230.3;0.000;0.0;0.000;50;0;0;0.000;0.000;0.000;0;0;0;50.03;50.03;50.03;5916;1000;0.0;0;1.0000;0;0
600;2013-01-05 16:10:00;172602N232;0;1.216;24;221;223;224;218;0.000;50.01;227.9;0.000;228.9;0.000;0.0;0.000;50;0;0;0.000;0.000;0.000;0;0;0;50.01;50.01;50.01;5916;1000;0.0;0;1.0000;0;0
[wr_ende]
