20140803;230002;172602N232;My Plant;+0100
[wr_def_start]
172602N232;Inverter Type;Inverter Group;72602N232      
[wr_def_end]
[wr]
INTERVAL;TIMESTAMP;SERIAL;P_AC;E_DAY;T_WR;U_AC;U_AC_1;U_AC_2;U_AC_3;I_AC;F_AC;U_DC_1;I_DC_1;U_DC_2;I_DC_2;U_DC_3;I_DC_3;S;E_WR;M_WR;I_AC_1;I_AC_2;I_AC_3;P_AC_1;P_AC_2;P_AC_3;F_AC_1;F_AC_2;F_AC_3;R_DC;PC;PCS;PCS_LL;COS_PHI;COS_PHI_LL;S_COS_PHI
600;2014-08-03 04:50:00;172602N232;0;0.000;0;5;5;5;5;0.000;1.21;5.5;0.000;5.5;0.000;0.0;0.000;50;0;0;0.000;0.000;0.000;0;0;0;1.21;1.21;1.21;249;1000;0.0;0;1.0000;0;0
600;2014-08-03 05:00:00;172602N232;0;0.000;32;227;227;230;225;0.000;50.00;228.0;0.000;229.0;0.000;0.0;0.000;50;0;0;0.000;0.000;0.000;0;0;0;50.00;50.00;50.00;0;1000;0.0;0;1.0000;0;0
600;2014-08-03 05:10:00;172602N232;0;0.000;33;228;228;231;226;0.000;50.01;228.8;0.000;229.8;0.000;0.0;0.000;50;0;0;0.000;0.000;0.000;0;0;0;50.00;50.00;50.00;0;1000;0.0;0;1.0000;0;0
600;2014-08-03 05:20:00;172602N232;0;0.000;34;229;229;231;227;0.003;50.00;269.2;0.000;268.7;0.000;0.0;0.000;60;0;0;0.004;0.004;0.003;0;0;0;50.00;50.00;50.00;2195;1000;0.0;0;1.0000;0;0
600;2014-08-03 05:30:00;172602N232;2;0.001;35;229;229;230;228;0.150;50.02;251.4;0.000;251.6;0.000;0.0;0.000;60;0;0;0.188;0.150;0.113;0;0;5;50.02;50.02;50.02;5849;1000;0.0;0;1.0000;0;0
600;2014-08-03 05:40:00;172602N232;1;0.001;35;228;228;230;227;0.103;50.01;251.4;0.000;251.9;0.000;0.0;0.000;60;0;0;0.121;0.108;0.080;0;1;4;50.01;50.01;50.01;5849;1000;0.0;0;1.0000;0;0
600;2014-08-03 05:50:00;172602N232;0;0.002;35;228;227;229;227;0.027;50.01;270.5;0.000;270.1;0.000;0.0;0.000;51;0;0;0.027;0.034;0.021;0;0;0;50.01;50.01;50.01;6393;1000;0.0;0;1.0000;0;0
600;2014-08-03 06:00:00;172602N232;2;0.002;36;226;226;228;225;0.088;50.02;266.5;0.000;266.4;0.000;0.0;0.000;60;0;0;0.088;0.105;0.071;0;0;4;50.02;50.02;50.02;6818;1000;0.0;0;1.0000;0;0
600;2014-08-03 06:10:00;172602N232;25;0.006;36;225;225;227;225;0.521;50.01;302.0;0.022;309.4;0.026;0.0;0.000;60;0;0;0.541;0.665;0.359;7;0;23;50.01;50.01;50.01;6880;1000;0.0;0;1.0000;0;0
600;2014-08-03 06:20:00;172602N232;41;0.012;36;226;225;227;225;0.733;50.00;328.6;0.044;335.9;0.047;0.0;0.000;60;0;0;0.738;0.923;0.539;6;2;35;50.00;50.00;50.00;6880;1000;0.0;0;1.0000;0;0
600;2014-08-03 06:30:00;172602N232;120;0.032;37;226;226;227;225;0.954;50.00;371.9;0.144;367.2;0.149;0.0;0.000;60;0;0;0.886;1.238;0.739;21;32;65;50.00;50.00;50.00;6880;1000;0.0;0;1.0000;0;0
600;2014-08-03 06:40:00;172602N232;172;0.060;37;226;226;228;225;1.046;50.00;381.4;0.210;376.5;0.214;0.0;0.000;60;0;0;1.196;1.188;0.754;43;57;70;50.00;50.00;50.00;6880;1000;0.0;0;1.0000;0;0
600;2014-08-03 06:50:00;172602N232;188;0.093;37;226;225;228;225;0.998;50.01;383.8;0.229;377.5;0.234;0.0;0.000;60;0;0;0.895;1.399;0.701;43;64;78;50.01;50.01;50.01;6880;1000;0.0;0;1.0000;0;0
600;2014-08-03 07:00:00;172602N232;198;0.125;38;226;225;227;224;1.011;50.00;384.7;0.242;378.0;0.246;0.0;0.000;60;0;0;1.023;1.299;0.711;55;65;76;50.00;50.00;50.00;6880;1000;0.0;0;1.0000;0;0
600;2014-08-03 07:10:00;172602N232;243;0.166;38;224;224;226;224;1.048;50.00;387.8;0.299;381.6;0.304;0.0;0.000;60;0;0;0.958;1.321;0.867;59;90;92;50.00;50.00;50.00;6880;1000;0.0;0;1.0000;0;0
600;2014-08-03 07:20:00;172602N232;283;0.213;39;225;224;226;224;1.046;50.00;391.7;0.348;384.4;0.354;0.0;0.000;60;0;0;1.109;1.213;0.818;96;106;79;50.00;50.00;50.00;6880;1000;0.0;0;1.0000;0;0
600;2014-08-03 07:30:00;172602N232;466;0.291;39;224;224;226;223;0.889;49.99;401.9;0.580;401.2;0.560;0.0;0.000;60;0;0;0.853;0.949;0.866;142;161;160;49.99;49.99;49.99;6880;1000;0.0;0;1.0000;0;0
600;2014-08-03 07:40:00;172602N232;729;0.413;39;224;223;225;223;1.123;50.01;409.0;0.893;402.2;0.897;0.0;0.000;60;0;0;1.065;1.167;1.138;228;254;245;50.01;50.01;50.01;6880;1000;0.0;0;1.0000;0;0
600;2014-08-03 07:50:00;172602N232;676;0.526;40;223;223;225;222;1.060;50.02;405.6;0.834;400.0;0.832;0.0;0.000;60;0;0;1.016;1.099;1.066;211;236;227;50.02;50.02;50.02;6880;1000;0.0;0;1.0000;0;0
600;2014-08-03 08:00:00;172602N232;758;0.653;41;227;226;229;226;1.158;50.00;406.8;0.965;411.3;0.880;0.0;0.000;60;0;0;1.097;1.203;1.175;236;265;255;50.00;50.00;50.00;6880;1000;0.0;0;1.0000;0;0
600;2014-08-03 08:10:00;172602N232;804;0.787;41;229;228;231;228;1.213;50.01;406.2;1.039;412.1;0.915;0.0;0.000;60;0;0;1.148;1.262;1.230;250;282;270;50.01;50.01;50.01;6880;1000;0.0;0;1.0000;0;0
600;2014-08-03 08:20:00;172602N232;563;0.880;42;228;228;230;227;0.965;49.99;400.7;0.723;404.2;0.663;0.0;0.000;60;0;0;0.901;1.022;0.974;175;199;187;49.99;49.99;49.99;6880;1000;0.0;0;1.0000;0;0
600;2014-08-03 08:30:00;172602N232;781;1.011;42;228;227;230;226;1.183;49.99;403.7;0.974;401.0;0.962;0.0;0.000;60;0;0;1.121;1.234;1.194;245;274;261;49.99;49.99;49.99;6880;1000;0.0;0;1.0000;0;0
600;2014-08-03 08:40:00;172602N232;862;1.155;43;228;226;231;227;1.308;50.01;407.1;1.057;397.1;1.083;0.0;0.000;60;0;0;1.236;1.368;1.320;267;304;289;50.01;50.01;50.01;6880;1000;0.0;0;1.0000;0;0
600;2014-08-03 08:50:00;172602N232;842;1.296;43;226;224;229;225;1.272;50.03;408.1;1.025;395.2;1.065;0.0;0.000;60;0;0;1.202;1.320;1.294;261;295;283;50.03;50.03;50.03;6880;1000;0.0;0;1.0000;0;0
600;2014-08-03 09:00:00;172602N232;750;1.421;43;224;222;227;223;1.150;50.01;406.9;0.916;393.9;0.949;0.0;0.000;60;0;0;1.082;1.201;1.167;232;264;252;50.01;50.01;50.01;6880;1000;0.0;0;1.0000;0;0
600;2014-08-03 09:10:00;172602N232;753;1.546;44;223;220;227;222;1.157;50.01;403.8;0.931;395.0;0.946;0.0;0.000;60;0;0;1.077;1.216;1.179;229;267;254;50.01;50.01;50.01;6880;1000;0.0;0;1.0000;0;0
600;2014-08-03 09:20:00;172602N232;766;1.674;44;223;221;226;222;1.177;50.01;404.4;0.945;394.8;0.965;0.0;0.000;60;0;0;1.105;1.231;1.196;236;271;258;50.01;50.01;50.01;6880;1000;0.0;0;1.0000;0;0
600;2014-08-03 09:30:00;172602N232;957;1.833;44;223;222;226;221;1.453;50.01;407.4;1.174;396.4;1.207;0.0;0.000;60;0;0;1.389;1.505;1.466;301;336;318;50.01;50.01;50.01;6880;1000;0.0;0;1.0000;0;0
600;2014-08-03 09:40:00;172602N232;1197;2.033;44;224;222;227;222;1.838;50.02;408.3;1.470;397.4;1.511;0.0;0.000;60;0;0;1.751;1.928;1.837;375;421;399;50.02;50.02;50.02;6880;1000;0.0;0;1.0000;0;0
600;2014-08-03 09:50:00;172602N232;1221;2.236;45;223;222;225;221;1.918;50.02;406.8;1.505;396.4;1.546;0.0;0.000;60;0;0;1.860;1.968;1.927;388;423;408;50.02;50.02;50.02;6880;1000;0.0;0;1.0000;0;0
600;2014-08-03 10:00:00;172602N232;1347;2.461;45;222;222;225;220;2.067;50.01;404.2;1.680;397.8;1.696;0.0;0.000;60;0;0;2.012;2.123;2.067;433;468;444;50.01;50.01;50.01;6880;1000;0.0;0;1.0000;0;0
600;2014-08-03 10:10:00;172602N232;1614;2.731;45;222;221;225;221;2.438;50.00;401.5;2.040;398.6;2.022;0.0;0.000;60;0;0;2.355;2.505;2.454;515;558;538;50.00;50.00;50.00;6880;1000;0.0;0;1.0000;0;0
600;2014-08-03 10:20:00;172602N232;1759;3.024;45;222;221;225;221;2.663;50.00;398.4;2.255;399.8;2.187;0.0;0.000;60;0;0;2.586;2.731;2.672;566;607;584;50.00;50.00;50.00;6880;1000;0.0;0;1.0000;0;0
600;2014-08-03 10:30:00;172602N232;1498;3.273;45;222;221;224;221;2.264;50.00;399.8;1.905;397.5;1.878;0.0;0.000;60;0;0;2.192;2.325;2.277;481;517;499;50.00;50.00;50.00;6880;1000;0.0;0;1.0000;0;0
600;2014-08-03 10:40:00;172602N232;1197;3.473;45;222;220;224;220;1.840;50.00;399.6;1.510;392.8;1.523;0.0;0.000;60;0;0;1.769;1.908;1.843;380;418;398;50.00;50.00;50.00;6880;1000;0.0;0;1.0000;0;0
600;2014-08-03 10:50:00;172602N232;1130;3.662;45;225;224;227;223;1.744;49.99;400.6;1.419;392.2;1.442;0.0;0.000;60;0;0;1.712;1.775;1.745;364;389;375;49.99;49.99;49.99;6880;1000;0.0;0;1.0000;0;0
600;2014-08-03 11:00:00;172602N232;880;3.810;44;223;223;224;223;1.366;49.99;401.3;1.093;389.0;1.133;0.0;0.000;60;0;0;1.321;1.398;1.379;280;303;295;49.99;49.99;49.99;6880;1000;0.0;0;1.0000;0;0
600;2014-08-03 11:10:00;172602N232;769;3.936;44;223;223;225;222;1.214;50.00;395.5;0.965;388.0;0.990;0.0;0.000;60;0;0;1.181;1.246;1.215;243;267;256;50.00;50.00;50.00;6880;1000;0.0;0;1.0000;0;0
600;2014-08-03 11:20:00;172602N232;801;4.070;44;223;224;224;222;1.262;50.01;399.6;1.006;395.0;1.004;0.0;0.000;60;0;0;1.244;1.281;1.263;257;274;268;50.01;50.01;50.01;6880;1000;0.0;0;1.0000;0;0
600;2014-08-03 11:30:00;172602N232;817;4.207;44;223;223;225;222;1.296;50.01;399.8;1.014;389.6;1.050;0.0;0.000;60;0;0;1.281;1.317;1.292;260;281;273;50.01;50.01;50.01;6880;1000;0.0;0;1.0000;0;0
600;2014-08-03 11:40:00;172602N232;768;4.335;44;223;221;225;222;1.181;50.00;400.0;0.954;388.8;0.986;0.0;0.000;60;0;0;1.117;1.224;1.203;239;268;260;50.00;50.00;50.00;6880;1000;0.0;0;1.0000;0;0
600;2014-08-03 11:50:00;172602N232;616;4.439;45;222;221;224;220;0.961;50.01;397.5;0.770;391.5;0.776;0.0;0.000;60;0;0;0.900;1.012;0.972;190;218;206;50.01;50.01;50.01;6880;1000;0.0;0;1.0000;0;0
600;2014-08-03 12:00:00;172602N232;477;4.518;45;224;223;225;223;0.846;50.01;393.9;0.600;387.5;0.603;0.0;0.000;60;0;0;0.792;0.895;0.853;147;169;159;50.01;50.01;50.01;6880;1000;0.0;0;1.0000;0;0
600;2014-08-03 12:10:00;172602N232;152;4.544;45;224;222;225;224;0.974;50.01;366.4;0.191;360.9;0.195;0.0;0.000;60;0;0;0.770;1.344;0.808;54;34;62;50.01;50.01;50.01;6880;1000;0.0;0;1.0000;0;0
600;2014-08-03 12:20:00;172602N232;12;4.546;44;223;223;225;223;0.210;50.01;284.2;0.013;288.0;0.014;0.0;0.000;60;0;0;0.172;0.302;0.156;6;0;9;50.01;50.01;50.01;6040;1000;0.0;0;1.0000;0;0
600;2014-08-03 12:30:00;172602N232;29;4.551;44;224;222;226;224;0.535;50.03;309.7;0.026;315.5;0.031;0.0;0.000;60;0;0;0.450;0.783;0.374;18;0;24;50.03;50.03;50.03;2927;1000;0.0;0;1.0000;0;0
600;2014-08-03 12:40:00;172602N232;76;4.563;43;225;223;226;224;0.831;50.03;362.1;0.087;358.1;0.090;0.0;0.000;60;0;0;0.726;1.134;0.633;27;3;48;50.03;50.03;50.03;2927;1000;0.0;0;1.0000;0;0
600;2014-08-03 12:50:00;172602N232;145;4.587;43;224;223;226;224;0.946;50.00;381.8;0.174;380.6;0.172;0.0;0.000;60;0;0;0.790;1.298;0.752;40;36;67;50.00;50.00;50.00;2927;1000;0.0;0;1.0000;0;0
600;2014-08-03 13:00:00;172602N232;262;4.632;43;224;224;225;224;1.105;50.02;395.5;0.320;395.2;0.313;0.0;0.000;60;0;0;1.179;1.146;0.990;74;103;84;50.02;50.02;50.02;2927;1000;0.0;0;1.0000;0;0
600;2014-08-03 13:10:00;172602N232;457;4.709;43;224;224;224;223;1.098;50.03;407.7;0.555;405.3;0.545;0.0;0.000;60;0;0;1.100;1.135;1.060;138;167;150;50.03;50.03;50.03;2927;1000;0.0;0;1.0000;0;0
600;2014-08-03 13:20:00;172602N232;926;4.863;43;224;224;224;224;1.405;50.03;417.4;1.109;412.2;1.117;0.0;0.000;60;0;0;1.354;1.439;1.424;296;317;312;50.03;50.03;50.03;2927;1000;0.0;0;1.0000;0;0
600;2014-08-03 13:30:00;172602N232;1013;5.032;43;224;224;223;224;1.531;50.04;417.8;1.212;409.8;1.235;0.0;0.000;60;0;0;1.482;1.559;1.553;325;344;342;50.04;50.04;50.04;2927;1000;0.0;0;1.0000;0;0
600;2014-08-03 13:40:00;172602N232;1013;5.201;44;224;223;227;223;1.525;50.03;416.4;1.217;410.3;1.230;0.0;0.000;60;0;0;1.462;1.570;1.545;320;352;339;50.03;50.03;50.03;2927;1000;0.0;0;1.0000;0;0
600;2014-08-03 13:50:00;172602N232;1122;5.388;44;225;225;228;223;1.711;50.03;406.7;1.374;410.7;1.376;0.0;0.000;60;0;0;1.660;1.753;1.720;357;389;374;50.03;50.03;50.03;2927;1000;0.0;0;1.0000;0;0
600;2014-08-03 14:00:00;172602N232;1258;5.597;44;225;226;226;222;1.925;50.04;402.2;1.556;406.6;1.565;0.0;0.000;60;0;0;1.895;1.956;1.925;409;432;415;50.04;50.04;50.04;2927;1000;0.0;0;1.0000;0;0
600;2014-08-03 14:10:00;172602N232;1122;5.785;45;225;226;226;224;1.720;50.05;405.9;1.380;401.0;1.408;0.0;0.000;60;0;0;1.686;1.744;1.730;361;384;375;50.05;50.05;50.05;2927;1000;0.0;0;1.0000;0;0
600;2014-08-03 14:20:00;172602N232;1106;5.970;45;225;225;226;225;1.660;50.04;405.7;1.356;400.7;1.391;0.0;0.000;60;0;0;1.622;1.687;1.673;359;376;369;50.04;50.04;50.04;2927;1000;0.0;0;1.0000;0;0
600;2014-08-03 14:30:00;172602N232;1272;6.182;45;227;227;229;226;1.924;50.04;412.4;1.538;401.3;1.600;0.0;0.000;60;0;0;1.874;1.961;1.938;408;437;425;50.04;50.04;50.04;2927;1000;0.0;0;1.0000;0;0
600;2014-08-03 14:40:00;172602N232;1510;6.433;45;227;228;228;227;2.251;50.04;413.3;1.829;400.9;1.902;0.0;0.000;60;0;0;2.213;2.271;2.269;491;510;507;50.04;50.04;50.04;2927;1000;0.0;0;1.0000;0;0
600;2014-08-03 14:50:00;172602N232;1967;6.762;45;228;228;227;228;2.905;50.03;408.0;2.426;398.5;2.492;0.0;0.000;60;0;0;2.872;2.918;2.925;648;656;661;50.03;50.03;50.03;2927;1000;0.0;0;1.0000;0;0
600;2014-08-03 15:00:00;172602N232;1920;7.082;45;228;229;230;227;2.824;50.01;405.8;2.382;395.9;2.449;0.0;0.000;60;0;0;2.779;2.872;2.822;629;654;636;50.02;50.02;50.02;2927;1000;0.0;0;1.0000;0;0
600;2014-08-03 15:10:00;172602N232;1829;7.387;45;228;229;229;228;2.694;50.01;402.2;2.291;393.2;2.347;0.0;0.000;60;0;0;2.652;2.720;2.711;599;616;612;50.01;50.01;50.01;2927;1000;0.0;0;1.0000;0;0
600;2014-08-03 15:20:00;172602N232;1735;7.675;45;228;229;229;228;2.546;50.01;405.7;2.133;392.0;2.248;0.0;0.000;60;0;0;2.500;2.573;2.567;567;585;582;50.01;50.01;50.01;2927;1000;0.0;0;1.0000;0;0
600;2014-08-03 15:30:00;172602N232;2117;8.029;45;227;227;229;226;3.121;50.00;408.2;2.582;393.7;2.751;0.0;0.000;60;0;0;3.072;3.171;3.121;693;721;701;50.00;50.00;50.00;2927;1000;0.0;0;1.0000;0;0
600;2014-08-03 15:40:00;172602N232;2865;8.507;45;226;225;228;223;4.252;50.02;399.8;3.626;389.9;3.748;0.0;0.000;60;0;0;4.194;4.340;4.223;939;986;938;50.02;50.02;50.02;2927;1000;0.0;0;1.0000;0;0
600;2014-08-03 15:50:00;172602N232;2385;8.904;45;225;225;227;222;3.546;50.00;390.8;3.078;382.2;3.178;0.0;0.000;60;0;0;3.497;3.621;3.520;782;823;779;50.00;50.00;50.00;2927;1000;0.0;0;1.0000;0;0
600;2014-08-03 16:00:00;172602N232;3070;9.416;45;226;227;227;223;4.531;49.99;381.7;4.058;385.7;4.060;0.0;0.000;60;0;0;4.521;4.604;4.468;1024;1047;995;49.99;49.99;49.99;2927;1000;0.0;0;1.0000;0;0
600;2014-08-03 16:10:00;172602N232;3957;10.076;45;227;227;230;223;5.823;49.99;372.0;5.416;373.3;5.378;0.0;0.000;60;0;0;5.786;5.948;5.737;1310;1367;1278;49.99;49.99;49.99;2927;1000;0.0;0;1.0000;0;0
600;2014-08-03 16:20:00;172602N232;3256;10.619;45;224;225;226;222;4.854;49.99;379.0;4.343;371.9;4.461;0.0;0.000;60;0;0;4.832;4.914;4.816;1082;1108;1064;49.99;49.99;49.99;2927;1000;0.0;0;1.0000;0;0
600;2014-08-03 16:30:00;172602N232;1490;10.867;45;222;222;224;219;2.262;50.00;370.5;1.964;366.3;2.069;0.0;0.000;60;0;0;2.223;2.316;2.247;489;514;485;50.00;50.00;50.00;2927;1000;0.0;0;1.0000;0;0
600;2014-08-03 16:40:00;172602N232;183;10.898;44;221;221;223;219;0.971;50.00;361.3;0.237;356.3;0.242;0.0;0.000;60;0;0;1.181;0.982;0.751;53;58;71;50.00;50.00;50.00;2927;1000;0.0;0;1.0000;0;0
600;2014-08-03 16:50:00;172602N232;87;10.912;44;220;221;222;218;0.914;50.00;348.3;0.106;357.2;0.110;0.0;0.000;60;0;0;1.269;0.781;0.693;2;39;51;50.00;50.00;50.00;2927;1000;0.0;0;1.0000;0;0
600;2014-08-03 17:00:00;172602N232;262;10.956;43;223;223;225;222;1.009;49.99;379.3;0.320;385.1;0.329;0.0;0.000;60;0;0;1.069;1.101;0.859;69;89;101;49.99;49.99;49.99;2927;1000;0.0;0;1.0000;0;0
600;2014-08-03 17:10:00;172602N232;557;11.049;43;224;224;223;224;0.937;49.98;397.7;0.683;400.8;0.695;0.0;0.000;60;0;0;0.907;0.958;0.947;174;192;189;49.98;49.98;49.98;2927;1000;0.0;0;1.0000;0;0
600;2014-08-03 17:20:00;172602N232;1373;11.278;43;224;225;224;223;2.099;49.97;404.7;1.684;408.0;1.699;0.0;0.000;60;0;0;2.075;2.122;2.102;449;466;456;49.97;49.97;49.97;2927;1000;0.0;0;1.0000;0;0
600;2014-08-03 17:30:00;172602N232;2559;11.705;43;224;224;226;223;3.808;49.96;399.8;3.194;403.8;3.236;0.0;0.000;60;0;0;3.754;3.867;3.803;839;874;845;49.96;49.96;49.96;2927;1000;0.0;0;1.0000;0;0
600;2014-08-03 17:40:00;172602N232;830;11.843;43;222;222;224;222;1.361;49.97;395.0;1.044;398.0;1.041;0.0;0.000;60;0;0;1.325;1.387;1.372;263;287;279;49.97;49.97;49.97;2927;1000;0.0;0;1.0000;0;0
600;2014-08-03 17:50:00;172602N232;668;11.955;43;223;223;223;222;1.113;49.99;397.9;0.823;400.9;0.833;0.0;0.000;60;0;0;1.128;1.107;1.105;213;228;225;49.99;49.99;49.99;2927;1000;0.0;0;1.0000;0;0
600;2014-08-03 18:00:00;172602N232;2015;12.291;43;224;225;225;221;3.020;49.99;391.7;2.562;409.6;2.513;0.0;0.000;60;0;0;2.989;3.087;2.985;666;694;653;49.99;49.99;49.99;2927;1000;0.0;0;1.0000;0;0
600;2014-08-03 18:10:00;172602N232;1320;12.511;43;222;225;225;217;2.017;49.98;385.1;1.707;398.4;1.688;0.0;0.000;60;0;0;2.001;2.077;1.974;437;459;421;49.98;49.98;49.98;2927;1000;0.0;0;1.0000;0;0
600;2014-08-03 18:20:00;172602N232;1752;12.803;43;224;225;227;219;2.622;49.97;380.4;2.302;387.2;2.303;0.0;0.000;60;0;0;2.585;2.708;2.574;577;612;561;49.97;49.97;49.97;2927;1000;0.0;0;1.0000;0;0
600;2014-08-03 18:30:00;172602N232;1195;13.003;43;224;224;227;221;1.813;49.99;379.7;1.553;386.7;1.581;0.0;0.000;60;0;0;1.768;1.870;1.801;386;417;391;49.99;49.99;49.99;2927;1000;0.0;0;1.0000;0;0
600;2014-08-03 18:40:00;172602N232;675;13.116;43;224;224;227;221;1.062;50.00;379.8;0.864;388.5;0.884;0.0;0.000;60;0;0;0.989;1.117;1.082;211;238;224;50.00;50.00;50.00;2927;1000;0.0;0;1.0000;0;0
600;2014-08-03 18:50:00;172602N232;1060;13.292;43;225;225;226;223;1.637;50.02;370.5;1.406;390.0;1.394;0.0;0.000;60;0;0;1.611;1.659;1.643;342;363;353;50.02;50.02;50.02;2927;1000;0.0;0;1.0000;0;0
600;2014-08-03 19:00:00;172602N232;1089;13.474;43;225;226;227;223;1.648;50.00;373.4;1.423;387.2;1.453;0.0;0.000;60;0;0;1.617;1.688;1.641;355;375;357;50.00;50.00;50.00;2927;1000;0.0;0;1.0000;0;0
600;2014-08-03 19:10:00;172602N232;967;13.636;43;225;226;226;224;1.456;49.99;360.2;1.294;385.4;1.309;0.0;0.000;60;0;0;1.406;1.495;1.468;311;333;322;49.99;49.99;49.99;2927;1000;0.0;0;1.0000;0;0
600;2014-08-03 19:20:00;172602N232;628;13.740;43;225;226;227;222;0.968;49.99;353.1;0.852;381.8;0.850;0.0;0.000;60;0;0;0.919;1.011;0.974;197;220;209;49.99;49.99;49.99;2927;1000;0.0;0;1.0000;0;0
600;2014-08-03 19:30:00;172602N232;464;13.818;43;225;227;227;222;0.728;49.99;371.9;0.598;387.5;0.609;0.0;0.000;60;0;0;0.683;0.768;0.734;143;165;154;49.99;49.99;49.99;2927;1000;0.0;0;1.0000;0;0
600;2014-08-03 19:40:00;172602N232;365;13.879;43;225;226;227;223;0.837;50.00;382.9;0.450;385.7;0.474;0.0;0.000;60;0;0;0.903;0.866;0.744;102;137;124;50.00;50.00;50.00;2927;1000;0.0;0;1.0000;0;0
600;2014-08-03 19:50:00;172602N232;147;13.903;43;225;225;226;224;0.984;50.00;362.4;0.184;372.9;0.184;0.0;0.000;60;0;0;1.295;0.918;0.739;21;64;61;50.00;50.00;50.00;2927;1000;0.0;0;1.0000;0;0
600;2014-08-03 20:00:00;172602N232;158;13.930;43;225;226;227;223;1.117;49.99;364.4;0.195;377.4;0.200;0.0;0.000;60;0;0;1.660;0.929;0.764;9;76;77;49.99;49.99;49.99;2927;1000;0.0;0;1.0000;0;0
600;2014-08-03 20:10:00;172602N232;152;13.955;42;225;226;227;224;1.015;49.99;364.0;0.185;377.0;0.191;0.0;0.000;60;0;0;1.433;0.889;0.724;20;67;64;49.99;49.99;49.99;2927;1000;0.0;0;1.0000;0;0
600;2014-08-03 20:20:00;172602N232;69;13.967;42;226;227;226;224;0.893;49.99;341.7;0.080;358.4;0.086;0.0;0.000;60;0;0;1.291;0.712;0.676;0;42;46;49.99;49.99;49.99;2927;1000;0.0;0;1.0000;0;0
600;2014-08-03 20:30:00;172602N232;57;13.978;42;226;226;226;225;0.889;49.99;337.1;0.065;353.8;0.071;0.0;0.000;60;0;0;1.261;0.729;0.677;0;38;39;49.99;49.99;49.99;2927;1000;0.0;0;1.0000;0;0
600;2014-08-03 20:40:00;172602N232;22;13.982;41;226;226;227;225;0.422;49.99;286.0;0.017;309.4;0.022;0.0;0.000;60;0;0;0.556;0.422;0.288;3;11;17;49.99;49.99;49.99;2927;1000;0.0;0;1.0000;0;0
600;2014-08-03 20:50:00;172602N232;6;13.982;41;223;224;224;220;0.240;50.00;252.6;0.000;256.0;0.001;0.0;0.000;60;0;0;0.392;0.182;0.148;2;5;8;50.00;50.00;50.00;2927;1000;0.0;0;1.0000;0;0
600;2014-08-03 21:00:00;172602N232;0;13.982;40;221;222;224;218;0.032;49.99;260.5;0.000;260.2;0.000;0.0;0.000;50;0;0;0.043;0.033;0.021;0;0;1;49.99;49.99;49.99;2927;1000;0.0;0;1.0000;0;0
600;2014-08-03 21:10:00;172602N232;0;13.982;39;221;222;223;218;0.000;50.00;255.0;0.000;255.5;0.000;0.0;0.000;50;0;0;0.000;0.000;0.000;0;0;0;50.00;50.00;50.00;2927;1000;0.0;0;1.0000;0;0
600;2014-08-03 21:20:00;172602N232;0;13.982;38;222;222;224;218;0.000;49.99;229.8;0.000;230.8;0.000;0.0;0.000;50;0;0;0.000;0.000;0.000;0;0;0;49.99;49.99;49.99;2927;1000;0.0;0;1.0000;0;0
600;2014-08-03 21:30:00;172602N232;0;13.982;37;221;222;224;218;0.000;50.00;229.0;0.000;229.9;0.000;0.0;0.000;50;0;0;0.000;0.000;0.000;0;0;0;50.00;50.00;50.00;2927;1000;0.0;0;1.0000;0;0
[wr_ende]
