20171024;230000;172602N232;My Plant;+0100
[wr_def_start]
172602N232;Inverter Type;Inverter Group;72602N232      
[wr_def_end]
[wr]
INTERVAL;TIMESTAMP;SERIAL;P_AC;E_DAY;T_WR;U_AC;U_AC_1;U_AC_2;U_AC_3;I_AC;F_AC;U_DC_1;I_DC_1;U_DC_2;I_DC_2;U_DC_3;I_DC_3;S;E_WR;M_WR;I_AC_1;I_AC_2;I_AC_3;P_AC_1;P_AC_2;P_AC_3;F_AC_1;F_AC_2;F_AC_3;R_DC;PC;PCS;PCS_LL;COS_PHI;COS_PHI_LL;S_COS_PHI
600;2017-10-24 07:10:00;172602N232;0;0.000;0;2;2;2;2;0.000;0.60;2.5;0.000;2.5;0.000;0.0;0.000;50;0;0;0.000;0.000;0.000;0;0;0;0.60;0.60;0.60;21;1000;0.0;0;1.0000;0;0
600;2017-10-24 07:20:00;172602N232;0;0.000;21;225;226;228;222;0.000;50.01;229.1;0.000;230.0;0.000;0.0;0.000;50;0;0;0.000;0.000;0.000;0;0;0;50.01;50.01;50.01;0;1000;0.0;0;1.0000;0;0
600;2017-10-24 07:30:00;172602N232;0;0.000;22;225;226;228;222;0.000;49.99;247.7;0.000;248.6;0.000;0.0;0.000;50;0;0;0.000;0.000;0.000;0;0;0;49.99;49.99;49.99;0;1000;0.0;0;1.0000;0;0
600;2017-10-24 07:40:00;172602N232;3;0.002;23;225;226;225;224;0.151;50.01;277.9;0.000;276.0;0.001;0.0;0.000;60;0;0;0.199;0.130;0.124;0;7;6;50.01;50.01;50.01;6118;1000;0.0;0;1.0000;0;0
600;2017-10-24 07:50:00;172602N232;44;0.012;23;225;227;223;225;0.630;50.01;352.8;0.043;345.3;0.042;0.0;0.000;60;0;0;0.925;0.454;0.513;0;36;28;50.01;50.01;50.01;7455;1000;0.0;0;1.0000;0;0
600;2017-10-24 08:00:00;172602N232;21;0.017;24;225;226;224;226;0.375;50.03;304.7;0.016;293.4;0.017;0.0;0.000;60;0;0;0.483;0.325;0.317;0;22;7;50.03;50.03;50.03;7455;1000;0.0;0;1.0000;0;0
600;2017-10-24 08:10:00;172602N232;8;0.020;24;226;226;225;226;0.234;49.99;264.7;0.003;267.6;0.004;0.0;0.000;60;0;0;0.276;0.206;0.220;0;11;5;49.99;49.99;49.99;7455;1000;0.0;0;1.0000;0;0
600;2017-10-24 08:20:00;172602N232;47;0.028;25;226;227;225;227;0.587;49.99;345.2;0.047;351.2;0.044;0.0;0.000;60;0;0;0.729;0.513;0.519;2;33;16;49.99;49.99;49.99;7455;1000;0.0;0;1.0000;0;0
600;2017-10-24 08:30:00;172602N232;138;0.047;25;226;227;225;226;0.976;50.00;396.0;0.161;407.8;0.146;0.0;0.000;60;0;0;1.146;0.800;0.983;26;66;44;50.00;50.00;50.00;7455;1000;0.0;0;1.0000;0;0
600;2017-10-24 08:40:00;172602N232;144;0.069;25;225;226;224;226;0.927;50.01;395.0;0.169;409.0;0.153;0.0;0.000;60;0;0;1.069;0.912;0.800;13;75;55;50.01;50.01;50.01;7455;1000;0.0;0;1.0000;0;0
600;2017-10-24 08:50:00;172602N232;91;0.085;26;226;227;226;226;0.929;50.02;382.3;0.105;386.7;0.097;0.0;0.000;60;0;0;1.089;0.935;0.764;1;37;54;50.02;50.02;50.02;7455;1000;0.0;0;1.0000;0;0
600;2017-10-24 09:00:00;172602N232;64;0.094;26;226;225;227;225;0.862;50.03;368.8;0.071;369.9;0.067;0.0;0.000;60;0;0;0.795;1.128;0.664;18;2;45;50.03;50.03;50.03;7455;1000;0.0;0;1.0000;0;0
600;2017-10-24 09:10:00;172602N232;52;0.104;26;225;225;226;224;0.644;50.00;356.6;0.054;359.7;0.052;0.0;0.000;60;0;0;0.697;0.766;0.469;9;12;31;50.00;50.00;50.00;7455;1000;0.0;0;1.0000;0;0
600;2017-10-24 09:20:00;172602N232;106;0.121;27;225;226;226;224;0.915;49.99;386.4;0.123;389.7;0.114;0.0;0.000;60;0;0;1.087;0.959;0.700;11;38;55;49.99;49.99;49.99;7455;1000;0.0;0;1.0000;0;0
600;2017-10-24 09:30:00;172602N232;90;0.137;27;225;226;226;224;0.920;49.99;380.4;0.105;380.8;0.098;0.0;0.000;60;0;0;1.126;0.926;0.710;7;32;55;49.99;49.99;49.99;7455;1000;0.0;0;1.0000;0;0
600;2017-10-24 09:40:00;172602N232;145;0.161;27;225;225;226;225;0.942;49.99;394.6;0.171;402.2;0.158;0.0;0.000;60;0;0;0.801;1.257;0.768;37;34;73;49.99;49.99;49.99;7455;1000;0.0;0;1.0000;0;0
600;2017-10-24 09:50:00;172602N232;141;0.185;27;224;224;225;224;0.905;50.00;397.4;0.165;400.8;0.152;0.0;0.000;60;0;0;0.880;1.085;0.751;24;46;69;50.00;50.00;50.00;7455;1000;0.0;0;1.0000;0;0
600;2017-10-24 10:00:00;172602N232;199;0.218;27;224;225;224;224;0.985;50.00;405.7;0.236;411.6;0.212;0.0;0.000;60;0;0;1.018;1.077;0.862;42;79;75;50.00;50.00;50.00;7455;1000;0.0;0;1.0000;0;0
600;2017-10-24 10:10:00;172602N232;182;0.249;28;224;224;224;223;0.962;49.99;402.5;0.216;412.2;0.192;0.0;0.000;60;0;0;1.310;0.847;0.729;58;61;61;49.99;49.99;49.99;7455;1000;0.0;0;1.0000;0;0
600;2017-10-24 10:20:00;172602N232;200;0.283;28;225;225;225;224;1.004;49.99;407.5;0.236;414.9;0.214;0.0;0.000;60;0;0;1.174;0.936;0.902;51;64;83;49.99;49.99;49.99;7455;1000;0.0;0;1.0000;0;0
600;2017-10-24 10:30:00;172602N232;193;0.313;28;225;224;226;225;0.995;49.98;399.1;0.232;414.4;0.205;0.0;0.000;60;0;0;0.922;1.341;0.722;51;69;70;49.98;49.98;49.98;7455;1000;0.0;0;1.0000;0;0
600;2017-10-24 10:40:00;172602N232;213;0.350;28;225;224;226;225;1.033;50.00;394.3;0.261;416.1;0.230;0.0;0.000;60;0;0;1.013;1.300;0.788;70;66;75;50.00;50.00;50.00;7455;1000;0.0;0;1.0000;0;0
600;2017-10-24 10:50:00;172602N232;251;0.392;29;225;224;226;225;1.080;49.99;414.3;0.295;419.7;0.271;0.0;0.000;60;0;0;1.050;1.335;0.855;82;85;82;49.99;49.99;49.99;7455;1000;0.0;0;1.0000;0;0
600;2017-10-24 11:00:00;172602N232;244;0.433;29;226;225;227;225;1.068;49.99;413.0;0.288;418.6;0.263;0.0;0.000;60;0;0;1.068;1.313;0.825;72;83;87;49.99;49.99;49.99;7455;1000;0.0;0;1.0000;0;0
600;2017-10-24 11:10:00;172602N232;237;0.473;29;226;225;227;226;1.051;50.00;412.2;0.281;418.1;0.255;0.0;0.000;60;0;0;1.000;1.352;0.803;73;81;81;50.00;50.00;50.00;7455;1000;0.0;0;1.0000;0;0
600;2017-10-24 11:20:00;172602N232;198;0.506;29;226;225;228;226;1.041;50.00;406.2;0.236;414.7;0.210;0.0;0.000;60;0;0;0.941;1.444;0.739;73;52;70;50.00;50.00;50.00;7455;1000;0.0;0;1.0000;0;0
600;2017-10-24 11:30:00;172602N232;211;0.541;29;227;225;228;227;1.059;50.01;409.3;0.249;415.7;0.227;0.0;0.000;60;0;0;1.061;1.374;0.743;75;71;63;50.01;50.01;50.01;7455;1000;0.0;0;1.0000;0;0
600;2017-10-24 11:40:00;172602N232;227;0.578;29;227;225;228;227;1.027;50.00;409.6;0.269;416.5;0.244;0.0;0.000;60;0;0;1.043;1.328;0.710;81;76;67;50.00;50.00;50.00;7455;1000;0.0;0;1.0000;0;0
600;2017-10-24 11:50:00;172602N232;309;0.630;29;226;225;227;226;1.160;50.00;416.2;0.368;423.9;0.334;0.0;0.000;60;0;0;1.115;1.338;1.029;100;101;106;50.00;50.00;50.00;7455;1000;0.0;0;1.0000;0;0
600;2017-10-24 12:00:00;172602N232;388;0.696;29;226;225;227;226;1.188;50.03;418.7;0.469;428.7;0.417;0.0;0.000;60;0;0;1.162;1.292;1.110;119;132;135;50.03;50.03;50.03;7455;1000;0.0;0;1.0000;0;0
600;2017-10-24 12:10:00;172602N232;458;0.772;30;226;225;227;225;1.100;50.01;423.6;0.546;430.6;0.497;0.0;0.000;60;0;0;0.895;1.256;1.151;137;168;151;50.01;50.01;50.01;7455;1000;0.0;0;1.0000;0;0
600;2017-10-24 12:20:00;172602N232;451;0.846;30;225;225;227;224;0.737;49.98;423.2;0.540;430.2;0.490;0.0;0.000;60;0;0;0.686;0.777;0.749;138;159;152;49.98;49.98;49.98;7455;1000;0.0;0;1.0000;0;0
600;2017-10-24 12:30:00;172602N232;391;0.913;30;225;224;228;225;1.042;49.98;422.3;0.464;427.6;0.427;0.0;0.000;60;0;0;0.992;1.156;0.979;121;131;138;49.98;49.98;49.98;7455;1000;0.0;0;1.0000;0;0
600;2017-10-24 12:40:00;172602N232;435;0.985;30;225;225;227;224;1.182;49.99;423.9;0.515;429.4;0.473;0.0;0.000;60;0;0;1.139;1.286;1.122;130;150;152;49.99;49.99;49.99;7455;1000;0.0;0;1.0000;0;0
600;2017-10-24 12:50:00;172602N232;296;1.035;30;226;225;227;225;1.170;49.99;414.7;0.353;422.0;0.319;0.0;0.000;60;0;0;1.159;1.358;0.993;88;95;111;49.99;49.99;49.99;7455;1000;0.0;0;1.0000;0;0
600;2017-10-24 13:00:00;172602N232;191;1.067;31;225;225;226;224;1.005;50.02;404.4;0.225;412.5;0.206;0.0;0.000;60;0;0;1.179;1.103;0.733;64;57;69;50.02;50.02;50.02;7455;1000;0.0;0;1.0000;0;0
600;2017-10-24 13:10:00;172602N232;231;1.105;31;226;225;228;224;1.083;50.01;409.1;0.273;416.2;0.251;0.0;0.000;60;0;0;0.996;1.383;0.870;67;65;97;50.01;50.01;50.01;7455;1000;0.0;0;1.0000;0;0
600;2017-10-24 13:20:00;172602N232;191;1.137;31;226;225;227;225;1.033;49.97;403.0;0.227;412.2;0.204;0.0;0.000;60;0;0;1.240;1.120;0.740;71;47;72;49.97;49.97;49.97;7455;1000;0.0;0;1.0000;0;0
600;2017-10-24 13:30:00;172602N232;211;1.172;31;226;225;227;225;1.012;49.99;406.7;0.251;411.6;0.229;0.0;0.000;60;0;0;1.097;1.194;0.745;75;60;74;49.99;49.99;49.99;7455;1000;0.0;0;1.0000;0;0
600;2017-10-24 13:40:00;172602N232;247;1.213;31;226;225;227;225;1.094;49.99;411.1;0.295;401.4;0.279;0.0;0.000;60;0;0;1.075;1.307;0.900;68;83;94;49.99;49.99;49.99;7455;1000;0.0;0;1.0000;0;0
600;2017-10-24 13:50:00;172602N232;149;1.238;30;226;225;227;225;0.969;50.00;396.2;0.176;387.9;0.166;0.0;0.000;60;0;0;0.857;1.254;0.798;41;41;65;50.00;50.00;50.00;7455;1000;0.0;0;1.0000;0;0
600;2017-10-24 14:00:00;172602N232;77;1.252;30;226;226;226;225;0.910;50.00;376.2;0.089;368.5;0.085;0.0;0.000;60;0;0;0.981;0.989;0.760;6;24;46;50.00;50.00;50.00;7455;1000;0.0;0;1.0000;0;0
600;2017-10-24 14:10:00;172602N232;113;1.271;30;226;226;227;226;0.934;49.98;388.4;0.133;380.4;0.127;0.0;0.000;60;0;0;0.872;1.159;0.771;27;22;63;49.98;49.98;49.98;7455;1000;0.0;0;1.0000;0;0
600;2017-10-24 14:20:00;172602N232;108;1.289;30;226;226;227;226;0.932;49.99;388.4;0.126;377.9;0.121;0.0;0.000;60;0;0;0.895;1.133;0.770;22;23;61;49.99;49.99;49.99;7455;1000;0.0;0;1.0000;0;0
600;2017-10-24 14:30:00;172602N232;98;1.306;30;227;226;227;226;0.934;49.99;385.7;0.114;374.9;0.111;0.0;0.000;60;0;0;0.879;1.163;0.762;20;17;59;49.99;49.99;49.99;7455;1000;0.0;0;1.0000;0;0
600;2017-10-24 14:40:00;172602N232;98;1.322;30;225;228;228;219;1.005;49.98;384.4;0.113;375.3;0.109;0.0;0.000;60;0;0;1.386;0.875;0.755;6;45;66;49.98;49.98;49.98;7455;1000;0.0;0;1.0000;0;0
600;2017-10-24 14:50:00;172602N232;72;1.335;30;223;227;227;215;0.767;49.98;371.6;0.079;366.3;0.077;0.0;0.000;60;0;0;0.966;0.743;0.592;1;34;51;49.98;49.98;49.98;7455;1000;0.0;0;1.0000;0;0
600;2017-10-24 15:00:00;172602N232;63;1.345;30;223;227;227;215;0.735;50.00;364.9;0.069;363.5;0.065;0.0;0.000;60;0;0;0.960;0.716;0.529;0;31;45;50.00;50.00;50.00;7455;1000;0.0;0;1.0000;0;0
600;2017-10-24 15:10:00;172602N232;89;1.361;30;223;227;227;215;0.888;50.01;379.3;0.102;373.2;0.098;0.0;0.000;60;0;0;1.209;0.773;0.682;0;43;60;50.01;50.01;50.01;7455;1000;0.0;0;1.0000;0;0
600;2017-10-24 15:20:00;172602N232;52;1.369;30;223;227;228;215;0.642;50.00;357.2;0.054;354.9;0.052;0.0;0.000;60;0;0;0.751;0.711;0.464;1;17;40;50.00;50.00;50.00;7455;1000;0.0;0;1.0000;0;0
600;2017-10-24 15:30:00;172602N232;27;1.374;30;224;225;224;222;0.436;50.00;310.7;0.024;311.2;0.024;0.0;0.000;60;0;0;0.535;0.397;0.376;1;18;22;50.00;50.00;50.00;7455;1000;0.0;0;1.0000;0;0
600;2017-10-24 15:40:00;172602N232;0;1.374;30;224;223;225;223;0.016;49.99;267.9;0.000;267.5;0.000;0.0;0.000;60;0;0;0.012;0.025;0.011;0;0;0;49.99;49.99;49.99;6949;1000;0.0;0;1.0000;0;0
600;2017-10-24 15:50:00;172602N232;6;1.376;29;223;224;222;223;0.228;49.99;253.8;0.000;257.9;0.000;0.0;0.000;60;0;0;0.263;0.214;0.209;1;7;5;49.99;49.99;49.99;3853;1000;0.0;0;1.0000;0;0
600;2017-10-24 16:00:00;172602N232;14;1.378;29;223;225;223;223;0.344;49.99;277.8;0.008;278.0;0.010;0.0;0.000;60;0;0;0.472;0.294;0.268;1;13;12;49.99;49.99;49.99;3853;1000;0.0;0;1.0000;0;0
600;2017-10-24 16:10:00;172602N232;32;1.384;29;224;224;225;222;0.456;50.01;325.9;0.030;326.6;0.030;0.0;0.000;60;0;0;0.527;0.518;0.324;1;15;22;50.01;50.01;50.01;3853;1000;0.0;0;1.0000;0;0
600;2017-10-24 16:20:00;172602N232;30;1.390;29;223;224;224;223;0.479;50.01;321.2;0.026;321.6;0.026;0.0;0.000;60;0;0;0.526;0.579;0.334;8;8;22;50.01;50.01;50.01;3853;1000;0.0;0;1.0000;0;0
600;2017-10-24 16:30:00;172602N232;7;1.392;29;222;222;222;222;0.167;49.98;269.6;0.003;257.8;0.005;0.0;0.000;80;0;0;0.178;0.198;0.126;3;5;3;49.98;49.98;49.98;3853;1000;0.0;0;1.0000;0;0
600;2017-10-24 16:40:00;172602N232;0;1.391;29;221;223;222;219;0.001;49.99;285.8;0.000;284.4;0.000;0.0;0.000;51;0;0;0.003;0.001;0.001;0;0;0;49.99;49.99;49.99;5277;1000;0.0;0;1.0000;0;0
600;2017-10-24 16:50:00;172602N232;0;1.391;28;221;222;222;217;0.000;49.97;234.1;0.000;235.1;0.000;0.0;0.000;51;0;0;0.000;0.000;0.000;0;0;0;49.97;49.97;49.97;3956;1000;0.0;0;1.0000;0;0
600;2017-10-24 17:00:00;172602N232;0;1.391;28;220;222;224;214;0.000;49.97;229.6;0.000;230.5;0.000;0.0;0.000;51;0;0;0.000;0.000;0.000;0;0;0;49.97;49.97;49.97;3956;1000;0.0;0;1.0000;0;0
600;2017-10-24 17:10:00;172602N232;0;1.391;28;220;222;222;216;0.000;50.01;229.6;0.000;230.6;0.000;0.0;0.000;51;0;0;0.000;0.000;0.000;0;0;0;50.01;50.01;50.01;3956;1000;0.0;0;1.0000;0;0
[wr_ende]
