20131118;230003;172602N232;My Plant;+0100
[wr_def_start]
172602N232;Inverter Type;Inverter Group;72602N232      
[wr_def_end]
[wr]
INTERVAL;TIMESTAMP;SERIAL;P_AC;E_DAY;T_WR;U_AC;U_AC_1;U_AC_2;U_AC_3;I_AC;F_AC;U_DC_1;I_DC_1;U_DC_2;I_DC_2;U_DC_3;I_DC_3;S;E_WR;M_WR;I_AC_1;I_AC_2;I_AC_3;P_AC_1;P_AC_2;P_AC_3;F_AC_1;F_AC_2;F_AC_3;R_DC;PC;PCS;PCS_LL;COS_PHI;COS_PHI_LL;S_COS_PHI
600;2013-11-18 07:40:00;172602N232;0;0.000;0;3;3;3;3;0.000;0.74;3.3;0.000;3.3;0.000;0.0;0.000;50;0;0;0.000;0.000;0.000;0;0;0;0.74;0.74;0.74;23;1000;0.0;0;1.0000;0;0
600;2013-11-18 07:50:00;172602N232;0;0.000;18;223;224;225;221;0.000;50.00;232.1;0.000;233.1;0.000;0.0;0.000;50;0;0;0.000;0.000;0.000;0;0;0;50.00;50.00;50.00;0;1000;0.0;0;1.0000;0;0
600;2013-11-18 08:00:00;172602N232;0;0.000;19;223;224;225;221;0.000;50.00;230.8;0.000;231.7;0.000;0.0;0.000;50;0;0;0.000;0.000;0.000;0;0;0;50.00;50.00;50.00;0;1000;0.0;0;1.0000;0;0
600;2013-11-18 08:10:00;172602N232;0;0.000;19;223;224;224;221;0.000;49.98;302.2;0.000;301.0;0.000;0.0;0.000;50;0;0;0.000;0.000;0.000;0;0;0;49.98;49.98;49.98;0;1000;0.0;0;1.0000;0;0
600;2013-11-18 08:20:00;172602N232;0;0.000;19;224;225;225;222;0.001;49.98;295.1;0.000;294.4;0.000;0.0;0.000;51;0;0;0.002;0.001;0.001;0;0;0;49.98;49.98;49.98;4634;1000;0.0;0;1.0000;0;0
600;2013-11-18 08:30:00;172602N232;1;0.000;20;224;224;224;222;0.061;49.99;271.8;0.000;271.7;0.000;0.0;0.000;60;0;0;0.087;0.054;0.042;0;1;2;49.99;49.99;49.99;4673;1000;0.0;0;1.0000;0;0
600;2013-11-18 08:40:00;172602N232;10;0.003;20;224;224;225;223;0.272;49.99;264.6;0.001;281.0;0.005;0.0;0.000;60;0;0;0.458;0.199;0.161;3;5;9;49.99;49.99;49.99;4820;1000;0.0;0;1.0000;0;0
600;2013-11-18 08:50:00;172602N232;28;0.009;20;224;225;223;224;0.451;49.98;321.3;0.021;338.7;0.025;0.0;0.000;60;0;0;0.532;0.359;0.462;3;23;12;49.98;49.98;49.98;4820;1000;0.0;0;1.0000;0;0
600;2013-11-18 09:00:00;172602N232;55;0.014;21;225;225;226;226;0.611;50.00;371.8;0.051;376.6;0.055;0.0;0.000;60;0;0;0.625;0.645;0.564;15;22;17;50.00;50.00;50.00;4820;1000;0.0;0;1.0000;0;0
600;2013-11-18 09:10:00;172602N232;58;0.025;21;225;225;225;225;0.636;49.99;372.0;0.055;377.6;0.059;0.0;0.000;60;0;0;0.715;0.652;0.542;4;27;25;49.99;49.99;49.99;4820;1000;0.0;0;1.0000;0;0
600;2013-11-18 09:20:00;172602N232;68;0.036;22;225;224;225;225;0.766;49.99;380.8;0.069;382.4;0.073;0.0;0.000;60;0;0;0.839;0.735;0.725;11;30;26;49.99;49.99;49.99;4820;1000;0.0;0;1.0000;0;0
600;2013-11-18 09:30:00;172602N232;79;0.050;22;224;225;222;225;0.808;50.00;384.9;0.082;387.0;0.086;0.0;0.000;60;0;0;1.016;0.659;0.751;7;54;20;50.00;50.00;50.00;4820;1000;0.0;0;1.0000;0;0
600;2013-11-18 09:40:00;172602N232;81;0.063;22;224;225;221;225;0.830;49.98;382.6;0.086;387.5;0.089;0.0;0.000;60;0;0;0.980;0.665;0.846;10;55;15;49.98;49.98;49.98;4820;1000;0.0;0;1.0000;0;0
600;2013-11-18 09:50:00;172602N232;132;0.085;23;224;224;224;224;0.943;49.99;400.1;0.145;399.6;0.150;0.0;0.000;60;0;0;1.047;0.932;0.852;18;56;56;49.99;49.99;49.99;4820;1000;0.0;0;1.0000;0;0
600;2013-11-18 10:00:00;172602N232;171;0.114;23;224;224;225;223;0.974;49.98;405.2;0.190;405.6;0.195;0.0;0.000;60;0;0;1.082;1.128;0.712;19;74;76;49.98;49.98;49.98;4820;1000;0.0;0;1.0000;0;0
600;2013-11-18 10:10:00;172602N232;266;0.159;24;224;224;223;224;1.105;49.98;421.7;0.295;413.5;0.308;0.0;0.000;60;0;0;1.233;1.136;0.947;68;118;78;49.98;49.98;49.98;4820;1000;0.0;0;1.0000;0;0
600;2013-11-18 10:20:00;172602N232;268;0.203;24;224;224;224;225;1.074;49.98;416.1;0.303;413.3;0.311;0.0;0.000;60;0;0;1.105;1.110;1.009;79;116;71;49.98;49.98;49.98;4820;1000;0.0;0;1.0000;0;0
600;2013-11-18 10:30:00;172602N232;318;0.256;25;224;223;224;224;1.146;49.99;424.2;0.356;416.2;0.369;0.0;0.000;60;0;0;1.158;1.192;1.090;99;117;98;49.99;49.99;49.99;4820;1000;0.0;0;1.0000;0;0
600;2013-11-18 10:40:00;172602N232;365;0.318;25;223;224;224;223;1.052;50.00;425.0;0.412;417.6;0.426;0.0;0.000;60;0;0;1.117;1.054;0.986;104;137;122;50.00;50.00;50.00;4820;1000;0.0;0;1.0000;0;0
600;2013-11-18 10:50:00;172602N232;202;0.351;25;224;224;224;224;0.983;49.99;411.5;0.226;405.2;0.234;0.0;0.000;60;0;0;1.118;0.988;0.845;45;91;64;49.99;49.99;49.99;4820;1000;0.0;0;1.0000;0;0
600;2013-11-18 11:00:00;172602N232;250;0.393;25;224;224;223;224;0.970;49.98;414.3;0.280;408.4;0.288;0.0;0.000;60;0;0;0.972;1.081;0.858;54;113;81;49.98;49.98;49.98;4820;1000;0.0;0;1.0000;0;0
600;2013-11-18 11:10:00;172602N232;635;0.499;26;224;224;225;225;1.149;49.99;434.9;0.719;426.9;0.736;0.0;0.000;60;0;0;1.127;1.180;1.141;202;220;211;49.99;49.99;49.99;4820;1000;0.0;0;1.0000;0;0
600;2013-11-18 11:20:00;172602N232;686;0.613;26;224;224;225;224;1.059;49.99;434.3;0.779;427.7;0.796;0.0;0.000;60;0;0;1.004;1.095;1.080;215;237;232;49.99;49.99;49.99;4820;1000;0.0;0;1.0000;0;0
600;2013-11-18 11:30:00;172602N232;405;0.682;26;224;224;224;223;0.645;49.98;427.6;0.458;418.6;0.474;0.0;0.000;60;0;0;0.594;0.681;0.662;122;143;138;49.98;49.98;49.98;4820;1000;0.0;0;1.0000;0;0
600;2013-11-18 11:40:00;172602N232;391;0.747;27;224;224;224;224;1.048;49.97;427.9;0.440;418.5;0.457;0.0;0.000;60;0;0;1.071;1.076;0.999;116;145;128;49.97;49.97;49.97;4820;1000;0.0;0;1.0000;0;0
600;2013-11-18 11:50:00;172602N232;403;0.814;27;225;225;225;225;0.866;49.99;410.9;0.474;420.7;0.472;0.0;0.000;60;0;0;0.844;0.888;0.866;122;147;132;49.99;49.99;49.99;4820;1000;0.0;0;1.0000;0;0
600;2013-11-18 12:00:00;172602N232;270;0.860;27;225;225;225;226;1.134;49.98;411.8;0.309;414.4;0.313;0.0;0.000;60;0;0;1.242;1.189;0.971;78;118;72;49.98;49.98;49.98;4820;1000;0.0;0;1.0000;0;0
600;2013-11-18 12:10:00;172602N232;306;0.910;28;225;225;226;225;1.165;49.97;412.5;0.353;416.7;0.356;0.0;0.000;60;0;0;1.178;1.198;1.120;84;111;110;49.97;49.97;49.97;4820;1000;0.0;0;1.0000;0;0
600;2013-11-18 12:20:00;172602N232;244;0.951;28;225;225;226;225;1.089;49.98;416.9;0.274;412.1;0.283;0.0;0.000;60;0;0;1.021;1.246;1.002;53;99;91;49.98;49.98;49.98;4820;1000;0.0;0;1.0000;0;0
600;2013-11-18 12:30:00;172602N232;205;0.986;28;225;225;226;225;1.011;50.00;414.3;0.228;407.7;0.237;0.0;0.000;60;0;0;1.161;1.107;0.767;62;82;59;50.00;50.00;50.00;4820;1000;0.0;0;1.0000;0;0
600;2013-11-18 12:40:00;172602N232;195;1.018;28;224;224;225;224;0.977;50.00;411.3;0.217;406.2;0.225;0.0;0.000;60;0;0;1.058;1.143;0.730;51;76;66;50.00;50.00;50.00;4820;1000;0.0;0;1.0000;0;0
600;2013-11-18 12:50:00;172602N232;108;1.037;28;224;224;225;224;0.919;49.99;393.5;0.118;391.2;0.123;0.0;0.000;60;0;0;1.086;0.913;0.758;12;41;53;49.99;49.99;49.99;4820;1000;0.0;0;1.0000;0;0
600;2013-11-18 13:00:00;172602N232;68;1.049;27;224;224;225;224;0.815;49.99;374.7;0.070;377.0;0.075;0.0;0.000;60;0;0;0.897;0.904;0.644;11;18;38;49.99;49.99;49.99;4820;1000;0.0;0;1.0000;0;0
600;2013-11-18 13:10:00;172602N232;48;1.057;27;224;224;225;224;0.767;50.00;358.1;0.046;366.1;0.051;0.0;0.000;60;0;0;0.850;0.863;0.590;2;11;34;50.00;50.00;50.00;4820;1000;0.0;0;1.0000;0;0
600;2013-11-18 13:20:00;172602N232;31;1.062;27;224;224;225;223;0.513;49.99;328.5;0.025;343.2;0.029;0.0;0.000;60;0;0;0.595;0.578;0.366;3;6;24;49.99;49.99;49.99;4820;1000;0.0;0;1.0000;0;0
600;2013-11-18 13:30:00;172602N232;46;1.070;27;224;224;225;223;0.668;49.98;353.9;0.043;363.4;0.047;0.0;0.000;60;0;0;0.774;0.742;0.488;2;12;34;49.98;49.98;49.98;4820;1000;0.0;0;1.0000;0;0
600;2013-11-18 13:40:00;172602N232;51;1.079;27;224;224;225;223;0.647;50.00;360.9;0.048;367.1;0.053;0.0;0.000;60;0;0;0.724;0.747;0.471;1;16;34;50.00;50.00;50.00;4820;1000;0.0;0;1.0000;0;0
600;2013-11-18 13:50:00;172602N232;76;1.091;27;225;224;226;224;0.861;50.00;381.2;0.081;380.4;0.085;0.0;0.000;60;0;0;0.863;1.005;0.715;11;15;48;50.00;50.00;50.00;4820;1000;0.0;0;1.0000;0;0
600;2013-11-18 14:00:00;172602N232;49;1.100;27;224;224;225;224;0.725;49.98;360.0;0.047;366.5;0.051;0.0;0.000;60;0;0;0.833;0.756;0.586;2;19;28;49.98;49.98;49.98;4820;1000;0.0;0;1.0000;0;0
600;2013-11-18 14:10:00;172602N232;21;1.104;27;224;224;226;223;0.422;50.00;304.6;0.012;327.5;0.017;0.0;0.000;60;0;0;0.528;0.441;0.297;1;6;19;50.00;50.00;50.00;4820;1000;0.0;0;1.0000;0;0
600;2013-11-18 14:20:00;172602N232;14;1.106;27;224;224;225;224;0.336;49.99;277.3;0.006;297.2;0.010;0.0;0.000;60;0;0;0.385;0.370;0.253;2;2;13;49.99;49.99;49.99;4820;1000;0.0;0;1.0000;0;0
600;2013-11-18 14:30:00;172602N232;29;1.112;26;224;224;225;224;0.465;49.98;323.4;0.022;338.7;0.026;0.0;0.000;60;0;0;0.556;0.492;0.349;2;9;20;49.98;49.98;49.98;4820;1000;0.0;0;1.0000;0;0
600;2013-11-18 14:40:00;172602N232;17;1.114;26;225;225;225;224;0.351;49.97;286.3;0.009;309.0;0.014;0.0;0.000;60;0;0;0.427;0.329;0.299;0;10;16;49.97;49.97;49.97;4820;1000;0.0;0;1.0000;0;0
600;2013-11-18 14:50:00;172602N232;8;1.116;26;225;225;224;225;0.220;50.00;261.2;0.001;269.7;0.004;0.0;0.000;60;0;0;0.292;0.190;0.178;0;11;6;50.00;50.00;50.00;4820;1000;0.0;0;1.0000;0;0
600;2013-11-18 15:00:00;172602N232;1;1.117;26;226;226;225;226;0.128;50.00;251.6;0.000;251.9;0.000;0.0;0.000;60;0;0;0.168;0.123;0.094;0;6;1;50.00;50.00;50.00;4820;1000;0.0;0;1.0000;0;0
600;2013-11-18 15:10:00;172602N232;0;1.117;25;225;226;225;225;0.015;49.99;279.4;0.000;278.7;0.000;0.0;0.000;51;0;0;0.019;0.018;0.008;0;0;0;49.99;49.99;49.99;5010;1000;0.0;0;1.0000;0;0
600;2013-11-18 15:20:00;172602N232;0;1.117;25;225;226;225;225;0.004;49.98;289.7;0.000;288.4;0.000;0.0;0.000;51;0;0;0.010;0.001;0.001;0;0;0;49.98;49.98;49.98;5596;1000;0.0;0;1.0000;0;0
600;2013-11-18 15:30:00;172602N232;0;1.117;24;225;226;227;223;0.000;49.97;283.6;0.000;282.8;0.000;0.0;0.000;51;0;0;0.000;0.000;0.000;0;0;0;49.97;49.97;49.97;6288;1000;0.0;0;1.0000;0;0
600;2013-11-18 15:40:00;172602N232;0;1.117;24;225;225;227;223;0.000;49.98;229.0;0.000;229.9;0.000;0.0;0.000;51;0;0;0.000;0.000;0.000;0;0;0;49.98;49.98;49.98;6288;1000;0.0;0;1.0000;0;0
600;2013-11-18 15:50:00;172602N232;0;1.117;24;225;225;227;223;0.000;50.02;229.5;0.000;230.5;0.000;0.0;0.000;51;0;0;0.000;0.000;0.000;0;0;0;50.02;50.02;50.02;6288;1000;0.0;0;1.0000;0;0
600;2013-11-18 16:00:00;172602N232;0;1.117;23;225;225;227;223;0.000;50.01;227.8;0.000;228.7;0.000;0.0;0.000;51;0;0;0.000;0.000;0.000;0;0;0;50.01;50.01;50.01;6288;1000;0.0;0;1.0000;0;0
600;2013-11-18 16:10:00;172602N232;0;1.117;23;224;225;226;222;0.000;49.98;228.4;0.000;229.3;0.000;0.0;0.000;80;0;0;0.000;0.000;0.000;0;0;0;49.98;49.98;49.98;6288;1000;0.0;0;1.0000;0;0
[wr_ende]
