20150823;230001;172602N232;My Plant;+0100
[wr_def_start]
172602N232;Inverter Type;Inverter Group;72602N232      
[wr_def_end]
[wr]
INTERVAL;TIMESTAMP;SERIAL;P_AC;E_DAY;T_WR;U_AC;U_AC_1;U_AC_2;U_AC_3;I_AC;F_AC;U_DC_1;I_DC_1;U_DC_2;I_DC_2;U_DC_3;I_DC_3;S;E_WR;M_WR;I_AC_1;I_AC_2;I_AC_3;P_AC_1;P_AC_2;P_AC_3;F_AC_1;F_AC_2;F_AC_3;R_DC;PC;PCS;PCS_LL;COS_PHI;COS_PHI_LL;S_COS_PHI
600;2015-08-23 05:10:00;172602N232;0;0.000;0;5;5;5;5;0.000;1.13;5.0;0.000;5.0;0.000;0.0;0.000;50;0;0;0.000;0.000;0.000;0;0;0;1.13;1.13;1.13;245;1000;0.0;0;1.0000;0;0
600;2015-08-23 05:20:00;172602N232;0;0.000;29;225;225;228;223;0.000;50.01;228.0;0.000;228.9;0.000;0.0;0.000;50;0;0;0.000;0.000;0.000;0;0;0;50.01;50.01;50.01;0;1000;0.0;0;1.0000;0;0
600;2015-08-23 05:30:00;172602N232;0;0.000;31;225;225;227;223;0.000;50.02;233.8;0.000;234.8;0.000;0.0;0.000;50;0;0;0.000;0.000;0.000;0;0;0;50.02;50.02;50.02;0;1000;0.0;0;1.0000;0;0
600;2015-08-23 05:40:00;172602N232;0;0.000;31;225;225;227;222;0.001;50.00;279.0;0.000;278.4;0.000;0.0;0.000;60;0;0;0.001;0.001;0.001;0;0;0;50.00;50.00;50.00;1712;1000;0.0;0;1.0000;0;0
600;2015-08-23 05:50:00;172602N232;4;0.001;32;224;225;226;223;0.185;50.01;276.1;0.000;274.9;0.001;0.0;0.000;60;0;0;0.203;0.217;0.135;0;1;8;50.01;50.01;50.01;4194;1000;0.0;0;1.0000;0;0
600;2015-08-23 06:00:00;172602N232;25;0.005;32;225;225;226;223;0.529;50.02;325.5;0.018;334.6;0.018;0.0;0.000;60;0;0;0.596;0.641;0.351;3;0;23;50.02;50.02;50.02;4286;1000;0.0;0;1.0000;0;0
600;2015-08-23 06:10:00;172602N232;45;0.011;32;225;225;226;224;0.664;50.01;362.2;0.042;372.4;0.040;0.0;0.000;60;0;0;0.702;0.820;0.472;6;5;32;50.01;50.01;50.01;4286;1000;0.0;0;1.0000;0;0
600;2015-08-23 06:20:00;172602N232;63;0.022;33;225;225;226;224;0.680;50.01;377.5;0.065;386.7;0.061;0.0;0.000;60;0;0;0.700;0.849;0.492;10;16;36;50.01;50.01;50.01;4286;1000;0.0;0;1.0000;0;0
600;2015-08-23 06:30:00;172602N232;81;0.036;33;225;225;226;223;0.945;50.01;389.1;0.088;393.4;0.082;0.0;0.000;60;0;0;1.035;1.047;0.755;3;19;57;50.01;50.01;50.01;4286;1000;0.0;0;1.0000;0;0
600;2015-08-23 06:40:00;172602N232;98;0.052;34;224;224;226;222;0.954;50.02;394.3;0.110;396.6;0.102;0.0;0.000;60;0;0;0.884;1.216;0.762;21;10;65;50.02;50.02;50.02;4286;1000;0.0;0;1.0000;0;0
600;2015-08-23 06:50:00;172602N232;114;0.071;34;224;225;226;222;0.970;50.01;399.1;0.129;397.8;0.120;0.0;0.000;60;0;0;1.017;1.115;0.779;14;28;69;50.01;50.01;50.01;4286;1000;0.0;0;1.0000;0;0
600;2015-08-23 07:00:00;172602N232;129;0.093;34;224;224;225;223;0.957;50.01;403.2;0.148;400.5;0.137;0.0;0.000;60;0;0;0.961;1.126;0.786;22;34;71;50.01;50.01;50.01;4286;1000;0.0;0;1.0000;0;0
600;2015-08-23 07:10:00;172602N232;144;0.117;35;224;223;226;223;0.966;50.00;403.3;0.168;408.8;0.149;0.0;0.000;60;0;0;0.824;1.309;0.767;32;34;76;50.00;50.00;50.00;4286;1000;0.0;0;1.0000;0;0
600;2015-08-23 07:20:00;172602N232;158;0.144;35;224;224;225;222;0.951;50.00;404.4;0.186;403.6;0.166;0.0;0.000;60;0;0;0.856;1.258;0.739;20;53;83;50.00;50.00;50.00;4286;1000;0.0;0;1.0000;0;0
600;2015-08-23 07:30:00;172602N232;173;0.173;35;223;223;225;222;0.932;50.01;406.0;0.206;405.7;0.181;0.0;0.000;60;0;0;0.818;1.279;0.699;19;68;84;50.01;50.01;50.01;4286;1000;0.0;0;1.0000;0;0
600;2015-08-23 07:40:00;172602N232;187;0.204;35;223;223;224;222;0.961;50.01;408.7;0.225;404.9;0.197;0.0;0.000;60;0;0;0.858;1.334;0.691;26;79;80;50.01;50.01;50.01;4286;1000;0.0;0;1.0000;0;0
600;2015-08-23 07:50:00;172602N232;203;0.238;36;222;223;225;220;1.085;50.01;412.6;0.248;404.7;0.213;0.0;0.000;60;0;0;1.249;1.317;0.689;45;78;79;50.01;50.01;50.01;4286;1000;0.0;0;1.0000;0;0
600;2015-08-23 08:00:00;172602N232;224;0.276;36;222;221;225;219;1.091;50.01;418.3;0.277;404.1;0.232;0.0;0.000;60;0;0;1.167;1.400;0.708;76;63;83;50.01;50.01;50.01;4286;1000;0.0;0;1.0000;0;0
600;2015-08-23 08:10:00;172602N232;243;0.316;36;222;222;224;219;1.105;50.01;422.5;0.299;397.3;0.257;0.0;0.000;60;0;0;1.266;1.280;0.770;56;93;92;50.01;50.01;50.01;4286;1000;0.0;0;1.0000;0;0
600;2015-08-23 08:20:00;172602N232;267;0.361;36;222;221;224;221;1.125;50.00;430.6;0.323;403.2;0.279;0.0;0.000;60;0;0;1.086;1.317;0.974;74;90;101;50.00;50.00;50.00;4286;1000;0.0;0;1.0000;0;0
600;2015-08-23 08:30:00;172602N232;291;0.409;36;222;221;225;221;1.161;50.01;456.3;0.335;415.9;0.293;0.0;0.000;60;0;0;1.147;1.438;0.899;97;91;102;50.01;50.01;50.01;4286;1000;0.0;0;1.0000;0;0
600;2015-08-23 08:40:00;172602N232;488;0.491;37;222;222;224;221;0.942;50.01;374.1;0.949;424.8;0.319;0.0;0.000;60;0;0;0.914;1.001;0.912;151;169;165;50.01;50.01;50.01;4286;1000;0.0;0;1.0000;0;0
600;2015-08-23 08:50:00;172602N232;744;0.615;37;222;222;224;220;1.157;50.00;389.9;1.509;423.0;0.366;0.0;0.000;60;0;0;1.109;1.195;1.167;235;258;248;50.00;50.00;50.00;4286;1000;0.0;0;1.0000;0;0
600;2015-08-23 09:00:00;172602N232;1041;0.789;37;222;221;224;221;1.603;49.99;387.2;2.274;449.7;0.362;0.0;0.000;60;0;0;1.563;1.636;1.612;334;358;347;49.99;49.99;49.99;4286;1000;0.0;0;1.0000;0;0
600;2015-08-23 09:10:00;172602N232;1291;1.005;38;224;224;226;223;2.021;50.00;388.9;2.851;405.8;0.478;0.0;0.000;60;0;0;1.983;2.048;2.032;413;445;432;50.00;50.00;50.00;4286;1000;0.0;0;1.0000;0;0
600;2015-08-23 09:20:00;172602N232;1592;1.269;38;225;224;228;222;2.378;50.00;403.2;3.076;286.3;1.359;0.0;0.000;60;0;0;2.313;2.456;2.367;513;555;521;50.00;50.00;50.00;4286;1000;0.0;0;1.0000;0;0
600;2015-08-23 09:30:00;172602N232;1863;1.581;39;224;222;227;224;2.787;49.99;399.0;3.304;302.2;1.889;0.0;0.000;60;0;0;2.700;2.858;2.805;595;644;622;49.99;49.99;49.99;4286;1000;0.0;0;1.0000;0;0
600;2015-08-23 09:40:00;172602N232;2093;1.929;39;225;224;227;224;3.124;50.01;396.1;3.514;327.7;2.232;0.0;0.000;60;0;0;3.056;3.178;3.139;678;716;697;50.01;50.01;50.01;4286;1000;0.0;0;1.0000;0;0
600;2015-08-23 09:50:00;172602N232;2400;2.329;40;225;224;227;224;3.582;50.01;393.4;3.726;351.6;2.754;0.0;0.000;60;0;0;3.513;3.641;3.593;780;820;797;50.01;50.01;50.01;4286;1000;0.0;0;1.0000;0;0
600;2015-08-23 10:00:00;172602N232;2713;2.782;40;225;225;227;223;4.042;50.01;390.6;3.930;334.1;3.658;0.0;0.000;60;0;0;4.004;4.098;4.025;896;924;891;50.01;50.01;50.01;4286;1000;0.0;0;1.0000;0;0
600;2015-08-23 10:10:00;172602N232;2970;3.277;41;225;225;227;224;4.412;50.01;387.3;4.126;348.3;4.068;0.0;0.000;60;0;0;4.364;4.461;4.413;977;1007;985;50.01;50.01;50.01;4286;1000;0.0;0;1.0000;0;0
600;2015-08-23 10:20:00;172602N232;3125;3.799;41;225;225;228;223;4.638;50.01;384.6;4.304;356.5;4.254;0.0;0.000;60;0;0;4.575;4.732;4.609;1025;1074;1023;50.01;50.01;50.01;4286;1000;0.0;0;1.0000;0;0
600;2015-08-23 10:30:00;172602N232;3282;4.345;42;225;224;227;223;4.877;50.02;382.9;4.482;366.0;4.415;0.0;0.000;60;0;0;4.816;4.953;4.863;1076;1121;1083;50.02;50.02;50.02;4286;1000;0.0;0;1.0000;0;0
600;2015-08-23 10:40:00;172602N232;3428;4.917;43;225;224;227;223;5.089;50.01;381.6;4.652;375.0;4.549;0.0;0.000;60;0;0;5.037;5.178;5.052;1128;1175;1123;50.01;50.01;50.01;4286;1000;0.0;0;1.0000;0;0
600;2015-08-23 10:50:00;172602N232;3547;5.508;43;225;225;227;223;5.259;50.00;380.4;4.818;372.4;4.753;0.0;0.000;60;0;0;5.218;5.329;5.232;1172;1207;1166;50.00;50.00;50.00;4286;1000;0.0;0;1.0000;0;0
600;2015-08-23 11:00:00;172602N232;3687;6.122;43;225;224;228;223;5.464;50.00;378.8;4.973;378.0;4.927;0.0;0.000;60;0;0;5.381;5.572;5.440;1203;1269;1213;50.00;50.00;50.00;4286;1000;0.0;0;1.0000;0;0
600;2015-08-23 11:10:00;172602N232;3780;6.753;43;225;225;228;223;5.601;50.02;377.6;5.112;375.6;5.088;0.0;0.000;60;0;0;5.532;5.699;5.572;1241;1296;1240;50.02;50.02;50.02;4286;1000;0.0;0;1.0000;0;0
600;2015-08-23 11:20:00;172602N232;3850;7.394;43;225;226;228;222;5.710;50.00;376.2;5.228;374.2;5.204;0.0;0.000;60;0;0;5.673;5.816;5.641;1276;1323;1250;50.00;50.00;50.00;4286;1000;0.0;0;1.0000;0;0
600;2015-08-23 11:30:00;172602N232;3927;8.049;43;227;227;231;223;5.775;50.00;375.3;5.348;373.1;5.324;0.0;0.000;60;0;0;5.739;5.908;5.680;1301;1361;1263;50.00;50.00;50.00;4286;1000;0.0;0;1.0000;0;0
600;2015-08-23 11:40:00;172602N232;3997;8.716;44;227;227;231;224;5.880;49.99;373.8;5.466;371.5;5.443;0.0;0.000;60;0;0;5.826;6.008;5.808;1317;1382;1296;49.99;49.99;49.99;4286;1000;0.0;0;1.0000;0;0
600;2015-08-23 11:50:00;172602N232;4054;9.390;44;227;227;230;223;5.967;50.01;372.2;5.573;369.3;5.551;0.0;0.000;60;0;0;5.909;6.099;5.895;1336;1402;1314;50.01;50.01;50.01;4286;1000;0.0;0;1.0000;0;0
600;2015-08-23 12:00:00;172602N232;4097;10.074;44;227;227;232;224;6.015;50.01;370.6;5.656;368.2;5.633;0.0;0.000;60;0;0;5.952;6.157;5.936;1346;1423;1326;50.01;50.01;50.01;4286;1000;0.0;0;1.0000;0;0
600;2015-08-23 12:10:00;172602N232;4139;10.765;44;228;228;233;225;6.052;50.01;370.2;5.719;367.6;5.699;0.0;0.000;60;0;0;5.981;6.200;5.975;1357;1439;1341;50.00;50.00;50.00;4286;1000;0.0;0;1.0000;0;0
600;2015-08-23 12:20:00;172602N232;4187;11.463;44;229;228;233;227;6.106;50.02;369.5;5.799;367.0;5.775;0.0;0.000;60;0;0;6.013;6.237;6.068;1365;1449;1372;50.02;50.02;50.02;4286;1000;0.0;0;1.0000;0;0
600;2015-08-23 12:30:00;172602N232;4221;12.166;45;229;228;232;227;6.152;50.01;367.7;5.873;365.3;5.851;0.0;0.000;60;0;0;6.087;6.256;6.114;1387;1449;1383;50.01;50.01;50.01;4286;1000;0.0;0;1.0000;0;0
600;2015-08-23 12:40:00;172602N232;4251;12.875;45;229;228;233;226;6.197;50.00;367.6;5.918;364.9;5.898;0.0;0.000;60;0;0;6.128;6.319;6.146;1394;1467;1388;50.00;50.00;50.00;4286;1000;0.0;0;1.0000;0;0
600;2015-08-23 12:50:00;172602N232;4274;13.587;45;229;228;233;227;6.221;50.03;367.2;5.960;364.4;5.938;0.0;0.000;60;0;0;6.142;6.338;6.185;1398;1474;1400;50.03;50.03;50.03;4286;1000;0.0;0;1.0000;0;0
600;2015-08-23 13:00:00;172602N232;4299;14.304;45;229;229;233;227;6.255;50.03;367.6;5.990;364.6;5.967;0.0;0.000;60;0;0;6.176;6.372;6.219;1408;1483;1407;50.03;50.03;50.03;4286;1000;0.0;0;1.0000;0;0
600;2015-08-23 13:10:00;172602N232;4298;15.020;46;229;227;234;225;6.272;50.02;366.3;6.011;363.1;5.990;0.0;0.000;60;0;0;6.169;6.428;6.221;1396;1499;1400;50.02;50.02;50.02;4286;1000;0.0;0;1.0000;0;0
600;2015-08-23 13:20:00;172602N232;4287;15.734;46;229;227;234;226;6.252;50.03;365.7;6.009;362.3;5.987;0.0;0.000;60;0;0;6.133;6.426;6.197;1388;1502;1396;50.03;50.03;50.03;4286;1000;0.0;0;1.0000;0;0
600;2015-08-23 13:30:00;172602N232;4277;16.448;46;229;227;234;226;6.225;50.02;365.5;5.998;362.3;5.972;0.0;0.000;60;0;0;6.103;6.386;6.187;1383;1494;1397;50.02;50.02;50.02;4286;1000;0.0;0;1.0000;0;0
600;2015-08-23 13:40:00;172602N232;4286;17.162;46;229;228;234;226;6.239;50.00;366.3;5.994;363.2;5.972;0.0;0.000;60;0;0;6.151;6.379;6.187;1399;1488;1397;50.00;50.00;50.00;4286;1000;0.0;0;1.0000;0;0
600;2015-08-23 13:50:00;172602N232;4289;17.878;46;229;228;233;227;6.242;50.01;367.4;5.983;364.0;5.959;0.0;0.000;60;0;0;6.136;6.384;6.208;1394;1488;1405;50.01;50.01;50.01;4286;1000;0.0;0;1.0000;0;0
600;2015-08-23 14:00:00;172602N232;4251;18.586;46;230;228;233;227;6.180;50.01;367.5;5.924;364.3;5.905;0.0;0.000;60;0;0;6.083;6.303;6.155;1385;1468;1396;50.01;50.01;50.01;4286;1000;0.0;0;1.0000;0;0
600;2015-08-23 14:10:00;172602N232;4221;19.289;47;229;228;231;227;6.155;50.01;368.0;5.872;365.2;5.848;0.0;0.000;60;0;0;6.087;6.251;6.128;1386;1444;1389;50.01;50.01;50.01;4286;1000;0.0;0;1.0000;0;0
600;2015-08-23 14:20:00;172602N232;4171;19.986;47;229;228;232;227;6.083;50.02;367.7;5.808;364.9;5.784;0.0;0.000;60;0;0;6.004;6.187;6.060;1364;1433;1373;50.02;50.02;50.02;4286;1000;0.0;0;1.0000;0;0
600;2015-08-23 14:30:00;172602N232;4099;20.669;47;229;228;232;227;5.982;50.03;366.5;5.725;363.7;5.704;0.0;0.000;60;0;0;5.909;6.083;5.954;1344;1406;1347;50.03;50.03;50.03;4286;1000;0.0;0;1.0000;0;0
600;2015-08-23 14:40:00;172602N232;4055;21.344;47;229;228;232;226;5.922;50.01;368.5;5.630;365.9;5.606;0.0;0.000;60;0;0;5.856;6.049;5.862;1331;1404;1318;50.01;50.01;50.01;4286;1000;0.0;0;1.0000;0;0
600;2015-08-23 14:50:00;172602N232;3971;22.005;47;229;228;233;226;5.796;50.02;368.1;5.517;365.7;5.495;0.0;0.000;60;0;0;5.733;5.923;5.734;1305;1376;1288;50.02;50.02;50.02;4286;1000;0.0;0;1.0000;0;0
600;2015-08-23 15:00:00;172602N232;3870;22.652;47;228;228;232;225;5.669;50.03;368.8;5.364;366.6;5.340;0.0;0.000;60;0;0;5.602;5.784;5.621;1269;1337;1261;50.03;50.03;50.03;4286;1000;0.0;0;1.0000;0;0
600;2015-08-23 15:10:00;172602N232;3768;23.280;47;228;227;232;226;5.518;50.03;370.2;5.202;367.8;5.182;0.0;0.000;60;0;0;5.444;5.637;5.473;1232;1304;1230;50.03;50.03;50.03;4286;1000;0.0;0;1.0000;0;0
600;2015-08-23 15:20:00;172602N232;3697;23.896;47;229;228;232;227;5.402;50.03;372.7;5.067;370.3;5.048;0.0;0.000;60;0;0;5.325;5.510;5.372;1207;1276;1212;50.03;50.03;50.03;4286;1000;0.0;0;1.0000;0;0
600;2015-08-23 15:30:00;172602N232;3615;24.499;47;229;228;233;227;5.274;50.03;373.1;4.942;371.5;4.922;0.0;0.000;60;0;0;5.197;5.373;5.252;1181;1246;1186;50.03;50.03;50.03;4286;1000;0.0;0;1.0000;0;0
600;2015-08-23 15:40:00;172602N232;3535;25.088;47;230;229;234;226;5.155;50.00;375.3;4.806;372.9;4.791;0.0;0.000;60;0;0;5.093;5.274;5.099;1158;1227;1148;50.00;50.00;50.00;4286;1000;0.0;0;1.0000;0;0
600;2015-08-23 15:50:00;172602N232;3425;25.660;47;229;229;233;226;5.006;49.99;375.5;4.652;373.4;4.636;0.0;0.000;60;0;0;4.956;5.109;4.954;1126;1183;1115;49.99;49.99;49.99;4286;1000;0.0;0;1.0000;0;0
600;2015-08-23 16:00:00;172602N232;3307;26.211;47;229;228;232;225;4.848;50.01;375.8;4.482;374.4;4.468;0.0;0.000;60;0;0;4.786;4.954;4.804;1086;1143;1077;50.01;50.01;50.01;4286;1000;0.0;0;1.0000;0;0
600;2015-08-23 16:10:00;172602N232;3186;26.742;47;228;228;232;224;4.676;50.00;377.3;4.300;375.6;4.286;0.0;0.000;60;0;0;4.623;4.794;4.613;1049;1106;1029;50.00;50.00;50.00;4286;1000;0.0;0;1.0000;0;0
600;2015-08-23 16:20:00;172602N232;3061;27.252;47;228;229;231;224;4.501;50.00;380.8;4.091;377.2;4.099;0.0;0.000;60;0;0;4.459;4.609;4.435;1013;1061;985;50.00;50.00;50.00;4286;1000;0.0;0;1.0000;0;0
600;2015-08-23 16:30:00;172602N232;2894;27.735;47;228;228;231;224;4.256;50.02;390.3;3.724;378.7;3.906;0.0;0.000;60;0;0;4.205;4.355;4.208;953;1001;938;50.02;50.02;50.02;4286;1000;0.0;0;1.0000;0;0
600;2015-08-23 16:40:00;172602N232;2755;28.195;46;228;228;231;225;4.053;50.02;373.6;3.703;381.0;3.694;0.0;0.000;60;0;0;3.997;4.139;4.023;905;949;899;50.02;50.02;50.02;4286;1000;0.0;0;1.0000;0;0
600;2015-08-23 16:50:00;172602N232;2609;28.630;46;227;227;231;224;3.848;49.99;375.0;3.491;382.5;3.483;0.0;0.000;60;0;0;3.792;3.948;3.805;855;906;847;49.99;49.99;49.99;4286;1000;0.0;0;1.0000;0;0
600;2015-08-23 17:00:00;172602N232;2451;29.038;46;227;227;230;224;3.618;50.00;375.4;3.273;383.2;3.265;0.0;0.000;60;0;0;3.565;3.708;3.581;803;849;797;50.00;50.00;50.00;4286;1000;0.0;0;1.0000;0;0
600;2015-08-23 17:10:00;172602N232;2288;29.419;45;226;226;230;223;3.383;49.99;377.9;3.034;385.4;3.027;0.0;0.000;60;0;0;3.316;3.479;3.355;743;797;746;49.99;49.99;49.99;4286;1000;0.0;0;1.0000;0;0
600;2015-08-23 17:20:00;172602N232;2109;29.771;45;226;226;230;223;3.124;49.98;378.9;2.790;389.3;2.758;0.0;0.000;60;0;0;3.079;3.200;3.094;691;730;686;49.98;49.98;49.98;4286;1000;0.0;0;1.0000;0;0
600;2015-08-23 17:30:00;172602N232;1911;30.090;45;226;226;229;223;2.838;49.99;380.3;2.545;396.9;2.420;0.0;0.000;60;0;0;2.782;2.905;2.827;622;660;627;49.99;49.99;49.99;4286;1000;0.0;0;1.0000;0;0
600;2015-08-23 17:40:00;172602N232;1737;30.380;44;226;226;229;223;2.579;50.02;381.9;2.299;380.1;2.299;0.0;0.000;60;0;0;2.515;2.653;2.571;563;604;569;50.02;50.02;50.02;4286;1000;0.0;0;1.0000;0;0
600;2015-08-23 17:50:00;172602N232;1566;30.640;44;225;224;228;221;2.339;50.01;391.4;2.000;381.8;2.084;0.0;0.000;60;0;0;2.272;2.418;2.327;506;548;511;50.01;50.01;50.01;4286;1000;0.0;0;1.0000;0;0
600;2015-08-23 18:00:00;172602N232;1408;30.875;44;225;224;228;222;2.100;49.99;374.1;1.873;383.0;1.874;0.0;0.000;60;0;0;2.036;2.168;2.097;453;491;462;49.99;49.99;49.99;4286;1000;0.0;0;1.0000;0;0
600;2015-08-23 18:10:00;172602N232;1241;31.082;44;225;223;229;224;1.879;49.99;374.6;1.646;384.1;1.645;0.0;0.000;60;0;0;1.793;1.962;1.883;390;436;413;49.99;49.99;49.99;4286;1000;0.0;0;1.0000;0;0
600;2015-08-23 18:20:00;172602N232;1067;31.261;44;225;225;229;222;1.613;49.98;374.7;1.431;385.9;1.385;0.0;0.000;60;0;0;1.552;1.678;1.609;339;376;350;49.98;49.98;49.98;4286;1000;0.0;0;1.0000;0;0
600;2015-08-23 18:30:00;172602N232;904;31.411;44;226;225;229;223;1.369;50.00;369.9;1.196;383.6;1.207;0.0;0.000;60;0;0;1.316;1.420;1.373;286;318;298;50.00;50.00;50.00;4286;1000;0.0;0;1.0000;0;0
600;2015-08-23 18:40:00;172602N232;650;31.520;44;226;225;228;224;0.999;50.04;297.6;0.896;383.8;1.003;0.0;0.000;60;0;0;0.941;1.047;1.009;202;229;217;50.04;50.04;50.04;4286;1000;0.0;0;1.0000;0;0
600;2015-08-23 18:50:00;172602N232;640;31.627;44;225;225;227;224;0.993;50.01;346.5;0.672;389.8;1.043;0.0;0.000;60;0;0;0.938;1.035;1.007;199;224;215;50.01;50.01;50.01;4286;1000;0.0;0;1.0000;0;0
600;2015-08-23 19:00:00;172602N232;467;31.705;44;224;225;226;223;1.018;50.00;374.6;0.473;377.2;0.751;0.0;0.000;60;0;0;1.065;1.026;0.963;141;167;157;50.00;50.00;50.00;4286;1000;0.0;0;1.0000;0;0
600;2015-08-23 19:10:00;172602N232;198;31.738;44;223;224;224;223;1.004;50.00;348.1;0.225;385.2;0.285;0.0;0.000;60;0;0;1.296;0.943;0.774;52;79;66;50.00;50.00;50.00;4286;1000;0.0;0;1.0000;0;0
600;2015-08-23 19:20:00;172602N232;162;31.765;43;224;223;226;223;0.992;49.99;367.7;0.189;379.1;0.213;0.0;0.000;60;0;0;0.752;1.453;0.772;36;35;89;49.99;49.99;49.99;4286;1000;0.0;0;1.0000;0;0
600;2015-08-23 19:30:00;172602N232;126;31.786;43;223;222;226;222;0.965;50.00;351.5;0.155;371.4;0.164;0.0;0.000;60;0;0;0.800;1.332;0.764;40;10;74;50.00;50.00;50.00;4286;1000;0.0;0;1.0000;0;0
600;2015-08-23 19:40:00;172602N232;79;31.799;43;224;224;226;223;0.912;50.01;337.2;0.096;363.7;0.099;0.0;0.000;60;0;0;0.932;1.080;0.726;9;13;57;50.01;50.01;50.01;4286;1000;0.0;0;1.0000;0;0
600;2015-08-23 19:50:00;172602N232;43;31.807;42;224;224;226;223;0.634;49.99;321.0;0.043;349.4;0.048;0.0;0.000;60;0;0;0.653;0.784;0.465;5;5;33;49.99;49.99;49.99;4286;1000;0.0;0;1.0000;0;0
600;2015-08-23 20:00:00;172602N232;12;31.810;42;224;225;226;223;0.329;50.00;267.5;0.006;270.9;0.011;0.0;0.000;60;0;0;0.437;0.319;0.232;0;8;15;50.00;50.00;50.00;4286;1000;0.0;0;1.0000;0;0
600;2015-08-23 20:10:00;172602N232;0;31.810;41;224;225;225;223;0.025;50.00;260.4;0.000;260.0;0.000;0.0;0.000;50;0;0;0.034;0.024;0.018;0;0;0;50.00;50.00;50.00;4286;1000;0.0;0;1.0000;0;0
600;2015-08-23 20:20:00;172602N232;0;31.810;40;224;224;227;222;0.000;50.00;238.5;0.000;239.4;0.000;0.0;0.000;50;0;0;0.000;0.000;0.000;0;0;0;50.00;50.00;50.00;4286;1000;0.0;0;1.0000;0;0
600;2015-08-23 20:30:00;172602N232;0;31.810;39;224;224;227;222;0.000;49.99;228.9;0.000;229.9;0.000;0.0;0.000;50;0;0;0.000;0.000;0.000;0;0;0;49.99;49.99;49.99;4286;1000;0.0;0;1.0000;0;0
[wr_ende]
