20141224;230002;172602N232;My Plant;+0100
[wr_def_start]
172602N232;Inverter Type;Inverter Group;72602N232      
[wr_def_end]
[wr]
INTERVAL;TIMESTAMP;SERIAL;P_AC;E_DAY;T_WR;U_AC;U_AC_1;U_AC_2;U_AC_3;I_AC;F_AC;U_DC_1;I_DC_1;U_DC_2;I_DC_2;U_DC_3;I_DC_3;S;E_WR;M_WR;I_AC_1;I_AC_2;I_AC_3;P_AC_1;P_AC_2;P_AC_3;F_AC_1;F_AC_2;F_AC_3;R_DC;PC;PCS;PCS_LL;COS_PHI;COS_PHI_LL;S_COS_PHI
600;2014-12-24 08:10:00;172602N232;0;0.000;0;3;3;3;3;0.000;0.75;3.3;0.000;3.3;0.000;0.0;0.000;50;0;0;0.000;0.000;0.000;0;0;0;0.75;0.75;0.75;82;1000;0.0;0;1.0000;0;0
600;2014-12-24 08:20:00;172602N232;0;0.000;16;218;219;219;217;0.000;50.01;228.7;0.000;229.7;0.000;0.0;0.000;50;0;0;0.000;0.000;0.000;0;0;0;50.01;50.01;50.01;0;1000;0.0;0;1.0000;0;0
600;2014-12-24 08:30:00;172602N232;0;0.000;17;220;221;221;218;0.000;50.01;231.1;0.000;232.1;0.000;0.0;0.000;50;0;0;0.000;0.000;0.000;0;0;0;50.01;50.01;50.01;0;1000;0.0;0;1.0000;0;0
600;2014-12-24 08:40:00;172602N232;0;0.000;18;222;223;224;220;0.000;50.01;248.9;0.000;249.6;0.000;0.0;0.000;50;0;0;0.000;0.000;0.000;0;0;0;50.01;50.01;50.01;0;1000;0.0;0;1.0000;0;0
600;2014-12-24 08:50:00;172602N232;0;0.000;18;222;222;223;221;0.000;50.00;256.2;0.000;256.8;0.000;0.0;0.000;50;0;0;0.000;0.000;0.000;0;0;0;50.00;50.00;50.00;0;1000;0.0;0;1.0000;0;0
600;2014-12-24 09:00:00;172602N232;0;0.000;18;221;221;222;220;0.015;49.99;301.0;0.000;300.4;0.000;0.0;0.000;51;0;0;0.018;0.017;0.010;0;0;0;49.99;49.99;49.99;2783;1000;0.0;0;1.0000;0;0
600;2014-12-24 09:10:00;172602N232;26;0.005;19;222;222;222;221;0.423;50.00;323.4;0.019;339.3;0.023;0.0;0.000;60;0;0;0.459;0.484;0.328;3;13;18;50.00;50.00;50.00;4473;1000;0.0;0;1.0000;0;0
600;2014-12-24 09:20:00;172602N232;49;0.014;19;224;225;224;222;0.654;50.00;359.1;0.047;369.0;0.050;0.0;0.000;60;0;0;0.864;0.618;0.480;4;28;32;50.00;50.00;50.00;4473;1000;0.0;0;1.0000;0;0
600;2014-12-24 09:30:00;172602N232;51;0.022;20;224;224;224;224;0.635;50.00;371.6;0.047;372.6;0.052;0.0;0.000;60;0;0;0.665;0.678;0.563;9;20;22;50.00;50.00;50.00;4473;1000;0.0;0;1.0000;0;0
600;2014-12-24 09:40:00;172602N232;80;0.034;20;224;224;225;223;0.786;49.99;385.8;0.083;382.3;0.087;0.0;0.000;60;0;0;0.898;0.871;0.591;9;25;44;49.99;49.99;49.99;4473;1000;0.0;0;1.0000;0;0
600;2014-12-24 09:50:00;172602N232;276;0.080;20;223;223;225;223;1.081;50.00;420.0;0.316;422.0;0.309;0.0;0.000;60;0;0;1.121;1.258;0.866;91;97;86;50.00;50.00;50.00;4473;1000;0.0;0;1.0000;0;0
600;2014-12-24 10:00:00;172602N232;210;0.115;21;223;222;225;223;1.053;50.00;411.0;0.238;411.3;0.236;0.0;0.000;60;0;0;0.986;1.316;0.857;66;58;84;50.00;50.00;50.00;4473;1000;0.0;0;1.0000;0;0
600;2014-12-24 10:10:00;172602N232;206;0.149;21;222;221;224;222;1.022;50.01;409.7;0.234;411.0;0.231;0.0;0.000;60;0;0;0.965;1.241;0.860;68;60;76;50.01;50.01;50.01;4473;1000;0.0;0;1.0000;0;0
600;2014-12-24 10:20:00;172602N232;149;0.175;22;222;220;224;223;0.979;50.01;403.9;0.165;404.6;0.167;0.0;0.000;60;0;0;0.819;1.316;0.804;65;25;57;50.01;50.01;50.01;4473;1000;0.0;0;1.0000;0;0
600;2014-12-24 10:30:00;172602N232;494;0.257;22;223;221;225;225;1.021;50.01;431.7;0.560;427.8;0.562;0.0;0.000;60;0;0;0.942;1.129;0.994;156;170;167;50.01;50.01;50.01;4473;1000;0.0;0;1.0000;0;0
600;2014-12-24 10:40:00;172602N232;156;0.283;23;222;222;221;224;0.869;50.00;383.4;0.172;388.4;0.175;0.0;0.000;60;0;0;0.805;0.835;0.968;45;72;40;50.00;50.00;50.00;4473;1000;0.0;0;1.0000;0;0
600;2014-12-24 10:50:00;172602N232;1;0.284;23;222;222;221;223;0.059;50.00;253.0;0.000;255.4;0.000;0.0;0.000;60;0;0;0.064;0.054;0.061;0;3;0;50.00;50.00;50.00;4473;1000;0.0;0;1.0000;0;0
600;2014-12-24 11:00:00;172602N232;10;0.286;23;222;223;223;221;0.169;50.00;302.6;0.007;308.5;0.009;0.0;0.000;60;0;0;0.177;0.196;0.135;1;4;5;50.00;50.00;50.00;6787;1000;0.0;0;1.0000;0;0
600;2014-12-24 11:10:00;172602N232;96;0.301;23;222;221;221;223;0.836;50.00;391.7;0.104;394.6;0.106;0.0;0.000;60;0;0;0.761;0.782;0.965;32;44;19;50.00;50.00;50.00;8827;1000;0.0;0;1.0000;0;0
600;2014-12-24 11:20:00;172602N232;85;0.317;23;222;222;221;222;0.778;50.01;387.7;0.090;389.5;0.092;0.0;0.000;60;0;0;0.853;0.661;0.821;20;44;21;50.01;50.01;50.01;8827;1000;0.0;0;1.0000;0;0
600;2014-12-24 11:30:00;172602N232;512;0.402;23;223;224;222;222;1.236;50.01;421.5;0.711;438.9;0.430;0.0;0.000;60;0;0;1.443;1.160;1.105;150;191;173;50.01;50.01;50.01;8827;1000;0.0;0;1.0000;0;0
600;2014-12-24 11:40:00;172602N232;585;0.499;24;222;222;222;223;1.076;49.99;394.6;0.975;384.8;0.612;0.0;0.000;60;0;0;1.066;1.124;1.039;185;201;197;49.99;49.99;49.99;8827;1000;0.0;0;1.0000;0;0
600;2014-12-24 11:50:00;172602N232;301;0.550;24;222;222;224;222;1.048;50.00;433.7;0.254;396.4;0.478;0.0;0.000;60;0;0;1.060;1.142;0.942;89;102;108;50.00;50.00;50.00;8827;1000;0.0;0;1.0000;0;0
600;2014-12-24 12:00:00;172602N232;864;0.694;25;223;224;224;223;1.344;50.02;465.9;0.480;373.1;1.715;0.0;0.000;60;0;0;1.302;1.369;1.361;276;295;291;50.02;50.02;50.02;8827;1000;0.0;0;1.0000;0;0
600;2014-12-24 12:10:00;172602N232;722;0.814;25;224;224;225;222;1.147;49.99;447.8;0.418;381.0;1.402;0.0;0.000;60;0;0;1.140;1.158;1.145;232;247;241;49.99;49.99;49.99;8827;1000;0.0;0;1.0000;0;0
600;2014-12-24 12:20:00;172602N232;690;0.929;26;224;225;225;221;1.291;50.00;433.9;0.427;385.9;1.304;0.0;0.000;60;0;0;1.373;1.281;1.221;222;238;228;50.00;50.00;50.00;8827;1000;0.0;0;1.0000;0;0
600;2014-12-24 12:30:00;172602N232;469;1.008;26;223;225;223;220;1.211;50.00;413.7;0.279;359.5;1.007;0.0;0.000;60;0;0;1.384;1.191;1.060;146;169;152;50.00;50.00;50.00;8827;1000;0.0;0;1.0000;0;0
600;2014-12-24 12:40:00;172602N232;413;1.077;26;223;224;227;220;1.129;49.99;422.4;0.413;412.5;0.578;0.0;0.000;60;0;0;1.109;1.247;1.032;124;142;145;49.99;49.99;49.99;8827;1000;0.0;0;1.0000;0;0
600;2014-12-24 12:50:00;172602N232;389;1.142;27;223;224;224;221;0.926;50.01;421.6;0.450;421.1;0.446;0.0;0.000;60;0;0;0.945;0.980;0.854;119;136;132;50.01;50.01;50.01;8827;1000;0.0;0;1.0000;0;0
600;2014-12-24 13:00:00;172602N232;256;1.185;27;223;224;224;221;1.044;50.01;410.3;0.294;409.5;0.292;0.0;0.000;60;0;0;1.278;0.988;0.866;66;98;90;50.01;50.01;50.01;8827;1000;0.0;0;1.0000;0;0
600;2014-12-24 13:10:00;172602N232;238;1.224;27;224;225;226;221;1.136;50.01;416.5;0.268;414.9;0.270;0.0;0.000;60;0;0;1.302;1.226;0.881;53;82;101;50.01;50.01;50.01;8827;1000;0.0;0;1.0000;0;0
600;2014-12-24 13:20:00;172602N232;117;1.244;27;224;224;225;221;0.911;50.00;393.3;0.129;396.2;0.129;0.0;0.000;60;0;0;1.032;1.015;0.687;17;38;63;50.00;50.00;50.00;8827;1000;0.0;0;1.0000;0;0
600;2014-12-24 13:30:00;172602N232;155;1.270;27;223;225;223;223;1.083;50.00;404.5;0.173;405.9;0.175;0.0;0.000;60;0;0;1.574;0.870;0.806;6;96;58;50.00;50.00;50.00;8827;1000;0.0;0;1.0000;0;0
600;2014-12-24 13:40:00;172602N232;388;1.335;27;224;226;223;223;1.083;50.00;423.8;0.452;423.3;0.429;0.0;0.000;60;0;0;1.314;1.031;0.906;104;156;126;50.00;50.00;50.00;8827;1000;0.0;0;1.0000;0;0
600;2014-12-24 13:50:00;172602N232;526;1.422;27;224;224;225;223;0.948;50.00;440.2;0.633;430.6;0.548;0.0;0.000;60;0;0;0.979;0.936;0.929;169;179;176;50.00;50.00;50.00;8827;1000;0.0;0;1.0000;0;0
600;2014-12-24 14:00:00;172602N232;490;1.504;27;224;223;226;223;0.774;50.01;431.7;0.559;431.2;0.553;0.0;0.000;60;0;0;0.720;0.813;0.791;149;173;166;50.01;50.01;50.01;8827;1000;0.0;0;1.0000;0;0
600;2014-12-24 14:10:00;172602N232;224;1.542;27;224;223;226;223;0.988;50.01;411.1;0.252;416.1;0.252;0.0;0.000;60;0;0;0.894;1.279;0.793;64;69;89;50.01;50.01;50.01;8827;1000;0.0;0;1.0000;0;0
600;2014-12-24 14:20:00;172602N232;93;1.558;27;224;223;225;223;0.833;50.00;385.7;0.101;392.8;0.102;0.0;0.000;60;0;0;0.772;1.086;0.641;21;22;51;50.00;50.00;50.00;8827;1000;0.0;0;1.0000;0;0
600;2014-12-24 14:30:00;172602N232;86;1.572;27;224;224;225;223;0.823;50.00;380.5;0.093;391.5;0.094;0.0;0.000;60;0;0;0.820;0.998;0.653;14;21;50;50.00;50.00;50.00;8827;1000;0.0;0;1.0000;0;0
600;2014-12-24 14:40:00;172602N232;34;1.578;27;224;224;225;224;0.496;50.01;330.5;0.029;344.6;0.032;0.0;0.000;60;0;0;0.522;0.592;0.374;9;8;19;50.01;50.01;50.01;8827;1000;0.0;0;1.0000;0;0
600;2014-12-24 14:50:00;172602N232;53;1.588;27;224;224;225;223;0.577;50.01;332.2;0.055;343.6;0.055;0.0;0.000;60;0;0;0.636;0.630;0.465;10;17;30;50.01;50.01;50.01;8827;1000;0.0;0;1.0000;0;0
600;2014-12-24 15:00:00;172602N232;96;1.604;26;224;224;226;223;0.818;50.00;383.3;0.105;398.0;0.102;0.0;0.000;60;0;0;0.739;1.103;0.613;20;23;54;50.00;50.00;50.00;8827;1000;0.0;0;1.0000;0;0
600;2014-12-24 15:10:00;172602N232;77;1.617;26;224;224;225;222;0.860;50.01;381.3;0.083;391.2;0.080;0.0;0.000;60;0;0;0.909;1.017;0.655;13;15;52;50.01;50.01;50.01;8827;1000;0.0;0;1.0000;0;0
600;2014-12-24 15:20:00;172602N232;22;1.621;26;223;222;224;222;0.423;50.00;307.8;0.018;316.1;0.020;0.0;0.000;60;0;0;0.437;0.519;0.313;8;5;18;50.00;50.00;50.00;8827;1000;0.0;0;1.0000;0;0
600;2014-12-24 15:30:00;172602N232;0;1.621;26;222;223;223;221;0.000;49.99;288.4;0.000;287.1;0.000;0.0;0.000;50;0;0;0.000;0.000;0.000;0;0;0;49.99;49.99;49.99;8827;1000;0.0;0;1.0000;0;0
600;2014-12-24 15:40:00;172602N232;0;1.621;24;221;223;222;219;0.000;50.04;234.6;0.000;235.5;0.000;0.0;0.000;50;0;0;0.000;0.000;0.000;0;0;0;50.04;50.04;50.04;8827;1000;0.0;0;1.0000;0;0
600;2014-12-24 15:50:00;172602N232;0;1.621;24;221;223;221;218;0.000;50.01;228.8;0.000;229.8;0.000;0.0;0.000;50;0;0;0.000;0.000;0.000;0;0;0;50.01;50.01;50.01;8827;1000;0.0;0;1.0000;0;0
[wr_ende]
