20170116;230003;172602N232;My Plant;+0100
[wr_def_start]
172602N232;Inverter Type;Inverter Group;72602N232      
[wr_def_end]
[wr]
INTERVAL;TIMESTAMP;SERIAL;P_AC;E_DAY;T_WR;U_AC;U_AC_1;U_AC_2;U_AC_3;I_AC;F_AC;U_DC_1;I_DC_1;U_DC_2;I_DC_2;U_DC_3;I_DC_3;S;E_WR;M_WR;I_AC_1;I_AC_2;I_AC_3;P_AC_1;P_AC_2;P_AC_3;F_AC_1;F_AC_2;F_AC_3;R_DC;PC;PCS;PCS_LL;COS_PHI;COS_PHI_LL;S_COS_PHI
600;2017-01-16 07:30:00;172602N232;0;0.000;0;2;2;2;2;0.000;0.56;2.4;0.000;2.4;0.000;0.0;0.000;50;0;0;0.000;0.000;0.000;0;0;0;0.56;0.56;0.56;13;1000;0.0;0;1.0000;0;0
600;2017-01-16 07:40:00;172602N232;0;0.000;16;218;219;221;214;0.000;49.99;229.1;0.000;230.0;0.000;0.0;0.000;50;0;0;0.000;0.000;0.000;0;0;0;49.99;49.99;49.99;0;1000;0.0;0;1.0000;0;0
600;2017-01-16 07:50:00;172602N232;0;0.000;17;221;220;225;217;0.000;49.99;238.2;0.000;239.1;0.000;0.0;0.000;50;0;0;0.000;0.000;0.000;0;0;0;49.99;49.99;49.99;0;1000;0.0;0;1.0000;0;0
600;2017-01-16 08:00:00;172602N232;0;0.000;18;221;223;225;215;0.001;49.99;293.1;0.000;290.7;0.000;0.0;0.000;60;0;0;0.002;0.001;0.001;0;0;0;49.99;49.99;49.99;3705;1000;0.0;0;1.0000;0;0
600;2017-01-16 08:10:00;172602N232;2;0.000;18;222;226;224;215;0.109;49.99;273.7;0.000;272.5;0.000;0.0;0.000;60;0;0;0.155;0.090;0.084;0;4;5;49.99;49.99;49.99;7577;1000;0.0;0;1.0000;0;0
600;2017-01-16 08:20:00;172602N232;13;0.007;18;223;229;226;215;0.301;50.00;280.3;0.012;259.6;0.009;0.0;0.000;60;0;0;0.431;0.236;0.236;0;15;18;50.00;50.00;50.00;7616;1000;0.0;0;1.0000;0;0
600;2017-01-16 08:30:00;172602N232;29;0.016;19;220;226;224;209;0.487;50.00;341.2;0.029;309.3;0.025;0.0;0.000;60;0;0;0.737;0.362;0.362;0;25;31;50.00;50.00;50.00;7616;1000;0.0;0;1.0000;0;0
600;2017-01-16 08:40:00;172602N232;42;0.028;19;219;225;221;211;0.609;49.99;367.0;0.045;323.6;0.040;0.0;0.000;60;0;0;0.875;0.477;0.477;0;35;39;49.99;49.99;49.99;7616;1000;0.0;0;1.0000;0;0
600;2017-01-16 08:50:00;172602N232;52;0.042;20;220;224;222;214;0.660;49.99;372.8;0.060;333.2;0.052;0.0;0.000;60;0;0;0.950;0.518;0.514;0;40;41;49.99;49.99;49.99;7616;1000;0.0;0;1.0000;0;0
600;2017-01-16 09:00:00;172602N232;63;0.056;20;220;223;221;218;0.751;50.01;388.4;0.075;337.4;0.064;0.0;0.000;60;0;0;1.016;0.607;0.631;0;45;35;50.01;50.01;50.01;7616;1000;0.0;0;1.0000;0;0
600;2017-01-16 09:10:00;172602N232;83;0.074;20;220;224;222;213;0.837;50.01;390.6;0.112;334.7;0.083;0.0;0.000;60;0;0;1.304;0.615;0.593;0;53;49;50.01;50.01;50.01;7616;1000;0.0;0;1.0000;0;0
600;2017-01-16 09:20:00;172602N232;116;0.096;21;220;224;223;214;1.040;49.99;424.1;0.144;386.8;0.104;0.0;0.000;60;0;0;1.620;0.754;0.747;0;66;67;49.99;49.99;49.99;7616;1000;0.0;0;1.0000;0;0
600;2017-01-16 09:30:00;172602N232;146;0.123;21;222;225;224;216;1.126;50.01;453.5;0.169;362.2;0.151;0.0;0.000;60;0;0;1.749;0.879;0.750;0;84;79;50.01;50.01;50.01;7616;1000;0.0;0;1.0000;0;0
600;2017-01-16 09:40:00;172602N232;194;0.155;21;223;224;223;221;1.213;50.01;479.0;0.247;394.4;0.167;0.0;0.000;60;0;0;1.658;1.058;0.925;22;101;88;50.01;50.01;50.01;7616;1000;0.0;0;1.0000;0;0
600;2017-01-16 09:50:00;172602N232;395;0.200;22;223;223;223;224;1.052;50.01;422.5;0.746;395.9;0.176;0.0;0.000;60;0;0;1.032;1.084;1.041;128;147;118;50.01;50.01;50.01;7616;1000;0.0;0;1.0000;0;0
600;2017-01-16 10:00:00;172602N232;488;0.272;22;224;224;223;224;0.897;50.01;482.1;0.831;402.0;0.184;0.0;0.000;60;0;0;0.875;0.908;0.908;154;169;163;50.01;50.01;50.01;7616;1000;0.0;0;1.0000;0;0
600;2017-01-16 10:10:00;172602N232;518;0.359;22;223;223;224;223;0.826;50.01;470.9;0.913;414.8;0.185;0.0;0.000;60;0;0;0.769;0.865;0.844;159;182;176;50.01;50.01;50.01;7616;1000;0.0;0;1.0000;0;0
600;2017-01-16 10:20:00;172602N232;450;0.434;23;223;223;224;223;0.749;50.01;371.2;0.986;420.7;0.191;0.0;0.000;60;0;0;0.700;0.786;0.763;137;159;152;50.01;50.01;50.01;7616;1000;0.0;0;1.0000;0;0
600;2017-01-16 10:30:00;172602N232;481;0.515;24;223;224;223;223;0.788;50.00;322.7;1.161;334.0;0.357;0.0;0.000;60;0;0;0.743;0.821;0.800;148;168;162;50.00;50.00;50.00;7616;1000;0.0;0;1.0000;0;0
600;2017-01-16 10:40:00;172602N232;583;0.612;24;224;224;224;223;0.915;50.01;393.3;1.113;266.5;0.560;0.0;0.000;60;0;0;0.867;0.951;0.929;182;202;196;50.01;50.01;50.01;7616;1000;0.0;0;1.0000;0;0
600;2017-01-16 10:50:00;172602N232;660;0.721;24;224;225;225;222;1.029;50.01;473.5;1.183;306.1;0.322;0.0;0.000;60;0;0;0.982;1.076;1.031;208;231;219;50.01;50.01;50.01;7616;1000;0.0;0;1.0000;0;0
600;2017-01-16 11:00:00;172602N232;735;0.844;25;224;225;223;223;1.162;50.00;479.6;1.284;372.9;0.353;0.0;0.000;60;0;0;1.146;1.177;1.165;237;250;246;50.00;50.00;50.00;7616;1000;0.0;0;1.0000;0;0
600;2017-01-16 11:10:00;172602N232;898;0.995;25;224;223;224;223;1.378;50.01;480.8;1.401;258.2;0.885;0.0;0.000;60;0;0;1.324;1.419;1.392;285;309;301;50.01;50.01;50.01;7616;1000;0.0;0;1.0000;0;0
600;2017-01-16 11:20:00;172602N232;979;1.157;26;225;224;226;224;1.485;49.99;448.9;1.510;258.9;1.197;0.0;0.000;60;0;0;1.430;1.525;1.500;312;337;328;49.99;49.99;49.99;7616;1000;0.0;0;1.0000;0;0
600;2017-01-16 11:30:00;172602N232;931;1.314;26;225;225;226;225;1.414;50.02;377.0;1.608;283.3;1.200;0.0;0.000;60;0;0;1.360;1.454;1.430;296;321;313;50.02;50.02;50.02;7616;1000;0.0;0;1.0000;0;0
600;2017-01-16 11:40:00;172602N232;830;1.452;26;225;225;225;226;1.270;50.02;320.5;1.514;259.8;1.425;0.0;0.000;60;0;0;1.217;1.304;1.289;263;284;280;50.02;50.02;50.02;7616;1000;0.0;0;1.0000;0;0
600;2017-01-16 11:50:00;172602N232;736;1.574;27;225;225;226;225;1.140;50.01;386.3;0.920;274.0;1.429;0.0;0.000;60;0;0;1.083;1.187;1.150;231;256;247;50.01;50.01;50.01;7616;1000;0.0;0;1.0000;0;0
600;2017-01-16 12:00:00;172602N232;702;1.691;27;225;224;226;224;1.104;50.01;404.3;0.697;295.7;1.454;0.0;0.000;60;0;0;1.042;1.169;1.101;219;246;234;50.01;50.01;50.01;7616;1000;0.0;0;1.0000;0;0
600;2017-01-16 12:10:00;172602N232;677;1.804;27;226;224;228;225;1.046;50.01;360.3;0.623;322.7;1.430;0.0;0.000;60;0;0;0.978;1.098;1.063;209;238;228;50.01;50.01;50.01;7616;1000;0.0;0;1.0000;0;0
600;2017-01-16 12:20:00;172602N232;638;1.911;28;226;225;228;225;0.989;50.01;291.7;0.546;347.5;1.408;0.0;0.000;60;0;0;0.925;1.038;1.006;196;224;215;50.01;50.01;50.01;7616;1000;0.0;0;1.0000;0;0
600;2017-01-16 12:30:00;172602N232;553;2.004;28;226;224;228;226;0.865;50.01;320.3;0.366;341.7;1.318;0.0;0.000;60;0;0;0.799;0.912;0.885;168;195;188;50.01;50.01;50.00;7616;1000;0.0;0;1.0000;0;0
600;2017-01-16 12:40:00;172602N232;421;2.074;28;226;225;228;225;0.922;50.02;455.5;0.243;313.3;0.969;0.0;0.000;60;0;0;0.881;1.019;0.867;130;146;144;50.02;50.02;50.02;7616;1000;0.0;0;1.0000;0;0
600;2017-01-16 12:50:00;172602N232;261;2.117;28;226;224;228;225;1.139;50.02;473.1;0.229;362.0;0.393;0.0;0.000;60;0;0;0.993;1.424;1.000;79;71;108;50.02;50.02;50.02;7616;1000;0.0;0;1.0000;0;0
600;2017-01-16 13:00:00;172602N232;283;2.164;28;225;225;227;223;1.140;50.01;474.8;0.225;317.5;0.535;0.0;0.000;60;0;0;1.152;1.338;0.931;85;92;103;50.01;50.01;50.01;7616;1000;0.0;0;1.0000;0;0
600;2017-01-16 13:10:00;172602N232;269;2.209;28;226;226;228;225;1.171;50.02;479.9;0.217;363.9;0.417;0.0;0.000;60;0;0;1.168;1.384;0.963;65;97;104;50.02;50.02;50.02;7616;1000;0.0;0;1.0000;0;0
600;2017-01-16 13:20:00;172602N232;367;2.271;27;226;226;227;225;0.897;50.02;389.3;0.712;388.5;0.308;0.0;0.000;60;0;0;0.875;0.999;0.819;105;132;128;50.02;50.02;50.02;7616;1000;0.0;0;1.0000;0;0
600;2017-01-16 13:30:00;172602N232;467;2.348;27;227;227;228;225;0.846;50.00;364.7;1.029;323.2;0.289;0.0;0.000;60;0;0;0.811;0.885;0.842;144;166;154;50.00;50.00;50.00;7616;1000;0.0;0;1.0000;0;0
600;2017-01-16 13:40:00;172602N232;445;2.424;27;226;226;228;225;0.923;49.99;394.5;0.926;273.6;0.297;0.0;0.000;60;0;0;0.903;0.971;0.897;138;160;145;49.99;49.99;49.99;7616;1000;0.0;0;1.0000;0;0
600;2017-01-16 13:50:00;172602N232;396;2.490;27;226;227;227;226;1.160;49.99;407.0;0.747;418.1;0.204;0.0;0.000;60;0;0;1.185;1.211;1.085;114;146;133;49.99;49.99;49.99;7616;1000;0.0;0;1.0000;0;0
600;2017-01-16 14:00:00;172602N232;388;2.554;27;226;226;227;226;1.050;50.00;426.7;0.692;448.0;0.177;0.0;0.000;60;0;0;1.069;1.084;0.998;115;141;130;50.00;50.00;50.00;7616;1000;0.0;0;1.0000;0;0
600;2017-01-16 14:10:00;172602N232;359;2.614;27;226;226;227;226;1.142;50.02;415.6;0.668;414.2;0.167;0.0;0.000;60;0;0;1.162;1.165;1.101;108;130;120;50.02;50.02;50.02;7616;1000;0.0;0;1.0000;0;0
600;2017-01-16 14:20:00;172602N232;275;2.661;27;226;226;226;226;1.116;50.01;388.4;0.530;370.7;0.164;0.0;0.000;60;0;0;1.246;1.149;0.953;79;108;86;50.01;50.01;50.01;7616;1000;0.0;0;1.0000;0;0
600;2017-01-16 14:30:00;172602N232;189;2.692;27;226;225;227;225;0.990;50.00;316.8;0.411;360.8;0.154;0.0;0.000;60;0;0;0.977;1.282;0.711;25;88;74;50.00;50.00;50.00;7616;1000;0.0;0;1.0000;0;0
600;2017-01-16 14:40:00;172602N232;145;2.716;27;226;226;227;225;0.897;50.02;325.4;0.267;353.7;0.146;0.0;0.000;60;0;0;0.865;1.123;0.703;19;64;60;50.02;50.02;50.02;7616;1000;0.0;0;1.0000;0;0
600;2017-01-16 14:50:00;172602N232;102;2.733;27;226;226;226;225;0.919;50.01;287.9;0.186;354.4;0.126;0.0;0.000;60;0;0;1.052;0.941;0.764;7;37;57;50.01;50.01;50.01;7616;1000;0.0;0;1.0000;0;0
600;2017-01-16 15:00:00;172602N232;70;2.745;26;226;226;227;226;0.908;50.00;336.1;0.103;324.9;0.097;0.0;0.000;60;0;0;0.985;0.974;0.765;8;21;43;50.00;50.00;50.00;7616;1000;0.0;0;1.0000;0;0
600;2017-01-16 15:10:00;172602N232;51;2.755;26;226;226;227;225;0.670;50.02;392.2;0.050;315.5;0.064;0.0;0.000;60;0;0;0.792;0.708;0.511;2;23;30;50.02;50.02;50.02;7616;1000;0.0;0;1.0000;0;0
600;2017-01-16 15:20:00;172602N232;32;2.760;26;224;224;224;223;0.430;50.05;355.0;0.026;315.1;0.032;0.0;0.000;60;0;0;0.490;0.283;0.519;1;13;34;50.05;50.05;50.05;7616;1000;0.0;0;1.0000;0;0
600;2017-01-16 15:30:00;172602N232;7;2.763;26;222;223;222;222;0.211;50.03;269.1;0.001;254.7;0.004;0.0;0.000;60;0;0;0.290;0.196;0.149;0;9;6;50.03;50.03;50.03;7616;1000;0.0;0;1.0000;0;0
600;2017-01-16 15:40:00;172602N232;0;2.762;25;222;222;222;222;0.025;50.00;269.4;0.000;268.0;0.000;0.0;0.000;51;0;0;0.036;0.024;0.015;0;1;0;50.00;50.00;50.00;7510;1000;0.0;0;1.0000;0;0
600;2017-01-16 15:50:00;172602N232;0;2.762;24;221;221;223;220;0.000;50.01;255.7;0.000;255.9;0.000;0.0;0.000;51;0;0;0.000;0.000;0.000;0;0;0;50.01;50.01;50.01;6067;1000;0.0;0;1.0000;0;0
600;2017-01-16 16:00:00;172602N232;0;2.762;24;220;218;224;219;0.000;49.99;229.2;0.000;230.1;0.000;0.0;0.000;51;0;0;0.000;0.000;0.000;0;0;0;49.99;49.99;49.99;6067;1000;0.0;0;1.0000;0;0
600;2017-01-16 16:10:00;172602N232;0;2.762;23;220;218;223;218;0.000;49.99;227.7;0.000;228.7;0.000;0.0;0.000;51;0;0;0.000;0.000;0.000;0;0;0;49.99;49.99;49.99;6067;1000;0.0;0;1.0000;0;0
[wr_ende]
