20131119;230004;172602N232;My Plant;+0100
[wr_def_start]
172602N232;Inverter Type;Inverter Group;72602N232      
[wr_def_end]
[wr]
INTERVAL;TIMESTAMP;SERIAL;P_AC;E_DAY;T_WR;U_AC;U_AC_1;U_AC_2;U_AC_3;I_AC;F_AC;U_DC_1;I_DC_1;U_DC_2;I_DC_2;U_DC_3;I_DC_3;S;E_WR;M_WR;I_AC_1;I_AC_2;I_AC_3;P_AC_1;P_AC_2;P_AC_3;F_AC_1;F_AC_2;F_AC_3;R_DC;PC;PCS;PCS_LL;COS_PHI;COS_PHI_LL;S_COS_PHI
600;2013-11-19 07:40:00;172602N232;0;0.000;0;2;2;2;2;0.000;0.48;2.1;0.000;2.1;0.000;0.0;0.000;50;0;0;0.000;0.000;0.000;0;0;0;0.48;0.48;0.48;0;1000;0.0;0;1.0000;0;0
600;2013-11-19 07:50:00;172602N232;0;0.000;17;223;225;225;220;0.000;50.00;231.1;0.000;232.0;0.000;0.0;0.000;50;0;0;0.000;0.000;0.000;0;0;0;50.00;50.00;50.00;0;1000;0.0;0;1.0000;0;0
600;2013-11-19 08:00:00;172602N232;0;0.000;18;224;226;227;220;0.001;50.00;285.8;0.000;285.4;0.000;0.0;0.000;60;0;0;0.002;0.001;0.001;0;0;0;50.00;50.00;50.00;1414;1000;0.0;0;1.0000;0;0
600;2013-11-19 08:10:00;172602N232;0;0.000;19;225;225;225;224;0.008;49.99;269.0;0.000;268.8;0.000;0.0;0.000;60;0;0;0.013;0.008;0.004;0;0;0;49.99;49.99;49.99;5354;1000;0.0;0;1.0000;0;0
600;2013-11-19 08:20:00;172602N232;13;0.004;19;225;226;225;225;0.310;49.99;280.6;0.006;293.7;0.009;0.0;0.000;60;0;0;0.415;0.242;0.275;0;14;13;49.99;49.99;49.99;5211;1000;0.0;0;1.0000;0;0
600;2013-11-19 08:30:00;172602N232;21;0.010;20;225;225;225;225;0.404;49.98;300.0;0.014;331.9;0.019;0.0;0.000;60;0;0;0.492;0.357;0.363;0;21;11;49.98;49.98;49.98;5211;1000;0.0;0;1.0000;0;0
600;2013-11-19 08:40:00;172602N232;29;0.017;20;225;226;225;225;0.465;50.00;330.3;0.021;342.8;0.024;0.0;0.000;60;0;0;0.560;0.375;0.461;0;24;16;50.00;50.00;50.00;5211;1000;0.0;0;1.0000;0;0
600;2013-11-19 08:50:00;172602N232;26;0.023;21;225;225;224;225;0.412;49.99;318.6;0.019;341.9;0.021;0.0;0.000;60;0;0;0.431;0.494;0.312;0;33;5;49.99;49.99;49.99;5211;1000;0.0;0;1.0000;0;0
600;2013-11-19 09:00:00;172602N232;66;0.035;21;223;224;222;223;0.769;50.00;372.4;0.067;377.8;0.071;0.0;0.000;60;0;0;1.006;0.616;0.685;2;47;21;50.00;50.00;50.00;5211;1000;0.0;0;1.0000;0;0
600;2013-11-19 09:10:00;172602N232;31;0.042;21;222;223;221;222;0.470;49.98;324.0;0.024;344.8;0.028;0.0;0.000;60;0;0;0.613;0.376;0.423;0;27;18;49.98;49.98;49.98;5211;1000;0.0;0;1.0000;0;0
600;2013-11-19 09:20:00;172602N232;67;0.053;22;221;221;222;221;0.733;49.98;368.8;0.069;375.8;0.073;0.0;0.000;60;0;0;0.815;0.748;0.637;9;30;33;49.98;49.98;49.98;5211;1000;0.0;0;1.0000;0;0
600;2013-11-19 09:30:00;172602N232;136;0.071;22;221;220;222;221;0.879;49.99;404.0;0.149;399.9;0.154;0.0;0.000;60;0;0;0.846;1.011;0.782;32;42;60;49.99;49.99;49.99;5211;1000;0.0;0;1.0000;0;0
600;2013-11-19 09:40:00;172602N232;207;0.101;23;221;221;222;220;0.990;49.98;412.8;0.231;407.3;0.237;0.0;0.000;60;0;0;1.035;1.112;0.823;52;78;76;49.98;49.98;49.98;5211;1000;0.0;0;1.0000;0;0
600;2013-11-19 09:50:00;172602N232;208;0.135;23;221;220;222;221;0.982;49.99;406.3;0.237;405.3;0.239;0.0;0.000;60;0;0;1.003;1.088;0.855;66;76;65;49.99;49.99;49.99;5211;1000;0.0;0;1.0000;0;0
600;2013-11-19 10:00:00;172602N232;105;0.152;24;221;221;222;221;0.868;49.98;393.5;0.114;388.0;0.120;0.0;0.000;60;0;0;0.894;0.926;0.785;21;35;47;49.98;49.98;49.98;5211;1000;0.0;0;1.0000;0;0
600;2013-11-19 10:10:00;172602N232;193;0.185;24;221;221;222;220;0.996;50.00;409.8;0.217;405.9;0.222;0.0;0.000;60;0;0;1.137;1.142;0.710;38;94;60;50.00;50.00;50.00;5211;1000;0.0;0;1.0000;0;0
600;2013-11-19 10:20:00;172602N232;208;0.220;24;222;221;222;221;1.020;49.99;410.7;0.234;407.1;0.240;0.0;0.000;60;0;0;1.142;1.146;0.774;46;100;60;49.99;49.99;49.99;5211;1000;0.0;0;1.0000;0;0
600;2013-11-19 10:30:00;172602N232;242;0.261;25;221;221;220;221;1.063;49.99;417.7;0.271;409.9;0.280;0.0;0.000;60;0;0;1.185;1.112;0.894;70;116;54;49.99;49.99;49.99;5211;1000;0.0;0;1.0000;0;0
600;2013-11-19 10:40:00;172602N232;256;0.304;25;221;220;221;221;1.066;50.00;415.2;0.290;410.6;0.297;0.0;0.000;60;0;0;1.121;1.200;0.877;83;101;70;50.00;50.00;50.00;5211;1000;0.0;0;1.0000;0;0
600;2013-11-19 10:50:00;172602N232;152;0.328;25;221;220;221;222;0.887;50.00;405.3;0.168;398.1;0.175;0.0;0.000;60;0;0;0.813;0.937;0.913;36;68;45;50.00;50.00;50.00;5211;1000;0.0;0;1.0000;0;0
600;2013-11-19 11:00:00;172602N232;305;0.380;25;221;220;221;221;1.099;50.00;421.5;0.344;414.8;0.353;0.0;0.000;60;0;0;1.154;1.118;1.027;97;114;92;50.00;50.00;50.00;5211;1000;0.0;0;1.0000;0;0
600;2013-11-19 11:10:00;172602N232;216;0.416;26;220;220;221;220;0.990;49.99;410.6;0.244;406.4;0.249;0.0;0.000;60;0;0;1.026;1.106;0.840;57;84;73;49.99;49.99;49.99;5211;1000;0.0;0;1.0000;0;0
600;2013-11-19 11:20:00;172602N232;150;0.441;26;221;221;222;221;0.913;50.00;404.6;0.166;399.7;0.172;0.0;0.000;60;0;0;0.875;1.111;0.754;24;55;68;50.00;50.00;50.00;5211;1000;0.0;0;1.0000;0;0
600;2013-11-19 11:30:00;172602N232;240;0.481;26;221;221;221;221;1.051;49.99;420.3;0.266;410.6;0.278;0.0;0.000;60;0;0;1.035;1.131;0.987;63;96;79;49.99;49.99;49.99;5211;1000;0.0;0;1.0000;0;0
600;2013-11-19 11:40:00;172602N232;329;0.537;26;221;220;222;221;1.137;50.01;424.6;0.369;416.2;0.382;0.0;0.000;60;0;0;1.117;1.204;1.091;94;116;117;50.01;50.01;50.01;5211;1000;0.0;0;1.0000;0;0
600;2013-11-19 11:50:00;172602N232;319;0.589;26;222;221;224;222;1.140;50.01;422.6;0.360;415.3;0.371;0.0;0.000;60;0;0;1.192;1.215;1.015;105;109;103;50.01;50.01;50.01;5211;1000;0.0;0;1.0000;0;0
600;2013-11-19 12:00:00;172602N232;349;0.648;26;223;220;225;223;1.121;50.01;425.4;0.393;417.1;0.405;0.0;0.000;60;0;0;1.090;1.225;1.050;116;118;114;50.01;50.01;50.01;5211;1000;0.0;0;1.0000;0;0
600;2013-11-19 12:10:00;172602N232;331;0.703;27;223;221;225;223;1.152;50.00;423.2;0.373;415.2;0.386;0.0;0.000;60;0;0;1.144;1.242;1.071;107;108;114;50.00;50.00;50.00;5211;1000;0.0;0;1.0000;0;0
600;2013-11-19 12:20:00;172602N232;407;0.772;27;223;221;225;223;1.151;50.00;427.3;0.460;419.4;0.474;0.0;0.000;60;0;0;1.117;1.263;1.073;127;141;138;50.00;50.00;50.00;5211;1000;0.0;0;1.0000;0;0
600;2013-11-19 12:30:00;172602N232;375;0.834;27;222;220;224;222;1.094;50.00;426.4;0.423;417.8;0.437;0.0;0.000;60;0;0;1.081;1.181;1.022;118;133;122;50.00;50.00;50.00;5211;1000;0.0;0;1.0000;0;0
600;2013-11-19 12:40:00;172602N232;452;0.909;27;222;221;223;221;1.116;50.03;425.9;0.517;420.3;0.525;0.0;0.000;60;0;0;1.106;1.167;1.076;143;163;143;50.03;50.03;50.03;5211;1000;0.0;0;1.0000;0;0
600;2013-11-19 12:50:00;172602N232;457;0.986;27;222;222;223;221;0.994;50.01;428.5;0.517;420.1;0.535;0.0;0.000;60;0;0;0.953;1.048;0.981;140;165;149;50.01;50.01;50.01;5211;1000;0.0;0;1.0000;0;0
600;2013-11-19 13:00:00;172602N232;424;1.056;27;222;222;223;220;0.970;50.00;420.2;0.486;419.9;0.497;0.0;0.000;60;0;0;0.952;1.033;0.927;129;155;138;50.00;50.00;50.00;5211;1000;0.0;0;1.0000;0;0
600;2013-11-19 13:10:00;172602N232;513;1.142;28;222;221;223;221;0.934;49.99;417.0;0.596;424.2;0.600;0.0;0.000;60;0;0;0.909;0.967;0.926;161;181;169;49.99;49.99;49.99;5211;1000;0.0;0;1.0000;0;0
600;2013-11-19 13:20:00;172602N232;558;1.235;28;222;222;224;221;0.908;49.98;429.4;0.639;424.9;0.645;0.0;0.000;60;0;0;0.866;0.945;0.913;175;195;186;49.98;49.98;49.98;5211;1000;0.0;0;1.0000;0;0
600;2013-11-19 13:30:00;172602N232;582;1.332;28;222;222;223;221;0.915;50.01;428.8;0.672;425.0;0.671;0.0;0.000;60;0;0;0.864;0.954;0.927;182;203;195;50.01;50.01;50.01;5211;1000;0.0;0;1.0000;0;0
600;2013-11-19 13:40:00;172602N232;534;1.422;28;222;223;223;221;1.039;50.00;420.6;0.624;420.5;0.623;0.0;0.000;60;0;0;1.025;1.070;1.022;166;189;177;50.00;50.00;50.00;5211;1000;0.0;0;1.0000;0;0
600;2013-11-19 13:50:00;172602N232;353;1.480;29;222;223;224;220;1.106;50.00;414.2;0.412;415.8;0.409;0.0;0.000;60;0;0;1.206;1.072;1.040;97;127;127;50.00;50.00;50.00;5211;1000;0.0;0;1.0000;0;0
600;2013-11-19 14:00:00;172602N232;523;1.568;29;223;223;224;221;0.849;50.00;428.1;0.602;423.9;0.604;0.0;0.000;60;0;0;0.802;0.891;0.854;162;184;174;50.00;50.00;50.00;5211;1000;0.0;0;1.0000;0;0
600;2013-11-19 14:10:00;172602N232;435;1.641;29;223;223;224;221;1.077;49.99;421.0;0.503;418.4;0.507;0.0;0.000;60;0;0;1.189;0.895;1.148;151;139;144;49.99;49.99;49.99;5211;1000;0.0;0;1.0000;0;0
600;2013-11-19 14:20:00;172602N232;286;1.689;29;223;223;224;223;1.109;49.99;411.7;0.329;410.3;0.335;0.0;0.000;60;0;0;1.229;1.148;0.951;83;106;95;49.99;49.99;49.99;5211;1000;0.0;0;1.0000;0;0
600;2013-11-19 14:30:00;172602N232;194;1.721;29;224;224;224;223;0.976;50.00;409.2;0.217;403.3;0.225;0.0;0.000;60;0;0;1.054;1.158;0.716;35;91;66;50.00;50.00;50.00;5211;1000;0.0;0;1.0000;0;0
600;2013-11-19 14:40:00;172602N232;158;1.747;29;223;224;225;221;1.097;50.00;394.3;0.180;400.3;0.183;0.0;0.000;60;0;0;1.530;1.039;0.722;25;73;70;50.00;50.00;50.00;5211;1000;0.0;0;1.0000;0;0
600;2013-11-19 14:50:00;172602N232;160;1.774;29;223;222;226;222;0.992;50.01;391.8;0.184;401.9;0.186;0.0;0.000;60;0;0;0.890;1.312;0.775;33;38;88;50.01;50.01;50.01;5211;1000;0.0;0;1.0000;0;0
600;2013-11-19 15:00:00;172602N232;127;1.795;29;222;221;224;222;0.879;50.01;396.0;0.140;399.0;0.144;0.0;0.000;60;0;0;0.848;1.071;0.720;32;29;63;50.01;50.01;50.01;5211;1000;0.0;0;1.0000;0;0
600;2013-11-19 15:10:00;172602N232;94;1.811;28;223;222;224;222;0.839;50.00;387.4;0.101;389.4;0.105;0.0;0.000;60;0;0;0.853;0.953;0.713;17;26;49;50.00;50.00;50.00;5211;1000;0.0;0;1.0000;0;0
600;2013-11-19 15:20:00;172602N232;62;1.822;28;223;223;223;222;0.732;49.98;371.0;0.063;376.8;0.068;0.0;0.000;60;0;0;0.861;0.761;0.575;2;24;38;49.98;49.98;49.98;5211;1000;0.0;0;1.0000;0;0
600;2013-11-19 15:30:00;172602N232;30;1.828;28;222;222;223;221;0.460;49.99;321.0;0.023;343.9;0.028;0.0;0.000;60;0;0;0.640;0.413;0.329;1;19;20;49.99;49.99;49.99;5211;1000;0.0;0;1.0000;0;0
600;2013-11-19 15:40:00;172602N232;22;1.832;28;222;223;224;221;0.423;49.99;301.0;0.014;313.3;0.021;0.0;0.000;60;0;0;0.525;0.442;0.302;0;9;20;49.99;49.99;49.99;5211;1000;0.0;0;1.0000;0;0
600;2013-11-19 15:50:00;172602N232;6;1.833;27;222;223;224;221;0.227;50.02;254.5;0.000;257.4;0.002;0.0;0.000;60;0;0;0.329;0.204;0.150;1;3;8;50.02;50.02;50.02;5211;1000;0.0;0;1.0000;0;0
600;2013-11-19 16:00:00;172602N232;0;1.832;27;222;223;223;220;0.019;50.03;260.7;0.000;260.6;0.000;0.0;0.000;50;0;0;0.032;0.014;0.013;0;0;0;50.03;50.03;50.03;5211;1000;0.0;0;1.0000;0;0
600;2013-11-19 16:10:00;172602N232;0;1.832;25;222;223;224;219;0.000;49.98;231.8;0.000;232.8;0.000;0.0;0.000;50;0;0;0.000;0.000;0.000;0;0;0;49.98;49.98;49.98;5211;1000;0.0;0;1.0000;0;0
600;2013-11-19 16:20:00;172602N232;0;1.832;25;221;223;224;218;0.000;49.98;228.1;0.000;229.0;0.000;0.0;0.000;50;0;0;0.000;0.000;0.000;0;0;0;49.98;49.98;49.98;5211;1000;0.0;0;1.0000;0;0
[wr_ende]
