20170424;230001;172602N232;My Plant;+0100
[wr_def_start]
172602N232;Inverter Type;Inverter Group;72602N232      
[wr_def_end]
[wr]
INTERVAL;TIMESTAMP;SERIAL;P_AC;E_DAY;T_WR;U_AC;U_AC_1;U_AC_2;U_AC_3;I_AC;F_AC;U_DC_1;I_DC_1;U_DC_2;I_DC_2;U_DC_3;I_DC_3;S;E_WR;M_WR;I_AC_1;I_AC_2;I_AC_3;P_AC_1;P_AC_2;P_AC_3;F_AC_1;F_AC_2;F_AC_3;R_DC;PC;PCS;PCS_LL;COS_PHI;COS_PHI_LL;S_COS_PHI
600;2017-04-24 05:00:00;172602N232;0;0.000;0;6;6;6;6;0.000;1.37;6.1;0.000;6.1;0.000;0.0;0.000;50;0;0;0.000;0.000;0.000;0;0;0;1.37;1.37;1.37;51;1000;0.0;0;1.0000;0;0
600;2017-04-24 05:10:00;172602N232;0;0.000;20;223;225;226;219;0.000;49.99;228.3;0.000;229.2;0.000;0.0;0.000;50;0;0;0.000;0.000;0.000;0;0;0;49.99;49.99;49.99;0;1000;0.0;0;1.0000;0;0
600;2017-04-24 05:20:00;172602N232;0;0.000;21;224;225;226;222;0.000;50.01;231.3;0.000;232.2;0.000;0.0;0.000;50;0;0;0.000;0.000;0.000;0;0;0;50.01;50.01;50.01;0;1000;0.0;0;1.0000;0;0
600;2017-04-24 05:30:00;172602N232;0;0.000;21;223;225;227;218;0.000;49.98;251.2;0.000;252.1;0.000;0.0;0.000;50;0;0;0.000;0.000;0.000;0;0;0;49.98;49.98;49.98;0;1000;0.0;0;1.0000;0;0
600;2017-04-24 05:40:00;172602N232;0;0.000;21;221;224;225;214;0.020;50.00;272.3;0.000;272.5;0.000;0.0;0.000;60;0;0;0.027;0.019;0.016;0;1;0;50.00;50.00;50.00;2975;1000;0.0;0;1.0000;0;0
600;2017-04-24 05:50:00;172602N232;5;0.002;22;221;225;224;213;0.172;49.99;253.5;0.000;256.6;0.000;0.0;0.000;60;0;0;0.254;0.139;0.125;0;7;8;49.99;49.99;49.99;10469;1000;0.0;0;1.0000;0;0
600;2017-04-24 06:00:00;172602N232;5;0.006;22;221;224;223;217;0.168;49.99;256.5;0.000;258.0;0.001;0.0;0.000;60;0;0;0.194;0.158;0.152;0;9;9;49.99;49.99;49.99;10469;1000;0.0;0;1.0000;0;0
600;2017-04-24 06:10:00;172602N232;25;0.012;22;221;222;222;219;0.426;49.99;321.7;0.016;333.8;0.019;0.0;0.000;60;0;0;0.570;0.413;0.297;0;20;20;49.99;49.99;49.99;10469;1000;0.0;0;1.0000;0;0
600;2017-04-24 06:20:00;172602N232;38;0.020;23;224;225;225;222;0.514;50.01;341.4;0.031;357.4;0.033;0.0;0.000;60;0;0;0.607;0.555;0.382;1;19;27;50.01;50.01;50.01;10469;1000;0.0;0;1.0000;0;0
600;2017-04-24 06:30:00;172602N232;73;0.031;23;226;227;228;225;0.827;49.98;378.0;0.077;389.5;0.076;0.0;0.000;60;0;0;0.842;0.998;0.642;10;13;49;49.98;49.98;49.98;10469;1000;0.0;0;1.0000;0;0
600;2017-04-24 06:40:00;172602N232;133;0.049;23;227;227;228;226;0.942;49.99;404.3;0.146;406.2;0.145;0.0;0.000;60;0;0;0.936;1.138;0.752;25;37;69;49.99;49.99;49.99;10469;1000;0.0;0;1.0000;0;0
600;2017-04-24 06:50:00;172602N232;192;0.079;24;225;225;226;224;1.031;49.99;409.2;0.216;413.6;0.213;0.0;0.000;60;0;0;1.251;1.024;0.818;32;80;78;49.99;49.99;49.99;10469;1000;0.0;0;1.0000;0;0
600;2017-04-24 07:00:00;172602N232;146;0.103;24;225;225;226;224;0.960;49.99;400.6;0.162;405.2;0.160;0.0;0.000;60;0;0;1.055;1.094;0.732;31;50;64;49.99;49.99;49.99;10469;1000;0.0;0;1.0000;0;0
600;2017-04-24 07:10:00;172602N232;147;0.127;24;224;225;225;223;1.036;49.99;400.5;0.165;407.1;0.163;0.0;0.000;60;0;0;1.355;1.006;0.747;17;61;68;49.99;49.99;49.99;10469;1000;0.0;0;1.0000;0;0
600;2017-04-24 07:20:00;172602N232;292;0.177;25;225;225;225;224;1.103;50.01;416.7;0.333;421.1;0.330;0.0;0.000;60;0;0;1.200;1.181;0.930;87;108;96;50.01;50.01;50.01;10469;1000;0.0;0;1.0000;0;0
600;2017-04-24 07:30:00;172602N232;333;0.232;25;224;224;224;223;1.155;50.00;425.4;0.377;423.6;0.374;0.0;0.000;60;0;0;1.246;1.204;1.015;91;133;107;50.00;50.00;50.00;10469;1000;0.0;0;1.0000;0;0
600;2017-04-24 07:40:00;172602N232;315;0.285;25;225;226;226;223;1.166;50.00;419.3;0.362;422.5;0.355;0.0;0.000;60;0;0;1.268;1.214;1.016;84;113;117;50.00;50.00;50.00;10469;1000;0.0;0;1.0000;0;0
600;2017-04-24 07:50:00;172602N232;245;0.326;26;224;224;225;223;1.094;50.01;412.1;0.281;416.3;0.277;0.0;0.000;60;0;0;1.192;1.239;0.851;60;95;88;50.01;50.01;50.01;10469;1000;0.0;0;1.0000;0;0
600;2017-04-24 08:00:00;172602N232;576;0.423;26;225;225;226;224;1.024;50.01;432.0;0.654;432.2;0.653;0.0;0.000;60;0;0;0.990;1.069;1.013;175;201;197;50.01;50.01;50.01;10469;1000;0.0;0;1.0000;0;0
600;2017-04-24 08:10:00;172602N232;805;0.557;26;225;225;226;225;1.233;50.02;440.2;0.918;441.6;0.891;0.0;0.000;60;0;0;1.185;1.268;1.246;256;278;270;50.02;50.02;50.02;10469;1000;0.0;0;1.0000;0;0
600;2017-04-24 08:20:00;172602N232;652;0.666;27;225;225;225;224;1.061;50.01;434.7;0.743;434.0;0.736;0.0;0.000;60;0;0;1.041;1.079;1.064;207;224;219;50.01;50.01;50.01;10469;1000;0.0;0;1.0000;0;0
600;2017-04-24 08:30:00;172602N232;1120;0.854;27;224;225;225;223;1.728;49.99;442.6;1.279;445.2;1.232;0.0;0.000;60;0;0;1.694;1.756;1.735;361;383;374;49.99;49.99;49.99;10469;1000;0.0;0;1.0000;0;0
600;2017-04-24 08:40:00;172602N232;1144;1.044;28;224;225;225;223;1.788;50.01;438.5;1.337;444.1;1.248;0.0;0.000;60;0;0;1.760;1.808;1.796;368;392;383;50.01;50.01;50.01;10469;1000;0.0;0;1.0000;0;0
600;2017-04-24 08:50:00;172602N232;1137;1.233;28;225;225;226;223;1.778;50.00;440.0;1.309;441.2;1.263;0.0;0.000;60;0;0;1.752;1.798;1.784;366;389;380;50.00;50.00;50.00;10469;1000;0.0;0;1.0000;0;0
600;2017-04-24 09:00:00;172602N232;1119;1.419;29;224;224;225;222;1.732;50.01;440.1;1.279;442.0;1.244;0.0;0.000;60;0;0;1.700;1.767;1.731;361;385;371;50.01;50.01;50.01;10469;1000;0.0;0;1.0000;0;0
600;2017-04-24 09:10:00;172602N232;622;1.523;29;223;223;225;221;1.086;50.01;429.8;0.716;432.1;0.704;0.0;0.000;60;0;0;1.106;1.119;1.033;196;220;205;50.01;50.01;50.01;10469;1000;0.0;0;1.0000;0;0
600;2017-04-24 09:20:00;172602N232;858;1.667;29;223;222;224;222;1.319;49.98;432.0;0.984;436.5;0.974;0.0;0.000;60;0;0;1.266;1.358;1.333;272;296;287;49.98;49.98;49.98;10469;1000;0.0;0;1.0000;0;0
600;2017-04-24 09:30:00;172602N232;827;1.805;30;222;222;223;222;1.278;50.02;436.4;0.938;435.7;0.940;0.0;0.000;60;0;0;1.233;1.315;1.288;264;285;277;50.02;50.02;50.02;10469;1000;0.0;0;1.0000;0;0
600;2017-04-24 09:40:00;172602N232;545;1.897;30;222;222;222;221;0.998;50.01;424.7;0.627;427.9;0.620;0.0;0.000;60;0;0;0.967;1.051;0.977;172;187;185;50.01;50.01;50.01;10469;1000;0.0;0;1.0000;0;0
600;2017-04-24 09:50:00;172602N232;288;1.944;30;221;221;223;219;1.121;50.00;417.4;0.327;415.5;0.326;0.0;0.000;60;0;0;1.173;1.276;0.914;74;98;113;50.00;50.00;50.00;10469;1000;0.0;0;1.0000;0;0
600;2017-04-24 10:00:00;172602N232;1114;2.130;30;222;223;225;219;1.748;50.00;438.0;1.268;440.8;1.251;0.0;0.000;60;0;0;1.739;1.786;1.721;360;387;365;50.00;50.00;50.00;10469;1000;0.0;0;1.0000;0;0
600;2017-04-24 10:10:00;172602N232;1251;2.338;30;223;223;226;221;1.915;50.01;443.8;1.415;442.3;1.401;0.0;0.000;60;0;0;1.877;1.961;1.908;404;433;411;50.01;50.01;50.01;10469;1000;0.0;0;1.0000;0;0
600;2017-04-24 10:20:00;172602N232;1199;2.539;30;223;224;225;221;1.843;49.99;438.5;1.365;439.5;1.358;0.0;0.000;60;0;0;1.813;1.874;1.842;389;412;396;49.99;49.99;49.99;10469;1000;0.0;0;1.0000;0;0
600;2017-04-24 10:30:00;172602N232;718;2.659;31;223;223;225;222;1.294;50.01;429.0;0.827;431.7;0.809;0.0;0.000;60;0;0;1.250;1.350;1.283;226;251;240;50.01;50.01;50.01;10469;1000;0.0;0;1.0000;0;0
600;2017-04-24 10:40:00;172602N232;956;2.818;31;223;224;225;222;1.475;50.01;434.6;1.091;438.5;1.082;0.0;0.000;60;0;0;1.442;1.506;1.478;308;328;318;50.01;50.01;50.01;10469;1000;0.0;0;1.0000;0;0
600;2017-04-24 10:50:00;172602N232;1904;3.134;31;224;225;226;222;2.843;49.99;443.2;2.173;447.2;2.116;0.0;0.000;60;0;0;2.806;2.903;2.822;627;653;622;49.99;49.99;49.99;10469;1000;0.0;0;1.0000;0;0
600;2017-04-24 11:00:00;172602N232;2323;3.522;31;225;225;228;222;3.448;50.01;433.9;2.707;435.1;2.629;0.0;0.000;60;0;0;3.401;3.536;3.409;762;806;753;50.01;50.01;50.01;10469;1000;0.0;0;1.0000;0;0
600;2017-04-24 11:10:00;172602N232;1099;3.705;32;224;225;226;221;1.706;50.00;438.2;1.252;436.7;1.242;0.0;0.000;60;0;0;1.700;1.732;1.688;359;378;360;50.00;50.00;50.00;10469;1000;0.0;0;1.0000;0;0
600;2017-04-24 11:20:00;172602N232;3912;4.360;32;227;227;230;225;5.745;49.98;428.0;4.674;433.4;4.567;0.0;0.000;60;0;0;5.705;5.847;5.684;1290;1345;1277;49.98;49.98;49.98;10469;1000;0.0;0;1.0000;0;0
600;2017-04-24 11:30:00;172602N232;5135;5.215;39;228;228;232;225;7.496;50.01;410.2;6.363;411.6;6.337;0.0;0.000;60;0;0;7.450;7.662;7.377;1697;1777;1660;50.01;50.01;50.01;10469;1000;0.0;0;1.0000;0;0
600;2017-04-24 11:40:00;172602N232;1081;5.394;33;224;224;224;223;1.724;50.02;412.3;1.333;416.3;1.281;0.0;0.000;60;0;0;1.726;1.723;1.725;354;366;360;50.02;50.02;50.02;10469;1000;0.0;0;1.0000;0;0
600;2017-04-24 11:50:00;172602N232;3286;5.943;34;226;227;227;224;4.843;50.00;431.2;3.881;435.2;3.819;0.0;0.000;60;0;0;4.845;4.914;4.770;1097;1119;1064;50.00;50.00;50.00;10469;1000;0.0;0;1.0000;0;0
600;2017-04-24 12:00:00;172602N232;3828;6.583;37;226;226;228;223;5.641;50.00;422.9;4.608;423.0;4.576;0.0;0.000;60;0;0;5.639;5.762;5.524;1277;1318;1230;50.00;50.00;50.00;10469;1000;0.0;0;1.0000;0;0
600;2017-04-24 12:10:00;172602N232;2464;6.993;35;225;225;228;222;3.666;50.00;424.1;2.893;427.5;2.843;0.0;0.000;60;0;0;3.644;3.764;3.592;816;856;792;50.00;50.00;50.00;10469;1000;0.0;0;1.0000;0;0
600;2017-04-24 12:20:00;172602N232;2253;7.369;35;224;224;227;221;3.362;49.99;429.5;2.597;433.8;2.577;0.0;0.000;60;0;0;3.315;3.452;3.321;737;784;730;49.99;49.99;49.99;10469;1000;0.0;0;1.0000;0;0
600;2017-04-24 12:30:00;172602N232;1915;7.687;36;225;225;226;223;2.879;49.99;426.5;2.271;427.1;2.246;0.0;0.000;60;0;0;2.852;2.933;2.853;631;659;627;49.99;49.99;49.99;10469;1000;0.0;0;1.0000;0;0
600;2017-04-24 12:40:00;172602N232;2272;8.067;36;225;226;227;224;3.365;50.00;431.3;2.638;431.8;2.610;0.0;0.000;60;0;0;3.331;3.421;3.344;748;778;745;50.00;50.00;50.00;10469;1000;0.0;0;1.0000;0;0
600;2017-04-24 12:50:00;172602N232;2844;8.541;36;227;226;229;225;4.188;50.00;433.4;3.306;434.2;3.300;0.0;0.000;60;0;0;4.133;4.278;4.153;929;980;929;50.00;50.00;50.00;10469;1000;0.0;0;1.0000;0;0
600;2017-04-24 13:00:00;172602N232;2767;9.003;36;227;226;230;224;4.066;50.01;430.4;3.243;427.0;3.247;0.0;0.000;60;0;0;4.010;4.173;4.016;906;961;899;50.01;50.01;50.01;10469;1000;0.0;0;1.0000;0;0
600;2017-04-24 13:10:00;172602N232;4751;9.795;39;229;229;232;225;6.915;49.99;422.4;5.702;422.8;5.676;0.0;0.000;60;0;0;6.882;7.084;6.779;1576;1648;1526;49.99;49.99;49.99;10469;1000;0.0;0;1.0000;0;0
600;2017-04-24 13:20:00;172602N232;1937;10.117;37;226;226;228;225;2.865;49.97;426.7;2.288;422.6;2.294;0.0;0.000;60;0;0;2.819;2.924;2.854;634;664;638;49.97;49.97;49.97;10469;1000;0.0;0;1.0000;0;0
600;2017-04-24 13:30:00;172602N232;1638;10.391;37;226;225;228;224;2.445;49.97;435.2;1.886;435.0;1.883;0.0;0.000;60;0;0;2.398;2.506;2.432;534;564;538;49.97;49.97;49.97;10469;1000;0.0;0;1.0000;0;0
600;2017-04-24 13:40:00;172602N232;2612;10.828;36;227;226;230;225;3.846;49.99;435.6;3.026;435.5;3.020;0.0;0.000;60;0;0;3.781;3.942;3.816;852;905;853;49.99;49.99;49.99;10469;1000;0.0;0;1.0000;0;0
600;2017-04-24 13:50:00;172602N232;3772;11.455;37;228;227;231;225;5.508;49.99;433.7;4.367;428.4;4.419;0.0;0.000;60;0;0;5.448;5.648;5.430;1238;1309;1223;49.99;49.99;49.99;10469;1000;0.0;0;1.0000;0;0
600;2017-04-24 14:00:00;172602N232;2813;11.923;37;227;226;231;225;4.125;50.01;428.4;3.295;421.8;3.348;0.0;0.000;60;0;0;4.052;4.230;4.093;916;974;920;50.01;50.01;50.01;10469;1000;0.0;0;1.0000;0;0
600;2017-04-24 14:10:00;172602N232;1361;12.149;37;226;226;228;225;2.057;50.02;431.0;1.569;427.8;1.598;0.0;0.000;60;0;0;2.013;2.110;2.049;441;467;450;50.02;50.02;50.02;10469;1000;0.0;0;1.0000;0;0
600;2017-04-24 14:20:00;172602N232;4393;12.880;37;229;228;232;226;6.368;50.02;430.2;5.190;430.0;5.171;0.0;0.000;60;0;0;6.330;6.522;6.254;1448;1520;1417;50.02;50.02;50.02;10469;1000;0.0;0;1.0000;0;0
600;2017-04-24 14:30:00;172602N232;4980;13.712;40;230;228;234;227;7.217;50.00;411.0;6.174;411.0;6.158;0.0;0.000;60;0;0;7.131;7.418;7.103;1627;1743;1611;50.00;50.00;50.00;10469;1000;0.0;0;1.0000;0;0
600;2017-04-24 14:40:00;172602N232;4988;14.544;41;229;227;235;227;7.247;49.99;409.5;6.189;409.6;6.183;0.0;0.000;60;0;0;7.110;7.472;7.159;1613;1753;1621;49.99;49.99;49.99;10469;1000;0.0;0;1.0000;0;0
600;2017-04-24 14:50:00;172602N232;4531;15.299;40;228;228;234;223;6.613;50.00;409.6;5.615;409.8;5.618;0.0;0.000;60;0;0;6.546;6.855;6.439;1494;1603;1433;50.00;50.00;50.00;10469;1000;0.0;0;1.0000;0;0
600;2017-04-24 15:00:00;172602N232;4685;16.080;40;228;231;236;217;6.840;49.99;411.6;5.779;411.8;5.785;0.0;0.000;60;0;0;6.837;7.201;6.483;1579;1700;1406;49.99;49.99;49.99;10469;1000;0.0;0;1.0000;0;0
600;2017-04-24 15:10:00;172602N232;4551;16.839;40;227;229;235;217;6.672;50.00;410.7;5.620;411.3;5.618;0.0;0.000;60;0;0;6.636;7.003;6.378;1521;1646;1382;50.00;50.00;50.00;10469;1000;0.0;0;1.0000;0;0
600;2017-04-24 15:20:00;172602N232;3526;17.430;40;226;229;233;216;5.216;50.02;414.7;4.306;413.9;4.322;0.0;0.000;60;0;0;5.209;5.473;4.967;1190;1272;1069;50.02;50.02;50.02;10469;1000;0.0;0;1.0000;0;0
600;2017-04-24 15:30:00;172602N232;2526;17.851;40;225;229;230;217;3.745;49.99;420.6;2.996;421.3;3.021;0.0;0.000;60;0;0;3.746;3.897;3.594;853;895;776;49.99;49.99;49.99;10469;1000;0.0;0;1.0000;0;0
600;2017-04-24 15:40:00;172602N232;2305;18.236;40;225;228;229;216;3.437;50.00;426.7;2.687;427.6;2.716;0.0;0.000;60;0;0;3.432;3.590;3.291;775;824;706;50.00;50.00;50.00;10469;1000;0.0;0;1.0000;0;0
600;2017-04-24 15:50:00;172602N232;4111;18.921;40;226;229;233;217;6.055;49.99;425.3;4.878;423.2;4.939;0.0;0.000;60;0;0;6.048;6.325;5.792;1385;1471;1256;49.99;49.99;49.99;10469;1000;0.0;0;1.0000;0;0
600;2017-04-24 16:00:00;172602N232;2385;19.320;40;225;227;229;219;3.547;49.99;423.2;2.787;420.3;2.875;0.0;0.000;60;0;0;3.522;3.671;3.449;795;845;750;49.99;49.99;49.99;10469;1000;0.0;0;1.0000;0;0
600;2017-04-24 16:10:00;172602N232;1450;19.563;39;226;226;227;224;2.165;50.01;422.9;1.680;427.5;1.713;0.0;0.000;60;0;0;2.123;2.209;2.163;473;498;477;50.01;50.01;50.01;10469;1000;0.0;0;1.0000;0;0
600;2017-04-24 16:20:00;172602N232;2788;20.027;39;227;227;229;224;4.094;50.01;423.3;3.272;431.2;3.289;0.0;0.000;60;0;0;4.044;4.178;4.061;914;957;908;50.01;50.01;50.01;10469;1000;0.0;0;1.0000;0;0
600;2017-04-24 16:30:00;172602N232;1711;20.313;39;226;226;228;223;2.565;50.00;419.6;2.016;425.7;2.043;0.0;0.000;60;0;0;2.528;2.622;2.545;560;594;559;50.00;50.00;50.00;10469;1000;0.0;0;1.0000;0;0
600;2017-04-24 16:40:00;172602N232;1109;20.497;38;225;226;226;223;1.679;49.99;421.6;1.283;428.6;1.300;0.0;0.000;60;0;0;1.639;1.722;1.677;360;381;366;49.99;49.99;49.99;10469;1000;0.0;0;1.0000;0;0
600;2017-04-24 16:50:00;172602N232;1465;20.743;38;225;224;227;223;2.211;49.99;424.6;1.701;431.9;1.716;0.0;0.000;60;0;0;2.158;2.272;2.205;474;510;483;49.99;49.99;49.99;10469;1000;0.0;0;1.0000;0;0
600;2017-04-24 17:00:00;172602N232;1025;20.915;37;224;224;227;222;1.553;49.99;428.7;1.163;431.6;1.193;0.0;0.000;60;0;0;1.505;1.606;1.550;328;359;336;49.99;49.99;49.99;10469;1000;0.0;0;1.0000;0;0
600;2017-04-24 17:10:00;172602N232;1397;21.147;37;225;225;225;224;2.100;50.00;423.3;1.621;429.8;1.640;0.0;0.000;60;0;0;2.043;2.138;2.120;452;476;468;50.00;50.00;50.00;10469;1000;0.0;0;1.0000;0;0
600;2017-04-24 17:20:00;172602N232;694;21.264;37;225;226;225;225;1.296;50.02;415.7;0.801;424.5;0.820;0.0;0.000;60;0;0;1.324;1.295;1.271;226;237;229;50.02;50.02;50.02;10469;1000;0.0;0;1.0000;0;0
600;2017-04-24 17:30:00;172602N232;1392;21.496;36;225;226;227;223;2.086;50.02;413.8;1.639;429.7;1.649;0.0;0.000;60;0;0;2.036;2.144;2.079;453;481;456;50.02;50.02;50.02;10469;1000;0.0;0;1.0000;0;0
600;2017-04-24 17:40:00;172602N232;1947;21.820;36;226;227;230;222;2.896;49.99;414.4;2.320;424.6;2.340;0.0;0.000;60;0;0;2.854;2.973;2.862;640;676;630;49.99;49.99;49.99;10469;1000;0.0;0;1.0000;0;0
600;2017-04-24 17:50:00;172602N232;1216;22.022;36;225;226;227;221;1.893;49.99;411.0;1.444;422.4;1.451;0.0;0.000;60;0;0;1.852;1.956;1.871;395;423;396;49.99;49.99;49.99;10469;1000;0.0;0;1.0000;0;0
600;2017-04-24 18:00:00;172602N232;1402;22.257;36;226;227;228;224;2.149;49.97;412.9;1.667;423.9;1.678;0.0;0.000;60;0;0;2.113;2.199;2.135;455;482;462;49.97;49.97;49.97;10469;1000;0.0;0;1.0000;0;0
600;2017-04-24 18:10:00;172602N232;943;22.414;35;226;227;228;224;1.505;49.97;406.4;1.116;422.0;1.131;0.0;0.000;60;0;0;1.494;1.537;1.486;304;327;310;49.97;49.97;49.97;10469;1000;0.0;0;1.0000;0;0
600;2017-04-24 18:20:00;172602N232;930;22.569;35;226;227;227;225;1.457;50.04;400.5;1.117;423.0;1.122;0.0;0.000;60;0;0;1.430;1.488;1.454;299;320;308;50.04;50.04;50.04;10469;1000;0.0;0;1.0000;0;0
600;2017-04-24 18:30:00;172602N232;693;22.685;35;226;227;227;225;1.222;50.01;399.3;0.822;422.2;0.837;0.0;0.000;60;0;0;1.230;1.244;1.193;219;241;230;50.01;50.01;50.01;10469;1000;0.0;0;1.0000;0;0
600;2017-04-24 18:40:00;172602N232;757;22.810;35;226;227;227;225;1.155;49.99;379.5;0.874;426.1;0.985;0.0;0.000;60;0;0;1.110;1.195;1.160;242;262;251;49.99;49.99;49.99;10469;1000;0.0;0;1.0000;0;0
600;2017-04-24 18:50:00;172602N232;484;22.892;35;226;227;227;225;0.756;49.98;393.1;0.457;414.9;0.711;0.0;0.000;60;0;0;0.710;0.791;0.767;149;170;162;49.98;49.98;49.98;10469;1000;0.0;0;1.0000;0;0
600;2017-04-24 19:00:00;172602N232;325;22.946;34;226;228;225;226;1.114;49.99;408.8;0.291;405.4;0.475;0.0;0.000;60;0;0;1.276;1.079;0.988;83;139;102;49.99;49.99;49.99;10469;1000;0.0;0;1.0000;0;0
600;2017-04-24 19:10:00;172602N232;244;22.986;34;226;227;225;227;1.080;49.97;397.0;0.260;424.5;0.295;0.0;0.000;60;0;0;1.258;1.129;0.855;66;120;56;49.97;49.97;49.97;10469;1000;0.0;0;1.0000;0;0
600;2017-04-24 19:20:00;172602N232;176;23.017;33;227;227;226;227;0.912;50.00;380.6;0.197;423.8;0.198;0.0;0.000;60;0;0;1.082;0.935;0.721;40;84;49;50.00;50.00;50.00;10469;1000;0.0;0;1.0000;0;0
600;2017-04-24 19:30:00;172602N232;106;23.034;33;226;228;225;227;0.893;49.99;336.6;0.127;416.7;0.121;0.0;0.000;60;0;0;1.073;0.797;0.810;1;61;44;49.99;49.99;49.99;10469;1000;0.0;0;1.0000;0;0
600;2017-04-24 19:40:00;172602N232;56;23.045;32;224;226;222;225;0.668;50.00;355.8;0.048;387.1;0.059;0.0;0.000;60;0;0;0.862;0.597;0.546;4;46;18;50.00;50.00;50.00;10469;1000;0.0;0;1.0000;0;0
600;2017-04-24 19:50:00;172602N232;20;23.047;32;223;226;222;220;0.384;49.99;291.9;0.010;316.6;0.016;0.0;0.000;60;0;0;0.529;0.308;0.315;0;21;21;49.99;49.99;49.99;10469;1000;0.0;0;1.0000;0;0
600;2017-04-24 20:00:00;172602N232;0;23.047;31;223;225;222;223;0.040;50.00;268.4;0.000;268.2;0.000;0.0;0.000;50;0;0;0.045;0.044;0.031;0;2;1;50.00;50.00;50.00;10469;1000;0.0;0;1.0000;0;0
600;2017-04-24 20:10:00;172602N232;0;23.047;30;223;223;225;220;0.000;50.01;259.8;0.000;260.0;0.000;0.0;0.000;50;0;0;0.000;0.000;0.000;0;0;0;50.01;50.01;50.01;10469;1000;0.0;0;1.0000;0;0
600;2017-04-24 20:20:00;172602N232;0;23.047;29;221;222;223;217;0.000;49.99;229.2;0.000;230.2;0.000;0.0;0.000;50;0;0;0.000;0.000;0.000;0;0;0;49.99;49.99;49.99;10469;1000;0.0;0;1.0000;0;0
[wr_ende]
