20120714;230004;172602N232;My Plant;+0100
[wr_def_start]
172602N232;Inverter Type;Inverter Group;72602N232      
[wr_def_end]
[wr]
INTERVAL;TIMESTAMP;SERIAL;P_AC;E_DAY;T_WR;U_AC;U_AC_1;U_AC_2;U_AC_3;I_AC;F_AC;U_DC_1;I_DC_1;U_DC_2;I_DC_2;U_DC_3;I_DC_3;S;E_WR;M_WR;I_AC_1;I_AC_2;I_AC_3;P_AC_1;P_AC_2;P_AC_3;F_AC_1;F_AC_2;F_AC_3;R_DC;PC;PCS;PCS_LL;COS_PHI;COS_PHI_LL;S_COS_PHI
600;2012-07-14 04:50:00;172602N232;0;0.000;0;5;5;5;5;0.000;1.30;5.9;0.000;5.9;0.000;0.0;0.000;50;0;0;0.000;0.000;0.000;0;0;0;1.30;1.30;1.30;268;1000;0.0;0;1.0000;0;0
600;2012-07-14 05:00:00;172602N232;0;0.000;27;224;225;226;222;0.000;50.00;227.4;0.000;228.4;0.000;0.0;0.000;50;0;0;0.000;0.000;0.000;0;0;0;50.00;50.00;50.00;0;1000;0.0;0;1.0000;0;0
600;2012-07-14 05:10:00;172602N232;0;0.000;28;225;225;227;222;0.000;49.98;227.7;0.000;228.6;0.000;0.0;0.000;50;0;0;0.000;0.000;0.000;0;0;0;49.98;49.98;49.98;0;1000;0.0;0;1.0000;0;0
600;2012-07-14 05:20:00;172602N232;0;0.000;29;224;225;227;222;0.000;50.01;228.0;0.000;228.9;0.000;0.0;0.000;50;0;0;0.000;0.000;0.000;0;0;0;50.01;50.01;50.01;0;1000;0.0;0;1.0000;0;0
600;2012-07-14 05:30:00;172602N232;0;0.000;29;225;226;227;222;0.000;50.00;250.9;0.000;251.1;0.000;0.0;0.000;50;0;0;0.000;0.000;0.000;0;0;0;50.00;50.00;50.00;0;1000;0.0;0;1.0000;0;0
600;2012-07-14 05:40:00;172602N232;0;0.000;29;225;225;226;223;0.044;50.00;292.3;0.000;290.1;0.000;0.0;0.000;60;0;0;0.051;0.043;0.038;0;1;1;50.00;50.00;50.00;6393;1000;0.0;0;1.0000;0;0
600;2012-07-14 05:50:00;172602N232;25;0.006;30;224;225;225;224;0.394;50.02;315.8;0.023;304.9;0.022;0.0;0.000;60;0;0;0.466;0.389;0.327;0;17;19;50.02;50.02;50.02;10265;1000;0.0;0;1.0000;0;0
600;2012-07-14 06:00:00;172602N232;35;0.013;30;225;225;225;224;0.475;50.02;334.4;0.036;320.0;0.034;0.0;0.000;60;0;0;0.534;0.543;0.349;1;16;20;50.02;50.02;50.02;10265;1000;0.0;0;1.0000;0;0
600;2012-07-14 06:10:00;172602N232;29;0.019;30;224;225;225;223;0.484;49.99;317.6;0.027;317.5;0.027;0.0;0.000;60;0;0;0.570;0.474;0.410;0;15;27;49.99;49.99;49.99;10265;1000;0.0;0;1.0000;0;0
600;2012-07-14 06:20:00;172602N232;48;0.028;31;224;224;224;223;0.715;49.98;353.9;0.053;338.8;0.049;0.0;0.000;60;0;0;0.798;0.795;0.552;2;15;35;49.98;49.98;49.98;10265;1000;0.0;0;1.0000;0;0
600;2012-07-14 06:30:00;172602N232;85;0.042;31;223;224;224;223;0.878;49.99;375.7;0.105;354.3;0.094;0.0;0.000;60;0;0;0.985;0.949;0.701;4;27;52;49.99;49.99;49.99;10265;1000;0.0;0;1.0000;0;0
600;2012-07-14 06:40:00;172602N232;103;0.058;32;223;224;224;222;0.924;49.98;381.6;0.124;382.7;0.110;0.0;0.000;60;0;0;1.079;0.944;0.749;6;39;60;49.98;49.98;49.98;10265;1000;0.0;0;1.0000;0;0
600;2012-07-14 06:50:00;172602N232;86;0.074;33;223;224;223;222;0.905;49.99;375.5;0.103;374.7;0.091;0.0;0.000;60;0;0;1.127;0.848;0.742;1;40;51;49.99;49.99;49.99;10265;1000;0.0;0;1.0000;0;0
600;2012-07-14 07:00:00;172602N232;198;0.103;33;223;224;224;222;1.009;49.99;398.0;0.245;398.6;0.212;0.0;0.000;60;0;0;1.100;1.060;0.869;34;80;82;49.99;49.99;49.99;10265;1000;0.0;0;1.0000;0;0
600;2012-07-14 07:10:00;172602N232;538;0.192;34;226;227;227;225;1.221;50.02;423.1;0.662;428.6;0.578;0.0;0.000;60;0;0;1.270;1.224;1.171;174;187;175;50.02;50.02;50.02;10265;1000;0.0;0;1.0000;0;0
600;2012-07-14 07:20:00;172602N232;503;0.276;34;226;228;226;226;1.016;49.99;416.3;0.617;422.4;0.556;0.0;0.000;60;0;0;1.007;1.041;1.002;154;181;165;49.99;49.99;49.99;10265;1000;0.0;0;1.0000;0;0
600;2012-07-14 07:30:00;172602N232;321;0.329;35;226;227;225;226;1.185;49.99;408.1;0.405;417.5;0.340;0.0;0.000;60;0;0;1.333;1.137;1.086;76;132;110;49.99;49.99;49.99;10265;1000;0.0;0;1.0000;0;0
600;2012-07-14 07:40:00;172602N232;139;0.352;35;226;227;226;225;0.969;49.98;383.5;0.170;388.2;0.149;0.0;0.000;60;0;0;1.237;0.925;0.745;15;65;66;49.98;49.98;49.98;10265;1000;0.0;0;1.0000;0;0
600;2012-07-14 07:50:00;172602N232;193;0.385;36;227;228;228;225;1.047;49.98;393.9;0.242;399.8;0.203;0.0;0.000;60;0;0;1.377;0.921;0.843;30;77;86;49.98;49.98;49.98;10265;1000;0.0;0;1.0000;0;0
600;2012-07-14 08:00:00;172602N232;447;0.460;36;227;228;228;227;0.806;49.99;415.4;0.566;424.3;0.478;0.0;0.000;60;0;0;0.779;0.839;0.800;138;159;149;49.99;49.99;49.99;10265;1000;0.0;0;1.0000;0;0
600;2012-07-14 08:10:00;172602N232;603;0.560;36;227;228;228;226;1.266;50.01;419.0;0.781;430.6;0.621;0.0;0.000;60;0;0;1.373;1.210;1.216;199;203;199;50.01;50.01;50.01;10265;1000;0.0;0;1.0000;0;0
600;2012-07-14 08:20:00;172602N232;685;0.676;37;227;228;228;225;1.051;49.98;418.4;0.897;408.8;0.742;0.0;0.000;60;0;0;1.006;1.088;1.061;216;238;228;49.98;49.98;49.98;10265;1000;0.0;0;1.0000;0;0
600;2012-07-14 08:30:00;172602N232;655;0.784;37;227;228;228;225;0.995;50.00;419.7;0.830;427.0;0.700;0.0;0.000;60;0;0;0.943;1.037;1.005;206;229;218;50.00;50.00;50.00;10265;1000;0.0;0;1.0000;0;0
600;2012-07-14 08:40:00;172602N232;791;0.916;37;227;228;228;226;1.191;49.99;418.8;1.075;413.5;0.815;0.0;0.000;60;0;0;1.135;1.231;1.207;250;274;265;49.99;49.99;49.99;10265;1000;0.0;0;1.0000;0;0
600;2012-07-14 08:50:00;172602N232;837;1.056;38;228;228;229;226;1.261;49.98;420.4;1.118;425.1;0.853;0.0;0.000;60;0;0;1.205;1.304;1.274;265;290;280;49.98;49.98;49.98;10265;1000;0.0;0;1.0000;0;0
600;2012-07-14 09:00:00;172602N232;1286;1.271;38;228;228;229;227;1.939;49.99;419.6;1.936;426.6;1.111;0.0;0.000;60;0;0;1.905;1.967;1.946;417;440;427;49.99;49.99;49.99;10265;1000;0.0;0;1.0000;0;0
600;2012-07-14 09:10:00;172602N232;1235;1.476;39;228;229;229;226;1.872;49.99;419.2;1.622;416.3;1.336;0.0;0.000;60;0;0;1.841;1.896;1.880;401;422;411;49.99;49.99;49.99;10265;1000;0.0;0;1.0000;0;0
600;2012-07-14 09:20:00;172602N232;751;1.602;39;227;229;228;224;1.135;49.99;413.2;0.977;424.9;0.803;0.0;0.000;60;0;0;1.084;1.181;1.142;239;262;249;49.99;49.99;49.99;10265;1000;0.0;0;1.0000;0;0
600;2012-07-14 09:30:00;172602N232;930;1.758;39;227;228;228;225;1.394;49.99;414.6;1.241;414.3;1.002;0.0;0.000;60;0;0;1.343;1.435;1.405;298;320;310;49.99;49.99;49.99;10265;1000;0.0;0;1.0000;0;0
600;2012-07-14 09:40:00;172602N232;1404;1.992;40;227;228;229;224;2.108;50.00;416.7;1.908;420.8;1.456;0.0;0.000;60;0;0;2.067;2.158;2.101;457;483;461;50.00;50.00;50.00;10265;1000;0.0;0;1.0000;0;0
600;2012-07-14 09:50:00;172602N232;1270;2.203;40;226;226;228;224;1.924;50.01;409.4;1.814;402.0;1.322;0.0;0.000;60;0;0;1.890;1.956;1.926;413;435;420;50.01;50.01;50.01;10265;1000;0.0;0;1.0000;0;0
600;2012-07-14 10:00:00;172602N232;1134;2.393;40;226;225;227;225;1.729;49.99;411.3;1.660;416.2;1.085;0.0;0.000;60;0;0;1.680;1.771;1.738;363;391;378;49.99;49.99;49.99;10265;1000;0.0;0;1.0000;0;0
600;2012-07-14 10:10:00;172602N232;739;2.516;40;225;224;227;224;1.182;49.99;404.1;1.036;412.6;0.764;0.0;0.000;60;0;0;1.156;1.201;1.190;233;256;249;49.99;49.99;49.99;10265;1000;0.0;0;1.0000;0;0
600;2012-07-14 10:20:00;172602N232;1433;2.754;40;224;224;226;223;2.152;50.00;411.6;2.513;408.6;0.987;0.0;0.000;60;0;0;2.081;2.211;2.165;459;495;477;50.00;50.00;50.00;10265;1000;0.0;0;1.0000;0;0
600;2012-07-14 10:30:00;172602N232;2013;3.091;41;225;225;227;223;2.995;50.02;403.5;3.725;415.6;1.257;0.0;0.000;60;0;0;2.920;3.061;3.006;652;693;667;50.02;50.02;50.02;10265;1000;0.0;0;1.0000;0;0
600;2012-07-14 10:40:00;172602N232;1924;3.411;41;225;225;227;222;2.871;49.99;392.5;3.903;395.9;1.007;0.0;0.000;60;0;0;2.821;2.939;2.855;630;662;629;49.99;49.99;49.99;10265;1000;0.0;0;1.0000;0;0
600;2012-07-14 10:50:00;172602N232;2018;3.748;41;225;225;227;223;3.009;49.99;390.3;4.207;418.1;0.932;0.0;0.000;60;0;0;2.944;3.073;3.012;657;692;667;49.99;49.99;49.99;10265;1000;0.0;0;1.0000;0;0
600;2012-07-14 11:00:00;172602N232;2083;4.095;41;224;225;226;223;3.119;50.00;384.1;4.621;367.5;0.883;0.0;0.000;60;0;0;3.072;3.168;3.117;685;709;687;50.00;50.00;50.00;10265;1000;0.0;0;1.0000;0;0
600;2012-07-14 11:10:00;172602N232;2743;4.552;42;225;225;226;224;4.080;50.00;381.9;5.723;320.2;1.876;0.0;0.000;60;0;0;4.016;4.132;4.093;899;929;912;50.00;50.00;50.00;10265;1000;0.0;0;1.0000;0;0
600;2012-07-14 11:20:00;172602N232;2879;5.032;42;225;225;226;224;4.274;50.00;372.7;5.753;381.9;2.043;0.0;0.000;60;0;0;4.197;4.326;4.300;940;975;962;50.00;50.00;50.00;10265;1000;0.0;0;1.0000;0;0
600;2012-07-14 11:30:00;172602N232;2509;5.451;42;225;226;227;223;3.731;50.00;373.5;4.976;365.6;1.910;0.0;0.000;60;0;0;3.679;3.789;3.727;826;854;828;50.00;50.00;50.00;10265;1000;0.0;0;1.0000;0;0
600;2012-07-14 11:40:00;172602N232;2013;5.785;43;223;224;224;220;3.031;49.99;384.5;3.224;401.5;1.975;0.0;0.000;60;0;0;2.984;3.091;3.019;662;689;661;49.99;49.99;49.99;10265;1000;0.0;0;1.0000;0;0
600;2012-07-14 11:50:00;172602N232;1937;6.110;43;222;223;222;222;2.924;49.99;391.4;2.976;384.8;2.062;0.0;0.000;60;0;0;2.880;2.953;2.941;636;652;648;49.99;49.99;49.99;10265;1000;0.0;0;1.0000;0;0
600;2012-07-14 12:00:00;172602N232;3835;6.749;43;224;224;226;222;5.710;50.01;378.3;6.729;302.3;4.819;0.0;0.000;60;0;0;5.639;5.785;5.706;1261;1304;1267;50.01;50.01;50.01;10265;1000;0.0;0;1.0000;0;0
600;2012-07-14 12:10:00;172602N232;2302;7.132;43;223;223;224;223;3.444;50.00;376.5;3.790;328.3;2.947;0.0;0.000;60;0;0;3.379;3.490;3.464;752;778;769;50.00;50.00;50.00;10265;1000;0.0;0;1.0000;0;0
600;2012-07-14 12:20:00;172602N232;2127;7.487;43;223;224;224;222;3.186;49.99;382.0;3.450;342.2;2.439;0.0;0.000;60;0;0;3.122;3.229;3.207;695;719;711;49.99;49.99;49.99;10265;1000;0.0;0;1.0000;0;0
600;2012-07-14 12:30:00;172602N232;1475;7.733;43;223;224;224;222;2.216;49.99;393.5;2.188;368.5;1.695;0.0;0.000;60;0;0;2.153;2.262;2.233;479;502;492;49.99;49.99;49.99;10265;1000;0.0;0;1.0000;0;0
600;2012-07-14 12:40:00;172602N232;3118;8.254;43;224;225;225;223;4.640;49.97;389.4;4.692;326.8;4.218;0.0;0.000;60;0;0;4.584;4.687;4.650;1028;1053;1034;49.97;49.97;49.97;10265;1000;0.0;0;1.0000;0;0
600;2012-07-14 12:50:00;172602N232;1992;8.585;43;224;224;225;222;2.984;50.00;389.9;2.914;399.1;2.202;0.0;0.000;60;0;0;2.915;3.040;2.998;648;680;663;50.00;50.00;50.00;10265;1000;0.0;0;1.0000;0;0
600;2012-07-14 13:00:00;172602N232;752;8.711;43;223;222;224;221;1.369;50.01;385.4;1.078;373.5;0.927;0.0;0.000;60;0;0;1.316;1.452;1.341;239;258;253;50.01;50.01;50.01;10265;1000;0.0;0;1.0000;0;0
600;2012-07-14 13:10:00;172602N232;106;8.730;43;222;222;223;221;0.862;49.97;358.8;0.139;356.0;0.121;0.0;0.000;60;0;0;0.826;1.082;0.680;21;27;58;49.97;49.97;49.97;10265;1000;0.0;0;1.0000;0;0
600;2012-07-14 13:20:00;172602N232;55;8.739;42;222;223;222;221;0.706;50.01;347.6;0.070;314.9;0.058;0.0;0.000;60;0;0;0.894;0.673;0.551;0;29;36;50.01;50.01;50.01;10265;1000;0.0;0;1.0000;0;0
600;2012-07-14 13:30:00;172602N232;65;8.749;42;221;222;221;220;0.788;50.00;351.6;0.076;356.3;0.067;0.0;0.000;60;0;0;1.175;0.592;0.599;0;45;38;50.00;50.00;50.00;10265;1000;0.0;0;1.0000;0;0
600;2012-07-14 13:40:00;172602N232;71;8.762;41;221;222;221;221;0.831;49.99;368.0;0.084;366.1;0.071;0.0;0.000;60;0;0;1.188;0.646;0.660;0;45;33;49.99;49.99;49.99;10265;1000;0.0;0;1.0000;0;0
600;2012-07-14 13:50:00;172602N232;95;8.777;41;221;223;222;220;0.959;50.01;378.1;0.116;386.8;0.095;0.0;0.000;60;0;0;1.416;0.728;0.735;0;56;48;50.01;50.01;50.01;10265;1000;0.0;0;1.0000;0;0
600;2012-07-14 14:00:00;172602N232;165;8.805;40;222;224;222;220;1.123;50.01;393.7;0.205;400.8;0.173;0.0;0.000;60;0;0;1.639;0.934;0.797;7;92;78;50.01;50.01;50.01;10265;1000;0.0;0;1.0000;0;0
600;2012-07-14 14:10:00;172602N232;460;8.883;40;223;223;224;221;1.067;49.99;400.7;0.589;420.9;0.502;0.0;0.000;60;41;0;1.098;1.110;0.993;135;165;158;49.99;49.99;49.99;10265;1000;0.0;0;1.0000;0;0
600;2012-07-14 14:20:00;172602N232;1213;9.086;40;224;223;226;222;1.839;50.01;414.0;1.540;436.0;1.317;0.0;0.000;60;41;0;1.776;1.885;1.856;387;418;405;50.01;50.01;50.01;10265;1000;0.0;0;1.0000;0;0
600;2012-07-14 14:30:00;172602N232;1669;9.363;40;223;223;226;222;2.502;50.01;415.2;2.084;431.8;1.878;0.0;0.000;60;41;0;2.430;2.560;2.518;539;573;555;50.01;50.01;50.01;10265;1000;0.0;0;1.0000;0;0
600;2012-07-14 14:40:00;172602N232;1429;9.602;40;223;223;225;222;2.156;50.00;413.5;1.768;424.8;1.652;0.0;0.000;60;41;0;2.099;2.201;2.168;462;490;475;50.00;50.00;50.00;10265;1000;0.0;0;1.0000;0;0
600;2012-07-14 14:50:00;172602N232;1223;9.805;41;223;223;224;222;1.893;50.01;408.8;1.535;423.7;1.407;0.0;0.000;60;41;0;1.848;1.917;1.914;393;417;410;50.01;50.01;50.01;10265;1000;0.0;0;1.0000;0;0
600;2012-07-14 15:00:00;172602N232;1215;10.008;41;223;222;224;221;1.858;50.01;405.9;1.564;426.4;1.362;0.0;0.000;60;41;0;1.795;1.901;1.880;388;418;407;50.01;50.01;50.01;10265;1000;0.0;0;1.0000;0;0
600;2012-07-14 15:10:00;172602N232;1452;10.250;41;223;222;225;221;2.186;50.00;419.3;1.872;429.3;1.560;0.0;0.000;60;41;0;2.117;2.237;2.206;467;499;485;50.00;50.00;50.00;10265;1000;0.0;0;1.0000;0;0
600;2012-07-14 15:20:00;172602N232;3124;10.772;41;224;223;227;222;4.647;50.00;415.0;3.928;420.8;3.719;0.0;0.000;60;41;0;4.572;4.731;4.640;1021;1071;1029;50.00;50.00;50.00;10265;1000;0.0;0;1.0000;0;0
600;2012-07-14 15:30:00;172602N232;3638;11.378;42;224;223;227;222;5.399;50.01;397.7;4.682;401.8;4.487;0.0;0.000;60;41;0;5.309;5.491;5.397;1187;1248;1200;50.01;50.01;50.01;10265;1000;0.0;0;1.0000;0;0
600;2012-07-14 15:40:00;172602N232;2053;11.719;42;223;223;225;221;3.077;50.01;397.0;2.685;409.3;2.453;0.0;0.000;60;41;0;3.015;3.130;3.088;669;701;681;50.01;50.01;50.01;10265;1000;0.0;0;1.0000;0;0
600;2012-07-14 15:50:00;172602N232;2584;12.151;43;224;224;225;222;3.865;50.01;402.3;3.319;409.5;3.114;0.0;0.000;60;41;0;3.807;3.912;3.877;848;878;857;50.01;50.01;50.01;10265;1000;0.0;0;1.0000;0;0
600;2012-07-14 16:00:00;172602N232;1458;12.394;43;223;225;224;222;2.214;50.01;402.8;1.890;410.2;1.702;0.0;0.000;60;41;0;2.179;2.241;2.224;476;494;486;50.01;50.01;50.01;10265;1000;0.0;0;1.0000;0;0
600;2012-07-14 16:10:00;172602N232;482;12.475;43;223;224;223;221;1.106;50.00;392.8;0.631;401.9;0.561;0.0;0.000;60;41;0;1.091;1.153;1.074;150;175;155;50.00;50.00;50.00;10265;1000;0.0;0;1.0000;0;0
600;2012-07-14 16:20:00;172602N232;451;12.550;43;223;224;224;222;0.790;49.99;401.6;0.579;408.9;0.511;0.0;0.000;60;41;0;0.747;0.824;0.801;138;160;152;49.99;49.99;49.99;10265;1000;0.0;0;1.0000;0;0
600;2012-07-14 16:30:00;172602N232;287;12.598;43;223;223;224;221;1.094;49.98;396.0;0.369;405.1;0.314;0.0;0.000;60;41;0;1.189;1.191;0.903;78;108;99;49.98;49.98;49.98;10265;1000;0.0;0;1.0000;0;0
600;2012-07-14 16:40:00;172602N232;208;12.633;42;222;223;223;221;0.918;49.98;390.7;0.268;402.1;0.220;0.0;0.000;60;41;0;1.038;0.733;0.985;34;62;110;49.98;49.98;49.98;10265;1000;0.0;0;1.0000;0;0
600;2012-07-14 16:50:00;172602N232;227;12.670;42;223;224;223;221;1.087;50.01;390.8;0.299;407.9;0.235;0.0;0.000;60;41;0;1.314;1.086;0.863;35;104;87;50.01;50.01;50.01;10265;1000;0.0;0;1.0000;0;0
600;2012-07-14 17:00:00;172602N232;124;12.692;41;222;224;223;221;1.022;49.99;376.4;0.168;377.0;0.125;0.0;0.000;60;41;0;1.494;0.843;0.730;0;77;58;49.99;49.99;49.99;10265;1000;0.0;0;1.0000;0;0
600;2012-07-14 17:10:00;172602N232;160;12.718;41;222;223;222;221;0.965;49.99;388.1;0.205;399.8;0.163;0.0;0.000;60;41;0;1.289;0.867;0.741;16;84;59;49.99;49.99;49.99;10265;1000;0.0;0;1.0000;0;0
600;2012-07-14 17:20:00;172602N232;73;12.731;41;222;223;223;220;0.758;50.00;358.2;0.087;347.8;0.077;0.0;0.000;60;41;0;1.041;0.652;0.581;1;39;44;50.00;50.00;50.00;10265;1000;0.0;0;1.0000;0;0
600;2012-07-14 17:30:00;172602N232;181;12.761;40;221;222;222;219;1.045;49.97;393.6;0.226;402.8;0.190;0.0;0.000;60;41;0;1.450;0.965;0.722;34;77;68;49.97;49.97;49.97;10265;1000;0.0;0;1.0000;0;0
600;2012-07-14 17:40:00;172602N232;361;12.821;40;221;223;221;220;1.159;49.97;412.3;0.450;418.8;0.387;0.0;0.000;60;41;0;1.296;1.156;1.026;100;144;115;49.97;49.97;49.97;10265;1000;0.0;0;1.0000;0;0
600;2012-07-14 17:50:00;172602N232;539;12.911;40;222;223;222;220;0.881;49.97;403.0;0.693;423.5;0.594;0.0;0.000;60;41;0;0.834;0.920;0.890;168;189;180;49.97;49.97;49.97;10265;1000;0.0;0;1.0000;0;0
600;2012-07-14 18:00:00;172602N232;841;13.051;40;223;223;224;222;1.302;49.99;410.7;1.041;424.8;0.961;0.0;0.000;60;41;0;1.250;1.337;1.321;266;290;283;49.99;49.99;49.99;10265;1000;0.0;0;1.0000;0;0
600;2012-07-14 18:10:00;172602N232;1426;13.289;40;223;222;224;222;2.153;50.01;412.6;1.789;432.3;1.595;0.0;0.000;60;41;0;2.089;2.194;2.177;459;487;478;50.01;50.01;50.01;10265;1000;0.0;0;1.0000;0;0
600;2012-07-14 18:20:00;172602N232;678;13.403;40;221;221;222;221;1.085;50.01;409.7;0.863;422.3;0.750;0.0;0.000;60;41;0;1.062;1.098;1.096;214;232;230;50.01;50.01;50.01;10265;1000;0.0;0;1.0000;0;0
600;2012-07-14 18:30:00;172602N232;373;13.465;41;221;222;222;221;1.129;49.98;403.7;0.479;414.3;0.399;0.0;0.000;60;41;0;1.198;1.142;1.049;110;140;121;49.98;49.98;49.98;10265;1000;0.0;0;1.0000;0;0
600;2012-07-14 18:40:00;172602N232;328;13.520;41;222;223;222;221;1.131;49.98;405.6;0.414;415.0;0.349;0.0;0.000;60;41;0;1.290;1.158;0.947;87;139;99;49.98;49.98;49.98;10265;1000;0.0;0;1.0000;0;0
600;2012-07-14 18:50:00;172602N232;122;13.541;40;221;223;222;220;0.978;49.97;382.5;0.151;383.4;0.130;0.0;0.000;60;41;0;1.420;0.783;0.731;4;68;54;49.97;49.97;49.97;10265;1000;0.0;0;1.0000;0;0
600;2012-07-14 19:00:00;172602N232;134;13.563;40;222;223;222;220;0.964;49.99;384.6;0.166;391.6;0.141;0.0;0.000;60;41;0;1.359;0.786;0.749;5;72;63;49.99;49.99;49.99;10265;1000;0.0;0;1.0000;0;0
600;2012-07-14 19:10:00;172602N232;169;13.591;40;222;223;223;221;1.034;50.02;394.1;0.203;398.1;0.184;0.0;0.000;60;41;0;1.375;1.004;0.724;24;86;61;50.02;50.02;50.02;10265;1000;0.0;0;1.0000;0;0
600;2012-07-14 19:20:00;172602N232;376;13.654;40;222;224;221;221;1.083;50.00;405.5;0.466;416.4;0.416;0.0;0.000;60;41;0;1.226;1.105;0.919;108;151;115;50.00;50.00;50.00;10265;1000;0.0;0;1.0000;0;0
600;2012-07-14 19:30:00;172602N232;359;13.714;40;222;224;222;221;1.007;49.99;410.7;0.454;421.4;0.377;0.0;0.000;60;41;0;1.074;0.990;0.959;103;134;119;49.99;49.99;49.99;10265;1000;0.0;0;1.0000;0;0
600;2012-07-14 19:40:00;172602N232;280;13.761;40;223;224;222;222;1.097;49.99;400.6;0.348;410.8;0.308;0.0;0.000;60;41;0;1.312;1.112;0.867;74;125;79;49.99;49.99;49.99;10265;1000;0.0;0;1.0000;0;0
600;2012-07-14 19:50:00;172602N232;316;13.814;40;223;224;223;221;1.155;49.99;407.4;0.394;417.1;0.341;0.0;0.000;60;41;0;1.329;1.069;1.069;85;123;106;49.99;49.99;49.99;10265;1000;0.0;0;1.0000;0;0
600;2012-07-14 20:00:00;172602N232;327;13.868;40;223;224;224;221;1.168;49.99;394.5;0.415;415.5;0.363;0.0;0.000;60;41;0;1.304;1.122;1.079;91;117;117;49.99;49.99;49.99;10265;1000;0.0;0;1.0000;0;0
600;2012-07-14 20:10:00;172602N232;401;13.935;40;223;225;224;221;1.140;50.02;406.8;0.414;406.7;0.543;0.0;0.000;60;41;0;1.267;1.187;0.968;108;154;137;50.02;50.02;50.02;10265;1000;0.0;0;1.0000;0;0
600;2012-07-14 20:20:00;172602N232;727;14.056;40;222;224;223;221;1.165;50.02;420.4;0.711;409.1;1.038;0.0;0.000;60;41;0;1.150;1.181;1.164;231;250;244;50.02;50.02;50.02;10265;1000;0.0;0;1.0000;0;0
600;2012-07-14 20:30:00;172602N232;572;14.152;40;222;224;220;223;0.891;50.01;435.7;0.399;396.2;0.983;0.0;0.000;60;41;0;0.846;0.907;0.921;181;193;197;50.01;50.01;50.01;10265;1000;0.0;0;1.0000;0;0
600;2012-07-14 20:40:00;172602N232;336;14.207;40;222;224;221;221;0.982;50.00;411.6;0.194;393.5;0.622;0.0;0.000;60;41;0;1.121;0.891;0.936;94;125;115;50.00;50.00;50.00;10265;1000;0.0;0;1.0000;0;0
600;2012-07-14 20:50:00;172602N232;257;14.251;40;222;224;223;220;1.117;50.00;403.4;0.175;371.9;0.465;0.0;0.000;60;41;0;1.367;1.102;0.882;50;111;94;50.00;50.00;50.00;10265;1000;0.0;0;1.0000;0;0
600;2012-07-14 21:00:00;172602N232;167;14.279;40;223;225;224;222;1.131;50.00;389.0;0.167;387.1;0.240;0.0;0.000;60;41;0;1.522;1.005;0.867;7;90;71;50.00;50.00;50.00;10265;1000;0.0;0;1.0000;0;0
600;2012-07-14 21:10:00;172602N232;115;14.298;40;225;226;225;223;0.965;49.99;391.0;0.106;413.2;0.137;0.0;0.000;60;41;0;1.380;0.797;0.720;2;57;59;49.99;49.99;49.99;10265;1000;0.0;0;1.0000;0;0
600;2012-07-14 21:20:00;172602N232;88;14.314;40;225;225;226;223;0.925;49.99;364.9;0.083;397.6;0.111;0.0;0.000;60;41;0;1.188;0.891;0.697;3;29;55;49.99;49.99;49.99;10265;1000;0.0;0;1.0000;0;0
600;2012-07-14 21:30:00;172602N232;49;14.322;39;225;225;226;223;0.614;50.00;332.9;0.044;362.2;0.056;0.0;0.000;60;41;0;0.713;0.668;0.462;0;23;33;50.00;50.00;50.00;10265;1000;0.0;0;1.0000;0;0
600;2012-07-14 21:40:00;172602N232;18;14.326;39;225;226;226;223;0.354;50.00;289.1;0.011;299.2;0.013;0.0;0.000;60;41;0;0.441;0.341;0.281;0;16;18;50.00;50.00;50.00;10265;1000;0.0;0;1.0000;0;0
600;2012-07-14 21:50:00;172602N232;2;14.327;39;224;226;225;221;0.161;49.99;251.4;0.000;252.8;0.000;0.0;0.000;60;41;0;0.242;0.131;0.112;0;4;6;49.99;49.99;49.99;10265;1000;0.0;0;1.0000;0;0
600;2012-07-14 22:00:00;172602N232;0;14.327;38;223;225;225;219;0.000;50.01;302.8;0.000;300.6;0.000;0.0;0.000;51;41;0;0.000;0.000;0.000;0;0;0;50.01;50.01;50.01;13151;1000;0.0;0;1.0000;0;0
600;2012-07-14 22:10:00;172602N232;0;14.327;36;222;223;224;219;0.000;49.99;237.5;0.000;238.5;0.000;0.0;0.000;51;41;0;0.000;0.000;0.000;0;0;0;49.99;49.99;49.99;13834;1000;0.0;0;1.0000;0;0
600;2012-07-14 22:20:00;172602N232;0;14.327;35;226;226;227;223;0.000;50.00;229.0;0.000;230.0;0.000;0.0;0.000;51;41;0;0.000;0.000;0.000;0;0;0;50.00;50.00;50.00;13834;1000;0.0;0;1.0000;0;0
600;2012-07-14 22:30:00;172602N232;0;14.327;35;227;227;229;224;0.000;50.00;228.0;0.000;228.9;0.000;0.0;0.000;51;41;0;0.000;0.000;0.000;0;0;0;50.00;50.00;50.00;13834;1000;0.0;0;1.0000;0;0
[wr_ende]
