20120907;230004;172602N232;My Plant;+0100
[wr_def_start]
172602N232;Inverter Type;Inverter Group;72602N232      
[wr_def_end]
[wr]
INTERVAL;TIMESTAMP;SERIAL;P_AC;E_DAY;T_WR;U_AC;U_AC_1;U_AC_2;U_AC_3;I_AC;F_AC;U_DC_1;I_DC_1;U_DC_2;I_DC_2;U_DC_3;I_DC_3;S;E_WR;M_WR;I_AC_1;I_AC_2;I_AC_3;P_AC_1;P_AC_2;P_AC_3;F_AC_1;F_AC_2;F_AC_3;R_DC;PC;PCS;PCS_LL;COS_PHI;COS_PHI_LL;S_COS_PHI
600;2012-09-07 06:20:00;172602N232;0;0.000;0;2;2;2;2;0.000;0.50;2.1;0.000;2.1;0.000;0.0;0.000;50;0;0;0.000;0.000;0.000;0;0;0;0.49;0.49;0.49;27;1000;0.0;0;1.0000;0;0
600;2012-09-07 06:30:00;172602N232;0;0.000;25;222;223;224;218;0.000;49.98;228.8;0.000;229.8;0.000;0.0;0.000;50;0;0;0.000;0.000;0.000;0;0;0;49.98;49.98;49.98;0;1000;0.0;0;1.0000;0;0
600;2012-09-07 06:40:00;172602N232;0;0.000;26;221;222;223;218;0.000;49.98;233.8;0.000;234.8;0.000;0.0;0.000;50;0;0;0.000;0.000;0.000;0;0;0;49.98;49.98;49.98;0;1000;0.0;0;1.0000;0;0
600;2012-09-07 06:50:00;172602N232;0;0.000;26;221;222;222;218;0.001;49.98;273.5;0.000;273.0;0.000;0.0;0.000;60;0;0;0.002;0.001;0.001;0;0;0;49.98;49.98;49.98;1316;1000;0.0;0;1.0000;0;0
600;2012-09-07 07:00:00;172602N232;9;0.001;27;221;221;222;221;0.260;50.03;275.5;0.004;279.6;0.004;0.0;0.000;60;0;0;0.299;0.271;0.210;0;6;8;50.03;50.03;50.03;5201;1000;0.0;0;1.0000;0;0
600;2012-09-07 07:10:00;172602N232;7;0.004;27;223;223;223;223;0.224;50.04;262.0;0.001;264.1;0.002;0.0;0.000;60;0;0;0.279;0.234;0.160;0;10;5;50.04;50.04;50.04;5201;1000;0.0;0;1.0000;0;0
600;2012-09-07 07:20:00;172602N232;42;0.013;28;224;224;225;223;0.547;50.01;329.0;0.041;339.5;0.041;0.0;0.000;60;0;0;0.673;0.559;0.410;1;19;28;50.01;50.01;50.01;5201;1000;0.0;0;1.0000;0;0
600;2012-09-07 07:30:00;172602N232;87;0.028;28;224;225;225;223;0.882;49.99;379.8;0.100;381.2;0.095;0.0;0.000;60;0;0;1.183;0.797;0.666;2;41;49;49.99;49.99;49.99;5201;1000;0.0;0;1.0000;0;0
600;2012-09-07 07:40:00;172602N232;134;0.050;29;224;225;224;223;0.988;49.99;387.1;0.157;389.7;0.152;0.0;0.000;60;0;0;1.387;0.783;0.795;8;72;58;49.99;49.99;49.99;5201;1000;0.0;0;1.0000;0;0
600;2012-09-07 07:50:00;172602N232;110;0.068;29;224;225;223;224;0.963;49.99;384.7;0.129;386.8;0.125;0.0;0.000;60;0;0;1.351;0.753;0.785;2;68;42;49.99;49.99;49.99;5201;1000;0.0;0;1.0000;0;0
600;2012-09-07 08:00:00;172602N232;196;0.099;30;226;228;224;225;1.161;49.99;397.9;0.235;400.4;0.225;0.0;0.000;60;0;0;1.663;0.988;0.834;20;114;72;49.99;49.99;49.99;5201;1000;0.0;0;1.0000;0;0
600;2012-09-07 08:10:00;172602N232;251;0.140;31;225;228;223;225;1.158;50.01;406.3;0.297;402.6;0.293;0.0;0.000;60;0;0;1.534;0.986;0.956;37;120;96;50.01;50.01;50.01;5201;1000;0.0;0;1.0000;0;0
600;2012-09-07 08:20:00;172602N232;361;0.200;31;226;227;225;225;1.169;50.00;413.1;0.432;411.1;0.417;0.0;0.000;60;0;0;1.293;1.129;1.086;99;136;124;50.00;50.00;50.00;5201;1000;0.0;0;1.0000;0;0
600;2012-09-07 08:30:00;172602N232;334;0.256;32;225;227;225;224;1.201;49.99;409.6;0.405;408.7;0.384;0.0;0.000;60;0;0;1.398;1.128;1.079;81;137;114;49.99;49.99;49.99;5201;1000;0.0;0;1.0000;0;0
600;2012-09-07 08:40:00;172602N232;194;0.288;33;225;226;225;225;1.010;49.99;396.5;0.233;397.1;0.224;0.0;0.000;60;0;0;1.323;0.787;0.920;49;75;68;49.99;49.99;49.99;5201;1000;0.0;0;1.0000;0;0
600;2012-09-07 08:50:00;172602N232;216;0.325;33;225;227;224;225;1.037;50.00;400.2;0.260;399.3;0.250;0.0;0.000;60;0;0;1.313;0.875;0.925;27;95;92;50.00;50.00;50.00;5201;1000;0.0;0;1.0000;0;0
600;2012-09-07 09:00:00;172602N232;182;0.356;33;225;227;223;225;1.068;50.02;395.7;0.218;396.4;0.209;0.0;0.000;60;0;0;1.353;0.907;0.945;15;104;61;50.02;50.02;50.02;5201;1000;0.0;0;1.0000;0;0
600;2012-09-07 09:10:00;172602N232;168;0.383;34;226;227;225;225;1.181;50.02;395.9;0.199;393.5;0.195;0.0;0.000;60;0;0;1.712;0.953;0.880;5;110;60;50.02;50.02;50.02;5201;1000;0.0;0;1.0000;0;0
600;2012-09-07 09:20:00;172602N232;242;0.425;34;225;228;224;224;1.096;50.01;405.4;0.288;402.1;0.281;0.0;0.000;60;0;0;1.451;0.951;0.888;32;106;102;50.01;50.01;50.01;5201;1000;0.0;0;1.0000;0;0
600;2012-09-07 09:30:00;172602N232;345;0.482;34;225;227;223;226;1.213;50.01;415.2;0.406;408.3;0.405;0.0;0.000;60;0;0;1.383;1.097;1.161;87;142;113;50.01;50.01;50.01;5201;1000;0.0;0;1.0000;0;0
600;2012-09-07 09:40:00;172602N232;400;0.549;34;224;225;225;223;1.094;50.02;416.5;0.474;410.4;0.468;0.0;0.000;60;0;0;1.159;1.110;1.014;118;148;131;50.02;50.02;50.02;5201;1000;0.0;0;1.0000;0;0
600;2012-09-07 09:50:00;172602N232;466;0.626;34;223;223;224;222;1.078;50.01;416.9;0.556;412.1;0.545;0.0;0.000;60;0;0;1.073;1.125;1.038;146;165;153;50.01;50.01;50.01;5201;1000;0.0;0;1.0000;0;0
600;2012-09-07 10:00:00;172602N232;360;0.686;35;223;222;225;222;1.223;50.01;412.7;0.430;407.4;0.421;0.0;0.000;60;0;0;1.189;1.373;1.108;105;113;140;50.01;50.01;50.01;5201;1000;0.0;0;1.0000;0;0
600;2012-09-07 10:10:00;172602N232;373;0.749;35;225;224;225;225;1.150;49.98;412.8;0.445;407.9;0.437;0.0;0.000;60;0;0;1.157;1.228;1.065;122;132;117;49.98;49.98;49.98;5201;1000;0.0;0;1.0000;0;0
600;2012-09-07 10:20:00;172602N232;651;0.857;35;224;224;224;224;1.211;50.00;418.9;0.783;416.2;0.760;0.0;0.000;60;0;0;1.251;1.164;1.219;206;218;225;50.00;50.00;50.00;5201;1000;0.0;0;1.0000;0;0
600;2012-09-07 10:30:00;172602N232;616;0.961;35;224;224;224;225;1.083;50.00;422.4;0.732;414.4;0.725;0.0;0.000;60;0;0;1.083;1.065;1.102;193;209;213;50.00;50.00;50.00;5201;1000;0.0;0;1.0000;0;0
600;2012-09-07 10:40:00;172602N232;1025;1.132;36;226;226;228;223;1.557;49.99;427.5;1.223;421.9;1.184;0.0;0.000;60;0;0;1.516;1.603;1.554;330;356;336;49.99;49.99;49.99;5201;1000;0.0;0;1.0000;0;0
600;2012-09-07 10:50:00;172602N232;1611;1.400;36;226;227;228;223;2.396;49.99;425.2;2.096;427.1;1.740;0.0;0.000;60;0;0;2.353;2.454;2.383;529;553;527;49.99;49.99;49.99;5201;1000;0.0;0;1.0000;0;0
600;2012-09-07 11:00:00;172602N232;1579;1.663;36;225;226;227;223;2.346;49.99;424.8;2.004;421.8;1.737;0.0;0.000;60;0;0;2.293;2.398;2.349;516;539;522;49.99;49.99;49.99;5201;1000;0.0;0;1.0000;0;0
600;2012-09-07 11:10:00;172602N232;1488;1.912;37;226;227;227;223;2.215;49.99;425.2;1.936;425.4;1.573;0.0;0.000;60;0;0;2.168;2.262;2.215;487;508;490;49.99;49.99;49.99;5201;1000;0.0;0;1.0000;0;0
600;2012-09-07 11:20:00;172602N232;1248;2.120;37;226;227;226;224;1.885;50.00;421.3;2.050;429.3;0.976;0.0;0.000;60;0;0;1.844;1.919;1.893;406;425;415;50.00;50.00;50.00;5201;1000;0.0;0;1.0000;0;0
600;2012-09-07 11:30:00;172602N232;1903;2.437;38;227;227;227;226;2.814;50.00;361.4;4.459;435.8;0.714;0.0;0.000;60;0;0;2.766;2.849;2.827;625;643;634;50.00;50.00;50.00;5201;1000;0.0;0;1.0000;0;0
600;2012-09-07 11:40:00;172602N232;2077;2.783;38;227;228;227;227;3.066;50.00;391.6;4.508;438.5;0.750;0.0;0.000;60;0;0;3.024;3.086;3.089;685;694;696;50.00;50.00;50.00;5201;1000;0.0;0;1.0000;0;0
600;2012-09-07 11:50:00;172602N232;2507;3.203;38;228;228;229;227;3.685;49.98;386.6;5.037;441.0;1.327;0.0;0.000;60;0;0;3.630;3.733;3.692;822;851;833;49.98;49.98;49.98;5201;1000;0.0;0;1.0000;0;0
600;2012-09-07 12:00:00;172602N232;2443;3.610;39;228;228;230;227;3.591;50.00;397.2;4.541;438.2;1.505;0.0;0.000;60;0;0;3.532;3.646;3.597;799;833;812;50.00;50.00;50.00;5201;1000;0.0;0;1.0000;0;0
600;2012-09-07 12:10:00;172602N232;2151;3.970;40;228;227;230;227;3.179;50.00;401.6;3.515;433.2;1.745;0.0;0.000;60;0;0;3.115;3.237;3.185;699;737;715;50.00;50.00;50.00;5201;1000;0.0;0;1.0000;0;0
600;2012-09-07 12:20:00;172602N232;2495;4.385;40;226;226;227;225;3.691;50.00;400.9;4.540;442.3;1.563;0.0;0.000;60;0;0;3.633;3.748;3.694;817;849;827;50.00;50.00;50.00;5201;1000;0.0;0;1.0000;0;0
600;2012-09-07 12:30:00;172602N232;2739;4.841;40;226;225;227;225;4.066;50.00;394.5;5.375;448.8;1.431;0.0;0.000;60;0;0;4.001;4.123;4.074;894;931;911;50.00;50.00;50.00;5201;1000;0.0;0;1.0000;0;0
600;2012-09-07 12:40:00;172602N232;2258;5.218;41;225;223;227;225;3.374;49.99;392.6;4.671;426.0;1.043;0.0;0.000;60;0;0;3.288;3.443;3.391;727;775;755;49.99;49.99;49.99;5201;1000;0.0;0;1.0000;0;0
600;2012-09-07 12:50:00;172602N232;3077;5.733;41;226;224;228;225;4.562;50.02;395.5;5.718;364.2;2.928;0.0;0.000;60;0;0;4.455;4.648;4.583;993;1055;1027;50.02;50.02;50.02;5201;1000;0.0;0;1.0000;0;0
600;2012-09-07 13:00:00;172602N232;3771;6.361;41;226;225;229;225;5.568;50.01;388.4;5.663;298.0;5.550;0.0;0.000;60;0;0;5.471;5.670;5.563;1227;1294;1248;50.01;50.01;50.01;5201;1000;0.0;0;1.0000;0;0
600;2012-09-07 13:10:00;172602N232;2524;6.782;42;225;225;227;224;3.749;49.98;392.6;3.447;375.0;3.282;0.0;0.000;60;0;0;3.689;3.806;3.753;825;860;837;49.98;49.98;49.98;5201;1000;0.0;0;1.0000;0;0
600;2012-09-07 13:20:00;172602N232;2029;7.119;42;225;225;227;222;3.037;50.00;401.9;2.580;406.5;2.508;0.0;0.000;60;0;0;2.984;3.105;3.023;663;696;667;50.00;50.00;50.00;5201;1000;0.0;0;1.0000;0;0
600;2012-09-07 13:30:00;172602N232;3442;7.693;43;226;226;228;224;5.084;50.00;382.7;4.430;404.6;4.495;0.0;0.000;60;0;0;5.017;5.177;5.058;1130;1179;1130;50.00;50.00;50.00;5201;1000;0.0;0;1.0000;0;0
600;2012-09-07 13:40:00;172602N232;2382;8.093;43;226;227;227;224;3.561;49.99;384.3;3.079;400.7;3.118;0.0;0.000;60;0;0;3.550;3.601;3.534;791;811;781;49.99;49.99;49.99;5201;1000;0.0;0;1.0000;0;0
600;2012-09-07 13:50:00;172602N232;3161;8.618;43;226;227;228;224;4.673;50.00;374.4;4.183;391.9;4.275;0.0;0.000;60;0;0;4.644;4.733;4.642;1049;1069;1035;50.00;50.00;50.00;5201;1000;0.0;0;1.0000;0;0
600;2012-09-07 14:00:00;172602N232;1858;8.927;43;226;227;227;224;2.769;50.01;385.2;2.490;391.3;2.485;0.0;0.000;60;0;0;2.728;2.820;2.759;611;631;610;50.01;50.01;50.01;5201;1000;0.0;0;1.0000;0;0
600;2012-09-07 14:10:00;172602N232;2407;9.327;43;226;227;228;223;3.577;49.98;388.2;3.343;383.8;3.222;0.0;0.000;60;0;0;3.543;3.639;3.549;795;822;785;49.98;49.98;49.98;5201;1000;0.0;0;1.0000;0;0
600;2012-09-07 14:20:00;172602N232;3049;9.836;43;226;227;228;224;4.499;50.01;379.2;4.445;365.0;4.076;0.0;0.000;60;0;0;4.453;4.577;4.469;1009;1044;995;50.01;50.01;50.01;5201;1000;0.0;0;1.0000;0;0
600;2012-09-07 14:30:00;172602N232;3931;10.492;44;227;228;229;225;5.775;50.01;373.6;6.270;307.9;5.482;0.0;0.000;60;0;0;5.729;5.869;5.729;1304;1343;1283;50.01;50.01;50.01;5201;1000;0.0;0;1.0000;0;0
600;2012-09-07 14:40:00;172602N232;3648;11.099;44;228;228;230;226;5.350;50.00;375.4;6.318;328.4;4.155;0.0;0.000;60;0;0;5.303;5.419;5.328;1206;1239;1199;50.00;50.00;50.00;5201;1000;0.0;0;1.0000;0;0
600;2012-09-07 14:50:00;172602N232;3126;11.621;44;228;228;229;226;4.587;50.01;386.9;5.417;285.7;3.900;0.0;0.000;60;0;0;4.533;4.652;4.578;1030;1064;1030;50.01;50.01;50.01;5201;1000;0.0;0;1.0000;0;0
600;2012-09-07 15:00:00;172602N232;2334;12.011;44;228;227;230;226;3.449;50.00;395.5;3.923;373.7;2.282;0.0;0.000;60;0;0;3.388;3.508;3.451;761;797;773;50.00;50.00;50.00;5201;1000;0.0;0;1.0000;0;0
600;2012-09-07 15:10:00;172602N232;3054;12.520;44;228;227;230;226;4.488;50.00;392.3;5.540;355.5;2.699;0.0;0.000;60;0;0;4.416;4.567;4.481;998;1045;1007;50.00;50.00;50.00;5201;1000;0.0;0;1.0000;0;0
600;2012-09-07 15:20:00;172602N232;2898;13.003;44;227;227;230;225;4.266;49.99;390.3;5.386;426.1;1.967;0.0;0.000;60;0;0;4.217;4.333;4.248;953;988;953;49.99;49.99;49.99;5201;1000;0.0;0;1.0000;0;0
600;2012-09-07 15:30:00;172602N232;1928;13.324;44;227;227;228;226;2.864;49.98;396.9;3.383;366.9;1.800;0.0;0.000;60;0;0;2.814;2.909;2.871;629;659;640;49.98;49.98;49.98;5201;1000;0.0;0;1.0000;0;0
600;2012-09-07 15:40:00;172602N232;1916;13.643;44;227;227;228;225;2.844;49.99;409.3;3.203;428.6;1.446;0.0;0.000;60;0;0;2.796;2.896;2.841;627;655;632;49.99;49.99;49.99;5201;1000;0.0;0;1.0000;0;0
600;2012-09-07 15:50:00;172602N232;3017;14.148;44;228;228;230;226;4.427;50.00;395.9;5.237;383.0;2.855;0.0;0.000;60;0;0;4.375;4.502;4.405;994;1030;991;50.00;50.00;50.00;5201;1000;0.0;0;1.0000;0;0
600;2012-09-07 16:00:00;172602N232;2203;14.515;44;227;228;229;225;3.265;50.01;396.9;3.269;362.8;2.792;0.0;0.000;60;0;0;3.217;3.324;3.256;721;755;725;50.01;50.01;50.01;5201;1000;0.0;0;1.0000;0;0
600;2012-09-07 16:10:00;172602N232;2236;14.886;45;227;228;229;225;3.417;50.01;398.0;3.261;327.5;3.096;0.0;0.000;60;0;0;3.386;3.481;3.385;738;766;731;50.01;50.01;50.01;5201;1000;0.0;0;1.0000;0;0
600;2012-09-07 16:20:00;172602N232;1235;15.091;45;227;228;228;224;2.026;50.01;401.0;1.658;381.9;1.542;0.0;0.000;60;0;0;2.012;2.083;1.985;400;424;408;50.01;50.01;50.01;5201;1000;0.0;0;1.0000;0;0
600;2012-09-07 16:30:00;172602N232;1979;15.421;44;228;228;229;225;3.112;49.99;403.7;2.495;386.0;2.574;0.0;0.000;60;0;0;3.106;3.159;3.072;648;673;653;49.99;49.99;49.99;5201;1000;0.0;0;1.0000;0;0
600;2012-09-07 16:40:00;172602N232;2404;15.822;44;228;228;230;226;3.551;49.98;357.7;3.211;389.9;3.458;0.0;0.000;60;0;0;3.496;3.610;3.549;786;822;794;49.98;49.98;49.98;5201;1000;0.0;0;1.0000;0;0
600;2012-09-07 16:50:00;172602N232;1905;16.139;45;228;228;229;226;2.829;49.99;395.5;1.767;403.3;3.119;0.0;0.000;60;0;0;2.787;2.879;2.822;624;651;627;49.99;49.99;49.99;5201;1000;0.0;0;1.0000;0;0
600;2012-09-07 17:00:00;172602N232;583;16.237;44;227;227;228;225;1.162;49.99;390.8;0.735;391.5;0.735;0.0;0.000;60;0;0;1.165;1.192;1.131;174;205;202;49.99;49.99;49.99;5201;1000;0.0;0;1.0000;0;0
600;2012-09-07 17:10:00;172602N232;595;16.335;44;226;228;227;225;1.116;50.01;401.1;0.651;404.3;0.805;0.0;0.000;60;0;0;1.142;1.123;1.084;189;206;198;50.01;50.01;50.01;5201;1000;0.0;0;1.0000;0;0
600;2012-09-07 17:20:00;172602N232;1198;16.535;44;226;227;226;225;1.813;50.01;438.3;0.612;356.0;2.659;0.0;0.000;60;0;0;1.778;1.837;1.824;390;407;399;50.01;50.01;50.01;5201;1000;0.0;0;1.0000;0;0
600;2012-09-07 17:30:00;172602N232;710;16.654;44;226;226;226;225;1.099;49.99;438.1;0.430;282.6;1.866;0.0;0.000;60;0;0;1.046;1.138;1.113;224;246;238;49.99;49.99;49.99;5201;1000;0.0;0;1.0000;0;0
600;2012-09-07 17:40:00;172602N232;623;16.758;43;225;226;227;224;1.153;49.99;436.8;0.653;418.6;0.803;0.0;0.000;60;0;0;1.180;1.157;1.122;201;215;205;49.99;49.99;49.99;5201;1000;0.0;0;1.0000;0;0
600;2012-09-07 17:50:00;172602N232;619;16.861;43;225;225;227;222;1.089;49.99;436.3;0.686;432.7;0.702;0.0;0.000;60;0;0;1.066;1.149;1.052;194;215;208;49.99;49.99;49.99;5201;1000;0.0;0;1.0000;0;0
600;2012-09-07 18:00:00;172602N232;420;16.932;42;224;225;227;221;1.076;50.00;435.5;0.477;415.0;0.476;0.0;0.000;60;0;0;1.090;1.151;0.988;129;150;139;50.00;50.00;50.00;5201;1000;0.0;0;1.0000;0;0
600;2012-09-07 18:10:00;172602N232;350;16.991;42;225;226;227;223;1.163;50.02;402.0;0.428;405.0;0.408;0.0;0.000;60;0;0;1.252;1.234;1.004;101;124;123;50.02;50.02;50.02;5201;1000;0.0;0;1.0000;0;0
600;2012-09-07 18:20:00;172602N232;483;17.071;41;226;227;227;224;0.919;50.00;407.4;0.588;414.4;0.563;0.0;0.000;60;0;0;0.934;0.960;0.864;151;174;156;50.00;50.00;50.00;5201;1000;0.0;0;1.0000;0;0
600;2012-09-07 18:30:00;172602N232;410;17.139;41;226;228;228;222;0.998;49.99;393.9;0.511;403.0;0.494;0.0;0.000;60;0;0;1.197;1.024;0.773;120;160;127;49.99;49.99;49.99;5201;1000;0.0;0;1.0000;0;0
600;2012-09-07 18:40:00;172602N232;246;17.180;41;222;223;224;219;1.125;49.98;385.6;0.304;394.0;0.298;0.0;0.000;60;0;0;1.298;1.255;0.823;55;95;95;49.98;49.98;49.98;5201;1000;0.0;0;1.0000;0;0
600;2012-09-07 18:50:00;172602N232;211;17.215;40;220;219;222;218;1.036;49.98;391.2;0.256;392.1;0.249;0.0;0.000;60;0;0;1.092;1.314;0.703;71;62;76;49.98;49.98;49.98;5201;1000;0.0;0;1.0000;0;0
600;2012-09-07 19:00:00;172602N232;133;17.238;40;220;219;221;219;0.955;50.01;380.2;0.159;381.2;0.155;0.0;0.000;60;0;0;0.963;1.133;0.769;36;32;63;50.01;50.01;50.01;5201;1000;0.0;0;1.0000;0;0
600;2012-09-07 19:10:00;172602N232;54;17.248;39;219;219;221;218;0.678;50.02;346.9;0.059;355.6;0.059;0.0;0.000;60;0;0;0.658;0.854;0.524;15;10;35;50.02;50.02;50.02;5201;1000;0.0;0;1.0000;0;0
600;2012-09-07 19:20:00;172602N232;32;17.253;39;220;220;222;218;0.495;50.00;313.9;0.030;317.6;0.031;0.0;0.000;60;0;0;0.514;0.615;0.358;9;8;25;50.00;50.00;50.00;5201;1000;0.0;0;1.0000;0;0
600;2012-09-07 19:30:00;172602N232;25;17.258;39;220;220;222;218;0.510;49.98;313.4;0.020;311.9;0.023;0.0;0.000;60;0;0;0.519;0.668;0.344;9;1;23;49.98;49.98;49.98;5201;1000;0.0;0;1.0000;0;0
600;2012-09-07 19:40:00;172602N232;10;17.259;38;220;220;222;218;0.342;49.98;266.5;0.004;263.7;0.007;0.0;0.000;60;0;0;0.370;0.438;0.220;5;0;13;49.98;49.98;49.98;5201;1000;0.0;0;1.0000;0;0
600;2012-09-07 19:50:00;172602N232;0;17.260;38;220;221;222;218;0.034;49.98;258.9;0.000;259.1;0.000;0.0;0.000;51;0;0;0.039;0.035;0.028;0;0;1;49.98;49.98;49.98;5690;1000;0.0;0;1.0000;0;0
600;2012-09-07 20:00:00;172602N232;0;17.260;36;220;221;223;218;0.000;49.97;246.6;0.000;247.0;0.000;0.0;0.000;51;0;0;0.000;0.000;0.000;0;0;0;49.97;49.97;49.97;15168;1000;0.0;0;1.0000;0;0
600;2012-09-07 20:10:00;172602N232;0;17.260;35;223;224;225;221;0.000;49.99;227.9;0.000;228.9;0.000;0.0;0.000;51;0;0;0.000;0.000;0.000;0;0;0;49.99;49.99;49.99;15168;1000;0.0;0;1.0000;0;0
[wr_ende]
