20140316;230003;172602N232;My Plant;+0100
[wr_def_start]
172602N232;Inverter Type;Inverter Group;72602N232      
[wr_def_end]
[wr]
INTERVAL;TIMESTAMP;SERIAL;P_AC;E_DAY;T_WR;U_AC;U_AC_1;U_AC_2;U_AC_3;I_AC;F_AC;U_DC_1;I_DC_1;U_DC_2;I_DC_2;U_DC_3;I_DC_3;S;E_WR;M_WR;I_AC_1;I_AC_2;I_AC_3;P_AC_1;P_AC_2;P_AC_3;F_AC_1;F_AC_2;F_AC_3;R_DC;PC;PCS;PCS_LL;COS_PHI;COS_PHI_LL;S_COS_PHI
600;2014-03-16 06:10:00;172602N232;0;0.000;0;4;4;4;4;0.000;1.03;4.7;0.000;4.7;0.000;0.0;0.000;50;0;0;0.000;0.000;0.000;0;0;0;1.03;1.03;1.03;36;1000;0.0;0;1.0000;0;0
600;2014-03-16 06:20:00;172602N232;0;0.000;19;225;225;227;222;0.000;50.00;228.2;0.000;229.2;0.000;0.0;0.000;50;0;0;0.000;0.000;0.000;0;0;0;50.01;50.00;50.00;0;1000;0.0;0;1.0000;0;0
600;2014-03-16 06:30:00;172602N232;0;0.000;20;225;226;228;222;0.000;50.01;228.8;0.000;229.7;0.000;0.0;0.000;50;0;0;0.000;0.000;0.000;0;0;0;50.01;50.01;50.01;0;1000;0.0;0;1.0000;0;0
600;2014-03-16 06:40:00;172602N232;0;0.000;20;226;226;229;223;0.000;50.02;243.9;0.000;244.7;0.000;0.0;0.000;50;0;0;0.000;0.000;0.000;0;0;0;50.02;50.02;50.02;0;1000;0.0;0;1.0000;0;0
600;2014-03-16 06:50:00;172602N232;4;0.001;21;225;226;226;224;0.118;50.01;279.3;0.001;280.7;0.002;0.0;0.000;60;0;0;0.150;0.114;0.092;0;7;4;50.01;50.01;50.02;7402;1000;0.0;0;1.0000;0;0
600;2014-03-16 07:00:00;172602N232;14;0.005;21;225;225;225;224;0.265;50.01;283.8;0.009;293.7;0.011;0.0;0.000;60;0;0;0.328;0.239;0.229;0;12;6;50.01;50.01;50.01;9094;1000;0.0;0;1.0000;0;0
600;2014-03-16 07:10:00;172602N232;108;0.022;22;225;226;223;226;0.895;50.01;390.0;0.119;394.9;0.121;0.0;0.000;60;0;0;1.130;0.762;0.794;9;69;29;50.01;50.01;50.01;9094;1000;0.0;0;1.0000;0;0
600;2014-03-16 07:20:00;172602N232;55;0.032;22;225;226;224;225;0.662;49.99;360.3;0.054;369.8;0.058;0.0;0.000;60;0;0;0.905;0.530;0.551;0;38;27;49.99;49.99;49.99;9094;1000;0.0;0;1.0000;0;0
600;2014-03-16 07:30:00;172602N232;83;0.047;22;225;226;226;223;0.854;50.00;380.7;0.089;383.7;0.093;0.0;0.000;60;0;0;0.966;0.921;0.676;3;28;55;50.00;50.00;50.00;9094;1000;0.0;0;1.0000;0;0
600;2014-03-16 07:40:00;172602N232;163;0.071;23;224;224;225;222;0.953;50.00;394.6;0.184;399.2;0.188;0.0;0.000;60;0;0;1.112;0.992;0.757;31;56;74;50.00;50.00;50.00;9094;1000;0.0;0;1.0000;0;0
600;2014-03-16 07:50:00;172602N232;263;0.115;23;224;225;225;221;1.101;50.02;414.7;0.298;411.5;0.304;0.0;0.000;60;0;0;1.331;1.129;0.843;57;109;95;50.02;50.02;50.02;9094;1000;0.0;0;1.0000;0;0
600;2014-03-16 08:00:00;172602N232;426;0.186;24;225;226;226;223;0.887;50.00;426.5;0.484;419.8;0.497;0.0;0.000;60;0;0;0.888;0.922;0.851;126;154;144;50.00;50.00;50.00;9094;1000;0.0;0;1.0000;0;0
600;2014-03-16 08:10:00;172602N232;577;0.282;25;224;224;225;223;1.004;49.99;431.1;0.672;429.6;0.646;0.0;0.000;60;0;0;0.976;1.041;0.995;178;202;195;49.99;49.99;49.99;9094;1000;0.0;0;1.0000;0;0
600;2014-03-16 08:20:00;172602N232;897;0.432;25;225;226;226;222;1.421;49.98;436.9;1.063;436.4;0.973;0.0;0.000;60;0;0;1.417;1.440;1.408;290;308;296;49.98;49.98;49.98;9094;1000;0.0;0;1.0000;0;0
600;2014-03-16 08:30:00;172602N232;830;0.571;26;224;223;225;224;1.274;49.99;431.2;0.992;429.8;0.912;0.0;0.000;60;0;0;1.218;1.308;1.298;262;286;281;49.99;49.99;49.99;9094;1000;0.0;0;1.0000;0;0
600;2014-03-16 08:40:00;172602N232;763;0.698;27;224;222;223;225;1.199;50.00;430.7;0.917;431.3;0.833;0.0;0.000;60;0;0;1.139;1.222;1.237;239;261;262;50.00;50.00;50.00;9094;1000;0.0;0;1.0000;0;0
600;2014-03-16 08:50:00;172602N232;1067;0.876;27;224;223;226;224;1.628;50.00;430.6;1.302;426.3;1.186;0.0;0.000;60;0;0;1.568;1.668;1.648;339;366;359;50.00;50.00;50.00;9094;1000;0.0;0;1.0000;0;0
600;2014-03-16 09:00:00;172602N232;1138;1.065;28;222;222;224;221;1.739;49.99;432.3;1.334;428.5;1.305;0.0;0.000;60;0;0;1.687;1.783;1.749;364;393;379;49.99;49.99;49.99;9094;1000;0.0;0;1.0000;0;0
600;2014-03-16 09:10:00;172602N232;1222;1.269;29;222;222;223;221;1.871;50.00;431.5;1.427;429.8;1.405;0.0;0.000;60;0;0;1.832;1.903;1.880;396;416;407;50.00;50.00;50.00;9094;1000;0.0;0;1.0000;0;0
600;2014-03-16 09:20:00;172602N232;1196;1.470;29;222;220;222;223;1.841;49.99;431.5;1.387;427.3;1.385;0.0;0.000;60;0;0;1.771;1.867;1.886;380;406;408;49.99;49.99;49.99;9094;1000;0.0;0;1.0000;0;0
600;2014-03-16 09:30:00;172602N232;1523;1.724;30;226;223;226;227;2.295;50.02;431.8;1.777;429.3;1.764;0.0;0.000;60;0;0;2.209;2.320;2.356;485;516;521;50.02;50.02;50.02;9094;1000;0.0;0;1.0000;0;0
600;2014-03-16 09:40:00;172602N232;1729;2.012;30;227;227;227;228;2.565;50.02;429.6;2.028;429.2;2.006;0.0;0.000;60;0;0;2.507;2.589;2.600;561;583;585;50.02;50.02;50.02;9094;1000;0.0;0;1.0000;0;0
600;2014-03-16 09:50:00;172602N232;2407;2.414;30;228;228;229;227;3.533;50.01;427.9;2.847;428.5;2.812;0.0;0.000;60;0;0;3.479;3.570;3.552;788;814;804;50.01;50.01;50.01;9094;1000;0.0;0;1.0000;0;0
600;2014-03-16 10:00:00;172602N232;2035;2.752;31;227;225;227;228;3.008;50.00;425.3;2.421;426.2;2.390;0.0;0.000;60;0;0;2.928;3.054;3.042;655;688;688;50.00;50.00;50.00;9094;1000;0.0;0;1.0000;0;0
600;2014-03-16 10:10:00;172602N232;3212;3.288;31;228;228;230;226;4.705;50.00;425.0;3.839;425.1;3.794;0.0;0.000;60;0;0;4.638;4.788;4.689;1052;1100;1059;50.00;50.00;50.00;9094;1000;0.0;0;1.0000;0;0
600;2014-03-16 10:20:00;172602N232;3041;3.794;34;228;226;230;227;4.466;50.00;422.0;3.655;422.5;3.619;0.0;0.000;60;0;0;4.375;4.537;4.486;986;1040;1014;50.00;50.00;50.00;9094;1000;0.0;0;1.0000;0;0
600;2014-03-16 10:30:00;172602N232;2097;4.145;33;227;227;230;224;3.097;50.01;423.1;2.506;423.8;2.473;0.0;0.000;60;0;0;3.028;3.180;3.083;681;727;686;50.01;50.01;50.01;9094;1000;0.0;0;1.0000;0;0
600;2014-03-16 10:40:00;172602N232;2736;4.601;33;228;228;232;225;4.015;50.01;425.4;3.257;426.9;3.221;0.0;0.000;60;0;0;3.935;4.118;3.994;889;950;895;50.01;50.01;50.01;9094;1000;0.0;0;1.0000;0;0
600;2014-03-16 10:50:00;172602N232;2043;4.942;34;228;228;230;225;3.001;49.99;422.0;2.446;422.6;2.420;0.0;0.000;60;0;0;2.936;3.074;2.994;664;706;672;49.99;49.99;49.99;9094;1000;0.0;0;1.0000;0;0
600;2014-03-16 11:00:00;172602N232;2136;5.297;34;227;228;230;224;3.147;50.00;425.6;2.538;426.1;2.509;0.0;0.000;60;0;0;3.095;3.235;3.112;701;739;693;50.00;50.00;50.00;9094;1000;0.0;0;1.0000;0;0
600;2014-03-16 11:10:00;172602N232;2103;5.648;34;227;227;231;224;3.098;50.00;424.9;2.499;426.0;2.477;0.0;0.000;60;0;0;3.037;3.185;3.073;687;730;685;50.00;50.00;50.00;9094;1000;0.0;0;1.0000;0;0
600;2014-03-16 11:20:00;172602N232;3485;6.230;35;228;227;232;226;5.091;50.01;422.5;4.185;423.4;4.153;0.0;0.000;60;0;0;4.990;5.221;5.064;1131;1211;1140;50.01;50.01;50.01;9094;1000;0.0;0;1.0000;0;0
600;2014-03-16 11:30:00;172602N232;3367;6.791;36;228;227;233;226;4.916;50.00;420.9;4.055;421.8;4.030;0.0;0.000;60;0;0;4.814;5.051;4.883;1090;1174;1101;50.00;50.00;50.00;9094;1000;0.0;0;1.0000;0;0
600;2014-03-16 11:40:00;172602N232;2546;7.216;37;225;222;229;223;3.794;50.01;419.8;3.062;421.1;3.038;0.0;0.000;60;0;0;3.678;3.902;3.802;813;889;843;50.01;50.01;50.01;9094;1000;0.0;0;1.0000;0;0
600;2014-03-16 11:50:00;172602N232;1907;7.534;36;224;222;228;221;2.863;49.99;426.8;2.247;423.9;2.260;0.0;0.000;60;0;0;2.782;2.959;2.850;611;669;626;49.99;49.99;49.99;9094;1000;0.0;0;1.0000;0;0
600;2014-03-16 12:00:00;172602N232;2182;7.898;36;224;223;227;222;3.265;50.01;427.1;2.585;425.6;2.569;0.0;0.000;60;0;0;3.191;3.349;3.255;707;757;717;50.01;50.01;50.01;9094;1000;0.0;0;1.0000;0;0
600;2014-03-16 12:10:00;172602N232;4000;8.566;36;226;226;230;223;5.897;50.01;418.5;4.855;420.6;4.810;0.0;0.000;60;0;0;5.827;6.036;5.829;1313;1387;1296;50.01;50.01;50.01;9094;1000;0.0;0;1.0000;0;0
600;2014-03-16 12:20:00;172602N232;2712;9.018;37;225;226;228;222;4.025;50.00;416.3;3.301;417.1;3.270;0.0;0.000;60;0;0;3.990;4.109;3.977;897;934;879;50.00;50.00;50.00;9094;1000;0.0;0;1.0000;0;0
600;2014-03-16 12:30:00;172602N232;2619;9.455;37;225;226;226;222;3.906;50.01;421.1;3.145;421.1;3.124;0.0;0.000;60;0;0;3.877;3.966;3.875;869;892;855;50.01;50.01;50.01;9094;1000;0.0;0;1.0000;0;0
600;2014-03-16 12:40:00;172602N232;2264;9.832;37;225;225;226;224;3.375;50.03;426.5;2.675;421.7;2.702;0.0;0.000;60;0;0;3.336;3.399;3.392;745;763;755;50.03;50.03;50.03;9094;1000;0.0;0;1.0000;0;0
600;2014-03-16 12:50:00;172602N232;2113;10.185;37;224;225;226;223;3.156;50.02;425.9;2.500;422.0;2.514;0.0;0.000;60;0;0;3.116;3.203;3.151;694;719;698;50.02;50.02;50.02;9094;1000;0.0;0;1.0000;0;0
600;2014-03-16 13:00:00;172602N232;2460;10.594;37;225;226;225;224;3.663;50.04;423.9;2.932;424.1;2.913;0.0;0.000;60;0;0;3.623;3.701;3.667;812;830;816;50.04;50.04;50.04;9094;1000;0.0;0;1.0000;0;0
600;2014-03-16 13:10:00;172602N232;2034;10.933;37;225;225;226;225;3.030;50.05;422.2;2.424;422.3;2.420;0.0;0.000;60;0;0;2.977;3.068;3.047;664;689;680;50.05;50.05;50.05;9094;1000;0.0;0;1.0000;0;0
600;2014-03-16 13:20:00;172602N232;2546;11.359;37;225;225;228;224;3.774;50.04;422.5;3.050;422.4;3.026;0.0;0.000;60;0;0;3.706;3.847;3.771;830;872;841;50.04;50.04;50.04;9094;1000;0.0;0;1.0000;0;0
600;2014-03-16 13:30:00;172602N232;2062;11.702;37;225;225;228;222;3.063;50.03;419.5;2.477;415.3;2.484;0.0;0.000;60;0;0;3.008;3.143;3.038;672;716;672;50.03;50.03;50.03;9094;1000;0.0;0;1.0000;0;0
600;2014-03-16 13:40:00;172602N232;1345;11.927;37;223;224;226;220;2.048;50.05;426.7;1.571;419.7;1.609;0.0;0.000;60;0;0;2.010;2.107;2.027;437;469;438;50.05;50.05;50.05;9094;1000;0.0;0;1.0000;0;0
600;2014-03-16 13:50:00;172602N232;1333;12.149;37;223;224;224;220;2.017;50.02;426.9;1.547;422.9;1.586;0.0;0.000;60;0;0;1.991;2.055;2.007;439;456;435;50.02;50.02;50.02;9094;1000;0.0;0;1.0000;0;0
600;2014-03-16 14:00:00;172602N232;1223;12.353;37;223;225;224;220;1.853;50.01;427.0;1.419;422.0;1.456;0.0;0.000;60;0;0;1.831;1.889;1.841;404;420;398;50.01;50.01;50.01;9094;1000;0.0;0;1.0000;0;0
600;2014-03-16 14:10:00;172602N232;1545;12.611;37;223;223;225;220;2.345;50.03;427.7;1.787;425.0;1.831;0.0;0.000;60;0;0;2.285;2.412;2.338;498;537;508;50.03;50.03;50.03;9094;1000;0.0;0;1.0000;0;0
600;2014-03-16 14:20:00;172602N232;2165;12.971;37;224;223;227;221;3.235;50.03;426.3;2.528;421.7;2.590;0.0;0.000;60;0;0;3.158;3.328;3.221;701;754;709;50.03;50.03;50.03;9094;1000;0.0;0;1.0000;0;0
600;2014-03-16 14:30:00;172602N232;1254;13.180;37;223;223;224;221;1.957;50.03;428.3;1.448;420.3;1.506;0.0;0.000;60;0;0;1.928;1.980;1.964;404;430;418;50.03;50.03;50.03;9094;1000;0.0;0;1.0000;0;0
600;2014-03-16 14:40:00;172602N232;1338;13.404;36;222;223;222;222;2.048;50.01;425.8;1.554;423.1;1.599;0.0;0.000;60;0;0;2.008;2.069;2.067;435;453;449;50.01;50.01;50.01;9094;1000;0.0;0;1.0000;0;0
600;2014-03-16 14:50:00;172602N232;935;13.559;36;222;221;222;223;1.448;50.02;427.2;1.077;420.2;1.117;0.0;0.000;60;0;0;1.388;1.483;1.475;295;321;317;50.02;50.02;50.02;9094;1000;0.0;0;1.0000;0;0
600;2014-03-16 15:00:00;172602N232;1051;13.736;36;222;220;223;223;1.614;50.01;429.8;1.205;423.1;1.248;0.0;0.000;60;0;0;1.542;1.655;1.645;330;362;357;50.01;50.01;50.01;9094;1000;0.0;0;1.0000;0;0
600;2014-03-16 15:10:00;172602N232;639;13.842;36;222;222;221;223;1.172;50.02;420.2;0.733;417.6;0.756;0.0;0.000;60;0;0;1.163;1.180;1.175;201;222;214;50.02;50.02;50.02;9094;1000;0.0;0;1.0000;0;0
600;2014-03-16 15:20:00;172602N232;597;13.941;36;223;224;221;223;1.093;50.01;421.3;0.684;420.6;0.702;0.0;0.000;60;0;0;1.101;1.080;1.099;188;206;201;50.01;50.01;50.01;9094;1000;0.0;0;1.0000;0;0
600;2014-03-16 15:30:00;172602N232;626;14.045;35;223;224;221;224;1.002;50.01;426.8;0.714;421.9;0.737;0.0;0.000;60;0;0;0.995;0.996;1.015;201;209;214;50.01;50.01;50.01;9094;1000;0.0;0;1.0000;0;0
600;2014-03-16 15:40:00;172602N232;347;14.104;35;223;224;222;222;1.074;50.00;414.4;0.396;411.2;0.410;0.0;0.000;60;0;0;1.175;1.070;0.978;103;138;103;50.00;50.00;50.00;9094;1000;0.0;0;1.0000;0;0
600;2014-03-16 15:50:00;172602N232;329;14.159;35;222;223;222;222;1.110;50.02;419.0;0.373;412.0;0.387;0.0;0.000;60;0;0;1.222;1.142;0.966;97;138;93;50.02;50.02;50.02;9094;1000;0.0;0;1.0000;0;0
600;2014-03-16 16:00:00;172602N232;291;14.208;34;222;221;224;222;1.119;50.01;415.4;0.330;406.2;0.343;0.0;0.000;60;0;0;1.107;1.278;0.974;87;100;101;50.01;50.01;50.01;9094;1000;0.0;0;1.0000;0;0
600;2014-03-16 16:10:00;172602N232;249;14.249;34;222;221;224;221;1.087;50.00;409.8;0.284;402.5;0.294;0.0;0.000;60;0;0;1.063;1.284;0.915;74;76;97;50.00;50.00;50.00;9094;1000;0.0;0;1.0000;0;0
600;2014-03-16 16:20:00;172602N232;169;14.278;34;221;222;221;222;0.940;49.98;401.2;0.188;393.2;0.197;0.0;0.000;60;0;0;1.103;0.906;0.811;39;77;53;49.98;49.98;49.98;9094;1000;0.0;0;1.0000;0;0
600;2014-03-16 16:30:00;172602N232;115;14.297;33;220;221;218;222;0.902;49.97;393.2;0.125;388.9;0.132;0.0;0.000;60;0;0;1.082;0.742;0.884;21;69;25;49.97;49.97;49.97;9094;1000;0.0;0;1.0000;0;0
600;2014-03-16 16:40:00;172602N232;95;14.313;33;221;222;219;222;0.903;49.99;385.0;0.102;380.3;0.109;0.0;0.000;60;0;0;1.019;0.707;0.985;17;54;23;49.99;49.99;49.99;9094;1000;0.0;0;1.0000;0;0
600;2014-03-16 16:50:00;172602N232;87;14.328;32;220;221;220;219;0.896;49.99;380.7;0.093;379.1;0.099;0.0;0.000;60;0;0;1.303;0.703;0.682;0;50;48;49.99;49.99;49.99;9094;1000;0.0;0;1.0000;0;0
600;2014-03-16 17:00:00;172602N232;45;14.335;32;220;221;219;219;0.602;49.99;346.8;0.041;354.7;0.046;0.0;0.000;60;0;0;0.841;0.478;0.488;0;33;27;49.99;49.99;49.99;9094;1000;0.0;0;1.0000;0;0
600;2014-03-16 17:10:00;172602N232;71;14.348;32;221;223;221;220;0.816;50.00;375.0;0.074;373.7;0.078;0.0;0.000;60;0;0;1.191;0.634;0.623;0;46;40;50.00;50.00;50.00;9094;1000;0.0;0;1.0000;0;0
600;2014-03-16 17:20:00;172602N232;41;14.355;31;222;221;223;220;0.598;49.99;343.5;0.036;355.1;0.040;0.0;0.000;60;0;0;0.634;0.733;0.428;10;8;30;49.99;49.99;49.99;9094;1000;0.0;0;1.0000;0;0
600;2014-03-16 17:30:00;172602N232;9;14.357;31;221;222;221;219;0.243;49.99;265.3;0.003;278.9;0.005;0.0;0.000;60;0;0;0.330;0.205;0.195;0;10;12;49.99;49.99;49.99;9094;1000;0.0;0;1.0000;0;0
600;2014-03-16 17:40:00;172602N232;0;14.357;30;221;221;223;219;0.001;49.98;286.7;0.000;285.7;0.000;0.0;0.000;50;0;0;0.003;0.000;0.000;0;0;0;49.98;49.98;49.98;9094;1000;0.0;0;1.0000;0;0
600;2014-03-16 17:50:00;172602N232;0;14.357;29;221;220;224;218;0.000;50.02;244.1;0.000;245.1;0.000;0.0;0.000;50;0;0;0.000;0.000;0.000;0;0;0;50.02;50.02;50.02;9094;1000;0.0;0;1.0000;0;0
600;2014-03-16 18:00:00;172602N232;0;14.357;28;221;220;224;218;0.000;49.99;230.4;0.000;231.3;0.000;0.0;0.000;50;0;0;0.000;0.000;0.000;0;0;0;49.99;49.99;49.99;9094;1000;0.0;0;1.0000;0;0
600;2014-03-16 18:10:00;172602N232;0;14.357;28;221;221;224;220;0.000;49.99;229.1;0.000;230.0;0.000;0.0;0.000;50;0;0;0.000;0.000;0.000;0;0;0;49.99;49.99;49.99;9094;1000;0.0;0;1.0000;0;0
600;2014-03-16 18:20:00;172602N232;0;14.357;27;220;219;224;218;0.000;49.99;229.4;0.000;230.3;0.000;0.0;0.000;50;0;0;0.000;0.000;0.000;0;0;0;49.99;49.99;49.99;9094;1000;0.0;0;1.0000;0;0
[wr_ende]
