20151018;230005;172602N232;My Plant;+0100
[wr_def_start]
172602N232;Inverter Type;Inverter Group;72602N232      
[wr_def_end]
[wr]
INTERVAL;TIMESTAMP;SERIAL;P_AC;E_DAY;T_WR;U_AC;U_AC_1;U_AC_2;U_AC_3;I_AC;F_AC;U_DC_1;I_DC_1;U_DC_2;I_DC_2;U_DC_3;I_DC_3;S;E_WR;M_WR;I_AC_1;I_AC_2;I_AC_3;P_AC_1;P_AC_2;P_AC_3;F_AC_1;F_AC_2;F_AC_3;R_DC;PC;PCS;PCS_LL;COS_PHI;COS_PHI_LL;S_COS_PHI
600;2015-10-18 07:10:00;172602N232;0;0.000;0;2;2;2;2;0.000;0.60;2.6;0.000;2.6;0.000;0.0;0.000;50;0;0;0.000;0.000;0.000;0;0;0;0.60;0.60;0.60;39;1000;0.0;0;1.0000;0;0
600;2015-10-18 07:20:00;172602N232;0;0.000;23;224;226;227;220;0.000;50.01;228.6;0.000;229.6;0.000;0.0;0.000;50;0;0;0.000;0.000;0.000;0;0;0;50.01;50.01;50.01;0;1000;0.0;0;1.0000;0;0
600;2015-10-18 07:30:00;172602N232;0;0.000;25;224;225;228;220;0.000;50.03;233.7;0.000;234.7;0.000;0.0;0.000;50;0;0;0.000;0.000;0.000;0;0;0;50.03;50.03;50.03;0;1000;0.0;0;1.0000;0;0
600;2015-10-18 07:40:00;172602N232;0;0.000;25;224;224;227;221;0.001;50.01;283.3;0.000;282.6;0.000;0.0;0.000;60;0;0;0.002;0.002;0.001;0;0;0;50.01;50.01;50.01;1603;1000;0.0;0;1.0000;0;0
600;2015-10-18 07:50:00;172602N232;16;0.003;26;224;225;226;220;0.290;50.00;309.8;0.012;317.4;0.014;0.0;0.000;60;0;0;0.349;0.299;0.222;0;10;16;50.00;50.00;50.00;3783;1000;0.0;0;1.0000;0;0
600;2015-10-18 08:00:00;172602N232;62;0.013;26;223;224;225;221;0.787;50.00;370.0;0.066;367.7;0.066;0.0;0.000;60;0;0;0.809;0.957;0.595;7;11;46;50.00;50.00;50.00;3837;1000;0.0;0;1.0000;0;0
600;2015-10-18 08:10:00;172602N232;67;0.023;27;223;223;225;222;0.793;49.99;372.2;0.073;369.5;0.074;0.0;0.000;60;0;0;0.769;1.011;0.600;14;6;46;49.99;49.99;49.99;3837;1000;0.0;0;1.0000;0;0
600;2015-10-18 08:20:00;172602N232;60;0.033;27;223;224;223;223;0.704;49.99;368.8;0.064;366.8;0.065;0.0;0.000;60;0;0;0.982;0.568;0.564;0;37;30;49.99;49.99;49.99;3837;1000;0.0;0;1.0000;0;0
600;2015-10-18 08:30:00;172602N232;89;0.049;28;223;224;222;223;0.818;49.99;380.5;0.101;374.8;0.102;0.0;0.000;60;0;0;1.093;0.687;0.676;3;50;39;49.99;49.99;49.99;3837;1000;0.0;0;1.0000;0;0
600;2015-10-18 08:40:00;172602N232;69;0.063;28;223;224;222;221;0.810;49.97;372.6;0.077;370.1;0.077;0.0;0.000;60;0;0;1.107;0.675;0.649;0;41;42;49.97;49.97;49.97;3837;1000;0.0;0;1.0000;0;0
600;2015-10-18 08:50:00;172602N232;61;0.073;28;222;222;223;221;0.760;49.99;368.9;0.065;365.3;0.067;0.0;0.000;60;0;0;0.924;0.781;0.576;3;25;37;49.99;49.99;49.99;3837;1000;0.0;0;1.0000;0;0
600;2015-10-18 09:00:00;172602N232;114;0.093;29;221;222;220;221;0.978;49.99;388.5;0.131;380.5;0.133;0.0;0.000;60;0;0;1.423;0.779;0.734;2;72;46;49.99;49.99;49.99;3837;1000;0.0;0;1.0000;0;0
600;2015-10-18 09:10:00;172602N232;170;0.119;29;222;223;223;220;1.108;50.00;402.3;0.197;390.4;0.198;0.0;0.000;60;0;0;1.614;0.950;0.760;20;77;76;50.00;50.00;50.00;3837;1000;0.0;0;1.0000;0;0
600;2015-10-18 09:20:00;172602N232;229;0.157;29;222;222;224;219;1.067;50.00;410.3;0.268;396.8;0.269;0.0;0.000;60;0;0;1.169;1.198;0.836;54;76;97;50.00;50.00;50.00;3837;1000;0.0;0;1.0000;0;0
600;2015-10-18 09:30:00;172602N232;249;0.199;30;221;222;224;219;1.116;50.00;411.1;0.292;397.9;0.293;0.0;0.000;60;0;0;1.234;1.275;0.841;67;82;97;50.00;50.00;50.00;3837;1000;0.0;0;1.0000;0;0
600;2015-10-18 09:40:00;172602N232;189;0.231;30;221;221;224;219;1.050;49.99;403.1;0.222;391.4;0.222;0.0;0.000;60;0;0;0.951;1.446;0.754;38;56;93;49.99;49.99;49.99;3837;1000;0.0;0;1.0000;0;0
600;2015-10-18 09:50:00;172602N232;188;0.261;30;221;223;222;217;1.072;50.00;403.0;0.220;390.7;0.221;0.0;0.000;60;0;0;1.469;1.001;0.747;18;88;82;50.00;50.00;50.00;3837;1000;0.0;0;1.0000;0;0
600;2015-10-18 10:00:00;172602N232;206;0.297;31;221;220;223;219;1.059;50.00;407.7;0.241;393.4;0.242;0.0;0.000;60;0;0;1.104;1.343;0.730;61;62;81;50.00;50.00;50.00;3837;1000;0.0;0;1.0000;0;0
600;2015-10-18 10:10:00;172602N232;280;0.343;31;222;222;223;220;1.131;50.00;411.8;0.330;400.5;0.330;0.0;0.000;60;0;0;1.246;1.244;0.905;78;98;102;50.00;50.00;50.00;3837;1000;0.0;0;1.0000;0;0
600;2015-10-18 10:20:00;172602N232;389;0.408;31;222;223;224;220;0.905;50.00;417.0;0.464;407.0;0.454;0.0;0.000;60;0;0;0.933;0.955;0.828;109;142;135;50.00;50.00;50.00;3837;1000;0.0;0;1.0000;0;0
600;2015-10-18 10:30:00;172602N232;325;0.463;31;222;223;223;220;1.174;49.99;413.4;0.387;403.5;0.381;0.0;0.000;60;0;0;1.301;1.185;1.037;89;115;119;49.99;49.99;49.99;3837;1000;0.0;0;1.0000;0;0
600;2015-10-18 10:40:00;172602N232;257;0.506;32;222;222;223;220;1.062;49.98;404.9;0.305;394.5;0.302;0.0;0.000;60;0;0;1.119;1.158;0.909;62;90;102;49.98;49.98;49.98;3837;1000;0.0;0;1.0000;0;0
600;2015-10-18 10:50:00;172602N232;149;0.531;32;221;221;221;221;0.887;49.99;397.7;0.172;383.5;0.176;0.0;0.000;60;0;0;0.897;1.035;0.731;17;66;65;49.99;49.99;49.99;3837;1000;0.0;0;1.0000;0;0
600;2015-10-18 11:00:00;172602N232;264;0.574;32;221;222;221;221;1.103;50.00;411.9;0.309;397.5;0.312;0.0;0.000;60;0;0;1.349;0.996;0.966;56;110;97;50.00;50.00;50.00;3837;1000;0.0;0;1.0000;0;0
600;2015-10-18 11:10:00;172602N232;351;0.634;32;221;223;219;222;1.116;50.00;412.6;0.417;404.0;0.414;0.0;0.000;60;0;0;1.259;1.067;1.022;104;141;104;50.00;50.00;50.00;3837;1000;0.0;0;1.0000;0;0
600;2015-10-18 11:20:00;172602N232;358;0.692;32;220;221;219;221;1.136;50.01;413.1;0.426;403.3;0.424;0.0;0.000;60;0;0;1.203;1.115;1.091;107;144;105;50.01;50.01;50.01;3837;1000;0.0;0;1.0000;0;0
600;2015-10-18 11:30:00;172602N232;237;0.732;33;220;221;220;220;1.007;49.99;408.1;0.279;394.0;0.281;0.0;0.000;60;0;0;1.117;0.956;0.949;52;90;93;49.99;49.99;49.99;3837;1000;0.0;0;1.0000;0;0
600;2015-10-18 11:40:00;172602N232;390;0.798;33;220;221;220;220;1.139;49.99;418.7;0.460;405.8;0.459;0.0;0.000;60;0;0;1.192;1.138;1.088;117;143;128;49.99;49.99;49.99;3837;1000;0.0;0;1.0000;0;0
600;2015-10-18 11:50:00;172602N232;284;0.846;33;221;221;221;221;1.063;49.99;407.2;0.339;397.7;0.335;0.0;0.000;60;0;0;1.205;1.005;0.980;76;104;102;49.99;49.99;49.99;3837;1000;0.0;0;1.0000;0;0
600;2015-10-18 12:00:00;172602N232;946;1.004;33;222;222;222;221;1.490;49.98;433.3;1.111;421.5;1.094;0.0;0.000;60;0;0;1.461;1.512;1.499;304;324;317;49.98;49.98;49.98;3837;1000;0.0;0;1.0000;0;0
600;2015-10-18 12:10:00;172602N232;1055;1.180;33;223;223;224;222;1.690;49.99;427.3;1.265;418.5;1.228;0.0;0.000;60;0;0;1.698;1.688;1.686;341;359;352;49.99;49.99;49.99;3837;1000;0.0;0;1.0000;0;0
600;2015-10-18 12:20:00;172602N232;1116;1.365;34;223;222;225;222;1.744;50.00;423.4;1.350;416.2;1.309;0.0;0.000;60;0;0;1.701;1.776;1.756;356;384;373;50.00;50.00;50.00;3837;1000;0.0;0;1.0000;0;0
600;2015-10-18 12:30:00;172602N232;892;1.515;34;222;222;224;221;1.384;49.99;422.9;1.075;411.6;1.053;0.0;0.000;60;0;0;1.335;1.425;1.393;285;308;297;49.99;49.99;49.99;3837;1000;0.0;0;1.0000;0;0
600;2015-10-18 12:40:00;172602N232;693;1.630;34;223;223;225;220;1.082;50.01;415.2;0.841;409.2;0.828;0.0;0.000;60;0;0;1.033;1.128;1.087;218;243;230;50.01;50.01;50.01;3837;1000;0.0;0;1.0000;0;0
600;2015-10-18 12:50:00;172602N232;626;1.734;35;222;223;222;221;1.051;50.01;410.5;0.764;407.7;0.752;0.0;0.000;60;0;0;1.045;1.065;1.044;199;215;211;50.01;50.01;50.01;3837;1000;0.0;0;1.0000;0;0
600;2015-10-18 13:00:00;172602N232;730;1.856;35;222;222;224;221;1.139;50.01;417.5;0.880;410.7;0.871;0.0;0.000;60;0;0;1.085;1.181;1.152;230;253;245;50.01;50.01;50.01;3837;1000;0.0;0;1.0000;0;0
600;2015-10-18 13:10:00;172602N232;867;2.002;35;223;223;224;221;1.346;50.00;424.7;1.032;412.4;1.031;0.0;0.000;60;0;0;1.311;1.377;1.351;279;298;289;50.00;50.00;50.00;3837;1000;0.0;0;1.0000;0;0
600;2015-10-18 13:20:00;172602N232;762;2.129;35;222;223;225;219;1.183;50.01;416.9;0.922;409.0;0.911;0.0;0.000;60;0;0;1.137;1.230;1.182;243;266;250;50.01;50.01;50.01;3837;1000;0.0;0;1.0000;0;0
600;2015-10-18 13:30:00;172602N232;478;2.208;36;222;225;223;220;0.903;49.99;400.1;0.589;401.0;0.587;0.0;0.000;60;0;0;1.065;0.912;0.734;153;177;146;49.99;49.99;49.99;3837;1000;0.0;0;1.0000;0;0
600;2015-10-18 13:40:00;172602N232;428;2.279;36;222;225;222;220;1.132;49.99;408.9;0.515;400.9;0.518;0.0;0.000;60;0;0;1.183;1.176;1.039;132;161;133;49.99;49.99;49.99;3837;1000;0.0;0;1.0000;0;0
600;2015-10-18 13:50:00;172602N232;510;2.365;36;222;224;223;220;0.809;50.01;420.8;0.604;405.7;0.613;0.0;0.000;60;0;0;0.766;0.845;0.818;159;179;170;50.01;50.01;50.01;3837;1000;0.0;0;1.0000;0;0
600;2015-10-18 14:00:00;172602N232;355;2.424;36;223;224;225;220;1.050;50.00;410.4;0.425;398.1;0.427;0.0;0.000;60;0;0;1.146;1.029;0.975;99;122;132;50.00;50.00;50.00;3837;1000;0.0;0;1.0000;0;0
600;2015-10-18 14:10:00;172602N232;328;2.479;36;223;224;225;220;1.150;50.00;402.2;0.398;397.7;0.396;0.0;0.000;60;0;0;1.291;1.142;1.019;93;116;116;50.00;50.00;50.00;3837;1000;0.0;0;1.0000;0;0
600;2015-10-18 14:20:00;172602N232;335;2.535;35;223;225;225;220;1.170;50.00;413.9;0.395;398.8;0.403;0.0;0.000;60;0;0;1.314;1.166;1.032;90;120;123;50.00;50.00;50.00;3837;1000;0.0;0;1.0000;0;0
600;2015-10-18 14:30:00;172602N232;320;2.588;35;223;224;224;221;1.221;49.98;410.8;0.379;397.3;0.384;0.0;0.000;60;0;0;1.318;1.258;1.088;68;119;131;49.98;49.98;49.98;3837;1000;0.0;0;1.0000;0;0
600;2015-10-18 14:40:00;172602N232;154;2.614;35;222;224;222;221;1.058;49.99;392.8;0.182;383.1;0.182;0.0;0.000;60;0;0;1.545;0.834;0.795;8;80;76;49.99;49.99;49.99;3837;1000;0.0;0;1.0000;0;0
600;2015-10-18 14:50:00;172602N232;240;2.655;35;223;224;225;220;1.168;50.00;406.3;0.283;392.8;0.287;0.0;0.000;60;0;0;1.332;1.255;0.917;47;84;108;50.00;50.00;50.00;3837;1000;0.0;0;1.0000;0;0
600;2015-10-18 15:00:00;172602N232;317;2.708;35;223;222;225;220;1.185;50.00;410.4;0.378;399.6;0.377;0.0;0.000;60;0;0;1.223;1.370;0.963;97;102;116;50.00;50.00;50.00;3837;1000;0.0;0;1.0000;0;0
600;2015-10-18 15:10:00;172602N232;346;2.765;35;223;223;226;220;1.265;50.00;409.2;0.418;400.6;0.410;0.0;0.000;60;0;0;1.253;1.453;1.090;92;106;146;50.00;50.00;50.00;3837;1000;0.0;0;1.0000;0;0
600;2015-10-18 15:20:00;172602N232;302;2.816;35;223;223;226;221;1.066;50.00;403.5;0.364;398.3;0.361;0.0;0.000;60;0;0;1.115;1.216;0.869;97;108;94;50.00;50.00;50.00;3837;1000;0.0;0;1.0000;0;0
600;2015-10-18 15:30:00;172602N232;389;2.881;35;224;225;225;221;1.084;49.99;411.6;0.464;402.3;0.464;0.0;0.000;60;0;0;1.119;1.160;0.974;111;142;134;49.99;49.99;49.99;3837;1000;0.0;0;1.0000;0;0
600;2015-10-18 15:40:00;172602N232;403;2.948;35;223;224;225;221;1.153;49.99;410.7;0.484;404.2;0.480;0.0;0.000;60;0;0;1.188;1.210;1.062;109;145;147;49.99;49.99;49.99;3837;1000;0.0;0;1.0000;0;0
600;2015-10-18 15:50:00;172602N232;358;3.007;35;223;224;226;221;0.933;49.99;408.7;0.430;402.9;0.423;0.0;0.000;60;0;0;0.943;1.066;0.791;104;128;124;49.99;49.99;49.99;3837;1000;0.0;0;1.0000;0;0
600;2015-10-18 16:00:00;172602N232;323;3.062;35;222;222;225;219;1.014;50.00;397.9;0.393;397.3;0.389;0.0;0.000;60;0;0;0.961;1.199;0.884;95;103;123;50.00;50.00;50.00;3837;1000;0.0;0;1.0000;0;0
600;2015-10-18 16:10:00;172602N232;180;3.092;35;222;221;225;219;1.049;49.99;393.8;0.214;384.0;0.217;0.0;0.000;60;0;0;0.878;1.450;0.820;60;31;89;49.99;49.99;49.99;3837;1000;0.0;0;1.0000;0;0
600;2015-10-18 16:20:00;172602N232;388;3.157;35;222;221;225;219;1.114;50.00;407.5;0.467;405.3;0.463;0.0;0.000;60;0;0;1.102;1.264;0.977;123;129;135;50.00;50.00;50.00;3837;1000;0.0;0;1.0000;0;0
600;2015-10-18 16:30:00;172602N232;311;3.209;35;222;222;225;219;1.177;50.01;404.9;0.366;405.7;0.373;0.0;0.000;60;0;0;1.222;1.350;0.959;98;96;116;50.01;50.01;50.01;3837;1000;0.0;0;1.0000;0;0
600;2015-10-18 16:40:00;172602N232;225;3.247;35;222;221;224;219;1.075;50.00;394.6;0.269;394.9;0.272;0.0;0.000;60;0;0;1.194;1.321;0.710;69;71;83;50.00;50.00;50.00;3837;1000;0.0;0;1.0000;0;0
600;2015-10-18 16:50:00;172602N232;185;3.278;34;221;221;222;219;1.020;49.98;393.0;0.217;392.6;0.222;0.0;0.000;60;0;0;1.282;1.011;0.768;45;64;75;49.98;49.98;49.98;3837;1000;0.0;0;1.0000;0;0
600;2015-10-18 17:00:00;172602N232;123;3.298;34;220;222;223;217;0.955;49.99;384.4;0.141;384.3;0.148;0.0;0.000;60;0;0;1.248;0.909;0.710;11;43;69;49.99;49.99;49.99;3837;1000;0.0;0;1.0000;0;0
600;2015-10-18 17:10:00;172602N232;97;3.314;34;220;222;223;216;0.953;49.98;379.4;0.107;382.2;0.114;0.0;0.000;60;0;0;1.322;0.849;0.690;2;39;64;49.98;49.98;49.98;3837;1000;0.0;0;1.0000;0;0
600;2015-10-18 17:20:00;172602N232;59;3.325;34;220;222;222;216;0.707;49.98;363.4;0.059;371.6;0.063;0.0;0.000;60;0;0;0.847;0.768;0.506;5;22;41;49.98;49.98;49.98;3837;1000;0.0;0;1.0000;0;0
600;2015-10-18 17:30:00;172602N232;22;3.329;34;220;222;220;218;0.446;50.02;303.5;0.016;304.0;0.021;0.0;0.000;60;0;0;0.634;0.345;0.361;0;23;24;50.02;50.02;50.02;3837;1000;0.0;0;1.0000;0;0
600;2015-10-18 17:40:00;172602N232;1;3.330;34;219;222;221;216;0.104;50.01;264.2;0.000;264.9;0.000;0.0;0.000;51;0;0;0.151;0.090;0.072;0;4;4;50.01;50.01;50.01;3855;1000;0.0;0;1.0000;0;0
600;2015-10-18 17:50:00;172602N232;0;3.330;32;219;221;220;216;0.000;49.99;273.4;0.000;273.1;0.000;0.0;0.000;51;0;0;0.000;0.000;0.000;0;0;0;49.99;49.99;49.99;4231;1000;0.0;0;1.0000;0;0
600;2015-10-18 18:00:00;172602N232;0;3.330;32;219;219;220;216;0.000;49.99;228.8;0.000;229.8;0.000;0.0;0.000;51;0;0;0.000;0.000;0.000;0;0;0;49.99;49.99;49.99;4231;1000;0.0;0;1.0000;0;0
[wr_ende]
