20121122;230001;172602N232;My Plant;+0100
[wr_def_start]
172602N232;Inverter Type;Inverter Group;72602N232      
[wr_def_end]
[wr]
INTERVAL;TIMESTAMP;SERIAL;P_AC;E_DAY;T_WR;U_AC;U_AC_1;U_AC_2;U_AC_3;I_AC;F_AC;U_DC_1;I_DC_1;U_DC_2;I_DC_2;U_DC_3;I_DC_3;S;E_WR;M_WR;I_AC_1;I_AC_2;I_AC_3;P_AC_1;P_AC_2;P_AC_3;F_AC_1;F_AC_2;F_AC_3;R_DC;PC;PCS;PCS_LL;COS_PHI;COS_PHI_LL;S_COS_PHI
600;2012-11-22 08:00:00;172602N232;0;0.000;0;2;2;2;2;0.000;0.60;2.7;0.000;2.7;0.000;0.0;0.000;50;0;0;0.000;0.000;0.000;0;0;0;0.60;0.60;0.60;31;1000;0.0;0;1.0000;0;0
600;2012-11-22 08:10:00;172602N232;0;0.000;17;223;224;225;222;0.000;49.99;227.8;0.000;228.7;0.000;0.0;0.000;50;0;0;0.000;0.000;0.000;0;0;0;49.99;49.99;49.99;0;1000;0.0;0;1.0000;0;0
600;2012-11-22 08:20:00;172602N232;0;0.000;18;225;226;227;222;0.000;50.00;227.5;0.000;228.4;0.000;0.0;0.000;50;0;0;0.000;0.000;0.000;0;0;0;50.00;50.00;50.00;0;1000;0.0;0;1.0000;0;0
600;2012-11-22 08:30:00;172602N232;0;0.000;19;225;227;227;222;0.000;50.00;280.9;0.000;280.0;0.000;0.0;0.000;51;0;0;0.000;0.000;0.000;0;0;0;50.00;50.00;50.00;718;1000;0.0;0;1.0000;0;0
600;2012-11-22 08:40:00;172602N232;0;0.000;19;226;226;228;222;0.000;49.99;259.8;0.000;260.3;0.000;0.0;0.000;51;0;0;0.000;0.000;0.000;0;0;0;49.99;49.99;49.99;5322;1000;0.0;0;1.0000;0;0
600;2012-11-22 08:50:00;172602N232;2;0.000;20;225;225;228;223;0.078;49.99;301.2;0.000;303.9;0.001;0.0;0.000;60;0;0;0.070;0.101;0.064;0;0;3;49.99;49.99;49.99;5322;1000;0.0;0;1.0000;0;0
600;2012-11-22 09:00:00;172602N232;1;0.001;20;224;225;225;223;0.055;49.99;270.1;0.000;269.4;0.000;0.0;0.000;60;0;0;0.075;0.050;0.041;0;2;2;49.99;49.99;49.99;5297;1000;0.0;0;1.0000;0;0
600;2012-11-22 09:10:00;172602N232;5;0.003;20;222;223;222;221;0.191;50.00;255.5;0.000;255.3;0.001;0.0;0.000;60;0;0;0.269;0.179;0.126;0;8;7;50.00;50.00;50.00;5234;1000;0.0;0;1.0000;0;0
600;2012-11-22 09:20:00;172602N232;49;0.012;21;222;223;223;222;0.578;49.99;338.3;0.050;342.3;0.051;0.0;0.000;60;0;0;0.737;0.539;0.458;3;26;24;49.99;49.99;49.99;5234;1000;0.0;0;1.0000;0;0
600;2012-11-22 09:30:00;172602N232;105;0.026;21;222;222;223;222;0.840;50.01;387.7;0.120;389.2;0.115;0.0;0.000;60;0;0;0.840;0.983;0.697;19;35;49;50.01;50.01;50.01;5234;1000;0.0;0;1.0000;0;0
600;2012-11-22 09:40:00;172602N232;168;0.055;22;222;221;222;222;0.934;50.01;404.0;0.196;403.9;0.187;0.0;0.000;60;0;0;0.837;1.183;0.783;25;72;69;50.01;50.01;50.01;5234;1000;0.0;0;1.0000;0;0
600;2012-11-22 09:50:00;172602N232;188;0.086;22;222;222;224;219;0.994;50.01;408.6;0.217;406.4;0.210;0.0;0.000;60;0;0;1.013;1.249;0.721;31;70;85;50.01;50.01;50.01;5234;1000;0.0;0;1.0000;0;0
600;2012-11-22 10:00:00;172602N232;139;0.110;23;222;223;223;219;1.006;50.01;396.6;0.159;398.2;0.156;0.0;0.000;60;0;0;1.318;0.962;0.739;6;63;71;50.01;50.01;50.01;5234;1000;0.0;0;1.0000;0;0
600;2012-11-22 10:10:00;172602N232;162;0.137;24;222;222;224;220;1.063;50.01;402.0;0.186;403.8;0.182;0.0;0.000;60;0;0;1.438;0.997;0.755;23;66;70;50.01;50.01;50.01;5234;1000;0.0;0;1.0000;0;0
600;2012-11-22 10:20:00;172602N232;230;0.176;24;222;223;223;220;1.103;50.02;412.3;0.267;411.2;0.258;0.0;0.000;60;0;0;1.403;1.112;0.794;42;100;86;50.02;50.02;50.02;5234;1000;0.0;0;1.0000;0;0
600;2012-11-22 10:30:00;172602N232;356;0.235;25;222;223;224;220;1.065;50.03;419.2;0.422;419.9;0.395;0.0;0.000;60;0;0;1.160;1.103;0.932;94;138;122;50.03;50.03;50.03;5234;1000;0.0;0;1.0000;0;0
600;2012-11-22 10:40:00;172602N232;355;0.294;25;222;223;223;220;1.115;50.03;417.5;0.429;419.8;0.392;0.0;0.000;60;0;0;1.192;1.154;1.001;96;134;123;50.03;50.03;50.03;5234;1000;0.0;0;1.0000;0;0
600;2012-11-22 10:50:00;172602N232;395;0.360;26;222;223;223;220;1.137;50.02;414.5;0.489;419.0;0.424;0.0;0.000;60;0;0;1.341;1.105;0.967;116;147;129;50.02;50.02;50.02;5234;1000;0.0;0;1.0000;0;0
600;2012-11-22 11:00:00;172602N232;597;0.460;26;222;223;222;221;1.062;50.02;448.7;0.836;457.3;0.457;0.0;0.000;60;0;0;1.063;1.088;1.036;191;206;197;50.02;50.02;50.02;5234;1000;0.0;0;1.0000;0;0
600;2012-11-22 11:10:00;172602N232;662;0.570;26;223;222;223;222;1.072;50.01;464.4;0.848;319.0;0.856;0.0;0.000;60;0;0;1.036;1.097;1.084;208;228;224;50.01;50.01;50.01;5234;1000;0.0;0;1.0000;0;0
600;2012-11-22 11:20:00;172602N232;697;0.687;27;223;222;223;223;1.088;50.00;457.9;0.795;298.3;1.126;0.0;0.000;60;0;0;1.027;1.125;1.114;217;240;237;50.00;50.00;50.00;5234;1000;0.0;0;1.0000;0;0
600;2012-11-22 11:30:00;172602N232;886;0.835;27;223;222;223;224;1.362;50.00;447.7;0.854;316.1;1.614;0.0;0.000;60;0;0;1.303;1.397;1.387;280;303;301;50.00;50.00;50.00;5234;1000;0.0;0;1.0000;0;0
600;2012-11-22 11:40:00;172602N232;1068;1.013;28;224;224;224;223;1.625;50.00;431.2;0.910;390.4;1.750;0.0;0.000;60;0;0;1.583;1.653;1.641;345;363;357;50.00;50.00;50.00;5234;1000;0.0;0;1.0000;0;0
600;2012-11-22 11:50:00;172602N232;1106;1.197;28;223;224;223;222;1.706;50.00;430.2;1.012;395.1;1.709;0.0;0.000;60;0;0;1.674;1.729;1.715;360;376;369;50.00;50.00;50.00;5234;1000;0.0;0;1.0000;0;0
600;2012-11-22 12:00:00;172602N232;867;1.342;29;223;224;223;222;1.417;50.00;420.2;0.916;340.8;1.477;0.0;0.000;60;0;0;1.396;1.445;1.412;280;298;287;50.00;50.00;50.00;5234;1000;0.0;0;1.0000;0;0
600;2012-11-22 12:10:00;172602N232;847;1.484;29;222;222;223;222;1.347;50.01;439.7;0.964;384.5;1.166;0.0;0.000;60;0;0;1.304;1.380;1.358;270;292;284;50.01;50.01;50.01;5234;1000;0.0;0;1.0000;0;0
600;2012-11-22 12:20:00;172602N232;582;1.581;30;222;222;224;221;1.017;50.01;419.2;0.709;422.3;0.643;0.0;0.000;60;0;0;0.976;1.058;1.017;182;203;195;50.01;50.01;50.01;5234;1000;0.0;0;1.0000;0;0
600;2012-11-22 12:30:00;172602N232;717;1.700;30;222;223;224;220;1.228;50.02;423.4;0.866;425.1;0.802;0.0;0.000;60;0;0;1.257;1.249;1.178;229;250;236;50.02;50.02;50.02;5234;1000;0.0;0;1.0000;0;0
600;2012-11-22 12:40:00;172602N232;792;1.832;30;221;221;223;221;1.243;49.99;425.6;0.944;427.6;0.888;0.0;0.000;60;0;0;1.184;1.298;1.247;250;276;264;49.99;49.99;49.99;5234;1000;0.0;0;1.0000;0;0
600;2012-11-22 12:50:00;172602N232;580;1.930;31;221;221;223;220;0.999;50.02;418.3;0.705;420.4;0.658;0.0;0.000;60;0;0;0.944;1.051;1.003;181;204;193;50.02;50.02;50.02;5234;1000;0.0;0;1.0000;0;0
600;2012-11-22 13:00:00;172602N232;522;2.017;31;223;223;225;221;0.829;50.00;421.7;0.630;422.9;0.584;0.0;0.000;60;0;0;0.776;0.875;0.838;161;185;175;50.00;50.00;50.00;5234;1000;0.0;0;1.0000;0;0
600;2012-11-22 13:10:00;172602N232;612;2.119;31;225;225;226;223;0.991;50.00;437.2;0.720;437.1;0.653;0.0;0.000;60;0;0;0.951;1.032;0.990;191;214;204;50.00;50.00;50.00;5234;1000;0.0;0;1.0000;0;0
600;2012-11-22 13:20:00;172602N232;580;2.215;31;224;224;226;224;0.981;50.02;423.2;0.706;427.9;0.633;0.0;0.000;60;0;0;0.951;1.004;0.990;182;201;195;50.02;50.02;50.02;5234;1000;0.0;0;1.0000;0;0
600;2012-11-22 13:30:00;172602N232;529;2.304;31;224;223;226;224;0.852;50.00;442.5;0.623;443.2;0.545;0.0;0.000;60;0;0;0.790;0.902;0.866;162;187;178;50.00;50.00;50.00;5234;1000;0.0;0;1.0000;0;0
600;2012-11-22 13:40:00;172602N232;404;2.371;31;224;223;226;223;0.938;50.00;423.0;0.494;420.3;0.424;0.0;0.000;60;0;0;0.933;1.027;0.856;124;140;139;50.00;50.00;50.00;5234;1000;0.0;0;1.0000;0;0
600;2012-11-22 13:50:00;172602N232;313;2.423;31;224;224;226;223;1.132;50.02;411.9;0.373;411.0;0.359;0.0;0.000;60;0;0;1.164;1.266;0.966;95;108;109;50.02;50.02;50.02;5234;1000;0.0;0;1.0000;0;0
600;2012-11-22 14:00:00;172602N232;267;2.468;31;224;223;226;222;1.119;50.01;410.3;0.314;406.9;0.307;0.0;0.000;60;0;0;1.114;1.331;0.912;82;82;100;50.01;50.01;50.01;5234;1000;0.0;0;1.0000;0;0
600;2012-11-22 14:10:00;172602N232;247;2.510;31;223;222;224;223;1.076;49.98;408.4;0.289;405.0;0.284;0.0;0.000;60;0;0;1.070;1.219;0.939;70;92;82;49.98;49.98;49.98;5234;1000;0.0;0;1.0000;0;0
600;2012-11-22 14:20:00;172602N232;199;2.543;31;223;222;222;224;0.997;49.98;402.1;0.234;400.4;0.229;0.0;0.000;60;0;0;1.010;0.938;1.043;55;85;57;49.98;49.98;49.98;5234;1000;0.0;0;1.0000;0;0
600;2012-11-22 14:30:00;172602N232;151;2.568;31;223;224;224;223;0.983;49.98;393.5;0.177;394.7;0.171;0.0;0.000;60;0;0;1.258;0.873;0.818;28;64;57;49.98;49.98;49.98;5234;1000;0.0;0;1.0000;0;0
600;2012-11-22 14:40:00;172602N232;76;2.581;30;223;223;225;222;0.818;49.99;371.0;0.084;375.0;0.084;0.0;0.000;60;0;0;0.897;0.932;0.626;7;19;49;49.99;49.99;49.99;5234;1000;0.0;0;1.0000;0;0
600;2012-11-22 14:50:00;172602N232;99;2.597;30;224;224;225;222;0.921;49.99;379.0;0.114;383.5;0.113;0.0;0.000;60;0;0;1.155;0.885;0.724;5;39;57;49.99;49.99;49.99;5234;1000;0.0;0;1.0000;0;0
600;2012-11-22 15:00:00;172602N232;42;2.605;30;224;223;225;223;0.573;50.01;336.4;0.042;340.3;0.042;0.0;0.000;60;0;0;0.582;0.689;0.448;8;7;28;50.01;50.01;50.01;5234;1000;0.0;0;1.0000;0;0
600;2012-11-22 15:10:00;172602N232;11;2.607;30;224;224;225;223;0.286;49.99;271.1;0.003;273.4;0.006;0.0;0.000;60;0;0;0.294;0.348;0.218;3;3;12;49.99;49.99;49.99;5234;1000;0.0;0;1.0000;0;0
600;2012-11-22 15:20:00;172602N232;11;2.609;29;224;224;225;223;0.273;49.98;274.7;0.005;279.1;0.008;0.0;0.000;60;0;0;0.361;0.259;0.200;1;7;11;49.98;49.98;49.98;5234;1000;0.0;0;1.0000;0;0
600;2012-11-22 15:30:00;172602N232;0;2.608;29;224;225;224;222;0.009;49.98;267.4;0.000;266.7;0.000;0.0;0.000;50;0;0;0.014;0.008;0.006;0;0;0;49.98;49.98;49.98;5234;1000;0.0;0;1.0000;0;0
600;2012-11-22 15:40:00;172602N232;0;2.608;27;224;225;227;220;0.000;49.98;264.7;0.000;264.6;0.000;0.0;0.000;50;0;0;0.000;0.000;0.000;0;0;0;49.98;49.98;49.98;5234;1000;0.0;0;1.0000;0;0
600;2012-11-22 15:50:00;172602N232;0;2.608;26;224;225;226;220;0.000;49.98;236.4;0.000;237.4;0.000;0.0;0.000;50;0;0;0.000;0.000;0.000;0;0;0;49.98;49.98;49.98;5234;1000;0.0;0;1.0000;0;0
600;2012-11-22 16:00:00;172602N232;0;2.608;26;223;225;226;220;0.000;50.01;231.5;0.000;232.4;0.000;0.0;0.000;50;0;0;0.000;0.000;0.000;0;0;0;50.01;50.01;50.01;5234;1000;0.0;0;1.0000;0;0
600;2012-11-22 16:10:00;172602N232;0;2.608;25;222;223;225;219;0.000;49.99;229.0;0.000;229.9;0.000;0.0;0.000;50;0;0;0.000;0.000;0.000;0;0;0;49.99;49.99;49.99;5234;1000;0.0;0;1.0000;0;0
[wr_ende]
