20161021;230003;172602N232;My Plant;+0100
[wr_def_start]
172602N232;Inverter Type;Inverter Group;72602N232      
[wr_def_end]
[wr]
INTERVAL;TIMESTAMP;SERIAL;P_AC;E_DAY;T_WR;U_AC;U_AC_1;U_AC_2;U_AC_3;I_AC;F_AC;U_DC_1;I_DC_1;U_DC_2;I_DC_2;U_DC_3;I_DC_3;S;E_WR;M_WR;I_AC_1;I_AC_2;I_AC_3;P_AC_1;P_AC_2;P_AC_3;F_AC_1;F_AC_2;F_AC_3;R_DC;PC;PCS;PCS_LL;COS_PHI;COS_PHI_LL;S_COS_PHI
600;2016-10-21 07:20:00;172602N232;0;0.000;0;2;2;2;2;0.000;0.62;2.7;0.000;2.7;0.000;0.0;0.000;50;0;0;0.000;0.000;0.000;0;0;0;0.62;0.62;0.62;16;1000;0.0;0;1.0000;0;0
600;2016-10-21 07:30:00;172602N232;0;0.000;21;224;225;226;220;0.000;49.99;227.2;0.000;228.2;0.000;0.0;0.000;50;0;0;0.000;0.000;0.000;0;0;0;49.99;49.99;49.99;0;1000;0.0;0;1.0000;0;0
600;2016-10-21 07:40:00;172602N232;0;0.000;22;224;225;226;220;0.000;50.01;231.3;0.000;232.2;0.000;0.0;0.000;50;0;0;0.000;0.000;0.000;0;0;0;50.01;50.01;50.01;0;1000;0.0;0;1.0000;0;0
600;2016-10-21 07:50:00;172602N232;0;0.000;23;223;224;227;218;0.000;49.99;251.1;0.000;251.6;0.000;0.0;0.000;50;0;0;0.000;0.000;0.000;0;0;0;49.99;49.99;49.99;0;1000;0.0;0;1.0000;0;0
600;2016-10-21 08:00:00;172602N232;0;0.000;23;223;224;227;219;0.000;49.99;243.2;0.000;244.0;0.000;0.0;0.000;50;0;0;0.000;0.000;0.000;0;0;0;49.99;49.99;49.99;0;1000;0.0;0;1.0000;0;0
600;2016-10-21 08:10:00;172602N232;2;0.000;23;223;225;225;221;0.080;49.99;280.2;0.000;280.4;0.000;0.0;0.000;60;0;0;0.116;0.064;0.062;0;3;3;49.99;49.99;49.99;5695;1000;0.0;0;1.0000;0;0
600;2016-10-21 08:20:00;172602N232;2;0.002;24;224;225;225;223;0.081;50.01;276.8;0.000;273.9;0.001;0.0;0.000;60;0;0;0.111;0.068;0.064;0;4;3;50.01;50.01;50.01;6974;1000;0.0;0;1.0000;0;0
600;2016-10-21 08:30:00;172602N232;7;0.005;24;224;225;223;224;0.218;50.01;259.1;0.000;259.1;0.002;0.0;0.000;60;0;0;0.295;0.191;0.170;0;12;7;50.01;50.01;50.01;4486;1000;0.0;0;1.0000;0;0
600;2016-10-21 08:40:00;172602N232;18;0.011;24;224;225;223;224;0.353;49.99;298.5;0.012;295.8;0.014;0.0;0.000;60;0;0;0.475;0.260;0.324;0;17;17;49.99;49.99;49.99;4486;1000;0.0;0;1.0000;0;0
600;2016-10-21 08:50:00;172602N232;17;0.017;25;223;224;222;223;0.383;49.99;295.0;0.011;293.8;0.013;0.0;0.000;60;0;0;0.519;0.285;0.346;0;19;15;49.99;49.99;49.99;4486;1000;0.0;0;1.0000;0;0
600;2016-10-21 09:00:00;172602N232;70;0.032;25;223;224;222;223;0.785;50.00;368.9;0.075;361.8;0.075;0.0;0.000;60;0;0;1.108;0.607;0.642;1;49;33;50.00;50.00;50.00;4486;1000;0.0;0;1.0000;0;0
600;2016-10-21 09:10:00;172602N232;111;0.049;25;223;223;222;223;0.958;50.01;392.5;0.127;386.9;0.125;0.0;0.000;60;0;0;1.340;0.766;0.770;5;62;44;50.01;50.01;50.01;4486;1000;0.0;0;1.0000;0;0
600;2016-10-21 09:20:00;172602N232;163;0.075;26;223;224;222;223;1.073;49.99;401.8;0.190;398.1;0.183;0.0;0.000;60;0;0;1.424;0.934;0.861;13;100;49;49.99;49.99;49.99;4486;1000;0.0;0;1.0000;0;0
600;2016-10-21 09:30:00;172602N232;198;0.101;26;223;224;222;222;1.043;49.99;404.7;0.232;401.4;0.225;0.0;0.000;60;0;0;1.377;0.879;0.875;36;96;64;49.99;49.99;49.99;4486;1000;0.0;0;1.0000;0;0
600;2016-10-21 09:40:00;172602N232;214;0.134;26;223;224;223;222;1.085;50.00;410.4;0.249;402.7;0.244;0.0;0.000;60;0;0;1.379;1.025;0.853;38;104;71;50.00;50.00;50.00;4486;1000;0.0;0;1.0000;0;0
600;2016-10-21 09:50:00;172602N232;167;0.163;27;223;223;224;222;0.967;50.00;396.0;0.196;395.2;0.190;0.0;0.000;60;0;0;1.198;0.975;0.730;32;72;61;50.00;50.00;50.00;4486;1000;0.0;0;1.0000;0;0
600;2016-10-21 10:00:00;172602N232;243;0.203;27;223;223;225;222;1.064;49.99;409.1;0.286;404.5;0.276;0.0;0.000;60;0;0;1.174;1.170;0.849;59;93;88;49.99;49.99;49.99;4486;1000;0.0;0;1.0000;0;0
600;2016-10-21 10:10:00;172602N232;195;0.235;27;223;224;223;222;1.066;50.00;404.6;0.229;398.4;0.218;0.0;0.000;60;0;0;1.388;0.958;0.853;29;92;75;50.00;50.00;50.00;4486;1000;0.0;0;1.0000;0;0
600;2016-10-21 10:20:00;172602N232;363;0.297;27;226;226;226;224;1.143;50.01;412.3;0.428;410.1;0.414;0.0;0.000;60;0;0;1.432;1.035;0.964;102;136;124;50.01;50.01;50.01;4486;1000;0.0;0;1.0000;0;0
600;2016-10-21 10:30:00;172602N232;549;0.387;28;227;228;227;227;1.073;50.01;427.6;0.646;419.6;0.624;0.0;0.000;60;0;0;1.096;1.087;1.038;171;195;181;50.01;50.01;50.01;4486;1000;0.0;0;1.0000;0;0
600;2016-10-21 10:40:00;172602N232;338;0.444;28;227;228;228;227;1.135;50.00;412.9;0.399;408.6;0.392;0.0;0.000;60;0;0;1.257;1.109;1.039;100;131;104;50.00;50.00;50.00;4486;1000;0.0;0;1.0000;0;0
600;2016-10-21 10:50:00;172602N232;306;0.496;29;228;228;228;226;1.169;50.01;413.6;0.360;407.2;0.355;0.0;0.000;60;0;0;1.337;1.180;0.992;76;126;102;50.01;50.01;50.01;4486;1000;0.0;0;1.0000;0;0
600;2016-10-21 11:00:00;172602N232;186;0.527;29;228;229;228;227;1.053;50.00;396.1;0.220;392.7;0.214;0.0;0.000;60;0;0;1.345;0.945;0.869;33;81;76;50.00;50.00;50.00;4486;1000;0.0;0;1.0000;0;0
600;2016-10-21 11:10:00;172602N232;462;0.604;29;228;229;228;227;0.990;50.01;418.1;0.551;415.5;0.534;0.0;0.000;60;0;0;1.037;1.008;0.927;139;171;149;50.01;50.01;50.01;4486;1000;0.0;0;1.0000;0;0
600;2016-10-21 11:20:00;172602N232;364;0.665;29;228;228;228;227;0.901;49.99;418.8;0.428;408.9;0.417;0.0;0.000;60;0;0;0.976;0.899;0.828;106;133;124;49.99;49.99;49.99;4486;1000;0.0;0;1.0000;0;0
600;2016-10-21 11:30:00;172602N232;319;0.718;30;228;228;229;227;1.012;50.00;412.8;0.376;407.1;0.370;0.0;0.000;60;0;0;1.110;1.052;0.875;91;119;107;50.00;50.00;50.00;4486;1000;0.0;0;1.0000;0;0
600;2016-10-21 11:40:00;172602N232;521;0.805;30;228;229;229;228;1.035;50.01;427.4;0.612;418.1;0.595;0.0;0.000;60;0;0;1.042;1.065;1.000;161;187;171;50.01;50.01;50.01;4486;1000;0.0;0;1.0000;0;0
600;2016-10-21 11:50:00;172602N232;285;0.852;30;228;228;229;227;1.124;50.00;410.0;0.340;404.6;0.326;0.0;0.000;60;0;0;1.247;1.141;0.984;67;110;106;50.00;50.00;50.00;4486;1000;0.0;0;1.0000;0;0
600;2016-10-21 12:00:00;172602N232;726;0.974;30;228;229;229;227;1.229;50.01;430.4;0.863;423.8;0.811;0.0;0.000;60;0;0;1.207;1.266;1.216;227;254;243;50.01;50.01;50.01;4486;1000;0.0;0;1.0000;0;0
600;2016-10-21 12:10:00;172602N232;1224;1.178;30;229;229;231;228;1.823;50.02;429.8;1.503;427.1;1.341;0.0;0.000;60;0;0;1.772;1.870;1.828;393;423;406;50.02;50.02;50.02;4486;1000;0.0;0;1.0000;0;0
600;2016-10-21 12:20:00;172602N232;590;1.277;31;229;228;230;228;0.932;49.98;421.1;0.702;417.9;0.685;0.0;0.000;60;0;0;0.883;0.969;0.944;183;207;199;49.98;49.98;49.98;4486;1000;0.0;0;1.0000;0;0
600;2016-10-21 12:30:00;172602N232;579;1.374;31;229;229;230;228;0.950;49.99;422.1;0.691;420.6;0.660;0.0;0.000;60;0;0;0.903;0.998;0.949;179;203;196;49.99;49.99;49.99;4486;1000;0.0;0;1.0000;0;0
600;2016-10-21 12:40:00;172602N232;751;1.499;31;229;229;231;228;1.162;50.00;429.0;0.898;424.0;0.845;0.0;0.000;60;0;0;1.148;1.182;1.156;240;259;251;50.00;50.00;50.00;4486;1000;0.0;0;1.0000;0;0
600;2016-10-21 12:50:00;172602N232;465;1.577;32;229;229;228;229;1.108;49.99;418.9;0.557;412.4;0.526;0.0;0.000;60;0;0;1.166;1.105;1.053;139;175;149;49.99;49.99;49.99;4486;1000;0.0;0;1.0000;0;0
600;2016-10-21 13:00:00;172602N232;519;1.663;32;229;229;229;229;1.102;49.99;420.5;0.611;414.5;0.597;0.0;0.000;60;0;0;1.130;1.092;1.086;160;188;169;49.99;49.99;49.99;4486;1000;0.0;0;1.0000;0;0
600;2016-10-21 13:10:00;172602N232;377;1.726;32;229;229;229;228;0.940;50.00;402.6;0.449;400.9;0.444;0.0;0.000;60;0;0;1.106;0.875;0.840;102;146;131;50.00;50.00;50.00;4486;1000;0.0;0;1.0000;0;0
600;2016-10-21 13:20:00;172602N232;169;1.755;32;229;230;229;228;1.033;50.01;393.7;0.199;388.0;0.192;0.0;0.000;60;0;0;1.384;0.882;0.834;25;82;69;50.01;50.01;50.01;4486;1000;0.0;0;1.0000;0;0
600;2016-10-21 13:30:00;172602N232;138;1.778;32;229;230;230;228;1.074;49.99;391.2;0.160;388.3;0.160;0.0;0.000;60;0;0;1.512;0.916;0.795;4;74;59;49.99;49.99;49.99;4486;1000;0.0;0;1.0000;0;0
600;2016-10-21 13:40:00;172602N232;349;1.836;32;230;231;231;228;1.189;49.99;411.2;0.414;408.2;0.406;0.0;0.000;60;0;0;1.335;1.182;1.051;85;130;132;49.99;49.99;49.99;4486;1000;0.0;0;1.0000;0;0
600;2016-10-21 13:50:00;172602N232;274;1.882;32;230;231;231;228;1.166;50.00;402.5;0.328;402.6;0.319;0.0;0.000;60;0;0;1.507;1.092;0.900;55;114;105;50.00;50.00;50.00;4486;1000;0.0;0;1.0000;0;0
600;2016-10-21 14:00:00;172602N232;206;1.917;31;230;231;229;229;1.101;50.00;402.3;0.242;397.0;0.238;0.0;0.000;60;0;0;1.446;0.952;0.906;36;98;72;50.00;50.00;50.00;4486;1000;0.0;0;1.0000;0;0
600;2016-10-21 14:10:00;172602N232;169;1.945;31;229;231;229;227;1.073;50.02;397.1;0.198;393.6;0.195;0.0;0.000;60;0;0;1.501;0.913;0.807;22;97;54;50.02;50.02;50.02;4486;1000;0.0;0;1.0000;0;0
600;2016-10-21 14:20:00;172602N232;122;1.966;31;227;232;229;219;0.962;50.00;383.6;0.140;382.4;0.140;0.0;0.000;60;0;0;1.451;0.724;0.713;2;73;72;50.00;50.00;50.00;4486;1000;0.0;0;1.0000;0;0
600;2016-10-21 14:30:00;172602N232;333;2.022;31;226;232;229;219;1.234;50.01;410.5;0.392;407.3;0.393;0.0;0.000;60;0;0;1.594;1.166;0.944;64;150;117;50.01;50.01;50.01;4486;1000;0.0;0;1.0000;0;0
600;2016-10-21 14:40:00;172602N232;306;2.074;31;227;231;230;220;1.239;50.00;408.2;0.361;406.7;0.360;0.0;0.000;60;0;0;1.670;1.106;0.943;61;131;111;50.00;50.00;50.00;4486;1000;0.0;0;1.0000;0;0
600;2016-10-21 14:50:00;172602N232;373;2.136;31;226;230;229;219;1.214;50.00;417.0;0.440;412.0;0.430;0.0;0.000;60;0;0;1.427;1.175;1.040;96;146;130;50.00;50.00;50.00;4486;1000;0.0;0;1.0000;0;0
600;2016-10-21 15:00:00;172602N232;207;2.171;31;226;231;228;219;1.273;50.00;403.8;0.250;401.1;0.231;0.0;0.000;60;0;0;1.990;0.966;0.863;10;119;101;50.00;50.00;50.00;4486;1000;0.0;0;1.0000;0;0
600;2016-10-21 15:10:00;172602N232;209;2.206;31;227;231;230;219;1.227;50.00;405.5;0.245;399.5;0.240;0.0;0.000;60;0;0;1.865;0.967;0.850;16;104;103;50.00;50.00;50.00;4486;1000;0.0;0;1.0000;0;0
600;2016-10-21 15:20:00;172602N232;346;2.263;31;226;229;231;219;1.220;50.00;408.8;0.414;410.0;0.400;0.0;0.000;60;0;0;1.466;1.154;1.042;87;123;136;50.00;50.00;50.00;4486;1000;0.0;0;1.0000;0;0
600;2016-10-21 15:30:00;172602N232;394;2.329;31;226;228;227;222;1.192;49.99;411.3;0.471;412.8;0.458;0.0;0.000;60;0;0;1.317;1.182;1.078;104;157;132;49.99;49.99;49.99;4486;1000;0.0;0;1.0000;0;0
600;2016-10-21 15:40:00;172602N232;188;2.359;31;227;228;226;227;1.016;50.00;394.7;0.220;391.5;0.215;0.0;0.000;60;0;0;1.188;0.926;0.936;41;89;63;50.00;50.00;50.00;4486;1000;0.0;0;1.0000;0;0
600;2016-10-21 15:50:00;172602N232;34;2.367;31;226;227;226;227;0.508;49.99;341.3;0.030;328.8;0.031;0.0;0.000;60;0;0;0.597;0.476;0.453;2;20;20;49.99;49.99;49.99;4486;1000;0.0;0;1.0000;0;0
600;2016-10-21 16:00:00;172602N232;78;2.379;30;226;227;227;226;0.857;49.99;374.2;0.086;372.9;0.086;0.0;0.000;60;0;0;1.132;0.762;0.678;3;40;44;49.99;49.99;49.99;4486;1000;0.0;0;1.0000;0;0
600;2016-10-21 16:10:00;172602N232;179;2.410;30;226;224;227;226;0.967;50.01;402.4;0.208;398.3;0.204;0.0;0.000;60;0;0;0.759;1.363;0.779;55;54;69;50.01;50.01;50.01;4486;1000;0.0;0;1.0000;0;0
600;2016-10-21 16:20:00;172602N232;73;2.422;30;225;224;226;224;0.712;50.01;365.1;0.079;361.5;0.079;0.0;0.000;60;0;0;0.729;0.865;0.542;14;20;41;50.01;50.01;50.01;4486;1000;0.0;0;1.0000;0;0
600;2016-10-21 16:30:00;172602N232;32;2.428;30;225;226;226;224;0.500;50.01;335.2;0.027;324.6;0.030;0.0;0.000;60;0;0;0.593;0.505;0.404;4;19;21;50.01;50.01;50.01;4486;1000;0.0;0;1.0000;0;0
600;2016-10-21 16:40:00;172602N232;67;2.439;30;224;226;220;227;0.744;50.00;367.8;0.072;364.0;0.071;0.0;0.000;60;0;0;0.788;0.593;0.851;17;51;5;50.00;50.00;50.00;4486;1000;0.0;0;1.0000;0;0
600;2016-10-21 16:50:00;172602N232;42;2.447;30;223;226;219;225;0.509;50.01;333.4;0.041;332.9;0.041;0.0;0.000;60;0;0;0.626;0.431;0.472;5;36;12;50.01;50.01;50.01;4486;1000;0.0;0;1.0000;0;0
600;2016-10-21 17:00:00;172602N232;0;2.446;29;223;225;222;223;0.008;49.99;276.1;0.000;275.1;0.000;0.0;0.000;51;0;0;0.022;0.001;0.001;0;0;0;49.99;49.99;49.99;4486;1000;0.0;0;1.0000;0;0
600;2016-10-21 17:10:00;172602N232;0;2.446;29;223;223;225;222;0.000;49.97;235.4;0.000;236.3;0.000;0.0;0.000;51;0;0;0.000;0.000;0.000;0;0;0;49.97;49.97;49.97;4491;1000;0.0;0;1.0000;0;0
600;2016-10-21 17:20:00;172602N232;0;2.446;28;222;221;225;221;0.000;50.02;228.1;0.000;229.1;0.000;0.0;0.000;51;0;0;0.000;0.000;0.000;0;0;0;50.02;50.02;50.02;4491;1000;0.0;0;1.0000;0;0
600;2016-10-21 17:30:00;172602N232;0;2.446;28;223;224;225;219;0.000;50.02;227.4;0.000;228.4;0.000;0.0;0.000;51;0;0;0.000;0.000;0.000;0;0;0;50.02;50.02;50.02;4491;1000;0.0;0;1.0000;0;0
[wr_ende]
