20140112;230001;172602N232;My Plant;+0100
[wr_def_start]
172602N232;Inverter Type;Inverter Group;72602N232      
[wr_def_end]
[wr]
INTERVAL;TIMESTAMP;SERIAL;P_AC;E_DAY;T_WR;U_AC;U_AC_1;U_AC_2;U_AC_3;I_AC;F_AC;U_DC_1;I_DC_1;U_DC_2;I_DC_2;U_DC_3;I_DC_3;S;E_WR;M_WR;I_AC_1;I_AC_2;I_AC_3;P_AC_1;P_AC_2;P_AC_3;F_AC_1;F_AC_2;F_AC_3;R_DC;PC;PCS;PCS_LL;COS_PHI;COS_PHI_LL;S_COS_PHI
600;2014-01-12 08:00:00;172602N232;0;0.000;0;2;2;2;2;0.000;0.47;2.1;0.000;2.1;0.000;0.0;0.000;50;0;0;0.000;0.000;0.000;0;0;0;0.47;0.47;0.47;0;1000;0.0;0;1.0000;0;0
600;2014-01-12 08:10:00;172602N232;0;0.000;13;223;224;224;220;0.000;50.01;227.7;0.000;228.6;0.000;0.0;0.000;50;0;0;0.000;0.000;0.000;0;0;0;50.01;50.01;50.01;0;1000;0.0;0;1.0000;0;0
600;2014-01-12 08:20:00;172602N232;0;0.000;16;223;224;224;220;0.000;50.01;233.1;0.000;234.0;0.000;0.0;0.000;50;0;0;0.000;0.000;0.000;0;0;0;50.01;50.01;50.01;0;1000;0.0;0;1.0000;0;0
600;2014-01-12 08:30:00;172602N232;0;0.000;17;222;224;224;219;0.001;49.99;284.6;0.000;284.3;0.000;0.0;0.000;60;0;0;0.002;0.001;0.001;0;0;0;49.99;49.99;49.99;1432;1000;0.0;0;1.0000;0;0
600;2014-01-12 08:40:00;172602N232;3;0.001;17;223;224;224;220;0.129;49.99;277.7;0.000;278.9;0.001;0.0;0.000;60;0;0;0.175;0.115;0.098;0;4;6;49.99;49.99;49.99;5452;1000;0.0;0;1.0000;0;0
600;2014-01-12 08:50:00;172602N232;46;0.012;17;222;223;222;220;0.710;50.00;362.6;0.043;372.3;0.042;0.0;0.000;60;0;0;0.927;0.616;0.588;0;28;40;50.00;50.00;50.00;5426;1000;0.0;0;1.0000;0;0
600;2014-01-12 09:00:00;172602N232;13;0.016;18;222;222;222;220;0.308;50.00;280.2;0.005;292.9;0.008;0.0;0.000;60;0;0;0.451;0.267;0.208;1;11;11;50.00;50.00;50.00;5426;1000;0.0;0;1.0000;0;0
600;2014-01-12 09:10:00;172602N232;20;0.017;18;221;220;223;220;0.375;49.99;301.4;0.012;317.5;0.016;0.0;0.000;60;0;0;0.366;0.527;0.232;16;0;15;49.99;49.99;49.99;5426;1000;0.0;0;1.0000;0;0
600;2014-01-12 09:20:00;172602N232;72;0.027;19;221;221;223;219;0.723;49.99;366.9;0.072;378.4;0.075;0.0;0.000;60;0;0;0.787;0.843;0.541;11;16;44;49.99;49.99;49.99;5426;1000;0.0;0;1.0000;0;0
600;2014-01-12 09:30:00;172602N232;144;0.050;19;221;221;223;220;0.927;50.00;402.9;0.161;403.8;0.156;0.0;0.000;60;0;0;0.928;1.101;0.753;34;41;67;50.00;50.00;50.00;5426;1000;0.0;0;1.0000;0;0
600;2014-01-12 09:40:00;172602N232;118;0.069;20;221;220;221;221;0.843;49.99;400.3;0.131;398.0;0.122;0.0;0.000;60;0;0;0.859;0.884;0.788;31;47;39;49.99;49.99;49.99;5426;1000;0.0;0;1.0000;0;0
600;2014-01-12 09:50:00;172602N232;166;0.098;20;220;222;221;218;1.066;49.99;408.7;0.185;410.9;0.183;0.0;0.000;60;0;0;1.556;0.884;0.758;8;90;72;49.99;49.99;49.99;5426;1000;0.0;0;1.0000;0;0
600;2014-01-12 10:00:00;172602N232;181;0.128;21;221;223;222;217;1.117;50.00;411.8;0.217;414.3;0.184;0.0;0.000;60;0;0;1.648;0.923;0.780;15;93;82;50.00;50.00;50.00;5426;1000;0.0;0;1.0000;0;0
600;2014-01-12 10:10:00;172602N232;283;0.175;21;221;223;222;217;1.063;50.00;414.8;0.334;408.2;0.314;0.0;0.000;60;0;0;1.400;0.958;0.832;64;117;105;50.00;50.00;50.00;5426;1000;0.0;0;1.0000;0;0
600;2014-01-12 10:20:00;172602N232;492;0.257;22;221;223;223;216;1.157;50.01;425.2;0.584;418.2;0.560;0.0;0.000;60;0;0;1.259;1.172;1.041;150;179;161;50.01;50.01;50.01;5426;1000;0.0;0;1.0000;0;0
600;2014-01-12 10:30:00;172602N232;651;0.367;22;222;224;223;218;1.236;50.01;377.8;0.845;412.9;0.817;0.0;0.000;60;0;0;1.328;1.222;1.159;202;228;219;50.01;50.01;50.01;5426;1000;0.0;0;1.0000;0;0
600;2014-01-12 10:40:00;172602N232;871;0.511;23;222;223;225;218;1.361;50.00;379.4;0.964;420.3;1.236;0.0;0.000;60;0;0;1.341;1.401;1.343;282;304;283;50.00;50.00;50.00;5426;1000;0.0;0;1.0000;0;0
600;2014-01-12 10:50:00;172602N232;515;0.598;23;222;224;224;219;1.155;50.00;431.3;0.504;425.6;0.654;0.0;0.000;60;0;0;1.264;1.171;1.031;153;186;173;50.00;50.00;50.00;5426;1000;0.0;0;1.0000;0;0
600;2014-01-12 11:00:00;172602N232;245;0.638;24;222;222;223;220;1.030;50.00;410.4;0.279;409.4;0.280;0.0;0.000;60;0;0;1.132;1.024;0.935;61;85;96;50.00;50.00;50.00;5426;1000;0.0;0;1.0000;0;0
600;2014-01-12 11:10:00;172602N232;426;0.709;24;222;221;223;222;1.006;50.00;423.1;0.487;422.6;0.485;0.0;0.000;60;0;0;0.951;1.103;0.964;137;146;140;50.00;50.00;50.00;5426;1000;0.0;0;1.0000;0;0
600;2014-01-12 11:20:00;172602N232;531;0.799;25;223;223;224;222;1.037;50.00;424.8;0.665;434.2;0.550;0.0;0.000;60;0;0;1.022;1.070;1.020;164;189;177;50.00;50.00;50.00;5426;1000;0.0;0;1.0000;0;0
600;2014-01-12 11:30:00;172602N232;913;0.951;25;223;222;224;222;1.416;49.99;440.0;1.642;476.0;0.383;0.0;0.000;60;0;0;1.365;1.455;1.430;289;315;307;49.99;49.99;49.99;5426;1000;0.0;0;1.0000;0;0
600;2014-01-12 11:40:00;172602N232;1037;1.124;25;224;224;225;222;1.617;49.99;430.7;1.654;277.5;1.261;0.0;0.000;60;0;0;1.588;1.641;1.623;334;355;346;49.99;49.99;49.99;5426;1000;0.0;0;1.0000;0;0
600;2014-01-12 11:50:00;172602N232;1250;1.333;26;223;223;224;222;1.948;50.00;441.4;1.527;351.6;1.664;0.0;0.000;60;0;0;1.923;1.964;1.959;405;426;418;50.00;50.00;50.00;5426;1000;0.0;0;1.0000;0;0
600;2014-01-12 12:00:00;172602N232;1434;1.571;26;223;223;223;222;2.180;50.01;413.7;1.545;442.1;1.806;0.0;0.000;60;0;0;2.144;2.202;2.196;466;485;481;50.01;50.01;50.01;5426;1000;0.0;0;1.0000;0;0
600;2014-01-12 12:10:00;172602N232;771;1.700;27;222;221;222;222;1.193;50.01;416.6;0.860;426.5;0.962;0.0;0.000;60;0;0;1.140;1.223;1.216;244;264;262;50.01;50.01;50.01;5426;1000;0.0;0;1.0000;0;0
600;2014-01-12 12:20:00;172602N232;447;1.775;27;221;221;220;221;0.803;49.99;427.3;0.507;421.8;0.521;0.0;0.000;60;0;0;0.770;0.827;0.812;138;157;150;49.99;49.99;49.99;5426;1000;0.0;0;1.0000;0;0
600;2014-01-12 12:30:00;172602N232;502;1.859;27;221;222;221;220;0.962;50.00;430.0;0.568;424.4;0.582;0.0;0.000;60;0;0;0.958;0.987;0.942;160;175;164;50.00;50.00;50.00;5426;1000;0.0;0;1.0000;0;0
600;2014-01-12 12:40:00;172602N232;511;1.944;27;221;222;222;219;0.941;50.00;429.4;0.574;426.0;0.596;0.0;0.000;60;0;0;1.014;0.945;0.864;160;181;169;50.00;50.00;50.00;5426;1000;0.0;0;1.0000;0;0
600;2014-01-12 12:50:00;172602N232;868;2.089;28;220;221;221;220;1.358;49.99;438.2;0.868;428.4;1.126;0.0;0.000;60;0;0;1.318;1.385;1.372;277;296;292;49.99;49.99;49.99;5426;1000;0.0;0;1.0000;0;0
600;2014-01-12 13:00:00;172602N232;1023;2.259;28;221;221;223;220;1.582;50.01;456.0;0.803;333.3;1.975;0.0;0.000;60;0;0;1.538;1.615;1.594;328;352;342;50.01;50.01;50.01;5426;1000;0.0;0;1.0000;0;0
600;2014-01-12 13:10:00;172602N232;746;2.384;28;222;221;223;221;1.220;50.01;457.9;0.791;398.4;0.992;0.0;0.000;60;0;0;1.217;1.220;1.224;235;255;254;50.01;50.01;50.01;5426;1000;0.0;0;1.0000;0;0
600;2014-01-12 13:20:00;172602N232;733;2.507;28;221;221;223;221;1.141;50.01;451.7;0.814;443.2;0.801;0.0;0.000;60;0;0;1.087;1.179;1.158;230;254;247;50.01;50.01;50.01;5426;1000;0.0;0;1.0000;0;0
600;2014-01-12 13:30:00;172602N232;312;2.559;28;221;221;221;222;1.049;50.01;419.0;0.357;415.3;0.360;0.0;0.000;60;0;0;1.077;1.076;0.996;99;122;90;50.01;50.01;50.01;5426;1000;0.0;0;1.0000;0;0
600;2014-01-12 13:40:00;172602N232;188;2.591;28;222;222;222;221;0.970;50.00;408.8;0.214;406.9;0.211;0.0;0.000;60;0;0;1.168;0.996;0.748;45;82;59;50.00;50.00;50.00;5426;1000;0.0;0;1.0000;0;0
600;2014-01-12 13:50:00;172602N232;338;2.647;28;223;222;225;223;0.975;49.99;438.6;0.397;425.5;0.350;0.0;0.000;60;0;0;0.966;1.067;0.892;106;118;113;49.99;49.99;49.99;5426;1000;0.0;0;1.0000;0;0
600;2014-01-12 14:00:00;172602N232;284;2.695;28;222;222;223;223;1.016;49.98;392.9;0.411;411.3;0.272;0.0;0.000;60;0;0;0.987;1.035;1.028;86;112;85;49.98;49.98;49.98;5426;1000;0.0;0;1.0000;0;0
600;2014-01-12 14:10:00;172602N232;137;2.718;28;221;219;220;223;0.743;49.99;373.8;0.156;384.5;0.137;0.0;0.000;60;0;0;0.615;0.709;0.907;54;60;28;49.99;49.99;49.99;5426;1000;0.0;0;1.0000;0;0
600;2014-01-12 14:20:00;172602N232;511;2.803;28;221;220;221;223;0.853;49.98;377.4;1.058;435.4;0.241;0.0;0.000;60;0;0;0.798;0.883;0.880;156;178;175;49.98;49.98;49.98;5426;1000;0.0;0;1.0000;0;0
600;2014-01-12 14:30:00;172602N232;467;2.881;28;222;222;223;222;0.958;50.00;372.2;0.984;441.3;0.214;0.0;0.000;60;0;0;0.935;0.989;0.952;146;165;154;50.00;50.00;50.00;5426;1000;0.0;0;1.0000;0;0
600;2014-01-12 14:40:00;172602N232;404;2.948;28;223;224;223;222;1.070;50.01;378.8;0.811;446.1;0.201;0.0;0.000;60;0;0;1.112;1.094;1.004;116;153;133;50.01;50.01;50.01;5426;1000;0.0;0;1.0000;0;0
600;2014-01-12 14:50:00;172602N232;345;3.006;28;223;224;223;221;1.145;50.00;387.7;0.623;442.4;0.206;0.0;0.000;60;0;0;1.288;1.113;1.036;93;137;113;50.00;50.00;50.00;5426;1000;0.0;0;1.0000;0;0
600;2014-01-12 15:00:00;172602N232;342;3.062;28;223;224;223;222;1.147;50.00;407.5;0.491;448.5;0.286;0.0;0.000;60;0;0;1.293;1.124;1.025;94;139;107;50.00;50.00;50.00;5426;1000;0.0;0;1.0000;0;0
600;2014-01-12 15:10:00;172602N232;123;3.084;27;224;225;224;222;0.985;50.00;372.6;0.169;414.3;0.108;0.0;0.000;60;0;0;1.447;0.779;0.731;6;72;57;50.00;50.00;50.00;5426;1000;0.0;0;1.0000;0;0
600;2014-01-12 15:20:00;172602N232;44;3.091;27;222;224;222;221;0.605;49.98;361.1;0.037;366.3;0.043;0.0;0.000;60;0;0;0.813;0.477;0.526;0;34;36;49.98;49.98;49.98;5426;1000;0.0;0;1.0000;0;0
600;2014-01-12 15:30:00;172602N232;55;3.101;27;222;224;222;221;0.685;49.99;363.8;0.052;374.1;0.057;0.0;0.000;60;0;0;0.983;0.527;0.546;0;39;34;49.99;49.99;49.99;5426;1000;0.0;0;1.0000;0;0
600;2014-01-12 15:40:00;172602N232;33;3.107;27;223;224;222;222;0.510;49.99;317.7;0.026;347.2;0.031;0.0;0.000;60;0;0;0.675;0.416;0.441;0;28;21;49.99;49.99;49.99;5426;1000;0.0;0;1.0000;0;0
600;2014-01-12 15:50:00;172602N232;5;3.108;26;222;223;221;220;0.213;50.02;254.9;0.000;263.4;0.001;0.0;0.000;60;0;0;0.296;0.190;0.154;0;10;8;50.02;50.02;50.02;5426;1000;0.0;0;1.0000;0;0
600;2014-01-12 16:00:00;172602N232;0;3.108;25;221;221;222;219;0.003;50.02;288.1;0.000;287.4;0.000;0.0;0.000;50;0;0;0.005;0.003;0.002;0;0;0;50.02;50.02;50.02;5426;1000;0.0;0;1.0000;0;0
600;2014-01-12 16:10:00;172602N232;0;3.108;24;219;220;222;217;0.000;49.99;234.7;0.000;235.6;0.000;0.0;0.000;50;0;0;0.000;0.000;0.000;0;0;0;49.99;49.99;49.99;5426;1000;0.0;0;1.0000;0;0
600;2014-01-12 16:20:00;172602N232;0;3.108;23;219;219;221;216;0.000;49.99;229.2;0.000;230.1;0.000;0.0;0.000;50;0;0;0.000;0.000;0.000;0;0;0;49.99;49.99;49.99;5426;1000;0.0;0;1.0000;0;0
[wr_ende]
