20170907;230002;172602N232;My Plant;+0100
[wr_def_start]
172602N232;Inverter Type;Inverter Group;72602N232      
[wr_def_end]
[wr]
INTERVAL;TIMESTAMP;SERIAL;P_AC;E_DAY;T_WR;U_AC;U_AC_1;U_AC_2;U_AC_3;I_AC;F_AC;U_DC_1;I_DC_1;U_DC_2;I_DC_2;U_DC_3;I_DC_3;S;E_WR;M_WR;I_AC_1;I_AC_2;I_AC_3;P_AC_1;P_AC_2;P_AC_3;F_AC_1;F_AC_2;F_AC_3;R_DC;PC;PCS;PCS_LL;COS_PHI;COS_PHI_LL;S_COS_PHI
600;2017-09-07 05:40:00;172602N232;0;0.000;0;3;3;3;3;0.000;0.88;4.0;0.000;4.0;0.000;0.0;0.000;50;0;0;0.000;0.000;0.000;0;0;0;0.88;0.88;0.88;17;1000;0.0;0;1.0000;0;0
600;2017-09-07 05:50:00;172602N232;0;0.000;26;221;222;224;216;0.000;49.98;228.6;0.000;229.6;0.000;0.0;0.000;50;0;0;0.000;0.000;0.000;0;0;0;49.98;49.98;49.98;0;1000;0.0;0;1.0000;0;0
600;2017-09-07 06:00:00;172602N232;0;0.000;27;220;221;223;216;0.000;49.97;236.5;0.000;237.5;0.000;0.0;0.000;50;0;0;0.000;0.000;0.000;0;0;0;49.97;49.97;49.97;0;1000;0.0;0;1.0000;0;0
600;2017-09-07 06:10:00;172602N232;0;0.000;27;222;222;225;219;0.000;50.00;280.3;0.000;279.5;0.000;0.0;0.000;60;0;0;0.001;0.001;0.000;0;0;0;50.00;50.00;50.00;1187;1000;0.0;0;1.0000;0;0
600;2017-09-07 06:20:00;172602N232;12;0.003;28;223;224;224;221;0.256;50.00;280.3;0.008;280.4;0.008;0.0;0.000;60;0;0;0.318;0.259;0.191;3;8;12;50.00;50.00;50.00;3802;1000;0.0;0;1.0000;0;0
600;2017-09-07 06:30:00;172602N232;41;0.013;28;224;225;224;222;0.538;50.00;348.8;0.039;352.4;0.037;0.0;0.000;60;0;0;0.667;0.510;0.439;0;30;31;50.00;50.00;50.00;3802;1000;0.0;0;1.0000;0;0
600;2017-09-07 06:40:00;172602N232;52;0.024;29;223;224;224;222;0.624;49.98;353.2;0.054;362.6;0.050;0.0;0.000;60;0;0;0.805;0.582;0.486;0;29;33;49.98;49.98;49.98;3802;1000;0.0;0;1.0000;0;0
600;2017-09-07 06:50:00;172602N232;88;0.039;29;222;223;221;223;0.878;50.00;375.3;0.101;385.4;0.094;0.0;0.000;60;0;0;1.179;0.711;0.746;3;53;34;50.00;50.00;50.00;3802;1000;0.0;0;1.0000;0;0
600;2017-09-07 07:00:00;172602N232;80;0.052;29;222;223;223;221;0.880;49.98;373.2;0.091;382.6;0.084;0.0;0.000;60;0;0;1.146;0.839;0.656;3;32;49;49.98;49.98;49.98;3802;1000;0.0;0;1.0000;0;0
600;2017-09-07 07:10:00;172602N232;92;0.066;30;223;223;223;222;0.885;50.00;378.8;0.106;386.4;0.098;0.0;0.000;60;0;0;1.008;0.953;0.694;11;30;50;50.00;50.00;50.00;3802;1000;0.0;0;1.0000;0;0
600;2017-09-07 07:20:00;172602N232;96;0.081;30;222;222;222;222;0.944;50.01;380.7;0.112;388.2;0.103;0.0;0.000;60;0;0;1.024;0.967;0.842;10;37;47;50.01;50.01;50.01;3802;1000;0.0;0;1.0000;0;0
600;2017-09-07 07:30:00;172602N232;117;0.098;30;222;222;222;222;0.943;50.00;387.2;0.138;393.6;0.127;0.0;0.000;60;0;0;1.048;1.006;0.775;12;43;60;50.00;50.00;50.00;3802;1000;0.0;0;1.0000;0;0
600;2017-09-07 07:40:00;172602N232;164;0.124;31;222;222;223;222;0.887;50.00;395.1;0.195;402.4;0.177;0.0;0.000;60;0;0;0.738;1.216;0.707;25;71;66;50.00;50.00;50.00;3802;1000;0.0;0;1.0000;0;0
600;2017-09-07 07:50:00;172602N232;212;0.160;31;222;221;223;222;1.000;50.00;402.4;0.256;407.0;0.233;0.0;0.000;60;0;0;1.043;1.206;0.753;67;76;67;50.00;50.00;50.00;3802;1000;0.0;0;1.0000;0;0
600;2017-09-07 08:00:00;172602N232;255;0.202;31;222;222;222;222;1.068;50.00;407.6;0.307;412.3;0.279;0.0;0.000;60;0;0;1.125;1.169;0.912;71;105;77;50.00;50.00;50.00;3802;1000;0.0;0;1.0000;0;0
600;2017-09-07 08:10:00;172602N232;310;0.255;31;223;223;224;222;1.170;49.99;412.2;0.373;414.1;0.344;0.0;0.000;60;0;0;1.302;1.222;0.988;102;105;101;49.99;49.99;49.99;3802;1000;0.0;0;1.0000;0;0
600;2017-09-07 08:20:00;172602N232;341;0.312;32;223;223;225;223;1.193;50.00;413.8;0.413;412.4;0.382;0.0;0.000;60;0;0;1.282;1.291;1.006;108;115;116;50.00;50.00;50.00;3802;1000;0.0;0;1.0000;0;0
600;2017-09-07 08:30:00;172602N232;326;0.366;32;224;223;225;223;1.159;49.99;412.4;0.395;410.4;0.365;0.0;0.000;60;0;0;1.228;1.221;1.029;106;109;109;49.99;49.99;49.99;3802;1000;0.0;0;1.0000;0;0
600;2017-09-07 08:40:00;172602N232;345;0.424;32;223;223;224;223;1.175;50.00;414.0;0.417;411.6;0.388;0.0;0.000;60;0;0;1.181;1.253;1.092;100;118;126;50.00;50.00;50.00;3802;1000;0.0;0;1.0000;0;0
600;2017-09-07 08:50:00;172602N232;367;0.485;33;223;222;224;222;1.103;50.01;415.1;0.441;415.1;0.411;0.0;0.000;60;0;0;1.079;1.199;1.033;114;126;125;50.01;50.01;50.01;3802;1000;0.0;0;1.0000;0;0
600;2017-09-07 09:00:00;172602N232;346;0.543;33;223;222;224;223;1.133;50.01;413.8;0.416;413.8;0.388;0.0;0.000;60;0;0;1.132;1.250;1.019;112;117;114;50.01;50.01;50.01;3802;1000;0.0;0;1.0000;0;0
600;2017-09-07 09:10:00;172602N232;464;0.621;33;223;222;225;222;1.118;49.98;419.6;0.561;417.4;0.523;0.0;0.000;60;0;0;1.186;1.035;1.133;151;151;161;49.98;49.98;49.98;3802;1000;0.0;0;1.0000;0;0
600;2017-09-07 09:20:00;172602N232;549;0.712;33;223;222;224;222;0.918;49.98;422.6;0.661;420.6;0.618;0.0;0.000;60;0;0;0.863;0.963;0.929;168;193;186;49.98;49.98;49.98;3802;1000;0.0;0;1.0000;0;0
600;2017-09-07 09:30:00;172602N232;887;0.860;34;223;223;225;222;1.363;49.99;430.4;1.063;427.6;0.991;0.0;0.000;60;0;0;1.311;1.406;1.373;282;307;295;49.99;49.99;49.99;3802;1000;0.0;0;1.0000;0;0
600;2017-09-07 09:40:00;172602N232;1091;1.042;34;223;223;224;223;1.669;50.00;430.9;1.326;427.5;1.210;0.0;0.000;60;0;0;1.623;1.701;1.683;352;373;365;50.00;50.00;50.00;3802;1000;0.0;0;1.0000;0;0
600;2017-09-07 09:50:00;172602N232;1040;1.216;35;223;222;225;223;1.593;50.00;427.6;1.281;420.5;1.165;0.0;0.000;60;0;0;1.540;1.631;1.610;332;358;348;50.00;50.00;50.00;3802;1000;0.0;0;1.0000;0;0
600;2017-09-07 10:00:00;172602N232;880;1.362;35;223;222;225;222;1.352;50.00;424.5;1.087;422.0;0.979;0.0;0.000;60;0;0;1.297;1.392;1.367;279;305;295;50.00;50.00;50.00;3802;1000;0.0;0;1.0000;0;0
600;2017-09-07 10:10:00;172602N232;681;1.475;35;223;223;225;222;1.061;50.00;421.7;0.838;417.3;0.767;0.0;0.000;60;0;0;1.009;1.105;1.070;215;237;227;50.00;50.00;50.00;3802;1000;0.0;0;1.0000;0;0
600;2017-09-07 10:20:00;172602N232;559;1.569;36;224;224;225;223;0.879;50.01;420.6;0.680;416.5;0.635;0.0;0.000;60;0;0;0.825;0.919;0.893;173;195;189;50.01;50.01;50.01;3802;1000;0.0;0;1.0000;0;0
600;2017-09-07 10:30:00;172602N232;528;1.658;36;223;223;224;223;0.889;49.99;420.1;0.636;419.5;0.598;0.0;0.000;60;0;0;0.855;0.902;0.910;164;183;178;49.99;49.99;49.99;3802;1000;0.0;0;1.0000;0;0
600;2017-09-07 10:40:00;172602N232;584;1.755;36;224;223;225;223;0.918;49.99;417.9;0.715;418.0;0.660;0.0;0.000;60;0;0;0.859;0.962;0.935;180;204;197;49.99;49.99;49.99;3802;1000;0.0;0;1.0000;0;0
600;2017-09-07 10:50:00;172602N232;592;1.853;36;224;224;225;223;0.993;49.99;420.9;0.724;414.7;0.673;0.0;0.000;60;0;0;0.974;1.015;0.990;186;205;199;49.99;49.99;49.99;3802;1000;0.0;0;1.0000;0;0
600;2017-09-07 11:00:00;172602N232;690;1.969;37;224;224;225;223;1.071;50.01;416.2;0.846;419.1;0.786;0.0;0.000;60;0;0;1.017;1.109;1.088;216;239;232;50.01;50.01;50.01;3802;1000;0.0;0;1.0000;0;0
600;2017-09-07 11:10:00;172602N232;1037;2.142;37;225;224;227;223;1.576;50.00;425.7;1.262;416.4;1.193;0.0;0.000;60;0;0;1.536;1.614;1.579;335;358;342;50.00;50.00;50.00;3802;1000;0.0;0;1.0000;0;0
600;2017-09-07 11:20:00;172602N232;987;2.307;37;225;225;227;224;1.513;49.99;418.4;1.222;416.5;1.131;0.0;0.000;60;0;0;1.464;1.549;1.526;314;341;330;49.99;49.99;49.99;3802;1000;0.0;0;1.0000;0;0
600;2017-09-07 11:30:00;172602N232;872;2.453;37;225;225;226;223;1.334;50.00;414.8;1.085;424.0;0.985;0.0;0.000;60;0;0;1.289;1.370;1.345;280;301;290;50.00;50.00;50.00;3802;1000;0.0;0;1.0000;0;0
600;2017-09-07 11:40:00;172602N232;746;2.577;37;225;225;226;223;1.151;50.00;424.8;0.904;421.1;0.842;0.0;0.000;60;0;0;1.103;1.188;1.162;236;258;249;50.00;50.00;50.00;3802;1000;0.0;0;1.0000;0;0
600;2017-09-07 11:50:00;172602N232;595;2.676;37;224;224;225;223;1.071;49.99;417.9;0.732;403.1;0.690;0.0;0.000;60;0;0;1.037;1.113;1.064;187;206;200;49.99;49.99;49.99;3802;1000;0.0;0;1.0000;0;0
600;2017-09-07 12:00:00;172602N232;341;2.733;37;224;224;226;223;1.045;50.01;406.3;0.418;406.2;0.388;0.0;0.000;60;0;0;1.043;1.170;0.922;98;119;122;50.01;50.01;50.01;3802;1000;0.0;0;1.0000;0;0
600;2017-09-07 12:10:00;172602N232;622;2.838;37;224;224;226;223;0.971;50.01;423.0;0.746;420.3;0.707;0.0;0.000;60;0;0;0.916;1.012;0.985;194;217;209;50.01;50.01;50.01;3802;1000;0.0;0;1.0000;0;0
600;2017-09-07 12:20:00;172602N232;906;2.988;37;225;224;227;223;1.381;49.99;427.3;1.098;422.3;1.022;0.0;0.000;60;0;0;1.330;1.423;1.392;288;314;301;49.99;49.99;49.99;3802;1000;0.0;0;1.0000;0;0
600;2017-09-07 12:30:00;172602N232;723;3.109;37;225;224;227;224;1.113;50.00;424.7;0.879;419.4;0.815;0.0;0.000;60;0;0;1.056;1.157;1.126;227;252;242;50.00;50.00;50.00;3802;1000;0.0;0;1.0000;0;0
600;2017-09-07 12:40:00;172602N232;731;3.230;38;225;224;227;223;1.123;50.00;424.9;0.878;422.0;0.827;0.0;0.000;60;0;0;1.067;1.170;1.133;229;256;244;50.00;50.00;50.00;3802;1000;0.0;0;1.0000;0;0
600;2017-09-07 12:50:00;172602N232;989;3.396;38;225;225;227;224;1.496;50.00;428.9;1.194;424.2;1.116;0.0;0.000;60;0;0;1.444;1.538;1.507;316;343;328;50.00;50.00;50.00;3802;1000;0.0;0;1.0000;0;0
600;2017-09-07 13:00:00;172602N232;1095;3.578;38;226;225;228;224;1.652;50.02;429.4;1.328;419.5;1.248;0.0;0.000;60;0;0;1.595;1.699;1.664;349;380;364;50.02;50.02;50.02;3802;1000;0.0;0;1.0000;0;0
600;2017-09-07 13:10:00;172602N232;1110;3.765;38;225;225;228;223;1.698;50.00;423.8;1.358;412.8;1.294;0.0;0.000;60;0;0;1.649;1.743;1.704;354;385;368;50.00;50.00;50.00;3802;1000;0.0;0;1.0000;0;0
600;2017-09-07 13:20:00;172602N232;1088;3.946;38;226;226;228;224;1.657;49.98;425.7;1.321;425.1;1.230;0.0;0.000;60;0;0;1.607;1.703;1.662;349;377;359;49.98;49.98;49.98;3802;1000;0.0;0;1.0000;0;0
600;2017-09-07 13:30:00;172602N232;832;4.084;38;225;226;227;224;1.275;50.00;419.0;1.025;417.3;0.951;0.0;0.000;60;0;0;1.226;1.316;1.283;265;288;277;50.00;50.00;50.00;3802;1000;0.0;0;1.0000;0;0
600;2017-09-07 13:40:00;172602N232;534;4.173;38;225;225;227;224;0.912;50.00;411.1;0.664;407.8;0.615;0.0;0.000;60;0;0;0.869;0.954;0.914;163;188;181;50.00;50.00;50.00;3802;1000;0.0;0;1.0000;0;0
600;2017-09-07 13:50:00;172602N232;418;4.242;38;225;225;226;224;1.044;50.01;410.5;0.511;409.5;0.479;0.0;0.000;60;0;0;1.021;1.088;1.025;116;150;150;50.01;50.01;50.01;3802;1000;0.0;0;1.0000;0;0
600;2017-09-07 14:00:00;172602N232;500;4.327;38;225;225;227;224;0.788;50.01;409.7;0.624;412.6;0.572;0.0;0.000;60;0;0;0.733;0.830;0.803;153;176;169;50.01;50.01;50.01;3802;1000;0.0;0;1.0000;0;0
600;2017-09-07 14:10:00;172602N232;507;4.411;38;225;225;227;224;0.799;49.99;415.3;0.621;415.2;0.576;0.0;0.000;60;0;0;0.744;0.844;0.811;155;179;171;49.99;49.99;49.99;3802;1000;0.0;0;1.0000;0;0
600;2017-09-07 14:20:00;172602N232;841;4.551;38;226;226;228;224;1.278;49.98;423.8;1.010;424.1;0.959;0.0;0.000;60;0;0;1.225;1.322;1.287;267;293;279;49.98;49.98;49.98;3802;1000;0.0;0;1.0000;0;0
600;2017-09-07 14:30:00;172602N232;953;4.710;38;226;226;228;225;1.439;49.99;420.9;1.173;418.9;1.087;0.0;0.000;60;0;0;1.387;1.482;1.449;303;331;317;49.99;49.99;49.99;3802;1000;0.0;0;1.0000;0;0
600;2017-09-07 14:40:00;172602N232;817;4.847;38;227;226;229;226;1.242;50.00;417.4;1.009;416.5;0.938;0.0;0.000;60;0;0;1.184;1.284;1.259;257;284;274;50.00;50.00;50.00;3802;1000;0.0;0;1.0000;0;0
600;2017-09-07 14:50:00;172602N232;743;4.971;38;226;226;228;226;1.137;49.99;416.4;0.914;416.8;0.855;0.0;0.000;60;0;0;1.080;1.183;1.150;233;259;249;49.99;49.99;49.99;3802;1000;0.0;0;1.0000;0;0
600;2017-09-07 15:00:00;172602N232;693;5.087;38;227;226;229;226;1.065;50.00;416.7;0.848;418.6;0.793;0.0;0.000;60;0;0;1.001;1.112;1.082;215;243;233;50.00;50.00;50.00;3802;1000;0.0;0;1.0000;0;0
600;2017-09-07 15:10:00;172602N232;605;5.187;38;227;227;229;227;0.982;50.00;415.8;0.742;414.7;0.695;0.0;0.000;60;0;0;0.948;1.029;0.971;186;215;203;50.00;50.00;50.00;3802;1000;0.0;0;1.0000;0;0
600;2017-09-07 15:20:00;172602N232;588;5.286;38;227;227;229;224;0.972;50.00;415.7;0.720;416.5;0.673;0.0;0.000;60;0;0;0.948;0.999;0.971;183;206;197;50.00;50.00;50.00;3802;1000;0.0;0;1.0000;0;0
600;2017-09-07 15:30:00;172602N232;521;5.373;38;226;230;230;217;1.219;50.00;413.4;0.640;414.4;0.595;0.0;0.000;60;0;0;1.229;1.320;1.109;171;191;157;50.00;50.00;50.00;3802;1000;0.0;0;1.0000;0;0
600;2017-09-07 15:40:00;172602N232;502;5.457;38;225;230;229;217;1.218;50.00;414.1;0.610;418.3;0.570;0.0;0.000;60;0;0;1.205;1.326;1.125;167;183;150;50.00;50.00;50.00;3802;1000;0.0;0;1.0000;0;0
600;2017-09-07 15:50:00;172602N232;515;5.542;38;225;230;228;217;1.017;49.99;415.0;0.627;417.1;0.585;0.0;0.000;60;0;0;1.064;1.073;0.914;166;189;158;49.99;49.99;49.99;3802;1000;0.0;0;1.0000;0;0
600;2017-09-07 16:00:00;172602N232;499;5.625;38;225;230;228;216;0.955;49.98;414.6;0.607;418.5;0.565;0.0;0.000;60;0;0;0.919;1.036;0.911;162;182;153;49.98;49.98;49.98;3802;1000;0.0;0;1.0000;0;0
600;2017-09-07 16:10:00;172602N232;483;5.706;38;225;229;228;216;1.204;50.01;413.8;0.590;412.3;0.554;0.0;0.000;60;0;0;1.180;1.314;1.119;160;177;144;50.01;50.01;50.01;3802;1000;0.0;0;1.0000;0;0
600;2017-09-07 16:20:00;172602N232;454;5.782;38;224;228;228;217;0.845;50.00;413.0;0.553;413.7;0.518;0.0;0.000;60;0;0;0.818;0.895;0.822;144;166;143;50.00;50.00;50.00;3802;1000;0.0;0;1.0000;0;0
600;2017-09-07 16:30:00;172602N232;327;5.837;38;224;226;227;220;1.178;49.98;405.5;0.403;405.7;0.369;0.0;0.000;60;0;0;1.285;1.259;0.992;94;112;119;49.98;49.98;49.98;3802;1000;0.0;0;1.0000;0;0
600;2017-09-07 16:40:00;172602N232;322;5.891;38;225;225;227;224;1.179;49.98;404.9;0.394;410.2;0.363;0.0;0.000;60;0;0;1.257;1.231;1.051;99;105;115;49.98;49.98;49.98;3802;1000;0.0;0;1.0000;0;0
600;2017-09-07 16:50:00;172602N232;298;5.941;37;225;227;225;224;1.153;49.99;404.2;0.367;408.4;0.332;0.0;0.000;60;0;0;1.384;1.108;0.967;74;121;101;49.99;49.99;49.99;3802;1000;0.0;0;1.0000;0;0
600;2017-09-07 17:00:00;172602N232;223;5.978;37;225;226;227;223;1.070;49.99;401.4;0.266;401.5;0.253;0.0;0.000;60;0;0;1.275;1.244;0.693;54;87;80;49.99;49.99;49.99;3802;1000;0.0;0;1.0000;0;0
600;2017-09-07 17:10:00;172602N232;225;6.016;37;225;225;227;223;1.045;50.01;401.5;0.267;402.4;0.256;0.0;0.000;60;0;0;1.176;1.245;0.716;72;73;78;50.01;50.01;50.01;3802;1000;0.0;0;1.0000;0;0
600;2017-09-07 17:20:00;172602N232;224;6.053;37;224;223;225;223;1.025;50.02;400.6;0.268;403.0;0.253;0.0;0.000;60;0;0;1.089;1.217;0.771;73;75;74;50.02;50.02;50.02;3802;1000;0.0;0;1.0000;0;0
600;2017-09-07 17:30:00;172602N232;212;6.088;37;222;223;223;221;0.999;49.99;400.1;0.251;401.7;0.239;0.0;0.000;60;0;0;1.165;1.043;0.791;46;77;87;49.99;49.99;49.99;3802;1000;0.0;0;1.0000;0;0
600;2017-09-07 17:40:00;172602N232;142;6.113;36;222;222;223;222;0.935;50.01;387.0;0.169;393.2;0.156;0.0;0.000;60;0;0;0.949;1.145;0.712;36;45;60;50.01;50.01;50.01;3802;1000;0.0;0;1.0000;0;0
600;2017-09-07 17:50:00;172602N232;87;6.127;36;222;221;224;221;0.939;49.98;364.7;0.102;375.8;0.096;0.0;0.000;60;0;0;0.794;1.292;0.731;28;9;57;49.98;49.98;49.98;3802;1000;0.0;0;1.0000;0;0
600;2017-09-07 18:00:00;172602N232;147;6.152;36;222;223;224;221;0.939;49.98;389.2;0.171;395.0;0.164;0.0;0.000;60;0;0;0.877;1.202;0.740;18;48;79;49.98;49.98;49.98;3802;1000;0.0;0;1.0000;0;0
600;2017-09-07 18:10:00;172602N232;150;6.177;36;223;222;225;221;1.001;50.00;388.7;0.176;394.9;0.169;0.0;0.000;60;0;0;0.815;1.386;0.803;37;23;89;50.00;50.00;50.00;3802;1000;0.0;0;1.0000;0;0
600;2017-09-07 18:20:00;172602N232;133;6.200;36;223;223;225;221;0.914;50.01;374.8;0.160;393.1;0.151;0.0;0.000;60;0;0;0.899;1.096;0.749;25;34;72;50.01;50.01;50.01;3802;1000;0.0;0;1.0000;0;0
600;2017-09-07 18:30:00;172602N232;102;6.217;36;224;224;224;222;0.886;49.99;366.7;0.121;385.6;0.114;0.0;0.000;60;0;0;0.958;0.975;0.727;7;32;61;49.99;49.99;49.99;3802;1000;0.0;0;1.0000;0;0
600;2017-09-07 18:40:00;172602N232;59;6.227;36;224;224;224;223;0.880;49.97;351.3;0.066;367.8;0.063;0.0;0.000;60;0;0;0.870;1.065;0.707;9;8;46;49.97;49.97;49.97;3802;1000;0.0;0;1.0000;0;0
600;2017-09-07 18:50:00;172602N232;27;6.232;35;223;224;224;222;0.450;49.98;312.2;0.022;309.3;0.025;0.0;0.000;60;0;0;0.552;0.431;0.369;1;17;24;49.98;49.98;49.98;3802;1000;0.0;0;1.0000;0;0
600;2017-09-07 19:00:00;172602N232;2;6.232;35;223;224;223;222;0.110;49.97;261.9;0.000;261.0;0.000;0.0;0.000;50;0;0;0.151;0.100;0.081;0;3;3;49.97;49.97;49.97;3802;1000;0.0;0;1.0000;0;0
600;2017-09-07 19:10:00;172602N232;0;6.232;34;223;223;226;221;0.000;49.98;239.0;0.000;239.8;0.000;0.0;0.000;50;0;0;0.000;0.000;0.000;0;0;0;49.98;49.98;49.98;3802;1000;0.0;0;1.0000;0;0
600;2017-09-07 19:20:00;172602N232;0;6.232;34;223;222;227;221;0.000;50.01;228.8;0.000;229.8;0.000;0.0;0.000;50;0;0;0.000;0.000;0.000;0;0;0;50.01;50.01;50.01;3802;1000;0.0;0;1.0000;0;0
[wr_ende]
