20161116;230000;172602N232;My Plant;+0100
[wr_def_start]
172602N232;Inverter Type;Inverter Group;72602N232      
[wr_def_end]
[wr]
INTERVAL;TIMESTAMP;SERIAL;P_AC;E_DAY;T_WR;U_AC;U_AC_1;U_AC_2;U_AC_3;I_AC;F_AC;U_DC_1;I_DC_1;U_DC_2;I_DC_2;U_DC_3;I_DC_3;S;E_WR;M_WR;I_AC_1;I_AC_2;I_AC_3;P_AC_1;P_AC_2;P_AC_3;F_AC_1;F_AC_2;F_AC_3;R_DC;PC;PCS;PCS_LL;COS_PHI;COS_PHI_LL;S_COS_PHI
600;2016-11-16 07:00:00;172602N232;0;0.000;0;4;4;4;4;0.000;0.92;4.1;0.000;4.2;0.000;0.0;0.000;50;0;0;0.000;0.000;0.000;0;0;0;0.92;0.92;0.92;32;1000;0.0;0;1.0000;0;0
600;2016-11-16 07:10:00;172602N232;0;0.000;17;220;221;222;219;0.000;50.00;234.0;0.000;235.0;0.000;0.0;0.000;50;0;0;0.000;0.000;0.000;0;0;0;50.00;50.00;50.00;0;1000;0.0;0;1.0000;0;0
600;2016-11-16 07:20:00;172602N232;0;0.000;18;223;224;224;220;0.000;50.01;247.6;0.000;248.2;0.000;0.0;0.000;50;0;0;0.000;0.000;0.000;0;0;0;50.01;50.01;50.01;0;1000;0.0;0;1.0000;0;0
600;2016-11-16 07:30:00;172602N232;0;0.000;18;223;225;224;221;0.020;49.99;287.0;0.000;286.0;0.000;0.0;0.000;60;0;0;0.026;0.019;0.017;0;1;0;49.99;49.99;49.99;2954;1000;0.0;0;1.0000;0;0
600;2016-11-16 07:40:00;172602N232;10;0.004;19;223;225;222;222;0.255;50.00;295.1;0.004;289.8;0.006;0.0;0.000;60;0;0;0.365;0.201;0.199;0;13;11;50.00;50.00;50.00;4863;1000;0.0;0;1.0000;0;0
600;2016-11-16 07:50:00;172602N232;39;0.014;19;223;224;223;222;0.562;50.00;352.9;0.036;357.0;0.035;0.0;0.000;60;0;0;0.757;0.456;0.473;0;32;26;50.00;50.00;50.00;4909;1000;0.0;0;1.0000;0;0
600;2016-11-16 08:00:00;172602N232;67;0.026;19;223;225;224;222;0.754;50.01;377.1;0.072;384.0;0.068;0.0;0.000;60;0;0;1.054;0.647;0.562;0;39;37;50.01;50.01;50.01;4909;1000;0.0;0;1.0000;0;0
600;2016-11-16 08:10:00;172602N232;90;0.040;20;224;224;224;223;0.878;50.02;384.7;0.099;403.1;0.092;0.0;0.000;60;0;0;1.055;0.859;0.721;9;36;45;50.02;50.02;50.02;4909;1000;0.0;0;1.0000;0;0
600;2016-11-16 08:20:00;172602N232;126;0.060;20;225;225;225;224;0.964;50.01;395.6;0.144;411.5;0.133;0.0;0.000;60;0;0;1.281;0.858;0.755;10;62;52;50.01;50.01;50.01;4909;1000;0.0;0;1.0000;0;0
600;2016-11-16 08:30:00;172602N232;206;0.090;21;224;225;225;223;1.045;50.03;408.5;0.240;424.5;0.218;0.0;0.000;60;0;0;1.252;1.131;0.754;38;88;77;50.03;50.03;50.03;4909;1000;0.0;0;1.0000;0;0
600;2016-11-16 08:40:00;172602N232;220;0.126;21;225;226;225;224;1.051;50.03;410.0;0.252;422.7;0.243;0.0;0.000;60;0;0;1.296;1.011;0.846;55;84;79;50.03;50.03;50.03;4909;1000;0.0;0;1.0000;0;0
600;2016-11-16 08:50:00;172602N232;236;0.166;22;224;225;225;223;1.084;50.01;411.6;0.270;423.2;0.262;0.0;0.000;60;0;0;1.282;1.164;0.808;48;102;84;50.01;50.01;50.01;4909;1000;0.0;0;1.0000;0;0
600;2016-11-16 09:00:00;172602N232;177;0.196;22;224;225;225;223;0.971;50.02;403.8;0.200;415.5;0.197;0.0;0.000;60;0;0;1.025;1.143;0.745;23;74;78;50.02;50.02;50.02;4909;1000;0.0;0;1.0000;0;0
600;2016-11-16 09:10:00;172602N232;192;0.227;22;224;225;225;222;1.037;50.03;405.5;0.217;416.8;0.213;0.0;0.000;60;0;0;1.408;0.951;0.754;43;74;74;50.03;50.03;50.03;4909;1000;0.0;0;1.0000;0;0
600;2016-11-16 09:20:00;172602N232;284;0.275;22;224;225;226;222;1.128;50.00;414.4;0.324;425.6;0.319;0.0;0.000;60;0;0;1.253;1.186;0.945;78;102;102;50.00;50.00;50.00;4909;1000;0.0;0;1.0000;0;0
600;2016-11-16 09:30:00;172602N232;270;0.321;23;224;223;225;223;1.087;50.00;413.0;0.308;424.3;0.302;0.0;0.000;60;0;0;1.145;1.245;0.872;81;103;83;50.00;50.00;50.00;4909;1000;0.0;0;1.0000;0;0
600;2016-11-16 09:40:00;172602N232;253;0.363;23;223;223;225;223;1.081;50.00;410.3;0.289;420.4;0.287;0.0;0.000;60;0;0;1.106;1.250;0.889;71;91;89;50.00;50.00;50.00;4909;1000;0.0;0;1.0000;0;0
600;2016-11-16 09:50:00;172602N232;251;0.405;23;224;223;225;222;1.097;50.00;409.1;0.287;420.1;0.284;0.0;0.000;60;0;0;1.106;1.275;0.912;64;89;96;50.00;50.00;50.00;4909;1000;0.0;0;1.0000;0;0
600;2016-11-16 10:00:00;172602N232;230;0.443;24;223;222;225;223;1.054;49.99;406.3;0.263;417.1;0.261;0.0;0.000;60;0;0;0.978;1.313;0.872;68;70;90;49.99;49.99;49.99;4909;1000;0.0;0;1.0000;0;0
600;2016-11-16 10:10:00;172602N232;184;0.474;24;224;222;225;224;0.999;50.01;400.3;0.209;411.5;0.208;0.0;0.000;60;0;0;1.076;1.102;0.821;69;52;61;50.01;50.01;50.01;4909;1000;0.0;0;1.0000;0;0
600;2016-11-16 10:20:00;172602N232;194;0.506;24;223;223;224;223;1.017;50.00;401.5;0.221;411.8;0.221;0.0;0.000;60;0;0;1.204;1.035;0.813;65;69;59;50.00;50.00;50.00;4909;1000;0.0;0;1.0000;0;0
600;2016-11-16 10:30:00;172602N232;313;0.559;24;224;223;225;224;1.140;50.01;412.1;0.360;422.6;0.357;0.0;0.000;60;0;0;1.147;1.264;1.009;101;103;107;50.01;50.01;50.01;4909;1000;0.0;0;1.0000;0;0
600;2016-11-16 10:40:00;172602N232;378;0.622;24;224;224;225;223;1.153;50.01;416.2;0.436;425.6;0.434;0.0;0.000;60;0;0;1.156;1.214;1.090;106;136;134;50.01;50.01;50.01;4909;1000;0.0;0;1.0000;0;0
600;2016-11-16 10:50:00;172602N232;228;0.660;25;224;224;223;224;1.032;50.00;403.5;0.262;413.8;0.261;0.0;0.000;60;0;0;1.103;1.080;0.915;62;99;66;50.00;50.00;50.00;4909;1000;0.0;0;1.0000;0;0
600;2016-11-16 11:00:00;172602N232;148;0.684;25;224;223;224;224;0.917;50.00;394.7;0.167;405.8;0.167;0.0;0.000;60;0;0;0.779;1.178;0.794;36;53;57;50.00;50.00;50.00;4909;1000;0.0;0;1.0000;0;0
600;2016-11-16 11:10:00;172602N232;152;0.711;25;224;223;224;224;0.917;50.00;394.1;0.172;405.6;0.171;0.0;0.000;60;0;0;0.808;1.162;0.781;36;60;55;50.00;50.00;50.00;4909;1000;0.0;0;1.0000;0;0
600;2016-11-16 11:20:00;172602N232;189;0.742;25;225;224;226;224;1.022;49.99;400.0;0.216;410.4;0.215;0.0;0.000;60;0;0;0.998;1.272;0.796;59;52;76;49.99;49.99;49.99;4909;1000;0.0;0;1.0000;0;0
600;2016-11-16 11:30:00;172602N232;222;0.779;25;225;224;227;224;1.053;50.00;404.9;0.255;415.0;0.253;0.0;0.000;60;0;0;0.989;1.304;0.866;69;60;91;50.00;50.00;50.00;4909;1000;0.0;0;1.0000;0;0
600;2016-11-16 11:40:00;172602N232;184;0.811;25;225;224;227;224;1.014;50.01;400.3;0.210;410.4;0.209;0.0;0.000;60;0;0;0.884;1.393;0.765;61;42;79;50.01;50.01;50.01;4909;1000;0.0;0;1.0000;0;0
600;2016-11-16 11:50:00;172602N232;107;0.828;25;225;225;226;224;0.980;50.00;385.0;0.118;395.1;0.120;0.0;0.000;60;0;0;0.927;1.239;0.776;22;16;68;50.00;50.00;50.00;4909;1000;0.0;0;1.0000;0;0
600;2016-11-16 12:00:00;172602N232;140;0.852;25;225;224;227;224;1.007;50.01;390.4;0.158;400.3;0.159;0.0;0.000;60;0;0;0.918;1.323;0.781;40;27;72;50.01;50.01;50.01;4909;1000;0.0;0;1.0000;0;0
600;2016-11-16 12:10:00;172602N232;207;0.887;25;225;225;225;224;1.000;50.02;403.0;0.236;412.7;0.236;0.0;0.000;60;0;0;1.037;1.137;0.826;49;82;75;50.02;50.02;50.02;4909;1000;0.0;0;1.0000;0;0
600;2016-11-16 12:20:00;172602N232;85;0.901;25;225;225;226;225;0.839;50.00;376.2;0.092;388.4;0.093;0.0;0.000;60;0;0;0.968;0.875;0.675;14;29;41;50.00;50.00;50.00;4909;1000;0.0;0;1.0000;0;0
600;2016-11-16 12:30:00;172602N232;119;0.922;25;224;224;226;223;0.974;49.99;386.6;0.134;399.8;0.133;0.0;0.000;60;0;0;0.921;1.256;0.745;29;23;65;49.99;49.99;49.99;4909;1000;0.0;0;1.0000;0;0
600;2016-11-16 12:40:00;172602N232;196;0.954;25;225;224;227;224;1.039;49.99;400.1;0.225;411.8;0.222;0.0;0.000;60;0;0;0.947;1.385;0.786;54;56;84;49.99;49.99;49.99;4909;1000;0.0;0;1.0000;0;0
600;2016-11-16 12:50:00;172602N232;272;0.999;25;225;224;226;224;1.125;50.01;408.6;0.314;419.3;0.311;0.0;0.000;60;0;0;1.171;1.293;0.913;78;94;98;50.01;50.01;50.01;4909;1000;0.0;0;1.0000;0;0
600;2016-11-16 13:00:00;172602N232;408;1.067;25;225;225;227;223;1.227;50.01;417.9;0.469;426.9;0.468;0.0;0.000;60;0;0;1.209;1.346;1.128;112;135;159;50.01;50.01;50.01;4909;1000;0.0;0;1.0000;0;0
600;2016-11-16 13:10:00;172602N232;461;1.144;25;225;224;226;224;0.886;49.99;419.7;0.530;428.5;0.528;0.0;0.000;60;0;0;0.864;0.933;0.863;142;164;152;49.99;49.99;49.99;4909;1000;0.0;0;1.0000;0;0
600;2016-11-16 13:20:00;172602N232;240;1.184;26;225;225;226;224;0.970;50.00;403.1;0.275;413.5;0.274;0.0;0.000;60;0;0;0.930;1.249;0.731;59;91;87;50.00;50.00;50.00;4909;1000;0.0;0;1.0000;0;0
600;2016-11-16 13:30:00;172602N232;181;1.214;26;225;225;225;224;0.949;50.00;399.3;0.206;409.4;0.206;0.0;0.000;60;0;0;0.967;1.157;0.725;31;72;76;50.00;50.00;50.00;4909;1000;0.0;0;1.0000;0;0
600;2016-11-16 13:40:00;172602N232;214;1.251;26;225;226;225;224;1.042;50.00;403.2;0.246;413.3;0.245;0.0;0.000;60;0;0;1.288;1.000;0.838;36;88;88;50.00;50.00;50.00;4909;1000;0.0;0;1.0000;0;0
600;2016-11-16 13:50:00;172602N232;142;1.275;26;225;226;225;223;1.009;49.98;390.6;0.162;404.1;0.160;0.0;0.000;60;0;0;1.283;0.963;0.781;5;66;73;49.98;49.98;49.98;4909;1000;0.0;0;1.0000;0;0
600;2016-11-16 14:00:00;172602N232;78;1.288;26;225;226;224;223;0.819;49.99;364.6;0.083;377.1;0.085;0.0;0.000;60;0;0;1.225;0.624;0.608;0;52;46;49.99;49.99;49.99;4909;1000;0.0;0;1.0000;0;0
600;2016-11-16 14:10:00;172602N232;84;1.303;26;225;226;225;224;0.897;50.01;371.6;0.092;383.2;0.093;0.0;0.000;60;0;0;1.321;0.694;0.678;0;55;45;50.01;50.01;50.01;4909;1000;0.0;0;1.0000;0;0
600;2016-11-16 14:20:00;172602N232;104;1.321;26;225;226;225;224;0.950;50.01;380.4;0.117;393.7;0.117;0.0;0.000;60;0;0;1.315;0.819;0.718;2;53;53;50.01;50.01;50.01;4909;1000;0.0;0;1.0000;0;0
600;2016-11-16 14:30:00;172602N232;112;1.339;26;226;226;226;224;0.903;50.00;384.5;0.125;396.8;0.125;0.0;0.000;60;0;0;1.145;0.860;0.705;6;48;60;50.00;50.00;50.00;4909;1000;0.0;0;1.0000;0;0
600;2016-11-16 14:40:00;172602N232;89;1.354;26;225;226;226;224;0.782;49.98;354.9;0.098;374.5;0.099;0.0;0.000;60;0;0;1.000;0.793;0.553;6;39;47;49.98;49.98;49.98;4909;1000;0.0;0;1.0000;0;0
600;2016-11-16 14:50:00;172602N232;68;1.366;26;226;227;226;225;0.787;50.00;354.0;0.074;366.1;0.074;0.0;0.000;60;0;0;1.191;0.597;0.574;0;46;41;50.00;50.00;50.00;4909;1000;0.0;0;1.0000;0;0
600;2016-11-16 15:00:00;172602N232;93;1.381;26;226;227;226;224;0.892;49.99;370.4;0.103;384.3;0.101;0.0;0.000;60;0;0;1.255;0.754;0.667;0;48;52;49.99;49.99;49.99;4909;1000;0.0;0;1.0000;0;0
600;2016-11-16 15:10:00;172602N232;6;1.383;25;226;227;227;224;0.190;49.99;258.5;0.001;261.3;0.004;0.0;0.000;60;0;0;0.289;0.166;0.115;2;3;7;49.99;49.99;49.99;4909;1000;0.0;0;1.0000;0;0
600;2016-11-16 15:20:00;172602N232;0;1.383;25;226;226;227;223;0.004;50.03;299.5;0.000;297.7;0.000;0.0;0.000;50;0;0;0.013;0.000;0.000;0;0;0;50.03;50.03;50.03;4909;1000;0.0;0;1.0000;0;0
600;2016-11-16 15:30:00;172602N232;0;1.383;24;225;225;228;223;0.000;50.02;229.8;0.000;230.7;0.000;0.0;0.000;50;0;0;0.000;0.000;0.000;0;0;0;50.02;50.02;50.02;4909;1000;0.0;0;1.0000;0;0
600;2016-11-16 15:40:00;172602N232;0;1.383;24;224;224;227;221;0.000;49.98;229.5;0.000;230.5;0.000;0.0;0.000;50;0;0;0.000;0.000;0.000;0;0;0;49.98;49.98;49.98;4909;1000;0.0;0;1.0000;0;0
600;2016-11-16 15:50:00;172602N232;0;1.383;24;224;225;227;221;0.000;49.98;228.5;0.000;229.4;0.000;0.0;0.000;50;0;0;0.000;0.000;0.000;0;0;0;49.98;49.98;49.98;4909;1000;0.0;0;1.0000;0;0
[wr_ende]
