20160306;230005;172602N232;My Plant;+0100
[wr_def_start]
172602N232;Inverter Type;Inverter Group;72602N232      
[wr_def_end]
[wr]
INTERVAL;TIMESTAMP;SERIAL;P_AC;E_DAY;T_WR;U_AC;U_AC_1;U_AC_2;U_AC_3;I_AC;F_AC;U_DC_1;I_DC_1;U_DC_2;I_DC_2;U_DC_3;I_DC_3;S;E_WR;M_WR;I_AC_1;I_AC_2;I_AC_3;P_AC_1;P_AC_2;P_AC_3;F_AC_1;F_AC_2;F_AC_3;R_DC;PC;PCS;PCS_LL;COS_PHI;COS_PHI_LL;S_COS_PHI
600;2016-03-06 06:20:00;172602N232;0;0.000;0;3;3;3;3;0.000;0.69;3.1;0.000;3.1;0.000;0.0;0.000;50;0;0;0.000;0.000;0.000;0;0;0;0.69;0.69;0.69;50;1000;0.0;0;1.0000;0;0
600;2016-03-06 06:30:00;172602N232;0;0.000;13;224;224;226;221;0.000;50.00;226.8;0.000;227.7;0.000;0.0;0.000;50;0;0;0.000;0.000;0.000;0;0;0;50.00;50.00;50.00;0;1000;0.0;0;1.0000;0;0
600;2016-03-06 06:40:00;172602N232;0;0.000;14;224;224;227;221;0.000;50.01;229.3;0.000;230.2;0.000;0.0;0.000;50;0;0;0.000;0.000;0.000;0;0;0;50.01;50.01;50.01;0;1000;0.0;0;1.0000;0;0
600;2016-03-06 06:50:00;172602N232;0;0.000;15;224;224;226;221;0.000;50.00;233.3;0.000;234.3;0.000;0.0;0.000;50;0;0;0.000;0.000;0.000;0;0;0;50.00;50.00;50.00;0;1000;0.0;0;1.0000;0;0
600;2016-03-06 07:00:00;172602N232;0;0.000;15;223;224;226;220;0.000;49.99;280.9;0.000;280.7;0.000;0.0;0.000;60;0;0;0.001;0.001;0.000;0;0;0;49.99;49.99;49.99;1959;1000;0.0;0;1.0000;0;0
600;2016-03-06 07:10:00;172602N232;3;0.001;16;223;224;225;222;0.162;49.99;276.0;0.000;275.1;0.001;0.0;0.000;60;0;0;0.190;0.174;0.122;1;2;6;49.99;49.99;49.99;4894;1000;0.0;0;1.0000;0;0
600;2016-03-06 07:20:00;172602N232;1;0.001;16;223;222;224;222;0.118;49.99;252.1;0.000;253.1;0.000;0.0;0.000;60;0;0;0.137;0.150;0.067;2;0;3;49.99;49.99;49.99;5069;1000;0.0;0;1.0000;0;0
600;2016-03-06 07:30:00;172602N232;1;0.002;16;223;221;224;222;0.122;50.01;251.7;0.000;252.3;0.000;0.0;0.000;60;0;0;0.113;0.176;0.079;3;0;3;50.01;50.01;50.01;5069;1000;0.0;0;1.0000;0;0
600;2016-03-06 07:40:00;172602N232;4;0.004;17;222;221;224;222;0.222;49.99;258.7;0.000;255.3;0.001;0.0;0.000;60;0;0;0.170;0.346;0.151;4;0;7;49.99;49.99;49.99;5069;1000;0.0;0;1.0000;0;0
600;2016-03-06 07:50:00;172602N232;7;0.006;17;222;221;223;221;0.220;50.00;261.4;0.000;257.8;0.003;0.0;0.000;60;0;0;0.196;0.315;0.149;4;1;8;50.00;50.00;50.00;5069;1000;0.0;0;1.0000;0;0
600;2016-03-06 08:00:00;172602N232;14;0.009;17;222;222;223;222;0.335;50.00;297.4;0.005;290.7;0.009;0.0;0.000;60;0;0;0.321;0.437;0.248;4;1;13;50.00;50.00;50.00;5069;1000;0.0;0;1.0000;0;0
600;2016-03-06 08:10:00;172602N232;29;0.013;18;221;222;222;221;0.467;49.99;340.9;0.019;361.4;0.021;0.0;0.000;60;0;0;0.547;0.502;0.352;4;10;21;49.99;49.99;49.99;5069;1000;0.0;0;1.0000;0;0
600;2016-03-06 08:20:00;172602N232;35;0.020;18;221;220;223;220;0.503;49.99;343.4;0.027;368.3;0.029;0.0;0.000;60;0;0;0.526;0.659;0.324;23;1;20;49.99;49.99;49.99;5069;1000;0.0;0;1.0000;0;0
600;2016-03-06 08:30:00;172602N232;36;0.026;18;221;221;222;220;0.597;50.01;349.2;0.029;367.5;0.031;0.0;0.000;60;0;0;0.640;0.730;0.421;5;5;28;50.01;50.01;50.01;5069;1000;0.0;0;1.0000;0;0
600;2016-03-06 08:40:00;172602N232;51;0.031;18;221;221;222;220;0.852;49.99;369.8;0.050;385.9;0.051;0.0;0.000;60;0;0;1.035;0.866;0.656;0;19;43;49.99;49.99;49.99;5069;1000;0.0;0;1.0000;0;0
600;2016-03-06 08:50:00;172602N232;62;0.042;19;221;222;222;219;0.714;49.99;377.3;0.061;388.3;0.063;0.0;0.000;60;0;0;0.945;0.665;0.533;0;33;38;49.99;49.99;49.99;5069;1000;0.0;0;1.0000;0;0
600;2016-03-06 09:00:00;172602N232;65;0.053;19;221;221;221;219;0.718;49.99;379.4;0.065;388.4;0.067;0.0;0.000;60;0;0;0.972;0.645;0.539;0;35;37;49.99;49.99;49.99;5069;1000;0.0;0;1.0000;0;0
600;2016-03-06 09:10:00;172602N232;75;0.066;19;220;220;221;219;0.835;49.99;387.7;0.079;392.5;0.080;0.0;0.000;60;0;0;0.928;0.918;0.661;7;22;48;49.99;49.99;49.99;5069;1000;0.0;0;1.0000;0;0
600;2016-03-06 09:20:00;172602N232;66;0.078;19;220;220;221;221;0.713;50.01;381.1;0.066;388.6;0.068;0.0;0.000;60;0;0;0.757;0.747;0.636;14;24;26;50.01;50.01;50.01;5069;1000;0.0;0;1.0000;0;0
600;2016-03-06 09:30:00;172602N232;70;0.089;20;224;223;225;223;0.791;50.01;384.0;0.071;388.9;0.074;0.0;0.000;60;0;0;0.735;1.002;0.637;20;10;39;50.01;50.01;50.01;5069;1000;0.0;0;1.0000;0;0
600;2016-03-06 09:40:00;172602N232;118;0.109;20;223;223;225;222;0.910;50.00;405.7;0.127;402.5;0.129;0.0;0.000;60;0;0;0.871;1.130;0.730;26;22;67;50.00;50.00;50.00;5069;1000;0.0;0;1.0000;0;0
600;2016-03-06 09:50:00;172602N232;151;0.134;20;223;224;225;221;1.054;50.00;414.2;0.164;408.5;0.167;0.0;0.000;60;0;0;1.297;1.095;0.771;18;61;71;50.00;50.00;50.00;5069;1000;0.0;0;1.0000;0;0
600;2016-03-06 10:00:00;172602N232;157;0.160;20;223;224;223;222;1.173;50.01;416.5;0.171;409.3;0.174;0.0;0.000;60;0;0;1.697;1.006;0.816;3;99;61;50.01;50.01;50.01;5069;1000;0.0;0;1.0000;0;0
600;2016-03-06 10:10:00;172602N232;157;0.187;21;223;224;224;222;1.105;50.01;416.2;0.171;409.3;0.174;0.0;0.000;60;0;0;1.445;1.058;0.814;17;80;58;50.01;50.01;50.01;5069;1000;0.0;0;1.0000;0;0
600;2016-03-06 10:20:00;172602N232;165;0.214;21;223;223;224;222;1.046;50.01;417.2;0.180;410.1;0.183;0.0;0.000;60;0;0;1.287;1.069;0.784;30;67;66;50.01;50.01;50.01;5069;1000;0.0;0;1.0000;0;0
600;2016-03-06 10:30:00;172602N232;172;0.243;21;222;221;224;222;0.915;49.98;417.8;0.187;410.6;0.190;0.0;0.000;60;0;0;0.740;1.298;0.709;32;61;76;49.98;49.98;49.98;5069;1000;0.0;0;1.0000;0;0
600;2016-03-06 10:40:00;172602N232;173;0.272;21;223;222;224;222;0.978;49.98;418.0;0.189;411.0;0.192;0.0;0.000;60;0;0;1.153;1.068;0.713;33;67;71;49.98;49.98;49.98;5069;1000;0.0;0;1.0000;0;0
600;2016-03-06 10:50:00;172602N232;222;0.309;21;223;224;225;220;1.073;50.01;425.2;0.244;415.5;0.249;0.0;0.000;60;0;0;1.343;1.114;0.764;48;83;89;50.01;50.01;50.01;5069;1000;0.0;0;1.0000;0;0
600;2016-03-06 11:00:00;172602N232;251;0.351;22;223;224;223;220;1.124;49.99;427.9;0.278;417.5;0.283;0.0;0.000;60;0;0;1.379;1.148;0.845;48;108;93;49.99;49.99;49.99;5069;1000;0.0;0;1.0000;0;0
600;2016-03-06 11:10:00;172602N232;411;0.421;22;223;223;223;222;1.021;50.01;438.1;0.458;423.6;0.469;0.0;0.000;60;0;0;1.058;1.030;0.976;121;146;141;50.01;50.01;50.01;5069;1000;0.0;0;1.0000;0;0
600;2016-03-06 11:20:00;172602N232;532;0.509;22;224;223;224;224;0.879;49.99;442.8;0.595;424.3;0.612;0.0;0.000;60;0;0;0.840;0.914;0.884;166;185;179;49.99;49.99;49.99;5069;1000;0.0;0;1.0000;0;0
600;2016-03-06 11:30:00;172602N232;560;0.603;22;224;224;226;222;0.876;49.99;442.4;0.627;423.3;0.646;0.0;0.000;60;0;0;0.831;0.921;0.878;175;197;186;49.99;49.99;49.99;5069;1000;0.0;0;1.0000;0;0
600;2016-03-06 11:40:00;172602N232;527;0.690;23;224;224;225;221;0.829;50.00;440.9;0.592;423.4;0.607;0.0;0.000;60;0;0;0.785;0.870;0.832;164;186;175;50.00;50.00;50.00;5069;1000;0.0;0;1.0000;0;0
600;2016-03-06 11:50:00;172602N232;612;0.793;23;223;225;224;219;1.017;50.00;443.3;0.686;424.0;0.706;0.0;0.000;60;0;0;1.015;1.042;0.996;196;213;201;50.00;50.00;50.00;5069;1000;0.0;0;1.0000;0;0
600;2016-03-06 12:00:00;172602N232;523;0.880;23;224;226;224;221;0.820;50.00;440.4;0.587;422.3;0.603;0.0;0.000;60;0;0;0.782;0.855;0.824;164;183;173;50.00;50.00;50.00;5069;1000;0.0;0;1.0000;0;0
600;2016-03-06 12:10:00;172602N232;562;0.974;24;225;226;226;222;1.015;50.01;442.4;0.629;422.9;0.650;0.0;0.000;60;0;0;1.114;1.000;0.931;181;195;184;50.01;50.01;50.01;5069;1000;0.0;0;1.0000;0;0
600;2016-03-06 12:20:00;172602N232;715;1.093;24;225;225;227;223;1.120;50.02;441.0;0.808;423.8;0.830;0.0;0.000;60;0;0;1.089;1.156;1.115;227;250;236;50.02;50.02;50.02;5069;1000;0.0;0;1.0000;0;0
600;2016-03-06 12:30:00;172602N232;853;1.236;24;224;223;226;223;1.350;49.99;446.1;0.957;424.5;0.991;0.0;0.000;60;0;0;1.341;1.370;1.339;273;295;283;49.99;49.99;49.99;5069;1000;0.0;0;1.0000;0;0
600;2016-03-06 12:40:00;172602N232;769;1.363;25;224;224;226;223;1.183;50.01;444.0;0.867;422.9;0.896;0.0;0.000;60;0;0;1.132;1.229;1.189;243;269;255;50.01;50.01;50.01;5069;1000;0.0;0;1.0000;0;0
600;2016-03-06 12:50:00;172602N232;669;1.475;25;224;224;226;223;1.035;50.03;442.2;0.753;421.8;0.778;0.0;0.000;60;0;0;0.984;1.080;1.041;210;234;222;50.03;50.03;50.03;5069;1000;0.0;0;1.0000;0;0
600;2016-03-06 13:00:00;172602N232;578;1.572;25;224;224;227;220;1.123;50.01;440.4;0.651;420.6;0.671;0.0;0.000;60;0;0;1.328;1.039;1.003;201;192;184;50.01;50.01;50.01;5069;1000;0.0;0;1.0000;0;0
600;2016-03-06 13:10:00;172602N232;567;1.667;25;224;224;227;222;0.953;50.02;439.8;0.638;420.1;0.660;0.0;0.000;60;0;0;0.914;0.994;0.952;177;200;188;50.02;50.02;50.02;5069;1000;0.0;0;1.0000;0;0
600;2016-03-06 13:20:00;172602N232;624;1.770;25;225;225;226;223;0.969;50.02;438.9;0.706;421.1;0.728;0.0;0.000;60;0;0;0.917;1.010;0.981;195;218;209;50.02;50.02;50.02;5069;1000;0.0;0;1.0000;0;0
600;2016-03-06 13:30:00;172602N232;663;1.881;25;224;225;226;222;1.025;50.01;440.4;0.748;420.6;0.773;0.0;0.000;60;0;0;0.975;1.071;1.031;208;232;220;50.01;50.01;50.01;5069;1000;0.0;0;1.0000;0;0
600;2016-03-06 13:40:00;172602N232;548;1.974;26;225;225;227;222;0.859;50.00;436.0;0.624;418.6;0.639;0.0;0.000;60;0;0;0.804;0.907;0.867;169;194;183;50.00;50.00;50.00;5069;1000;0.0;0;1.0000;0;0
600;2016-03-06 13:50:00;172602N232;528;2.061;26;224;225;225;223;1.027;50.01;432.4;0.603;419.0;0.614;0.0;0.000;60;0;0;1.054;1.050;0.979;167;189;170;50.01;50.01;50.01;5069;1000;0.0;0;1.0000;0;0
600;2016-03-06 14:00:00;172602N232;409;2.130;26;224;224;224;223;1.118;50.00;427.6;0.467;419.6;0.470;0.0;0.000;60;0;0;1.153;1.137;1.066;120;153;133;50.00;50.00;50.00;5069;1000;0.0;0;1.0000;0;0
600;2016-03-06 14:10:00;172602N232;581;2.226;26;225;223;226;225;0.960;50.01;439.1;0.657;421.5;0.673;0.0;0.000;60;0;0;0.903;1.000;0.978;179;204;196;50.01;50.01;50.01;5069;1000;0.0;0;1.0000;0;0
600;2016-03-06 14:20:00;172602N232;543;2.317;26;224;224;226;224;0.914;50.02;437.8;0.615;421.2;0.629;0.0;0.000;60;0;0;0.883;0.927;0.934;169;189;183;50.02;50.02;50.02;5069;1000;0.0;0;1.0000;0;0
600;2016-03-06 14:30:00;172602N232;403;2.384;26;224;224;225;224;1.118;50.00;432.4;0.455;419.9;0.463;0.0;0.000;60;0;0;1.105;1.175;1.075;117;146;138;50.00;50.00;50.00;5069;1000;0.0;0;1.0000;0;0
600;2016-03-06 14:40:00;172602N232;332;2.439;26;225;225;224;225;1.185;50.00;428.7;0.374;418.1;0.380;0.0;0.000;60;0;0;1.348;1.188;1.020;93;148;90;50.00;50.00;50.00;5069;1000;0.0;0;1.0000;0;0
600;2016-03-06 14:50:00;172602N232;226;2.478;25;225;224;226;224;1.053;50.01;420.1;0.251;412.4;0.258;0.0;0.000;60;0;0;1.200;1.229;0.730;64;85;75;50.01;50.01;50.01;5069;1000;0.0;0;1.0000;0;0
600;2016-03-06 15:00:00;172602N232;164;2.505;25;225;224;227;223;0.979;50.01;412.9;0.179;407.6;0.184;0.0;0.000;60;0;0;0.801;1.376;0.761;41;36;85;50.01;50.01;50.01;5069;1000;0.0;0;1.0000;0;0
600;2016-03-06 15:10:00;172602N232;175;2.535;25;225;224;226;224;0.944;50.00;415.2;0.192;409.6;0.196;0.0;0.000;60;0;0;0.869;1.234;0.730;26;67;80;50.00;50.00;50.00;5069;1000;0.0;0;1.0000;0;0
600;2016-03-06 15:20:00;172602N232;177;2.564;25;225;224;227;222;1.041;50.01;414.5;0.196;410.3;0.198;0.0;0.000;60;0;0;1.188;1.247;0.689;47;43;86;50.01;50.01;50.01;5069;1000;0.0;0;1.0000;0;0
600;2016-03-06 15:30:00;172602N232;160;2.591;25;225;224;227;224;0.991;50.00;413.0;0.176;409.1;0.177;0.0;0.000;60;0;0;1.161;1.093;0.720;62;37;59;50.00;50.00;50.00;5069;1000;0.0;0;1.0000;0;0
600;2016-03-06 15:40:00;172602N232;112;2.610;24;224;223;226;224;0.959;50.01;401.1;0.121;400.9;0.123;0.0;0.000;60;0;0;0.905;1.217;0.755;46;12;52;50.01;50.01;50.01;5069;1000;0.0;0;1.0000;0;0
600;2016-03-06 15:50:00;172602N232;90;2.625;24;225;223;227;224;0.946;50.01;394.6;0.096;396.7;0.097;0.0;0.000;60;0;0;0.892;1.211;0.737;37;6;46;50.01;50.01;50.01;5069;1000;0.0;0;1.0000;0;0
600;2016-03-06 16:00:00;172602N232;54;2.634;24;224;223;226;223;0.672;49.99;369.6;0.051;382.7;0.053;0.0;0.000;60;0;0;0.727;0.814;0.476;16;5;34;49.99;49.99;49.99;5069;1000;0.0;0;1.0000;0;0
600;2016-03-06 16:10:00;172602N232;37;2.641;24;224;223;226;223;0.598;49.99;348.6;0.030;367.6;0.032;0.0;0.000;60;0;0;0.580;0.803;0.412;15;1;29;49.99;49.99;49.99;5069;1000;0.0;0;1.0000;0;0
600;2016-03-06 16:20:00;172602N232;31;2.646;24;224;223;224;223;0.496;49.98;334.6;0.024;360.7;0.026;0.0;0.000;60;0;0;0.542;0.547;0.401;5;9;21;49.98;49.98;49.98;5069;1000;0.0;0;1.0000;0;0
600;2016-03-06 16:30:00;172602N232;22;2.650;23;223;223;224;222;0.428;50.04;317.5;0.014;322.6;0.018;0.0;0.000;60;0;0;0.465;0.511;0.310;5;7;18;50.04;50.04;50.04;5069;1000;0.0;0;1.0000;0;0
600;2016-03-06 16:40:00;172602N232;10;2.652;23;222;220;223;222;0.310;50.02;274.2;0.003;265.7;0.007;0.0;0.000;60;0;0;0.239;0.473;0.219;10;2;9;50.02;50.02;50.02;5069;1000;0.0;0;1.0000;0;0
600;2016-03-06 16:50:00;172602N232;3;2.653;23;220;220;221;219;0.184;49.99;254.4;0.000;253.2;0.000;0.0;0.000;60;0;0;0.219;0.207;0.126;1;2;6;49.99;49.99;49.99;5069;1000;0.0;0;1.0000;0;0
600;2016-03-06 17:00:00;172602N232;2;2.654;23;220;220;223;218;0.153;49.99;252.7;0.000;253.2;0.000;0.0;0.000;60;0;0;0.173;0.187;0.101;2;1;5;49.99;49.99;49.99;5069;1000;0.0;0;1.0000;0;0
600;2016-03-06 17:10:00;172602N232;0;2.654;22;219;218;223;217;0.015;49.97;267.5;0.000;267.1;0.000;0.0;0.000;51;0;0;0.012;0.022;0.011;0;0;0;49.97;49.97;49.97;5089;1000;0.0;0;1.0000;0;0
600;2016-03-06 17:20:00;172602N232;0;2.653;22;219;216;222;219;0.002;49.98;274.5;0.000;273.9;0.000;0.0;0.000;50;0;0;0.001;0.005;0.000;0;0;0;49.98;49.98;49.98;5431;1000;0.0;0;1.0000;0;0
600;2016-03-06 17:30:00;172602N232;0;2.653;21;221;218;225;220;0.000;50.06;234.4;0.000;235.3;0.000;0.0;0.000;50;0;0;0.000;0.000;0.000;0;0;0;50.06;50.06;50.06;5431;1000;0.0;0;1.0000;0;0
600;2016-03-06 17:40:00;172602N232;0;2.653;21;221;218;224;221;0.000;50.02;228.7;0.000;229.6;0.000;0.0;0.000;50;0;0;0.000;0.000;0.000;0;0;0;50.02;50.02;50.02;5431;1000;0.0;0;1.0000;0;0
[wr_ende]
