20140812;230002;172602N232;My Plant;+0100
[wr_def_start]
172602N232;Inverter Type;Inverter Group;72602N232      
[wr_def_end]
[wr]
INTERVAL;TIMESTAMP;SERIAL;P_AC;E_DAY;T_WR;U_AC;U_AC_1;U_AC_2;U_AC_3;I_AC;F_AC;U_DC_1;I_DC_1;U_DC_2;I_DC_2;U_DC_3;I_DC_3;S;E_WR;M_WR;I_AC_1;I_AC_2;I_AC_3;P_AC_1;P_AC_2;P_AC_3;F_AC_1;F_AC_2;F_AC_3;R_DC;PC;PCS;PCS_LL;COS_PHI;COS_PHI_LL;S_COS_PHI
600;2014-08-12 05:10:00;172602N232;0;0.000;0;6;6;6;6;0.000;1.49;6.6;0.000;6.6;0.000;0.0;0.000;50;0;0;0.000;0.000;0.000;0;0;0;1.49;1.49;1.49;109;1000;0.0;0;1.0000;0;0
600;2014-08-12 05:20:00;172602N232;0;0.000;28;223;223;225;220;0.000;49.99;229.0;0.000;230.0;0.000;0.0;0.000;50;0;0;0.000;0.000;0.000;0;0;0;49.99;49.99;49.99;0;1000;0.0;0;1.0000;0;0
600;2014-08-12 05:30:00;172602N232;0;0.000;29;223;223;226;220;0.000;50.00;244.4;0.000;245.1;0.000;0.0;0.000;50;0;0;0.000;0.000;0.000;0;0;0;50.00;50.00;50.00;0;1000;0.0;0;1.0000;0;0
600;2014-08-12 05:40:00;172602N232;0;0.000;30;222;222;225;220;0.003;50.01;289.0;0.000;288.2;0.000;0.0;0.000;51;0;0;0.004;0.004;0.002;0;0;0;50.01;50.01;50.01;3138;1000;0.0;0;1.0000;0;0
600;2014-08-12 05:50:00;172602N232;28;0.004;30;221;220;222;219;0.509;50.01;329.2;0.026;338.6;0.029;0.0;0.000;60;0;0;0.531;0.647;0.351;10;1;22;50.01;50.01;50.01;4363;1000;0.0;0;1.0000;0;0
600;2014-08-12 06:00:00;172602N232;68;0.015;30;222;222;223;220;0.805;50.00;373.4;0.075;380.9;0.075;0.0;0.000;60;0;0;0.830;0.961;0.625;9;12;45;50.00;50.00;50.00;4369;1000;0.0;0;1.0000;0;0
600;2014-08-12 06:10:00;172602N232;138;0.037;31;221;221;222;220;0.913;49.99;393.1;0.161;396.8;0.159;0.0;0.000;60;0;0;0.928;1.079;0.732;26;42;67;49.99;49.99;49.99;4369;1000;0.0;0;1.0000;0;0
600;2014-08-12 06:20:00;172602N232;275;0.084;31;221;221;222;220;1.100;49.99;407.8;0.332;415.7;0.311;0.0;0.000;60;0;0;1.190;1.211;0.899;80;104;89;49.99;49.99;49.99;4369;1000;0.0;0;1.0000;0;0
600;2014-08-12 06:30:00;172602N232;295;0.134;32;220;220;221;219;1.123;49.99;410.2;0.356;417.2;0.334;0.0;0.000;60;0;0;1.187;1.229;0.953;78;108;108;49.99;49.99;49.99;4369;1000;0.0;0;1.0000;0;0
600;2014-08-12 06:40:00;172602N232;234;0.173;32;219;218;220;218;1.035;49.99;407.8;0.283;412.0;0.257;0.0;0.000;60;0;0;1.123;1.094;0.889;67;82;83;49.99;49.99;49.99;4369;1000;0.0;0;1.0000;0;0
600;2014-08-12 06:50:00;172602N232;244;0.213;33;221;221;223;220;1.049;49.99;399.4;0.292;407.3;0.287;0.0;0.000;60;0;0;1.054;1.235;0.858;70;81;91;49.99;49.99;49.99;4369;1000;0.0;0;1.0000;0;0
600;2014-08-12 07:00:00;172602N232;500;0.297;33;219;219;220;218;0.893;49.98;423.7;0.580;418.4;0.591;0.0;0.000;60;0;0;0.861;0.926;0.893;155;176;167;49.98;49.98;49.98;4369;1000;0.0;0;1.0000;0;0
600;2014-08-12 07:10:00;172602N232;606;0.398;34;219;219;221;217;1.038;49.97;429.0;0.713;429.8;0.682;0.0;0.000;60;0;0;1.064;1.038;1.012;192;211;201;49.97;49.97;49.97;4369;1000;0.0;0;1.0000;0;0
600;2014-08-12 07:20:00;172602N232;643;0.506;34;219;218;220;217;1.175;49.99;430.4;0.747;428.2;0.736;0.0;0.000;60;0;0;1.251;1.129;1.147;206;219;216;49.99;49.99;49.99;4369;1000;0.0;0;1.0000;0;0
600;2014-08-12 07:30:00;172602N232;752;0.632;35;219;219;220;217;1.172;49.99;431.3;0.890;435.2;0.835;0.0;0.000;60;0;0;1.120;1.215;1.182;238;262;250;49.99;49.99;49.99;4369;1000;0.0;0;1.0000;0;0
600;2014-08-12 07:40:00;172602N232;605;0.732;35;219;220;221;218;0.949;50.00;430.2;0.717;429.4;0.676;0.0;0.000;60;0;0;0.897;0.990;0.961;189;212;203;50.00;50.00;50.00;4369;1000;0.0;0;1.0000;0;0
600;2014-08-12 07:50:00;172602N232;546;0.823;36;219;220;220;218;0.857;50.00;426.8;0.634;419.3;0.641;0.0;0.000;60;0;0;0.810;0.892;0.871;171;189;183;50.00;50.00;50.00;4369;1000;0.0;0;1.0000;0;0
600;2014-08-12 08:00:00;172602N232;699;0.940;36;220;220;220;218;1.088;49.99;427.5;0.821;425.3;0.807;0.0;0.000;60;0;0;1.040;1.124;1.101;221;241;234;49.99;49.99;49.99;4369;1000;0.0;0;1.0000;0;0
600;2014-08-12 08:10:00;172602N232;671;1.051;37;220;220;221;219;1.045;49.98;433.1;0.825;434.8;0.709;0.0;0.000;60;0;0;0.995;1.086;1.056;211;234;224;49.98;49.98;49.98;4369;1000;0.0;0;1.0000;0;0
600;2014-08-12 08:20:00;172602N232;656;1.162;37;220;221;222;218;1.021;49.99;446.8;0.808;435.0;0.661;0.0;0.000;60;0;0;0.975;1.064;1.025;207;230;217;49.99;49.99;49.99;4369;1000;0.0;0;1.0000;0;0
600;2014-08-12 08:30:00;172602N232;686;1.276;38;220;220;222;218;1.069;49.99;448.3;0.863;436.4;0.667;0.0;0.000;60;0;0;1.031;1.107;1.070;218;240;227;49.99;49.99;49.99;4369;1000;0.0;0;1.0000;0;0
600;2014-08-12 08:40:00;172602N232;604;1.377;38;220;220;222;218;1.009;49.98;388.1;1.024;429.6;0.510;0.0;0.000;60;0;0;1.016;1.018;0.993;193;209;200;49.98;49.98;49.98;4369;1000;0.0;0;1.0000;0;0
600;2014-08-12 08:50:00;172602N232;734;1.500;38;221;220;223;219;1.133;49.99;356.9;1.457;438.1;0.492;0.0;0.000;60;0;0;1.085;1.173;1.141;232;256;244;49.99;49.99;49.99;4369;1000;0.0;0;1.0000;0;0
600;2014-08-12 09:00:00;172602N232;1086;1.681;38;221;220;224;220;1.692;49.99;374.8;2.290;448.9;0.519;0.0;0.000;60;0;0;1.651;1.744;1.683;348;378;358;49.99;49.99;49.99;4369;1000;0.0;0;1.0000;0;0
600;2014-08-12 09:10:00;172602N232;1524;1.935;39;222;220;224;220;2.308;50.00;411.7;3.016;450.6;0.639;0.0;0.000;60;0;0;2.243;2.367;2.315;489;527;506;50.00;50.00;50.00;4369;1000;0.0;0;1.0000;0;0
600;2014-08-12 09:20:00;172602N232;1373;2.163;39;221;220;224;220;2.100;50.00;409.6;2.503;434.3;0.825;0.0;0.000;60;0;0;2.037;2.156;2.109;439;475;457;50.00;50.00;50.00;4369;1000;0.0;0;1.0000;0;0
600;2014-08-12 09:30:00;172602N232;2046;2.504;39;221;221;224;219;3.094;50.00;410.0;3.427;298.3;2.247;0.0;0.000;60;0;0;3.034;3.168;3.080;666;707;671;50.00;50.00;50.00;4369;1000;0.0;0;1.0000;0;0
600;2014-08-12 09:40:00;172602N232;2364;2.899;39;223;222;226;220;3.552;49.99;407.0;3.726;349.0;2.555;0.0;0.000;60;0;0;3.494;3.628;3.534;770;817;775;49.99;49.99;49.99;4369;1000;0.0;0;1.0000;0;0
600;2014-08-12 09:50:00;172602N232;2051;3.242;40;221;220;224;219;3.112;49.99;405.8;2.995;386.3;2.225;0.0;0.000;60;0;0;3.043;3.189;3.105;664;710;676;49.99;49.99;49.99;4369;1000;0.0;0;1.0000;0;0
600;2014-08-12 10:00:00;172602N232;3059;3.752;40;221;220;224;219;4.623;50.00;403.2;4.359;402.2;3.337;0.0;0.000;60;0;0;4.543;4.738;4.588;995;1061;1001;50.00;50.00;50.00;4369;1000;0.0;0;1.0000;0;0
600;2014-08-12 10:10:00;172602N232;3484;4.333;41;222;220;225;219;5.243;50.00;398.8;4.686;408.9;4.094;0.0;0.000;60;0;0;5.155;5.383;5.191;1134;1213;1136;50.00;50.00;50.00;4369;1000;0.0;0;1.0000;0;0
600;2014-08-12 10:20:00;172602N232;2794;4.799;41;221;220;224;219;4.216;49.99;399.0;3.614;395.2;3.531;0.0;0.000;60;0;0;4.147;4.315;4.186;910;967;915;49.99;49.99;49.99;4369;1000;0.0;0;1.0000;0;0
600;2014-08-12 10:30:00;172602N232;3018;5.301;42;221;220;224;218;4.555;49.99;400.1;3.892;401.0;3.759;0.0;0.000;60;0;0;4.486;4.667;4.514;986;1045;984;49.99;49.99;49.99;4369;1000;0.0;0;1.0000;0;0
600;2014-08-12 10:40:00;172602N232;1619;5.572;42;219;219;222;218;2.476;50.00;411.7;1.990;405.5;1.993;0.0;0.000;60;0;0;2.416;2.544;2.469;523;561;533;50.00;50.00;50.00;4369;1000;0.0;0;1.0000;0;0
600;2014-08-12 10:50:00;172602N232;1944;5.896;42;220;218;223;218;2.967;49.99;414.5;2.386;413.1;2.340;0.0;0.000;60;0;0;2.897;3.054;2.952;628;676;639;49.99;49.99;49.99;4369;1000;0.0;0;1.0000;0;0
600;2014-08-12 11:00:00;172602N232;3041;6.404;42;221;220;225;219;4.582;49.99;408.6;3.787;407.6;3.766;0.0;0.000;60;0;0;4.507;4.695;4.544;991;1054;994;49.99;49.99;49.99;4369;1000;0.0;0;1.0000;0;0
600;2014-08-12 11:10:00;172602N232;3102;6.920;42;221;221;225;218;4.672;50.00;401.0;3.942;399.9;3.902;0.0;0.000;60;0;0;4.606;4.787;4.625;1016;1077;1008;50.00;50.00;50.00;4369;1000;0.0;0;1.0000;0;0
600;2014-08-12 11:20:00;172602N232;3413;7.489;42;221;221;225;217;5.151;50.00;402.0;4.326;402.2;4.283;0.0;0.000;60;0;0;5.095;5.292;5.066;1124;1188;1098;50.00;50.00;50.00;4369;1000;0.0;0;1.0000;0;0
600;2014-08-12 11:30:00;172602N232;2400;7.890;43;223;222;226;220;3.603;50.00;404.4;3.016;404.4;2.977;0.0;0.000;60;0;0;3.547;3.695;3.569;785;832;782;50.00;50.00;50.00;4369;1000;0.0;0;1.0000;0;0
600;2014-08-12 11:40:00;172602N232;2102;8.240;43;220;220;223;219;3.182;49.99;407.3;2.628;409.8;2.566;0.0;0.000;60;0;0;3.113;3.262;3.173;682;726;692;49.99;49.99;49.99;4369;1000;0.0;0;1.0000;0;0
600;2014-08-12 11:50:00;172602N232;2631;8.679;43;221;220;224;219;3.968;49.98;408.9;3.271;410.2;3.227;0.0;0.000;60;0;0;3.908;4.060;3.938;860;908;862;49.98;49.98;49.98;4369;1000;0.0;0;1.0000;0;0
600;2014-08-12 12:00:00;172602N232;2575;9.108;43;220;220;223;218;3.891;49.99;400.4;3.268;402.2;3.231;0.0;0.000;60;0;0;3.827;3.996;3.850;840;894;839;49.99;49.99;49.99;4369;1000;0.0;0;1.0000;0;0
600;2014-08-12 12:10:00;172602N232;835;9.248;43;219;218;221;217;1.293;49.99;414.4;1.002;406.8;1.021;0.0;0.000;60;0;0;1.239;1.340;1.302;264;292;277;49.99;49.99;49.99;4369;1000;0.0;0;1.0000;0;0
600;2014-08-12 12:20:00;172602N232;894;9.397;42;219;218;221;217;1.394;49.97;417.5;1.069;410.5;1.080;0.0;0.000;60;0;0;1.338;1.439;1.405;283;310;298;49.97;49.97;49.97;4369;1000;0.0;0;1.0000;0;0
600;2014-08-12 12:30:00;172602N232;2890;9.877;42;222;222;225;221;4.333;49.99;416.8;3.529;417.0;3.505;0.0;0.000;60;0;0;4.270;4.433;4.298;945;997;946;49.99;49.99;49.99;4369;1000;0.0;0;1.0000;0;0
600;2014-08-12 12:40:00;172602N232;4575;10.639;42;224;224;228;221;6.788;50.00;395.7;5.902;396.9;5.856;0.0;0.000;60;0;0;6.717;6.975;6.673;1506;1591;1475;50.00;50.00;50.00;4369;1000;0.0;0;1.0000;0;0
600;2014-08-12 12:50:00;172602N232;3562;11.235;43;223;223;226;220;5.315;49.99;386.2;4.700;386.6;4.670;0.0;0.000;60;0;0;5.257;5.454;5.234;1172;1238;1151;49.99;49.99;49.99;4369;1000;0.0;0;1.0000;0;0
600;2014-08-12 13:00:00;172602N232;2636;11.675;43;222;222;225;219;3.966;49.99;400.6;3.333;399.0;3.331;0.0;0.000;60;0;0;3.918;4.058;3.924;866;910;858;49.99;49.99;49.99;4369;1000;0.0;0;1.0000;0;0
600;2014-08-12 13:10:00;172602N232;3433;12.247;43;224;223;227;221;5.122;49.99;400.4;4.369;401.2;4.308;0.0;0.000;60;0;0;5.058;5.250;5.060;1127;1190;1115;49.99;49.99;49.99;4369;1000;0.0;0;1.0000;0;0
600;2014-08-12 13:20:00;172602N232;2844;12.720;43;223;223;226;221;4.249;49.99;401.0;3.602;400.9;3.571;0.0;0.000;60;0;0;4.192;4.350;4.205;933;983;926;49.99;49.99;49.99;4369;1000;0.0;0;1.0000;0;0
600;2014-08-12 13:30:00;172602N232;4849;13.530;43;226;226;230;222;7.141;50.00;388.4;6.371;389.2;6.302;0.0;0.000;60;0;0;7.067;7.352;7.005;1596;1697;1556;50.00;50.00;50.00;4369;1000;0.0;0;1.0000;0;0
600;2014-08-12 13:40:00;172602N232;2767;13.992;44;224;224;227;221;4.113;50.00;389.9;3.646;389.5;3.559;0.0;0.000;60;0;0;4.049;4.221;4.071;904;965;899;50.00;50.00;50.00;4369;1000;0.0;0;1.0000;0;0
600;2014-08-12 13:50:00;172602N232;1301;14.209;44;222;223;225;220;2.005;49.99;408.2;1.598;400.7;1.630;0.0;0.000;60;0;0;1.971;2.044;2.000;421;450;429;49.99;49.99;49.99;4369;1000;0.0;0;1.0000;0;0
600;2014-08-12 14:00:00;172602N232;1701;14.492;43;223;223;225;221;2.563;50.00;410.2;2.102;411.9;2.061;0.0;0.000;60;0;0;2.510;2.626;2.555;553;586;559;50.00;50.00;50.00;4369;1000;0.0;0;1.0000;0;0
600;2014-08-12 14:10:00;172602N232;1751;14.785;43;223;223;224;221;2.632;50.00;411.8;2.157;411.8;2.118;0.0;0.000;60;0;0;2.583;2.690;2.623;571;601;577;50.00;50.00;50.00;4369;1000;0.0;0;1.0000;0;0
600;2014-08-12 14:20:00;172602N232;5179;15.648;43;226;226;230;222;7.636;50.00;392.9;6.718;394.5;6.668;0.0;0.000;60;0;0;7.573;7.864;7.473;1709;1811;1657;50.00;50.00;50.00;4369;1000;0.0;0;1.0000;0;0
600;2014-08-12 14:30:00;172602N232;4099;16.331;44;223;223;227;219;6.115;49.99;382.9;5.465;383.7;5.413;0.0;0.000;60;0;0;6.039;6.309;5.998;1345;1434;1315;49.99;49.99;49.99;4369;1000;0.0;0;1.0000;0;0
600;2014-08-12 14:40:00;172602N232;3849;16.972;44;222;222;226;219;5.768;49.99;381.0;5.138;380.2;5.174;0.0;0.000;60;0;0;5.703;5.922;5.679;1266;1339;1243;49.99;49.99;49.99;4369;1000;0.0;0;1.0000;0;0
600;2014-08-12 14:50:00;172602N232;2840;17.444;44;223;222;226;220;4.242;49.99;392.8;3.675;389.5;3.669;0.0;0.000;60;0;0;4.175;4.368;4.183;929;989;918;49.99;49.99;49.99;4369;1000;0.0;0;1.0000;0;0
600;2014-08-12 15:00:00;172602N232;2406;17.846;44;223;223;226;220;3.593;49.99;395.9;3.068;392.6;3.105;0.0;0.000;60;0;0;3.535;3.696;3.550;787;835;780;49.99;49.99;49.99;4369;1000;0.0;0;1.0000;0;0
600;2014-08-12 15:10:00;172602N232;2777;18.308;44;222;222;225;219;4.160;49.99;399.6;3.545;397.3;3.512;0.0;0.000;60;0;0;4.093;4.283;4.105;908;966;899;49.99;49.99;49.99;4369;1000;0.0;0;1.0000;0;0
600;2014-08-12 15:20:00;172602N232;3675;18.922;44;224;224;228;221;5.464;49.98;391.8;4.761;392.3;4.737;0.0;0.000;60;0;0;5.386;5.615;5.392;1203;1279;1189;49.98;49.98;49.98;4369;1000;0.0;0;1.0000;0;0
600;2014-08-12 15:30:00;172602N232;2775;19.383;44;224;223;228;222;4.136;49.99;398.0;3.532;398.1;3.514;0.0;0.000;60;0;0;4.051;4.252;4.107;899;966;907;49.99;49.99;49.99;4369;1000;0.0;0;1.0000;0;0
600;2014-08-12 15:40:00;172602N232;3357;19.942;44;224;223;228;222;4.994;50.00;398.9;4.279;395.8;4.303;0.0;0.000;60;0;0;4.895;5.119;4.968;1089;1167;1101;50.00;50.00;50.00;4369;1000;0.0;0;1.0000;0;0
600;2014-08-12 15:50:00;172602N232;1657;20.219;43;221;221;223;220;2.511;50.00;405.9;2.055;398.0;2.092;0.0;0.000;60;0;0;2.454;2.560;2.519;536;569;550;50.00;50.00;50.00;4369;1000;0.0;0;1.0000;0;0
600;2014-08-12 16:00:00;172602N232;2369;20.614;43;220;220;221;218;3.592;49.98;410.4;2.902;403.2;2.971;0.0;0.000;60;0;0;3.547;3.640;3.590;780;806;783;49.98;49.98;49.98;4369;1000;0.0;0;1.0000;0;0
600;2014-08-12 16:10:00;172602N232;1085;20.795;43;217;217;219;216;1.682;49.98;403.8;1.338;402.1;1.345;0.0;0.000;60;0;0;1.630;1.722;1.694;348;374;361;49.98;49.98;49.98;4369;1000;0.0;0;1.0000;0;0
600;2014-08-12 16:20:00;172602N232;2165;21.156;42;220;219;221;219;3.283;49.98;410.8;2.623;406.4;2.682;0.0;0.000;60;0;0;3.231;3.328;3.292;707;735;719;49.98;49.98;49.98;4369;1000;0.0;0;1.0000;0;0
600;2014-08-12 16:30:00;172602N232;2627;21.594;42;223;222;225;222;3.928;49.98;396.5;3.319;404.1;3.321;0.0;0.000;60;0;0;3.851;4.001;3.933;854;901;871;49.98;49.98;49.98;4369;1000;0.0;0;1.0000;0;0
600;2014-08-12 16:40:00;172602N232;1737;21.884;42;222;221;224;221;2.628;49.99;396.4;2.187;401.6;2.195;0.0;0.000;60;0;0;2.563;2.678;2.643;561;596;579;49.99;49.99;49.99;4369;1000;0.0;0;1.0000;0;0
600;2014-08-12 16:50:00;172602N232;2175;22.248;43;220;219;224;218;3.299;50.00;395.3;2.749;404.4;2.733;0.0;0.000;60;0;0;3.224;3.384;3.290;702;758;716;50.00;50.00;50.00;4369;1000;0.0;0;1.0000;0;0
600;2014-08-12 17:00:00;172602N232;1372;22.476;42;219;220;221;217;2.107;49.99;400.1;1.701;405.1;1.720;0.0;0.000;60;0;0;2.066;2.150;2.106;447;470;453;49.99;49.99;49.99;4369;1000;0.0;0;1.0000;0;0
600;2014-08-12 17:10:00;172602N232;1208;22.678;42;219;219;219;218;1.899;49.99;405.6;1.473;407.8;1.501;0.0;0.000;60;0;0;1.875;1.914;1.909;394;408;404;49.99;49.99;49.99;4369;1000;0.0;0;1.0000;0;0
600;2014-08-12 17:20:00;172602N232;2453;23.087;42;219;219;219;219;3.734;49.99;401.3;3.063;411.0;3.045;0.0;0.000;60;0;0;3.693;3.768;3.743;807;826;817;49.99;49.99;49.99;4369;1000;0.0;0;1.0000;0;0
600;2014-08-12 17:30:00;172602N232;1837;23.393;42;218;218;219;217;2.851;49.98;392.7;2.326;397.6;2.333;0.0;0.000;60;0;0;2.805;2.899;2.851;598;629;609;49.98;49.98;49.98;4369;1000;0.0;0;1.0000;0;0
600;2014-08-12 17:40:00;172602N232;299;23.443;42;217;217;218;216;1.102;50.01;388.3;0.375;387.8;0.366;0.0;0.000;60;0;0;1.185;1.125;0.996;83;113;101;50.01;50.01;50.01;4369;1000;0.0;0;1.0000;0;0
600;2014-08-12 17:50:00;172602N232;391;23.509;41;215;213;217;214;0.951;50.01;394.5;0.485;396.8;0.478;0.0;0.000;60;0;0;0.917;1.010;0.927;120;139;130;50.01;50.01;50.01;4369;1000;0.0;0;1.0000;0;0
600;2014-08-12 18:00:00;172602N232;504;23.594;41;216;214;218;215;0.898;49.99;399.9;0.617;402.7;0.620;0.0;0.000;60;0;0;0.837;0.949;0.910;154;179;169;49.99;49.99;49.99;4369;1000;0.0;0;1.0000;0;0
600;2014-08-12 18:10:00;172602N232;445;23.668;41;214;214;217;211;0.910;49.98;401.7;0.538;401.8;0.546;0.0;0.000;60;0;0;0.880;0.958;0.893;138;160;145;49.98;49.98;49.98;4369;1000;0.0;0;1.0000;0;0
600;2014-08-12 18:20:00;172602N232;1496;23.917;41;216;215;220;214;2.321;49.98;399.1;1.857;408.8;1.858;0.0;0.000;60;0;0;2.260;2.396;2.309;481;522;491;49.98;49.98;49.98;4369;1000;0.0;0;1.0000;0;0
600;2014-08-12 18:30:00;172602N232;1370;24.145;41;217;214;219;216;2.131;49.97;401.9;1.685;412.5;1.700;0.0;0.000;60;0;0;2.051;2.202;2.140;433;478;458;49.97;49.97;49.97;4369;1000;0.0;0;1.0000;0;0
600;2014-08-12 18:40:00;172602N232;570;24.241;41;217;214;219;216;1.034;49.99;401.2;0.698;409.4;0.691;0.0;0.000;60;0;0;0.973;1.094;1.036;175;202;191;49.99;49.99;49.99;4369;1000;0.0;0;1.0000;0;0
600;2014-08-12 18:50:00;172602N232;1391;24.473;41;218;216;219;219;2.140;50.01;384.6;1.771;406.1;1.766;0.0;0.000;60;0;0;2.071;2.176;2.175;444;474;472;50.01;50.01;50.01;4369;1000;0.0;0;1.0000;0;0
600;2014-08-12 19:00:00;172602N232;1166;24.668;41;218;217;219;217;1.828;50.00;382.4;1.470;404.3;1.504;0.0;0.000;60;0;0;1.777;1.869;1.838;375;401;389;50.00;50.00;50.00;4369;1000;0.0;0;1.0000;0;0
600;2014-08-12 19:10:00;172602N232;329;24.722;41;217;217;218;216;1.045;49.99;375.4;0.403;388.3;0.425;0.0;0.000;60;0;0;1.150;1.039;0.948;85;123;119;49.99;49.99;49.99;4369;1000;0.0;0;1.0000;0;0
600;2014-08-12 19:20:00;172602N232;323;24.777;41;217;217;218;215;1.014;49.99;392.2;0.301;392.1;0.483;0.0;0.000;60;0;0;1.201;0.961;0.880;88;122;111;49.99;49.99;49.99;4369;1000;0.0;0;1.0000;0;0
600;2014-08-12 19:30:00;172602N232;400;24.843;41;217;217;218;216;0.829;49.99;406.9;0.333;398.0;0.638;0.0;0.000;60;0;0;0.787;0.896;0.805;120;137;140;49.99;49.99;49.99;4369;1000;0.0;0;1.0000;0;0
600;2014-08-12 19:40:00;172602N232;119;24.863;41;217;216;217;216;0.804;49.99;366.9;0.138;374.1;0.147;0.0;0.000;60;0;0;0.827;0.909;0.678;22;42;54;49.99;49.99;49.99;4369;1000;0.0;0;1.0000;0;0
600;2014-08-12 19:50:00;172602N232;69;24.874;41;215;214;217;215;0.724;50.01;353.4;0.077;361.5;0.077;0.0;0.000;60;0;0;0.641;0.946;0.585;23;8;40;50.01;50.01;50.01;4369;1000;0.0;0;1.0000;0;0
600;2014-08-12 20:00:00;172602N232;28;24.879;40;216;215;216;216;0.462;49.99;318.9;0.021;325.8;0.026;0.0;0.000;60;0;0;0.445;0.500;0.443;7;16;10;49.99;49.99;49.99;4369;1000;0.0;0;1.0000;0;0
600;2014-08-12 20:10:00;172602N232;135;24.902;40;216;215;216;216;0.824;49.98;373.7;0.147;389.0;0.165;0.0;0.000;60;0;0;0.755;0.929;0.788;45;52;38;49.98;49.98;49.98;4369;1000;0.0;0;1.0000;0;0
600;2014-08-12 20:20:00;172602N232;96;24.918;40;217;216;218;216;0.813;49.98;364.2;0.111;382.9;0.112;0.0;0.000;60;0;0;0.732;1.032;0.675;29;18;49;49.98;49.98;49.98;4369;1000;0.0;0;1.0000;0;0
600;2014-08-12 20:30:00;172602N232;32;24.924;39;217;217;218;217;0.498;49.99;310.3;0.028;337.0;0.032;0.0;0.000;60;0;0;0.454;0.607;0.433;7;13;17;49.99;49.99;49.99;4369;1000;0.0;0;1.0000;0;0
600;2014-08-12 20:40:00;172602N232;1;24.924;39;218;219;218;218;0.074;49.99;251.4;0.000;253.2;0.000;0.0;0.000;60;0;0;0.090;0.062;0.072;0;2;2;49.99;49.99;49.99;4369;1000;0.0;0;1.0000;0;0
600;2014-08-12 20:50:00;172602N232;0;24.924;38;219;219;220;218;0.000;49.99;255.7;0.000;256.0;0.000;0.0;0.000;50;0;0;0.002;0.000;0.000;0;0;0;49.99;49.99;49.99;4369;1000;0.0;0;1.0000;0;0
600;2014-08-12 21:00:00;172602N232;0;24.924;37;219;219;219;218;0.000;50.00;228.6;0.000;229.6;0.000;0.0;0.000;50;0;0;0.000;0.000;0.000;0;0;0;50.00;50.00;50.00;4369;1000;0.0;0;1.0000;0;0
600;2014-08-12 21:10:00;172602N232;0;24.924;36;219;219;221;218;0.000;50.01;228.2;0.000;229.2;0.000;0.0;0.000;50;0;0;0.000;0.000;0.000;0;0;0;50.01;50.01;50.01;4369;1000;0.0;0;1.0000;0;0
[wr_ende]
