20150625;230001;172602N232;My Plant;+0100
[wr_def_start]
172602N232;Inverter Type;Inverter Group;72602N232      
[wr_def_end]
[wr]
INTERVAL;TIMESTAMP;SERIAL;P_AC;E_DAY;T_WR;U_AC;U_AC_1;U_AC_2;U_AC_3;I_AC;F_AC;U_DC_1;I_DC_1;U_DC_2;I_DC_2;U_DC_3;I_DC_3;S;E_WR;M_WR;I_AC_1;I_AC_2;I_AC_3;P_AC_1;P_AC_2;P_AC_3;F_AC_1;F_AC_2;F_AC_3;R_DC;PC;PCS;PCS_LL;COS_PHI;COS_PHI_LL;S_COS_PHI
600;2015-06-25 03:30:00;172602N232;0;0.000;0;5;5;5;5;0.000;1.23;5.6;0.000;5.6;0.000;0.0;0.000;50;0;0;0.000;0.000;0.000;0;0;0;1.23;1.23;1.23;113;1000;0.0;0;1.0000;0;0
600;2015-06-25 03:40:00;172602N232;0;0.000;24;226;226;228;223;0.000;50.00;227.0;0.000;227.9;0.000;0.0;0.000;50;0;0;0.000;0.000;0.000;0;0;0;50.00;50.00;50.00;0;1000;0.0;0;1.0000;0;0
600;2015-06-25 03:50:00;172602N232;0;0.000;25;226;226;229;223;0.000;50.00;239.9;0.000;240.7;0.000;0.0;0.000;50;0;0;0.000;0.000;0.000;0;0;0;50.00;50.00;50.00;0;1000;0.0;0;1.0000;0;0
600;2015-06-25 04:00:00;172602N232;0;0.000;26;226;226;229;223;0.000;50.00;253.6;0.000;254.1;0.000;0.0;0.000;50;0;0;0.000;0.000;0.000;0;0;0;50.00;50.00;50.00;0;1000;0.0;0;1.0000;0;0
600;2015-06-25 04:10:00;172602N232;0;0.000;26;226;226;229;223;0.001;50.01;280.9;0.000;280.2;0.000;0.0;0.000;60;0;0;0.002;0.001;0.001;0;0;0;50.01;50.01;50.01;2042;1000;0.0;0;1.0000;0;0
600;2015-06-25 04:20:00;172602N232;1;0.000;27;226;226;228;225;0.076;50.00;266.9;0.000;266.2;0.000;0.0;0.000;60;0;0;0.086;0.088;0.054;0;0;2;50.00;50.00;50.00;4756;1000;0.0;0;1.0000;0;0
600;2015-06-25 04:30:00;172602N232;16;0.004;27;227;227;228;226;0.398;50.00;299.7;0.007;302.3;0.009;0.0;0.000;60;0;0;0.455;0.498;0.243;7;0;15;50.00;50.00;50.00;4840;1000;0.0;0;1.0000;0;0
600;2015-06-25 04:40:00;172602N232;34;0.010;27;226;226;228;226;0.568;50.01;347.6;0.029;353.3;0.028;0.0;0.000;60;0;0;0.591;0.720;0.394;11;0;26;50.01;50.01;50.01;4840;1000;0.0;0;1.0000;0;0
600;2015-06-25 04:50:00;172602N232;49;0.018;28;226;226;228;225;0.647;50.01;368.5;0.046;376.8;0.044;0.0;0.000;60;0;0;0.589;0.880;0.473;15;0;35;50.01;50.01;50.01;4840;1000;0.0;0;1.0000;0;0
600;2015-06-25 05:00:00;172602N232;63;0.028;28;226;226;227;225;0.896;50.02;382.0;0.066;388.7;0.062;0.0;0.000;60;0;0;0.936;1.063;0.691;5;9;48;50.02;50.02;50.02;4840;1000;0.0;0;1.0000;0;0
600;2015-06-25 05:10:00;172602N232;76;0.040;28;226;226;228;225;0.844;50.02;388.6;0.080;392.1;0.077;0.0;0.000;60;0;0;0.767;1.113;0.652;19;5;49;50.02;50.02;50.02;4840;1000;0.0;0;1.0000;0;0
600;2015-06-25 05:20:00;172602N232;97;0.056;29;225;225;227;224;0.923;50.00;398.6;0.106;399.9;0.101;0.0;0.000;60;0;0;0.792;1.246;0.733;30;5;61;50.00;50.00;50.00;4840;1000;0.0;0;1.0000;0;0
600;2015-06-25 05:30:00;172602N232;111;0.075;29;225;225;227;224;0.923;50.01;404.3;0.122;403.3;0.116;0.0;0.000;60;0;0;0.833;1.198;0.740;29;16;65;50.01;50.01;50.01;4840;1000;0.0;0;1.0000;0;0
600;2015-06-25 05:40:00;172602N232;126;0.096;29;224;224;225;223;0.922;50.01;407.5;0.139;407.2;0.132;0.0;0.000;60;0;0;0.858;1.165;0.744;29;25;69;50.01;50.01;50.01;4840;1000;0.0;0;1.0000;0;0
600;2015-06-25 05:50:00;172602N232;141;0.120;30;223;224;225;221;0.921;50.01;411.3;0.158;413.9;0.147;0.0;0.000;60;0;0;0.953;1.064;0.746;23;38;78;50.01;50.01;50.01;4840;1000;0.0;0;1.0000;0;0
600;2015-06-25 06:00:00;172602N232;152;0.146;30;223;223;224;221;0.919;49.98;413.1;0.171;405.0;0.161;0.0;0.000;60;0;0;0.936;1.068;0.754;28;41;81;49.98;49.98;49.98;4840;1000;0.0;0;1.0000;0;0
600;2015-06-25 06:10:00;172602N232;156;0.171;30;223;223;225;223;0.943;49.99;413.2;0.176;412.3;0.163;0.0;0.000;60;0;0;0.856;1.207;0.768;40;33;81;49.99;49.99;49.99;4840;1000;0.0;0;1.0000;0;0
600;2015-06-25 06:20:00;172602N232;163;0.199;30;222;223;223;222;0.990;49.99;412.3;0.186;410.2;0.171;0.0;0.000;60;0;0;1.112;0.994;0.864;19;59;83;49.99;49.99;49.99;4840;1000;0.0;0;1.0000;0;0
600;2015-06-25 06:30:00;172602N232;188;0.230;31;223;223;224;223;1.000;50.00;415.7;0.219;401.0;0.202;0.0;0.000;60;0;0;1.239;1.037;0.726;65;62;58;50.00;50.00;50.00;4840;1000;0.0;0;1.0000;0;0
600;2015-06-25 06:40:00;172602N232;167;0.258;31;224;223;224;224;0.935;50.01;414.4;0.193;408.3;0.173;0.0;0.000;60;0;0;0.865;1.164;0.777;25;76;64;50.01;50.01;50.01;4840;1000;0.0;0;1.0000;0;0
600;2015-06-25 06:50:00;172602N232;181;0.288;31;223;223;224;223;0.976;49.99;415.0;0.209;411.0;0.190;0.0;0.000;60;0;0;0.988;1.166;0.775;42;68;69;49.99;49.99;49.99;4840;1000;0.0;0;1.0000;0;0
600;2015-06-25 07:00:00;172602N232;223;0.325;31;223;223;224;223;1.006;50.00;423.2;0.261;410.0;0.238;0.0;0.000;60;0;0;1.171;0.956;0.891;64;77;80;50.00;50.00;50.00;4840;1000;0.0;0;1.0000;0;0
600;2015-06-25 07:10:00;172602N232;322;0.380;31;222;223;221;222;1.126;49.99;430.6;0.388;403.2;0.350;0.0;0.000;60;0;0;1.259;1.101;1.018;94;128;98;49.99;49.99;49.99;4840;1000;0.0;0;1.0000;0;0
600;2015-06-25 07:20:00;172602N232;282;0.427;32;222;223;222;222;1.133;49.99;433.7;0.336;410.3;0.296;0.0;0.000;60;0;0;1.298;1.142;0.960;75;116;89;49.99;49.99;49.99;4840;1000;0.0;0;1.0000;0;0
600;2015-06-25 07:30:00;172602N232;439;0.500;32;222;223;222;221;1.151;50.00;440.6;0.533;416.6;0.460;0.0;0.000;60;0;0;1.214;1.148;1.091;138;159;140;50.00;50.00;50.00;4840;1000;0.0;0;1.0000;0;0
600;2015-06-25 07:40:00;172602N232;860;0.644;32;221;220;220;223;1.435;50.03;439.3;1.030;434.5;0.921;0.0;0.000;60;0;0;1.339;1.419;1.549;269;291;299;50.03;50.03;50.03;4840;1000;0.0;0;1.0000;0;0
600;2015-06-25 07:50:00;172602N232;828;0.782;32;222;222;223;222;1.344;50.00;445.4;0.983;426.8;0.888;0.0;0.000;60;0;0;1.293;1.370;1.369;262;284;280;50.00;50.00;50.00;4840;1000;0.0;0;1.0000;0;0
600;2015-06-25 08:00:00;172602N232;918;0.935;33;224;224;227;223;1.546;50.00;453.8;1.075;432.1;0.964;0.0;0.000;60;0;0;1.524;1.594;1.521;290;320;306;50.00;50.00;50.00;4840;1000;0.0;0;1.0000;0;0
600;2015-06-25 08:10:00;172602N232;1089;1.116;33;224;223;226;224;1.674;50.01;429.7;1.332;430.0;1.192;0.0;0.000;60;0;0;1.621;1.714;1.688;347;375;365;50.01;50.01;50.01;4840;1000;0.0;0;1.0000;0;0
600;2015-06-25 08:20:00;172602N232;1000;1.285;33;222;221;224;221;1.542;49.99;426.0;1.193;428.1;1.140;0.0;0.000;60;0;0;1.490;1.593;1.545;319;348;332;49.99;49.99;49.99;4840;1000;0.0;0;1.0000;0;0
600;2015-06-25 08:30:00;172602N232;1197;1.484;34;224;223;227;221;1.821;50.00;424.7;1.486;426.9;1.317;0.0;0.000;60;0;0;1.765;1.887;1.813;384;419;392;50.00;50.00;50.00;4840;1000;0.0;0;1.0000;0;0
600;2015-06-25 08:40:00;172602N232;1418;1.720;34;225;225;228;223;2.130;50.02;424.5;1.735;433.5;1.572;0.0;0.000;60;0;0;2.072;2.196;2.122;457;492;467;50.02;50.02;50.02;4840;1000;0.0;0;1.0000;0;0
600;2015-06-25 08:50:00;172602N232;1138;1.909;35;225;225;225;223;1.724;50.01;424.5;1.359;422.9;1.305;0.0;0.000;60;0;0;1.680;1.764;1.729;368;389;378;50.01;50.01;50.01;4840;1000;0.0;0;1.0000;0;0
600;2015-06-25 09:00:00;172602N232;773;2.038;35;224;224;224;223;1.319;50.01;415.2;0.941;418.3;0.892;0.0;0.000;60;0;0;1.315;1.329;1.313;248;264;259;50.01;50.01;50.01;4840;1000;0.0;0;1.0000;0;0
600;2015-06-25 09:10:00;172602N232;1185;2.236;35;224;223;226;222;1.801;50.01;425.7;1.422;428.7;1.339;0.0;0.000;60;0;0;1.739;1.863;1.801;379;413;391;50.01;50.01;50.01;4840;1000;0.0;0;1.0000;0;0
600;2015-06-25 09:20:00;172602N232;1013;2.405;35;224;223;226;222;1.554;50.01;418.6;1.219;422.8;1.169;0.0;0.000;60;0;0;1.497;1.607;1.558;322;353;336;50.01;50.01;50.01;4840;1000;0.0;0;1.0000;0;0
600;2015-06-25 09:30:00;172602N232;2262;2.782;35;225;225;227;222;3.368;50.01;423.2;2.937;414.0;2.537;0.0;0.000;60;0;0;3.318;3.457;3.330;742;783;735;50.01;50.01;50.01;4840;1000;0.0;0;1.0000;0;0
600;2015-06-25 09:40:00;172602N232;1305;2.999;36;223;223;224;221;1.989;49.98;423.1;1.560;423.9;1.520;0.0;0.000;60;0;0;1.956;2.029;1.984;426;447;430;49.98;49.98;49.98;4840;1000;0.0;0;1.0000;0;0
600;2015-06-25 09:50:00;172602N232;1595;3.266;36;224;225;225;222;2.404;50.01;423.7;2.049;410.4;1.940;0.0;0.000;60;0;0;2.371;2.446;2.395;525;543;525;50.01;50.01;50.01;4840;1000;0.0;0;1.0000;0;0
600;2015-06-25 10:00:00;172602N232;2734;3.723;36;224;225;223;224;4.075;49.99;411.4;3.650;394.1;3.246;0.0;0.000;60;0;0;4.068;4.103;4.055;914;915;902;49.99;49.99;49.99;4840;1000;0.0;0;1.0000;0;0
600;2015-06-25 10:10:00;172602N232;1323;3.942;37;223;225;221;222;2.012;49.99;409.0;1.681;407.0;1.590;0.0;0.000;60;0;0;1.990;2.028;2.019;437;441;441;49.99;49.99;49.99;4840;1000;0.0;0;1.0000;0;0
600;2015-06-25 10:20:00;172602N232;1858;4.252;37;224;224;224;223;2.804;49.99;418.2;2.269;421.7;2.170;0.0;0.000;60;0;0;2.775;2.836;2.801;612;629;615;49.99;49.99;49.99;4840;1000;0.0;0;1.0000;0;0
600;2015-06-25 10:30:00;172602N232;1576;4.515;37;224;224;225;222;2.385;49.99;421.6;1.885;418.8;1.874;0.0;0.000;60;0;0;2.339;2.435;2.382;512;541;521;49.99;49.99;49.99;4840;1000;0.0;0;1.0000;0;0
600;2015-06-25 10:40:00;172602N232;875;4.661;37;224;224;225;222;1.346;49.98;416.7;1.054;416.1;1.032;0.0;0.000;60;0;0;1.302;1.383;1.353;281;301;291;49.98;49.98;49.98;4840;1000;0.0;0;1.0000;0;0
600;2015-06-25 10:50:00;172602N232;722;4.781;38;224;224;225;222;1.118;49.99;420.9;0.851;415.5;0.857;0.0;0.000;60;0;0;1.066;1.160;1.130;228;250;242;49.99;49.99;49.99;4840;1000;0.0;0;1.0000;0;0
600;2015-06-25 11:00:00;172602N232;909;4.934;38;224;224;225;222;1.389;50.00;426.4;1.063;421.9;1.065;0.0;0.000;60;0;0;1.341;1.429;1.399;291;314;302;50.00;50.00;50.00;4840;1000;0.0;0;1.0000;0;0
600;2015-06-25 11:10:00;172602N232;1312;5.152;38;225;225;227;223;1.973;49.99;422.0;1.549;422.6;1.547;0.0;0.000;60;0;0;1.925;2.027;1.969;425;453;432;49.99;49.99;49.99;4840;1000;0.0;0;1.0000;0;0
600;2015-06-25 11:20:00;172602N232;3004;5.652;38;227;227;230;225;4.418;50.00;418.4;3.659;421.2;3.570;0.0;0.000;60;0;0;4.360;4.515;4.380;984;1036;981;50.00;50.00;50.00;4840;1000;0.0;0;1.0000;0;0
600;2015-06-25 11:30:00;172602N232;2135;6.008;38;227;226;230;224;3.156;50.00;415.0;2.623;418.3;2.534;0.0;0.000;60;0;0;3.092;3.238;3.140;694;739;700;50.00;50.00;50.00;4840;1000;0.0;0;1.0000;0;0
600;2015-06-25 11:40:00;172602N232;1501;6.260;38;224;224;226;223;2.263;50.00;417.2;1.814;416.6;1.794;0.0;0.000;60;0;0;2.206;2.317;2.268;484;517;497;50.00;50.00;50.00;4840;1000;0.0;0;1.0000;0;0
600;2015-06-25 11:50:00;172602N232;1525;6.513;38;225;224;227;223;2.277;50.00;423.9;1.810;419.8;1.814;0.0;0.000;60;0;0;2.215;2.334;2.284;492;525;506;50.00;50.00;50.00;4840;1000;0.0;0;1.0000;0;0
600;2015-06-25 12:00:00;172602N232;1380;6.744;38;224;223;226;222;2.067;50.00;419.6;1.647;421.8;1.637;0.0;0.000;60;0;0;2.010;2.121;2.070;446;476;456;50.00;50.00;50.00;4840;1000;0.0;0;1.0000;0;0
600;2015-06-25 12:10:00;172602N232;1746;7.035;38;223;223;225;222;2.622;49.99;425.2;2.060;418.7;2.095;0.0;0.000;60;0;0;2.569;2.675;2.624;569;596;578;49.99;49.99;49.99;4840;1000;0.0;0;1.0000;0;0
600;2015-06-25 12:20:00;172602N232;1858;7.344;38;222;223;224;221;2.801;49.99;426.2;2.193;421.4;2.212;0.0;0.000;60;0;0;2.753;2.849;2.802;609;633;615;49.99;49.99;49.99;4840;1000;0.0;0;1.0000;0;0
600;2015-06-25 12:30:00;172602N232;2677;7.790;38;223;223;225;222;3.997;49.99;421.5;3.204;419.1;3.194;0.0;0.000;60;0;0;3.952;4.064;3.976;881;913;880;49.99;49.99;49.99;4840;1000;0.0;0;1.0000;0;0
600;2015-06-25 12:40:00;172602N232;3344;8.349;39;225;225;227;223;4.968;49.99;399.5;4.189;401.5;4.160;0.0;0.000;60;0;0;4.938;5.052;4.914;1106;1147;1090;49.99;49.99;49.99;4840;1000;0.0;0;1.0000;0;0
600;2015-06-25 12:50:00;172602N232;1637;8.621;39;226;227;227;224;2.436;50.00;413.5;2.003;412.7;1.981;0.0;0.000;60;0;0;2.402;2.477;2.430;538;558;540;50.00;50.00;50.00;4840;1000;0.0;0;1.0000;0;0
600;2015-06-25 13:00:00;172602N232;1739;8.911;39;226;227;226;224;2.596;49.99;411.9;2.120;416.0;2.100;0.0;0.000;60;0;0;2.580;2.628;2.580;577;589;571;49.99;49.99;49.99;4840;1000;0.0;0;1.0000;0;0
600;2015-06-25 13:10:00;172602N232;2785;9.375;39;227;228;228;226;4.105;49.99;414.9;3.396;411.3;3.407;0.0;0.000;60;0;0;4.078;4.153;4.086;924;943;916;49.99;49.99;49.99;4840;1000;0.0;0;1.0000;0;0
600;2015-06-25 13:20:00;172602N232;3185;9.906;39;228;228;229;226;4.672;50.02;408.7;3.935;405.0;3.939;0.0;0.000;60;0;0;4.631;4.739;4.646;1052;1084;1047;50.02;50.02;50.02;4840;1000;0.0;0;1.0000;0;0
600;2015-06-25 13:30:00;172602N232;2745;10.364;40;227;227;229;225;4.040;50.00;406.6;3.406;400.8;3.446;0.0;0.000;60;0;0;3.989;4.112;4.019;902;941;901;50.00;50.00;50.00;4840;1000;0.0;0;1.0000;0;0
600;2015-06-25 13:40:00;172602N232;1899;10.681;40;226;224;228;224;2.826;49.99;412.1;2.316;404.8;2.365;0.0;0.000;60;0;0;2.761;2.885;2.832;615;652;630;49.99;49.99;49.99;4840;1000;0.0;0;1.0000;0;0
600;2015-06-25 13:50:00;172602N232;1920;11.001;40;225;223;229;225;2.859;49.99;410.3;2.336;408.0;2.375;0.0;0.000;60;0;0;2.768;2.934;2.876;610;665;641;49.99;49.99;49.99;4840;1000;0.0;0;1.0000;0;0
600;2015-06-25 14:00:00;172602N232;2366;11.395;40;227;225;231;225;3.493;50.00;417.8;2.844;407.8;2.933;0.0;0.000;60;0;0;3.403;3.582;3.495;760;822;782;50.00;50.00;50.00;4840;1000;0.0;0;1.0000;0;0
600;2015-06-25 14:10:00;172602N232;2416;11.797;40;227;225;232;225;3.551;50.00;413.6;2.931;407.5;3.001;0.0;0.000;60;0;0;3.469;3.645;3.539;779;839;794;50.00;50.00;50.00;4840;1000;0.0;0;1.0000;0;0
600;2015-06-25 14:20:00;172602N232;4244;12.504;40;230;229;234;227;6.155;50.00;407.0;5.280;403.2;5.325;0.0;0.000;60;0;0;6.083;6.317;6.067;1389;1473;1375;50.00;50.00;50.00;4840;1000;0.0;0;1.0000;0;0
600;2015-06-25 14:30:00;172602N232;2565;12.933;41;229;228;232;226;3.751;49.99;406.6;3.168;393.9;3.312;0.0;0.000;60;0;0;3.699;3.839;3.717;840;887;836;49.99;49.99;49.99;4840;1000;0.0;0;1.0000;0;0
600;2015-06-25 14:40:00;172602N232;2715;13.385;41;229;229;232;227;3.963;49.98;414.4;3.296;402.1;3.419;0.0;0.000;60;0;0;3.915;4.046;3.929;892;933;886;49.98;49.98;49.98;4840;1000;0.0;0;1.0000;0;0
600;2015-06-25 14:50:00;172602N232;2649;13.826;41;229;228;232;228;3.864;49.99;415.8;3.199;404.3;3.324;0.0;0.000;60;0;0;3.795;3.948;3.849;862;913;872;49.99;49.99;49.99;4840;1000;0.0;0;1.0000;0;0
600;2015-06-25 15:00:00;172602N232;2587;14.257;41;228;227;231;226;3.801;49.99;418.9;3.097;405.2;3.247;0.0;0.000;60;0;0;3.732;3.884;3.789;842;891;852;49.99;49.99;49.99;4840;1000;0.0;0;1.0000;0;0
600;2015-06-25 15:10:00;172602N232;2083;14.604;41;226;226;229;224;3.087;49.99;410.9;2.548;405.1;2.601;0.0;0.000;60;0;0;3.036;3.157;3.068;681;716;682;49.99;49.99;49.99;4840;1000;0.0;0;1.0000;0;0
600;2015-06-25 15:20:00;172602N232;1846;14.912;41;226;226;229;223;2.738;50.00;414.3;2.225;409.1;2.282;0.0;0.000;60;0;0;2.683;2.818;2.713;602;641;600;50.00;50.00;50.00;4840;1000;0.0;0;1.0000;0;0
600;2015-06-25 15:30:00;172602N232;2501;15.329;41;227;227;230;225;3.681;50.01;407.3;3.081;407.6;3.100;0.0;0.000;60;0;0;3.616;3.771;3.656;815;867;817;50.01;50.01;50.01;4840;1000;0.0;0;1.0000;0;0
600;2015-06-25 15:40:00;172602N232;1546;15.587;41;227;227;229;224;2.288;50.01;415.5;1.860;410.1;1.896;0.0;0.000;60;0;0;2.237;2.355;2.273;503;536;505;50.01;50.01;50.01;4840;1000;0.0;0;1.0000;0;0
600;2015-06-25 15:50:00;172602N232;1713;15.872;41;226;226;230;223;2.538;49.99;414.4;2.069;411.8;2.104;0.0;0.000;60;0;0;2.486;2.616;2.514;558;596;557;49.99;49.99;49.99;4840;1000;0.0;0;1.0000;0;0
600;2015-06-25 16:00:00;172602N232;1795;16.172;41;226;226;230;224;2.654;50.00;407.3;2.195;411.5;2.215;0.0;0.000;60;0;0;2.589;2.737;2.638;581;626;586;50.00;50.00;50.00;4840;1000;0.0;0;1.0000;0;0
600;2015-06-25 16:10:00;172602N232;2135;16.528;41;227;226;230;225;3.149;49.99;405.7;2.653;408.0;2.650;0.0;0.000;60;0;0;3.086;3.221;3.142;693;737;702;49.99;49.99;49.99;4840;1000;0.0;0;1.0000;0;0
600;2015-06-25 16:20:00;172602N232;1148;16.720;41;226;225;228;225;1.746;49.99;413.0;1.382;408.7;1.411;0.0;0.000;60;0;0;1.685;1.803;1.752;365;399;381;49.99;49.99;49.99;4840;1000;0.0;0;1.0000;0;0
600;2015-06-25 16:30:00;172602N232;2803;17.187;41;228;226;231;225;4.107;49.99;403.3;3.484;407.4;3.518;0.0;0.000;60;0;0;4.025;4.222;4.076;909;976;916;49.99;49.99;49.99;4840;1000;0.0;0;1.0000;0;0
600;2015-06-25 16:40:00;172602N232;2077;17.533;41;226;225;229;225;3.067;50.00;407.0;2.551;408.3;2.587;0.0;0.000;60;0;0;2.985;3.137;3.081;668;715;691;50.00;50.00;50.00;4840;1000;0.0;0;1.0000;0;0
600;2015-06-25 16:50:00;172602N232;2404;17.934;41;226;224;229;226;3.547;49.99;397.8;3.022;403.2;3.039;0.0;0.000;60;0;0;3.453;3.625;3.565;771;830;801;49.99;49.99;49.99;4840;1000;0.0;0;1.0000;0;0
600;2015-06-25 17:00:00;172602N232;1845;18.242;41;226;224;228;225;2.736;50.00;402.1;2.279;406.6;2.310;0.0;0.000;60;0;0;2.653;2.794;2.763;591;631;619;50.00;50.00;50.00;4840;1000;0.0;0;1.0000;0;0
600;2015-06-25 17:10:00;172602N232;1646;18.516;41;226;225;228;224;2.475;49.99;406.9;2.008;408.5;2.045;0.0;0.000;60;0;0;2.423;2.519;2.484;532;566;547;49.99;49.99;49.99;4840;1000;0.0;0;1.0000;0;0
600;2015-06-25 17:20:00;172602N232;1923;18.837;41;226;225;229;224;2.873;49.99;400.4;2.385;411.0;2.392;0.0;0.000;60;0;0;2.813;2.939;2.867;624;665;633;49.99;49.99;49.99;4840;1000;0.0;0;1.0000;0;0
600;2015-06-25 17:30:00;172602N232;2654;19.279;41;226;227;230;222;3.913;50.01;385.0;3.385;404.1;3.387;0.0;0.000;60;0;0;3.872;4.019;3.849;877;923;852;50.01;50.01;50.01;4840;1000;0.0;0;1.0000;0;0
600;2015-06-25 17:40:00;172602N232;1511;19.531;41;225;225;228;223;2.259;50.01;392.4;1.898;405.1;1.895;0.0;0.000;60;0;0;2.204;2.321;2.253;490;521;496;50.01;50.01;50.01;4840;1000;0.0;0;1.0000;0;0
600;2015-06-25 17:50:00;172602N232;2703;19.982;41;227;227;230;223;3.992;50.00;391.5;3.412;411.9;3.390;0.0;0.000;60;0;0;3.945;4.092;3.939;889;937;874;50.00;50.00;50.00;4840;1000;0.0;0;1.0000;0;0
600;2015-06-25 18:00:00;172602N232;2327;20.369;41;226;227;228;223;3.488;50.00;385.5;2.953;410.7;2.915;0.0;0.000;60;0;0;3.474;3.542;3.448;768;800;758;50.00;50.00;50.00;4840;1000;0.0;0;1.0000;0;0
600;2015-06-25 18:10:00;172602N232;1694;20.653;41;225;225;227;224;2.611;49.99;381.8;2.183;408.5;2.115;0.0;0.000;60;0;0;2.620;2.620;2.594;553;577;562;49.99;49.99;49.99;4840;1000;0.0;0;1.0000;0;0
600;2015-06-25 18:20:00;172602N232;1191;20.851;41;225;226;225;223;1.839;49.98;376.6;1.537;398.2;1.536;0.0;0.000;60;0;0;1.803;1.877;1.837;386;408;394;49.98;49.98;49.98;4840;1000;0.0;0;1.0000;0;0
600;2015-06-25 18:30:00;172602N232;1640;21.124;41;226;227;227;223;2.448;50.01;380.6;2.103;403.9;2.104;0.0;0.000;60;0;0;2.411;2.506;2.428;539;564;534;50.01;50.01;50.01;4840;1000;0.0;0;1.0000;0;0
600;2015-06-25 18:40:00;172602N232;1925;21.446;41;227;227;228;225;2.857;50.02;371.4;2.507;403.0;2.504;0.0;0.000;60;0;0;2.816;2.914;2.842;631;659;632;50.02;50.02;50.02;4840;1000;0.0;0;1.0000;0;0
600;2015-06-25 18:50:00;172602N232;1788;21.744;41;226;227;227;225;2.656;50.00;366.7;2.333;401.8;2.358;0.0;0.000;60;0;0;2.622;2.706;2.642;588;610;588;50.00;50.00;50.00;4840;1000;0.0;0;1.0000;0;0
600;2015-06-25 19:00:00;172602N232;1374;21.973;41;226;227;229;223;2.051;49.99;357.7;1.816;401.3;1.826;0.0;0.000;60;0;0;2.013;2.107;2.033;447;476;448;49.99;49.99;49.99;4840;1000;0.0;0;1.0000;0;0
600;2015-06-25 19:10:00;172602N232;1401;22.206;41;226;227;229;224;2.113;50.00;352.2;1.850;404.4;1.881;0.0;0.000;60;0;0;2.075;2.161;2.103;454;484;461;50.00;50.00;50.00;4840;1000;0.0;0;1.0000;0;0
600;2015-06-25 19:20:00;172602N232;1143;22.397;41;226;226;227;225;1.751;50.00;337.2;1.531;403.5;1.572;0.0;0.000;60;0;0;1.721;1.771;1.761;369;389;383;50.00;50.00;50.00;4840;1000;0.0;0;1.0000;0;0
600;2015-06-25 19:30:00;172602N232;878;22.543;40;224;224;224;225;1.336;50.00;316.7;1.204;403.9;1.240;0.0;0.000;60;0;0;1.283;1.370;1.357;278;300;297;50.00;50.00;50.00;4840;1000;0.0;0;1.0000;0;0
600;2015-06-25 19:40:00;172602N232;709;22.661;40;225;225;226;224;1.088;49.99;279.2;1.004;403.3;1.060;0.0;0.000;60;0;0;1.035;1.127;1.104;222;246;238;49.99;49.99;49.99;4840;1000;0.0;0;1.0000;0;0
600;2015-06-25 19:50:00;172602N232;531;22.750;40;225;224;226;223;0.959;50.00;254.2;0.797;401.1;0.825;0.0;0.000;60;0;0;0.926;1.005;0.947;163;187;179;50.00;50.00;50.00;4840;1000;0.0;0;1.0000;0;0
600;2015-06-25 20:00:00;172602N232;476;22.830;40;225;224;227;223;0.819;50.01;270.7;0.566;395.3;0.835;0.0;0.000;60;0;0;0.785;0.864;0.809;147;169;158;50.01;50.01;50.01;4840;1000;0.0;0;1.0000;0;0
600;2015-06-25 20:10:00;172602N232;362;22.891;40;225;225;226;223;0.791;49.99;436.8;0.200;395.1;0.662;0.0;0.000;60;0;0;0.783;0.828;0.763;107;126;126;49.99;49.99;49.99;4840;1000;0.0;0;1.0000;0;0
600;2015-06-25 20:20:00;172602N232;280;22.937;39;223;224;224;222;1.124;50.00;415.4;0.171;391.5;0.498;0.0;0.000;60;0;0;1.275;1.187;0.911;75;107;96;50.00;50.00;50.00;4840;1000;0.0;0;1.0000;0;0
600;2015-06-25 20:30:00;172602N232;172;22.966;39;224;225;225;223;0.944;49.99;410.1;0.135;338.2;0.304;0.0;0.000;60;0;0;1.088;0.967;0.777;24;68;78;49.99;49.99;49.99;4840;1000;0.0;0;1.0000;0;0
600;2015-06-25 20:40:00;172602N232;112;22.985;38;224;224;224;223;0.882;49.96;396.0;0.109;377.7;0.149;0.0;0.000;60;0;0;1.064;0.839;0.744;5;46;62;49.96;49.96;49.96;4840;1000;0.0;0;1.0000;0;0
600;2015-06-25 20:50:00;172602N232;94;23.001;38;223;224;224;223;0.869;49.98;381.3;0.093;398.2;0.109;0.0;0.000;60;0;0;1.032;0.865;0.711;4;35;58;49.98;49.98;49.98;4840;1000;0.0;0;1.0000;0;0
600;2015-06-25 21:00:00;172602N232;76;23.014;38;223;223;225;222;0.866;49.99;382.6;0.073;389.3;0.085;0.0;0.000;60;0;0;0.860;1.051;0.687;12;11;53;49.99;49.99;49.99;4840;1000;0.0;0;1.0000;0;0
600;2015-06-25 21:10:00;172602N232;49;23.021;37;224;223;225;223;0.809;50.00;353.7;0.044;366.4;0.053;0.0;0.000;60;0;0;0.882;0.922;0.625;5;9;40;50.00;50.00;50.00;4840;1000;0.0;0;1.0000;0;0
600;2015-06-25 21:20:00;172602N232;27;23.026;37;223;224;224;222;0.495;50.01;312.9;0.017;335.6;0.027;0.0;0.000;60;0;0;0.578;0.528;0.380;2;13;23;50.01;50.01;50.01;4840;1000;0.0;0;1.0000;0;0
600;2015-06-25 21:30:00;172602N232;9;23.028;36;223;224;223;222;0.291;49.99;260.7;0.001;278.6;0.004;0.0;0.000;60;0;0;0.368;0.270;0.235;0;10;11;49.99;49.99;49.99;4840;1000;0.0;0;1.0000;0;0
600;2015-06-25 21:40:00;172602N232;0;23.029;36;223;224;224;222;0.044;49.99;262.3;0.000;262.4;0.000;0.0;0.000;51;0;0;0.051;0.049;0.032;0;0;1;49.99;49.99;49.99;5091;1000;0.0;0;1.0000;0;0
600;2015-06-25 21:50:00;172602N232;0;23.029;35;223;224;226;221;0.000;50.01;279.0;0.000;278.8;0.000;0.0;0.000;51;0;0;0.000;0.000;0.000;0;0;0;50.01;50.01;50.01;8513;1000;0.0;0;1.0000;0;0
600;2015-06-25 22:00:00;172602N232;0;23.029;34;223;224;227;220;0.000;50.00;234.2;0.000;235.1;0.000;0.0;0.000;51;0;0;0.000;0.000;0.000;0;0;0;50.00;50.00;50.00;8513;1000;0.0;0;1.0000;0;0
600;2015-06-25 22:10:00;172602N232;0;23.029;33;223;223;226;219;0.000;49.99;229.6;0.000;230.6;0.000;0.0;0.000;51;0;0;0.000;0.000;0.000;0;0;0;49.99;49.99;49.99;8513;1000;0.0;0;1.0000;0;0
600;2015-06-25 22:20:00;172602N232;0;23.029;33;224;224;227;221;0.000;50.03;227.4;0.000;228.3;0.000;0.0;0.000;51;0;0;0.000;0.000;0.000;0;0;0;50.03;50.03;50.03;8513;1000;0.0;0;1.0000;0;0
[wr_ende]
