20151206;230000;172602N232;My Plant;+0100
[wr_def_start]
172602N232;Inverter Type;Inverter Group;72602N232      
[wr_def_end]
[wr]
INTERVAL;TIMESTAMP;SERIAL;P_AC;E_DAY;T_WR;U_AC;U_AC_1;U_AC_2;U_AC_3;I_AC;F_AC;U_DC_1;I_DC_1;U_DC_2;I_DC_2;U_DC_3;I_DC_3;S;E_WR;M_WR;I_AC_1;I_AC_2;I_AC_3;P_AC_1;P_AC_2;P_AC_3;F_AC_1;F_AC_2;F_AC_3;R_DC;PC;PCS;PCS_LL;COS_PHI;COS_PHI_LL;S_COS_PHI
600;2015-12-06 07:40:00;172602N232;0;0.000;0;1;1;1;1;0.000;0.34;1.5;0.000;1.5;0.000;0.0;0.000;50;0;0;0.000;0.000;0.000;0;0;0;0.34;0.34;0.34;18;1000;0.0;0;1.0000;0;0
600;2015-12-06 07:50:00;172602N232;0;0.000;18;222;223;223;220;0.000;50.01;227.8;0.000;228.7;0.000;0.0;0.000;50;0;0;0.000;0.000;0.000;0;0;0;50.01;50.01;50.01;0;1000;0.0;0;1.0000;0;0
600;2015-12-06 08:00:00;172602N232;0;0.000;20;222;222;225;219;0.000;49.99;232.5;0.000;233.5;0.000;0.0;0.000;50;0;0;0.000;0.000;0.000;0;0;0;49.99;49.99;49.99;0;1000;0.0;0;1.0000;0;0
600;2015-12-06 08:10:00;172602N232;0;0.000;21;222;221;224;221;0.000;50.00;229.5;0.000;230.5;0.000;0.0;0.000;50;0;0;0.000;0.000;0.000;0;0;0;50.00;50.00;50.00;0;1000;0.0;0;1.0000;0;0
600;2015-12-06 08:20:00;172602N232;0;0.000;21;221;220;224;220;0.000;49.99;257.8;0.000;258.3;0.000;0.0;0.000;51;0;0;0.000;0.000;0.000;0;0;0;49.99;49.99;49.99;158;1000;0.0;0;1.0000;0;0
600;2015-12-06 08:30:00;172602N232;8;0.002;21;221;221;223;220;0.249;49.98;269.4;0.003;270.3;0.005;0.0;0.000;60;0;0;0.297;0.258;0.193;0;5;11;49.98;49.98;49.98;4508;1000;0.0;0;1.0000;0;0
600;2015-12-06 08:40:00;172602N232;27;0.009;22;221;221;222;219;0.460;49.99;323.2;0.022;328.1;0.024;0.0;0.000;60;0;0;0.586;0.449;0.346;1;14;24;49.99;49.99;49.99;4508;1000;0.0;0;1.0000;0;0
600;2015-12-06 08:50:00;172602N232;65;0.019;22;222;222;223;221;0.722;50.00;368.1;0.071;369.0;0.071;0.0;0.000;60;0;0;0.825;0.773;0.569;6;22;37;50.00;50.00;50.00;4508;1000;0.0;0;1.0000;0;0
600;2015-12-06 09:00:00;172602N232;99;0.034;23;222;222;223;222;0.859;49.99;385.0;0.114;380.4;0.113;0.0;0.000;60;0;0;0.849;1.032;0.696;20;22;55;49.99;49.99;49.99;4508;1000;0.0;0;1.0000;0;0
600;2015-12-06 09:10:00;172602N232;89;0.048;23;222;222;223;221;0.868;49.99;380.5;0.101;376.0;0.101;0.0;0.000;60;0;0;1.165;0.760;0.680;3;42;46;49.99;49.99;49.99;4508;1000;0.0;0;1.0000;0;0
600;2015-12-06 09:20:00;172602N232;71;0.061;24;222;223;222;221;0.839;49.99;373.7;0.078;369.7;0.079;0.0;0.000;60;0;0;1.181;0.694;0.644;0;41;41;49.99;49.99;49.99;4508;1000;0.0;0;1.0000;0;0
600;2015-12-06 09:30:00;172602N232;82;0.074;24;221;221;223;220;0.825;49.99;377.8;0.092;371.1;0.094;0.0;0.000;60;0;0;0.847;0.966;0.662;13;19;48;49.99;49.99;49.99;4508;1000;0.0;0;1.0000;0;0
600;2015-12-06 09:40:00;172602N232;94;0.090;24;221;222;223;220;0.867;50.01;383.4;0.107;374.9;0.109;0.0;0.000;60;0;0;0.886;1.022;0.695;15;18;59;50.01;50.01;50.01;4508;1000;0.0;0;1.0000;0;0
600;2015-12-06 09:50:00;172602N232;134;0.112;25;222;221;223;221;0.928;49.99;395.5;0.155;384.2;0.157;0.0;0.000;60;0;0;0.993;1.027;0.764;30;45;57;49.99;49.99;49.99;4508;1000;0.0;0;1.0000;0;0
600;2015-12-06 10:00:00;172602N232;115;0.132;25;221;221;221;222;0.901;50.01;391.2;0.132;379.8;0.135;0.0;0.000;60;0;0;1.161;0.736;0.807;21;58;33;50.01;50.01;50.01;4508;1000;0.0;0;1.0000;0;0
600;2015-12-06 10:10:00;172602N232;172;0.161;25;221;221;222;220;1.003;49.99;402.7;0.199;389.8;0.202;0.0;0.000;60;0;0;1.155;1.041;0.815;41;69;60;49.99;49.99;49.99;4508;1000;0.0;0;1.0000;0;0
600;2015-12-06 10:20:00;172602N232;237;0.200;26;221;221;223;220;1.075;50.00;410.5;0.277;396.4;0.279;0.0;0.000;60;0;0;1.125;1.248;0.853;49;91;94;50.00;50.00;50.00;4508;1000;0.0;0;1.0000;0;0
600;2015-12-06 10:30:00;172602N232;252;0.242;26;220;221;222;219;1.051;49.99;410.5;0.294;397.3;0.296;0.0;0.000;60;0;0;1.159;1.148;0.846;62;97;91;49.99;49.99;49.99;4508;1000;0.0;0;1.0000;0;0
600;2015-12-06 10:40:00;172602N232;125;0.263;26;220;220;221;219;0.877;49.99;392.4;0.144;381.1;0.146;0.0;0.000;60;0;0;0.901;1.022;0.709;20;34;69;49.99;49.99;49.99;4508;1000;0.0;0;1.0000;0;0
600;2015-12-06 10:50:00;172602N232;104;0.281;27;220;220;221;220;0.853;49.99;386.5;0.119;376.2;0.121;0.0;0.000;60;0;0;0.906;0.957;0.696;15;29;58;49.99;49.99;49.99;4508;1000;0.0;0;1.0000;0;0
600;2015-12-06 11:00:00;172602N232;88;0.295;27;221;221;222;219;0.879;49.99;379.3;0.100;371.6;0.103;0.0;0.000;60;0;0;0.989;0.965;0.685;7;25;56;49.99;49.99;49.99;4508;1000;0.0;0;1.0000;0;0
600;2015-12-06 11:10:00;172602N232;89;0.310;27;221;221;222;219;0.924;49.99;380.9;0.101;371.3;0.103;0.0;0.000;60;0;0;1.039;1.016;0.718;6;24;59;49.99;49.99;49.99;4508;1000;0.0;0;1.0000;0;0
600;2015-12-06 11:20:00;172602N232;139;0.334;27;221;220;222;220;0.910;50.00;395.4;0.160;382.7;0.163;0.0;0.000;60;0;0;0.908;1.113;0.709;28;47;61;50.00;50.00;50.00;4508;1000;0.0;0;1.0000;0;0
600;2015-12-06 11:30:00;172602N232;126;0.355;27;221;221;222;220;0.969;49.97;391.8;0.146;379.8;0.149;0.0;0.000;60;0;0;1.262;0.889;0.758;17;56;54;49.97;49.97;49.97;4508;1000;0.0;0;1.0000;0;0
600;2015-12-06 11:40:00;172602N232;99;0.372;27;220;220;223;218;0.944;49.98;384.7;0.114;373.9;0.117;0.0;0.000;60;0;0;1.152;0.984;0.698;13;24;61;49.98;49.98;49.98;4508;1000;0.0;0;1.0000;0;0
600;2015-12-06 11:50:00;172602N232;164;0.399;28;221;222;223;218;1.079;50.01;399.6;0.192;387.2;0.194;0.0;0.000;60;0;0;1.504;0.974;0.761;9;73;82;50.01;50.01;50.01;4508;1000;0.0;0;1.0000;0;0
600;2015-12-06 12:00:00;172602N232;150;0.425;28;221;222;222;220;0.905;49.99;398.4;0.174;384.8;0.177;0.0;0.000;60;0;0;0.972;0.994;0.751;18;50;80;49.99;49.99;49.99;4508;1000;0.0;0;1.0000;0;0
600;2015-12-06 12:10:00;172602N232;140;0.448;28;221;221;223;221;0.889;49.99;396.5;0.162;383.4;0.165;0.0;0.000;60;0;0;0.823;1.110;0.736;37;27;74;49.99;49.99;49.99;4508;1000;0.0;0;1.0000;0;0
600;2015-12-06 12:20:00;172602N232;138;0.471;28;221;220;222;221;0.898;50.01;395.1;0.160;382.7;0.163;0.0;0.000;60;0;0;0.892;1.064;0.739;26;44;67;50.01;50.01;50.01;4508;1000;0.0;0;1.0000;0;0
600;2015-12-06 12:30:00;172602N232;143;0.494;28;221;221;221;221;0.926;49.99;396.0;0.166;383.2;0.169;0.0;0.000;60;0;0;1.188;0.771;0.819;26;68;48;49.99;49.99;49.99;4508;1000;0.0;0;1.0000;0;0
600;2015-12-06 12:40:00;172602N232;103;0.512;28;220;220;220;221;0.880;50.00;383.5;0.119;374.5;0.121;0.0;0.000;60;0;0;1.121;0.735;0.786;11;61;30;50.00;50.00;50.00;4508;1000;0.0;0;1.0000;0;0
600;2015-12-06 12:50:00;172602N232;66;0.524;28;220;219;221;220;0.715;49.99;368.1;0.072;361.6;0.075;0.0;0.000;60;0;0;0.721;0.822;0.603;15;16;33;49.99;49.99;49.99;4508;1000;0.0;0;1.0000;0;0
600;2015-12-06 13:00:00;172602N232;27;0.529;28;220;219;220;221;0.417;49.99;312.6;0.023;323.0;0.025;0.0;0.000;60;0;0;0.326;0.445;0.480;9;21;2;49.99;49.99;49.99;4508;1000;0.0;0;1.0000;0;0
600;2015-12-06 13:10:00;172602N232;25;0.533;28;221;220;220;222;0.452;50.00;315.2;0.020;317.8;0.024;0.0;0.000;60;0;0;0.451;0.443;0.463;4;28;1;50.00;50.00;50.00;4508;1000;0.0;0;1.0000;0;0
600;2015-12-06 13:20:00;172602N232;12;0.535;28;221;220;221;221;0.304;50.01;273.3;0.006;282.9;0.008;0.0;0.000;60;0;0;0.324;0.318;0.271;2;10;5;50.01;50.01;50.01;4508;1000;0.0;0;1.0000;0;0
600;2015-12-06 13:30:00;172602N232;12;0.538;28;221;220;222;220;0.348;50.01;271.3;0.006;281.6;0.009;0.0;0.000;60;0;0;0.375;0.433;0.237;4;1;13;50.01;50.01;50.01;4508;1000;0.0;0;1.0000;0;0
600;2015-12-06 13:40:00;172602N232;8;0.539;28;221;220;223;220;0.256;50.00;264.6;0.004;268.6;0.005;0.0;0.000;60;0;0;0.262;0.331;0.176;3;0;10;50.00;50.00;50.00;4508;1000;0.0;0;1.0000;0;0
600;2015-12-06 13:50:00;172602N232;4;0.540;27;221;221;222;220;0.202;49.99;254.7;0.000;259.5;0.001;0.0;0.000;60;0;0;0.247;0.204;0.157;0;4;9;49.99;49.99;49.99;4508;1000;0.0;0;1.0000;0;0
600;2015-12-06 14:00:00;172602N232;3;0.542;27;221;221;222;219;0.181;50.00;254.2;0.000;256.5;0.000;0.0;0.000;60;0;0;0.275;0.156;0.113;1;4;6;50.00;50.00;50.00;4508;1000;0.0;0;1.0000;0;0
600;2015-12-06 14:10:00;172602N232;7;0.543;27;221;220;221;220;0.255;50.02;257.5;0.001;267.9;0.003;0.0;0.000;60;0;0;0.366;0.235;0.164;1;4;8;50.02;50.02;50.02;4508;1000;0.0;0;1.0000;0;0
600;2015-12-06 14:20:00;172602N232;37;0.550;27;221;221;222;221;0.551;50.03;334.4;0.036;337.4;0.039;0.0;0.000;60;0;0;0.620;0.616;0.418;8;5;25;50.03;50.03;50.03;4508;1000;0.0;0;1.0000;0;0
600;2015-12-06 14:30:00;172602N232;42;0.556;27;221;221;222;221;0.590;50.02;346.0;0.041;344.5;0.043;0.0;0.000;60;0;0;0.630;0.695;0.447;9;4;28;50.02;50.02;50.02;4508;1000;0.0;0;1.0000;0;0
600;2015-12-06 14:40:00;172602N232;14;0.559;27;221;221;222;220;0.321;50.00;276.8;0.008;279.5;0.011;0.0;0.000;60;0;0;0.411;0.317;0.235;1;7;15;50.00;50.00;50.00;4508;1000;0.0;0;1.0000;0;0
600;2015-12-06 14:50:00;172602N232;1;0.560;27;220;219;221;220;0.057;50.00;251.6;0.000;252.5;0.000;0.0;0.000;60;0;0;0.060;0.070;0.043;0;0;2;50.00;50.00;50.00;4508;1000;0.0;0;1.0000;0;0
600;2015-12-06 15:00:00;172602N232;0;0.560;27;219;218;222;217;0.000;49.99;239.5;0.000;240.0;0.000;0.0;0.000;50;0;0;0.000;0.000;0.001;0;0;0;49.99;49.99;49.99;4508;1000;0.0;0;1.0000;0;0
600;2015-12-06 15:10:00;172602N232;0;0.560;26;219;219;222;217;0.000;49.98;228.1;0.000;229.1;0.000;0.0;0.000;50;0;0;0.000;0.000;0.000;0;0;0;49.98;49.98;49.98;4508;1000;0.0;0;1.0000;0;0
600;2015-12-06 15:20:00;172602N232;0;0.560;26;220;220;223;218;0.000;49.99;229.7;0.000;230.3;0.000;0.0;0.000;50;0;0;0.000;0.000;0.000;0;0;0;49.99;49.99;49.99;4508;1000;0.0;0;1.0000;0;0
600;2015-12-06 15:30:00;172602N232;0;0.560;26;221;221;223;219;0.000;50.01;228.4;0.000;228.5;0.000;0.0;0.000;50;0;0;0.000;0.000;0.000;0;0;0;50.01;50.01;50.01;4508;1000;0.0;0;1.0000;0;0
[wr_ende]
