20121217;230001;172602N232;My Plant;+0100
[wr_def_start]
172602N232;Inverter Type;Inverter Group;72602N232      
[wr_def_end]
[wr]
INTERVAL;TIMESTAMP;SERIAL;P_AC;E_DAY;T_WR;U_AC;U_AC_1;U_AC_2;U_AC_3;I_AC;F_AC;U_DC_1;I_DC_1;U_DC_2;I_DC_2;U_DC_3;I_DC_3;S;E_WR;M_WR;I_AC_1;I_AC_2;I_AC_3;P_AC_1;P_AC_2;P_AC_3;F_AC_1;F_AC_2;F_AC_3;R_DC;PC;PCS;PCS_LL;COS_PHI;COS_PHI_LL;S_COS_PHI
600;2012-12-17 08:30:00;172602N232;0;0.000;0;1;1;1;1;0.000;0.29;1.3;0.000;1.3;0.000;0.0;0.000;50;0;0;0.000;0.000;0.000;0;0;0;0.29;0.29;0.29;8;1000;0.0;0;1.0000;0;0
600;2012-12-17 08:40:00;172602N232;0;0.000;16;221;223;220;219;0.000;50.00;227.3;0.000;228.3;0.000;0.0;0.000;50;0;0;0.000;0.000;0.000;0;0;0;50.00;50.00;50.00;0;1000;0.0;0;1.0000;0;0
600;2012-12-17 08:50:00;172602N232;0;0.000;18;221;223;221;218;0.000;50.00;231.1;0.000;232.1;0.000;0.0;0.000;50;0;0;0.000;0.000;0.000;0;0;0;50.00;50.00;50.00;0;1000;0.0;0;1.0000;0;0
600;2012-12-17 09:00:00;172602N232;0;0.000;18;222;223;223;219;0.000;50.01;239.1;0.000;240.0;0.000;0.0;0.000;50;0;0;0.000;0.000;0.000;0;0;0;50.01;50.01;50.01;0;1000;0.0;0;1.0000;0;0
600;2012-12-17 09:10:00;172602N232;0;0.000;19;222;224;223;219;0.000;50.00;268.6;0.000;268.8;0.000;0.0;0.000;50;0;0;0.000;0.000;0.000;0;0;0;50.00;50.00;50.00;0;1000;0.0;0;1.0000;0;0
600;2012-12-17 09:20:00;172602N232;0;0.000;19;222;224;224;218;0.000;50.00;267.1;0.000;267.8;0.000;0.0;0.000;50;0;0;0.000;0.000;0.000;0;0;0;50.00;50.00;50.00;0;1000;0.0;0;1.0000;0;0
600;2012-12-17 09:30:00;172602N232;0;0.000;19;221;223;223;219;0.000;50.01;295.8;0.000;294.6;0.000;0.0;0.000;51;0;0;0.000;0.000;0.000;0;0;0;50.01;50.01;50.01;11;1000;0.0;0;1.0000;0;0
600;2012-12-17 09:40:00;172602N232;3;0.000;19;221;222;221;220;0.124;50.01;281.5;0.000;279.2;0.001;0.0;0.000;60;0;0;0.172;0.111;0.090;0;5;4;50.01;50.01;50.01;6510;1000;0.0;0;1.0000;0;0
600;2012-12-17 09:50:00;172602N232;26;0.007;19;221;222;220;221;0.441;50.01;329.6;0.023;343.4;0.022;0.0;0.000;60;0;0;0.555;0.362;0.407;0;23;17;50.01;50.01;50.01;6510;1000;0.0;0;1.0000;0;0
600;2012-12-17 10:00:00;172602N232;47;0.019;20;220;222;219;219;0.633;49.98;368.2;0.048;375.5;0.045;0.0;0.000;60;0;0;0.902;0.468;0.529;0;36;33;49.98;49.98;49.98;6510;1000;0.0;0;1.0000;0;0
600;2012-12-17 10:10:00;172602N232;62;0.028;20;220;222;218;222;0.642;50.00;381.9;0.066;386.2;0.063;0.0;0.000;60;0;0;0.714;0.527;0.685;11;43;10;50.00;50.00;50.00;6510;1000;0.0;0;1.0000;0;0
600;2012-12-17 10:20:00;172602N232;61;0.040;21;221;222;219;221;0.665;50.00;380.2;0.065;388.2;0.062;0.0;0.000;60;0;0;0.933;0.504;0.560;1;42;25;50.00;50.00;50.00;6510;1000;0.0;0;1.0000;0;0
600;2012-12-17 10:30:00;172602N232;71;0.052;21;221;222;219;221;0.766;50.00;387.2;0.077;389.4;0.074;0.0;0.000;60;0;0;1.082;0.587;0.631;0;49;28;50.00;50.00;50.00;6510;1000;0.0;0;1.0000;0;0
600;2012-12-17 10:40:00;172602N232;86;0.069;22;221;223;219;221;0.884;50.00;391.9;0.097;394.3;0.092;0.0;0.000;60;0;0;1.318;0.660;0.675;0;62;35;50.00;50.00;50.00;6510;1000;0.0;0;1.0000;0;0
600;2012-12-17 10:50:00;172602N232;109;0.089;23;221;223;220;220;0.946;50.00;399.8;0.125;400.3;0.119;0.0;0.000;60;0;0;1.396;0.726;0.718;0;68;49;50.00;50.00;50.00;6510;1000;0.0;0;1.0000;0;0
600;2012-12-17 11:00:00;172602N232;153;0.112;23;221;222;220;220;0.990;49.99;410.1;0.176;409.5;0.168;0.0;0.000;60;0;0;1.427;0.781;0.764;19;76;59;49.99;49.99;49.99;6510;1000;0.0;0;1.0000;0;0
600;2012-12-17 11:10:00;172602N232;194;0.140;24;221;222;221;221;1.024;50.00;416.4;0.222;414.9;0.214;0.0;0.000;60;0;0;1.418;0.852;0.802;30;85;77;50.00;50.00;50.00;6510;1000;0.0;0;1.0000;0;0
600;2012-12-17 11:20:00;172602N232;193;0.169;24;222;222;221;223;1.012;50.00;415.8;0.222;415.2;0.214;0.0;0.000;60;0;0;1.002;1.027;1.008;50;91;50;50.00;50.00;50.00;6510;1000;0.0;0;1.0000;0;0
600;2012-12-17 11:30:00;172602N232;219;0.206;24;222;222;223;221;1.017;50.00;421.7;0.250;417.8;0.243;0.0;0.000;60;0;0;1.180;0.998;0.874;46;84;87;50.00;50.00;50.00;6510;1000;0.0;0;1.0000;0;0
600;2012-12-17 11:40:00;172602N232;182;0.237;25;223;223;224;222;1.057;50.00;414.9;0.208;413.5;0.201;0.0;0.000;60;0;0;1.358;1.059;0.756;36;86;57;50.00;50.00;50.00;6510;1000;0.0;0;1.0000;0;0
600;2012-12-17 11:50:00;172602N232;239;0.276;25;223;224;223;222;1.091;50.01;421.6;0.275;418.7;0.265;0.0;0.000;60;0;0;1.286;1.141;0.848;49;108;79;50.01;50.01;50.01;6510;1000;0.0;0;1.0000;0;0
600;2012-12-17 12:00:00;172602N232;365;0.337;25;224;224;225;222;1.159;50.00;430.4;0.422;427.0;0.406;0.0;0.000;60;0;0;1.220;1.178;1.081;102;133;128;50.00;50.00;50.00;6510;1000;0.0;0;1.0000;0;0
600;2012-12-17 12:10:00;172602N232;349;0.396;26;224;224;224;223;1.115;50.00;428.4;0.401;425.4;0.391;0.0;0.000;60;0;0;1.189;1.147;1.009;101;135;112;50.00;50.00;50.00;6510;1000;0.0;0;1.0000;0;0
600;2012-12-17 12:20:00;172602N232;304;0.446;26;224;224;224;224;1.140;50.02;426.0;0.350;423.5;0.340;0.0;0.000;60;0;0;1.276;1.134;1.012;90;121;91;50.02;50.02;50.02;6510;1000;0.0;0;1.0000;0;0
600;2012-12-17 12:30:00;172602N232;270;0.491;26;224;225;224;223;1.106;50.00;424.1;0.310;420.1;0.302;0.0;0.000;60;0;0;1.285;1.045;0.989;73;109;86;50.00;50.00;50.00;6510;1000;0.0;0;1.0000;0;0
600;2012-12-17 12:40:00;172602N232;277;0.537;26;223;223;224;222;1.108;50.00;422.9;0.319;420.2;0.308;0.0;0.000;60;0;0;1.191;1.145;0.988;75;99;101;50.00;50.00;50.00;6510;1000;0.0;0;1.0000;0;0
600;2012-12-17 12:50:00;172602N232;509;0.623;26;223;223;223;223;1.061;50.01;437.4;0.581;433.2;0.569;0.0;0.000;60;0;0;1.071;1.080;1.032;161;179;168;50.01;50.01;50.01;6510;1000;0.0;0;1.0000;0;0
600;2012-12-17 13:00:00;172602N232;416;0.692;27;223;223;223;222;0.890;50.00;432.3;0.480;428.1;0.463;0.0;0.000;60;0;0;0.899;0.912;0.861;125;152;137;50.00;50.00;50.00;6510;1000;0.0;0;1.0000;0;0
600;2012-12-17 13:10:00;172602N232;187;0.723;27;222;223;222;222;0.931;49.99;412.2;0.215;410.6;0.208;0.0;0.000;60;0;0;1.056;0.975;0.763;34;89;61;49.99;49.99;49.99;6510;1000;0.0;0;1.0000;0;0
600;2012-12-17 13:20:00;172602N232;120;0.744;27;222;222;223;222;0.906;49.99;402.5;0.136;398.8;0.133;0.0;0.000;60;0;0;0.881;1.101;0.736;25;31;61;49.99;49.99;49.99;6510;1000;0.0;0;1.0000;0;0
600;2012-12-17 13:30:00;172602N232;128;0.766;27;222;221;223;221;0.943;49.99;406.1;0.145;403.4;0.141;0.0;0.000;60;0;0;0.877;1.189;0.765;29;29;69;49.99;49.99;49.99;6510;1000;0.0;0;1.0000;0;0
600;2012-12-17 13:40:00;172602N232;143;0.788;27;222;223;224;221;1.018;49.99;407.5;0.163;405.7;0.159;0.0;0.000;60;0;0;1.316;0.973;0.765;16;62;62;49.99;49.99;49.99;6510;1000;0.0;0;1.0000;0;0
600;2012-12-17 13:50:00;172602N232;112;0.808;27;222;223;223;221;0.950;49.99;400.3;0.127;397.4;0.124;0.0;0.000;60;0;0;1.287;0.818;0.745;6;52;56;49.99;49.99;49.99;6510;1000;0.0;0;1.0000;0;0
600;2012-12-17 14:00:00;172602N232;86;0.823;27;222;223;223;222;0.924;50.00;391.9;0.096;391.6;0.093;0.0;0.000;60;0;0;1.222;0.837;0.714;7;39;47;50.00;50.00;50.00;6510;1000;0.0;0;1.0000;0;0
600;2012-12-17 14:10:00;172602N232;122;0.843;27;223;223;224;221;0.934;50.00;402.8;0.139;402.1;0.135;0.0;0.000;60;0;0;1.048;1.008;0.748;20;37;63;50.00;50.00;50.00;6510;1000;0.0;0;1.0000;0;0
600;2012-12-17 14:20:00;172602N232;124;0.863;27;223;223;224;221;0.979;49.99;404.7;0.142;402.4;0.138;0.0;0.000;60;0;0;1.353;0.840;0.745;7;54;62;49.99;49.99;49.99;6510;1000;0.0;0;1.0000;0;0
600;2012-12-17 14:30:00;172602N232;125;0.885;27;222;223;222;221;0.964;50.00;404.4;0.143;403.6;0.139;0.0;0.000;60;0;0;1.312;0.819;0.763;10;60;56;50.00;50.00;50.00;6510;1000;0.0;0;1.0000;0;0
600;2012-12-17 14:40:00;172602N232;95;0.902;27;222;223;222;222;0.919;50.00;394.3;0.108;395.1;0.104;0.0;0.000;60;0;0;1.251;0.750;0.757;4;55;41;50.00;50.00;50.00;6510;1000;0.0;0;1.0000;0;0
600;2012-12-17 14:50:00;172602N232;74;0.914;27;222;222;221;223;0.780;50.00;385.5;0.082;388.7;0.079;0.0;0.000;60;0;0;0.735;0.679;0.927;25;39;9;50.00;50.00;50.00;6510;1000;0.0;0;1.0000;0;0
600;2012-12-17 15:00:00;172602N232;42;0.921;27;222;222;222;223;0.577;50.01;357.6;0.042;363.5;0.041;0.0;0.000;60;0;0;0.517;0.549;0.666;16;28;2;50.01;50.01;50.01;6510;1000;0.0;0;1.0000;0;0
600;2012-12-17 15:10:00;172602N232;40;0.928;27;223;222;222;224;0.570;50.00;359.2;0.039;364.2;0.038;0.0;0.000;60;0;0;0.520;0.514;0.677;14;27;2;50.00;50.00;50.00;6510;1000;0.0;0;1.0000;0;0
600;2012-12-17 15:20:00;172602N232;14;0.931;27;223;224;222;224;0.328;50.01;292.9;0.010;288.6;0.012;0.0;0.000;60;0;0;0.394;0.247;0.345;2;15;6;50.01;50.01;50.01;6510;1000;0.0;0;1.0000;0;0
600;2012-12-17 15:30:00;172602N232;0;0.931;26;223;224;224;222;0.019;49.99;266.9;0.000;266.3;0.000;0.0;0.000;50;0;0;0.030;0.017;0.010;0;0;0;49.99;49.99;49.99;6510;1000;0.0;0;1.0000;0;0
600;2012-12-17 15:40:00;172602N232;0;0.931;25;222;224;224;219;0.000;49.99;235.7;0.000;236.7;0.000;0.0;0.000;50;0;0;0.000;0.000;0.000;0;0;0;49.99;49.99;49.99;6510;1000;0.0;0;1.0000;0;0
600;2012-12-17 15:50:00;172602N232;0;0.931;24;223;224;225;220;0.000;50.00;228.4;0.000;229.3;0.000;0.0;0.000;50;0;0;0.000;0.000;0.000;0;0;0;50.00;50.00;50.00;6510;1000;0.0;0;1.0000;0;0
600;2012-12-17 16:00:00;172602N232;0;0.931;23;222;224;224;219;0.000;50.06;229.3;0.000;230.2;0.000;0.0;0.000;50;0;0;0.000;0.000;0.000;0;0;0;50.06;50.06;50.06;6510;1000;0.0;0;1.0000;0;0
[wr_ende]
