20170130;230005;172602N232;My Plant;+0100
[wr_def_start]
172602N232;Inverter Type;Inverter Group;72602N232      
[wr_def_end]
[wr]
INTERVAL;TIMESTAMP;SERIAL;P_AC;E_DAY;T_WR;U_AC;U_AC_1;U_AC_2;U_AC_3;I_AC;F_AC;U_DC_1;I_DC_1;U_DC_2;I_DC_2;U_DC_3;I_DC_3;S;E_WR;M_WR;I_AC_1;I_AC_2;I_AC_3;P_AC_1;P_AC_2;P_AC_3;F_AC_1;F_AC_2;F_AC_3;R_DC;PC;PCS;PCS_LL;COS_PHI;COS_PHI_LL;S_COS_PHI
600;2017-01-30 07:20:00;172602N232;0;0.000;0;2;2;2;2;0.000;0.60;2.6;0.000;2.6;0.000;0.0;0.000;50;0;0;0.000;0.000;0.000;0;0;0;0.60;0.60;0.60;0;1000;0.0;0;1.0000;0;0
600;2017-01-30 07:30:00;172602N232;0;0.000;14;223;224;223;221;0.000;50.01;230.1;0.000;231.0;0.000;0.0;0.000;50;0;0;0.000;0.000;0.000;0;0;0;50.01;50.01;50.01;0;1000;0.0;0;1.0000;0;0
600;2017-01-30 07:40:00;172602N232;0;0.000;15;222;224;224;218;0.000;50.01;226.5;0.000;227.5;0.000;0.0;0.000;50;0;0;0.000;0.000;0.000;0;0;0;50.01;50.01;50.01;0;1000;0.0;0;1.0000;0;0
600;2017-01-30 07:50:00;172602N232;0;0.000;15;222;222;226;218;0.000;49.99;249.9;0.000;250.4;0.000;0.0;0.000;50;0;0;0.000;0.000;0.000;0;0;0;49.99;49.99;49.99;0;1000;0.0;0;1.0000;0;0
600;2017-01-30 08:00:00;172602N232;0;0.000;16;223;225;226;217;0.009;50.01;299.9;0.000;299.1;0.000;0.0;0.000;60;0;0;0.025;0.001;0.001;0;0;0;50.01;50.01;50.01;4608;1000;0.0;0;1.0000;0;0
600;2017-01-30 08:10:00;172602N232;15;0.004;16;223;224;224;222;0.328;50.01;296.7;0.008;286.9;0.013;0.0;0.000;60;0;0;0.446;0.312;0.228;0;12;14;50.01;50.01;50.01;4927;1000;0.0;0;1.0000;0;0
600;2017-01-30 08:20:00;172602N232;9;0.008;17;224;225;224;223;0.267;49.99;273.8;0.001;261.4;0.006;0.0;0.000;60;0;0;0.351;0.240;0.211;0;13;9;49.99;49.99;49.99;4927;1000;0.0;0;1.0000;0;0
600;2017-01-30 08:30:00;172602N232;8;0.010;17;223;223;223;223;0.235;49.98;265.7;0.001;265.3;0.003;0.0;0.000;60;0;0;0.276;0.203;0.228;0;8;5;49.98;49.98;49.98;4927;1000;0.0;0;1.0000;0;0
600;2017-01-30 08:40:00;172602N232;19;0.013;17;224;224;224;223;0.368;49.99;305.4;0.011;303.9;0.015;0.0;0.000;60;0;0;0.406;0.389;0.310;3;6;12;49.99;49.99;49.99;4927;1000;0.0;0;1.0000;0;0
600;2017-01-30 08:50:00;172602N232;6;0.014;18;223;223;224;222;0.258;50.00;257.0;0.000;260.5;0.002;0.0;0.000;60;0;0;0.322;0.282;0.172;3;1;8;50.00;50.00;50.00;4927;1000;0.0;0;1.0000;0;0
600;2017-01-30 09:00:00;172602N232;17;0.017;18;223;223;224;223;0.387;50.00;302.2;0.009;299.3;0.014;0.0;0.000;60;0;0;0.429;0.429;0.304;3;5;12;50.00;50.00;50.00;4927;1000;0.0;0;1.0000;0;0
600;2017-01-30 09:10:00;172602N232;18;0.019;18;223;222;223;224;0.371;50.01;316.6;0.009;300.9;0.015;0.0;0.000;60;0;0;0.315;0.447;0.351;6;10;6;50.01;50.01;50.01;4927;1000;0.0;0;1.0000;0;0
600;2017-01-30 09:20:00;172602N232;21;0.023;19;223;223;223;223;0.354;49.98;318.8;0.012;321.7;0.017;0.0;0.000;60;0;0;0.396;0.361;0.307;0;12;11;49.98;49.98;49.98;4927;1000;0.0;0;1.0000;0;0
600;2017-01-30 09:30:00;172602N232;28;0.030;19;223;224;224;223;0.426;50.01;334.1;0.020;338.6;0.025;0.0;0.000;60;0;0;0.499;0.463;0.316;0;16;19;50.01;50.01;50.01;4927;1000;0.0;0;1.0000;0;0
600;2017-01-30 09:40:00;172602N232;83;0.043;19;223;223;223;222;0.803;50.00;389.4;0.087;397.7;0.087;0.0;0.000;60;0;0;0.957;0.812;0.640;4;36;42;50.00;50.00;50.00;4927;1000;0.0;0;1.0000;0;0
600;2017-01-30 09:50:00;172602N232;163;0.067;19;223;223;224;223;0.936;50.01;415.5;0.178;416.1;0.178;0.0;0.000;60;0;0;0.933;1.181;0.695;20;77;64;50.01;50.01;50.01;4927;1000;0.0;0;1.0000;0;0
600;2017-01-30 10:00:00;172602N232;166;0.094;19;223;223;224;223;0.983;50.01;416.3;0.182;415.0;0.182;0.0;0.000;60;0;0;1.025;1.171;0.754;28;67;69;50.01;50.01;50.01;4927;1000;0.0;0;1.0000;0;0
600;2017-01-30 10:10:00;172602N232;212;0.129;20;222;223;222;222;1.014;50.02;422.7;0.234;420.1;0.233;0.0;0.000;60;0;0;1.206;1.048;0.789;47;99;64;50.02;50.02;50.02;4927;1000;0.0;0;1.0000;0;0
600;2017-01-30 10:20:00;172602N232;222;0.167;20;222;222;222;222;1.058;49.99;423.1;0.247;421.2;0.245;0.0;0.000;60;0;0;1.141;1.196;0.838;50;95;75;49.99;49.99;49.99;4927;1000;0.0;0;1.0000;0;0
600;2017-01-30 10:30:00;172602N232;267;0.211;20;222;223;222;222;1.057;50.00;426.9;0.297;425.0;0.294;0.0;0.000;60;0;0;1.204;1.056;0.912;70;108;86;50.00;50.00;50.00;4927;1000;0.0;0;1.0000;0;0
600;2017-01-30 10:40:00;172602N232;304;0.261;20;223;224;223;222;1.126;50.00;430.0;0.339;427.6;0.336;0.0;0.000;60;0;0;1.295;1.137;0.946;83;122;96;50.00;50.00;50.00;4927;1000;0.0;0;1.0000;0;0
600;2017-01-30 10:50:00;172602N232;265;0.306;21;223;225;222;221;1.170;50.00;428.1;0.294;424.8;0.295;0.0;0.000;60;0;0;1.539;1.167;0.804;55;126;82;50.00;50.00;50.00;4927;1000;0.0;0;1.0000;0;0
600;2017-01-30 11:00:00;172602N232;235;0.346;21;223;225;222;222;1.092;50.01;417.7;0.263;421.5;0.262;0.0;0.000;60;0;0;1.389;1.065;0.823;46;109;77;50.01;50.01;50.01;4927;1000;0.0;0;1.0000;0;0
600;2017-01-30 11:10:00;172602N232;268;0.390;21;223;224;223;223;1.112;50.01;420.1;0.303;423.8;0.301;0.0;0.000;60;0;0;1.225;1.166;0.946;75;110;81;50.01;50.01;50.01;4927;1000;0.0;0;1.0000;0;0
600;2017-01-30 11:20:00;172602N232;258;0.434;21;224;225;224;222;1.128;50.00;413.5;0.295;421.4;0.291;0.0;0.000;60;0;0;1.303;1.184;0.898;55;110;91;50.00;50.00;50.00;4927;1000;0.0;0;1.0000;0;0
600;2017-01-30 11:30:00;172602N232;233;0.472;22;224;225;224;224;1.059;50.02;422.3;0.260;419.9;0.260;0.0;0.000;60;0;0;1.204;1.106;0.868;51;98;81;50.02;50.02;50.02;4927;1000;0.0;0;1.0000;0;0
600;2017-01-30 11:40:00;172602N232;271;0.518;22;224;223;224;224;1.102;50.01;426.2;0.305;425.3;0.299;0.0;0.000;60;0;0;1.122;1.170;1.015;82;107;81;50.02;50.02;50.01;4927;1000;0.0;0;1.0000;0;0
600;2017-01-30 11:50:00;172602N232;282;0.565;22;223;223;224;222;1.057;49.99;427.3;0.316;426.5;0.310;0.0;0.000;60;0;0;1.141;1.139;0.892;82;114;84;49.99;49.99;49.99;4927;1000;0.0;0;1.0000;0;0
600;2017-01-30 12:00:00;172602N232;345;0.623;22;223;225;224;222;1.164;50.01;429.8;0.390;430.6;0.379;0.0;0.000;60;0;0;1.348;1.111;1.033;98;130;115;50.01;50.01;50.01;4927;1000;0.0;0;1.0000;0;0
600;2017-01-30 12:10:00;172602N232;589;0.721;22;223;225;223;222;1.184;50.00;433.3;0.667;437.1;0.659;0.0;0.000;60;0;0;1.206;1.202;1.146;192;204;191;50.00;50.00;50.00;4927;1000;0.0;0;1.0000;0;0
600;2017-01-30 12:20:00;172602N232;444;0.795;23;223;224;224;223;0.728;49.98;431.6;0.503;430.4;0.502;0.0;0.000;60;0;0;0.681;0.763;0.741;136;156;150;49.98;49.98;49.98;4927;1000;0.0;0;1.0000;0;0
600;2017-01-30 12:30:00;172602N232;411;0.864;23;223;223;223;223;0.667;49.99;423.3;0.474;427.8;0.469;0.0;0.000;60;0;0;0.617;0.701;0.685;125;145;140;49.99;49.99;49.99;4927;1000;0.0;0;1.0000;0;0
600;2017-01-30 12:40:00;172602N232;288;0.912;23;223;224;223;223;1.060;50.01;416.4;0.330;421.3;0.325;0.0;0.000;60;0;0;1.186;1.047;0.948;83;110;93;50.01;50.01;50.01;4927;1000;0.0;0;1.0000;0;0
600;2017-01-30 12:50:00;172602N232;323;0.966;23;223;224;224;222;1.176;49.99;427.6;0.364;424.3;0.364;0.0;0.000;60;0;0;1.310;1.155;1.064;91;113;117;49.99;49.99;49.99;4927;1000;0.0;0;1.0000;0;0
600;2017-01-30 13:00:00;172602N232;422;1.036;23;223;223;225;221;1.136;50.00;431.9;0.475;428.1;0.477;0.0;0.000;60;0;0;1.165;1.145;1.099;123;142;154;50.00;50.00;50.00;4927;1000;0.0;0;1.0000;0;0
600;2017-01-30 13:10:00;172602N232;426;1.108;24;224;224;224;223;0.685;50.01;426.0;0.488;427.4;0.488;0.0;0.000;60;0;0;0.638;0.719;0.698;130;150;144;50.01;50.01;50.01;4927;1000;0.0;0;1.0000;0;0
600;2017-01-30 13:20:00;172602N232;368;1.170;24;223;224;223;223;1.061;50.00;419.5;0.426;424.5;0.418;0.0;0.000;60;0;0;1.133;1.038;1.014;106;137;124;50.00;50.00;50.00;4927;1000;0.0;0;1.0000;0;0
600;2017-01-30 13:30:00;172602N232;479;1.250;24;223;225;223;223;0.781;50.00;430.3;0.545;429.8;0.545;0.0;0.000;60;0;0;0.739;0.813;0.793;148;167;161;50.00;50.00;50.00;4927;1000;0.0;0;1.0000;0;0
600;2017-01-30 13:40:00;172602N232;423;1.320;24;223;224;224;222;0.952;50.01;427.5;0.480;425.8;0.481;0.0;0.000;60;0;0;1.020;0.964;0.873;129;156;137;50.01;50.01;50.01;4927;1000;0.0;0;1.0000;0;0
600;2017-01-30 13:50:00;172602N232;178;1.349;24;223;225;223;222;1.075;50.00;408.8;0.201;410.7;0.198;0.0;0.000;60;0;0;1.514;0.923;0.789;19;94;65;50.00;50.00;50.00;4927;1000;0.0;0;1.0000;0;0
600;2017-01-30 14:00:00;172602N232;162;1.378;24;224;224;222;224;1.045;50.02;408.4;0.183;411.5;0.176;0.0;0.000;60;0;0;1.312;0.933;0.891;30;92;37;50.02;50.02;50.02;4927;1000;0.0;0;1.0000;0;0
600;2017-01-30 14:10:00;172602N232;215;1.413;24;223;223;223;224;1.018;50.00;407.8;0.246;416.2;0.239;0.0;0.000;60;0;0;1.040;1.077;0.937;55;89;68;50.00;50.00;50.00;4927;1000;0.0;0;1.0000;0;0
600;2017-01-30 14:20:00;172602N232;193;1.445;24;224;224;224;225;0.973;50.01;411.1;0.218;415.1;0.213;0.0;0.000;60;0;0;1.003;1.080;0.837;44;89;58;50.01;50.01;50.01;4927;1000;0.0;0;1.0000;0;0
600;2017-01-30 14:30:00;172602N232;190;1.478;24;223;225;226;219;1.054;50.02;412.0;0.214;414.1;0.212;0.0;0.000;60;0;0;1.317;1.001;0.846;28;79;87;50.02;50.02;50.02;4927;1000;0.0;0;1.0000;0;0
600;2017-01-30 14:40:00;172602N232;119;1.497;24;223;227;226;216;1.012;50.01;400.8;0.131;402.3;0.131;0.0;0.000;60;0;0;1.461;0.832;0.744;4;55;70;50.01;50.01;50.01;4927;1000;0.0;0;1.0000;0;0
600;2017-01-30 14:50:00;172602N232;105;1.515;24;223;227;226;216;0.958;50.00;394.5;0.113;399.3;0.114;0.0;0.000;60;0;0;1.492;0.701;0.683;0;61;64;50.00;50.00;50.00;4927;1000;0.0;0;1.0000;0;0
600;2017-01-30 15:00:00;172602N232;54;1.524;24;223;227;227;215;0.664;50.00;361.3;0.053;376.5;0.053;0.0;0.000;60;0;0;0.953;0.558;0.482;0;35;41;50.00;50.00;50.00;4927;1000;0.0;0;1.0000;0;0
600;2017-01-30 15:10:00;172602N232;23;1.528;23;223;227;227;215;0.399;50.01;312.9;0.015;332.0;0.018;0.0;0.000;60;0;0;0.562;0.351;0.286;0;19;22;50.01;50.01;50.01;4927;1000;0.0;0;1.0000;0;0
600;2017-01-30 15:20:00;172602N232;24;1.532;23;223;228;226;216;0.422;50.03;309.6;0.017;332.6;0.019;0.0;0.000;60;0;0;0.608;0.343;0.316;0;23;24;50.03;50.03;50.03;4927;1000;0.0;0;1.0000;0;0
600;2017-01-30 15:30:00;172602N232;30;1.538;23;223;228;226;216;0.501;50.00;334.0;0.022;355.4;0.024;0.0;0.000;60;0;0;0.734;0.390;0.380;0;28;29;50.00;50.00;50.00;4927;1000;0.0;0;1.0000;0;0
600;2017-01-30 15:40:00;172602N232;7;1.539;23;222;227;225;216;0.214;50.01;264.6;0.002;266.7;0.003;0.0;0.000;60;0;0;0.295;0.176;0.173;0;11;11;50.01;50.01;50.01;4927;1000;0.0;0;1.0000;0;0
600;2017-01-30 15:50:00;172602N232;0;1.539;22;222;224;227;216;0.006;50.00;294.3;0.000;292.7;0.000;0.0;0.000;50;0;0;0.009;0.005;0.005;0;0;0;50.00;50.00;50.00;4927;1000;0.0;0;1.0000;0;0
600;2017-01-30 16:00:00;172602N232;0;1.539;22;222;222;227;216;0.000;49.99;240.3;0.000;241.3;0.000;0.0;0.000;50;0;0;0.000;0.000;0.000;0;0;0;49.99;49.99;49.99;4927;1000;0.0;0;1.0000;0;0
600;2017-01-30 16:10:00;172602N232;0;1.539;21;221;222;227;216;0.000;50.00;230.1;0.000;231.0;0.000;0.0;0.000;50;0;0;0.000;0.000;0.000;0;0;0;50.00;50.00;50.00;4927;1000;0.0;0;1.0000;0;0
600;2017-01-30 16:20:00;172602N232;0;1.539;21;222;223;226;217;0.000;50.04;227.7;0.000;228.7;0.000;0.0;0.000;50;0;0;0.000;0.000;0.000;0;0;0;50.04;50.04;50.04;4927;1000;0.0;0;1.0000;0;0
[wr_ende]
