20171224;230002;172602N232;My Plant;+0100
[wr_def_start]
172602N232;Inverter Type;Inverter Group;72602N232      
[wr_def_end]
[wr]
INTERVAL;TIMESTAMP;SERIAL;P_AC;E_DAY;T_WR;U_AC;U_AC_1;U_AC_2;U_AC_3;I_AC;F_AC;U_DC_1;I_DC_1;U_DC_2;I_DC_2;U_DC_3;I_DC_3;S;E_WR;M_WR;I_AC_1;I_AC_2;I_AC_3;P_AC_1;P_AC_2;P_AC_3;F_AC_1;F_AC_2;F_AC_3;R_DC;PC;PCS;PCS_LL;COS_PHI;COS_PHI_LL;S_COS_PHI
600;2017-12-24 07:50:00;172602N232;0;0.000;0;4;4;4;4;0.000;0.96;4.3;0.000;4.4;0.000;0.0;0.000;50;0;0;0.000;0.000;0.000;0;0;0;0.96;0.96;0.96;45;1000;0.0;0;1.0000;0;0
600;2017-12-24 08:00:00;172602N232;0;0.000;19;221;222;225;218;0.000;49.99;229.7;0.000;230.6;0.000;0.0;0.000;50;0;0;0.000;0.000;0.000;0;0;0;49.99;49.99;49.99;0;1000;0.0;0;1.0000;0;0
600;2017-12-24 08:10:00;172602N232;0;0.000;20;221;221;225;217;0.000;50.01;234.3;0.000;235.3;0.000;0.0;0.000;50;0;0;0.000;0.000;0.000;0;0;0;50.01;50.01;50.01;0;1000;0.0;0;1.0000;0;0
600;2017-12-24 08:20:00;172602N232;0;0.000;20;220;219;224;218;0.000;49.99;276.4;0.000;276.2;0.000;0.0;0.000;51;0;0;0.001;0.000;0.000;0;0;0;49.99;49.99;49.99;539;1000;0.0;0;1.0000;0;0
600;2017-12-24 08:30:00;172602N232;0;0.000;20;220;220;223;219;0.033;49.99;269.2;0.000;268.9;0.000;0.0;0.000;60;0;0;0.026;0.049;0.024;0;0;1;49.99;49.99;49.99;4883;1000;0.0;0;1.0000;0;0
600;2017-12-24 08:40:00;172602N232;8;0.002;21;220;221;221;218;0.243;50.00;263.3;0.002;261.7;0.004;0.0;0.000;60;0;0;0.317;0.244;0.169;1;6;10;50.00;50.00;50.00;4885;1000;0.0;0;1.0000;0;0
600;2017-12-24 08:50:00;172602N232;15;0.004;21;219;218;222;217;0.381;50.02;291.1;0.007;279.9;0.011;0.0;0.000;60;0;0;0.302;0.589;0.252;12;0;17;50.02;50.02;50.02;4885;1000;0.0;0;1.0000;0;0
600;2017-12-24 09:00:00;172602N232;28;0.011;22;219;219;221;218;0.494;49.99;325.3;0.023;328.4;0.024;0.0;0.000;60;0;0;0.463;0.665;0.356;15;3;20;49.99;49.99;49.99;4885;1000;0.0;0;1.0000;0;0
600;2017-12-24 09:10:00;172602N232;38;0.014;22;219;219;219;219;0.508;50.00;341.9;0.034;348.2;0.034;0.0;0.000;60;0;0;0.556;0.544;0.424;7;18;18;50.00;50.00;50.00;4885;1000;0.0;0;1.0000;0;0
600;2017-12-24 09:20:00;172602N232;60;0.025;22;220;220;220;220;0.724;49.99;368.8;0.062;372.3;0.061;0.0;0.000;60;0;0;0.785;0.702;0.685;12;27;22;49.99;49.99;49.99;4885;1000;0.0;0;1.0000;0;0
600;2017-12-24 09:30:00;172602N232;50;0.033;23;221;222;221;221;0.663;49.98;357.8;0.051;355.3;0.051;0.0;0.000;60;0;0;0.812;0.613;0.565;4;29;27;49.98;49.98;49.98;4885;1000;0.0;0;1.0000;0;0
600;2017-12-24 09:40:00;172602N232;47;0.041;23;221;222;222;220;0.619;50.00;354.0;0.046;359.1;0.045;0.0;0.000;60;0;0;0.723;0.632;0.502;3;24;28;50.00;50.00;50.00;4885;1000;0.0;0;1.0000;0;0
600;2017-12-24 09:50:00;172602N232;99;0.058;23;221;223;221;218;0.919;50.01;388.3;0.109;394.5;0.105;0.0;0.000;60;0;0;1.375;0.725;0.657;1;54;56;50.01;50.01;50.01;4885;1000;0.0;0;1.0000;0;0
600;2017-12-24 10:00:00;172602N232;147;0.085;24;220;223;221;216;1.116;50.01;402.8;0.167;407.5;0.159;0.0;0.000;60;0;0;1.733;0.890;0.725;0;91;73;50.01;50.01;50.01;4885;1000;0.0;0;1.0000;0;0
600;2017-12-24 10:10:00;172602N232;149;0.112;24;220;223;220;216;1.084;50.00;403.3;0.169;407.9;0.160;0.0;0.000;60;0;0;1.685;0.829;0.739;0;93;68;50.00;50.00;50.00;4885;1000;0.0;0;1.0000;0;0
600;2017-12-24 10:20:00;172602N232;129;0.133;24;220;222;220;218;0.967;49.99;399.0;0.145;403.1;0.139;0.0;0.000;60;0;0;1.397;0.774;0.730;5;69;58;49.99;49.99;49.99;4885;1000;0.0;0;1.0000;0;0
600;2017-12-24 10:30:00;172602N232;120;0.153;24;219;221;219;216;0.937;49.99;395.6;0.135;401.3;0.129;0.0;0.000;60;0;0;1.332;0.761;0.718;7;60;57;49.99;49.99;49.99;4885;1000;0.0;0;1.0000;0;0
600;2017-12-24 10:40:00;172602N232;97;0.168;25;219;220;221;216;0.903;49.99;386.1;0.107;394.1;0.103;0.0;0.000;60;0;0;1.101;0.907;0.701;11;33;56;49.99;49.99;49.99;4885;1000;0.0;0;1.0000;0;0
600;2017-12-24 10:50:00;172602N232;150;0.192;25;220;220;222;217;0.944;49.99;399.8;0.171;407.2;0.162;0.0;0.000;60;0;0;0.866;1.211;0.757;26;38;84;49.99;49.99;49.99;4885;1000;0.0;0;1.0000;0;0
600;2017-12-24 11:00:00;172602N232;107;0.209;25;219;219;222;218;0.876;49.99;390.4;0.120;396.4;0.115;0.0;0.000;60;0;0;0.715;1.228;0.686;37;6;63;49.99;49.99;49.99;4885;1000;0.0;0;1.0000;0;0
600;2017-12-24 11:10:00;172602N232;114;0.229;25;221;221;224;219;0.918;49.98;394.0;0.127;398.7;0.122;0.0;0.000;60;0;0;0.748;1.298;0.708;40;8;68;49.98;49.98;49.98;4885;1000;0.0;0;1.0000;0;0
600;2017-12-24 11:20:00;172602N232;153;0.254;25;222;222;226;219;1.025;49.98;403.0;0.174;407.7;0.166;0.0;0.000;60;0;0;0.846;1.428;0.801;41;21;91;49.98;49.98;49.98;4885;1000;0.0;0;1.0000;0;0
600;2017-12-24 11:30:00;172602N232;187;0.286;26;222;223;224;219;1.023;49.99;406.5;0.215;411.7;0.204;0.0;0.000;60;0;0;1.131;1.211;0.728;43;62;81;49.99;49.99;49.99;4885;1000;0.0;0;1.0000;0;0
600;2017-12-24 11:40:00;172602N232;143;0.310;26;221;220;224;219;0.970;49.99;399.2;0.162;404.1;0.156;0.0;0.000;60;0;0;0.935;1.237;0.740;51;24;67;49.99;49.99;49.99;4885;1000;0.0;0;1.0000;0;0
600;2017-12-24 11:50:00;172602N232;144;0.334;26;223;223;226;221;0.952;49.98;396.5;0.164;401.6;0.156;0.0;0.000;60;0;0;0.922;1.213;0.722;42;31;71;49.98;49.98;49.98;4885;1000;0.0;0;1.0000;0;0
600;2017-12-24 12:00:00;172602N232;139;0.358;26;224;223;226;223;0.972;49.99;399.2;0.157;403.9;0.150;0.0;0.000;60;0;0;0.791;1.369;0.756;38;27;73;49.99;49.99;49.99;4885;1000;0.0;0;1.0000;0;0
600;2017-12-24 12:10:00;172602N232;157;0.383;26;224;223;226;223;0.984;49.99;401.9;0.179;407.8;0.170;0.0;0.000;60;0;0;0.940;1.268;0.745;57;33;64;49.99;49.99;49.99;4885;1000;0.0;0;1.0000;0;0
600;2017-12-24 12:20:00;172602N232;195;0.417;26;224;223;227;222;1.025;50.00;408.1;0.224;412.4;0.214;0.0;0.000;60;0;0;0.907;1.428;0.742;64;43;86;50.00;50.00;50.00;4885;1000;0.0;0;1.0000;0;0
600;2017-12-24 12:30:00;172602N232;219;0.454;26;224;224;227;221;1.067;50.00;408.6;0.254;414.7;0.241;0.0;0.000;60;0;0;0.986;1.376;0.839;67;54;96;50.00;50.00;50.00;4885;1000;0.0;0;1.0000;0;0
600;2017-12-24 12:40:00;172602N232;96;0.470;27;223;223;226;221;0.861;49.98;384.4;0.107;388.8;0.102;0.0;0.000;60;0;0;0.729;1.201;0.655;35;3;60;49.98;49.98;49.98;4885;1000;0.0;0;1.0000;0;0
600;2017-12-24 12:50:00;172602N232;70;0.482;27;223;223;224;222;0.853;49.99;372.7;0.076;376.4;0.073;0.0;0.000;60;0;0;0.920;0.971;0.669;9;18;47;49.99;49.99;49.99;4885;1000;0.0;0;1.0000;0;0
600;2017-12-24 13:00:00;172602N232;50;0.490;27;223;223;224;222;0.673;50.01;346.5;0.051;347.7;0.051;0.0;0.000;60;0;0;0.727;0.797;0.497;9;14;35;50.01;50.01;50.01;4885;1000;0.0;0;1.0000;0;0
600;2017-12-24 13:10:00;172602N232;3;0.490;27;223;223;224;221;0.155;49.98;255.1;0.001;256.8;0.001;0.0;0.000;60;0;0;0.152;0.193;0.122;0;1;7;49.98;49.98;49.98;4885;1000;0.0;0;1.0000;0;0
600;2017-12-24 13:20:00;172602N232;0;0.492;26;222;223;223;219;0.063;49.97;251.7;0.000;251.6;0.000;0.0;0.000;60;0;0;0.069;0.072;0.050;0;1;2;49.97;49.97;49.97;4885;1000;0.0;0;1.0000;0;0
600;2017-12-24 13:30:00;172602N232;0;0.491;26;223;224;224;220;0.067;49.99;251.6;0.000;251.6;0.000;0.0;0.000;60;0;0;0.065;0.081;0.056;0;1;3;49.99;49.99;49.99;4885;1000;0.0;0;1.0000;0;0
600;2017-12-24 13:40:00;172602N232;0;0.491;26;223;224;224;221;0.000;49.99;274.9;0.000;274.1;0.000;0.0;0.000;80;0;0;0.001;0.001;0.000;0;0;0;49.99;49.99;49.99;4554;1000;0.0;0;1.0000;0;0
600;2017-12-24 13:50:00;172602N232;0;0.491;26;222;223;223;220;0.005;49.99;290.6;0.000;289.1;0.000;0.0;0.000;50;0;0;0.009;0.004;0.003;0;0;0;49.99;49.99;49.99;4605;1000;0.0;0;1.0000;0;0
600;2017-12-24 14:00:00;172602N232;0;0.491;25;222;222;223;220;0.000;49.99;274.6;0.000;274.2;0.000;0.0;0.000;50;0;0;0.000;0.000;0.000;0;0;0;49.99;49.99;49.99;4617;1000;0.0;0;1.0000;0;0
600;2017-12-24 14:10:00;172602N232;0;0.491;25;222;222;225;220;0.000;50.00;238.2;0.000;239.2;0.000;0.0;0.000;50;0;0;0.000;0.000;0.000;0;0;0;50.00;50.00;50.00;4617;1000;0.0;0;1.0000;0;0
600;2017-12-24 14:20:00;172602N232;0;0.491;25;222;222;225;220;0.000;49.99;230.3;0.000;231.3;0.000;0.0;0.000;50;0;0;0.000;0.000;0.000;0;0;0;49.99;49.99;49.99;4617;1000;0.0;0;1.0000;0;0
600;2017-12-24 14:30:00;172602N232;0;0.491;24;222;222;223;220;0.000;49.99;231.1;0.000;232.1;0.000;0.0;0.000;50;0;0;0.000;0.000;0.000;0;0;0;49.99;49.99;49.99;4617;1000;0.0;0;1.0000;0;0
600;2017-12-24 14:40:00;172602N232;0;0.491;24;221;221;222;219;0.000;49.99;231.3;0.000;232.2;0.000;0.0;0.000;50;0;0;0.000;0.000;0.000;0;0;0;49.99;49.99;49.99;4617;1000;0.0;0;1.0000;0;0
600;2017-12-24 14:50:00;172602N232;0;0.491;24;221;221;222;218;0.000;49.98;227.8;0.000;228.7;0.000;0.0;0.000;50;0;0;0.000;0.000;0.000;0;0;0;49.98;49.98;49.98;4617;1000;0.0;0;1.0000;0;0
600;2017-12-24 15:00:00;172602N232;0;0.491;24;221;221;223;218;0.000;49.98;229.5;0.000;230.4;0.000;0.0;0.000;50;0;0;0.000;0.000;0.000;0;0;0;49.98;49.98;49.98;4617;1000;0.0;0;1.0000;0;0
[wr_ende]
