20140109;230003;172602N232;My Plant;+0100
[wr_def_start]
172602N232;Inverter Type;Inverter Group;72602N232      
[wr_def_end]
[wr]
INTERVAL;TIMESTAMP;SERIAL;P_AC;E_DAY;T_WR;U_AC;U_AC_1;U_AC_2;U_AC_3;I_AC;F_AC;U_DC_1;I_DC_1;U_DC_2;I_DC_2;U_DC_3;I_DC_3;S;E_WR;M_WR;I_AC_1;I_AC_2;I_AC_3;P_AC_1;P_AC_2;P_AC_3;F_AC_1;F_AC_2;F_AC_3;R_DC;PC;PCS;PCS_LL;COS_PHI;COS_PHI_LL;S_COS_PHI
600;2014-01-09 08:30:00;172602N232;0;0.000;0;1;1;1;1;0.000;0.41;1.7;0.000;1.7;0.000;0.0;0.000;50;0;0;0.000;0.000;0.000;0;0;0;0.41;0.41;0.41;26;1000;0.0;0;1.0000;0;0
600;2014-01-09 08:40:00;172602N232;0;0.000;17;224;225;225;221;0.000;50.01;227.5;0.000;228.4;0.000;0.0;0.000;50;0;0;0.000;0.000;0.000;0;0;0;50.01;50.01;50.01;0;1000;0.0;0;1.0000;0;0
600;2014-01-09 08:50:00;172602N232;0;0.000;18;224;225;226;222;0.000;49.98;229.2;0.000;230.1;0.000;0.0;0.000;50;0;0;0.000;0.000;0.000;0;0;0;49.98;49.98;49.98;0;1000;0.0;0;1.0000;0;0
600;2014-01-09 09:00:00;172602N232;0;0.000;19;225;225;227;223;0.000;50.00;235.0;0.000;235.9;0.000;0.0;0.000;50;0;0;0.000;0.000;0.000;0;0;0;50.00;50.00;50.00;0;1000;0.0;0;1.0000;0;0
600;2014-01-09 09:10:00;172602N232;0;0.000;19;224;224;226;221;0.000;50.01;246.0;0.000;246.9;0.000;0.0;0.000;50;0;0;0.000;0.000;0.000;0;0;0;50.01;50.01;50.01;0;1000;0.0;0;1.0000;0;0
600;2014-01-09 09:20:00;172602N232;0;0.000;20;223;224;225;222;0.009;50.01;278.6;0.000;278.2;0.000;0.0;0.000;51;0;0;0.012;0.012;0.003;0;0;0;50.01;50.01;50.02;6883;1000;0.0;0;1.0000;0;0
600;2014-01-09 09:30:00;172602N232;0;0.000;20;224;224;225;223;0.015;50.01;278.4;0.000;277.7;0.000;0.0;0.000;60;0;0;0.020;0.019;0.006;0;0;0;50.01;50.01;50.01;5019;1000;0.0;0;1.0000;0;0
600;2014-01-09 09:40:00;172602N232;0;0.000;20;226;226;227;225;0.008;50.00;269.3;0.000;269.1;0.000;0.0;0.000;80;0;0;0.009;0.008;0.007;0;0;0;50.00;50.00;50.00;5135;1000;0.0;0;1.0000;0;0
600;2014-01-09 09:50:00;172602N232;2;0.000;21;226;226;227;225;0.098;49.99;266.0;0.000;265.5;0.000;0.0;0.000;60;0;0;0.130;0.093;0.071;0;1;3;49.99;49.99;49.99;5393;1000;0.0;0;1.0000;0;0
600;2014-01-09 10:00:00;172602N232;6;0.002;21;226;226;227;225;0.227;49.99;257.7;0.000;257.1;0.002;0.0;0.000;60;0;0;0.324;0.204;0.155;1;3;8;49.99;49.99;49.99;5394;1000;0.0;0;1.0000;0;0
600;2014-01-09 10:10:00;172602N232;10;0.004;21;226;226;227;226;0.267;50.00;268.5;0.002;278.7;0.005;0.0;0.000;60;0;0;0.356;0.254;0.192;2;3;8;50.00;50.00;50.00;5394;1000;0.0;0;1.0000;0;0
600;2014-01-09 10:20:00;172602N232;27;0.009;22;226;226;227;224;0.478;49.99;319.9;0.020;339.5;0.023;0.0;0.000;60;0;0;0.572;0.525;0.338;2;7;23;49.99;49.99;49.99;5394;1000;0.0;0;1.0000;0;0
600;2014-01-09 10:30:00;172602N232;30;0.016;22;225;226;225;225;0.474;50.00;323.2;0.025;341.7;0.029;0.0;0.000;60;0;0;0.618;0.423;0.381;0;23;18;50.00;50.00;50.00;5394;1000;0.0;0;1.0000;0;0
600;2014-01-09 10:40:00;172602N232;9;0.019;22;225;225;226;225;0.277;50.00;263.3;0.001;282.0;0.004;0.0;0.000;60;0;0;0.349;0.265;0.217;1;6;8;50.01;50.00;50.00;5394;1000;0.0;0;1.0000;0;0
600;2014-01-09 10:50:00;172602N232;11;0.021;23;225;225;226;225;0.329;49.98;277.9;0.005;291.6;0.009;0.0;0.000;60;0;0;0.414;0.352;0.222;3;1;11;49.98;49.98;49.98;5394;1000;0.0;0;1.0000;0;0
600;2014-01-09 11:00:00;172602N232;1;0.021;23;225;226;227;223;0.049;49.99;267.6;0.000;268.5;0.000;0.0;0.000;60;0;0;0.077;0.038;0.033;0;1;1;49.99;49.99;49.99;5328;1000;0.0;0;1.0000;0;0
600;2014-01-09 11:10:00;172602N232;3;0.024;23;226;226;226;225;0.192;49.99;251.6;0.000;260.9;0.000;0.0;0.000;60;0;0;0.269;0.152;0.155;0;7;7;49.99;49.99;49.99;5175;1000;0.0;0;1.0000;0;0
600;2014-01-09 11:20:00;172602N232;0;0.025;23;225;226;226;224;0.058;49.99;267.1;0.000;266.8;0.000;0.0;0.000;60;0;0;0.087;0.050;0.038;0;1;1;49.99;49.99;49.99;5180;1000;0.0;0;1.0000;0;0
600;2014-01-09 11:30:00;172602N232;10;0.025;23;225;225;226;225;0.328;50.00;271.1;0.004;285.7;0.007;0.0;0.000;60;0;0;0.344;0.385;0.256;7;1;10;50.00;50.00;50.00;5213;1000;0.0;0;1.0000;0;0
600;2014-01-09 11:40:00;172602N232;17;0.028;23;226;225;227;225;0.414;50.00;290.7;0.010;306.5;0.015;0.0;0.000;60;0;0;0.496;0.441;0.307;5;3;16;50.00;50.00;50.00;5213;1000;0.0;0;1.0000;0;0
600;2014-01-09 11:50:00;172602N232;65;0.038;24;221;221;222;220;0.701;50.00;359.4;0.068;361.9;0.072;0.0;0.000;60;0;0;0.737;0.721;0.646;12;18;40;50.00;50.00;50.00;5213;1000;0.0;0;1.0000;0;0
600;2014-01-09 12:00:00;172602N232;59;0.046;24;224;224;225;225;0.616;50.01;359.0;0.059;363.7;0.063;0.0;0.000;60;0;0;0.679;0.614;0.556;11;27;19;50.01;50.01;50.01;5213;1000;0.0;0;1.0000;0;0
600;2014-01-09 12:10:00;172602N232;62;0.055;24;225;224;225;225;0.680;50.01;369.0;0.063;370.4;0.067;0.0;0.000;60;0;0;0.699;0.669;0.673;15;27;18;50.01;50.01;50.01;5213;1000;0.0;0;1.0000;0;0
600;2014-01-09 12:20:00;172602N232;79;0.068;24;225;225;226;225;0.817;50.01;381.6;0.084;378.5;0.090;0.0;0.000;60;0;0;0.924;0.816;0.711;9;31;36;50.01;50.01;50.01;5213;1000;0.0;0;1.0000;0;0
600;2014-01-09 12:30:00;172602N232;47;0.075;25;225;225;226;224;0.711;49.99;353.7;0.046;358.0;0.050;0.0;0.000;60;0;0;0.858;0.748;0.528;0;16;33;49.99;49.99;49.99;5213;1000;0.0;0;1.0000;0;0
600;2014-01-09 12:40:00;172602N232;20;0.079;25;225;224;226;225;0.406;50.00;294.4;0.013;313.8;0.018;0.0;0.000;60;0;0;0.459;0.425;0.334;4;5;13;50.00;50.00;50.00;5213;1000;0.0;0;1.0000;0;0
600;2014-01-09 12:50:00;172602N232;42;0.087;25;225;224;226;225;0.587;49.99;339.0;0.040;354.2;0.043;0.0;0.000;60;0;0;0.594;0.710;0.458;10;5;27;49.99;49.99;49.99;5213;1000;0.0;0;1.0000;0;0
600;2014-01-09 13:00:00;172602N232;110;0.105;25;225;224;226;224;0.891;49.99;389.0;0.122;386.9;0.126;0.0;0.000;60;0;0;0.846;1.110;0.719;23;28;57;49.99;49.99;49.99;5213;1000;0.0;0;1.0000;0;0
600;2014-01-09 13:10:00;172602N232;238;0.145;25;225;224;226;224;1.047;50.00;412.2;0.271;407.0;0.277;0.0;0.000;60;0;0;1.036;1.286;0.819;67;89;80;50.00;50.00;50.00;5213;1000;0.0;0;1.0000;0;0
600;2014-01-09 13:20:00;172602N232;405;0.212;26;225;224;227;224;1.121;49.99;421.8;0.465;416.7;0.473;0.0;0.000;60;0;0;1.114;1.230;1.020;127;142;133;49.99;49.99;49.99;5213;1000;0.0;0;1.0000;0;0
600;2014-01-09 13:30:00;172602N232;73;0.225;26;225;224;226;224;0.753;50.00;360.8;0.077;362.3;0.082;0.0;0.000;60;0;0;0.698;1.002;0.561;24;10;43;50.00;50.00;50.00;5213;1000;0.0;0;1.0000;0;0
600;2014-01-09 13:40:00;172602N232;40;0.231;26;224;224;225;224;0.540;50.01;321.8;0.038;333.8;0.042;0.0;0.000;60;0;0;0.567;0.554;0.501;10;15;16;50.01;50.01;50.01;5213;1000;0.0;0;1.0000;0;0
600;2014-01-09 13:50:00;172602N232;230;0.271;26;224;223;224;224;1.040;50.01;405.6;0.265;405.5;0.267;0.0;0.000;60;0;0;1.066;1.030;1.024;69;96;63;50.01;50.01;50.01;5213;1000;0.0;0;1.0000;0;0
600;2014-01-09 14:00:00;172602N232;79;0.284;26;224;224;223;225;0.603;49.99;340.0;0.087;344.7;0.089;0.0;0.000;60;0;0;0.556;0.585;0.669;18;49;15;49.99;49.99;49.99;5213;1000;0.0;0;1.0000;0;0
600;2014-01-09 14:10:00;172602N232;53;0.294;26;224;224;223;224;0.622;49.99;347.8;0.054;353.8;0.058;0.0;0.000;60;0;0;0.628;0.518;0.722;14;33;8;49.99;49.99;49.99;5213;1000;0.0;0;1.0000;0;0
600;2014-01-09 14:20:00;172602N232;29;0.298;26;224;225;223;225;0.401;49.99;311.8;0.024;324.2;0.027;0.0;0.000;60;0;0;0.450;0.342;0.412;3;23;5;49.99;49.99;49.99;5213;1000;0.0;0;1.0000;0;0
600;2014-01-09 14:30:00;172602N232;39;0.305;26;224;225;224;225;0.532;50.00;334.5;0.036;344.8;0.040;0.0;0.000;60;0;0;0.647;0.449;0.500;4;29;12;50.00;50.00;50.00;5213;1000;0.0;0;1.0000;0;0
600;2014-01-09 14:40:00;172602N232;7;0.306;26;225;225;225;224;0.221;50.01;256.7;0.001;264.4;0.003;0.0;0.000;60;0;0;0.311;0.167;0.185;0;9;8;50.00;50.00;50.00;5213;1000;0.0;0;1.0000;0;0
600;2014-01-09 14:50:00;172602N232;20;0.310;26;224;224;225;223;0.350;50.02;290.7;0.013;316.5;0.017;0.0;0.000;60;0;0;0.492;0.325;0.234;8;8;14;50.02;50.02;50.02;5213;1000;0.0;0;1.0000;0;0
600;2014-01-09 15:00:00;172602N232;93;0.325;26;223;223;224;222;0.795;50.02;376.4;0.101;381.5;0.103;0.0;0.000;60;0;0;0.966;0.824;0.596;16;38;41;50.02;50.02;50.02;5213;1000;0.0;0;1.0000;0;0
600;2014-01-09 15:10:00;172602N232;22;0.329;26;223;223;224;222;0.300;50.01;299.9;0.021;306.7;0.023;0.0;0.000;50;0;0;0.377;0.300;0.223;2;11;13;50.01;50.01;50.01;5213;1000;0.0;0;1.0000;0;0
600;2014-01-09 15:20:00;172602N232;0;0.329;25;222;224;224;218;0.000;49.99;281.3;0.000;280.7;0.000;0.0;0.000;51;0;0;0.001;0.000;0.000;0;0;0;49.99;49.99;49.99;6171;1000;0.0;0;1.0000;0;0
600;2014-01-09 15:30:00;172602N232;0;0.329;24;222;223;224;219;0.000;49.99;259.8;0.000;260.2;0.000;0.0;0.000;51;0;0;0.000;0.000;0.000;0;0;0;49.99;49.99;49.99;8523;1000;0.0;0;1.0000;0;0
600;2014-01-09 15:40:00;172602N232;0;0.329;24;222;223;224;218;0.000;49.99;249.5;0.000;250.0;0.000;0.0;0.000;51;0;0;0.000;0.000;0.000;0;0;0;49.99;49.99;49.99;8523;1000;0.0;0;1.0000;0;0
600;2014-01-09 15:50:00;172602N232;0;0.329;24;221;222;223;218;0.000;50.05;241.3;0.000;242.3;0.000;0.0;0.000;51;0;0;0.000;0.000;0.000;0;0;0;50.05;50.05;50.05;8523;1000;0.0;0;1.0000;0;0
600;2014-01-09 16:00:00;172602N232;0;0.329;24;221;222;223;217;0.000;50.05;227.7;0.000;228.6;0.000;0.0;0.000;51;0;0;0.000;0.000;0.000;0;0;0;50.05;50.05;50.05;8523;1000;0.0;0;1.0000;0;0
600;2014-01-09 16:10:00;172602N232;0;0.329;23;220;222;221;217;0.000;50.00;228.5;0.000;229.4;0.000;0.0;0.000;51;0;0;0.000;0.000;0.000;0;0;0;50.00;50.00;50.00;8523;1000;0.0;0;1.0000;0;0
600;2014-01-09 16:20:00;172602N232;0;0.329;23;219;221;221;216;0.000;49.99;219.8;0.000;219.7;0.000;0.0;0.000;51;0;0;0.000;0.000;0.000;0;0;0;49.99;49.99;49.99;8523;1000;0.0;0;1.0000;0;0
[wr_ende]
