20150125;230003;172602N232;My Plant;+0100
[wr_def_start]
172602N232;Inverter Type;Inverter Group;72602N232      
[wr_def_end]
[wr]
INTERVAL;TIMESTAMP;SERIAL;P_AC;E_DAY;T_WR;U_AC;U_AC_1;U_AC_2;U_AC_3;I_AC;F_AC;U_DC_1;I_DC_1;U_DC_2;I_DC_2;U_DC_3;I_DC_3;S;E_WR;M_WR;I_AC_1;I_AC_2;I_AC_3;P_AC_1;P_AC_2;P_AC_3;F_AC_1;F_AC_2;F_AC_3;R_DC;PC;PCS;PCS_LL;COS_PHI;COS_PHI_LL;S_COS_PHI
600;2015-01-25 08:10:00;172602N232;0;0.000;0;1;1;1;1;0.000;0.43;1.9;0.000;1.9;0.000;0.0;0.000;50;0;0;0.000;0.000;0.000;0;0;0;0.43;0.43;0.43;12;1000;0.0;0;1.0000;0;0
600;2015-01-25 08:20:00;172602N232;0;0.000;11;221;222;224;216;0.000;49.98;227.0;0.000;227.9;0.000;0.0;0.000;50;0;0;0.000;0.000;0.000;0;0;0;49.98;49.98;49.98;0;1000;0.0;0;1.0000;0;0
600;2015-01-25 08:30:00;172602N232;0;0.000;12;221;222;224;216;0.000;49.99;226.5;0.000;227.5;0.000;0.0;0.000;50;0;0;0.000;0.000;0.000;0;0;0;49.99;49.99;49.99;0;1000;0.0;0;1.0000;0;0
600;2015-01-25 08:40:00;172602N232;0;0.000;12;220;223;223;216;0.000;50.01;228.1;0.000;229.0;0.000;0.0;0.000;50;0;0;0.000;0.000;0.000;0;0;0;50.01;50.01;50.01;0;1000;0.0;0;1.0000;0;0
600;2015-01-25 08:50:00;172602N232;0;0.000;13;220;223;223;215;0.000;49.99;227.1;0.000;228.0;0.000;0.0;0.000;50;0;0;0.000;0.000;0.000;0;0;0;49.99;49.99;49.99;0;1000;0.0;0;1.0000;0;0
600;2015-01-25 09:00:00;172602N232;0;0.000;13;220;222;222;216;0.000;49.99;231.8;0.000;232.7;0.000;0.0;0.000;50;0;0;0.000;0.000;0.000;0;0;0;49.99;49.99;49.99;0;1000;0.0;0;1.0000;0;0
600;2015-01-25 09:10:00;172602N232;0;0.000;13;219;221;221;216;0.000;49.98;235.5;0.000;236.4;0.000;0.0;0.000;50;0;0;0.000;0.000;0.000;0;0;0;49.98;49.98;49.98;0;1000;0.0;0;1.0000;0;0
600;2015-01-25 09:20:00;172602N232;0;0.000;13;220;222;222;216;0.000;49.98;227.6;0.000;228.4;0.000;0.0;0.000;50;0;0;0.000;0.000;0.000;0;0;0;49.98;49.98;49.98;0;1000;0.0;0;1.0000;0;0
600;2015-01-25 09:30:00;172602N232;0;0.000;14;220;222;221;216;0.000;49.99;235.0;0.000;235.8;0.000;0.0;0.000;50;0;0;0.000;0.000;0.000;0;0;0;49.99;49.99;49.99;0;1000;0.0;0;1.0000;0;0
600;2015-01-25 09:40:00;172602N232;0;0.000;14;220;222;222;215;0.000;49.99;251.0;0.000;251.6;0.000;0.0;0.000;50;0;0;0.000;0.000;0.000;0;0;0;49.99;49.99;49.99;0;1000;0.0;0;1.0000;0;0
600;2015-01-25 09:50:00;172602N232;0;0.000;14;221;222;224;216;0.000;50.00;338.8;0.000;333.6;0.000;0.0;0.000;51;0;0;0.001;0.000;0.001;0;0;0;50.00;50.00;50.00;805;1000;0.0;0;1.0000;0;0
600;2015-01-25 10:00:00;172602N232;0;0.000;14;221;222;223;217;0.000;50.00;324.9;0.000;320.4;0.000;0.0;0.000;60;0;0;0.002;0.000;0.000;0;0;0;50.00;50.00;50.00;6038;1000;0.0;0;1.0000;0;0
600;2015-01-25 10:10:00;172602N232;0;0.000;14;220;221;223;218;0.000;49.98;284.1;0.000;282.9;0.000;0.0;0.000;51;0;0;0.001;0.000;0.000;0;0;0;49.98;49.98;49.98;5254;1000;0.0;0;1.0000;0;0
600;2015-01-25 10:20:00;172602N232;0;0.000;14;220;220;222;218;0.021;49.99;283.9;0.000;283.7;0.000;0.0;0.000;60;0;0;0.026;0.022;0.017;0;0;0;49.99;49.99;49.99;5017;1000;0.0;0;1.0000;0;0
600;2015-01-25 10:30:00;172602N232;2;0.001;15;220;222;222;217;0.140;49.99;251.7;0.000;256.3;0.000;0.0;0.000;60;0;0;0.213;0.109;0.098;0;3;5;49.99;49.99;49.99;5130;1000;0.0;0;1.0000;0;0
600;2015-01-25 10:40:00;172602N232;3;0.003;15;221;221;222;219;0.174;49.98;251.6;0.000;263.7;0.000;0.0;0.000;60;0;0;0.244;0.165;0.114;1;2;6;49.98;49.98;49.98;5130;1000;0.0;0;1.0000;0;0
600;2015-01-25 10:50:00;172602N232;0;0.003;15;220;220;222;218;0.035;49.98;272.4;0.000;272.9;0.000;0.0;0.000;60;0;0;0.045;0.038;0.024;0;0;1;49.98;49.98;49.98;5067;1000;0.0;0;1.0000;0;0
600;2015-01-25 11:00:00;172602N232;0;0.003;16;220;221;222;217;0.000;49.99;305.7;0.000;304.2;0.000;0.0;0.000;60;0;0;0.001;0.001;0.000;0;0;0;49.99;49.99;49.99;5808;1000;0.0;0;1.0000;0;0
600;2015-01-25 11:10:00;172602N232;0;0.003;16;220;222;222;218;0.003;50.00;272.0;0.000;271.7;0.000;0.0;0.000;51;0;0;0.010;0.000;0.000;0;0;0;50.00;50.00;50.00;6295;1000;0.0;0;1.0000;0;0
600;2015-01-25 11:20:00;172602N232;1;0.003;16;220;221;221;219;0.073;49.99;274.7;0.000;275.8;0.000;0.0;0.000;60;0;0;0.114;0.060;0.045;0;3;2;49.99;49.99;49.99;5202;1000;0.0;0;1.0000;0;0
600;2015-01-25 11:30:00;172602N232;8;0.007;16;220;221;221;218;0.243;49.99;257.0;0.003;278.6;0.004;0.0;0.000;60;0;0;0.346;0.207;0.178;0;11;11;49.99;49.99;49.99;5202;1000;0.0;0;1.0000;0;0
600;2015-01-25 11:40:00;172602N232;15;0.011;16;220;221;221;218;0.339;49.98;264.3;0.011;312.8;0.014;0.0;0.000;60;0;0;0.518;0.303;0.197;1;7;13;49.98;49.98;49.98;5202;1000;0.0;0;1.0000;0;0
600;2015-01-25 11:50:00;172602N232;11;0.015;16;221;221;221;220;0.304;50.01;260.8;0.006;309.5;0.009;0.0;0.000;60;0;0;0.395;0.298;0.219;1;8;12;50.01;50.01;50.01;5202;1000;0.0;0;1.0000;0;0
600;2015-01-25 12:00:00;172602N232;14;0.018;17;220;221;221;219;0.347;50.02;261.3;0.007;327.8;0.012;0.0;0.000;60;0;0;0.455;0.367;0.220;2;7;13;50.02;50.02;50.02;5202;1000;0.0;0;1.0000;0;0
600;2015-01-25 12:10:00;172602N232;15;0.021;17;220;219;221;219;0.350;50.00;258.6;0.006;333.8;0.015;0.0;0.000;60;0;0;0.387;0.415;0.250;3;2;15;50.00;50.00;50.00;5202;1000;0.0;0;1.0000;0;0
600;2015-01-25 12:20:00;172602N232;19;0.024;17;220;221;222;219;0.409;50.02;255.8;0.007;364.6;0.022;0.0;0.000;60;0;0;0.480;0.467;0.280;1;5;18;50.02;50.02;50.02;5202;1000;0.0;0;1.0000;0;0
600;2015-01-25 12:30:00;172602N232;11;0.026;17;221;221;223;220;0.289;50.02;253.1;0.003;321.9;0.013;0.0;0.000;60;0;0;0.284;0.383;0.202;3;0;13;50.02;50.02;50.02;5202;1000;0.0;0;1.0000;0;0
600;2015-01-25 12:40:00;172602N232;13;0.030;18;221;221;222;220;0.355;49.99;251.5;0.000;344.9;0.019;0.0;0.000;60;0;0;0.430;0.379;0.258;2;6;15;49.99;49.99;49.99;5202;1000;0.0;0;1.0000;0;0
600;2015-01-25 12:50:00;172602N232;5;0.029;19;221;219;223;219;0.189;50.01;251.4;0.000;294.2;0.008;0.0;0.000;60;0;0;0.143;0.292;0.132;4;0;8;50.01;50.01;50.01;5202;1000;0.0;0;1.0000;0;0
600;2015-01-25 13:00:00;172602N232;8;0.032;19;221;221;222;219;0.280;50.01;251.3;0.000;278.7;0.019;0.0;0.000;60;0;0;0.391;0.256;0.195;0;6;11;50.01;50.01;50.01;5202;1000;0.0;0;1.0000;0;0
600;2015-01-25 13:10:00;172602N232;4;0.035;19;221;221;222;219;0.211;50.02;251.3;0.000;251.8;0.008;0.0;0.000;60;0;0;0.292;0.205;0.136;1;2;7;50.02;50.02;50.02;5202;1000;0.0;0;1.0000;0;0
600;2015-01-25 13:20:00;172602N232;1;0.036;19;221;221;223;220;0.143;50.02;251.3;0.000;251.5;0.000;0.0;0.000;60;0;0;0.172;0.152;0.107;0;2;5;50.02;50.02;50.02;5202;1000;0.0;0;1.0000;0;0
600;2015-01-25 13:30:00;172602N232;2;0.037;19;221;221;222;221;0.178;50.03;256.4;0.000;251.3;0.000;0.0;0.000;60;0;0;0.229;0.183;0.124;2;1;4;50.03;50.03;50.03;5202;1000;0.0;0;1.0000;0;0
600;2015-01-25 13:40:00;172602N232;1;0.037;19;221;221;223;221;0.122;50.00;251.9;0.003;251.4;0.000;0.0;0.000;60;0;0;0.131;0.155;0.082;0;0;3;50.00;50.00;50.00;5202;1000;0.0;0;1.0000;0;0
600;2015-01-25 13:50:00;172602N232;1;0.037;19;222;221;224;220;0.123;50.01;254.0;0.003;251.4;0.000;0.0;0.000;60;0;0;0.095;0.189;0.087;1;0;4;50.01;50.01;50.01;5202;1000;0.0;0;1.0000;0;0
600;2015-01-25 14:00:00;172602N232;0;0.037;19;222;221;224;221;0.108;50.01;252.1;0.003;251.3;0.000;0.0;0.000;60;0;0;0.087;0.162;0.076;1;0;3;50.01;50.01;50.01;5202;1000;0.0;0;1.0000;0;0
600;2015-01-25 14:10:00;172602N232;0;0.038;19;221;221;221;221;0.113;50.00;252.7;0.001;251.4;0.000;0.0;0.000;60;0;0;0.158;0.111;0.071;0;3;2;50.00;50.00;50.00;5202;1000;0.0;0;1.0000;0;0
600;2015-01-25 14:20:00;172602N232;0;0.038;19;221;221;222;221;0.075;50.01;269.1;0.000;267.1;0.000;0.0;0.000;51;0;0;0.082;0.085;0.058;1;1;0;50.01;50.01;50.01;5197;1000;0.0;0;1.0000;0;0
600;2015-01-25 14:30:00;172602N232;0;0.038;19;221;221;223;219;0.002;50.01;281.2;0.000;276.7;0.000;0.0;0.000;51;0;0;0.004;0.003;0.001;0;0;0;50.01;50.01;50.01;4979;1000;0.0;0;1.0000;0;0
600;2015-01-25 14:40:00;172602N232;0;0.038;19;221;222;225;216;0.000;50.00;246.5;0.000;247.3;0.000;0.0;0.000;51;0;0;0.000;0.000;0.000;0;0;0;50.00;50.00;50.00;4862;1000;0.0;0;1.0000;0;0
600;2015-01-25 14:50:00;172602N232;0;0.038;19;222;222;226;217;0.000;50.02;243.4;0.000;244.3;0.000;0.0;0.000;51;0;0;0.000;0.000;0.000;0;0;0;50.02;50.02;50.02;4862;1000;0.0;0;1.0000;0;0
600;2015-01-25 15:00:00;172602N232;0;0.038;18;222;223;226;217;0.000;50.01;247.2;0.000;248.1;0.000;0.0;0.000;51;0;0;0.000;0.000;0.000;0;0;0;50.01;50.01;50.01;4862;1000;0.0;0;1.0000;0;0
600;2015-01-25 15:10:00;172602N232;0;0.038;18;222;222;225;218;0.000;49.99;336.9;0.000;333.6;0.000;0.0;0.000;51;0;0;0.000;0.000;0.000;0;0;0;49.99;49.99;49.99;4862;1000;0.0;0;1.0000;0;0
600;2015-01-25 15:20:00;172602N232;0;0.038;18;222;223;224;218;0.000;49.99;284.3;0.000;283.8;0.000;0.0;0.000;51;0;0;0.000;0.000;0.000;0;0;0;49.99;49.99;50.00;4862;1000;0.0;0;1.0000;0;0
600;2015-01-25 15:30:00;172602N232;0;0.038;18;221;223;224;217;0.000;50.00;235.8;0.000;236.7;0.000;0.0;0.000;51;0;0;0.000;0.000;0.000;0;0;0;50.00;50.00;50.00;4862;1000;0.0;0;1.0000;0;0
600;2015-01-25 15:40:00;172602N232;0;0.038;18;221;222;224;218;0.000;50.02;230.6;0.000;231.6;0.000;0.0;0.000;51;0;0;0.000;0.000;0.000;0;0;0;50.02;50.02;50.02;4862;1000;0.0;0;1.0000;0;0
600;2015-01-25 15:50:00;172602N232;0;0.038;18;221;222;224;216;0.000;50.01;231.5;0.000;232.4;0.000;0.0;0.000;51;0;0;0.000;0.000;0.000;0;0;0;50.01;50.01;50.01;4862;1000;0.0;0;1.0000;0;0
600;2015-01-25 16:00:00;172602N232;0;0.038;18;220;221;223;215;0.000;49.99;227.7;0.000;228.6;0.000;0.0;0.000;51;0;0;0.000;0.000;0.000;0;0;0;49.99;49.99;49.99;4862;1000;0.0;0;1.0000;0;0
600;2015-01-25 16:10:00;172602N232;0;0.038;18;220;221;223;215;0.000;49.99;226.9;0.000;227.8;0.000;0.0;0.000;51;0;0;0.000;0.000;0.000;0;0;0;49.99;49.99;49.99;4862;1000;0.0;0;1.0000;0;0
[wr_ende]
