20160523;230005;172602N232;My Plant;+0100
[wr_def_start]
172602N232;Inverter Type;Inverter Group;72602N232      
[wr_def_end]
[wr]
INTERVAL;TIMESTAMP;SERIAL;P_AC;E_DAY;T_WR;U_AC;U_AC_1;U_AC_2;U_AC_3;I_AC;F_AC;U_DC_1;I_DC_1;U_DC_2;I_DC_2;U_DC_3;I_DC_3;S;E_WR;M_WR;I_AC_1;I_AC_2;I_AC_3;P_AC_1;P_AC_2;P_AC_3;F_AC_1;F_AC_2;F_AC_3;R_DC;PC;PCS;PCS_LL;COS_PHI;COS_PHI_LL;S_COS_PHI
600;2016-05-23 04:00:00;172602N232;0;0.000;0;5;5;5;5;0.000;1.17;5.0;0.000;5.1;0.000;0.0;0.000;50;0;0;0.000;0.000;0.000;0;0;0;1.17;1.17;1.17;0;1000;0.0;0;1.0000;0;0
600;2016-05-23 04:10:00;172602N232;0;0.000;27;224;225;227;222;0.000;50.01;227.1;0.000;228.0;0.000;0.0;0.000;50;0;0;0.000;0.000;0.000;0;0;0;50.01;50.01;50.01;0;1000;0.0;0;1.0000;0;0
600;2016-05-23 04:20:00;172602N232;0;0.000;29;224;225;227;222;0.000;50.02;230.0;0.000;230.9;0.000;0.0;0.000;50;0;0;0.000;0.000;0.000;0;0;0;50.02;50.02;50.02;0;1000;0.0;0;1.0000;0;0
600;2016-05-23 04:30:00;172602N232;0;0.000;30;224;223;226;221;0.006;50.03;268.7;0.000;268.5;0.000;0.0;0.000;60;0;0;0.006;0.008;0.005;0;0;0;50.03;50.03;50.03;1936;1000;0.0;0;1.0000;0;0
600;2016-05-23 04:40:00;172602N232;1;0.000;30;223;223;224;222;0.123;50.03;251.7;0.000;251.9;0.000;0.0;0.000;60;0;0;0.145;0.129;0.095;0;1;4;50.03;50.03;50.03;5546;1000;0.0;0;1.0000;0;0
600;2016-05-23 04:50:00;172602N232;19;0.004;31;224;224;224;224;0.325;50.03;295.4;0.013;298.1;0.015;0.0;0.000;60;0;0;0.401;0.322;0.253;1;11;11;50.03;50.03;50.03;5546;1000;0.0;0;1.0000;0;0
600;2016-05-23 05:00:00;172602N232;43;0.012;31;224;224;224;223;0.634;50.02;347.5;0.043;356.1;0.043;0.0;0.000;60;0;0;0.746;0.649;0.507;1;20;24;50.02;50.02;50.02;5546;1000;0.0;0;1.0000;0;0
600;2016-05-23 05:10:00;172602N232;74;0.023;32;223;223;224;223;0.910;50.01;368.7;0.085;380.0;0.082;0.0;0.000;60;0;0;0.999;0.935;0.796;5;28;40;50.01;50.01;50.01;5546;1000;0.0;0;1.0000;0;0
600;2016-05-23 05:20:00;172602N232;72;0.035;32;223;222;223;223;0.898;50.02;368.6;0.082;379.0;0.080;0.0;0.000;60;0;0;0.926;1.001;0.769;9;19;42;50.02;50.02;50.02;5546;1000;0.0;0;1.0000;0;0
600;2016-05-23 05:30:00;172602N232;54;0.044;32;223;223;224;222;0.715;50.05;357.4;0.057;363.6;0.057;0.0;0.000;60;0;0;0.839;0.770;0.536;2;18;34;50.05;50.05;50.05;5546;1000;0.0;0;1.0000;0;0
600;2016-05-23 05:40:00;172602N232;141;0.068;33;225;225;226;223;0.991;50.00;394.9;0.162;396.1;0.160;0.0;0.000;60;0;0;1.351;0.850;0.772;16;69;55;50.00;50.00;50.00;5546;1000;0.0;0;1.0000;0;0
600;2016-05-23 05:50:00;172602N232;156;0.094;33;224;224;225;224;1.000;49.99;395.6;0.181;397.0;0.179;0.0;0.000;60;0;0;1.267;0.918;0.815;24;78;52;49.99;49.99;49.99;5546;1000;0.0;0;1.0000;0;0
600;2016-05-23 06:00:00;172602N232;139;0.117;33;224;223;225;223;1.010;49.99;394.8;0.160;394.0;0.159;0.0;0.000;60;0;0;1.258;0.982;0.792;20;64;52;49.99;49.99;49.99;5546;1000;0.0;0;1.0000;0;0
600;2016-05-23 06:10:00;172602N232;183;0.147;33;223;222;224;221;1.033;49.99;400.2;0.213;399.6;0.210;0.0;0.000;60;0;0;1.229;1.084;0.786;40;71;69;49.99;49.99;49.99;5546;1000;0.0;0;1.0000;0;0
600;2016-05-23 06:20:00;172602N232;184;0.179;34;223;223;224;222;0.928;49.98;399.4;0.215;399.5;0.211;0.0;0.000;60;0;0;0.944;1.128;0.713;25;87;70;49.98;49.98;49.98;5546;1000;0.0;0;1.0000;0;0
600;2016-05-23 06:30:00;172602N232;158;0.205;34;223;224;224;223;0.977;50.04;394.4;0.185;395.2;0.181;0.0;0.000;60;0;0;1.255;0.860;0.816;26;67;63;50.04;50.04;50.04;5546;1000;0.0;0;1.0000;0;0
600;2016-05-23 06:40:00;172602N232;113;0.225;34;222;222;223;223;0.906;50.00;387.3;0.129;385.8;0.130;0.0;0.000;60;0;0;1.041;0.896;0.782;25;45;41;50.00;50.00;50.00;5546;1000;0.0;0;1.0000;0;0
600;2016-05-23 06:50:00;172602N232;197;0.258;34;222;222;222;222;0.970;49.98;401.6;0.229;399.4;0.228;0.0;0.000;60;0;0;1.094;0.977;0.839;53;78;65;49.98;49.98;49.98;5546;1000;0.0;0;1.0000;0;0
600;2016-05-23 07:00:00;172602N232;162;0.284;35;224;225;222;226;0.931;49.98;396.3;0.188;395.1;0.187;0.0;0.000;60;0;0;0.861;0.913;1.019;38;89;33;49.98;49.98;49.98;5546;1000;0.0;0;1.0000;0;0
600;2016-05-23 07:10:00;172602N232;164;0.311;35;225;225;224;226;0.859;49.98;396.7;0.189;394.1;0.189;0.0;0.000;60;0;0;0.725;0.982;0.871;42;90;30;49.98;49.98;49.98;5546;1000;0.0;0;1.0000;0;0
600;2016-05-23 07:20:00;172602N232;161;0.338;35;226;225;226;225;0.946;49.99;396.5;0.186;392.1;0.189;0.0;0.000;60;0;0;1.111;0.984;0.744;37;74;50;49.99;49.99;49.99;5546;1000;0.0;0;1.0000;0;0
600;2016-05-23 07:30:00;172602N232;177;0.369;35;226;226;227;225;0.964;50.00;397.5;0.206;394.6;0.207;0.0;0.000;60;0;0;1.236;0.949;0.709;39;72;64;50.00;50.00;50.00;5546;1000;0.0;0;1.0000;0;0
600;2016-05-23 07:40:00;172602N232;136;0.391;35;226;226;226;226;0.916;50.00;391.8;0.158;391.4;0.157;0.0;0.000;60;0;0;0.963;0.950;0.835;19;60;55;50.00;50.00;50.00;5546;1000;0.0;0;1.0000;0;0
600;2016-05-23 07:50:00;172602N232;121;0.412;35;225;225;226;226;0.896;49.99;389.4;0.139;386.8;0.140;0.0;0.000;60;0;0;0.935;0.919;0.836;22;47;50;49.99;49.99;49.99;5546;1000;0.0;0;1.0000;0;0
600;2016-05-23 08:00:00;172602N232;131;0.434;35;225;225;225;225;0.899;50.00;393.2;0.151;390.3;0.152;0.0;0.000;60;0;0;0.975;0.894;0.830;20;54;55;50.00;50.00;50.00;5546;1000;0.0;0;1.0000;0;0
600;2016-05-23 08:10:00;172602N232;165;0.461;35;225;225;226;225;0.941;50.00;397.4;0.192;397.0;0.190;0.0;0.000;60;0;0;0.927;1.161;0.735;32;57;74;50.00;50.00;50.00;5546;1000;0.0;0;1.0000;0;0
600;2016-05-23 08:20:00;172602N232;218;0.497;36;226;226;227;225;1.038;50.00;405.0;0.255;404.2;0.250;0.0;0.000;60;0;0;1.215;1.124;0.776;53;86;77;50.00;50.00;50.00;5546;1000;0.0;0;1.0000;0;0
600;2016-05-23 08:30:00;172602N232;285;0.546;36;224;224;225;224;1.111;49.99;410.9;0.335;410.8;0.327;0.0;0.000;60;0;0;1.170;1.237;0.927;78;113;92;49.99;49.99;49.99;5546;1000;0.0;0;1.0000;0;0
600;2016-05-23 08:40:00;172602N232;405;0.613;36;222;222;223;222;1.039;50.00;418.9;0.476;418.7;0.463;0.0;0.000;60;0;0;1.030;1.105;0.983;119;145;138;50.00;50.00;50.00;5546;1000;0.0;0;1.0000;0;0
600;2016-05-23 08:50:00;172602N232;629;0.719;36;222;222;222;222;1.011;50.00;426.9;0.734;424.2;0.726;0.0;0.000;60;0;0;0.966;1.040;1.027;198;216;213;50.00;50.00;50.00;5546;1000;0.0;0;1.0000;0;0
600;2016-05-23 09:00:00;172602N232;832;0.857;36;221;222;222;220;1.287;50.00;428.8;0.974;428.1;0.954;0.0;0.000;60;0;0;1.241;1.326;1.296;266;286;277;50.00;50.00;50.00;5546;1000;0.0;0;1.0000;0;0
600;2016-05-23 09:10:00;172602N232;981;1.020;36;222;221;224;219;1.505;50.00;423.1;1.167;430.0;1.125;0.0;0.000;60;0;0;1.451;1.559;1.505;313;343;322;50.00;50.00;50.00;5546;1000;0.0;0;1.0000;0;0
600;2016-05-23 09:20:00;172602N232;1133;1.209;37;226;225;229;223;1.717;50.01;417.0;1.366;430.0;1.309;0.0;0.000;60;0;0;1.658;1.786;1.708;361;398;372;50.01;50.01;50.01;5546;1000;0.0;0;1.0000;0;0
600;2016-05-23 09:30:00;172602N232;976;1.372;37;225;224;227;223;1.485;50.00;426.5;1.152;428.3;1.124;0.0;0.000;60;0;0;1.434;1.535;1.487;311;340;323;50.00;50.00;50.00;5546;1000;0.0;0;1.0000;0;0
600;2016-05-23 09:40:00;172602N232;1114;1.558;38;225;225;227;224;1.714;50.00;430.5;1.304;429.8;1.279;0.0;0.000;60;0;0;1.684;1.748;1.711;360;383;369;50.00;50.00;50.00;5546;1000;0.0;0;1.0000;0;0
600;2016-05-23 09:50:00;172602N232;595;1.657;38;225;225;227;225;0.969;50.01;420.6;0.708;420.2;0.689;0.0;0.000;60;0;0;0.931;1.006;0.972;185;209;200;50.01;50.01;50.01;5546;1000;0.0;0;1.0000;0;0
600;2016-05-23 10:00:00;172602N232;712;1.776;38;226;225;227;225;1.094;50.00;411.3;0.870;425.5;0.819;0.0;0.000;60;0;0;1.039;1.137;1.107;223;248;239;50.00;50.00;50.00;5546;1000;0.0;0;1.0000;0;0
600;2016-05-23 10:10:00;172602N232;643;1.883;38;225;225;227;224;0.994;49.99;422.4;0.766;419.8;0.741;0.0;0.000;60;0;0;0.940;1.038;1.006;201;224;216;49.99;49.99;49.99;5546;1000;0.0;0;1.0000;0;0
600;2016-05-23 10:20:00;172602N232;618;1.986;39;225;225;227;223;0.963;50.00;419.2;0.741;419.2;0.715;0.0;0.000;60;0;0;0.916;1.006;0.967;194;216;206;50.00;50.00;50.00;5546;1000;0.0;0;1.0000;0;0
600;2016-05-23 10:30:00;172602N232;743;2.110;39;225;227;227;220;1.201;49.99;419.0;0.892;424.9;0.855;0.0;0.000;60;0;0;1.227;1.210;1.167;244;257;241;49.99;49.99;49.99;5546;1000;0.0;0;1.0000;0;0
600;2016-05-23 10:40:00;172602N232;604;2.211;39;225;227;226;222;0.933;49.99;415.9;0.726;420.7;0.701;0.0;0.000;60;0;0;0.891;0.979;0.930;191;212;199;49.99;49.99;49.99;5546;1000;0.0;0;1.0000;0;0
600;2016-05-23 10:50:00;172602N232;671;2.324;39;225;226;227;223;1.031;50.01;418.4;0.799;420.4;0.784;0.0;0.000;60;0;0;0.979;1.077;1.037;211;234;223;50.01;50.01;50.01;5546;1000;0.0;0;1.0000;0;0
600;2016-05-23 11:00:00;172602N232;744;2.447;39;225;226;227;224;1.140;50.00;424.9;0.874;421.7;0.869;0.0;0.000;60;0;0;1.088;1.187;1.146;235;260;247;50.00;50.00;50.00;5546;1000;0.0;0;1.0000;0;0
600;2016-05-23 11:10:00;172602N232;858;2.591;39;226;226;228;224;1.300;50.00;425.6;1.007;422.0;1.008;0.0;0.000;60;0;0;1.247;1.347;1.308;273;298;285;50.00;50.00;50.00;5546;1000;0.0;0;1.0000;0;0
600;2016-05-23 11:20:00;172602N232;1244;2.799;39;227;227;229;225;1.871;50.01;422.3;1.478;426.1;1.461;0.0;0.000;60;0;0;1.829;1.914;1.872;402;429;411;50.01;50.01;50.01;5546;1000;0.0;0;1.0000;0;0
600;2016-05-23 11:30:00;172602N232;1834;3.104;39;228;228;230;226;2.697;49.99;424.3;2.170;427.3;2.159;0.0;0.000;60;0;0;2.647;2.758;2.686;599;629;604;49.99;49.99;49.99;5546;1000;0.0;0;1.0000;0;0
600;2016-05-23 11:40:00;172602N232;1359;3.331;40;228;227;230;226;2.052;50.00;410.1;1.670;425.3;1.591;0.0;0.000;60;0;0;2.011;2.091;2.056;436;468;452;50.00;50.00;50.00;5546;1000;0.0;0;1.0000;0;0
600;2016-05-23 11:50:00;172602N232;1462;3.575;40;227;227;230;226;2.172;50.01;418.2;1.757;426.2;1.715;0.0;0.000;60;0;0;2.113;2.233;2.170;471;506;483;50.01;50.01;50.01;5546;1000;0.0;0;1.0000;0;0
600;2016-05-23 12:00:00;172602N232;2119;3.928;40;227;227;230;226;3.117;49.98;423.9;2.532;427.5;2.480;0.0;0.000;60;0;0;3.066;3.183;3.103;693;727;697;49.98;49.98;49.98;5546;1000;0.0;0;1.0000;0;0
600;2016-05-23 12:10:00;172602N232;2687;4.377;40;228;227;231;225;3.936;50.02;415.9;3.281;414.2;3.254;0.0;0.000;60;0;0;3.873;4.030;3.905;878;929;878;50.02;50.02;50.02;5546;1000;0.0;0;1.0000;0;0
600;2016-05-23 12:20:00;172602N232;1398;4.610;41;227;226;230;224;2.106;50.02;412.6;1.692;404.7;1.737;0.0;0.000;60;0;0;2.053;2.172;2.095;450;488;459;50.02;50.02;50.02;5546;1000;0.0;0;1.0000;0;0
600;2016-05-23 12:30:00;172602N232;1107;4.794;41;226;225;229;224;1.670;49.99;404.5;1.371;411.3;1.343;0.0;0.000;60;0;0;1.618;1.728;1.664;354;388;363;49.99;49.99;49.99;5546;1000;0.0;0;1.0000;0;0
600;2016-05-23 12:40:00;172602N232;1594;5.060;41;226;225;230;224;2.377;50.00;416.9;1.940;419.9;1.885;0.0;0.000;60;0;0;2.319;2.455;2.357;515;556;522;50.00;50.00;50.00;5546;1000;0.0;0;1.0000;0;0
600;2016-05-23 12:50:00;172602N232;1721;5.347;41;227;226;230;225;2.550;50.01;418.9;2.082;417.4;2.055;0.0;0.000;60;0;0;2.486;2.627;2.539;555;597;567;50.01;50.01;50.01;5546;1000;0.0;0;1.0000;0;0
600;2016-05-23 13:00:00;172602N232;1903;5.665;41;227;226;230;225;2.814;49.99;414.1;2.327;412.7;2.309;0.0;0.000;60;0;0;2.764;2.886;2.794;619;658;624;49.99;49.99;49.99;5546;1000;0.0;0;1.0000;0;0
600;2016-05-23 13:10:00;172602N232;1152;5.857;41;226;226;229;225;1.736;50.01;401.8;1.444;409.3;1.401;0.0;0.000;60;0;0;1.687;1.781;1.742;369;399;382;50.01;50.01;50.01;5546;1000;0.0;0;1.0000;0;0
600;2016-05-23 13:20:00;172602N232;1209;6.058;41;226;226;228;225;1.811;50.01;409.8;1.489;411.6;1.460;0.0;0.000;60;0;0;1.760;1.855;1.820;389;417;401;50.01;50.01;50.01;5546;1000;0.0;0;1.0000;0;0
600;2016-05-23 13:30:00;172602N232;1815;6.360;41;227;226;230;225;2.680;49.98;407.3;2.235;411.9;2.222;0.0;0.000;60;0;0;2.627;2.746;2.669;590;626;597;49.98;49.98;49.98;5546;1000;0.0;0;1.0000;0;0
600;2016-05-23 13:40:00;172602N232;3271;6.905;41;229;228;232;226;4.772;49.99;403.1;4.138;401.1;4.113;0.0;0.000;60;0;0;4.711;4.891;4.715;1070;1135;1063;49.99;49.99;49.99;5546;1000;0.0;0;1.0000;0;0
600;2016-05-23 13:50:00;172602N232;1627;7.177;42;227;226;230;226;2.408;50.00;409.8;2.028;410.5;1.958;0.0;0.000;60;0;0;2.337;2.479;2.408;521;565;539;50.00;50.00;50.00;5546;1000;0.0;0;1.0000;0;0
600;2016-05-23 14:00:00;172602N232;1650;7.451;42;227;226;230;226;2.447;50.00;416.4;2.026;418.3;1.943;0.0;0.000;60;0;0;2.378;2.525;2.438;531;572;545;50.00;50.00;50.00;5546;1000;0.0;0;1.0000;0;0
600;2016-05-23 14:10:00;172602N232;2518;7.872;42;228;227;232;227;3.687;50.00;416.5;3.064;412.0;3.077;0.0;0.000;60;0;0;3.611;3.776;3.674;817;870;830;50.00;50.00;50.00;5546;1000;0.0;0;1.0000;0;0
600;2016-05-23 14:20:00;172602N232;4647;8.647;42;229;228;233;226;6.766;50.00;399.0;5.964;396.5;5.937;0.0;0.000;60;0;0;6.669;6.952;6.679;1516;1620;1510;50.00;50.00;50.00;5546;1000;0.0;0;1.0000;0;0
600;2016-05-23 14:30:00;172602N232;1757;8.939;42;224;223;226;224;2.635;49.99;388.3;2.272;382.2;2.341;0.0;0.000;60;0;0;2.577;2.690;2.639;568;604;583;49.99;49.99;49.99;5546;1000;0.0;0;1.0000;0;0
600;2016-05-23 14:40:00;172602N232;968;9.101;42;224;223;225;223;1.489;50.00;393.6;1.212;392.2;1.250;0.0;0.000;60;0;0;1.441;1.529;1.498;309;335;323;50.00;50.00;50.00;5546;1000;0.0;0;1.0000;0;0
600;2016-05-23 14:50:00;172602N232;687;9.216;42;224;223;225;223;1.121;49.99;395.9;0.852;398.1;0.863;0.0;0.000;60;0;0;1.082;1.162;1.120;216;240;230;49.99;49.99;49.99;5546;1000;0.0;0;1.0000;0;0
600;2016-05-23 15:00:00;172602N232;863;9.360;42;224;223;226;223;1.322;50.00;402.6;1.060;408.1;1.057;0.0;0.000;60;0;0;1.268;1.363;1.336;272;299;289;50.00;50.00;50.00;5546;1000;0.0;0;1.0000;0;0
600;2016-05-23 15:10:00;172602N232;1502;9.610;42;225;224;227;224;2.253;50.00;408.9;1.822;411.6;1.853;0.0;0.000;60;0;0;2.199;2.306;2.256;485;517;498;50.00;50.00;50.00;5546;1000;0.0;0;1.0000;0;0
600;2016-05-23 15:20:00;172602N232;1849;9.918;41;226;225;229;224;2.739;50.01;403.9;2.271;406.1;2.321;0.0;0.000;60;0;0;2.674;2.810;2.733;598;639;610;50.01;50.01;50.01;5546;1000;0.0;0;1.0000;0;0
600;2016-05-23 15:30:00;172602N232;1210;10.121;41;226;225;228;225;1.820;50.00;397.2;1.513;401.9;1.521;0.0;0.000;60;0;0;1.763;1.872;1.826;387;420;402;50.00;50.00;50.00;5546;1000;0.0;0;1.0000;0;0
600;2016-05-23 15:40:00;172602N232;1150;10.312;41;226;225;228;225;1.749;49.99;403.1;1.425;411.0;1.401;0.0;0.000;60;0;0;1.697;1.798;1.754;367;399;382;49.99;49.99;49.99;5546;1000;0.0;0;1.0000;0;0
600;2016-05-23 15:50:00;172602N232;1111;10.497;41;226;225;228;225;1.711;50.00;413.1;1.360;417.9;1.311;0.0;0.000;60;0;0;1.673;1.751;1.711;358;384;368;50.00;50.00;50.00;5546;1000;0.0;0;1.0000;0;0
600;2016-05-23 16:00:00;172602N232;1114;10.684;41;226;225;228;224;1.708;49.99;409.7;1.365;415.6;1.332;0.0;0.000;60;0;0;1.671;1.744;1.710;358;385;369;49.99;49.99;49.99;5546;1000;0.0;0;1.0000;0;0
600;2016-05-23 16:10:00;172602N232;992;10.850;41;225;225;227;224;1.528;50.00;408.4;1.213;413.1;1.195;0.0;0.000;60;0;0;1.481;1.565;1.538;315;343;331;50.00;50.00;50.00;5546;1000;0.0;0;1.0000;0;0
600;2016-05-23 16:20:00;172602N232;917;11.002;41;225;223;228;222;1.419;50.00;403.8;1.127;408.9;1.118;0.0;0.000;60;0;0;1.365;1.478;1.414;288;324;303;50.00;50.00;50.00;5546;1000;0.0;0;1.0000;0;0
600;2016-05-23 16:30:00;172602N232;1214;11.205;41;225;224;227;223;1.864;49.99;410.7;1.469;412.4;1.482;0.0;0.000;60;0;0;1.815;1.924;1.853;389;423;399;49.99;49.99;49.99;5546;1000;0.0;0;1.0000;0;0
600;2016-05-23 16:40:00;172602N232;1591;11.470;41;224;226;226;221;2.383;49.99;406.5;1.945;408.9;1.977;0.0;0.000;60;0;0;2.358;2.439;2.353;527;547;516;49.99;49.99;49.99;5546;1000;0.0;0;1.0000;0;0
600;2016-05-23 16:50:00;172602N232;1038;11.643;41;224;224;226;221;1.584;49.99;406.7;1.270;410.7;1.266;0.0;0.000;60;0;0;1.541;1.634;1.578;336;361;340;49.99;49.99;49.99;5546;1000;0.0;0;1.0000;0;0
600;2016-05-23 17:00:00;172602N232;982;11.807;41;224;225;225;222;1.501;50.00;410.2;1.194;409.1;1.198;0.0;0.000;60;0;0;1.460;1.543;1.501;318;338;324;50.00;50.00;50.00;5546;1000;0.0;0;1.0000;0;0
600;2016-05-23 17:10:00;172602N232;1123;11.994;41;224;225;225;222;1.717;49.99;407.5;1.372;411.2;1.372;0.0;0.000;60;0;0;1.694;1.746;1.712;368;384;370;49.99;49.99;49.99;5546;1000;0.0;0;1.0000;0;0
600;2016-05-23 17:20:00;172602N232;1239;12.202;41;224;222;228;222;1.908;50.00;405.1;1.519;410.7;1.523;0.0;0.000;60;0;0;1.828;1.992;1.904;389;436;411;50.00;50.00;50.00;5546;1000;0.0;0;1.0000;0;0
600;2016-05-23 17:30:00;172602N232;1750;12.493;41;225;223;230;223;2.604;50.02;389.2;2.223;408.6;2.198;0.0;0.000;60;0;0;2.507;2.704;2.603;554;617;576;50.02;50.02;50.02;5546;1000;0.0;0;1.0000;0;0
600;2016-05-23 17:40:00;172602N232;2478;12.905;41;226;223;231;224;3.672;50.01;384.0;3.207;413.0;3.082;0.0;0.000;60;0;0;3.546;3.794;3.677;786;872;819;50.01;50.01;50.01;5546;1000;0.0;0;1.0000;0;0
600;2016-05-23 17:50:00;172602N232;2165;13.268;42;226;223;230;224;3.210;49.99;382.9;2.819;401.0;2.755;0.0;0.000;60;0;0;3.112;3.311;3.209;692;757;714;49.99;49.99;49.99;5546;1000;0.0;0;1.0000;0;0
600;2016-05-23 18:00:00;172602N232;1645;13.541;42;225;223;228;225;2.453;49.99;381.7;2.117;393.2;2.168;0.0;0.000;60;0;0;2.358;2.524;2.477;520;571;552;49.99;49.99;49.99;5546;1000;0.0;0;1.0000;0;0
600;2016-05-23 18:10:00;172602N232;1301;13.758;42;225;220;229;224;1.955;49.99;376.8;1.698;397.1;1.696;0.0;0.000;60;0;0;1.852;2.028;1.985;401;459;439;49.99;49.99;49.99;5546;1000;0.0;0;1.0000;0;0
600;2016-05-23 18:20:00;172602N232;767;13.886;42;224;222;228;223;1.178;49.99;382.1;0.966;400.1;0.988;0.0;0.000;60;0;0;1.107;1.236;1.191;236;272;257;49.99;49.99;49.99;5546;1000;0.0;0;1.0000;0;0
600;2016-05-23 18:30:00;172602N232;844;14.027;42;225;223;229;223;1.281;50.02;383.5;1.060;407.2;1.069;0.0;0.000;60;0;0;1.213;1.337;1.295;262;298;281;50.02;50.02;50.02;5546;1000;0.0;0;1.0000;0;0
600;2016-05-23 18:40:00;172602N232;936;14.183;42;225;223;228;225;1.419;50.01;374.4;1.199;406.3;1.201;0.0;0.000;60;0;0;1.344;1.471;1.442;291;327;316;50.01;50.01;50.01;5546;1000;0.0;0;1.0000;0;0
600;2016-05-23 18:50:00;172602N232;649;14.291;42;225;225;228;223;1.102;49.99;383.7;0.815;401.2;0.831;0.0;0.000;60;0;0;1.068;1.153;1.086;203;230;215;49.99;49.99;49.99;5546;1000;0.0;0;1.0000;0;0
600;2016-05-23 19:00:00;172602N232;544;14.382;41;226;224;228;224;1.011;50.00;397.0;0.658;404.0;0.680;0.0;0.000;60;0;0;0.935;1.094;1.006;167;196;180;50.00;50.00;50.00;5546;1000;0.0;0;1.0000;0;0
600;2016-05-23 19:10:00;172602N232;510;14.467;41;226;226;228;225;0.793;50.01;397.1;0.615;404.1;0.637;0.0;0.000;60;0;0;0.739;0.835;0.807;156;180;172;50.01;50.01;50.01;5546;1000;0.0;0;1.0000;0;0
600;2016-05-23 19:20:00;172602N232;344;14.525;41;226;226;228;224;0.886;50.03;396.2;0.411;399.3;0.425;0.0;0.000;60;0;0;0.892;0.963;0.805;101;118;124;50.03;50.03;50.03;5546;1000;0.0;0;1.0000;0;0
600;2016-05-23 19:30:00;172602N232;205;14.560;41;226;227;228;224;0.974;50.03;378.9;0.251;391.9;0.248;0.0;0.000;60;0;0;1.129;0.900;0.894;42;62;99;50.03;50.03;50.03;5546;1000;0.0;0;1.0000;0;0
600;2016-05-23 19:40:00;172602N232;191;14.591;40;226;226;227;225;0.972;50.03;385.5;0.228;392.3;0.227;0.0;0.000;60;0;0;1.149;0.998;0.771;55;60;74;50.03;50.03;50.03;5546;1000;0.0;0;1.0000;0;0
600;2016-05-23 19:50:00;172602N232;103;14.609;40;225;226;225;226;0.849;50.01;370.1;0.120;379.8;0.120;0.0;0.000;60;0;0;0.919;0.783;0.846;14;49;39;50.01;50.01;50.01;5546;1000;0.0;0;1.0000;0;0
600;2016-05-23 20:00:00;172602N232;33;14.615;40;226;228;227;223;0.568;49.98;315.0;0.031;323.8;0.034;0.0;0.000;60;0;0;0.785;0.485;0.436;0;25;30;49.98;49.98;49.98;5546;1000;0.0;0;1.0000;0;0
600;2016-05-23 20:10:00;172602N232;28;14.620;39;226;227;228;224;0.511;49.98;314.5;0.022;322.1;0.025;0.0;0.000;60;0;0;0.617;0.550;0.366;1;8;26;49.98;49.98;49.98;5546;1000;0.0;0;1.0000;0;0
600;2016-05-23 20:20:00;172602N232;1;14.620;39;225;226;226;224;0.085;50.00;264.1;0.000;264.0;0.000;0.0;0.000;60;0;0;0.116;0.078;0.061;0;2;3;50.00;50.00;50.00;6582;1000;0.0;0;1.0000;0;0
600;2016-05-23 20:30:00;172602N232;0;14.621;38;223;223;224;222;0.075;49.99;265.0;0.000;264.9;0.000;0.0;0.000;60;0;0;0.103;0.071;0.053;0;2;2;49.99;49.99;49.99;11870;1000;0.0;0;1.0000;0;0
600;2016-05-23 20:40:00;172602N232;1;14.621;37;223;224;225;221;0.109;50.00;251.4;0.000;251.6;0.000;0.0;0.000;60;0;0;0.142;0.100;0.085;0;1;4;50.00;50.00;50.00;11980;1000;0.0;0;1.0000;0;0
600;2016-05-23 20:50:00;172602N232;0;14.620;37;223;224;225;221;0.014;50.02;279.4;0.000;278.6;0.000;0.0;0.000;51;0;0;0.016;0.013;0.013;0;0;0;50.02;50.02;50.02;10933;1000;0.0;0;1.0000;0;0
600;2016-05-23 21:00:00;172602N232;0;14.620;36;223;223;225;220;0.000;50.01;241.5;0.000;242.4;0.000;0.0;0.000;51;0;0;0.000;0.000;0.000;0;0;0;50.01;50.01;50.01;8922;1000;0.0;0;1.0000;0;0
600;2016-05-23 21:10:00;172602N232;0;14.620;36;223;223;224;221;0.000;50.01;228.6;0.000;229.6;0.000;0.0;0.000;51;0;0;0.000;0.000;0.000;0;0;0;50.01;50.01;50.01;8922;1000;0.0;0;1.0000;0;0
600;2016-05-23 21:20:00;172602N232;0;14.620;35;223;223;225;220;0.000;50.02;229.0;0.000;229.9;0.000;0.0;0.000;51;0;0;0.000;0.000;0.000;0;0;0;50.02;50.02;50.02;8922;1000;0.0;0;1.0000;0;0
600;2016-05-23 21:30:00;172602N232;0;14.620;35;223;224;226;220;0.000;49.97;228.0;0.000;228.9;0.000;0.0;0.000;51;0;0;0.000;0.000;0.000;0;0;0;49.97;49.97;49.97;8922;1000;0.0;0;1.0000;0;0
[wr_ende]
