20130624;230001;172602N232;My Plant;+0100
[wr_def_start]
172602N232;Inverter Type;Inverter Group;72602N232      
[wr_def_end]
[wr]
INTERVAL;TIMESTAMP;SERIAL;P_AC;E_DAY;T_WR;U_AC;U_AC_1;U_AC_2;U_AC_3;I_AC;F_AC;U_DC_1;I_DC_1;U_DC_2;I_DC_2;U_DC_3;I_DC_3;S;E_WR;M_WR;I_AC_1;I_AC_2;I_AC_3;P_AC_1;P_AC_2;P_AC_3;F_AC_1;F_AC_2;F_AC_3;R_DC;PC;PCS;PCS_LL;COS_PHI;COS_PHI_LL;S_COS_PHI
600;2013-06-24 04:00:00;172602N232;0;0.000;1;11;11;11;11;0.000;2.53;11.5;0.000;11.5;0.000;0.0;0.000;50;0;0;0.000;0.000;0.000;0;0;0;2.52;2.52;2.52;0;1000;0.0;0;1.0000;0;0
600;2013-06-24 04:10:00;172602N232;0;0.000;27;225;226;228;222;0.000;50.02;227.6;0.000;228.5;0.000;0.0;0.000;50;0;0;0.000;0.000;0.000;0;0;0;50.02;50.02;50.02;0;1000;0.0;0;1.0000;0;0
600;2013-06-24 04:20:00;172602N232;0;0.000;28;225;226;228;222;0.000;50.02;228.6;0.000;229.5;0.000;0.0;0.000;50;0;0;0.000;0.000;0.000;0;0;0;50.02;50.02;50.02;0;1000;0.0;0;1.0000;0;0
600;2013-06-24 04:30:00;172602N232;0;0.000;29;226;226;229;222;0.000;50.02;229.3;0.000;230.2;0.000;0.0;0.000;50;0;0;0.000;0.000;0.000;0;0;0;50.02;50.02;50.02;0;1000;0.0;0;1.0000;0;0
600;2013-06-24 04:40:00;172602N232;0;0.000;29;226;226;229;223;0.000;50.01;233.1;0.000;234.0;0.000;0.0;0.000;50;0;0;0.000;0.000;0.000;0;0;0;50.01;50.01;50.01;0;1000;0.0;0;1.0000;0;0
600;2013-06-24 04:50:00;172602N232;0;0.000;29;227;228;230;224;0.000;50.01;245.2;0.000;245.9;0.000;0.0;0.000;50;0;0;0.000;0.000;0.000;0;0;0;50.01;50.01;50.01;0;1000;0.0;0;1.0000;0;0
600;2013-06-24 05:00:00;172602N232;1;0.000;29;225;226;227;223;0.071;50.02;285.3;0.000;283.6;0.000;0.0;0.000;60;0;0;0.089;0.078;0.047;0;0;2;50.02;50.02;50.02;2947;1000;0.0;0;1.0000;0;0
600;2013-06-24 05:10:00;172602N232;22;0.004;30;227;227;228;226;0.431;50.02;310.5;0.016;316.5;0.017;0.0;0.000;60;0;0;0.481;0.518;0.295;1;6;19;50.02;50.02;50.02;4193;1000;0.0;0;1.0000;0;0
600;2013-06-24 05:20:00;172602N232;28;0.010;30;226;226;227;225;0.452;50.01;327.9;0.023;330.8;0.022;0.0;0.000;60;0;0;0.527;0.486;0.343;0;11;23;50.01;50.01;50.01;4193;1000;0.0;0;1.0000;0;0
600;2013-06-24 05:30:00;172602N232;43;0.017;30;226;226;227;224;0.587;50.02;347.7;0.044;345.5;0.043;0.0;0.000;60;0;0;0.678;0.670;0.415;2;12;30;50.02;50.02;50.02;4193;1000;0.0;0;1.0000;0;0
600;2013-06-24 05:40:00;172602N232;138;0.038;31;226;226;228;225;0.952;50.02;393.9;0.162;392.6;0.154;0.0;0.000;60;0;0;0.848;1.277;0.733;26;38;71;50.02;50.02;50.02;4193;1000;0.0;0;1.0000;0;0
600;2013-06-24 05:50:00;172602N232;121;0.059;31;227;227;228;226;0.977;50.02;391.7;0.143;389.9;0.135;0.0;0.000;60;0;0;0.975;1.175;0.782;21;31;67;50.02;50.02;50.02;4193;1000;0.0;0;1.0000;0;0
600;2013-06-24 06:00:00;172602N232;183;0.089;32;225;225;226;223;1.009;50.02;404.6;0.218;403.9;0.200;0.0;0.000;60;0;0;1.240;1.039;0.750;34;74;74;50.02;50.02;50.02;4193;1000;0.0;0;1.0000;0;0
600;2013-06-24 06:10:00;172602N232;357;0.149;32;225;225;227;223;1.224;49.99;417.8;0.427;419.4;0.393;0.0;0.000;60;0;0;1.250;1.325;1.099;97;118;140;49.99;49.99;49.99;4193;1000;0.0;0;1.0000;0;0
600;2013-06-24 06:20:00;172602N232;369;0.210;33;224;224;226;223;1.174;50.01;418.3;0.450;419.7;0.403;0.0;0.000;60;0;0;1.182;1.270;1.071;109;127;131;50.01;50.01;50.01;4193;1000;0.0;0;1.0000;0;0
600;2013-06-24 06:30:00;172602N232;408;0.279;34;223;223;225;222;1.142;49.99;419.3;0.487;415.0;0.462;0.0;0.000;60;0;0;1.126;1.221;1.079;116;142;147;49.99;49.99;49.99;4193;1000;0.0;0;1.0000;0;0
600;2013-06-24 06:40:00;172602N232;247;0.320;34;223;222;224;222;1.033;49.99;404.2;0.296;401.3;0.282;0.0;0.000;60;0;0;1.038;1.243;0.820;63;94;88;49.99;49.99;49.99;4193;1000;0.0;0;1.0000;0;0
600;2013-06-24 06:50:00;172602N232;577;0.416;34;224;225;226;222;1.117;50.02;424.5;0.686;418.7;0.664;0.0;0.000;60;0;0;1.149;1.111;1.091;186;199;191;50.02;50.02;50.02;4193;1000;0.0;0;1.0000;0;0
600;2013-06-24 07:00:00;172602N232;849;0.558;35;223;223;223;222;1.319;50.06;429.7;1.009;426.1;0.962;0.0;0.000;60;0;0;1.268;1.352;1.337;270;290;286;50.06;50.06;50.06;4193;1000;0.0;0;1.0000;0;0
600;2013-06-24 07:10:00;172602N232;692;0.674;35;221;222;222;220;1.265;50.02;421.7;0.842;423.3;0.777;0.0;0.000;60;0;0;1.323;1.253;1.220;227;234;229;50.02;50.02;50.02;4193;1000;0.0;0;1.0000;0;0
600;2013-06-24 07:20:00;172602N232;559;0.768;36;221;221;222;220;1.148;50.01;418.0;0.685;417.9;0.632;0.0;0.000;60;0;0;1.211;1.178;1.056;177;199;181;50.01;50.01;50.01;4193;1000;0.0;0;1.0000;0;0
600;2013-06-24 07:30:00;172602N232;572;0.863;36;226;227;227;225;0.963;50.00;420.8;0.689;418.2;0.654;0.0;0.000;60;0;0;0.962;0.969;0.958;179;197;194;50.00;50.00;50.00;4193;1000;0.0;0;1.0000;0;0
600;2013-06-24 07:40:00;172602N232;477;0.943;37;226;227;227;225;1.208;50.01;415.5;0.580;416.2;0.539;0.0;0.000;60;0;0;1.275;1.208;1.141;149;164;163;50.01;50.01;50.01;4193;1000;0.0;0;1.0000;0;0
600;2013-06-24 07:50:00;172602N232;220;0.979;37;226;226;227;225;1.034;50.03;397.8;0.262;395.7;0.261;0.0;0.000;60;0;0;1.200;1.126;0.776;60;80;77;50.03;50.03;50.03;4193;1000;0.0;0;1.0000;0;0
600;2013-06-24 08:00:00;172602N232;402;1.046;37;226;226;227;225;0.887;50.04;404.7;0.491;408.9;0.470;0.0;0.000;60;0;0;0.897;0.928;0.837;117;143;140;50.04;50.04;50.04;4193;1000;0.0;0;1.0000;0;0
600;2013-06-24 08:10:00;172602N232;898;1.196;37;226;226;228;224;1.363;50.01;423.3;1.062;421.2;1.055;0.0;0.000;60;0;0;1.307;1.411;1.372;285;313;298;50.01;50.01;50.01;4193;1000;0.0;0;1.0000;0;0
600;2013-06-24 08:20:00;172602N232;767;1.324;37;225;226;226;223;1.266;50.02;423.1;0.904;420.1;0.903;0.0;0.000;60;0;0;1.305;1.256;1.238;250;261;254;50.02;50.02;50.02;4193;1000;0.0;0;1.0000;0;0
600;2013-06-24 08:30:00;172602N232;729;1.447;38;225;226;226;224;1.116;50.01;424.6;0.865;418.6;0.849;0.0;0.000;60;0;0;1.065;1.159;1.126;231;253;243;50.01;50.01;50.01;4193;1000;0.0;0;1.0000;0;0
600;2013-06-24 08:40:00;172602N232;865;1.591;38;226;226;227;224;1.316;50.02;423.0;1.070;427.7;0.953;0.0;0.000;60;0;0;1.263;1.357;1.330;275;298;289;50.02;50.02;50.02;4193;1000;0.0;0;1.0000;0;0
600;2013-06-24 08:50:00;172602N232;730;1.712;38;225;226;227;223;1.256;50.03;418.2;0.887;416.5;0.849;0.0;0.000;60;0;0;1.345;1.213;1.210;241;246;242;50.03;50.03;50.03;4193;1000;0.0;0;1.0000;0;0
600;2013-06-24 09:00:00;172602N232;1189;1.911;39;225;225;228;223;1.817;50.03;423.5;1.496;430.6;1.290;0.0;0.000;60;0;0;1.771;1.864;1.817;382;412;393;50.03;50.03;50.03;4193;1000;0.0;0;1.0000;0;0
600;2013-06-24 09:10:00;172602N232;494;1.993;39;224;224;225;222;1.157;50.03;402.5;0.614;404.6;0.587;0.0;0.000;60;0;0;1.170;1.189;1.112;150;175;167;50.03;50.03;50.03;4193;1000;0.0;0;1.0000;0;0
600;2013-06-24 09:20:00;172602N232;1294;2.208;39;222;222;223;221;2.035;50.02;417.6;1.737;429.2;1.312;0.0;0.000;60;0;0;2.018;2.054;2.034;422;439;430;50.02;50.02;50.02;4193;1000;0.0;0;1.0000;0;0
600;2013-06-24 09:30:00;172602N232;1756;2.502;39;222;222;223;222;2.667;50.02;416.5;2.581;419.1;1.642;0.0;0.000;60;0;0;2.620;2.704;2.677;573;596;585;50.02;50.03;50.02;4193;1000;0.0;0;1.0000;0;0
600;2013-06-24 09:40:00;172602N232;1217;2.705;39;224;224;225;224;1.867;50.02;415.5;1.541;418.0;1.374;0.0;0.000;60;0;0;1.824;1.896;1.882;392;415;408;50.02;50.02;50.02;4193;1000;0.0;0;1.0000;0;0
600;2013-06-24 09:50:00;172602N232;1283;2.919;39;225;225;225;224;1.966;50.03;421.8;1.546;416.0;1.520;0.0;0.000;60;0;0;1.930;1.989;1.981;416;436;429;50.03;50.03;50.03;4193;1000;0.0;0;1.0000;0;0
600;2013-06-24 10:00:00;172602N232;1722;3.206;40;225;225;227;223;2.573;50.02;422.8;2.119;423.3;1.972;0.0;0.000;60;0;0;2.514;2.625;2.580;560;589;571;50.02;50.02;50.02;4193;1000;0.0;0;1.0000;0;0
600;2013-06-24 10:10:00;172602N232;1466;3.450;40;227;226;228;226;2.194;50.01;412.6;1.875;422.1;1.644;0.0;0.000;60;0;0;2.145;2.233;2.205;475;501;488;50.01;50.01;50.01;4193;1000;0.0;0;1.0000;0;0
600;2013-06-24 10:20:00;172602N232;826;3.588;40;227;227;228;226;1.276;50.02;414.5;1.012;409.7;0.978;0.0;0.000;60;0;0;1.233;1.308;1.289;262;284;278;50.02;50.02;50.02;4193;1000;0.0;0;1.0000;0;0
600;2013-06-24 10:30:00;172602N232;1507;3.839;40;224;224;227;222;2.264;50.02;423.8;1.817;420.1;1.763;0.0;0.000;60;0;0;2.198;2.324;2.270;486;520;499;50.02;50.02;50.02;4193;1000;0.0;0;1.0000;0;0
600;2013-06-24 10:40:00;172602N232;939;3.996;40;223;221;225;221;1.439;50.01;422.0;1.115;410.4;1.137;0.0;0.000;60;0;0;1.371;1.491;1.456;294;329;314;50.01;50.01;50.01;4193;1000;0.0;0;1.0000;0;0
600;2013-06-24 10:50:00;172602N232;1431;4.234;41;224;223;225;222;2.164;50.02;425.4;1.715;417.4;1.691;0.0;0.000;60;0;0;2.107;2.214;2.173;462;491;475;50.02;50.02;50.02;4193;1000;0.0;0;1.0000;0;0
600;2013-06-24 11:00:00;172602N232;1833;4.541;41;225;224;227;223;2.735;50.01;423.3;2.218;416.6;2.175;0.0;0.000;60;0;0;2.667;2.799;2.741;594;630;608;50.01;50.01;50.01;4193;1000;0.0;0;1.0000;0;0
600;2013-06-24 11:10:00;172602N232;1724;4.828;41;223;223;225;221;2.601;50.01;417.4;2.117;414.7;2.042;0.0;0.000;60;0;0;2.547;2.656;2.602;561;591;570;50.01;50.01;50.01;4193;1000;0.0;0;1.0000;0;0
600;2013-06-24 11:20:00;172602N232;1386;5.059;41;222;222;223;222;2.138;50.01;420.9;1.676;413.8;1.652;0.0;0.000;60;0;0;2.101;2.160;2.153;450;470;464;50.01;50.01;50.01;4193;1000;0.0;0;1.0000;0;0
600;2013-06-24 11:30:00;172602N232;1903;5.378;41;223;223;223;222;2.869;50.01;421.4;2.340;420.0;2.210;0.0;0.000;60;0;0;2.823;2.904;2.882;624;641;636;50.01;50.01;50.01;4193;1000;0.0;0;1.0000;0;0
600;2013-06-24 11:40:00;172602N232;3031;5.882;41;224;223;227;223;4.502;50.01;412.8;3.835;412.0;3.682;0.0;0.000;60;0;0;4.416;4.601;4.491;985;1043;1000;50.01;50.01;50.01;4193;1000;0.0;0;1.0000;0;0
600;2013-06-24 11:50:00;172602N232;2850;6.359;41;225;224;228;223;4.233;50.03;398.5;3.787;406.2;3.397;0.0;0.000;60;0;0;4.151;4.327;4.222;926;984;940;50.03;50.03;50.03;4193;1000;0.0;0;1.0000;0;0
600;2013-06-24 12:00:00;172602N232;1760;6.652;42;224;222;227;222;2.632;50.03;409.8;2.200;404.4;2.152;0.0;0.000;60;0;0;2.554;2.703;2.641;566;609;583;50.03;50.03;50.03;4193;1000;0.0;0;1.0000;0;0
600;2013-06-24 12:10:00;172602N232;1287;6.866;42;222;222;225;220;1.978;50.03;414.8;1.573;409.9;1.551;0.0;0.000;60;0;0;1.927;2.030;1.978;414;446;425;50.03;50.03;50.03;4193;1000;0.0;0;1.0000;0;0
600;2013-06-24 12:20:00;172602N232;1609;7.135;42;223;222;225;221;2.422;50.03;424.9;1.915;414.4;1.935;0.0;0.000;60;0;0;2.353;2.483;2.430;519;555;533;50.03;50.03;50.03;4193;1000;0.0;0;1.0000;0;0
600;2013-06-24 12:30:00;172602N232;3072;7.648;42;224;224;227;221;4.575;50.01;415.2;3.828;417.5;3.614;0.0;0.000;60;0;0;4.509;4.669;4.547;1007;1057;1005;50.01;50.01;50.01;4193;1000;0.0;0;1.0000;0;0
600;2013-06-24 12:40:00;172602N232;3581;8.244;42;224;224;226;221;5.324;50.01;397.5;4.592;399.5;4.447;0.0;0.000;60;0;0;5.269;5.425;5.278;1181;1227;1168;50.01;50.01;50.01;4193;1000;0.0;0;1.0000;0;0
600;2013-06-24 12:50:00;172602N232;2010;8.579;43;226;226;228;224;2.977;50.03;404.5;2.572;402.5;2.455;0.0;0.000;60;0;0;2.912;3.037;2.982;654;690;666;50.03;50.03;50.03;4193;1000;0.0;0;1.0000;0;0
600;2013-06-24 13:00:00;172602N232;1606;8.848;43;226;226;228;225;2.398;50.01;411.7;2.003;406.3;1.940;0.0;0.000;60;0;0;2.340;2.446;2.408;519;551;534;50.01;50.01;50.01;4193;1000;0.0;0;1.0000;0;0
600;2013-06-24 13:10:00;172602N232;1027;9.019;43;226;226;228;225;1.552;50.01;411.9;1.270;407.7;1.236;0.0;0.000;60;0;0;1.498;1.591;1.567;328;355;343;50.01;50.01;50.01;4193;1000;0.0;0;1.0000;0;0
600;2013-06-24 13:20:00;172602N232;878;9.164;43;226;227;228;224;1.464;50.01;412.7;1.071;409.6;1.055;0.0;0.000;60;0;0;1.579;1.410;1.403;291;294;290;50.01;50.01;50.01;4193;1000;0.0;0;1.0000;0;0
600;2013-06-24 13:30:00;172602N232;620;9.268;42;226;227;228;223;1.100;50.01;415.0;0.749;407.5;0.739;0.0;0.000;60;0;0;1.242;1.018;1.042;209;203;206;50.01;50.01;50.01;4193;1000;0.0;0;1.0000;0;0
600;2013-06-24 13:40:00;172602N232;530;9.358;42;226;227;227;224;0.858;50.02;415.2;0.634;408.6;0.631;0.0;0.000;60;0;0;0.812;0.898;0.865;165;187;177;50.02;50.02;50.02;4193;1000;0.0;0;1.0000;0;0
600;2013-06-24 13:50:00;172602N232;1064;9.534;42;227;227;228;225;1.601;50.03;413.2;1.296;418.7;1.255;0.0;0.000;60;0;0;1.553;1.643;1.608;343;366;353;50.03;50.03;50.03;4193;1000;0.0;0;1.0000;0;0
600;2013-06-24 14:00:00;172602N232;1706;9.819;42;228;228;230;225;2.509;50.01;424.5;2.041;422.9;1.997;0.0;0.000;60;0;0;2.454;2.567;2.506;557;585;561;50.01;50.01;50.01;4193;1000;0.0;0;1.0000;0;0
600;2013-06-24 14:10:00;172602N232;897;9.968;42;227;228;228;226;1.364;50.01;418.7;1.077;413.6;1.065;0.0;0.000;60;0;0;1.315;1.401;1.377;286;309;300;50.01;50.01;50.01;4193;1000;0.0;0;1.0000;0;0
600;2013-06-24 14:20:00;172602N232;812;10.104;42;227;228;228;225;1.265;50.01;411.5;0.970;411.0;0.991;0.0;0.000;60;0;0;1.245;1.287;1.263;261;279;271;50.01;50.01;50.01;4193;1000;0.0;0;1.0000;0;0
600;2013-06-24 14:30:00;172602N232;2827;10.575;42;229;230;231;225;4.125;50.02;416.9;3.418;418.4;3.419;0.0;0.000;60;0;0;4.091;4.212;4.073;937;973;915;50.02;50.02;50.02;4193;1000;0.0;0;1.0000;0;0
600;2013-06-24 14:40:00;172602N232;3176;11.105;42;230;230;233;227;4.616;50.01;407.1;3.996;401.4;3.945;0.0;0.000;60;0;0;4.562;4.711;4.577;1046;1095;1035;50.01;50.01;50.01;4193;1000;0.0;0;1.0000;0;0
600;2013-06-24 14:50:00;172602N232;1846;11.413;42;229;229;231;226;2.705;49.99;407.9;2.312;402.3;2.275;0.0;0.000;60;0;0;2.657;2.765;2.694;604;634;606;49.99;49.99;49.99;4193;1000;0.0;0;1.0000;0;0
600;2013-06-24 15:00:00;172602N232;2710;11.864;43;228;229;230;225;3.967;49.99;407.8;3.373;402.5;3.348;0.0;0.000;60;0;0;3.939;4.048;3.914;899;929;877;49.99;49.99;49.99;4193;1000;0.0;0;1.0000;0;0
600;2013-06-24 15:10:00;172602N232;1748;12.156;43;227;228;229;224;2.583;49.99;409.6;2.182;402.9;2.147;0.0;0.000;60;0;0;2.540;2.645;2.565;574;601;570;49.99;49.99;49.99;4193;1000;0.0;0;1.0000;0;0
600;2013-06-24 15:20:00;172602N232;1256;12.366;43;227;227;229;224;1.880;50.00;412.9;1.544;407.2;1.518;0.0;0.000;60;0;0;1.828;1.939;1.875;405;437;412;50.00;50.00;50.00;4193;1000;0.0;0;1.0000;0;0
600;2013-06-24 15:30:00;172602N232;1032;12.538;43;227;227;229;225;1.556;50.02;418.7;1.245;408.2;1.237;0.0;0.000;60;0;0;1.499;1.601;1.568;329;357;344;50.02;50.02;50.02;4193;1000;0.0;0;1.0000;0;0
600;2013-06-24 15:40:00;172602N232;2891;13.020;43;229;228;231;227;4.232;50.01;418.1;3.497;411.9;3.545;0.0;0.000;60;0;0;4.164;4.309;4.224;944;993;953;50.01;50.01;50.01;4193;1000;0.0;0;1.0000;0;0
600;2013-06-24 15:50:00;172602N232;2124;13.374;43;228;228;230;226;3.113;50.01;413.6;2.608;403.9;2.625;0.0;0.000;60;0;0;3.058;3.176;3.106;695;727;699;50.01;50.01;50.01;4193;1000;0.0;0;1.0000;0;0
600;2013-06-24 16:00:00;172602N232;1593;13.640;43;227;227;229;224;2.360;50.01;415.4;1.956;409.4;1.925;0.0;0.000;60;0;0;2.308;2.417;2.356;519;548;524;50.01;50.01;50.01;4193;1000;0.0;0;1.0000;0;0
600;2013-06-24 16:10:00;172602N232;1954;13.965;43;226;227;229;223;2.891;50.00;418.2;2.372;408.9;2.380;0.0;0.000;60;0;0;2.851;2.963;2.861;643;674;635;50.00;50.00;50.00;4193;1000;0.0;0;1.0000;0;0
600;2013-06-24 16:20:00;172602N232;1590;14.230;43;226;227;228;224;2.354;50.02;415.5;1.942;407.7;1.938;0.0;0.000;60;0;0;2.306;2.411;2.347;520;546;522;50.02;50.02;50.02;4193;1000;0.0;0;1.0000;0;0
600;2013-06-24 16:30:00;172602N232;1602;14.498;43;226;226;228;225;2.378;50.01;419.8;1.931;410.2;1.948;0.0;0.000;60;0;0;2.319;2.426;2.389;519;548;534;50.01;50.01;50.01;4193;1000;0.0;0;1.0000;0;0
600;2013-06-24 16:40:00;172602N232;1031;14.670;43;225;222;231;223;1.593;50.02;414.0;1.274;412.1;1.218;0.0;0.000;60;0;0;1.497;1.688;1.596;318;367;344;50.02;50.02;50.02;4193;1000;0.0;0;1.0000;0;0
600;2013-06-24 16:50:00;172602N232;1050;14.845;43;226;224;231;223;1.630;50.01;414.4;1.289;411.9;1.246;0.0;0.000;60;0;0;1.559;1.708;1.623;329;371;348;50.01;50.01;50.01;4193;1000;0.0;0;1.0000;0;0
600;2013-06-24 17:00:00;172602N232;1087;15.027;42;227;225;230;225;1.647;50.02;418.3;1.320;412.0;1.294;0.0;0.000;60;0;0;1.569;1.716;1.658;340;382;362;50.02;50.02;50.02;4193;1000;0.0;0;1.0000;0;0
600;2013-06-24 17:10:00;172602N232;1000;15.193;42;226;222;231;226;1.500;50.02;416.9;1.218;411.8;1.190;0.0;0.000;60;0;0;1.412;1.556;1.532;306;353;339;50.02;50.02;50.02;4193;1000;0.0;0;1.0000;0;0
600;2013-06-24 17:20:00;172602N232;863;15.337;42;226;225;229;224;1.310;50.02;415.3;1.063;412.3;1.010;0.0;0.000;60;0;0;1.245;1.355;1.330;270;302;289;50.02;50.02;50.02;4193;1000;0.0;0;1.0000;0;0
600;2013-06-24 17:30:00;172602N232;660;15.448;42;226;226;228;223;1.011;50.03;413.2;0.812;409.2;0.774;0.0;0.000;60;0;0;0.952;1.058;1.025;205;232;220;50.03;50.03;50.03;4193;1000;0.0;0;1.0000;0;0
600;2013-06-24 17:40:00;172602N232;347;15.505;42;226;226;227;224;1.153;50.01;400.8;0.437;402.0;0.397;0.0;0.000;60;0;0;1.229;1.189;1.043;101;120;124;50.01;50.01;50.01;4193;1000;0.0;0;1.0000;0;0
600;2013-06-24 17:50:00;172602N232;608;15.607;42;226;225;227;226;1.089;50.02;411.1;0.755;412.4;0.700;0.0;0.000;60;0;0;1.030;1.124;1.114;187;212;208;50.02;50.02;50.02;4193;1000;0.0;0;1.0000;0;0
600;2013-06-24 18:00:00;172602N232;586;15.704;42;221;222;221;222;0.950;50.04;410.5;0.726;411.3;0.677;0.0;0.000;60;0;0;0.905;0.969;0.977;183;201;200;50.04;50.04;50.04;4193;1000;0.0;0;1.0000;0;0
600;2013-06-24 18:10:00;172602N232;736;15.828;42;221;222;220;221;1.240;50.03;419.3;0.882;412.6;0.870;0.0;0.000;60;0;0;1.256;1.216;1.249;238;245;251;50.03;50.03;50.03;4193;1000;0.0;0;1.0000;0;0
600;2013-06-24 18:20:00;172602N232;952;15.986;42;222;221;223;221;1.455;50.03;414.7;1.151;412.2;1.147;0.0;0.000;60;0;0;1.395;1.491;1.480;301;327;322;50.03;50.03;50.03;4193;1000;0.0;0;1.0000;0;0
600;2013-06-24 18:30:00;172602N232;829;16.125;41;221;222;222;221;1.280;50.01;403.3;1.029;410.0;0.997;0.0;0.000;60;0;0;1.231;1.310;1.300;265;283;279;50.01;50.01;50.01;4193;1000;0.0;0;1.0000;0;0
600;2013-06-24 18:40:00;172602N232;852;16.266;41;222;225;222;220;1.307;50.02;404.2;1.051;410.1;1.028;0.0;0.000;60;0;0;1.267;1.336;1.320;277;290;283;50.02;50.02;50.02;4193;1000;0.0;0;1.0000;0;0
600;2013-06-24 18:50:00;172602N232;661;16.377;41;222;224;221;221;1.111;50.01;403.9;0.818;407.0;0.794;0.0;0.000;60;0;0;1.098;1.132;1.103;212;227;220;50.01;50.01;50.01;4193;1000;0.0;0;1.0000;0;0
600;2013-06-24 19:00:00;172602N232;344;16.434;41;221;222;222;220;1.159;50.03;401.2;0.428;402.2;0.396;0.0;0.000;60;0;0;1.234;1.136;1.107;90;132;120;50.03;50.03;50.03;4193;1000;0.0;0;1.0000;0;0
600;2013-06-24 19:10:00;172602N232;438;16.507;41;222;222;222;221;0.781;50.02;405.3;0.533;405.5;0.522;0.0;0.000;60;0;0;0.756;0.808;0.779;133;155;148;50.02;50.02;50.02;4193;1000;0.0;0;1.0000;0;0
600;2013-06-24 19:20:00;172602N232;347;16.566;41;222;222;222;222;0.907;50.01;405.3;0.422;402.7;0.407;0.0;0.000;60;0;0;0.941;0.917;0.865;106;128;111;50.01;50.01;50.01;4193;1000;0.0;0;1.0000;0;0
600;2013-06-24 19:30:00;172602N232;329;16.621;41;222;223;222;222;1.164;50.02;406.8;0.395;401.9;0.388;0.0;0.000;60;0;0;1.285;1.130;1.079;93;135;100;50.02;50.02;50.02;4193;1000;0.0;0;1.0000;0;0
600;2013-06-24 19:40:00;172602N232;302;16.671;40;223;224;222;223;1.147;50.02;400.8;0.371;401.7;0.350;0.0;0.000;60;0;0;1.333;1.150;0.958;83;136;81;50.02;50.02;50.02;4193;1000;0.0;0;1.0000;0;0
600;2013-06-24 19:50:00;172602N232;202;16.705;40;223;224;224;223;0.986;50.01;389.0;0.252;394.9;0.228;0.0;0.000;60;0;0;1.134;1.007;0.818;46;83;71;50.01;50.01;50.01;4193;1000;0.0;0;1.0000;0;0
600;2013-06-24 20:00:00;172602N232;156;16.732;40;223;225;221;224;0.914;50.02;387.3;0.189;390.9;0.174;0.0;0.000;60;0;0;1.042;0.964;0.737;17;99;38;50.02;50.02;50.02;4193;1000;0.0;0;1.0000;0;0
600;2013-06-24 20:10:00;172602N232;148;16.756;40;224;225;222;223;0.943;50.04;384.9;0.178;390.5;0.168;0.0;0.000;60;0;0;1.226;0.827;0.778;4;83;61;50.04;50.04;50.04;4193;1000;0.0;0;1.0000;0;0
600;2013-06-24 20:20:00;172602N232;231;16.796;39;224;225;226;222;1.097;50.02;391.9;0.223;391.6;0.333;0.0;0.000;60;0;0;1.384;1.067;0.842;44;95;91;50.02;50.02;50.02;4193;1000;0.0;0;1.0000;0;0
600;2013-06-24 20:30:00;172602N232;125;16.816;39;224;225;224;223;0.969;50.02;377.1;0.142;385.9;0.149;0.0;0.000;60;0;0;1.429;0.751;0.727;1;71;57;50.02;50.02;50.02;4193;1000;0.0;0;1.0000;0;0
600;2013-06-24 20:40:00;172602N232;280;16.863;39;224;225;223;223;1.110;50.01;394.8;0.237;392.2;0.443;0.0;0.000;60;0;0;1.330;1.007;0.994;71;118;89;50.01;50.01;50.01;4193;1000;0.0;0;1.0000;0;0
600;2013-06-24 20:50:00;172602N232;360;16.923;39;224;226;223;224;1.169;50.02;412.6;0.373;394.5;0.497;0.0;0.000;60;0;0;1.297;1.151;1.060;98;148;112;50.02;50.02;50.02;4193;1000;0.0;0;1.0000;0;0
600;2013-06-24 21:00:00;172602N232;271;16.968;39;224;225;222;224;1.023;49.99;404.1;0.297;418.7;0.325;0.0;0.000;60;0;0;1.085;1.062;0.923;70;126;74;49.99;49.99;49.99;4193;1000;0.0;0;1.0000;0;0
600;2013-06-24 21:10:00;172602N232;393;17.034;39;223;225;224;222;1.185;50.00;403.0;0.459;421.5;0.464;0.0;0.000;60;0;0;1.266;1.180;1.109;117;147;127;50.00;50.00;50.00;4193;1000;0.0;0;1.0000;0;0
600;2013-06-24 21:20:00;172602N232;149;17.060;39;223;225;223;222;0.988;50.00;385.4;0.168;402.5;0.174;0.0;0.000;60;0;0;1.278;0.892;0.794;7;80;64;50.00;50.00;50.00;4193;1000;0.0;0;1.0000;0;0
600;2013-06-24 21:30:00;172602N232;92;17.075;38;224;224;225;222;0.868;50.02;365.1;0.103;378.8;0.106;0.0;0.000;60;0;0;1.067;0.878;0.659;11;41;46;50.02;50.02;50.02;4193;1000;0.0;0;1.0000;0;0
600;2013-06-24 21:40:00;172602N232;53;17.084;38;224;224;224;223;0.781;50.04;351.5;0.054;366.6;0.056;0.0;0.000;60;0;0;0.926;0.757;0.662;3;23;32;50.04;50.04;50.04;4193;1000;0.0;0;1.0000;0;0
600;2013-06-24 21:50:00;172602N232;24;17.089;38;223;225;223;223;0.452;50.06;301.7;0.019;306.8;0.020;0.0;0.000;60;0;0;0.616;0.374;0.366;0;23;21;50.06;50.06;50.06;4193;1000;0.0;0;1.0000;0;0
600;2013-06-24 22:00:00;172602N232;0;17.088;38;223;225;222;223;0.049;50.03;256.1;0.000;256.1;0.000;0.0;0.000;50;0;0;0.058;0.047;0.042;0;2;1;50.03;50.03;50.03;4193;1000;0.0;0;1.0000;0;0
600;2013-06-24 22:10:00;172602N232;0;17.088;36;223;224;225;222;0.000;50.05;270.2;0.000;269.9;0.000;0.0;0.000;51;0;0;0.000;0.000;0.000;0;0;0;50.05;50.05;50.05;6414;1000;0.0;0;1.0000;0;0
600;2013-06-24 22:20:00;172602N232;0;17.088;35;223;225;225;221;0.000;50.02;230.7;0.000;231.7;0.000;0.0;0.000;51;0;0;0.000;0.000;0.000;0;0;0;50.02;50.02;50.02;6491;1000;0.0;0;1.0000;0;0
600;2013-06-24 22:30:00;172602N232;0;17.088;35;223;225;225;220;0.000;50.01;229.7;0.000;230.6;0.000;0.0;0.000;51;0;0;0.000;0.000;0.000;0;0;0;50.01;50.01;50.01;6491;1000;0.0;0;1.0000;0;0
600;2013-06-24 22:40:00;172602N232;0;17.088;34;224;225;226;221;0.000;50.03;229.4;0.000;230.3;0.000;0.0;0.000;51;0;0;0.000;0.000;0.000;0;0;0;50.03;50.03;50.03;6491;1000;0.0;0;1.0000;0;0
[wr_ende]
