20150205;230001;172602N232;My Plant;+0100
[wr_def_start]
172602N232;Inverter Type;Inverter Group;72602N232      
[wr_def_end]
[wr]
INTERVAL;TIMESTAMP;SERIAL;P_AC;E_DAY;T_WR;U_AC;U_AC_1;U_AC_2;U_AC_3;I_AC;F_AC;U_DC_1;I_DC_1;U_DC_2;I_DC_2;U_DC_3;I_DC_3;S;E_WR;M_WR;I_AC_1;I_AC_2;I_AC_3;P_AC_1;P_AC_2;P_AC_3;F_AC_1;F_AC_2;F_AC_3;R_DC;PC;PCS;PCS_LL;COS_PHI;COS_PHI_LL;S_COS_PHI
600;2015-02-05 07:40:00;172602N232;0;0.000;0;1;1;2;1;0.000;0.45;2.0;0.000;2.0;0.000;0.0;0.000;50;0;0;0.000;0.000;0.000;0;0;0;0.45;0.45;0.45;66;1000;0.0;0;1.0000;0;0
600;2015-02-05 07:50:00;172602N232;0;0.000;13;223;224;225;219;0.000;50.00;227.1;0.000;228.0;0.000;0.0;0.000;50;0;0;0.000;0.000;0.000;0;0;0;50.00;50.00;50.00;0;1000;0.0;0;1.0000;0;0
600;2015-02-05 08:00:00;172602N232;0;0.000;15;222;223;225;219;0.000;50.01;227.5;0.000;228.4;0.000;0.0;0.000;50;0;0;0.000;0.000;0.000;0;0;0;50.01;50.01;50.01;0;1000;0.0;0;1.0000;0;0
600;2015-02-05 08:10:00;172602N232;0;0.000;16;223;224;226;219;0.000;49.99;227.2;0.000;228.2;0.000;0.0;0.000;50;0;0;0.000;0.000;0.000;0;0;0;49.99;49.99;49.99;0;1000;0.0;0;1.0000;0;0
600;2015-02-05 08:20:00;172602N232;0;0.000;16;223;224;225;219;0.000;49.99;232.0;0.000;232.9;0.000;0.0;0.000;50;0;0;0.000;0.000;0.000;0;0;0;49.99;49.99;49.99;0;1000;0.0;0;1.0000;0;0
600;2015-02-05 08:30:00;172602N232;0;0.000;17;223;224;226;220;0.001;49.98;274.1;0.000;274.0;0.000;0.0;0.000;51;0;0;0.001;0.001;0.001;0;0;0;49.98;49.98;49.98;741;1000;0.0;0;1.0000;0;0
600;2015-02-05 08:40:00;172602N232;2;0.000;17;224;223;226;224;0.085;49.98;278.6;0.000;283.4;0.000;0.0;0.000;60;0;0;0.069;0.131;0.055;2;0;2;49.98;49.98;49.98;6642;1000;0.0;0;1.0000;0;0
600;2015-02-05 08:50:00;172602N232;30;0.008;17;224;223;226;223;0.514;49.99;374.4;0.018;366.9;0.023;0.0;0.000;60;0;0;0.463;0.729;0.351;21;0;24;49.99;49.99;49.99;6716;1000;0.0;0;1.0000;0;0
600;2015-02-05 09:00:00;172602N232;21;0.012;18;224;224;225;223;0.428;50.00;342.7;0.008;345.2;0.014;0.0;0.000;60;0;0;0.451;0.523;0.312;4;5;20;50.00;50.00;50.00;6716;1000;0.0;0;1.0000;0;0
600;2015-02-05 09:10:00;172602N232;4;0.012;18;223;223;224;222;0.201;50.00;253.8;0.000;266.7;0.001;0.0;0.000;60;0;0;0.267;0.201;0.135;1;4;7;50.00;50.00;50.00;6716;1000;0.0;0;1.0000;0;0
600;2015-02-05 09:20:00;172602N232;2;0.012;18;223;222;223;223;0.153;50.00;253.7;0.000;255.9;0.000;0.0;0.000;60;0;0;0.155;0.195;0.111;2;2;2;50.00;50.00;50.00;6716;1000;0.0;0;1.0000;0;0
600;2015-02-05 09:30:00;172602N232;29;0.017;19;223;222;224;224;0.452;50.01;307.7;0.066;271.5;0.002;0.0;0.000;60;0;0;0.420;0.572;0.366;13;3;17;50.01;50.01;50.01;6716;1000;0.0;0;1.0000;0;0
600;2015-02-05 09:40:00;172602N232;78;0.028;19;223;223;223;223;0.757;50.00;438.6;0.115;267.3;0.070;0.0;0.000;60;0;0;0.818;0.744;0.710;17;33;27;50.00;50.00;50.00;6716;1000;0.0;0;1.0000;0;0
600;2015-02-05 09:50:00;172602N232;117;0.047;19;224;223;224;224;0.932;50.01;441.4;0.136;326.5;0.144;0.0;0.000;60;0;0;0.880;0.970;0.946;39;36;39;50.01;50.01;50.01;6716;1000;0.0;0;1.0000;0;0
600;2015-02-05 10:00:00;172602N232;141;0.071;20;223;223;225;222;0.927;50.02;443.3;0.154;377.7;0.159;0.0;0.000;60;0;0;0.871;1.147;0.765;34;36;70;50.02;50.02;50.02;6716;1000;0.0;0;1.0000;0;0
600;2015-02-05 10:10:00;172602N232;160;0.098;20;221;221;223;220;0.939;50.00;444.8;0.174;381.1;0.181;0.0;0.000;60;0;0;0.838;1.200;0.780;40;35;83;50.00;50.00;50.00;6716;1000;0.0;0;1.0000;0;0
600;2015-02-05 10:20:00;172602N232;179;0.128;20;222;221;224;222;1.032;50.01;447.5;0.194;396.7;0.199;0.0;0.000;60;0;0;0.874;1.403;0.820;42;47;89;50.01;50.01;50.01;6716;1000;0.0;0;1.0000;0;0
600;2015-02-05 10:30:00;172602N232;205;0.163;21;222;222;223;221;1.030;50.01;449.6;0.218;413.9;0.224;0.0;0.000;60;0;0;1.141;1.223;0.727;59;78;67;50.01;50.01;50.01;6716;1000;0.0;0;1.0000;0;0
600;2015-02-05 10:40:00;172602N232;66;0.173;21;221;220;222;221;0.671;49.99;406.3;0.058;394.4;0.064;0.0;0.000;60;0;0;0.655;0.819;0.540;19;16;34;49.99;49.99;49.99;6716;1000;0.0;0;1.0000;0;0
600;2015-02-05 10:50:00;172602N232;43;0.181;21;221;221;222;221;0.563;49.99;397.4;0.029;395.9;0.036;0.0;0.000;60;0;0;0.639;0.616;0.435;8;15;20;49.99;49.99;49.99;6716;1000;0.0;0;1.0000;0;0
600;2015-02-05 11:00:00;172602N232;49;0.190;22;221;221;221;220;0.572;50.01;394.9;0.036;393.9;0.043;0.0;0.000;60;0;0;0.660;0.607;0.451;5;24;23;50.01;50.01;50.01;6716;1000;0.0;0;1.0000;0;0
600;2015-02-05 11:10:00;172602N232;88;0.205;22;222;222;222;221;0.786;50.00;422.6;0.080;419.8;0.086;0.0;0.000;60;0;0;0.836;0.896;0.628;14;27;46;50.00;50.00;50.00;6716;1000;0.0;0;1.0000;0;0
600;2015-02-05 11:20:00;172602N232;24;0.209;22;222;222;221;221;0.405;50.01;329.5;0.012;359.8;0.018;0.0;0.000;60;0;0;0.512;0.356;0.347;1;18;14;50.01;50.01;50.01;6716;1000;0.0;0;1.0000;0;0
600;2015-02-05 11:30:00;172602N232;41;0.216;22;222;222;221;222;0.503;50.01;396.1;0.026;394.5;0.033;0.0;0.000;60;0;0;0.538;0.499;0.473;9;22;11;50.01;50.01;50.01;6716;1000;0.0;0;1.0000;0;0
600;2015-02-05 11:40:00;172602N232;46;0.224;22;222;222;222;221;0.595;49.99;404.8;0.033;402.3;0.039;0.0;0.000;60;0;0;0.699;0.626;0.462;5;18;26;49.99;49.99;49.99;6716;1000;0.0;0;1.0000;0;0
600;2015-02-05 11:50:00;172602N232;64;0.235;22;222;222;222;222;0.759;50.01;419.9;0.054;416.7;0.061;0.0;0.000;60;0;0;0.880;0.744;0.653;8;28;27;50.02;50.02;50.01;6716;1000;0.0;0;1.0000;0;0
600;2015-02-05 12:00:00;172602N232;54;0.244;22;222;222;223;223;0.618;50.02;414.3;0.041;408.7;0.048;0.0;0.000;60;0;0;0.624;0.613;0.617;16;22;13;50.02;50.02;50.02;6716;1000;0.0;0;1.0000;0;0
600;2015-02-05 12:10:00;172602N232;61;0.254;22;222;222;223;223;0.699;50.01;416.0;0.050;412.7;0.057;0.0;0.000;60;0;0;0.659;0.754;0.685;20;21;19;50.01;50.01;50.01;6716;1000;0.0;0;1.0000;0;0
600;2015-02-05 12:20:00;172602N232;70;0.266;22;222;221;222;221;0.806;50.00;421.9;0.060;418.5;0.068;0.0;0.000;60;0;0;0.823;0.875;0.721;14;23;31;50.00;50.00;50.00;6716;1000;0.0;0;1.0000;0;0
600;2015-02-05 12:30:00;172602N232;201;0.299;23;222;222;223;222;0.964;50.02;422.3;0.182;441.0;0.241;0.0;0.000;60;0;0;1.050;0.969;0.874;57;79;65;50.02;50.02;50.02;6716;1000;0.0;0;1.0000;0;0
600;2015-02-05 12:40:00;172602N232;294;0.349;23;222;222;223;222;1.073;49.99;410.1;0.266;456.0;0.381;0.0;0.000;60;0;0;1.140;1.160;0.921;100;108;84;49.99;49.99;49.99;6716;1000;0.0;0;1.0000;0;0
600;2015-02-05 12:50:00;172602N232;253;0.392;23;222;222;223;221;1.109;49.98;401.0;0.218;455.9;0.334;0.0;0.000;60;0;0;1.113;1.260;0.954;64;95;92;49.98;49.98;49.98;6716;1000;0.0;0;1.0000;0;0
600;2015-02-05 13:00:00;172602N232;261;0.434;24;222;222;224;222;1.124;49.99;391.2;0.222;460.9;0.351;0.0;0.000;60;0;0;1.053;1.308;1.012;62;93;103;49.99;49.99;49.99;6716;1000;0.0;0;1.0000;0;0
600;2015-02-05 13:10:00;172602N232;262;0.479;24;222;222;223;222;1.122;49.97;358.8;0.243;462.6;0.355;0.0;0.000;60;0;0;1.080;1.277;1.011;76;99;86;49.97;49.97;49.97;6716;1000;0.0;0;1.0000;0;0
600;2015-02-05 13:20:00;172602N232;265;0.523;25;222;222;223;221;1.130;49.99;339.9;0.321;415.0;0.363;0.0;0.000;60;0;0;1.129;1.286;0.975;71;96;96;49.99;49.99;49.99;6716;1000;0.0;0;1.0000;0;0
600;2015-02-05 13:30:00;172602N232;270;0.568;25;223;223;225;221;1.131;50.02;393.2;0.331;410.3;0.322;0.0;0.000;60;0;0;1.211;1.271;0.913;80;90;98;50.02;50.02;50.02;6716;1000;0.0;0;1.0000;0;0
600;2015-02-05 13:40:00;172602N232;192;0.600;26;224;223;226;222;1.011;50.00;444.6;0.229;410.2;0.191;0.0;0.000;60;0;0;0.999;1.254;0.780;52;58;80;50.00;50.00;50.00;6716;1000;0.0;0;1.0000;0;0
600;2015-02-05 13:50:00;172602N232;100;0.617;26;223;223;224;222;0.878;50.01;445.2;0.094;437.0;0.092;0.0;0.000;60;0;0;0.964;0.994;0.678;24;25;50;50.01;50.01;50.01;6716;1000;0.0;0;1.0000;0;0
600;2015-02-05 14:00:00;172602N232;86;0.631;26;223;223;225;222;0.914;50.01;444.6;0.074;439.0;0.083;0.0;0.000;60;0;0;0.907;1.106;0.729;14;12;58;50.01;50.01;50.01;6716;1000;0.0;0;1.0000;0;0
600;2015-02-05 14:10:00;172602N232;149;0.657;26;223;223;226;222;0.950;50.00;463.2;0.190;382.6;0.120;0.0;0.000;60;0;0;0.848;1.283;0.720;48;27;73;50.00;50.00;50.00;6716;1000;0.0;0;1.0000;0;0
600;2015-02-05 14:20:00;172602N232;176;0.687;26;223;222;225;222;0.971;50.00;469.9;0.244;314.9;0.172;0.0;0.000;60;0;0;0.858;1.325;0.731;44;52;78;50.00;50.00;50.00;6716;1000;0.0;0;1.0000;0;0
600;2015-02-05 14:30:00;172602N232;81;0.700;26;223;222;225;223;0.883;50.01;441.1;0.081;436.4;0.062;0.0;0.000;60;0;0;0.750;1.221;0.678;27;4;54;50.01;50.01;50.01;6716;1000;0.0;0;1.0000;0;0
600;2015-02-05 14:40:00;172602N232;32;0.706;25;223;223;225;222;0.544;49.99;383.0;0.019;399.5;0.020;0.0;0.000;60;0;0;0.567;0.683;0.384;9;2;26;49.99;49.99;49.99;6716;1000;0.0;0;1.0000;0;0
600;2015-02-05 14:50:00;172602N232;132;0.729;25;223;223;224;223;0.944;49.99;433.0;0.190;285.7;0.151;0.0;0.000;60;0;0;0.906;1.143;0.785;27;38;66;49.99;49.99;49.99;6716;1000;0.0;0;1.0000;0;0
600;2015-02-05 15:00:00;172602N232;120;0.748;25;224;224;224;224;0.932;49.99;364.8;0.184;317.4;0.152;0.0;0.000;60;0;0;0.972;1.023;0.803;20;42;57;49.99;49.99;49.99;6716;1000;0.0;0;1.0000;0;0
600;2015-02-05 15:10:00;172602N232;94;0.764;25;224;224;224;223;0.927;49.99;288.8;0.154;345.5;0.134;0.0;0.000;60;0;0;1.132;0.890;0.761;2;42;55;49.99;49.99;49.99;6716;1000;0.0;0;1.0000;0;0
600;2015-02-05 15:20:00;172602N232;78;0.777;25;224;225;226;223;0.938;49.99;257.4;0.120;391.1;0.112;0.0;0.000;60;0;0;1.010;1.070;0.736;4;17;57;49.99;49.99;49.99;6716;1000;0.0;0;1.0000;0;0
600;2015-02-05 15:30:00;172602N232;57;0.787;25;223;223;224;221;0.924;50.00;255.9;0.055;400.2;0.096;0.0;0.000;60;0;0;1.092;0.976;0.704;1;17;50;50.00;50.00;50.00;6716;1000;0.0;0;1.0000;0;0
600;2015-02-05 15:40:00;172602N232;37;0.794;25;223;224;225;220;0.556;50.01;252.2;0.010;392.4;0.068;0.0;0.000;60;0;0;0.621;0.652;0.397;4;11;30;50.01;50.01;50.01;6716;1000;0.0;0;1.0000;0;0
600;2015-02-05 15:50:00;172602N232;23;0.797;25;223;223;224;223;0.451;50.00;252.2;0.000;396.2;0.038;0.0;0.000;60;0;0;0.535;0.481;0.337;3;11;19;50.00;50.00;50.00;6716;1000;0.0;0;1.0000;0;0
600;2015-02-05 16:00:00;172602N232;3;0.798;25;223;222;222;223;0.118;49.99;251.6;0.000;278.4;0.004;0.0;0.000;60;0;0;0.118;0.126;0.112;0;6;0;49.99;49.99;49.99;6716;1000;0.0;0;1.0000;0;0
600;2015-02-05 16:10:00;172602N232;0;0.798;24;223;223;224;221;0.001;49.99;294.0;0.000;293.3;0.000;0.0;0.000;51;0;0;0.002;0.001;0.001;0;0;0;49.99;49.99;49.99;6442;1000;0.0;0;1.0000;0;0
600;2015-02-05 16:20:00;172602N232;0;0.798;23;222;223;225;219;0.000;50.01;283.4;0.000;282.6;0.000;0.0;0.000;51;0;0;0.000;0.000;0.000;0;0;0;50.01;50.01;50.01;5484;1000;0.0;0;1.0000;0;0
600;2015-02-05 16:30:00;172602N232;0;0.798;23;222;223;224;219;0.000;50.01;230.6;0.000;231.6;0.000;0.0;0.000;51;0;0;0.000;0.000;0.000;0;0;0;50.01;50.01;50.01;5484;1000;0.0;0;1.0000;0;0
600;2015-02-05 16:40:00;172602N232;0;0.798;23;221;221;223;218;0.000;50.03;230.6;0.000;231.6;0.000;0.0;0.000;51;0;0;0.000;0.000;0.000;0;0;0;50.03;50.03;50.03;5484;1000;0.0;0;1.0000;0;0
600;2015-02-05 16:50:00;172602N232;0;0.798;22;219;220;221;217;0.000;50.00;227.3;0.000;228.3;0.000;0.0;0.000;51;0;0;0.000;0.000;0.000;0;0;0;50.00;50.00;50.00;5484;1000;0.0;0;1.0000;0;0
600;2015-02-05 17:00:00;172602N232;0;0.798;22;219;218;222;215;0.000;49.99;226.9;0.000;227.8;0.000;0.0;0.000;51;0;0;0.000;0.000;0.000;0;0;0;49.99;49.99;49.99;5484;1000;0.0;0;1.0000;0;0
[wr_ende]
