20130707;230003;172602N232;My Plant;+0100
[wr_def_start]
172602N232;Inverter Type;Inverter Group;72602N232      
[wr_def_end]
[wr]
INTERVAL;TIMESTAMP;SERIAL;P_AC;E_DAY;T_WR;U_AC;U_AC_1;U_AC_2;U_AC_3;I_AC;F_AC;U_DC_1;I_DC_1;U_DC_2;I_DC_2;U_DC_3;I_DC_3;S;E_WR;M_WR;I_AC_1;I_AC_2;I_AC_3;P_AC_1;P_AC_2;P_AC_3;F_AC_1;F_AC_2;F_AC_3;R_DC;PC;PCS;PCS_LL;COS_PHI;COS_PHI_LL;S_COS_PHI
600;2013-07-07 04:00:00;172602N232;0;0.000;0;3;3;3;3;0.000;0.84;3.7;0.000;3.7;0.000;0.0;0.000;50;0;0;0.000;0.000;0.000;0;0;0;0.84;0.84;0.84;225;1000;0.0;0;1.0000;0;0
600;2013-07-07 04:10:00;172602N232;0;0.000;28;228;228;230;225;0.000;50.01;227.3;0.000;228.2;0.000;0.0;0.000;50;0;0;0.000;0.000;0.000;0;0;0;50.01;50.01;50.01;0;1000;0.0;0;1.0000;0;0
600;2013-07-07 04:20:00;172602N232;0;0.000;30;228;229;231;225;0.000;50.01;229.9;0.000;230.9;0.000;0.0;0.000;50;0;0;0.000;0.000;0.000;0;0;0;50.01;50.01;50.01;0;1000;0.0;0;1.0000;0;0
600;2013-07-07 04:30:00;172602N232;0;0.000;31;228;228;231;226;0.000;50.01;232.2;0.000;233.1;0.000;0.0;0.000;50;0;0;0.000;0.000;0.000;0;0;0;50.01;50.01;50.01;0;1000;0.0;0;1.0000;0;0
600;2013-07-07 04:40:00;172602N232;0;0.000;31;228;229;231;226;0.000;50.01;278.1;0.000;277.6;0.000;0.0;0.000;51;0;0;0.001;0.000;0.001;0;0;0;50.01;50.01;50.01;702;1000;0.0;0;1.0000;0;0
600;2013-07-07 04:50:00;172602N232;0;0.000;31;227;227;229;226;0.039;50.02;272.1;0.000;271.7;0.000;0.0;0.000;60;0;0;0.057;0.036;0.024;0;0;1;50.02;50.02;50.02;5459;1000;0.0;0;1.0000;0;0
600;2013-07-07 05:00:00;172602N232;10;0.002;32;226;226;227;225;0.287;50.02;279.4;0.002;281.0;0.003;0.0;0.000;60;0;0;0.369;0.298;0.194;4;1;11;50.02;50.02;50.02;5415;1000;0.0;0;1.0000;0;0
600;2013-07-07 05:10:00;172602N232;30;0.006;32;226;226;227;225;0.537;50.02;342.7;0.022;349.9;0.022;0.0;0.000;60;0;0;0.637;0.613;0.363;5;4;24;50.02;50.02;50.02;5415;1000;0.0;0;1.0000;0;0
600;2013-07-07 05:20:00;172602N232;47;0.013;32;225;225;226;224;0.754;50.01;371.0;0.044;373.0;0.043;0.0;0.000;60;0;0;0.807;0.898;0.557;2;6;38;50.01;50.01;50.01;5415;1000;0.0;0;1.0000;0;0
600;2013-07-07 05:30:00;172602N232;64;0.025;33;226;226;228;225;0.817;50.01;386.3;0.065;384.5;0.064;0.0;0.000;60;0;0;0.843;0.981;0.629;6;12;44;50.01;50.01;50.01;5415;1000;0.0;0;1.0000;0;0
600;2013-07-07 05:40:00;172602N232;81;0.039;33;227;227;228;225;0.910;50.02;393.5;0.085;390.3;0.084;0.0;0.000;60;0;0;0.967;1.029;0.736;5;17;56;50.02;50.02;50.02;5415;1000;0.0;0;1.0000;0;0
600;2013-07-07 05:50:00;172602N232;98;0.055;34;226;226;227;225;0.920;50.03;399.6;0.106;395.3;0.104;0.0;0.000;60;0;0;0.942;1.069;0.751;13;22;62;50.03;50.03;50.03;5415;1000;0.0;0;1.0000;0;0
600;2013-07-07 06:00:00;172602N232;116;0.074;34;226;226;228;225;0.902;50.01;406.1;0.126;400.8;0.124;0.0;0.000;60;0;0;0.895;1.060;0.752;20;29;66;50.01;50.01;50.01;5415;1000;0.0;0;1.0000;0;0
600;2013-07-07 06:10:00;172602N232;131;0.096;35;227;226;228;226;0.928;50.01;408.9;0.144;405.2;0.141;0.0;0.000;60;0;0;0.934;1.071;0.781;23;37;70;50.01;50.01;50.01;5415;1000;0.0;0;1.0000;0;0
600;2013-07-07 06:20:00;172602N232;147;0.121;35;227;227;228;226;0.845;50.03;411.9;0.160;407.8;0.157;0.0;0.000;60;0;0;0.769;1.143;0.625;20;68;57;50.03;50.03;50.03;5415;1000;0.0;0;1.0000;0;0
600;2013-07-07 06:30:00;172602N232;162;0.148;36;227;227;228;226;0.827;50.02;413.5;0.179;410.3;0.174;0.0;0.000;60;0;0;0.723;1.176;0.584;17;84;60;50.02;50.02;50.02;5415;1000;0.0;0;1.0000;0;0
600;2013-07-07 06:40:00;172602N232;176;0.178;36;226;226;228;225;0.961;50.02;413.1;0.198;411.7;0.190;0.0;0.000;60;0;0;0.982;1.209;0.694;21;77;76;50.02;50.02;50.02;5415;1000;0.0;0;1.0000;0;0
600;2013-07-07 06:50:00;172602N232;190;0.210;36;226;226;228;225;1.045;50.01;414.2;0.216;412.6;0.206;0.0;0.000;60;0;0;1.401;0.923;0.811;68;52;68;50.01;50.01;50.01;5415;1000;0.0;0;1.0000;0;0
600;2013-07-07 07:00:00;172602N232;205;0.244;36;227;227;229;226;1.076;50.00;415.8;0.236;414.9;0.222;0.0;0.000;60;0;0;1.262;1.120;0.847;64;63;77;50.00;50.00;50.00;5415;1000;0.0;0;1.0000;0;0
600;2013-07-07 07:10:00;172602N232;222;0.282;36;227;227;229;226;1.024;49.99;416.7;0.257;415.0;0.239;0.0;0.000;60;0;0;1.168;1.241;0.663;63;87;69;49.99;49.99;49.99;5415;1000;0.0;0;1.0000;0;0
600;2013-07-07 07:20:00;172602N232;240;0.322;37;227;227;228;225;1.093;50.01;417.9;0.282;417.7;0.258;0.0;0.000;60;0;0;1.132;1.266;0.883;48;98;92;50.01;50.01;50.01;5415;1000;0.0;0;1.0000;0;0
600;2013-07-07 07:30:00;172602N232;262;0.366;37;226;227;228;225;1.199;50.01;426.7;0.306;420.9;0.276;0.0;0.000;60;0;0;1.211;1.358;1.028;34;114;112;50.01;50.01;50.01;5415;1000;0.0;0;1.0000;0;0
600;2013-07-07 07:40:00;172602N232;284;0.413;37;227;227;227;226;1.160;50.01;432.3;0.332;423.6;0.293;0.0;0.000;60;0;0;1.320;1.268;0.893;73;119;89;50.01;50.01;50.01;5415;1000;0.0;0;1.0000;0;0
600;2013-07-07 07:50:00;172602N232;308;0.465;37;227;227;228;226;1.204;50.00;438.6;0.362;426.5;0.314;0.0;0.000;60;0;0;1.385;1.109;1.118;87;112;107;50.00;50.00;50.00;5415;1000;0.0;0;1.0000;0;0
600;2013-07-07 08:00:00;172602N232;336;0.520;37;225;225;226;224;1.201;50.01;448.4;0.392;428.9;0.337;0.0;0.000;60;0;0;1.271;1.195;1.138;97;115;122;50.01;50.01;50.01;5415;1000;0.0;0;1.0000;0;0
600;2013-07-07 08:10:00;172602N232;369;0.583;37;225;225;227;225;1.170;50.01;460.5;0.426;430.8;0.364;0.0;0.000;60;0;0;1.183;1.228;1.099;105;130;132;50.01;50.01;50.01;5415;1000;0.0;0;1.0000;0;0
600;2013-07-07 08:20:00;172602N232;408;0.651;37;225;225;228;224;1.191;50.01;471.5;0.468;430.6;0.399;0.0;0.000;60;0;0;1.184;1.287;1.104;120;142;143;50.01;50.01;50.01;5415;1000;0.0;0;1.0000;0;0
600;2013-07-07 08:30:00;172602N232;831;0.789;37;225;225;227;224;1.414;50.01;408.2;1.631;432.1;0.436;0.0;0.000;60;0;0;1.415;1.428;1.400;264;287;278;50.01;50.01;50.01;5415;1000;0.0;0;1.0000;0;0
600;2013-07-07 08:40:00;172602N232;1233;0.995;38;226;225;228;225;1.919;50.03;396.8;2.594;434.9;0.473;0.0;0.000;60;0;0;1.889;1.938;1.930;397;423;412;50.03;50.03;50.03;5415;1000;0.0;0;1.0000;0;0
600;2013-07-07 08:50:00;172602N232;1312;1.214;38;226;226;229;224;1.992;50.02;393.0;2.778;438.0;0.507;0.0;0.000;60;0;0;1.938;2.048;1.991;420;456;434;50.02;50.02;50.02;5415;1000;0.0;0;1.0000;0;0
600;2013-07-07 09:00:00;172602N232;1455;1.457;38;227;227;230;225;2.177;50.02;404.2;3.005;443.6;0.547;0.0;0.000;60;0;0;2.139;2.222;2.172;470;502;480;50.02;50.02;50.02;5415;1000;0.0;0;1.0000;0;0
600;2013-07-07 09:10:00;172602N232;1547;1.714;39;227;226;229;227;2.286;50.01;402.4;3.197;443.6;0.596;0.0;0.000;60;0;0;2.215;2.334;2.311;495;531;520;50.01;50.01;50.01;5415;1000;0.0;0;1.0000;0;0
600;2013-07-07 09:20:00;172602N232;1629;1.986;39;228;226;230;227;2.403;50.00;400.4;3.405;375.3;0.757;0.0;0.000;60;0;0;2.316;2.463;2.432;517;562;547;50.00;50.00;50.00;5415;1000;0.0;0;1.0000;0;0
600;2013-07-07 09:30:00;172602N232;1723;2.274;40;228;228;230;227;2.531;50.00;397.4;3.619;407.2;0.722;0.0;0.000;60;0;0;2.469;2.581;2.543;558;589;574;50.00;50.00;50.00;5415;1000;0.0;0;1.0000;0;0
600;2013-07-07 09:40:00;172602N232;1788;2.572;40;229;229;231;228;2.614;50.01;393.1;3.799;407.4;0.746;0.0;0.000;60;0;0;2.557;2.664;2.621;582;611;593;50.01;50.01;50.01;5415;1000;0.0;0;1.0000;0;0
600;2013-07-07 09:50:00;172602N232;1856;2.881;40;229;228;231;228;2.715;50.01;391.4;4.009;422.5;0.704;0.0;0.000;60;0;0;2.655;2.764;2.727;602;634;618;50.01;50.01;50.01;5415;1000;0.0;0;1.0000;0;0
600;2013-07-07 10:00:00;172602N232;1942;3.205;41;228;228;230;227;2.848;50.00;389.4;4.217;428.6;0.726;0.0;0.000;60;0;0;2.792;2.898;2.854;632;663;645;50.00;50.00;50.00;5415;1000;0.0;0;1.0000;0;0
600;2013-07-07 10:10:00;172602N232;2025;3.542;41;228;227;230;228;2.970;50.00;386.5;4.414;441.4;0.755;0.0;0.000;60;0;0;2.900;3.023;2.987;655;691;677;50.00;50.00;50.00;5415;1000;0.0;0;1.0000;0;0
600;2013-07-07 10:20:00;172602N232;2108;3.895;41;228;227;230;227;3.089;50.01;384.7;4.585;445.1;0.810;0.0;0.000;60;0;0;3.015;3.147;3.107;681;721;703;50.01;50.01;50.01;5415;1000;0.0;0;1.0000;0;0
600;2013-07-07 10:30:00;172602N232;2181;4.258;42;228;228;228;228;3.197;50.02;382.0;4.766;449.5;0.834;0.0;0.000;60;0;0;3.151;3.222;3.220;716;732;731;50.02;50.02;50.02;5415;1000;0.0;0;1.0000;0;0
600;2013-07-07 10:40:00;172602N232;2652;4.702;42;229;229;230;228;3.874;50.02;379.7;4.896;276.7;3.166;0.0;0.000;60;0;0;3.822;3.920;3.882;871;897;883;50.02;50.02;50.02;5415;1000;0.0;0;1.0000;0;0
600;2013-07-07 10:50:00;172602N232;3099;5.217;42;230;229;233;228;4.500;50.01;377.5;5.081;267.5;4.639;0.0;0.000;60;0;0;4.436;4.594;4.472;1015;1066;1015;50.01;50.01;50.01;5415;1000;0.0;0;1.0000;0;0
600;2013-07-07 11:00:00;172602N232;3496;5.800;43;230;231;232;228;5.071;50.02;376.0;5.300;306.1;5.127;0.0;0.000;60;0;0;5.026;5.149;5.040;1157;1191;1146;50.02;50.02;50.02;5415;1000;0.0;0;1.0000;0;0
600;2013-07-07 11:10:00;172602N232;3783;6.431;43;230;230;232;228;5.494;50.02;374.0;5.452;341.1;5.310;0.0;0.000;60;0;0;5.451;5.571;5.461;1251;1288;1242;50.02;50.02;50.02;5415;1000;0.0;0;1.0000;0;0
600;2013-07-07 11:20:00;172602N232;4004;7.098;44;230;231;234;227;5.801;50.03;372.2;5.580;372.3;5.364;0.0;0.000;60;0;0;5.773;5.916;5.715;1331;1380;1291;50.03;50.03;50.03;5415;1000;0.0;0;1.0000;0;0
600;2013-07-07 11:30:00;172602N232;3910;7.749;44;230;230;233;228;5.666;50.04;369.8;5.671;347.3;5.431;0.0;0.000;60;0;0;5.595;5.762;5.641;1283;1341;1283;50.04;50.04;50.04;5415;1000;0.0;0;1.0000;0;0
600;2013-07-07 11:40:00;172602N232;4024;8.420;44;231;230;234;228;5.825;50.03;368.6;5.815;347.8;5.621;0.0;0.000;60;0;0;5.751;5.932;5.794;1321;1383;1318;50.03;50.03;50.03;5415;1000;0.0;0;1.0000;0;0
600;2013-07-07 11:50:00;172602N232;4183;9.120;44;231;231;234;228;6.047;50.03;368.0;5.942;359.5;5.766;0.0;0.000;60;0;0;5.989;6.158;5.995;1380;1438;1363;50.03;50.03;50.03;5415;1000;0.0;0;1.0000;0;0
600;2013-07-07 12:00:00;172602N232;4327;9.839;44;231;231;233;227;6.257;50.01;366.0;6.068;367.5;5.942;0.0;0.000;60;0;0;6.208;6.376;6.189;1433;1487;1405;50.01;50.01;50.01;5415;1000;0.0;0;1.0000;0;0
600;2013-07-07 12:10:00;172602N232;4354;10.566;44;230;230;233;226;6.315;50.01;362.0;6.151;365.8;6.035;0.0;0.000;60;0;0;6.264;6.433;6.250;1442;1497;1414;50.01;50.01;50.01;5415;1000;0.0;0;1.0000;0;0
600;2013-07-07 12:20:00;172602N232;4415;11.303;44;230;231;233;227;6.389;50.03;361.3;6.250;364.7;6.138;0.0;0.000;60;0;0;6.336;6.513;6.319;1461;1519;1432;50.03;50.03;50.03;5415;1000;0.0;0;1.0000;0;0
600;2013-07-07 12:30:00;172602N232;4463;12.047;45;230;230;234;227;6.460;49.99;360.9;6.326;363.6;6.222;0.0;0.000;60;0;0;6.389;6.603;6.388;1470;1543;1449;49.99;49.99;49.99;5415;1000;0.0;0;1.0000;0;0
600;2013-07-07 12:40:00;172602N232;4513;12.798;45;231;230;234;227;6.524;50.03;359.8;6.414;362.5;6.320;0.0;0.000;60;0;0;6.443;6.666;6.464;1482;1561;1467;50.03;50.03;50.03;5415;1000;0.0;0;1.0000;0;0
600;2013-07-07 12:50:00;172602N232;4554;13.558;45;231;230;235;228;6.582;50.03;358.3;6.503;360.7;6.409;0.0;0.000;60;0;0;6.490;6.725;6.533;1491;1577;1485;50.03;50.03;50.03;5415;1000;0.0;0;1.0000;0;0
600;2013-07-07 13:00:00;172602N232;4615;14.326;45;231;230;235;227;6.666;50.01;357.3;6.612;358.9;6.526;0.0;0.000;60;0;0;6.578;6.827;6.595;1513;1604;1496;50.01;50.01;50.01;5415;1000;0.0;0;1.0000;0;0
600;2013-07-07 13:10:00;172602N232;4602;15.095;45;231;230;235;227;6.655;50.04;357.5;6.589;358.5;6.515;0.0;0.000;60;0;0;6.570;6.811;6.584;1510;1597;1494;50.04;50.04;50.04;5415;1000;0.0;0;1.0000;0;0
600;2013-07-07 13:20:00;172602N232;4600;15.861;46;231;230;235;227;6.647;50.03;357.5;6.585;358.3;6.517;0.0;0.000;60;0;0;6.561;6.802;6.580;1507;1596;1494;50.03;50.03;50.03;5415;1000;0.0;0;1.0000;0;0
600;2013-07-07 13:30:00;172602N232;4651;16.635;46;231;230;236;227;6.713;50.02;355.4;6.693;356.9;6.625;0.0;0.000;60;0;0;6.629;6.884;6.626;1526;1622;1502;50.02;50.02;50.02;5415;1000;0.0;0;1.0000;0;0
600;2013-07-07 13:40:00;172602N232;4583;17.399;46;231;229;236;227;6.617;50.03;353.4;6.622;355.0;6.562;0.0;0.000;60;0;0;6.514;6.798;6.539;1494;1603;1484;50.03;50.03;50.03;5415;1000;0.0;0;1.0000;0;0
600;2013-07-07 13:50:00;172602N232;4635;18.174;46;231;230;236;227;6.690;50.02;354.8;6.683;355.9;6.621;0.0;0.000;60;0;0;6.576;6.872;6.622;1510;1620;1504;50.02;50.02;50.02;5415;1000;0.0;0;1.0000;0;0
600;2013-07-07 14:00:00;172602N232;4602;18.941;46;231;229;235;228;6.647;50.01;354.5;6.638;355.6;6.579;0.0;0.000;60;0;0;6.543;6.788;6.612;1501;1591;1508;50.01;50.01;50.01;5415;1000;0.0;0;1.0000;0;0
600;2013-07-07 14:10:00;172602N232;4581;19.704;47;231;231;234;229;6.603;50.01;354.7;6.603;355.6;6.547;0.0;0.000;60;0;0;6.530;6.721;6.560;1505;1573;1500;50.01;50.01;50.01;5415;1000;0.0;0;1.0000;0;0
600;2013-07-07 14:20:00;172602N232;4505;20.453;47;232;231;236;229;6.474;50.01;354.1;6.505;354.6;6.447;0.0;0.000;60;0;0;6.390;6.620;6.414;1473;1561;1466;50.01;50.01;50.01;5415;1000;0.0;0;1.0000;0;0
600;2013-07-07 14:30:00;172602N232;4462;21.198;47;232;231;236;228;6.430;50.01;355.8;6.424;355.7;6.363;0.0;0.000;60;0;0;6.356;6.592;6.342;1465;1555;1441;50.01;50.01;50.01;5415;1000;0.0;0;1.0000;0;0
600;2013-07-07 14:40:00;172602N232;4448;21.941;47;231;231;236;227;6.418;50.01;357.0;6.385;356.5;6.327;0.0;0.000;60;0;0;6.344;6.590;6.320;1461;1555;1430;50.01;50.01;50.01;5415;1000;0.0;0;1.0000;0;0
600;2013-07-07 14:50:00;172602N232;4356;22.666;47;231;230;236;227;6.286;50.01;358.1;6.219;358.8;6.163;0.0;0.000;60;0;0;6.203;6.447;6.209;1425;1520;1409;50.01;50.01;50.01;5415;1000;0.0;0;1.0000;0;0
600;2013-07-07 15:00:00;172602N232;4405;23.401;47;231;229;235;228;6.373;50.00;358.4;6.286;359.2;6.226;0.0;0.000;60;0;0;6.280;6.526;6.314;1435;1533;1434;50.00;50.00;50.00;5415;1000;0.0;0;1.0000;0;0
600;2013-07-07 15:10:00;172602N232;4203;24.101;47;230;229;234;227;6.096;49.99;358.6;5.982;359.9;5.925;0.0;0.000;60;0;0;6.019;6.243;6.027;1376;1461;1365;49.99;49.99;49.99;5415;1000;0.0;0;1.0000;0;0
600;2013-07-07 15:20:00;172602N232;4234;24.806;47;231;230;235;227;6.125;50.00;357.7;6.042;359.8;5.983;0.0;0.000;60;0;0;6.065;6.271;6.041;1393;1472;1368;50.00;50.00;50.00;5415;1000;0.0;0;1.0000;0;0
600;2013-07-07 15:30:00;172602N232;4232;25.512;47;231;230;235;227;6.125;49.99;360.3;6.000;361.4;5.946;0.0;0.000;60;0;0;6.070;6.266;6.040;1395;1469;1367;49.99;49.99;49.99;5415;1000;0.0;0;1.0000;0;0
600;2013-07-07 15:40:00;172602N232;4182;26.210;47;230;230;235;226;6.057;49.99;361.0;5.915;361.8;5.869;0.0;0.000;60;0;0;6.008;6.200;5.963;1380;1453;1347;49.99;49.99;49.99;5415;1000;0.0;0;1.0000;0;0
600;2013-07-07 15:50:00;172602N232;4002;26.877;47;230;230;234;226;5.808;50.00;361.1;5.648;362.6;5.602;0.0;0.000;60;0;0;5.750;5.939;5.735;1318;1386;1295;50.00;50.00;50.00;5415;1000;0.0;0;1.0000;0;0
600;2013-07-07 16:00:00;172602N232;3970;27.537;47;231;231;235;228;5.731;49.98;364.6;5.552;365.5;5.515;0.0;0.000;60;0;0;5.694;5.859;5.641;1313;1375;1280;49.98;49.98;49.98;5415;1000;0.0;0;1.0000;0;0
600;2013-07-07 16:10:00;172602N232;3896;28.188;47;231;231;235;227;5.636;49.98;364.3;5.449;365.3;5.420;0.0;0.000;60;0;0;5.595;5.764;5.549;1288;1351;1256;49.98;49.98;49.98;5415;1000;0.0;0;1.0000;0;0
600;2013-07-07 16:20:00;172602N232;3753;28.814;47;231;230;235;227;5.433;50.00;376.2;5.047;367.1;5.222;0.0;0.000;60;0;0;5.365;5.552;5.384;1232;1300;1219;50.00;50.00;50.00;5415;1000;0.0;0;1.0000;0;0
600;2013-07-07 16:30:00;172602N232;3635;29.420;47;231;231;234;227;5.271;50.00;367.9;4.948;367.5;5.111;0.0;0.000;60;0;0;5.224;5.377;5.214;1201;1253;1179;50.00;50.00;50.00;5415;1000;0.0;0;1.0000;0;0
600;2013-07-07 16:40:00;172602N232;3621;30.023;47;230;231;233;227;5.253;50.00;358.4;5.064;369.4;5.047;0.0;0.000;60;0;0;5.215;5.350;5.194;1198;1244;1176;50.00;50.00;50.00;5415;1000;0.0;0;1.0000;0;0
600;2013-07-07 16:50:00;172602N232;3529;30.611;47;231;231;235;227;5.110;49.99;361.7;4.897;372.1;4.882;0.0;0.000;60;0;0;5.061;5.228;5.042;1163;1224;1141;49.99;49.99;49.99;5415;1000;0.0;0;1.0000;0;0
600;2013-07-07 17:00:00;172602N232;3517;31.197;47;228;228;232;224;5.155;50.03;364.9;4.839;374.8;4.822;0.0;0.000;60;0;0;5.107;5.265;5.093;1160;1215;1139;50.03;50.03;50.03;5415;1000;0.0;0;1.0000;0;0
600;2013-07-07 17:10:00;172602N232;3313;31.751;46;226;226;229;222;4.908;50.01;365.6;4.539;376.2;4.531;0.0;0.000;60;0;0;4.856;5.025;4.843;1092;1149;1069;50.01;50.01;50.01;5415;1000;0.0;0;1.0000;0;0
600;2013-07-07 17:20:00;172602N232;3302;32.300;46;225;225;229;221;4.913;50.00;367.7;4.496;377.6;4.489;0.0;0.000;60;0;0;4.867;5.036;4.836;1090;1147;1063;50.00;50.00;50.00;5415;1000;0.0;0;1.0000;0;0
600;2013-07-07 17:30:00;172602N232;3275;32.846;46;225;224;228;222;4.868;50.00;368.4;4.457;378.1;4.451;0.0;0.000;60;0;0;4.811;4.971;4.823;1077;1131;1066;50.00;50.00;50.00;5415;1000;0.0;0;1.0000;0;0
600;2013-07-07 17:40:00;172602N232;2999;33.347;46;224;224;228;220;4.472;50.00;378.9;3.932;380.3;4.085;0.0;0.000;60;0;0;4.425;4.572;4.421;988;1038;972;50.00;50.00;50.00;5415;1000;0.0;0;1.0000;0;0
600;2013-07-07 17:50:00;172602N232;2772;33.809;46;224;223;227;221;4.138;50.01;366.1;3.736;382.6;3.774;0.0;0.000;60;0;0;4.068;4.233;4.114;906;960;905;50.01;50.01;50.01;5415;1000;0.0;0;1.0000;0;0
600;2013-07-07 18:00:00;172602N232;2630;34.248;45;223;223;226;220;3.938;50.03;365.6;3.552;384.8;3.547;0.0;0.000;60;0;0;3.868;4.031;3.917;859;909;859;50.03;50.03;50.03;5415;1000;0.0;0;1.0000;0;0
600;2013-07-07 18:10:00;172602N232;2530;34.669;45;224;223;228;221;3.785;49.99;366.2;3.415;391.3;3.347;0.0;0.000;60;0;0;3.714;3.884;3.757;822;879;826;49.99;49.99;49.99;5415;1000;0.0;0;1.0000;0;0
600;2013-07-07 18:20:00;172602N232;2361;35.062;45;223;222;227;221;3.546;50.00;369.7;3.184;401.2;3.020;0.0;0.000;60;0;0;3.467;3.636;3.536;761;821;776;50.00;50.00;50.00;5415;1000;0.0;0;1.0000;0;0
600;2013-07-07 18:30:00;172602N232;2155;35.422;45;223;222;227;222;3.232;49.99;369.4;2.879;388.1;2.875;0.0;0.000;60;0;0;3.150;3.316;3.231;693;748;711;49.99;49.99;49.99;5415;1000;0.0;0;1.0000;0;0
600;2013-07-07 18:40:00;172602N232;1988;35.754;45;224;223;226;222;2.982;49.99;360.8;2.710;380.8;2.715;0.0;0.000;60;0;0;2.916;3.049;2.983;644;684;658;49.99;49.99;49.99;5415;1000;0.0;0;1.0000;0;0
600;2013-07-07 18:50:00;172602N232;1665;36.032;45;224;222;227;222;2.499;50.00;364.4;2.245;383.0;2.257;0.0;0.000;60;0;0;2.427;2.565;2.507;535;577;552;50.00;50.00;50.00;5415;1000;0.0;0;1.0000;0;0
600;2013-07-07 19:00:00;172602N232;1394;36.264;45;223;225;227;217;2.110;50.00;360.1;1.875;384.6;1.899;0.0;0.000;60;0;0;2.068;2.193;2.069;456;492;443;50.00;50.00;50.00;5415;1000;0.0;0;1.0000;0;0
600;2013-07-07 19:10:00;172602N232;1183;36.462;45;224;227;228;218;1.802;50.01;358.2;1.593;386.5;1.608;0.0;0.000;60;0;0;1.783;1.866;1.758;391;418;373;50.01;50.01;50.01;5415;1000;0.0;0;1.0000;0;0
600;2013-07-07 19:20:00;172602N232;1017;36.631;45;225;226;227;220;1.559;50.00;348.6;1.388;386.8;1.394;0.0;0.000;60;0;0;1.523;1.607;1.549;330;354;331;50.00;50.00;50.00;5415;1000;0.0;0;1.0000;0;0
600;2013-07-07 19:30:00;172602N232;948;36.790;44;225;226;228;220;1.432;49.99;346.7;1.278;389.0;1.310;0.0;0.000;60;0;0;1.388;1.484;1.424;306;333;307;49.99;49.99;49.99;5415;1000;0.0;0;1.0000;0;0
600;2013-07-07 19:40:00;172602N232;752;36.915;44;225;226;227;222;1.178;50.01;339.3;1.011;388.3;1.057;0.0;0.000;60;0;0;1.148;1.211;1.176;239;263;248;50.01;50.01;50.01;5415;1000;0.0;0;1.0000;0;0
600;2013-07-07 19:50:00;172602N232;702;37.032;44;225;226;226;224;1.279;50.02;322.0;0.967;388.9;1.009;0.0;0.000;60;0;0;1.388;1.211;1.240;230;234;236;50.02;50.02;50.02;5415;1000;0.0;0;1.0000;0;0
600;2013-07-07 20:00:00;172602N232;635;37.138;44;226;227;228;223;1.285;50.03;298.9;0.897;389.8;0.950;0.0;0.000;60;0;0;1.577;1.095;1.184;228;199;206;50.03;50.03;50.03;5415;1000;0.0;0;1.0000;0;0
600;2013-07-07 20:10:00;172602N232;530;37.227;44;225;225;228;223;0.919;50.00;278.0;0.701;389.9;0.867;0.0;0.000;60;0;0;0.975;0.931;0.852;165;189;175;50.00;50.00;50.00;5415;1000;0.0;0;1.0000;0;0
600;2013-07-07 20:20:00;172602N232;474;37.306;43;225;226;227;221;1.033;50.02;394.9;0.447;381.6;0.764;0.0;0.000;60;0;0;1.013;1.109;0.978;151;173;148;50.02;50.02;50.02;5415;1000;0.0;0;1.0000;0;0
600;2013-07-07 20:30:00;172602N232;396;37.372;43;225;226;227;222;1.127;50.01;392.5;0.386;380.3;0.622;0.0;0.000;60;0;0;1.153;1.162;1.066;113;141;141;50.01;50.01;50.01;5415;1000;0.0;0;1.0000;0;0
600;2013-07-07 20:40:00;172602N232;327;37.426;43;225;224;228;223;1.183;50.02;384.0;0.332;376.5;0.503;0.0;0.000;60;0;0;1.186;1.339;1.026;103;101;121;50.02;50.02;50.02;5415;1000;0.0;0;1.0000;0;0
600;2013-07-07 20:50:00;172602N232;247;37.468;43;226;226;228;223;1.094;50.00;384.8;0.276;385.8;0.339;0.0;0.000;60;0;0;1.088;1.235;0.961;53;83;109;50.00;50.00;50.00;5415;1000;0.0;0;1.0000;0;0
600;2013-07-07 21:00:00;172602N232;186;37.499;43;225;226;227;222;1.041;50.00;377.2;0.209;392.9;0.239;0.0;0.000;60;0;0;1.438;0.908;0.779;34;74;79;50.00;50.00;50.00;5415;1000;0.0;0;1.0000;0;0
600;2013-07-07 21:10:00;172602N232;134;37.521;43;225;226;227;223;0.951;50.01;373.0;0.152;384.2;0.169;0.0;0.000;60;0;0;1.105;0.988;0.760;10;51;73;50.01;50.01;50.01;5415;1000;0.0;0;1.0000;0;0
600;2013-07-07 21:20:00;172602N232;100;37.538;42;226;227;228;222;0.917;50.01;362.6;0.114;378.3;0.122;0.0;0.000;60;0;0;1.062;0.942;0.747;1;34;65;50.01;50.01;50.01;5415;1000;0.0;0;1.0000;0;0
600;2013-07-07 21:30:00;172602N232;56;37.548;42;226;227;227;223;0.845;50.00;342.4;0.061;361.5;0.065;0.0;0.000;60;0;0;1.005;0.888;0.644;0;19;47;50.00;50.00;50.00;5415;1000;0.0;0;1.0000;0;0
600;2013-07-07 21:40:00;172602N232;29;37.554;42;226;227;226;225;0.475;50.01;311.0;0.024;327.5;0.027;0.0;0.000;60;0;0;0.605;0.417;0.405;0;27;26;50.01;50.01;50.01;5415;1000;0.0;0;1.0000;0;0
600;2013-07-07 21:50:00;172602N232;7;37.555;42;226;228;227;224;0.247;50.02;260.7;0.002;257.0;0.004;0.0;0.000;60;0;0;0.340;0.216;0.185;0;11;11;50.02;50.02;50.02;5415;1000;0.0;0;1.0000;0;0
600;2013-07-07 22:00:00;172602N232;0;37.555;41;227;228;229;224;0.015;50.02;273.5;0.000;272.3;0.000;0.0;0.000;50;0;0;0.026;0.011;0.009;0;0;0;50.02;50.02;50.02;5415;1000;0.0;0;1.0000;0;0
600;2013-07-07 22:10:00;172602N232;0;37.555;39;226;227;228;222;0.000;50.03;246.6;0.000;247.5;0.000;0.0;0.000;50;0;0;0.000;0.000;0.000;0;0;0;50.03;50.03;50.03;5415;1000;0.0;0;1.0000;0;0
600;2013-07-07 22:20:00;172602N232;0;37.555;38;225;226;227;222;0.000;50.03;228.3;0.000;229.2;0.000;0.0;0.000;50;0;0;0.000;0.000;0.000;0;0;0;50.03;50.03;50.03;5415;1000;0.0;0;1.0000;0;0
[wr_ende]
