20131218;230003;172602N232;My Plant;+0100
[wr_def_start]
172602N232;Inverter Type;Inverter Group;72602N232      
[wr_def_end]
[wr]
INTERVAL;TIMESTAMP;SERIAL;P_AC;E_DAY;T_WR;U_AC;U_AC_1;U_AC_2;U_AC_3;I_AC;F_AC;U_DC_1;I_DC_1;U_DC_2;I_DC_2;U_DC_3;I_DC_3;S;E_WR;M_WR;I_AC_1;I_AC_2;I_AC_3;P_AC_1;P_AC_2;P_AC_3;F_AC_1;F_AC_2;F_AC_3;R_DC;PC;PCS;PCS_LL;COS_PHI;COS_PHI_LL;S_COS_PHI
600;2013-12-18 08:30:00;172602N232;0;0.000;0;2;2;2;2;0.000;0.55;2.5;0.000;2.5;0.000;0.0;0.000;50;0;0;0.000;0.000;0.000;0;0;0;0.55;0.55;0.55;23;1000;0.0;0;1.0000;0;0
600;2013-12-18 08:40:00;172602N232;0;0.000;15;224;225;226;220;0.000;49.99;227.4;0.000;228.3;0.000;0.0;0.000;50;0;0;0.000;0.000;0.000;0;0;0;49.99;49.99;49.99;0;1000;0.0;0;1.0000;0;0
600;2013-12-18 08:50:00;172602N232;0;0.000;16;224;225;226;221;0.000;49.98;228.8;0.000;229.7;0.000;0.0;0.000;50;0;0;0.000;0.000;0.000;0;0;0;49.98;49.98;49.98;0;1000;0.0;0;1.0000;0;0
600;2013-12-18 09:00:00;172602N232;0;0.000;17;225;225;227;222;0.000;50.00;241.1;0.000;241.9;0.000;0.0;0.000;50;0;0;0.000;0.000;0.000;0;0;0;50.00;50.00;50.00;0;1000;0.0;0;1.0000;0;0
600;2013-12-18 09:10:00;172602N232;0;0.000;17;224;224;226;223;0.006;49.99;297.9;0.000;297.2;0.000;0.0;0.000;51;0;0;0.007;0.007;0.004;0;0;0;49.99;49.99;49.99;4357;1000;0.0;0;1.0000;0;0
600;2013-12-18 09:20:00;172602N232;0;0.000;17;223;224;225;222;0.007;50.00;285.3;0.000;284.4;0.000;0.0;0.000;60;0;0;0.018;0.003;0.001;0;0;0;50.00;50.00;50.00;5223;1000;0.0;0;1.0000;0;0
600;2013-12-18 09:30:00;172602N232;3;0.001;18;224;224;224;223;0.151;49.99;252.2;0.000;256.1;0.000;0.0;0.000;60;0;0;0.209;0.125;0.120;0;5;5;49.99;49.99;49.99;7968;1000;0.0;0;1.0000;0;0
600;2013-12-18 09:40:00;172602N232;5;0.004;18;223;223;224;223;0.199;50.00;252.7;0.000;255.6;0.000;0.0;0.000;60;0;0;0.276;0.169;0.152;0;7;7;50.00;50.00;50.00;7968;1000;0.0;0;1.0000;0;0
600;2013-12-18 09:50:00;172602N232;9;0.008;19;223;224;223;222;0.287;49.98;262.5;0.001;268.5;0.005;0.0;0.000;60;0;0;0.405;0.240;0.218;0;11;10;49.98;49.98;49.98;7968;1000;0.0;0;1.0000;0;0
600;2013-12-18 10:00:00;172602N232;39;0.017;19;223;224;224;220;0.537;49.98;347.9;0.031;363.0;0.035;0.0;0.000;60;0;0;0.703;0.516;0.392;0;26;29;49.98;49.98;49.98;7968;1000;0.0;0;1.0000;0;0
600;2013-12-18 10:10:00;172602N232;39;0.026;19;224;225;225;221;0.535;49.99;348.2;0.032;362.0;0.036;0.0;0.000;60;0;0;0.635;0.571;0.399;1;21;30;49.99;49.99;49.99;7968;1000;0.0;0;1.0000;0;0
600;2013-12-18 10:20:00;172602N232;56;0.036;20;225;225;226;223;0.659;50.00;369.9;0.053;378.2;0.056;0.0;0.000;60;0;0;0.799;0.703;0.476;1;24;34;50.00;50.00;50.00;7968;1000;0.0;0;1.0000;0;0
600;2013-12-18 10:30:00;172602N232;53;0.044;20;224;224;225;223;0.661;49.99;364.5;0.050;377.6;0.053;0.0;0.000;60;0;0;0.764;0.724;0.496;2;20;32;49.99;49.99;49.99;7968;1000;0.0;0;1.0000;0;0
600;2013-12-18 10:40:00;172602N232;68;0.054;20;225;224;226;224;0.749;50.00;377.2;0.070;385.7;0.073;0.0;0.000;60;0;0;0.820;0.835;0.593;11;22;35;50.00;50.00;50.00;7968;1000;0.0;0;1.0000;0;0
600;2013-12-18 10:50:00;172602N232;67;0.067;21;224;225;226;221;0.756;49.98;374.7;0.068;385.1;0.071;0.0;0.000;60;0;0;0.920;0.798;0.552;3;26;45;49.98;49.98;49.98;7968;1000;0.0;0;1.0000;0;0
600;2013-12-18 11:00:00;172602N232;99;0.086;21;224;226;226;220;0.971;49.99;394.7;0.105;396.9;0.110;0.0;0.000;60;0;0;1.329;0.843;0.742;1;48;65;49.99;49.99;49.99;7968;1000;0.0;0;1.0000;0;0
600;2013-12-18 11:10:00;172602N232;146;0.114;22;224;227;223;223;1.201;50.00;409.6;0.158;407.4;0.164;0.0;0.000;60;0;0;1.851;0.953;0.800;0;113;54;50.00;50.00;50.00;7968;1000;0.0;0;1.0000;0;0
600;2013-12-18 11:20:00;172602N232;89;0.130;22;224;226;222;224;0.849;49.98;387.3;0.093;390.5;0.098;0.0;0.000;60;0;0;1.217;0.643;0.687;2;59;38;49.98;49.98;49.98;7968;1000;0.0;0;1.0000;0;0
600;2013-12-18 11:30:00;172602N232;56;0.141;22;225;226;223;225;0.635;49.99;366.8;0.053;378.0;0.057;0.0;0.000;60;0;0;0.775;0.539;0.592;2;41;20;49.99;49.99;49.99;7968;1000;0.0;0;1.0000;0;0
600;2013-12-18 11:40:00;172602N232;66;0.151;23;225;225;224;225;0.737;49.99;377.8;0.065;382.9;0.070;0.0;0.000;60;0;0;0.900;0.606;0.705;5;46;15;49.99;49.99;49.99;7968;1000;0.0;0;1.0000;0;0
600;2013-12-18 11:50:00;172602N232;96;0.162;23;225;226;224;227;0.890;49.98;391.0;0.103;392.9;0.108;0.0;0.000;60;0;0;0.846;0.732;1.092;32;51;13;49.98;49.98;49.98;7968;1000;0.0;0;1.0000;0;0
600;2013-12-18 12:00:00;172602N232;218;0.187;23;223;224;222;224;1.044;49.98;416.3;0.242;411.6;0.250;0.0;0.000;60;0;0;1.095;0.989;1.048;68;98;51;49.98;49.98;49.98;7968;1000;0.0;0;1.0000;0;0
600;2013-12-18 12:10:00;172602N232;294;0.237;23;222;224;219;224;1.180;49.99;422.8;0.330;418.0;0.338;0.0;0.000;60;0;0;1.313;1.127;1.101;87;136;70;49.99;49.99;49.99;7968;1000;0.0;0;1.0000;0;0
600;2013-12-18 12:20:00;172602N232;252;0.278;23;223;224;220;224;1.106;49.99;419.7;0.282;413.5;0.291;0.0;0.000;60;0;0;1.188;1.094;1.037;82;126;43;49.99;49.99;49.99;7968;1000;0.0;0;1.0000;0;0
600;2013-12-18 12:30:00;172602N232;214;0.314;24;222;223;220;224;0.977;50.00;415.0;0.238;410.2;0.245;0.0;0.000;60;0;0;0.945;1.071;0.915;51;121;40;50.00;50.00;50.00;7968;1000;0.0;0;1.0000;0;0
600;2013-12-18 12:40:00;172602N232;418;0.384;24;222;223;220;223;1.005;50.00;429.2;0.468;422.7;0.483;0.0;0.000;60;0;0;1.062;0.985;0.968;132;153;131;50.00;50.00;50.00;7968;1000;0.0;0;1.0000;0;0
600;2013-12-18 12:50:00;172602N232;245;0.425;24;222;223;221;222;1.058;49.99;415.8;0.275;411.5;0.283;0.0;0.000;60;0;0;1.273;0.976;0.925;62;104;77;49.99;49.99;49.99;7968;1000;0.0;0;1.0000;0;0
600;2013-12-18 13:00:00;172602N232;274;0.471;24;221;223;219;221;1.131;49.98;417.6;0.308;414.0;0.315;0.0;0.000;60;0;0;1.382;1.028;0.985;59;129;85;49.98;49.98;49.98;7968;1000;0.0;0;1.0000;0;0
600;2013-12-18 13:10:00;172602N232;105;0.489;24;221;223;219;221;0.895;49.99;387.6;0.113;387.2;0.118;0.0;0.000;60;0;0;1.304;0.702;0.679;3;68;49;49.99;49.99;49.99;7968;1000;0.0;0;1.0000;0;0
600;2013-12-18 13:20:00;172602N232;94;0.504;24;221;223;220;221;0.929;49.98;389.3;0.101;388.4;0.106;0.0;0.000;60;0;0;1.343;0.706;0.739;0;63;39;49.98;49.98;49.98;7968;1000;0.0;0;1.0000;0;0
600;2013-12-18 13:30:00;172602N232;60;0.516;24;222;223;221;220;0.767;49.97;369.4;0.059;374.5;0.063;0.0;0.000;60;0;0;1.158;0.558;0.586;0;44;37;49.97;49.97;49.97;7968;1000;0.0;0;1.0000;0;0
600;2013-12-18 13:40:00;172602N232;32;0.521;24;222;223;222;221;0.500;49.99;329.2;0.026;349.5;0.029;0.0;0.000;60;0;0;0.673;0.417;0.411;0;29;26;49.99;49.99;49.99;7968;1000;0.0;0;1.0000;0;0
600;2013-12-18 13:50:00;172602N232;41;0.528;24;222;223;222;220;0.552;49.98;345.9;0.036;361.9;0.039;0.0;0.000;60;0;0;0.743;0.466;0.449;0;32;31;49.98;49.98;49.98;7968;1000;0.0;0;1.0000;0;0
600;2013-12-18 14:00:00;172602N232;40;0.535;24;222;224;224;220;0.528;49.97;345.5;0.034;358.4;0.037;0.0;0.000;60;0;0;0.714;0.510;0.361;0;26;26;49.97;49.97;49.97;7968;1000;0.0;0;1.0000;0;0
600;2013-12-18 14:10:00;172602N232;15;0.538;24;222;223;223;220;0.321;49.99;280.6;0.008;296.9;0.011;0.0;0.000;60;0;0;0.463;0.259;0.243;0;13;17;49.99;49.99;49.99;7968;1000;0.0;0;1.0000;0;0
600;2013-12-18 14:20:00;172602N232;1;0.539;24;223;223;223;221;0.108;49.98;251.1;0.000;252.8;0.000;0.0;0.000;60;0;0;0.162;0.085;0.079;0;3;4;49.98;49.98;49.98;7968;1000;0.0;0;1.0000;0;0
600;2013-12-18 14:30:00;172602N232;0;0.539;24;222;223;224;221;0.014;49.98;267.7;0.000;267.4;0.000;0.0;0.000;60;0;0;0.017;0.013;0.012;0;0;0;49.98;49.98;49.98;6455;1000;0.0;0;1.0000;0;0
600;2013-12-18 14:40:00;172602N232;0;0.539;23;223;223;224;221;0.007;49.99;287.7;0.000;287.1;0.000;0.0;0.000;60;0;0;0.009;0.006;0.006;0;0;0;49.99;49.99;49.99;4761;1000;0.0;0;1.0000;0;0
600;2013-12-18 14:50:00;172602N232;0;0.539;22;222;222;223;220;0.000;50.00;293.3;0.000;292.8;0.000;0.0;0.000;51;0;0;0.000;0.000;0.000;0;0;0;50.00;50.00;50.00;5429;1000;0.0;0;1.0000;0;0
600;2013-12-18 15:00:00;172602N232;0;0.539;22;221;221;223;218;0.000;49.99;248.2;0.000;249.1;0.000;0.0;0.000;51;0;0;0.000;0.000;0.000;0;0;0;49.99;49.99;49.99;5372;1000;0.0;0;1.0000;0;0
600;2013-12-18 15:10:00;172602N232;0;0.539;22;222;222;224;219;0.000;49.98;234.4;0.000;235.3;0.000;0.0;0.000;51;0;0;0.000;0.000;0.000;0;0;0;49.98;49.98;49.98;5372;1000;0.0;0;1.0000;0;0
600;2013-12-18 15:20:00;172602N232;0;0.539;21;222;222;224;219;0.000;49.97;230.1;0.000;231.0;0.000;0.0;0.000;51;0;0;0.000;0.000;0.000;0;0;0;49.97;49.97;49.97;5372;1000;0.0;0;1.0000;0;0
600;2013-12-18 15:30:00;172602N232;0;0.539;21;221;222;224;219;0.000;49.98;228.1;0.000;229.0;0.000;0.0;0.000;51;0;0;0.000;0.000;0.000;0;0;0;49.98;49.98;49.98;5372;1000;0.0;0;1.0000;0;0
600;2013-12-18 15:40:00;172602N232;0;0.539;21;221;223;223;218;0.000;49.99;227.3;0.000;228.2;0.000;0.0;0.000;51;0;0;0.000;0.000;0.000;0;0;0;49.99;49.99;49.99;5372;1000;0.0;0;1.0000;0;0
600;2013-12-18 15:50:00;172602N232;0;0.539;21;221;222;223;217;0.000;50.01;220.7;0.000;221.6;0.000;0.0;0.000;80;0;0;0.000;0.000;0.000;0;0;0;50.01;50.01;50.01;5372;1000;0.0;0;1.0000;0;0
[wr_ende]
