20160313;230005;172602N232;My Plant;+0100
[wr_def_start]
172602N232;Inverter Type;Inverter Group;72602N232      
[wr_def_end]
[wr]
INTERVAL;TIMESTAMP;SERIAL;P_AC;E_DAY;T_WR;U_AC;U_AC_1;U_AC_2;U_AC_3;I_AC;F_AC;U_DC_1;I_DC_1;U_DC_2;I_DC_2;U_DC_3;I_DC_3;S;E_WR;M_WR;I_AC_1;I_AC_2;I_AC_3;P_AC_1;P_AC_2;P_AC_3;F_AC_1;F_AC_2;F_AC_3;R_DC;PC;PCS;PCS_LL;COS_PHI;COS_PHI_LL;S_COS_PHI
600;2016-03-13 05:50:00;172602N232;0;0.000;0;4;4;4;4;0.000;1.11;4.9;0.000;5.0;0.000;0.0;0.000;50;0;0;0.000;0.000;0.000;0;0;0;1.11;1.11;1.11;48;1000;0.0;0;1.0000;0;0
600;2016-03-13 06:00:00;172602N232;0;0.000;14;223;223;226;220;0.000;50.00;231.5;0.000;232.5;0.000;0.0;0.000;50;0;0;0.000;0.000;0.000;0;0;0;50.00;50.00;50.00;0;1000;0.0;0;1.0000;0;0
600;2016-03-13 06:10:00;172602N232;0;0.000;15;223;223;226;220;0.001;50.00;277.3;0.000;277.4;0.000;0.0;0.000;60;0;0;0.001;0.001;0.001;0;0;0;50.00;50.00;50.00;1813;1000;0.0;0;1.0000;0;0
600;2016-03-13 06:20:00;172602N232;4;0.000;16;223;223;223;222;0.144;50.00;258.2;0.000;258.0;0.001;0.0;0.000;60;0;0;0.205;0.135;0.094;0;3;4;50.00;50.00;50.00;6266;1000;0.0;0;1.0000;0;0
600;2016-03-13 06:30:00;172602N232;32;0.004;16;223;223;224;222;0.543;50.01;346.9;0.023;363.9;0.025;0.0;0.000;60;0;0;0.620;0.629;0.382;6;3;24;50.01;50.01;50.01;6266;1000;0.0;0;1.0000;0;0
600;2016-03-13 06:40:00;172602N232;49;0.014;17;222;222;223;220;0.616;50.00;371.2;0.044;384.3;0.046;0.0;0.000;60;0;0;0.738;0.652;0.458;1;20;33;50.00;50.00;50.00;6266;1000;0.0;0;1.0000;0;0
600;2016-03-13 06:50:00;172602N232;105;0.031;17;222;223;223;220;0.914;50.01;409.4;0.110;409.1;0.110;0.0;0.000;60;0;0;1.087;0.921;0.735;10;33;64;50.01;50.01;50.01;6266;1000;0.0;0;1.0000;0;0
600;2016-03-13 07:00:00;172602N232;160;0.058;18;222;222;223;221;0.919;49.99;422.5;0.171;419.0;0.171;0.0;0.000;60;0;0;0.952;1.073;0.734;28;60;70;49.99;49.99;49.99;6266;1000;0.0;0;1.0000;0;0
600;2016-03-13 07:10:00;172602N232;218;0.094;18;221;221;222;221;0.989;49.99;430.3;0.237;424.5;0.235;0.0;0.000;60;0;0;1.104;1.121;0.742;56;86;74;49.99;49.99;49.99;6266;1000;0.0;0;1.0000;0;0
600;2016-03-13 07:20:00;172602N232;239;0.135;18;221;221;222;220;1.039;49.99;432.9;0.260;424.7;0.263;0.0;0.000;60;0;0;1.099;1.197;0.823;60;93;85;49.99;49.99;49.99;6266;1000;0.0;0;1.0000;0;0
600;2016-03-13 07:30:00;172602N232;278;0.181;19;221;220;222;220;1.126;50.01;435.2;0.307;427.3;0.304;0.0;0.000;60;0;0;1.194;1.205;0.981;82;99;96;50.01;50.01;50.01;6266;1000;0.0;0;1.0000;0;0
600;2016-03-13 07:40:00;172602N232;341;0.238;19;221;220;222;221;1.100;49.99;439.5;0.378;430.5;0.374;0.0;0.000;60;0;0;1.137;1.114;1.050;107;118;114;49.99;49.99;49.99;6266;1000;0.0;0;1.0000;0;0
600;2016-03-13 07:50:00;172602N232;456;0.314;20;221;220;222;221;0.979;49.99;444.5;0.507;434.4;0.504;0.0;0.000;60;0;0;0.959;1.018;0.960;142;163;149;49.99;49.99;49.99;6266;1000;0.0;0;1.0000;0;0
600;2016-03-13 08:00:00;172602N232;676;0.427;20;221;220;222;220;1.064;50.00;449.0;0.759;437.5;0.747;0.0;0.000;60;0;0;1.010;1.107;1.077;212;236;226;50.00;50.00;50.00;6266;1000;0.0;0;1.0000;0;0
600;2016-03-13 08:10:00;172602N232;847;0.568;21;221;221;223;219;1.311;49.99;451.1;0.956;440.6;0.927;0.0;0.000;60;0;0;1.267;1.355;1.313;270;295;280;49.99;49.99;49.99;6266;1000;0.0;0;1.0000;0;0
600;2016-03-13 08:20:00;172602N232;735;0.691;21;220;221;222;218;1.167;49.99;446.2;0.837;442.9;0.795;0.0;0.000;60;0;0;1.144;1.201;1.157;235;256;242;49.99;49.99;49.99;6266;1000;0.0;0;1.0000;0;0
600;2016-03-13 08:30:00;172602N232;639;0.798;22;223;223;225;223;1.070;50.02;443.3;0.731;444.3;0.686;0.0;0.000;60;0;0;1.048;1.090;1.074;203;221;214;50.02;50.02;50.02;6266;1000;0.0;0;1.0000;0;0
600;2016-03-13 08:40:00;172602N232;650;0.906;22;223;224;224;221;1.058;50.00;443.5;0.743;440.8;0.704;0.0;0.000;60;0;0;1.050;1.070;1.054;208;223;216;50.00;50.00;50.00;6266;1000;0.0;0;1.0000;0;0
600;2016-03-13 08:50:00;172602N232;717;1.026;23;223;224;223;221;1.113;50.01;444.0;0.823;439.1;0.782;0.0;0.000;60;0;0;1.072;1.148;1.120;229;247;239;50.01;50.01;50.01;6266;1000;0.0;0;1.0000;0;0
600;2016-03-13 09:00:00;172602N232;1183;1.224;23;224;223;226;222;1.793;50.01;445.3;1.386;450.7;1.244;0.0;0.000;60;0;0;1.734;1.851;1.794;379;411;391;50.01;50.01;50.01;6266;1000;0.0;0;1.0000;0;0
600;2016-03-13 09:10:00;172602N232;1536;1.480;24;223;222;225;222;2.317;50.00;440.8;1.817;446.0;1.650;0.0;0.000;60;0;0;2.259;2.375;2.317;495;529;509;50.00;50.00;50.00;6266;1000;0.0;0;1.0000;0;0
600;2016-03-13 09:20:00;172602N232;1323;1.699;24;222;222;223;222;2.021;50.03;437.2;1.555;428.9;1.498;0.0;0.000;60;0;0;1.974;2.059;2.032;427;452;442;50.03;50.03;50.03;6266;1000;0.0;0;1.0000;0;0
600;2016-03-13 09:30:00;172602N232;1133;1.889;24;222;222;223;222;1.746;50.02;433.6;1.347;432.1;1.263;0.0;0.000;60;0;0;1.702;1.779;1.759;364;388;379;50.02;50.02;50.02;6266;1000;0.0;0;1.0000;0;0
600;2016-03-13 09:40:00;172602N232;1785;2.187;25;223;222;224;222;2.692;50.02;434.0;2.184;454.9;1.853;0.0;0.000;60;0;0;2.630;2.751;2.696;579;611;594;50.02;50.02;50.02;6266;1000;0.0;0;1.0000;0;0
600;2016-03-13 09:50:00;172602N232;1560;2.447;25;223;223;224;223;2.353;50.01;431.6;1.865;428.4;1.772;0.0;0.000;60;0;0;2.303;2.397;2.361;507;531;520;50.01;50.01;50.01;6266;1000;0.0;0;1.0000;0;0
600;2016-03-13 10:00:00;172602N232;1511;2.698;25;223;222;224;223;2.280;50.02;431.0;1.802;422.5;1.747;0.0;0.000;60;0;0;2.222;2.326;2.292;486;518;505;50.02;50.02;50.02;6266;1000;0.0;0;1.0000;0;0
600;2016-03-13 10:10:00;172602N232;1692;2.981;26;223;222;224;222;2.558;50.01;430.1;2.029;423.8;1.951;0.0;0.000;60;0;0;2.492;2.614;2.568;546;581;563;50.01;50.01;50.01;6266;1000;0.0;0;1.0000;0;0
600;2016-03-13 10:20:00;172602N232;1665;3.258;26;223;223;224;223;2.504;50.01;426.5;2.015;421.6;1.929;0.0;0.000;60;0;0;2.448;2.544;2.522;541;565;557;50.01;50.01;50.01;6266;1000;0.0;0;1.0000;0;0
600;2016-03-13 10:30:00;172602N232;2057;3.602;26;223;222;223;223;3.104;50.00;426.9;2.489;421.6;2.392;0.0;0.000;60;0;0;3.047;3.136;3.131;670;694;692;50.00;50.00;50.00;6266;1000;0.0;0;1.0000;0;0
600;2016-03-13 10:40:00;172602N232;1779;3.898;27;223;223;223;223;2.686;50.00;428.1;2.136;417.5;2.094;0.0;0.000;60;0;0;2.645;2.715;2.698;583;600;595;50.00;50.00;50.00;6266;1000;0.0;0;1.0000;0;0
600;2016-03-13 10:50:00;172602N232;1678;4.179;27;223;224;222;223;2.529;50.00;430.1;1.998;415.9;1.988;0.0;0.000;60;0;0;2.502;2.542;2.544;555;559;562;50.00;50.00;50.00;6266;1000;0.0;0;1.0000;0;0
600;2016-03-13 11:00:00;172602N232;1978;4.508;27;223;224;223;223;2.975;50.00;426.6;2.379;415.3;2.349;0.0;0.000;60;0;0;2.947;3.005;2.975;654;665;657;50.00;50.00;50.00;6266;1000;0.0;0;1.0000;0;0
600;2016-03-13 11:10:00;172602N232;2066;4.852;27;224;224;226;223;3.096;50.00;421.7;2.517;413.2;2.465;0.0;0.000;60;0;0;3.042;3.156;3.091;674;707;683;50.00;50.00;50.00;6266;1000;0.0;0;1.0000;0;0
600;2016-03-13 11:20:00;172602N232;2350;5.243;28;225;223;227;224;3.500;50.00;420.8;2.867;410.6;2.832;0.0;0.000;60;0;0;3.434;3.571;3.496;763;806;778;50.00;50.00;50.00;6266;1000;0.0;0;1.0000;0;0
600;2016-03-13 11:30:00;172602N232;2367;5.640;28;224;224;224;224;3.545;49.99;418.4;2.908;408.3;2.869;0.0;0.000;60;0;0;3.506;3.586;3.544;779;800;787;49.99;49.99;49.99;6266;1000;0.0;0;1.0000;0;0
600;2016-03-13 11:40:00;172602N232;2287;6.021;28;224;225;224;224;3.423;50.00;415.7;2.826;406.2;2.786;0.0;0.000;60;0;0;3.401;3.446;3.422;757;768;760;50.00;50.00;50.00;6266;1000;0.0;0;1.0000;0;0
600;2016-03-13 11:50:00;172602N232;1984;6.351;28;224;225;224;223;2.971;50.01;419.4;2.423;407.1;2.413;0.0;0.000;60;0;0;2.936;2.996;2.981;654;666;662;50.01;50.01;50.01;6266;1000;0.0;0;1.0000;0;0
600;2016-03-13 12:00:00;172602N232;2301;6.736;29;224;224;225;224;3.434;50.00;419.0;2.815;410.3;2.776;0.0;0.000;60;0;0;3.378;3.489;3.435;753;782;765;50.00;50.00;50.00;6266;1000;0.0;0;1.0000;0;0
600;2016-03-13 12:10:00;172602N232;2270;7.112;29;224;225;224;223;3.401;50.01;419.6;2.772;409.4;2.748;0.0;0.000;60;0;0;3.372;3.424;3.407;753;761;754;50.01;50.01;50.01;6266;1000;0.0;0;1.0000;0;0
600;2016-03-13 12:20:00;172602N232;2235;7.486;29;224;225;225;222;3.343;50.03;420.8;2.723;410.9;2.691;0.0;0.000;60;0;0;3.308;3.398;3.323;739;760;733;50.03;50.03;50.03;6266;1000;0.0;0;1.0000;0;0
600;2016-03-13 12:30:00;172602N232;2345;7.878;29;225;226;226;222;3.501;50.00;424.8;2.824;410.6;2.833;0.0;0.000;60;0;0;3.474;3.574;3.457;778;804;761;50.00;50.00;50.00;6266;1000;0.0;0;1.0000;0;0
600;2016-03-13 12:40:00;172602N232;1935;8.200;30;225;225;227;222;2.890;50.01;423.9;2.329;408.6;2.349;0.0;0.000;60;0;0;2.844;2.962;2.864;635;668;631;50.01;50.01;50.01;6266;1000;0.0;0;1.0000;0;0
600;2016-03-13 12:50:00;172602N232;1860;8.510;30;224;224;226;223;2.785;50.02;420.9;2.258;408.4;2.253;0.0;0.000;60;0;0;2.728;2.855;2.773;605;641;612;50.02;50.02;50.02;6266;1000;0.0;0;1.0000;0;0
600;2016-03-13 13:00:00;172602N232;2294;8.892;30;225;224;228;224;3.412;50.02;421.5;2.792;409.8;2.773;0.0;0.000;60;0;0;3.345;3.495;3.398;745;791;756;50.02;50.02;50.02;6266;1000;0.0;0;1.0000;0;0
600;2016-03-13 13:10:00;172602N232;2672;9.337;30;225;225;226;225;3.964;50.02;415.4;3.295;403.4;3.294;0.0;0.000;60;0;0;3.919;4.027;3.946;879;908;883;50.02;50.02;50.02;6266;1000;0.0;0;1.0000;0;0
600;2016-03-13 13:20:00;172602N232;1745;9.628;30;225;224;226;224;2.602;50.01;421.5;2.108;406.7;2.123;0.0;0.000;60;0;0;2.543;2.663;2.600;566;599;577;50.01;50.01;50.01;6266;1000;0.0;0;1.0000;0;0
600;2016-03-13 13:30:00;172602N232;2050;9.971;30;225;223;228;223;3.051;49.99;426.8;2.447;410.2;2.481;0.0;0.000;60;0;0;2.974;3.143;3.038;660;713;675;49.99;49.99;49.99;6266;1000;0.0;0;1.0000;0;0
600;2016-03-13 13:40:00;172602N232;1851;10.279;30;224;222;227;223;2.766;50.00;429.6;2.184;410.0;2.249;0.0;0.000;60;0;0;2.687;2.838;2.773;594;640;615;50.00;50.00;50.00;6266;1000;0.0;0;1.0000;0;0
600;2016-03-13 13:50:00;172602N232;1605;10.547;30;224;223;226;224;2.398;50.02;432.0;1.874;410.1;1.952;0.0;0.000;60;0;0;2.334;2.453;2.407;517;551;535;50.02;50.02;50.02;6266;1000;0.0;0;1.0000;0;0
600;2016-03-13 14:00:00;172602N232;1646;10.822;30;224;223;227;222;2.465;50.01;433.5;1.916;411.6;1.993;0.0;0.000;60;0;0;2.403;2.537;2.455;531;572;540;50.01;50.01;50.01;6266;1000;0.0;0;1.0000;0;0
600;2016-03-13 14:10:00;172602N232;1537;11.078;30;224;224;228;220;2.308;50.00;434.7;1.776;411.9;1.865;0.0;0.000;60;0;0;2.250;2.393;2.282;497;540;497;50.00;50.00;50.00;6266;1000;0.0;0;1.0000;0;0
600;2016-03-13 14:20:00;172602N232;1605;11.346;30;224;223;228;221;2.413;50.01;435.1;1.855;412.2;1.947;0.0;0.000;60;0;0;2.344;2.495;2.401;516;563;524;50.01;50.01;50.01;6266;1000;0.0;0;1.0000;0;0
600;2016-03-13 14:30:00;172602N232;1280;11.559;30;224;223;227;220;1.949;49.99;431.6;1.493;410.9;1.546;0.0;0.000;60;0;0;1.885;2.035;1.929;409;452;417;49.99;49.99;49.99;6266;1000;0.0;0;1.0000;0;0
600;2016-03-13 14:40:00;172602N232;952;11.719;30;224;223;227;221;1.452;50.00;417.8;1.138;411.5;1.148;0.0;0.000;60;0;0;1.399;1.509;1.450;303;335;313;50.00;50.00;50.00;6266;1000;0.0;0;1.0000;0;0
600;2016-03-13 14:50:00;172602N232;1982;12.049;30;225;223;229;222;2.956;50.01;429.2;2.270;427.2;2.387;0.0;0.000;60;0;0;2.874;3.062;2.934;636;695;648;50.01;50.01;50.01;6266;1000;0.0;0;1.0000;0;0
600;2016-03-13 15:00:00;172602N232;1254;12.257;30;224;224;227;221;1.900;50.01;425.3;1.468;409.8;1.531;0.0;0.000;60;0;0;1.845;1.977;1.878;403;441;407;50.01;50.01;50.01;6266;1000;0.0;0;1.0000;0;0
600;2016-03-13 15:10:00;172602N232;908;12.409;30;224;224;225;222;1.385;50.00;416.1;1.085;409.8;1.102;0.0;0.000;60;0;0;1.341;1.428;1.387;291;315;299;50.00;50.00;50.00;6266;1000;0.0;0;1.0000;0;0
600;2016-03-13 15:20:00;172602N232;917;12.563;30;223;222;226;222;1.403;50.00;417.3;1.093;411.1;1.112;0.0;0.000;60;0;0;1.349;1.453;1.408;291;321;304;50.00;50.00;50.00;6266;1000;0.0;0;1.0000;0;0
600;2016-03-13 15:30:00;172602N232;845;12.703;30;223;223;225;223;1.296;50.01;415.9;1.007;411.4;1.024;0.0;0.000;60;0;0;1.241;1.336;1.313;267;293;284;50.01;50.01;50.01;6266;1000;0.0;0;1.0000;0;0
600;2016-03-13 15:40:00;172602N232;815;12.839;30;223;221;224;222;1.257;50.01;417.2;0.965;411.9;0.986;0.0;0.000;60;0;0;1.197;1.298;1.277;255;283;275;50.01;50.01;50.01;6266;1000;0.0;0;1.0000;0;0
600;2016-03-13 15:50:00;172602N232;939;12.995;30;223;221;225;222;1.450;50.01;420.6;1.103;415.2;1.130;0.0;0.000;60;0;0;1.383;1.508;1.461;294;329;314;50.01;50.01;50.01;6266;1000;0.0;0;1.0000;0;0
600;2016-03-13 16:00:00;172602N232;804;13.130;30;223;220;226;223;1.253;50.00;431.7;0.911;419.5;0.948;0.0;0.000;60;0;0;1.172;1.318;1.271;246;285;272;50.00;50.00;50.00;6266;1000;0.0;0;1.0000;0;0
600;2016-03-13 16:10:00;172602N232;372;13.191;29;222;220;223;224;0.904;49.99;402.3;0.446;408.2;0.443;0.0;0.000;60;0;0;0.872;0.943;0.898;119;129;122;49.99;49.99;49.99;6266;1000;0.0;0;1.0000;0;0
600;2016-03-13 16:20:00;172602N232;313;13.244;29;222;221;223;222;1.123;49.99;401.9;0.373;408.0;0.370;0.0;0.000;60;0;0;1.143;1.235;0.991;101;110;101;49.99;49.99;49.99;6266;1000;0.0;0;1.0000;0;0
600;2016-03-13 16:30:00;172602N232;266;13.289;29;222;220;224;222;1.092;50.04;405.4;0.310;406.9;0.312;0.0;0.000;60;0;0;1.012;1.289;0.976;87;86;92;50.04;50.04;50.04;6266;1000;0.0;0;1.0000;0;0
600;2016-03-13 16:40:00;172602N232;203;13.324;28;220;220;218;223;0.951;50.02;394.2;0.237;403.4;0.235;0.0;0.000;60;0;0;0.794;1.037;1.022;58;115;28;50.02;50.02;50.02;6266;1000;0.0;0;1.0000;0;0
600;2016-03-13 16:50:00;172602N232;156;13.349;28;220;220;218;222;0.959;49.99;398.5;0.177;400.3;0.179;0.0;0.000;60;0;0;0.978;0.836;1.065;47;95;19;49.99;49.99;49.99;6266;1000;0.0;0;1.0000;0;0
600;2016-03-13 17:00:00;172602N232;107;13.368;28;220;219;220;221;0.857;49.99;386.7;0.118;392.7;0.120;0.0;0.000;60;0;0;0.916;0.800;0.856;36;48;22;49.99;49.99;49.99;6266;1000;0.0;0;1.0000;0;0
600;2016-03-13 17:10:00;172602N232;87;13.382;27;219;218;221;219;0.880;49.99;378.5;0.094;390.3;0.095;0.0;0.000;60;0;0;0.887;0.996;0.759;30;24;35;49.99;49.99;49.99;6266;1000;0.0;0;1.0000;0;0
600;2016-03-13 17:20:00;172602N232;62;13.393;27;219;217;219;221;0.744;49.99;365.5;0.063;381.1;0.065;0.0;0.000;60;0;0;0.574;0.787;0.871;34;20;14;49.99;49.99;49.99;6266;1000;0.0;0;1.0000;0;0
600;2016-03-13 17:30:00;172602N232;26;13.397;27;219;219;220;219;0.436;50.05;311.4;0.019;327.5;0.023;0.0;0.000;60;0;0;0.492;0.459;0.357;7;11;17;50.05;50.05;50.05;6266;1000;0.0;0;1.0000;0;0
600;2016-03-13 17:40:00;172602N232;1;13.397;26;220;221;219;220;0.069;50.00;264.1;0.000;264.2;0.000;0.0;0.000;50;0;0;0.086;0.065;0.057;0;3;1;50.00;50.00;50.00;6266;1000;0.0;0;1.0000;0;0
600;2016-03-13 17:50:00;172602N232;0;13.397;25;219;217;222;218;0.000;49.98;240.4;0.000;241.2;0.000;0.0;0.000;50;0;0;0.000;0.000;0.000;0;0;0;49.98;49.98;49.98;6266;1000;0.0;0;1.0000;0;0
600;2016-03-13 18:00:00;172602N232;0;13.397;24;219;217;221;219;0.000;49.98;228.0;0.000;229.0;0.000;0.0;0.000;50;0;0;0.000;0.000;0.000;0;0;0;49.98;49.98;49.98;6266;1000;0.0;0;1.0000;0;0
[wr_ende]
