20121208;230002;172602N232;My Plant;+0100
[wr_def_start]
172602N232;Inverter Type;Inverter Group;72602N232      
[wr_def_end]
[wr]
INTERVAL;TIMESTAMP;SERIAL;P_AC;E_DAY;T_WR;U_AC;U_AC_1;U_AC_2;U_AC_3;I_AC;F_AC;U_DC_1;I_DC_1;U_DC_2;I_DC_2;U_DC_3;I_DC_3;S;E_WR;M_WR;I_AC_1;I_AC_2;I_AC_3;P_AC_1;P_AC_2;P_AC_3;F_AC_1;F_AC_2;F_AC_3;R_DC;PC;PCS;PCS_LL;COS_PHI;COS_PHI_LL;S_COS_PHI
600;2012-12-08 08:30:00;172602N232;0;0.000;0;4;4;4;4;0.000;0.92;4.1;0.000;4.2;0.000;0.0;0.000;50;0;0;0.000;0.000;0.000;0;0;0;0.92;0.92;0.92;51;1000;0.0;0;1.0000;0;0
600;2012-12-08 08:40:00;172602N232;0;0.000;15;218;218;219;217;0.000;49.97;227.4;0.000;228.4;0.000;0.0;0.000;50;0;0;0.000;0.000;0.000;0;0;0;49.97;49.97;49.97;0;1000;0.0;0;1.0000;0;0
600;2012-12-08 08:50:00;172602N232;0;0.000;16;218;218;220;217;0.000;49.98;230.5;0.000;231.4;0.000;0.0;0.000;50;0;0;0.000;0.000;0.000;0;0;0;49.98;49.98;49.98;0;1000;0.0;0;1.0000;0;0
600;2012-12-08 09:00:00;172602N232;0;0.000;16;217;218;218;216;0.000;49.99;238.8;0.000;239.8;0.000;0.0;0.000;50;0;0;0.000;0.000;0.000;0;0;0;49.99;49.99;49.99;0;1000;0.0;0;1.0000;0;0
600;2012-12-08 09:10:00;172602N232;0;0.000;17;217;218;219;216;0.000;49.96;259.9;0.000;260.5;0.000;0.0;0.000;50;0;0;0.000;0.000;0.000;0;0;0;49.96;49.96;49.96;0;1000;0.0;0;1.0000;0;0
600;2012-12-08 09:20:00;172602N232;0;0.000;17;218;218;220;216;0.001;49.98;310.7;0.000;309.9;0.000;0.0;0.000;51;0;0;0.001;0.001;0.001;0;0;0;49.98;49.98;49.98;2282;1000;0.0;0;1.0000;0;0
600;2012-12-08 09:30:00;172602N232;0;0.000;17;217;217;218;216;0.002;49.98;276.2;0.000;275.2;0.000;0.0;0.000;60;0;0;0.004;0.002;0.001;0;0;0;49.98;49.98;49.98;6046;1000;0.0;0;1.0000;0;0
600;2012-12-08 09:40:00;172602N232;0;0.000;17;217;216;218;216;0.002;49.99;283.1;0.000;283.4;0.000;0.0;0.000;51;0;0;0.003;0.002;0.001;0;0;0;49.99;49.99;49.99;6255;1000;0.0;0;1.0000;0;0
600;2012-12-08 09:50:00;172602N232;0;0.000;18;217;217;218;216;0.081;50.00;255.5;0.000;256.0;0.000;0.0;0.000;60;0;0;0.105;0.075;0.063;0;2;2;50.00;50.00;50.00;6370;1000;0.0;0;1.0000;0;0
600;2012-12-08 10:00:00;172602N232;4;0.001;18;216;216;217;215;0.192;50.01;254.4;0.002;254.1;0.000;0.0;0.000;60;0;0;0.234;0.210;0.134;1;3;5;50.01;50.01;50.01;6370;1000;0.0;0;1.0000;0;0
600;2012-12-08 10:10:00;172602N232;23;0.004;18;216;216;216;217;0.390;49.99;262.5;0.064;275.9;0.004;0.0;0.000;60;0;0;0.347;0.394;0.429;9;21;1;49.99;49.99;49.99;6370;1000;0.0;0;1.0000;0;0
600;2012-12-08 10:20:00;172602N232;49;0.012;19;219;218;219;220;0.603;50.01;344.2;0.107;337.5;0.009;0.0;0.000;60;0;0;0.521;0.600;0.689;21;25;5;50.01;50.01;50.01;6370;1000;0.0;0;1.0000;0;0
600;2012-12-08 10:30:00;172602N232;42;0.018;19;220;220;220;220;0.550;50.01;284.7;0.109;325.6;0.016;0.0;0.000;60;0;0;0.628;0.521;0.502;6;24;16;50.01;50.01;50.01;6370;1000;0.0;0;1.0000;0;0
600;2012-12-08 10:40:00;172602N232;17;0.022;20;221;222;220;220;0.363;49.99;261.6;0.019;323.8;0.017;0.0;0.000;60;0;0;0.492;0.296;0.303;0;17;11;49.99;49.99;49.99;6370;1000;0.0;0;1.0000;0;0
600;2012-12-08 10:50:00;172602N232;17;0.025;20;221;222;219;222;0.344;50.00;268.0;0.013;308.3;0.022;0.0;0.000;60;0;0;0.435;0.243;0.356;0;15;12;50.00;50.00;50.00;6370;1000;0.0;0;1.0000;0;0
600;2012-12-08 11:00:00;172602N232;27;0.032;21;221;222;220;220;0.474;49.99;254.7;0.067;289.3;0.022;0.0;0.000;60;0;0;0.643;0.398;0.381;0;25;17;49.99;49.99;49.99;6370;1000;0.0;0;1.0000;0;0
600;2012-12-08 11:10:00;172602N232;56;0.042;21;220;221;219;221;0.658;50.01;365.9;0.112;324.0;0.021;0.0;0.000;60;0;0;0.800;0.530;0.645;8;40;16;50.01;50.01;50.01;6370;1000;0.0;0;1.0000;0;0
600;2012-12-08 11:20:00;172602N232;62;0.051;21;221;221;220;222;0.753;50.00;438.3;0.096;307.4;0.029;0.0;0.000;60;0;0;0.716;0.698;0.845;17;34;10;50.00;50.00;50.00;6370;1000;0.0;0;1.0000;0;0
600;2012-12-08 11:30:00;172602N232;85;0.065;22;221;222;220;221;0.905;50.01;413.0;0.101;266.1;0.147;0.0;0.000;60;0;0;1.187;0.720;0.808;5;55;25;50.01;50.01;50.01;6370;1000;0.0;0;1.0000;0;0
600;2012-12-08 11:40:00;172602N232;186;0.096;22;221;221;220;221;0.964;49.99;413.5;0.106;279.1;0.493;0.0;0.000;60;0;0;1.067;0.928;0.897;41;88;55;49.99;49.99;49.99;6370;1000;0.0;0;1.0000;0;0
600;2012-12-08 11:50:00;172602N232;270;0.140;22;221;221;222;221;1.087;50.01;389.1;0.123;396.6;0.542;0.0;0.000;60;0;0;1.108;1.193;0.961;81;103;84;50.01;50.01;50.01;6370;1000;0.0;0;1.0000;0;0
600;2012-12-08 12:00:00;172602N232;351;0.199;22;221;221;221;222;1.092;49.99;298.4;0.258;474.4;0.565;0.0;0.000;60;0;0;1.085;1.123;1.069;111;131;106;49.99;49.99;49.99;6370;1000;0.0;0;1.0000;0;0
600;2012-12-08 12:10:00;172602N232;367;0.261;23;222;222;223;221;1.120;50.00;334.6;0.342;465.5;0.531;0.0;0.000;60;0;0;1.145;1.157;1.058;106;135;123;50.00;50.00;50.00;6370;1000;0.0;0;1.0000;0;0
600;2012-12-08 12:20:00;172602N232;308;0.312;23;223;223;224;221;1.135;50.01;320.1;0.271;437.1;0.499;0.0;0.000;60;0;0;1.305;1.111;0.989;89;113;104;50.01;50.01;50.01;6370;1000;0.0;0;1.0000;0;0
600;2012-12-08 12:30:00;172602N232;257;0.356;23;222;223;222;221;1.114;49.99;334.7;0.202;432.4;0.422;0.0;0.000;60;0;0;1.469;1.165;0.710;62;125;68;49.99;49.99;49.99;6370;1000;0.0;0;1.0000;0;0
600;2012-12-08 12:40:00;172602N232;204;0.389;24;223;224;223;222;1.023;50.01;391.2;0.126;430.2;0.336;0.0;0.000;60;0;0;1.259;0.935;0.875;37;85;80;50.01;50.01;50.01;6370;1000;0.0;0;1.0000;0;0
600;2012-12-08 12:50:00;172602N232;169;0.418;24;223;223;224;221;1.094;50.02;380.5;0.109;403.4;0.296;0.0;0.000;60;0;0;1.458;1.029;0.795;10;87;70;50.02;50.02;50.02;6370;1000;0.0;0;1.0000;0;0
600;2012-12-08 13:00:00;172602N232;110;0.437;25;223;223;223;221;0.928;49.99;388.3;0.100;323.1;0.198;0.0;0.000;60;0;0;1.267;0.811;0.707;4;50;56;49.99;49.99;49.99;6370;1000;0.0;0;1.0000;0;0
600;2012-12-08 13:10:00;172602N232;89;0.452;26;223;223;222;222;0.940;50.01;394.8;0.119;277.8;0.134;0.0;0.000;60;0;0;1.319;0.747;0.755;3;55;40;50.01;50.01;50.01;6370;1000;0.0;0;1.0000;0;0
600;2012-12-08 13:20:00;172602N232;86;0.466;26;223;222;224;223;0.906;50.01;363.6;0.125;278.8;0.134;0.0;0.000;60;0;0;0.984;0.981;0.753;17;25;42;50.01;50.01;50.01;6370;1000;0.0;0;1.0000;0;0
600;2012-12-08 13:30:00;172602N232;83;0.480;26;223;223;224;222;0.912;49.98;354.5;0.120;272.0;0.141;0.0;0.000;60;0;0;0.963;1.052;0.722;8;20;55;49.98;49.98;49.98;6370;1000;0.0;0;1.0000;0;0
600;2012-12-08 13:40:00;172602N232;103;0.498;25;223;223;223;223;0.914;49.99;386.1;0.143;279.3;0.157;0.0;0.000;60;0;0;1.053;0.908;0.782;9;41;52;49.99;49.99;49.99;6370;1000;0.0;0;1.0000;0;0
600;2012-12-08 13:50:00;172602N232;160;0.525;25;222;222;224;221;0.946;50.01;339.0;0.333;357.7;0.153;0.0;0.000;60;0;0;0.996;1.123;0.721;35;52;70;50.01;50.01;50.01;6370;1000;0.0;0;1.0000;0;0
600;2012-12-08 14:00:00;172602N232;227;0.562;25;222;221;223;222;1.053;50.00;367.9;0.431;456.2;0.130;0.0;0.000;60;0;0;1.071;1.236;0.853;61;90;74;50.00;50.00;50.00;6370;1000;0.0;0;1.0000;0;0
600;2012-12-08 14:10:00;172602N232;223;0.600;25;222;222;222;222;0.990;49.98;438.9;0.321;463.0;0.144;0.0;0.000;60;0;0;1.071;1.027;0.874;57;88;76;49.98;49.98;49.98;6370;1000;0.0;0;1.0000;0;0
600;2012-12-08 14:20:00;172602N232;211;0.635;25;222;222;222;222;0.957;49.99;442.8;0.287;461.6;0.147;0.0;0.000;60;0;0;1.063;0.899;0.911;45;80;83;49.99;49.99;49.99;6370;1000;0.0;0;1.0000;0;0
600;2012-12-08 14:30:00;172602N232;139;0.658;25;222;222;222;221;0.920;50.00;431.4;0.172;441.9;0.111;0.0;0.000;60;0;0;1.055;0.942;0.764;13;61;66;50.00;50.00;50.00;6370;1000;0.0;0;1.0000;0;0
600;2012-12-08 14:40:00;172602N232;89;0.673;25;222;222;222;221;0.934;50.01;413.7;0.106;284.7;0.138;0.0;0.000;60;0;0;1.314;0.751;0.737;2;50;46;50.01;50.01;50.01;6370;1000;0.0;0;1.0000;0;0
600;2012-12-08 14:50:00;172602N232;56;0.683;25;222;222;221;222;0.704;50.01;397.1;0.058;264.4;0.099;0.0;0.000;60;0;0;0.924;0.581;0.607;2;39;21;50.01;50.01;50.01;6370;1000;0.0;0;1.0000;0;0
600;2012-12-08 15:00:00;172602N232;27;0.689;25;221;222;221;220;0.456;50.00;314.7;0.024;256.3;0.054;0.0;0.000;60;0;0;0.598;0.399;0.372;0;23;20;50.00;50.00;50.00;6370;1000;0.0;0;1.0000;0;0
600;2012-12-08 15:10:00;172602N232;13;0.691;25;222;223;223;221;0.311;50.01;262.8;0.007;252.3;0.029;0.0;0.000;60;0;0;0.403;0.284;0.246;1;10;14;50.01;50.01;50.01;6370;1000;0.0;0;1.0000;0;0
600;2012-12-08 15:20:00;172602N232;6;0.692;24;222;223;222;221;0.216;50.03;252.1;0.000;252.2;0.012;0.0;0.000;60;0;0;0.308;0.186;0.154;0;8;8;50.03;50.03;50.03;6370;1000;0.0;0;1.0000;0;0
600;2012-12-08 15:30:00;172602N232;1;0.692;24;222;223;223;220;0.074;50.01;251.7;0.000;251.6;0.000;0.0;0.000;60;0;0;0.096;0.068;0.060;0;2;3;50.01;50.01;50.01;6370;1000;0.0;0;1.0000;0;0
600;2012-12-08 15:40:00;172602N232;0;0.692;23;221;222;222;219;0.000;50.00;278.0;0.000;279.1;0.000;0.0;0.000;50;0;0;0.002;0.000;0.000;0;0;0;50.00;50.00;50.00;6370;1000;0.0;0;1.0000;0;0
600;2012-12-08 15:50:00;172602N232;0;0.692;22;220;221;222;218;0.000;49.99;232.1;0.000;233.1;0.000;0.0;0.000;50;0;0;0.000;0.000;0.000;0;0;0;49.99;49.99;49.99;6370;1000;0.0;0;1.0000;0;0
600;2012-12-08 16:00:00;172602N232;0;0.692;21;220;222;222;217;0.000;50.04;230.4;0.000;231.3;0.000;0.0;0.000;50;0;0;0.000;0.000;0.000;0;0;0;50.04;50.04;50.04;6370;1000;0.0;0;1.0000;0;0
600;2012-12-08 16:10:00;172602N232;0;0.692;21;220;222;221;216;0.000;50.02;227.0;0.000;227.9;0.000;0.0;0.000;50;0;0;0.000;0.000;0.000;0;0;0;50.02;50.02;50.02;6370;1000;0.0;0;1.0000;0;0
[wr_ende]
