20171001;230001;172602N232;My Plant;+0100
[wr_def_start]
172602N232;Inverter Type;Inverter Group;72602N232      
[wr_def_end]
[wr]
INTERVAL;TIMESTAMP;SERIAL;P_AC;E_DAY;T_WR;U_AC;U_AC_1;U_AC_2;U_AC_3;I_AC;F_AC;U_DC_1;I_DC_1;U_DC_2;I_DC_2;U_DC_3;I_DC_3;S;E_WR;M_WR;I_AC_1;I_AC_2;I_AC_3;P_AC_1;P_AC_2;P_AC_3;F_AC_1;F_AC_2;F_AC_3;R_DC;PC;PCS;PCS_LL;COS_PHI;COS_PHI_LL;S_COS_PHI
600;2017-10-01 06:20:00;172602N232;0;0.000;0;0;0;0;0;0.000;0.18;0.8;0.000;0.8;0.000;0.0;0.000;50;0;0;0.000;0.000;0.000;0;0;0;0.18;0.18;0.18;7;1000;0.0;0;1.0000;0;0
600;2017-10-01 06:30:00;172602N232;0;0.000;23;224;224;226;221;0.000;50.01;228.0;0.000;228.9;0.000;0.0;0.000;50;0;0;0.000;0.000;0.000;0;0;0;50.01;50.01;50.01;0;1000;0.0;0;1.0000;0;0
600;2017-10-01 06:40:00;172602N232;0;0.000;25;224;225;227;222;0.000;50.01;230.7;0.000;231.7;0.000;0.0;0.000;50;0;0;0.000;0.000;0.000;0;0;0;50.01;50.01;50.01;0;1000;0.0;0;1.0000;0;0
600;2017-10-01 06:50:00;172602N232;0;0.000;25;224;225;227;221;0.000;50.02;257.9;0.000;258.2;0.000;0.0;0.000;50;0;0;0.000;0.000;0.000;0;0;0;50.02;50.02;50.02;0;1000;0.0;0;1.0000;0;0
600;2017-10-01 07:00:00;172602N232;0;0.000;26;224;223;225;223;0.089;50.01;262.6;0.000;262.1;0.000;0.0;0.000;60;0;0;0.078;0.115;0.074;0;0;3;50.01;50.01;50.01;7341;1000;0.0;0;1.0000;0;0
600;2017-10-01 07:10:00;172602N232;4;0.002;26;223;223;224;222;0.221;50.02;253.7;0.000;252.6;0.000;0.0;0.000;60;0;0;0.254;0.247;0.164;1;2;8;50.02;50.02;50.02;7595;1000;0.0;0;1.0000;0;0
600;2017-10-01 07:20:00;172602N232;33;0.006;27;222;222;223;221;0.519;50.01;332.3;0.031;332.3;0.028;0.0;0.000;60;0;0;0.516;0.665;0.377;10;4;23;50.01;50.01;50.01;7595;1000;0.0;0;1.0000;0;0
600;2017-10-01 07:30:00;172602N232;68;0.018;27;221;221;222;221;0.854;50.01;370.2;0.079;382.6;0.066;0.0;0.000;60;0;0;0.883;0.956;0.724;8;18;43;50.01;50.01;50.01;7595;1000;0.0;0;1.0000;0;0
600;2017-10-01 07:40:00;172602N232;135;0.041;28;222;220;223;222;0.962;50.00;389.6;0.168;406.0;0.134;0.0;0.000;60;0;0;0.732;1.380;0.775;46;16;70;50.00;50.00;50.00;7595;1000;0.0;0;1.0000;0;0
600;2017-10-01 07:50:00;172602N232;218;0.077;28;222;221;224;220;1.033;50.00;401.8;0.275;414.6;0.222;0.0;0.000;60;0;0;1.002;1.309;0.788;62;66;88;50.00;50.00;50.00;7595;1000;0.0;0;1.0000;0;0
600;2017-10-01 08:00:00;172602N232;406;0.145;28;222;222;223;221;1.164;49.99;417.9;0.495;427.5;0.434;0.0;0.000;60;0;0;1.150;1.238;1.105;117;144;144;49.99;49.99;49.99;7595;1000;0.0;0;1.0000;0;0
600;2017-10-01 08:10:00;172602N232;469;0.223;29;222;222;224;219;0.985;50.02;418.1;0.592;432.3;0.485;0.0;0.000;60;0;0;0.948;1.055;0.954;141;165;161;50.02;50.02;50.02;7595;1000;0.0;0;1.0000;0;0
600;2017-10-01 08:20:00;172602N232;673;0.334;29;221;222;222;220;1.073;50.00;420.9;0.885;441.0;0.660;0.0;0.000;60;0;0;1.036;1.101;1.082;213;232;226;50.00;50.00;50.00;7595;1000;0.0;0;1.0000;0;0
600;2017-10-01 08:30:00;172602N232;747;0.460;30;221;222;222;219;1.164;50.01;419.0;1.022;441.8;0.701;0.0;0.000;60;0;0;1.123;1.206;1.164;240;259;246;50.01;50.01;50.01;7595;1000;0.0;0;1.0000;0;0
600;2017-10-01 08:40:00;172602N232;690;0.575;30;221;222;223;218;1.090;50.01;421.1;0.922;429.5;0.682;0.0;0.000;60;0;0;1.044;1.144;1.084;219;242;226;50.01;50.01;50.01;7595;1000;0.0;0;1.0000;0;0
600;2017-10-01 08:50:00;172602N232;728;0.696;31;221;220;224;219;1.163;50.00;422.2;1.005;433.0;0.679;0.0;0.000;60;0;0;1.113;1.216;1.161;230;255;240;50.00;50.00;50.00;7595;1000;0.0;0;1.0000;0;0
600;2017-10-01 09:00:00;172602N232;769;0.824;32;221;220;224;219;1.194;50.00;424.2;1.125;415.7;0.686;0.0;0.000;60;0;0;1.144;1.238;1.201;243;269;255;50.00;50.00;50.00;7595;1000;0.0;0;1.0000;0;0
600;2017-10-01 09:10:00;172602N232;563;0.918;32;221;219;224;219;0.888;50.00;410.7;0.834;372.9;0.570;0.0;0.000;60;0;0;0.832;0.934;0.900;173;199;188;50.00;50.00;50.00;7595;1000;0.0;0;1.0000;0;0
600;2017-10-01 09:20:00;172602N232;435;0.991;33;221;220;224;218;1.099;50.00;410.4;0.746;367.7;0.322;0.0;0.000;60;0;0;1.074;1.223;1.001;139;147;148;50.00;50.00;50.00;7595;1000;0.0;0;1.0000;0;0
600;2017-10-01 09:30:00;172602N232;962;1.152;33;222;221;225;220;1.498;50.00;419.4;1.820;374.9;0.517;0.0;0.000;60;0;0;1.434;1.566;1.494;304;339;317;50.00;50.00;50.00;7595;1000;0.0;0;1.0000;0;0
600;2017-10-01 09:40:00;172602N232;1048;1.326;33;222;222;225;220;1.622;50.01;417.2;2.091;382.4;0.457;0.0;0.000;60;0;0;1.566;1.686;1.614;334;368;344;50.01;50.01;50.01;7595;1000;0.0;0;1.0000;0;0
600;2017-10-01 09:50:00;172602N232;1096;1.510;34;222;221;226;218;1.693;50.01;414.0;2.296;435.7;0.323;0.0;0.000;60;0;0;1.636;1.773;1.672;351;388;355;50.01;50.01;50.01;7595;1000;0.0;0;1.0000;0;0
600;2017-10-01 10:00:00;172602N232;1294;1.725;34;223;223;226;219;1.963;50.01;411.9;2.771;441.1;0.336;0.0;0.000;60;0;0;1.912;2.036;1.941;419;453;420;50.01;50.01;50.01;7595;1000;0.0;0;1.0000;0;0
600;2017-10-01 10:10:00;172602N232;1498;1.974;34;223;222;226;221;2.253;50.01;406.6;3.257;455.9;0.383;0.0;0.000;60;0;0;2.193;2.322;2.245;484;521;492;50.01;50.01;50.01;7595;1000;0.0;0;1.0000;0;0
600;2017-10-01 10:20:00;172602N232;943;2.132;35;223;222;225;221;1.599;50.01;395.8;1.933;378.6;0.462;0.0;0.000;60;0;0;1.570;1.663;1.566;300;328;312;50.01;50.01;50.01;7595;1000;0.0;0;1.0000;0;0
600;2017-10-01 10:30:00;172602N232;453;2.208;35;222;222;223;221;1.064;50.00;397.4;0.686;333.5;0.542;0.0;0.000;60;0;0;1.042;1.124;1.027;138;159;153;50.00;50.00;50.00;7595;1000;0.0;0;1.0000;0;0
600;2017-10-01 10:40:00;172602N232;2097;2.558;35;224;224;227;222;3.170;50.01;413.9;3.190;277.9;3.091;0.0;0.000;60;0;0;3.117;3.254;3.140;684;728;683;50.01;50.01;50.01;7595;1000;0.0;0;1.0000;0;0
600;2017-10-01 10:50:00;172602N232;2922;3.043;38;225;224;229;221;4.353;50.01;401.1;4.506;261.4;4.468;0.0;0.000;60;0;0;4.305;4.473;4.282;961;1019;940;50.01;50.01;50.01;7595;1000;0.0;0;1.0000;0;0
600;2017-10-01 11:00:00;172602N232;2785;3.507;39;225;224;228;222;4.151;50.01;393.2;4.275;273.0;4.224;0.0;0.000;60;0;0;4.103;4.251;4.101;914;965;903;50.01;50.01;50.01;7595;1000;0.0;0;1.0000;0;0
600;2017-10-01 11:10:00;172602N232;3054;4.016;38;225;223;229;222;4.545;50.00;392.3;4.595;286.3;4.554;0.0;0.000;60;0;0;4.460;4.670;4.506;990;1065;996;50.00;50.00;50.00;7595;1000;0.0;0;1.0000;0;0
600;2017-10-01 11:20:00;172602N232;2327;4.405;38;224;222;228;221;3.490;50.01;391.1;3.429;305.1;3.366;0.0;0.000;60;0;0;3.398;3.607;3.466;748;817;763;50.01;50.01;50.01;7595;1000;0.0;0;1.0000;0;0
600;2017-10-01 11:30:00;172602N232;1378;4.636;38;223;222;226;220;2.090;50.02;395.4;1.960;337.1;1.839;0.0;0.000;60;0;0;2.028;2.162;2.082;443;482;452;50.02;50.02;50.02;7595;1000;0.0;0;1.0000;0;0
600;2017-10-01 11:40:00;172602N232;2498;5.052;38;224;224;227;221;3.728;50.02;403.6;3.416;346.7;3.340;0.0;0.000;60;0;0;3.683;3.827;3.674;822;868;807;50.02;50.02;50.02;7595;1000;0.0;0;1.0000;0;0
600;2017-10-01 11:50:00;172602N232;2713;5.505;38;224;225;227;221;4.056;50.01;399.2;3.689;370.0;3.538;0.0;0.000;60;0;0;4.019;4.146;4.003;894;938;880;50.01;50.01;50.01;7595;1000;0.0;0;1.0000;0;0
600;2017-10-01 12:00:00;172602N232;1603;5.772;39;223;224;225;220;2.418;50.01;390.7;2.164;371.8;2.076;0.0;0.000;60;0;0;2.379;2.479;2.397;525;553;522;50.01;50.01;50.01;7595;1000;0.0;0;1.0000;0;0
600;2017-10-01 12:10:00;172602N232;1904;6.090;39;223;225;226;220;2.857;50.00;399.7;2.476;392.6;2.344;0.0;0.000;60;0;0;2.825;2.935;2.811;629;661;612;50.00;50.00;50.00;7595;1000;0.0;0;1.0000;0;0
600;2017-10-01 12:20:00;172602N232;1244;6.296;39;224;225;226;221;2.026;50.00;397.5;1.643;377.6;1.460;0.0;0.000;60;0;0;2.020;2.087;1.971;404;437;402;50.00;50.00;50.00;7595;1000;0.0;0;1.0000;0;0
600;2017-10-01 12:30:00;172602N232;2973;6.792;39;227;226;230;224;4.389;50.01;403.5;3.828;410.8;3.574;0.0;0.000;60;0;0;4.336;4.488;4.344;974;1027;968;50.01;50.01;50.01;7595;1000;0.0;0;1.0000;0;0
600;2017-10-01 12:40:00;172602N232;2494;7.208;39;226;225;228;224;3.699;50.01;396.6;3.231;396.2;3.125;0.0;0.000;60;0;0;3.637;3.782;3.680;813;861;818;50.01;50.01;50.01;7595;1000;0.0;0;1.0000;0;0
600;2017-10-01 12:50:00;172602N232;3543;7.798;40;227;224;231;225;5.213;50.02;394.3;4.599;401.8;4.436;0.0;0.000;60;0;0;5.110;5.335;5.194;1143;1231;1165;50.02;50.02;50.02;7595;1000;0.0;0;1.0000;0;0
600;2017-10-01 13:00:00;172602N232;2278;8.180;40;225;223;229;224;3.383;50.02;391.6;2.997;398.7;2.832;0.0;0.000;60;0;0;3.291;3.470;3.389;729;795;754;50.02;50.02;50.02;7595;1000;0.0;0;1.0000;0;0
600;2017-10-01 13:10:00;172602N232;2291;8.561;40;224;222;227;224;3.417;50.01;402.9;2.891;410.8;2.780;0.0;0.000;60;0;0;3.341;3.495;3.415;739;793;758;50.01;50.01;50.01;7595;1000;0.0;0;1.0000;0;0
600;2017-10-01 13:20:00;172602N232;2529;8.982;40;223;221;227;220;3.824;50.00;402.5;3.189;407.0;3.113;0.0;0.000;60;0;0;3.731;3.964;3.777;817;891;820;50.00;50.00;50.00;7595;1000;0.0;0;1.0000;0;0
600;2017-10-01 13:30:00;172602N232;3142;9.508;41;221;225;229;209;4.735;50.01;401.0;3.948;404.3;3.967;0.0;0.000;60;0;0;4.709;5.021;4.477;1056;1152;933;50.01;50.01;50.01;7595;1000;0.0;0;1.0000;0;0
600;2017-10-01 13:40:00;172602N232;3315;10.060;41;222;226;231;210;4.969;50.00;397.2;4.341;400.2;4.094;0.0;0.000;60;0;0;4.961;5.255;4.693;1119;1211;983;50.00;50.00;50.00;7595;1000;0.0;0;1.0000;0;0
600;2017-10-01 13:50:00;172602N232;3090;10.574;41;222;227;230;209;4.640;50.01;391.0;4.154;381.2;3.963;0.0;0.000;60;0;0;4.665;4.882;4.375;1056;1120;912;50.01;50.01;50.01;7595;1000;0.0;0;1.0000;0;0
600;2017-10-01 14:00:00;172602N232;3188;11.107;42;222;227;229;210;4.793;50.01;392.3;4.367;362.9;4.205;0.0;0.000;60;0;0;4.813;5.044;4.522;1087;1153;946;50.01;50.01;50.01;7595;1000;0.0;0;1.0000;0;0
600;2017-10-01 14:10:00;172602N232;2746;11.564;42;222;225;230;212;4.130;50.01;392.2;3.981;352.9;3.518;0.0;0.000;60;0;0;4.103;4.348;3.939;918;997;830;50.01;50.01;50.01;7595;1000;0.0;0;1.0000;0;0
600;2017-10-01 14:20:00;172602N232;1880;11.877;42;222;225;229;212;2.842;50.01;393.5;2.862;384.3;2.158;0.0;0.000;60;0;0;2.809;3.008;2.709;625;684;569;50.01;50.01;50.01;7595;1000;0.0;0;1.0000;0;0
600;2017-10-01 14:30:00;172602N232;2579;12.308;42;222;226;230;210;3.877;50.00;398.3;3.788;320.7;3.538;0.0;0.000;60;0;0;3.873;4.116;3.644;872;944;760;50.00;50.00;50.00;7595;1000;0.0;0;1.0000;0;0
600;2017-10-01 14:40:00;172602N232;2287;12.690;42;222;227;229;209;3.452;50.01;390.6;3.586;293.8;3.278;0.0;0.000;60;0;0;3.457;3.652;3.247;778;832;675;50.01;50.01;50.01;7595;1000;0.0;0;1.0000;0;0
600;2017-10-01 14:50:00;172602N232;1982;13.020;42;221;226;228;210;2.995;50.00;354.5;3.357;294.1;2.998;0.0;0.000;60;0;0;2.985;3.166;2.834;670;719;592;50.00;50.00;50.00;7595;1000;0.0;0;1.0000;0;0
600;2017-10-01 15:00:00;172602N232;1030;13.191;42;221;224;227;211;1.597;49.99;356.7;1.938;429.7;0.914;0.0;0.000;60;0;0;1.564;1.701;1.527;339;376;314;49.99;49.99;49.99;7595;1000;0.0;0;1.0000;0;0
600;2017-10-01 15:10:00;172602N232;1257;13.400;42;222;223;227;217;1.912;50.00;375.6;1.596;373.2;2.070;0.0;0.000;60;0;0;1.861;2.005;1.871;407;449;399;50.00;50.00;50.00;7595;1000;0.0;0;1.0000;0;0
600;2017-10-01 15:20:00;172602N232;946;13.559;42;223;222;226;219;1.452;50.00;438.5;0.666;361.6;1.822;0.0;0.000;60;0;0;1.394;1.520;1.444;300;334;309;50.00;50.00;50.00;7595;1000;0.0;0;1.0000;0;0
600;2017-10-01 15:30:00;172602N232;959;13.719;41;222;222;224;220;1.472;50.00;428.3;0.643;396.3;1.703;0.0;0.000;60;0;0;1.424;1.522;1.470;308;333;316;50.00;50.00;50.00;7595;1000;0.0;0;1.0000;0;0
600;2017-10-01 15:40:00;172602N232;1186;13.916;41;222;223;225;218;1.905;49.99;440.3;0.486;409.1;2.365;0.0;0.000;60;0;0;1.907;1.963;1.847;384;416;384;49.99;49.99;49.99;7595;1000;0.0;0;1.0000;0;0
600;2017-10-01 15:50:00;172602N232;1079;14.096;41;225;225;226;223;1.690;50.00;435.9;0.559;399.7;2.093;0.0;0.000;60;0;0;1.660;1.724;1.686;348;372;358;50.00;50.00;50.00;7595;1000;0.0;0;1.0000;0;0
600;2017-10-01 16:00:00;172602N232;961;14.256;41;225;226;226;224;1.550;50.00;419.9;0.695;392.7;1.707;0.0;0.000;60;0;0;1.529;1.566;1.555;310;328;321;50.00;50.00;50.00;7595;1000;0.0;0;1.0000;0;0
600;2017-10-01 16:10:00;172602N232;557;14.350;41;225;226;226;224;1.149;50.02;410.3;0.508;386.2;0.915;0.0;0.000;60;0;0;1.154;1.190;1.104;172;195;188;50.02;50.02;50.02;7595;1000;0.0;0;1.0000;0;0
600;2017-10-01 16:20:00;172602N232;337;14.406;40;224;225;225;224;1.140;50.02;413.2;0.373;417.3;0.401;0.0;0.000;60;0;0;1.205;1.197;1.019;95;127;113;50.02;50.02;50.02;7595;1000;0.0;0;1.0000;0;0
600;2017-10-01 16:30:00;172602N232;246;14.447;40;223;225;223;223;1.043;50.00;392.8;0.293;396.9;0.292;0.0;0.000;60;0;0;1.214;0.976;0.940;51;98;96;50.00;50.00;50.00;7595;1000;0.0;0;1.0000;0;0
600;2017-10-01 16:40:00;172602N232;185;14.479;40;223;224;223;221;1.007;49.99;382.0;0.221;391.7;0.221;0.0;0.000;60;0;0;1.245;0.954;0.824;26;83;77;49.99;49.99;49.99;7595;1000;0.0;0;1.0000;0;0
600;2017-10-01 16:50:00;172602N232;252;14.521;39;222;223;222;222;1.090;49.99;387.9;0.301;400.3;0.301;0.0;0.000;60;0;0;1.309;1.051;0.912;56;114;81;49.99;49.99;49.99;7595;1000;0.0;0;1.0000;0;0
600;2017-10-01 17:00:00;172602N232;172;14.549;39;221;222;223;220;0.917;49.98;376.0;0.201;389.8;0.210;0.0;0.000;60;0;0;0.885;1.088;0.778;40;56;74;49.98;49.98;49.98;7595;1000;0.0;0;1.0000;0;0
600;2017-10-01 17:10:00;172602N232;117;14.568;38;221;222;224;217;0.899;50.02;372.4;0.134;385.8;0.138;0.0;0.000;60;0;0;0.810;1.173;0.715;32;17;67;50.02;50.02;50.02;7595;1000;0.0;0;1.0000;0;0
600;2017-10-01 17:20:00;172602N232;67;14.580;38;221;221;224;219;0.791;50.04;351.7;0.073;369.4;0.073;0.0;0.000;60;0;0;0.674;1.118;0.583;26;2;46;50.04;50.04;50.04;7595;1000;0.0;0;1.0000;0;0
600;2017-10-01 17:30:00;172602N232;33;14.586;38;221;221;223;219;0.583;49.99;326.7;0.030;331.9;0.031;0.0;0.000;60;0;0;0.513;0.839;0.399;17;1;28;49.99;49.99;49.99;7595;1000;0.0;0;1.0000;0;0
600;2017-10-01 17:40:00;172602N232;25;14.591;37;221;221;223;220;0.479;49.99;313.6;0.019;307.1;0.023;0.0;0.000;60;0;0;0.475;0.624;0.340;10;4;22;49.99;49.99;49.99;7595;1000;0.0;0;1.0000;0;0
600;2017-10-01 17:50:00;172602N232;15;14.594;37;221;222;221;220;0.354;49.98;279.2;0.006;274.6;0.012;0.0;0.000;60;0;0;0.425;0.342;0.295;2;12;13;49.98;49.98;49.98;7595;1000;0.0;0;1.0000;0;0
600;2017-10-01 18:00:00;172602N232;2;14.594;36;223;222;225;222;0.145;49.95;251.4;0.000;254.8;0.000;0.0;0.000;60;0;0;0.115;0.224;0.097;4;0;5;49.95;49.95;49.95;7595;1000;0.0;0;1.0000;0;0
600;2017-10-01 18:10:00;172602N232;0;14.593;35;223;222;226;221;0.000;49.99;261.9;0.000;261.9;0.000;0.0;0.000;50;0;0;0.000;0.001;0.000;0;0;0;49.99;49.99;49.99;7595;1000;0.0;0;1.0000;0;0
600;2017-10-01 18:20:00;172602N232;0;14.593;35;222;221;224;221;0.000;50.00;228.3;0.000;229.2;0.000;0.0;0.000;50;0;0;0.000;0.000;0.000;0;0;0;50.00;50.00;50.00;7595;1000;0.0;0;1.0000;0;0
[wr_ende]
