20170522;230001;172602N232;My Plant;+0100
[wr_def_start]
172602N232;Inverter Type;Inverter Group;72602N232      
[wr_def_end]
[wr]
INTERVAL;TIMESTAMP;SERIAL;P_AC;E_DAY;T_WR;U_AC;U_AC_1;U_AC_2;U_AC_3;I_AC;F_AC;U_DC_1;I_DC_1;U_DC_2;I_DC_2;U_DC_3;I_DC_3;S;E_WR;M_WR;I_AC_1;I_AC_2;I_AC_3;P_AC_1;P_AC_2;P_AC_3;F_AC_1;F_AC_2;F_AC_3;R_DC;PC;PCS;PCS_LL;COS_PHI;COS_PHI_LL;S_COS_PHI
600;2017-05-22 03:50:00;172602N232;0;0.000;0;4;4;4;4;0.000;1.08;4.8;0.000;4.8;0.000;0.0;0.000;50;0;0;0.000;0.000;0.000;0;0;0;1.08;1.08;1.08;95;1000;0.0;0;1.0000;0;0
600;2017-05-22 04:00:00;172602N232;0;0.000;27;225;225;228;222;0.000;50.01;227.0;0.000;227.9;0.000;0.0;0.000;50;0;0;0.000;0.000;0.000;0;0;0;50.01;50.01;50.01;0;1000;0.0;0;1.0000;0;0
600;2017-05-22 04:10:00;172602N232;0;0.000;28;225;225;228;223;0.000;50.02;231.1;0.000;232.0;0.000;0.0;0.000;50;0;0;0.000;0.000;0.000;0;0;0;50.02;50.02;50.02;0;1000;0.0;0;1.0000;0;0
600;2017-05-22 04:20:00;172602N232;0;0.000;29;225;225;228;223;0.000;50.02;229.9;0.000;230.9;0.000;0.0;0.000;50;0;0;0.000;0.000;0.000;0;0;0;50.02;50.02;50.02;0;1000;0.0;0;1.0000;0;0
600;2017-05-22 04:30:00;172602N232;0;0.000;29;225;225;228;222;0.000;50.01;274.2;0.000;274.3;0.000;0.0;0.000;51;0;0;0.000;0.000;0.000;0;0;0;50.01;50.01;50.01;377;1000;0.0;0;1.0000;0;0
600;2017-05-22 04:40:00;172602N232;1;0.000;29;225;225;227;224;0.100;50.01;271.4;0.000;271.4;0.000;0.0;0.000;60;0;0;0.099;0.137;0.066;1;0;3;50.01;50.01;50.01;4077;1000;0.0;0;1.0000;0;0
600;2017-05-22 04:50:00;172602N232;16;0.004;29;225;224;226;224;0.434;50.01;290.7;0.008;295.7;0.009;0.0;0.000;60;0;0;0.443;0.573;0.288;9;0;17;50.01;50.01;50.01;4226;1000;0.0;0;1.0000;0;0
600;2017-05-22 05:00:00;172602N232;39;0.011;30;224;224;225;223;0.561;50.03;347.1;0.035;359.8;0.034;0.0;0.000;60;0;0;0.534;0.752;0.397;10;2;27;50.03;50.03;50.03;4226;1000;0.0;0;1.0000;0;0
600;2017-05-22 05:10:00;172602N232;66;0.021;30;224;224;225;222;0.796;50.02;370.7;0.070;386.6;0.066;0.0;0.000;60;0;0;0.720;1.052;0.617;15;4;45;50.02;50.02;50.02;4226;1000;0.0;0;1.0000;0;0
600;2017-05-22 05:20:00;172602N232;87;0.033;30;223;223;224;222;0.929;49.99;382.4;0.095;392.4;0.090;0.0;0.000;60;0;0;0.894;1.148;0.745;15;11;58;49.99;49.99;49.99;4226;1000;0.0;0;1.0000;0;0
600;2017-05-22 05:30:00;172602N232;160;0.061;31;222;222;223;221;0.984;50.00;391.2;0.189;408.3;0.174;0.0;0.000;60;0;0;1.166;1.048;0.740;26;65;67;50.00;50.00;50.00;4226;1000;0.0;0;1.0000;0;0
600;2017-05-22 05:40:00;172602N232;142;0.085;31;224;226;226;221;1.014;49.99;387.3;0.168;404.8;0.154;0.0;0.000;60;0;0;1.280;0.958;0.806;19;59;72;49.99;49.99;49.99;4226;1000;0.0;0;1.0000;0;0
600;2017-05-22 05:50:00;172602N232;186;0.116;31;224;228;228;216;1.081;49.98;393.4;0.223;409.8;0.205;0.0;0.000;60;0;0;1.510;0.979;0.756;20;89;88;49.98;49.98;49.98;4226;1000;0.0;0;1.0000;0;0
600;2017-05-22 06:00:00;172602N232;238;0.156;32;224;226;226;220;1.093;49.99;400.3;0.287;413.0;0.265;0.0;0.000;60;0;0;1.305;1.168;0.807;44;102;91;49.99;49.99;49.99;4226;1000;0.0;0;1.0000;0;0
600;2017-05-22 06:10:00;172602N232;328;0.211;32;224;225;226;223;1.143;50.00;412.1;0.394;419.9;0.363;0.0;0.000;60;0;0;1.206;1.242;0.981;96;118;113;50.00;50.00;50.00;4226;1000;0.0;0;1.0000;0;0
600;2017-05-22 06:20:00;172602N232;341;0.268;32;224;224;225;222;1.191;50.04;416.5;0.403;419.9;0.378;0.0;0.000;60;0;0;1.256;1.231;1.088;89;123;127;50.04;50.04;50.04;4226;1000;0.0;0;1.0000;0;0
600;2017-05-22 06:30:00;172602N232;420;0.338;33;225;225;226;223;1.064;50.01;418.8;0.503;424.1;0.464;0.0;0.000;60;0;0;1.054;1.131;1.007;121;147;149;50.01;50.01;50.01;4226;1000;0.0;0;1.0000;0;0
600;2017-05-22 06:40:00;172602N232;510;0.424;33;224;224;225;223;1.067;49.99;426.1;0.607;422.8;0.568;0.0;0.000;60;0;0;0.918;1.176;1.107;153;185;169;49.99;49.99;49.99;4226;1000;0.0;0;1.0000;0;0
600;2017-05-22 06:50:00;172602N232;658;0.532;33;224;224;226;223;1.046;49.99;430.5;0.791;419.5;0.735;0.0;0.000;60;0;0;1.018;1.079;1.042;206;230;219;49.99;49.99;49.99;4226;1000;0.0;0;1.0000;0;0
600;2017-05-22 07:00:00;172602N232;613;0.635;34;223;223;226;222;0.958;49.99;429.1;0.727;424.6;0.687;0.0;0.000;60;0;0;0.898;1.009;0.969;189;216;206;49.99;49.99;49.99;4226;1000;0.0;0;1.0000;0;0
600;2017-05-22 07:10:00;172602N232;670;0.748;34;223;222;226;223;1.042;49.99;429.2;0.796;424.5;0.751;0.0;0.000;60;0;0;0.976;1.093;1.058;206;235;226;49.99;49.99;49.99;4226;1000;0.0;0;1.0000;0;0
600;2017-05-22 07:20:00;172602N232;810;0.883;35;223;223;224;222;1.250;50.01;429.9;0.977;418.6;0.917;0.0;0.000;60;0;0;1.198;1.292;1.261;256;281;271;50.01;50.01;50.01;4226;1000;0.0;0;1.0000;0;0
600;2017-05-22 07:30:00;172602N232;918;1.035;35;223;222;224;222;1.405;50.00;430.3;1.111;419.8;1.034;0.0;0.000;60;0;0;1.354;1.445;1.417;292;316;307;50.00;50.00;50.00;4226;1000;0.0;0;1.0000;0;0
600;2017-05-22 07:40:00;172602N232;971;1.197;35;223;222;225;222;1.479;50.00;428.1;1.200;416.0;1.090;0.0;0.000;60;0;0;1.427;1.522;1.489;309;336;323;50.00;50.00;50.00;4226;1000;0.0;0;1.0000;0;0
600;2017-05-22 07:50:00;172602N232;1082;1.378;36;223;223;225;221;1.676;50.02;429.7;1.343;413.6;1.216;0.0;0.000;60;0;0;1.636;1.718;1.675;347;375;357;50.02;50.02;50.02;4226;1000;0.0;0;1.0000;0;0
600;2017-05-22 08:00:00;172602N232;933;1.534;36;223;223;225;222;1.429;50.03;424.1;1.293;405.6;0.940;0.0;0.000;60;0;0;1.376;1.473;1.440;296;324;311;50.03;50.03;50.03;4226;1000;0.0;0;1.0000;0;0
600;2017-05-22 08:10:00;172602N232;1192;1.732;36;224;222;226;222;1.878;50.01;420.5;2.055;402.3;0.842;0.0;0.000;60;0;0;1.810;1.959;1.867;381;417;393;50.01;50.01;50.01;4226;1000;0.0;0;1.0000;0;0
600;2017-05-22 08:20:00;172602N232;1378;1.963;37;224;224;227;223;2.075;49.99;406.0;2.855;393.3;0.571;0.0;0.000;60;0;0;2.021;2.133;2.073;445;476;455;49.99;49.99;49.99;4226;1000;0.0;0;1.0000;0;0
600;2017-05-22 08:30:00;172602N232;1618;2.233;37;225;224;228;223;2.412;50.00;407.1;3.501;414.5;0.474;0.0;0.000;60;0;0;2.347;2.488;2.403;522;562;531;50.00;50.00;50.00;4226;1000;0.0;0;1.0000;0;0
600;2017-05-22 08:40:00;172602N232;1656;2.508;37;224;222;228;222;2.480;50.01;406.5;3.418;301.4;0.991;0.0;0.000;60;0;0;2.391;2.559;2.491;527;579;548;50.01;50.01;50.01;4226;1000;0.0;0;1.0000;0;0
600;2017-05-22 08:50:00;172602N232;1974;2.839;37;224;223;228;221;2.948;50.00;403.1;3.935;263.5;1.578;0.0;0.000;60;0;0;2.874;3.038;2.934;638;689;645;50.00;50.00;50.00;4226;1000;0.0;0;1.0000;0;0
600;2017-05-22 09:00:00;172602N232;2188;3.202;38;225;223;228;223;3.261;49.99;400.0;4.025;257.3;2.375;0.0;0.000;60;0;0;3.183;3.343;3.259;707;758;722;49.99;49.99;49.99;4226;1000;0.0;0;1.0000;0;0
600;2017-05-22 09:10:00;172602N232;2513;3.621;39;225;223;228;223;3.744;50.00;396.6;4.409;270.2;2.991;0.0;0.000;60;0;0;3.666;3.828;3.740;815;868;828;50.00;50.00;50.00;4226;1000;0.0;0;1.0000;0;0
600;2017-05-22 09:20:00;172602N232;2683;4.068;39;224;223;227;222;4.002;49.98;391.9;4.612;281.2;3.278;0.0;0.000;60;0;0;3.955;4.087;3.965;881;925;875;49.98;49.98;49.98;4226;1000;0.0;0;1.0000;0;0
600;2017-05-22 09:30:00;172602N232;2942;4.559;39;224;224;227;222;4.386;49.99;389.5;4.785;275.3;4.122;0.0;0.000;60;0;0;4.344;4.478;4.337;970;1013;958;49.99;49.99;49.99;4226;1000;0.0;0;1.0000;0;0
600;2017-05-22 09:40:00;172602N232;3135;5.082;40;225;224;229;223;4.653;50.00;386.4;5.003;300.7;4.187;0.0;0.000;60;0;0;4.577;4.764;4.620;1023;1086;1025;50.00;50.00;50.00;4226;1000;0.0;0;1.0000;0;0
600;2017-05-22 09:50:00;172602N232;3412;5.651;41;225;224;228;223;5.074;49.99;383.3;5.191;302.9;4.904;0.0;0.000;60;0;0;5.015;5.168;5.039;1119;1173;1118;49.99;49.99;49.99;4226;1000;0.0;0;1.0000;0;0
600;2017-05-22 10:00:00;172602N232;3549;6.243;41;225;224;228;224;5.268;49.99;381.7;5.203;317.4;5.121;0.0;0.000;60;0;0;5.201;5.360;5.245;1161;1216;1170;49.99;49.99;49.99;4226;1000;0.0;0;1.0000;0;0
600;2017-05-22 10:10:00;172602N232;3785;6.873;41;226;225;230;224;5.589;50.00;379.7;5.441;334.7;5.346;0.0;0.000;60;0;0;5.495;5.721;5.553;1229;1312;1242;50.00;50.00;50.00;4226;1000;0.0;0;1.0000;0;0
600;2017-05-22 10:20:00;172602N232;3971;7.535;41;225;224;229;223;5.882;49.98;378.9;5.620;346.0;5.534;0.0;0.000;60;0;0;5.795;6.048;5.804;1294;1384;1291;49.98;49.98;49.98;4226;1000;0.0;0;1.0000;0;0
600;2017-05-22 10:30:00;172602N232;4047;8.212;42;226;224;230;223;5.980;50.00;374.3;5.747;355.5;5.535;0.0;0.000;60;0;0;5.889;6.137;5.916;1318;1409;1318;50.00;50.00;50.00;4226;1000;0.0;0;1.0000;0;0
600;2017-05-22 10:40:00;172602N232;4267;8.921;42;226;224;230;223;6.315;50.00;373.9;6.013;354.8;5.912;0.0;0.000;60;0;0;6.229;6.479;6.237;1394;1486;1385;50.00;50.00;50.00;4226;1000;0.0;0;1.0000;0;0
600;2017-05-22 10:50:00;172602N232;4349;9.646;42;225;225;229;222;6.443;49.99;370.0;6.124;352.9;6.129;0.0;0.000;60;0;0;6.395;6.613;6.323;1437;1512;1398;49.99;49.99;49.99;4226;1000;0.0;0;1.0000;0;0
600;2017-05-22 11:00:00;172602N232;4472;10.391;42;225;227;230;220;6.616;49.99;368.1;6.280;358.5;6.258;0.0;0.000;60;0;0;6.602;6.833;6.413;1494;1569;1407;49.99;49.99;49.99;4226;1000;0.0;0;1.0000;0;0
600;2017-05-22 11:10:00;172602N232;4430;11.129;42;225;226;229;221;6.553;50.00;368.8;6.131;370.1;6.076;0.0;0.000;60;0;0;6.527;6.709;6.423;1474;1534;1420;50.00;50.00;50.00;4226;1000;0.0;0;1.0000;0;0
600;2017-05-22 11:20:00;172602N232;4410;11.866;42;225;226;228;222;6.522;50.01;372.3;6.028;372.1;6.031;0.0;0.000;60;0;0;6.486;6.667;6.414;1462;1522;1424;50.01;50.01;50.01;4226;1000;0.0;0;1.0000;0;0
600;2017-05-22 11:30:00;172602N232;4804;12.667;42;226;226;230;223;7.067;49.99;366.0;6.677;366.5;6.685;0.0;0.000;60;0;0;7.007;7.242;6.954;1583;1667;1552;49.99;49.99;49.99;4226;1000;0.0;0;1.0000;0;0
600;2017-05-22 11:40:00;172602N232;4750;13.459;42;226;226;230;222;7.010;49.98;364.4;6.628;364.8;6.643;0.0;0.000;60;0;0;6.943;7.207;6.881;1565;1656;1526;49.98;49.98;49.98;4226;1000;0.0;0;1.0000;0;0
600;2017-05-22 11:50:00;172602N232;4723;14.244;43;225;224;229;222;7.000;49.99;364.4;6.603;363.5;6.618;0.0;0.000;60;0;0;6.906;7.211;6.885;1545;1654;1523;49.99;49.99;49.99;4226;1000;0.0;0;1.0000;0;0
600;2017-05-22 12:00:00;172602N232;4721;15.032;43;226;225;231;222;6.973;50.00;364.1;6.607;363.2;6.621;0.0;0.000;60;0;0;6.890;7.186;6.843;1548;1658;1514;50.00;50.00;50.00;4226;1000;0.0;0;1.0000;0;0
600;2017-05-22 12:10:00;172602N232;4755;15.826;43;226;226;230;223;7.010;50.01;361.6;6.694;361.2;6.713;0.0;0.000;60;0;0;6.946;7.183;6.901;1567;1652;1533;50.01;50.01;50.01;4226;1000;0.0;0;1.0000;0;0
600;2017-05-22 12:20:00;172602N232;4785;16.623;43;230;230;234;226;6.929;49.99;360.8;6.743;361.3;6.764;0.0;0.000;60;0;0;6.880;7.113;6.795;1583;1666;1534;49.99;49.99;49.99;4226;1000;0.0;0;1.0000;0;0
600;2017-05-22 12:30:00;172602N232;4840;17.429;43;231;230;234;227;6.996;50.00;360.5;6.825;361.3;6.846;0.0;0.000;60;0;0;6.938;7.173;6.879;1598;1680;1560;50.00;50.00;50.00;4226;1000;0.0;0;1.0000;0;0
600;2017-05-22 12:40:00;172602N232;4536;18.185;43;231;231;235;227;6.551;50.00;362.8;6.348;362.6;6.409;0.0;0.000;60;0;0;6.501;6.702;6.450;1499;1571;1464;50.00;50.00;50.00;4226;1000;0.0;0;1.0000;0;0
600;2017-05-22 12:50:00;172602N232;4852;18.994;43;231;231;236;228;6.993;50.00;358.8;6.877;359.3;6.899;0.0;0.000;60;0;0;6.928;7.172;6.881;1595;1689;1566;50.00;50.00;50.00;4226;1000;0.0;0;1.0000;0;0
600;2017-05-22 13:00:00;172602N232;4503;19.745;44;232;231;236;228;6.483;50.02;361.5;6.360;360.9;6.365;0.0;0.000;60;0;0;6.412;6.653;6.384;1477;1568;1455;50.02;50.02;50.02;4226;1000;0.0;0;1.0000;0;0
600;2017-05-22 13:10:00;172602N232;4740;20.535;44;231;231;236;228;6.829;50.03;359.4;6.704;359.9;6.756;0.0;0.000;60;0;0;6.775;7.001;6.713;1562;1648;1527;50.03;50.03;50.03;4226;1000;0.0;0;1.0000;0;0
600;2017-05-22 13:20:00;172602N232;4530;21.289;44;232;231;236;229;6.508;49.98;366.2;6.315;365.2;6.329;0.0;0.000;60;0;0;6.446;6.677;6.402;1488;1577;1464;49.98;49.98;49.98;4226;1000;0.0;0;1.0000;0;0
600;2017-05-22 13:30:00;172602N232;5059;22.132;45;232;231;236;229;7.271;49.99;360.9;7.151;359.7;7.165;0.0;0.000;60;0;0;7.229;7.424;7.162;1671;1748;1638;49.99;49.99;49.99;4226;1000;0.0;0;1.0000;0;0
600;2017-05-22 13:40:00;172602N232;3501;22.717;44;230;230;233;228;5.058;50.00;371.0;4.788;364.6;4.953;0.0;0.000;60;0;0;4.996;5.157;5.021;1148;1205;1145;50.00;50.00;50.00;4226;1000;0.0;0;1.0000;0;0
600;2017-05-22 13:50:00;172602N232;4376;23.447;44;232;230;236;229;6.286;49.99;375.2;5.979;372.7;5.998;0.0;0.000;60;0;0;6.186;6.481;6.191;1423;1536;1416;49.99;49.99;49.99;4226;1000;0.0;0;1.0000;0;0
600;2017-05-22 14:00:00;172602N232;3114;23.966;44;231;229;234;229;4.497;49.99;375.3;4.211;371.2;4.292;0.0;0.000;60;0;0;4.409;4.619;4.463;1009;1085;1019;49.99;49.99;49.99;4226;1000;0.0;0;1.0000;0;0
600;2017-05-22 14:10:00;172602N232;4296;24.681;44;231;230;236;228;6.182;50.00;379.0;5.762;378.3;5.832;0.0;0.000;60;0;0;6.087;6.366;6.095;1400;1503;1390;50.00;50.00;50.00;4226;1000;0.0;0;1.0000;0;0
600;2017-05-22 14:20:00;172602N232;4830;25.486;44;231;230;235;227;6.982;49.98;365.3;6.732;365.5;6.747;0.0;0.000;60;0;0;6.907;7.188;6.853;1585;1691;1552;49.98;49.98;49.98;4226;1000;0.0;0;1.0000;0;0
600;2017-05-22 14:30:00;172602N232;4826;26.292;44;229;229;234;224;7.030;49.98;362.6;6.774;362.4;6.793;0.0;0.000;60;0;0;6.971;7.263;6.856;1592;1700;1531;49.98;49.98;49.98;4226;1000;0.0;0;1.0000;0;0
600;2017-05-22 14:40:00;172602N232;3136;26.815;45;226;231;233;216;4.614;49.98;374.7;4.297;373.2;4.218;0.0;0.000;60;0;0;4.622;4.847;4.373;1064;1130;940;49.98;49.98;49.98;4226;1000;0.0;0;1.0000;0;0
600;2017-05-22 14:50:00;172602N232;4772;27.611;45;228;231;236;217;6.959;49.99;373.8;6.501;374.1;6.509;0.0;0.000;60;0;0;6.956;7.326;6.596;1609;1729;1432;49.99;49.99;49.99;4226;1000;0.0;0;1.0000;0;0
600;2017-05-22 15:00:00;172602N232;4668;28.389;45;228;232;236;217;6.811;50.01;366.2;6.482;366.5;6.499;0.0;0.000;60;0;0;6.819;7.153;6.461;1579;1686;1401;50.01;50.01;50.01;4226;1000;0.0;0;1.0000;0;0
600;2017-05-22 15:10:00;172602N232;3470;28.966;45;228;231;234;217;5.081;50.00;373.3;4.737;372.1;4.743;0.0;0.000;60;0;0;5.083;5.331;4.829;1173;1250;1045;50.00;50.00;50.00;4226;1000;0.0;0;1.0000;0;0
600;2017-05-22 15:20:00;172602N232;3057;29.478;45;228;232;234;217;4.473;50.02;386.8;4.018;382.1;4.061;0.0;0.000;60;0;0;4.472;4.695;4.254;1033;1099;922;50.02;50.02;50.02;4226;1000;0.0;0;1.0000;0;0
600;2017-05-22 15:30:00;172602N232;4524;30.231;45;230;232;235;222;6.564;50.01;374.4;6.126;373.3;6.197;0.0;0.000;60;0;0;6.552;6.820;6.321;1518;1602;1402;50.01;50.01;50.01;4226;1000;0.0;0;1.0000;0;0
600;2017-05-22 15:40:00;172602N232;3805;30.865;45;230;229;233;227;5.532;49.98;376.3;5.056;371.6;5.282;0.0;0.000;60;0;0;5.477;5.658;5.461;1251;1314;1237;49.98;49.98;49.98;4226;1000;0.0;0;1.0000;0;0
600;2017-05-22 15:50:00;172602N232;2230;31.237;45;228;227;230;227;3.267;49.99;370.1;3.031;372.5;3.088;0.0;0.000;60;0;0;3.205;3.347;3.250;725;771;732;49.99;49.99;49.99;4226;1000;0.0;0;1.0000;0;0
600;2017-05-22 16:00:00;172602N232;3263;31.779;44;228;228;230;227;4.771;49.99;380.9;4.294;388.0;4.337;0.0;0.000;60;0;0;4.725;4.861;4.727;1075;1119;1066;49.99;49.99;49.99;4226;1000;0.0;0;1.0000;0;0
600;2017-05-22 16:10:00;172602N232;3829;32.420;44;229;228;232;226;5.581;49.99;369.2;5.196;379.3;5.206;0.0;0.000;60;0;0;5.522;5.712;5.510;1259;1325;1244;49.99;49.99;49.99;4226;1000;0.0;0;1.0000;0;0
600;2017-05-22 16:20:00;172602N232;3729;33.040;44;229;228;233;226;5.430;50.03;366.4;5.092;377.0;5.103;0.0;0.000;60;0;0;5.361;5.559;5.370;1222;1292;1213;50.03;50.03;50.03;4226;1000;0.0;0;1.0000;0;0
600;2017-05-22 16:30:00;172602N232;2576;33.470;44;228;228;230;225;3.785;49.99;372.7;3.442;380.5;3.482;0.0;0.000;60;0;0;3.746;3.875;3.736;850;890;834;49.99;49.99;49.99;4226;1000;0.0;0;1.0000;0;0
600;2017-05-22 16:40:00;172602N232;3372;34.031;44;228;228;231;225;4.937;49.99;375.6;4.498;385.5;4.493;0.0;0.000;60;0;0;4.901;5.036;4.874;1116;1162;1093;49.99;49.99;49.99;4226;1000;0.0;0;1.0000;0;0
600;2017-05-22 16:50:00;172602N232;1429;34.270;44;227;227;228;225;2.137;49.98;381.4;1.847;386.3;1.875;0.0;0.000;60;0;0;2.098;2.186;2.127;466;492;470;49.98;49.98;49.98;4226;1000;0.0;0;1.0000;0;0
600;2017-05-22 17:00:00;172602N232;3258;34.815;43;228;228;232;225;4.775;50.00;393.0;4.090;391.0;4.335;0.0;0.000;60;0;0;4.728;4.881;4.718;1071;1128;1058;50.00;50.00;50.00;4226;1000;0.0;0;1.0000;0;0
600;2017-05-22 17:10:00;172602N232;3127;35.335;44;228;227;232;226;4.587;49.99;367.4;4.193;387.7;4.209;0.0;0.000;60;0;0;4.531;4.698;4.534;1023;1086;1016;49.99;49.99;49.99;4226;1000;0.0;0;1.0000;0;0
600;2017-05-22 17:20:00;172602N232;2573;35.763;44;228;227;232;226;3.772;50.01;368.7;3.457;399.4;3.319;0.0;0.000;60;0;0;3.718;3.860;3.740;840;890;841;50.01;50.01;50.01;4226;1000;0.0;0;1.0000;0;0
600;2017-05-22 17:30:00;172602N232;2579;36.193;43;228;228;230;226;3.778;49.99;372.6;3.448;387.6;3.423;0.0;0.000;60;0;0;3.741;3.843;3.750;850;881;845;49.99;49.99;49.99;4226;1000;0.0;0;1.0000;0;0
600;2017-05-22 17:40:00;172602N232;2366;36.589;43;228;227;229;227;3.476;49.98;377.0;3.118;385.1;3.165;0.0;0.000;60;0;0;3.431;3.528;3.469;776;805;783;49.98;49.98;49.98;4226;1000;0.0;0;1.0000;0;0
600;2017-05-22 17:50:00;172602N232;2208;36.956;43;227;227;228;227;3.257;49.99;375.9;2.874;387.4;2.973;0.0;0.000;60;0;0;3.216;3.295;3.260;725;748;733;49.99;49.99;49.99;4226;1000;0.0;0;1.0000;0;0
600;2017-05-22 18:00:00;172602N232;2081;37.304;43;228;228;229;226;3.062;49.99;367.5;2.770;387.8;2.796;0.0;0.000;60;0;0;3.013;3.110;3.064;682;708;688;49.99;49.99;49.99;4226;1000;0.0;0;1.0000;0;0
600;2017-05-22 18:10:00;172602N232;1872;37.616;43;227;228;229;225;2.758;49.99;370.9;2.467;390.1;2.499;0.0;0.000;60;0;0;2.714;2.814;2.748;614;642;614;49.99;49.99;49.99;4226;1000;0.0;0;1.0000;0;0
600;2017-05-22 18:20:00;172602N232;1663;37.892;43;226;226;228;224;2.466;50.01;367.3;2.176;392.3;2.237;0.0;0.000;60;0;0;2.414;2.527;2.459;541;573;546;50.01;50.01;50.01;4226;1000;0.0;0;1.0000;0;0
600;2017-05-22 18:30:00;172602N232;1462;38.136;43;226;225;227;224;2.190;49.99;363.7;1.921;393.8;1.964;0.0;0.000;60;0;0;2.140;2.231;2.199;472;502;486;49.99;49.99;49.99;4226;1000;0.0;0;1.0000;0;0
600;2017-05-22 18:40:00;172602N232;1270;38.349;43;225;225;228;224;1.939;49.99;356.8;1.676;395.5;1.718;0.0;0.000;60;0;0;1.885;1.992;1.940;407;439;422;49.99;49.99;49.99;4226;1000;0.0;0;1.0000;0;0
600;2017-05-22 18:50:00;172602N232;1102;38.533;43;226;224;228;224;1.680;50.00;349.2;1.459;396.6;1.507;0.0;0.000;60;0;0;1.621;1.737;1.683;349;385;366;50.00;50.00;50.00;4226;1000;0.0;0;1.0000;0;0
600;2017-05-22 19:00:00;172602N232;928;38.687;43;225;224;228;225;1.412;49.99;337.8;1.237;397.0;1.291;0.0;0.000;60;0;0;1.355;1.456;1.425;292;323;311;49.99;49.99;49.99;4226;1000;0.0;0;1.0000;0;0
600;2017-05-22 19:10:00;172602N232;736;38.810;43;225;224;227;225;1.146;49.99;321.7;0.994;397.3;1.047;0.0;0.000;60;0;0;1.087;1.196;1.157;229;257;247;49.99;49.99;49.99;4226;1000;0.0;0;1.0000;0;0
600;2017-05-22 19:20:00;172602N232;580;38.907;43;225;224;226;226;0.908;49.99;297.6;0.801;393.2;0.869;0.0;0.000;60;0;0;0.854;0.941;0.929;179;201;197;49.99;49.99;49.99;4226;1000;0.0;0;1.0000;0;0
600;2017-05-22 19:30:00;172602N232;297;38.957;43;226;226;226;225;1.001;49.99;254.9;0.410;383.3;0.496;0.0;0.000;60;0;0;1.072;1.026;0.905;89;105;102;49.99;49.99;49.99;4226;1000;0.0;0;1.0000;0;0
600;2017-05-22 19:40:00;172602N232;156;38.983;42;225;226;226;224;0.893;49.99;369.7;0.132;373.3;0.253;0.0;0.000;60;0;0;0.895;1.043;0.743;23;59;72;49.99;49.99;49.99;4226;1000;0.0;0;1.0000;0;0
600;2017-05-22 19:50:00;172602N232;111;39.002;42;226;226;227;224;0.893;49.98;366.3;0.102;358.9;0.169;0.0;0.000;60;0;0;0.806;1.148;0.725;24;20;65;49.98;49.98;49.98;4226;1000;0.0;0;1.0000;0;0
600;2017-05-22 20:00:00;172602N232;68;39.014;41;226;227;227;223;0.859;49.98;356.8;0.070;369.0;0.082;0.0;0.000;60;0;0;0.929;0.957;0.693;4;17;51;49.98;49.98;49.98;4226;1000;0.0;0;1.0000;0;0
600;2017-05-22 20:10:00;172602N232;64;39.025;41;226;227;227;224;0.832;49.99;359.6;0.061;379.1;0.076;0.0;0.000;60;0;0;0.862;0.970;0.664;5;13;48;49.99;49.99;49.99;4226;1000;0.0;0;1.0000;0;0
600;2017-05-22 20:20:00;172602N232;47;39.033;41;226;226;227;226;0.719;49.97;338.3;0.039;367.0;0.055;0.0;0.000;60;0;0;0.684;0.904;0.570;7;5;35;49.97;49.97;49.97;4226;1000;0.0;0;1.0000;0;0
600;2017-05-22 20:30:00;172602N232;17;39.035;40;226;226;227;225;0.357;49.99;275.0;0.008;291.2;0.015;0.0;0.000;60;0;0;0.430;0.382;0.261;3;9;15;49.99;49.99;49.99;4226;1000;0.0;0;1.0000;0;0
600;2017-05-22 20:40:00;172602N232;9;39.038;40;226;226;228;225;0.333;50.00;256.9;0.000;286.9;0.005;0.0;0.000;60;0;0;0.282;0.473;0.246;6;2;13;50.00;50.00;50.00;4226;1000;0.0;0;1.0000;0;0
600;2017-05-22 20:50:00;172602N232;0;39.038;39;226;226;228;225;0.044;50.00;273.4;0.000;272.7;0.000;0.0;0.000;51;0;0;0.039;0.058;0.037;0;0;1;50.00;50.00;50.00;6454;1000;0.0;0;1.0000;0;0
600;2017-05-22 21:00:00;172602N232;0;39.038;38;226;224;230;224;0.000;50.00;239.5;0.000;240.4;0.000;0.0;0.000;51;0;0;0.000;0.000;0.000;0;0;0;50.00;50.00;50.00;14640;1000;0.0;0;1.0000;0;0
600;2017-05-22 21:10:00;172602N232;0;39.038;38;226;225;230;224;0.000;50.03;228.8;0.000;229.7;0.000;0.0;0.000;51;0;0;0.000;0.000;0.000;0;0;0;50.03;50.03;50.03;14640;1000;0.0;0;1.0000;0;0
600;2017-05-22 21:20:00;172602N232;0;39.038;37;226;225;229;224;0.000;49.96;227.5;0.000;228.5;0.000;0.0;0.000;51;0;0;0.000;0.000;0.000;0;0;0;49.96;49.96;49.96;14640;1000;0.0;0;1.0000;0;0
[wr_ende]
