20130811;230001;172602N232;My Plant;+0100
[wr_def_start]
172602N232;Inverter Type;Inverter Group;72602N232      
[wr_def_end]
[wr]
INTERVAL;TIMESTAMP;SERIAL;P_AC;E_DAY;T_WR;U_AC;U_AC_1;U_AC_2;U_AC_3;I_AC;F_AC;U_DC_1;I_DC_1;U_DC_2;I_DC_2;U_DC_3;I_DC_3;S;E_WR;M_WR;I_AC_1;I_AC_2;I_AC_3;P_AC_1;P_AC_2;P_AC_3;F_AC_1;F_AC_2;F_AC_3;R_DC;PC;PCS;PCS_LL;COS_PHI;COS_PHI_LL;S_COS_PHI
600;2013-08-11 05:20:00;172602N232;0;0.000;0;6;6;6;6;0.000;1.42;6.3;0.000;6.3;0.000;0.0;0.000;50;0;0;0.000;0.000;0.000;0;0;0;1.42;1.42;1.42;66;1000;0.0;0;1.0000;0;0
600;2013-08-11 05:30:00;172602N232;0;0.000;28;225;226;228;222;0.000;50.00;228.8;0.000;229.8;0.000;0.0;0.000;50;0;0;0.000;0.000;0.000;0;0;0;50.00;50.00;50.00;0;1000;0.0;0;1.0000;0;0
600;2013-08-11 05:40:00;172602N232;0;0.000;29;225;226;228;222;0.000;50.02;230.8;0.000;231.7;0.000;0.0;0.000;50;0;0;0.000;0.000;0.000;0;0;0;50.02;50.02;50.02;0;1000;0.0;0;1.0000;0;0
600;2013-08-11 05:50:00;172602N232;0;0.000;30;226;226;228;223;0.013;50.01;270.7;0.000;270.2;0.000;0.0;0.000;60;0;0;0.012;0.015;0.013;0;0;0;50.01;50.01;50.01;1693;1000;0.0;0;1.0000;0;0
600;2013-08-11 06:00:00;172602N232;5;0.001;30;225;225;226;223;0.178;50.01;260.4;0.001;255.2;0.002;0.0;0.000;60;0;0;0.187;0.191;0.158;0;4;9;50.01;50.01;50.01;4032;1000;0.0;0;1.0000;0;0
600;2013-08-11 06:10:00;172602N232;14;0.005;30;225;225;226;224;0.312;50.02;282.5;0.012;284.7;0.012;0.0;0.000;60;0;0;0.349;0.369;0.219;1;2;13;50.02;50.02;50.02;4032;1000;0.0;0;1.0000;0;0
600;2013-08-11 06:20:00;172602N232;62;0.014;31;226;225;227;224;0.874;50.02;365.7;0.071;370.3;0.067;0.0;0.000;60;0;0;0.889;1.045;0.690;4;8;48;50.02;50.02;50.02;4032;1000;0.0;0;1.0000;0;0
600;2013-08-11 06:30:00;172602N232;110;0.031;31;225;225;226;224;0.937;50.01;387.0;0.130;388.4;0.123;0.0;0.000;60;0;0;0.970;1.072;0.770;14;29;66;50.01;50.01;50.01;4032;1000;0.0;0;1.0000;0;0
600;2013-08-11 06:40:00;172602N232;186;0.063;32;225;225;227;223;1.012;50.01;396.8;0.226;399.8;0.208;0.0;0.000;60;0;0;1.055;1.210;0.773;37;66;81;50.01;50.01;50.01;4032;1000;0.0;0;1.0000;0;0
600;2013-08-11 06:50:00;172602N232;282;0.110;32;225;225;226;223;1.116;50.01;407.5;0.345;410.7;0.315;0.0;0.000;60;0;0;1.216;1.261;0.871;72;111;98;50.01;50.01;50.01;4032;1000;0.0;0;1.0000;0;0
600;2013-08-11 07:00:00;172602N232;372;0.172;33;224;225;226;222;0.985;50.01;418.9;0.455;418.7;0.407;0.0;0.000;60;0;0;1.033;1.045;0.878;115;135;120;50.01;50.01;50.01;4032;1000;0.0;0;1.0000;0;0
600;2013-08-11 07:10:00;172602N232;400;0.239;33;224;224;225;222;1.099;50.02;422.6;0.494;424.9;0.421;0.0;0.000;60;0;0;1.110;1.172;1.017;116;144;137;50.02;50.02;50.02;4032;1000;0.0;0;1.0000;0;0
600;2013-08-11 07:20:00;172602N232;430;0.312;34;224;224;225;222;1.058;50.02;423.3;0.528;425.7;0.459;0.0;0.000;60;0;0;1.035;1.131;1.010;125;153;151;50.02;50.02;50.02;4032;1000;0.0;0;1.0000;0;0
600;2013-08-11 07:30:00;172602N232;465;0.388;35;223;223;225;221;0.732;50.00;426.4;0.579;431.7;0.480;0.0;0.000;60;0;0;0.679;0.774;0.745;142;165;156;50.00;50.00;50.00;4032;1000;0.0;0;1.0000;0;0
600;2013-08-11 07:40:00;172602N232;501;0.473;35;222;223;224;221;1.048;50.00;426.8;0.625;431.0;0.519;0.0;0.000;60;0;0;1.060;1.108;0.977;161;177;160;50.00;50.00;50.00;4032;1000;0.0;0;1.0000;0;0
600;2013-08-11 07:50:00;172602N232;464;0.549;36;223;223;224;221;0.916;50.02;424.8;0.580;423.8;0.489;0.0;0.000;60;0;0;0.896;0.960;0.893;142;169;152;50.02;50.02;50.02;4032;1000;0.0;0;1.0000;0;0
600;2013-08-11 08:00:00;172602N232;414;0.619;36;223;223;225;222;0.843;50.03;416.8;0.502;413.9;0.471;0.0;0.000;60;0;0;0.798;0.897;0.834;119;147;146;50.03;50.03;50.03;4032;1000;0.0;0;1.0000;0;0
600;2013-08-11 08:10:00;172602N232;359;0.679;37;223;223;224;221;1.140;50.01;410.6;0.429;407.3;0.421;0.0;0.000;60;0;0;1.212;1.159;1.049;103;128;125;50.01;50.01;50.01;4032;1000;0.0;0;1.0000;0;0
600;2013-08-11 08:20:00;172602N232;536;0.769;37;225;226;227;223;1.046;50.00;419.7;0.649;416.0;0.615;0.0;0.000;60;0;0;1.060;1.069;1.010;173;187;174;50.00;50.00;50.00;4032;1000;0.0;0;1.0000;0;0
600;2013-08-11 08:30:00;172602N232;646;0.876;37;226;226;228;223;1.080;50.00;420.0;0.786;417.6;0.740;0.0;0.000;60;0;0;1.075;1.091;1.074;206;224;214;50.00;50.00;50.00;4032;1000;0.0;0;1.0000;0;0
600;2013-08-11 08:40:00;172602N232;697;0.993;38;225;226;227;223;1.185;50.00;421.3;0.843;417.0;0.805;0.0;0.000;60;0;0;1.224;1.185;1.147;221;241;232;50.00;50.00;50.00;4032;1000;0.0;0;1.0000;0;0
600;2013-08-11 08:50:00;172602N232;943;1.150;38;226;226;228;223;1.417;50.01;420.7;1.180;426.4;1.042;0.0;0.000;60;0;0;1.361;1.463;1.428;300;329;312;50.01;50.01;50.01;4032;1000;0.0;0;1.0000;0;0
600;2013-08-11 09:00:00;172602N232;866;1.294;38;226;226;228;224;1.491;50.03;382.7;1.805;436.0;0.469;0.0;0.000;60;0;0;1.474;1.521;1.480;271;297;296;50.03;50.03;50.03;4032;1000;0.0;0;1.0000;0;0
600;2013-08-11 09:10:00;172602N232;1019;1.463;38;224;225;225;223;1.541;50.01;351.2;2.332;449.9;0.465;0.0;0.000;60;0;0;1.492;1.572;1.560;328;348;341;50.01;50.01;50.01;4032;1000;0.0;0;1.0000;0;0
600;2013-08-11 09:20:00;172602N232;999;1.631;39;224;225;226;223;1.507;50.03;268.2;2.881;456.5;0.524;0.0;0.000;60;0;0;1.458;1.541;1.522;321;343;333;50.03;50.03;50.03;4032;1000;0.0;0;1.0000;0;0
600;2013-08-11 09:30:00;172602N232;776;1.760;39;225;225;227;222;1.189;50.02;425.3;1.024;452.4;0.776;0.0;0.000;60;0;0;1.140;1.236;1.192;246;272;256;50.02;50.02;50.02;4032;1000;0.0;0;1.0000;0;0
600;2013-08-11 09:40:00;172602N232;1297;1.977;39;224;224;226;222;1.953;50.02;420.0;1.622;429.5;1.419;0.0;0.000;60;0;0;1.897;2.007;1.956;418;449;429;50.02;50.02;50.02;4032;1000;0.0;0;1.0000;0;0
600;2013-08-11 09:50:00;172602N232;851;2.119;40;223;224;224;222;1.346;50.02;413.8;1.045;410.1;1.014;0.0;0.000;60;0;0;1.335;1.362;1.342;274;291;284;50.02;50.02;50.02;4032;1000;0.0;0;1.0000;0;0
600;2013-08-11 10:00:00;172602N232;993;2.284;40;222;222;223;220;1.524;50.01;415.3;1.230;415.9;1.154;0.0;0.000;60;0;0;1.474;1.561;1.537;319;342;330;50.01;50.01;50.01;4032;1000;0.0;0;1.0000;0;0
600;2013-08-11 10:10:00;172602N232;1469;2.530;40;227;227;229;224;2.185;49.99;354.9;3.599;437.0;0.525;0.0;0.000;60;0;0;2.137;2.236;2.182;476;507;483;49.99;49.99;49.99;4032;1000;0.0;0;1.0000;0;0
600;2013-08-11 10:20:00;172602N232;1596;2.795;40;228;228;230;227;2.362;50.00;382.6;3.609;434.0;0.500;0.0;0.000;60;0;0;2.311;2.405;2.370;517;547;529;50.00;50.00;50.00;4032;1000;0.0;0;1.0000;0;0
600;2013-08-11 10:30:00;172602N232;2100;3.146;40;229;228;232;226;3.071;50.01;399.7;4.593;433.7;0.641;0.0;0.000;60;0;0;3.006;3.151;3.058;682;728;688;50.01;50.01;50.01;4032;1000;0.0;0;1.0000;0;0
600;2013-08-11 10:40:00;172602N232;2367;3.542;41;229;227;233;226;3.467;50.01;395.2;4.993;440.0;0.938;0.0;0.000;60;0;0;3.393;3.575;3.434;767;831;771;50.01;50.01;50.01;4032;1000;0.0;0;1.0000;0;0
600;2013-08-11 10:50:00;172602N232;2530;3.963;41;228;228;232;224;3.712;50.00;392.8;4.964;442.7;1.354;0.0;0.000;60;0;0;3.643;3.823;3.671;826;884;819;50.00;50.00;50.00;4032;1000;0.0;0;1.0000;0;0
600;2013-08-11 11:00:00;172602N232;1083;4.144;42;226;227;228;222;1.883;50.01;395.6;1.952;417.8;0.692;0.0;0.000;60;0;0;1.893;1.950;1.808;349;382;350;50.01;50.01;50.01;4032;1000;0.0;0;1.0000;0;0
600;2013-08-11 11:10:00;172602N232;2041;4.485;42;226;228;229;221;3.088;49.99;395.3;4.079;434.7;0.999;0.0;0.000;60;0;0;3.097;3.158;3.009;679;709;650;49.99;49.99;49.99;4032;1000;0.0;0;1.0000;0;0
600;2013-08-11 11:20:00;172602N232;1597;4.751;42;226;228;230;220;2.384;49.99;397.3;2.904;411.7;1.144;0.0;0.000;60;0;0;2.360;2.471;2.321;527;565;504;49.99;49.99;49.99;4032;1000;0.0;0;1.0000;0;0
600;2013-08-11 11:30:00;172602N232;1798;5.051;42;227;229;231;222;2.654;49.99;403.7;3.671;411.7;0.850;0.0;0.000;60;0;0;2.616;2.745;2.601;592;631;573;49.99;49.99;49.99;4032;1000;0.0;0;1.0000;0;0
600;2013-08-11 11:40:00;172602N232;2482;5.466;42;229;229;231;226;3.634;50.01;391.3;4.349;339.0;2.775;0.0;0.000;60;0;0;3.594;3.695;3.613;818;849;812;50.01;50.01;50.01;4032;1000;0.0;0;1.0000;0;0
600;2013-08-11 11:50:00;172602N232;656;5.576;42;226;225;228;225;1.250;50.00;389.3;0.870;397.3;0.781;0.0;0.000;60;0;0;1.209;1.329;1.212;203;229;223;50.00;50.00;50.00;4032;1000;0.0;0;1.0000;0;0
600;2013-08-11 12:00:00;172602N232;515;5.662;42;225;225;227;222;1.118;50.01;406.0;0.637;407.5;0.599;0.0;0.000;60;0;0;1.149;1.170;1.036;159;180;174;50.01;50.01;50.01;4032;1000;0.0;0;1.0000;0;0
600;2013-08-11 12:10:00;172602N232;2397;6.060;42;227;228;230;224;3.558;50.00;415.0;3.171;389.7;2.975;0.0;0.000;60;0;0;3.553;3.626;3.497;791;826;775;50.00;50.00;50.00;4032;1000;0.0;0;1.0000;0;0
600;2013-08-11 12:20:00;172602N232;3763;6.687;42;229;229;232;225;5.465;50.00;410.5;4.769;401.7;4.722;0.0;0.000;60;0;0;5.415;5.590;5.392;1242;1297;1216;50.00;50.00;50.00;4032;1000;0.0;0;1.0000;0;0
600;2013-08-11 12:30:00;172602N232;3580;7.284;43;229;227;233;226;5.208;50.00;385.6;4.809;392.7;4.550;0.0;0.000;60;0;0;5.094;5.361;5.169;1156;1255;1168;50.00;50.00;50.00;4032;1000;0.0;0;1.0000;0;0
600;2013-08-11 12:40:00;172602N232;2719;7.738;43;228;228;232;225;3.979;50.02;393.5;3.574;401.3;3.356;0.0;0.000;60;0;0;3.917;4.083;3.939;891;946;881;50.02;50.02;50.02;4032;1000;0.0;0;1.0000;0;0
600;2013-08-11 12:50:00;172602N232;3617;8.340;43;229;229;233;225;5.247;50.03;393.0;4.748;399.5;4.514;0.0;0.000;60;0;0;5.181;5.374;5.188;1189;1258;1171;50.03;50.03;50.03;4032;1000;0.0;0;1.0000;0;0
600;2013-08-11 13:00:00;172602N232;3753;8.964;43;230;229;234;225;5.441;50.01;392.3;4.933;397.3;4.736;0.0;0.000;60;0;0;5.367;5.614;5.343;1232;1317;1201;50.01;50.01;50.01;4032;1000;0.0;0;1.0000;0;0
600;2013-08-11 13:10:00;172602N232;5146;9.824;44;230;232;234;225;7.439;50.02;377.0;6.982;380.0;6.885;0.0;0.000;60;0;0;7.427;7.635;7.255;1723;1789;1633;50.02;50.02;50.02;4032;1000;0.0;0;1.0000;0;0
600;2013-08-11 13:20:00;172602N232;2850;10.299;45;228;230;230;225;4.158;50.02;384.6;3.841;384.6;3.721;0.0;0.000;60;0;0;4.124;4.242;4.108;947;978;920;50.02;50.02;50.02;4032;1000;0.0;0;1.0000;0;0
600;2013-08-11 13:30:00;172602N232;2272;10.679;44;228;227;229;226;3.334;50.01;405.4;2.894;402.2;2.783;0.0;0.000;60;0;0;3.268;3.391;3.345;740;775;755;50.01;50.01;50.01;4032;1000;0.0;0;1.0000;0;0
600;2013-08-11 13:40:00;172602N232;2720;11.131;44;229;229;231;226;3.972;50.02;402.7;3.492;402.5;3.343;0.0;0.000;60;0;0;3.922;4.051;3.944;896;933;889;50.02;50.02;50.02;4032;1000;0.0;0;1.0000;0;0
600;2013-08-11 13:50:00;172602N232;2136;11.487;44;229;229;231;226;3.134;50.03;407.6;2.683;403.6;2.630;0.0;0.000;60;0;0;3.075;3.208;3.120;697;737;700;50.03;50.03;50.03;4032;1000;0.0;0;1.0000;0;0
600;2013-08-11 14:00:00;172602N232;4390;12.220;43;228;227;233;223;6.423;50.00;395.6;5.700;397.9;5.561;0.0;0.000;60;0;0;6.346;6.624;6.299;1442;1544;1404;50.00;50.00;50.00;4032;1000;0.0;0;1.0000;0;0
600;2013-08-11 14:10:00;172602N232;3067;12.732;44;227;227;230;223;4.495;50.01;384.3;4.098;382.8;4.006;0.0;0.000;60;0;0;4.442;4.628;4.417;1010;1073;983;50.01;50.01;50.01;4032;1000;0.0;0;1.0000;0;0
600;2013-08-11 14:20:00;172602N232;1476;12.978;43;224;223;227;221;2.247;50.01;402.3;1.884;398.3;1.821;0.0;0.000;60;0;0;2.191;2.309;2.242;475;512;487;50.01;50.01;50.01;4032;1000;0.0;0;1.0000;0;0
600;2013-08-11 14:30:00;172602N232;882;13.125;43;224;223;227;221;1.349;50.00;403.2;1.120;401.9;1.062;0.0;0.000;60;0;0;1.291;1.404;1.354;279;310;291;50.00;50.00;50.00;4032;1000;0.0;0;1.0000;0;0
600;2013-08-11 14:40:00;172602N232;906;13.276;42;222;224;226;217;1.407;50.00;410.9;1.127;413.0;1.067;0.0;0.000;60;0;0;1.375;1.456;1.391;293;320;293;50.00;50.00;50.00;4032;1000;0.0;0;1.0000;0;0
600;2013-08-11 14:50:00;172602N232;826;13.415;42;222;224;225;219;1.381;50.00;409.2;1.003;413.3;0.991;0.0;0.000;60;0;0;1.379;1.399;1.366;269;285;270;50.00;50.00;50.00;4032;1000;0.0;0;1.0000;0;0
600;2013-08-11 15:00:00;172602N232;3170;13.944;42;225;225;229;222;4.692;49.99;420.5;3.838;421.1;3.774;0.0;0.000;60;0;0;4.620;4.824;4.632;1036;1107;1025;49.99;49.99;49.99;4032;1000;0.0;0;1.0000;0;0
600;2013-08-11 15:10:00;172602N232;4455;14.685;42;226;226;231;221;6.576;50.01;406.8;5.625;407.3;5.528;0.0;0.000;60;0;0;6.499;6.774;6.457;1466;1561;1425;50.01;50.01;50.01;4032;1000;0.0;0;1.0000;0;0
600;2013-08-11 15:20:00;172602N232;4571;15.447;42;225;224;229;221;6.778;50.01;385.4;6.047;387.2;5.989;0.0;0.000;60;0;0;6.702;6.952;6.682;1501;1593;1475;50.01;50.01;50.01;4032;1000;0.0;0;1.0000;0;0
600;2013-08-11 15:30:00;172602N232;4430;16.185;43;225;224;230;221;6.565;50.00;383.6;5.875;384.8;5.848;0.0;0.000;60;0;0;6.451;6.755;6.489;1440;1552;1435;50.00;50.00;50.00;4032;1000;0.0;0;1.0000;0;0
600;2013-08-11 15:40:00;172602N232;3699;16.803;44;224;224;228;222;5.494;50.01;381.2;4.918;381.8;4.888;0.0;0.000;60;0;0;5.411;5.619;5.452;1208;1282;1205;50.01;50.01;50.01;4032;1000;0.0;0;1.0000;0;0
600;2013-08-11 15:50:00;172602N232;3501;17.386;44;224;224;228;222;5.203;50.01;391.6;4.537;390.4;4.548;0.0;0.000;60;0;0;5.126;5.319;5.164;1144;1214;1141;50.01;50.01;50.01;4032;1000;0.0;0;1.0000;0;0
600;2013-08-11 16:00:00;172602N232;3766;18.014;44;225;224;228;221;5.595;50.01;387.1;4.964;387.5;4.919;0.0;0.000;60;0;0;5.522;5.721;5.543;1236;1305;1223;50.01;50.01;50.01;4032;1000;0.0;0;1.0000;0;0
600;2013-08-11 16:10:00;172602N232;4065;18.691;44;226;225;230;222;6.006;50.00;386.1;5.356;386.9;5.330;0.0;0.000;60;0;0;5.932;6.151;5.937;1335;1412;1316;50.00;50.00;50.00;4032;1000;0.0;0;1.0000;0;0
600;2013-08-11 16:20:00;172602N232;3380;19.256;44;229;229;233;227;4.915;50.00;389.5;4.411;391.3;4.381;0.0;0.000;60;0;0;4.831;5.029;4.886;1103;1172;1105;50.00;50.00;50.00;4032;1000;0.0;0;1.0000;0;0
600;2013-08-11 16:30:00;172602N232;3038;19.762;44;228;227;232;225;4.441;49.98;402.9;3.820;394.2;3.919;0.0;0.000;60;0;0;4.371;4.563;4.389;993;1057;986;49.98;49.98;49.98;4032;1000;0.0;0;1.0000;0;0
600;2013-08-11 16:40:00;172602N232;3427;20.335;44;229;228;233;226;4.994;49.99;396.4;4.354;395.0;4.454;0.0;0.000;60;0;0;4.910;5.129;4.944;1116;1196;1116;49.99;49.99;49.99;4032;1000;0.0;0;1.0000;0;0
600;2013-08-11 16:50:00;172602N232;3131;20.855;44;229;227;233;227;4.560;50.00;379.1;4.106;390.3;4.093;0.0;0.000;60;0;0;4.463;4.689;4.528;1012;1092;1024;50.00;50.00;50.00;4032;1000;0.0;0;1.0000;0;0
600;2013-08-11 17:00:00;172602N232;3510;21.440;44;230;229;233;227;5.102;50.02;383.7;4.569;394.1;4.584;0.0;0.000;60;0;0;5.017;5.214;5.076;1144;1217;1149;50.02;50.02;50.02;4032;1000;0.0;0;1.0000;0;0
600;2013-08-11 17:10:00;172602N232;3119;21.962;44;226;225;229;223;4.615;50.00;380.7;4.091;391.0;4.081;0.0;0.000;60;0;0;4.557;4.709;4.579;1025;1077;1016;50.00;50.00;50.00;4032;1000;0.0;0;1.0000;0;0
600;2013-08-11 17:20:00;172602N232;1592;22.227;44;224;223;226;222;2.426;49.99;387.9;2.036;392.9;2.028;0.0;0.000;60;0;0;2.368;2.490;2.422;514;550;524;49.99;49.99;49.99;4032;1000;0.0;0;1.0000;0;0
600;2013-08-11 17:30:00;172602N232;2779;22.689;44;225;225;228;222;4.121;49.99;391.2;3.537;402.2;3.530;0.0;0.000;60;0;0;4.060;4.216;4.089;911;959;906;49.99;49.99;49.99;4032;1000;0.0;0;1.0000;0;0
600;2013-08-11 17:40:00;172602N232;2820;23.161;44;225;225;226;224;4.185;49.99;387.5;3.620;399.4;3.616;0.0;0.000;60;0;0;4.145;4.238;4.174;931;960;930;49.99;49.99;49.99;4032;1000;0.0;0;1.0000;0;0
600;2013-08-11 17:50:00;172602N232;1113;23.346;44;221;221;222;219;1.762;50.00;389.8;1.402;396.2;1.384;0.0;0.000;60;0;0;1.733;1.804;1.751;361;385;365;50.00;50.00;50.00;4032;1000;0.0;0;1.0000;0;0
600;2013-08-11 18:00:00;172602N232;2533;23.769;44;222;219;227;220;3.821;50.00;396.5;3.202;402.9;3.175;0.0;0.000;60;0;0;3.728;3.935;3.802;814;888;829;50.00;50.00;50.00;4032;1000;0.0;0;1.0000;0;0
600;2013-08-11 18:10:00;172602N232;1040;23.943;44;221;217;226;219;1.697;50.01;381.2;1.340;397.6;1.319;0.0;0.000;60;0;0;1.593;1.794;1.705;321;374;343;50.01;50.01;50.01;4032;1000;0.0;0;1.0000;0;0
600;2013-08-11 18:20:00;172602N232;607;24.043;44;221;218;224;220;1.175;49.99;389.5;0.767;394.9;0.764;0.0;0.000;60;0;0;1.092;1.255;1.179;188;217;200;49.99;49.99;49.99;4032;1000;0.0;0;1.0000;0;0
600;2013-08-11 18:30:00;172602N232;170;24.072;43;219;217;220;221;0.940;49.98;373.0;0.213;377.9;0.202;0.0;0.000;60;0;0;0.824;1.138;0.860;63;55;51;49.98;49.98;49.98;4032;1000;0.0;0;1.0000;0;0
600;2013-08-11 18:40:00;172602N232;114;24.091;43;220;216;222;221;0.917;49.98;369.4;0.141;375.2;0.131;0.0;0.000;60;0;0;0.679;1.359;0.715;58;5;55;49.98;49.98;49.98;4032;1000;0.0;0;1.0000;0;0
600;2013-08-11 18:50:00;172602N232;121;24.112;42;222;220;224;221;0.930;50.00;376.6;0.147;379.7;0.140;0.0;0.000;60;0;0;0.777;1.303;0.711;47;12;63;50.00;50.00;50.00;4032;1000;0.0;0;1.0000;0;0
600;2013-08-11 19:00:00;172602N232;52;24.120;42;222;222;223;221;0.542;50.02;323.2;0.060;326.2;0.057;0.0;0.000;60;0;0;0.560;0.654;0.413;13;11;33;50.02;50.02;50.02;4032;1000;0.0;0;1.0000;0;0
600;2013-08-11 19:10:00;172602N232;0;24.120;41;221;220;222;219;0.006;50.00;276.7;0.000;275.9;0.000;0.0;0.000;51;0;0;0.016;0.003;0.000;0;0;0;50.00;50.00;50.00;4232;1000;0.0;0;1.0000;0;0
600;2013-08-11 19:20:00;172602N232;39;24.127;39;221;219;223;222;0.520;49.99;313.0;0.039;327.7;0.042;0.0;0.000;60;0;0;0.427;0.703;0.432;22;4;21;49.99;49.99;49.99;7712;1000;0.0;0;1.0000;0;0
600;2013-08-11 19:30:00;172602N232;719;24.247;39;223;222;225;222;1.384;50.00;413.8;0.703;409.0;1.022;0.0;0.000;60;0;0;1.360;1.451;1.343;233;245;239;50.00;50.00;50.00;7712;1000;0.0;0;1.0000;0;0
600;2013-08-11 19:40:00;172602N232;1160;24.442;40;224;222;226;222;1.752;50.00;409.9;1.303;416.9;1.507;0.0;0.000;60;0;0;1.682;1.804;1.771;368;403;387;50.00;50.00;50.00;7712;1000;0.0;0;1.0000;0;0
600;2013-08-11 19:50:00;172602N232;320;24.494;40;223;223;225;221;0.908;50.01;395.1;0.394;404.5;0.375;0.0;0.000;60;0;0;0.912;1.015;0.798;87;114;118;50.01;50.01;50.01;7712;1000;0.0;0;1.0000;0;0
600;2013-08-11 20:00:00;172602N232;88;24.509;40;221;218;224;220;0.819;50.01;374.3;0.099;375.1;0.095;0.0;0.000;60;0;0;0.596;1.254;0.607;41;5;53;50.01;50.01;50.01;7712;1000;0.0;0;1.0000;0;0
600;2013-08-11 20:10:00;172602N232;27;24.513;40;221;219;224;220;0.650;50.00;316.1;0.024;331.1;0.025;0.0;0.000;60;0;0;0.466;1.043;0.441;24;0;29;50.00;50.00;50.00;7712;1000;0.0;0;1.0000;0;0
600;2013-08-11 20:20:00;172602N232;14;24.517;40;221;221;222;220;0.384;49.99;276.9;0.007;287.9;0.009;0.0;0.000;60;0;0;0.412;0.450;0.292;4;6;14;49.99;49.99;49.99;7712;1000;0.0;0;1.0000;0;0
600;2013-08-11 20:30:00;172602N232;4;24.517;39;221;222;220;221;0.237;49.99;251.6;0.000;259.4;0.000;0.0;0.000;60;0;0;0.334;0.158;0.219;0;8;8;49.99;49.99;49.99;7712;1000;0.0;0;1.0000;0;0
600;2013-08-11 20:40:00;172602N232;0;24.518;39;221;221;223;220;0.104;49.99;250.7;0.000;251.7;0.000;0.0;0.000;60;0;0;0.118;0.118;0.078;0;0;3;49.99;49.99;49.99;7712;1000;0.0;0;1.0000;0;0
600;2013-08-11 20:50:00;172602N232;0;24.518;38;221;222;222;220;0.045;49.99;265.2;0.000;264.6;0.000;0.0;0.000;60;0;0;0.057;0.043;0.035;0;1;1;49.99;49.99;49.99;4774;1000;0.0;0;1.0000;0;0
600;2013-08-11 21:00:00;172602N232;0;24.518;37;222;223;224;219;0.004;49.99;240.6;0.000;241.1;0.000;0.0;0.000;50;0;0;0.013;0.000;0.000;0;0;0;49.99;49.99;49.99;4369;1000;0.0;0;1.0000;0;0
600;2013-08-11 21:10:00;172602N232;0;24.518;36;222;223;225;219;0.000;50.00;230.3;0.000;231.3;0.000;0.0;0.000;50;0;0;0.000;0.000;0.000;0;0;0;50.00;50.00;50.00;4369;1000;0.0;0;1.0000;0;0
600;2013-08-11 21:20:00;172602N232;0;24.518;36;222;222;224;219;0.000;49.99;227.4;0.000;228.4;0.000;0.0;0.000;50;0;0;0.000;0.000;0.000;0;0;0;49.99;49.99;49.99;4369;1000;0.0;0;1.0000;0;0
[wr_ende]
