20160729;230002;172602N232;My Plant;+0100
[wr_def_start]
172602N232;Inverter Type;Inverter Group;72602N232      
[wr_def_end]
[wr]
INTERVAL;TIMESTAMP;SERIAL;P_AC;E_DAY;T_WR;U_AC;U_AC_1;U_AC_2;U_AC_3;I_AC;F_AC;U_DC_1;I_DC_1;U_DC_2;I_DC_2;U_DC_3;I_DC_3;S;E_WR;M_WR;I_AC_1;I_AC_2;I_AC_3;P_AC_1;P_AC_2;P_AC_3;F_AC_1;F_AC_2;F_AC_3;R_DC;PC;PCS;PCS_LL;COS_PHI;COS_PHI_LL;S_COS_PHI
600;2016-07-29 04:10:00;172602N232;0;0.000;0;4;4;4;4;0.000;1.08;4.8;0.000;4.8;0.000;0.0;0.000;50;0;0;0.000;0.000;0.000;0;0;0;1.08;1.08;1.08;135;1000;0.0;0;1.0000;0;0
600;2016-07-29 04:20:00;172602N232;0;0.000;26;225;225;228;222;0.000;50.00;227.6;0.000;228.6;0.000;0.0;0.000;50;0;0;0.000;0.000;0.000;0;0;0;50.00;50.00;50.00;0;1000;0.0;0;1.0000;0;0
600;2016-07-29 04:30:00;172602N232;0;0.000;28;225;225;229;222;0.000;50.01;231.8;0.000;232.8;0.000;0.0;0.000;50;0;0;0.000;0.000;0.000;0;0;0;50.01;50.01;50.01;0;1000;0.0;0;1.0000;0;0
600;2016-07-29 04:40:00;172602N232;0;0.000;29;225;225;229;223;0.000;50.00;256.3;0.000;256.8;0.000;0.0;0.000;50;0;0;0.000;0.000;0.000;0;0;0;50.00;50.00;50.00;0;1000;0.0;0;1.0000;0;0
600;2016-07-29 04:50:00;172602N232;0;0.000;29;225;225;229;222;0.000;50.00;325.3;0.000;322.4;0.000;0.0;0.000;60;0;0;0.001;0.000;0.000;0;0;0;50.00;50.00;50.00;1646;1000;0.0;0;1.0000;0;0
600;2016-07-29 05:00:00;172602N232;4;0.001;29;225;225;226;224;0.153;50.00;276.9;0.001;276.5;0.002;0.0;0.000;60;0;0;0.181;0.156;0.122;0;4;7;50.00;50.00;50.00;3865;1000;0.0;0;1.0000;0;0
600;2016-07-29 05:10:00;172602N232;17;0.005;30;225;225;226;224;0.430;50.02;301.5;0.009;298.5;0.012;0.0;0.000;60;0;0;0.521;0.498;0.273;2;3;16;50.02;50.02;50.02;3868;1000;0.0;0;1.0000;0;0
600;2016-07-29 05:20:00;172602N232;41;0.011;30;225;225;226;224;0.625;50.04;347.0;0.038;357.8;0.038;0.0;0.000;60;0;0;0.682;0.758;0.436;4;6;30;50.04;50.04;50.04;3868;1000;0.0;0;1.0000;0;0
600;2016-07-29 05:30:00;172602N232;96;0.026;31;224;225;226;223;0.893;50.00;382.0;0.109;392.3;0.104;0.0;0.000;60;0;0;0.923;1.040;0.718;13;19;62;50.00;50.00;50.00;3868;1000;0.0;0;1.0000;0;0
600;2016-07-29 05:40:00;172602N232;124;0.047;31;224;224;225;223;0.911;50.00;388.8;0.143;397.8;0.138;0.0;0.000;60;0;0;0.927;1.050;0.757;23;30;70;50.00;50.00;50.00;3868;1000;0.0;0;1.0000;0;0
600;2016-07-29 05:50:00;172602N232;115;0.066;31;224;224;224;224;0.883;50.00;378.9;0.135;394.8;0.127;0.0;0.000;60;0;0;0.959;0.947;0.743;15;35;63;50.00;50.00;50.00;3868;1000;0.0;0;1.0000;0;0
600;2016-07-29 06:00:00;172602N232;132;0.088;32;223;223;224;223;0.910;50.00;384.4;0.156;398.8;0.146;0.0;0.000;60;0;0;0.934;1.011;0.785;27;39;64;50.00;50.00;50.00;3868;1000;0.0;0;1.0000;0;0
600;2016-07-29 06:10:00;172602N232;143;0.112;32;223;223;223;222;0.932;50.00;396.8;0.164;400.0;0.157;0.0;0.000;60;0;0;1.011;1.024;0.762;20;48;73;50.00;50.00;50.00;3868;1000;0.0;0;1.0000;0;0
600;2016-07-29 06:20:00;172602N232;141;0.136;32;223;223;224;221;0.897;50.02;397.1;0.161;398.9;0.156;0.0;0.000;60;0;0;0.899;1.102;0.692;18;53;69;50.02;50.02;50.02;3868;1000;0.0;0;1.0000;0;0
600;2016-07-29 06:30:00;172602N232;166;0.164;33;223;223;224;222;0.979;50.03;386.9;0.198;399.6;0.190;0.0;0.000;60;0;0;0.923;1.284;0.730;34;57;74;50.03;50.03;50.03;3868;1000;0.0;0;1.0000;0;0
600;2016-07-29 06:40:00;172602N232;202;0.198;33;223;222;224;222;1.068;50.00;403.8;0.234;404.3;0.229;0.0;0.000;60;0;0;1.231;1.272;0.701;56;77;66;50.00;50.00;50.00;3868;1000;0.0;0;1.0000;0;0
600;2016-07-29 06:50:00;172602N232;199;0.231;33;222;222;224;221;1.071;49.99;404.5;0.231;403.9;0.225;0.0;0.000;60;0;0;1.136;1.331;0.748;47;75;75;49.99;49.99;49.99;3868;1000;0.0;0;1.0000;0;0
600;2016-07-29 07:00:00;172602N232;243;0.271;33;222;222;223;221;1.086;49.99;408.1;0.284;407.0;0.277;0.0;0.000;60;0;0;1.037;1.290;0.931;53;94;93;49.99;49.99;49.99;3868;1000;0.0;0;1.0000;0;0
600;2016-07-29 07:10:00;172602N232;221;0.308;34;222;222;223;221;1.034;50.00;395.1;0.263;402.1;0.257;0.0;0.000;60;0;0;1.115;1.252;0.737;61;84;74;50.00;50.00;50.00;3868;1000;0.0;0;1.0000;0;0
600;2016-07-29 07:20:00;172602N232;178;0.338;34;225;225;226;225;0.996;50.01;383.1;0.214;397.3;0.207;0.0;0.000;60;0;0;1.421;0.911;0.658;70;53;54;50.01;50.01;50.01;3868;1000;0.0;0;1.0000;0;0
600;2016-07-29 07:30:00;172602N232;227;0.376;34;224;224;227;223;1.092;50.01;399.8;0.269;402.5;0.263;0.0;0.000;60;0;0;1.193;1.308;0.777;73;68;85;50.01;50.01;50.01;3868;1000;0.0;0;1.0000;0;0
600;2016-07-29 07:40:00;172602N232;370;0.438;34;225;225;226;223;1.250;49.99;413.7;0.440;415.3;0.424;0.0;0.000;60;0;0;1.253;1.347;1.151;92;121;156;49.99;49.99;49.99;3868;1000;0.0;0;1.0000;0;0
600;2016-07-29 07:50:00;172602N232;449;0.514;34;225;225;226;223;0.899;49.99;417.7;0.528;415.0;0.525;0.0;0.000;60;0;0;0.881;0.928;0.889;136;160;151;49.99;49.99;49.99;3868;1000;0.0;0;1.0000;0;0
600;2016-07-29 08:00:00;172602N232;412;0.583;35;225;225;226;223;1.173;50.00;415.2;0.485;412.0;0.484;0.0;0.000;60;0;0;1.165;1.208;1.146;114;142;154;50.00;50.00;50.00;3868;1000;0.0;0;1.0000;0;0
600;2016-07-29 08:10:00;172602N232;311;0.634;35;224;225;226;223;1.156;49.99;406.5;0.372;409.6;0.359;0.0;0.000;60;0;0;1.303;1.221;0.946;98;110;101;49.99;49.99;49.99;3868;1000;0.0;0;1.0000;0;0
600;2016-07-29 08:20:00;172602N232;355;0.694;35;224;224;225;222;1.183;49.99;399.5;0.434;408.9;0.418;0.0;0.000;60;0;0;1.202;1.256;1.091;98;121;135;49.99;49.99;49.99;3868;1000;0.0;0;1.0000;0;0
600;2016-07-29 08:30:00;172602N232;465;0.771;35;224;224;226;222;0.915;49.99;416.4;0.552;414.2;0.543;0.0;0.000;60;0;0;0.853;0.984;0.908;134;162;166;49.99;49.99;49.99;3868;1000;0.0;0;1.0000;0;0
600;2016-07-29 08:40:00;172602N232;662;0.882;35;224;223;226;223;1.028;50.00;422.3;0.780;417.2;0.780;0.0;0.000;60;0;0;0.970;1.073;1.041;206;231;222;50.00;50.00;50.00;3868;1000;0.0;0;1.0000;0;0
600;2016-07-29 08:50:00;172602N232;907;1.033;36;224;224;225;223;1.383;50.01;422.1;1.070;422.5;1.066;0.0;0.000;60;0;0;1.334;1.421;1.396;290;312;303;50.01;50.01;50.01;3868;1000;0.0;0;1.0000;0;0
600;2016-07-29 09:00:00;172602N232;531;1.121;36;223;224;225;221;0.960;50.00;404.6;0.656;413.0;0.623;0.0;0.000;60;0;0;0.939;0.987;0.954;168;186;175;50.00;50.00;50.00;3868;1000;0.0;0;1.0000;0;0
600;2016-07-29 09:10:00;172602N232;660;1.232;37;224;224;225;222;1.029;50.00;416.3;0.823;414.5;0.749;0.0;0.000;60;0;0;0.977;1.073;1.037;207;230;220;50.00;50.00;50.00;3868;1000;0.0;0;1.0000;0;0
600;2016-07-29 09:20:00;172602N232;757;1.359;37;224;224;225;222;1.170;49.99;421.1;0.922;421.7;0.859;0.0;0.000;60;0;0;1.117;1.210;1.183;239;262;253;49.99;49.99;49.99;3868;1000;0.0;0;1.0000;0;0
600;2016-07-29 09:30:00;172602N232;973;1.520;37;224;224;226;222;1.479;50.00;426.0;1.159;426.2;1.117;0.0;0.000;60;0;0;1.429;1.522;1.488;312;337;322;50.00;50.00;50.00;3868;1000;0.0;0;1.0000;0;0
600;2016-07-29 09:40:00;172602N232;999;1.688;37;223;224;223;221;1.522;50.00;425.1;1.203;427.3;1.134;0.0;0.000;60;0;0;1.483;1.554;1.531;325;341;331;50.00;50.00;50.00;3868;1000;0.0;0;1.0000;0;0
600;2016-07-29 09:50:00;172602N232;933;1.843;38;223;223;223;222;1.429;50.00;422.9;1.119;423.6;1.075;0.0;0.000;60;0;0;1.382;1.462;1.444;299;319;312;50.00;50.00;50.00;3868;1000;0.0;0;1.0000;0;0
600;2016-07-29 10:00:00;172602N232;710;1.961;38;223;223;224;222;1.130;49.99;404.7;0.871;414.2;0.850;0.0;0.000;60;0;0;1.096;1.151;1.143;223;244;241;49.99;49.99;49.99;3868;1000;0.0;0;1.0000;0;0
600;2016-07-29 10:10:00;172602N232;443;2.035;38;223;224;224;220;0.709;49.99;402.6;0.547;410.8;0.521;0.0;0.000;60;0;0;0.661;0.747;0.721;135;157;149;49.99;49.99;49.99;3868;1000;0.0;0;1.0000;0;0
600;2016-07-29 10:20:00;172602N232;386;2.099;38;223;224;224;220;0.627;50.00;411.1;0.464;412.3;0.447;0.0;0.000;60;0;0;0.578;0.663;0.640;116;138;129;50.00;50.00;50.00;3868;1000;0.0;0;1.0000;0;0
600;2016-07-29 10:30:00;172602N232;393;2.165;38;223;224;224;221;0.637;49.99;410.3;0.475;411.3;0.456;0.0;0.000;60;0;0;0.589;0.672;0.652;118;140;133;49.99;49.99;49.99;3868;1000;0.0;0;1.0000;0;0
600;2016-07-29 10:40:00;172602N232;511;2.250;39;223;222;223;222;0.809;50.00;414.4;0.609;411.2;0.606;0.0;0.000;60;0;0;0.756;0.844;0.827;156;179;173;50.00;50.00;50.00;3868;1000;0.0;0;1.0000;0;0
600;2016-07-29 10:50:00;172602N232;540;2.341;39;223;222;225;222;0.916;50.00;412.9;0.653;412.3;0.636;0.0;0.000;60;0;0;0.873;0.946;0.930;168;189;181;50.00;50.00;50.00;3868;1000;0.0;0;1.0000;0;0
600;2016-07-29 11:00:00;172602N232;587;2.438;39;223;222;225;222;0.996;49.99;411.7;0.718;414.6;0.682;0.0;0.000;60;0;0;0.938;1.051;1.000;182;207;196;49.99;49.99;49.99;3868;1000;0.0;0;1.0000;0;0
600;2016-07-29 11:10:00;172602N232;505;2.523;39;222;222;224;221;0.801;50.00;408.2;0.621;409.6;0.592;0.0;0.000;60;0;0;0.744;0.843;0.818;154;178;171;50.00;50.00;50.00;3868;1000;0.0;0;1.0000;0;0
600;2016-07-29 11:20:00;172602N232;991;2.688;39;223;222;225;221;1.528;50.00;420.2;1.184;416.7;1.176;0.0;0.000;60;0;0;1.477;1.572;1.535;316;344;329;50.00;50.00;50.00;3868;1000;0.0;0;1.0000;0;0
600;2016-07-29 11:30:00;172602N232;1524;2.942;39;224;223;226;222;2.288;49.99;422.0;1.831;419.2;1.806;0.0;0.000;60;0;0;2.228;2.341;2.296;492;524;506;49.99;49.99;49.99;3868;1000;0.0;0;1.0000;0;0
600;2016-07-29 11:40:00;172602N232;1453;3.184;39;224;223;226;223;2.174;50.01;415.2;1.812;418.7;1.686;0.0;0.000;60;0;0;2.111;2.227;2.185;468;500;483;50.01;50.01;50.01;3868;1000;0.0;0;1.0000;0;0
600;2016-07-29 11:50:00;172602N232;1429;3.423;39;224;224;226;223;2.154;50.00;410.4;1.816;414.4;1.661;0.0;0.000;60;0;0;2.099;2.203;2.162;461;492;474;50.00;50.00;50.00;3868;1000;0.0;0;1.0000;0;0
600;2016-07-29 12:00:00;172602N232;1294;3.639;39;224;223;226;223;2.014;49.99;411.0;1.627;416.7;1.508;0.0;0.000;60;0;0;1.974;2.040;2.028;414;445;433;49.99;49.99;49.99;3868;1000;0.0;0;1.0000;0;0
600;2016-07-29 12:10:00;172602N232;1675;3.918;39;224;223;227;223;2.505;50.01;409.8;2.119;417.9;1.958;0.0;0.000;60;0;0;2.441;2.562;2.512;541;576;556;50.01;50.01;50.01;3868;1000;0.0;0;1.0000;0;0
600;2016-07-29 12:20:00;172602N232;3247;4.459;40;226;225;230;224;4.784;50.01;394.7;4.221;398.4;4.091;0.0;0.000;60;0;0;4.705;4.888;4.761;1057;1124;1065;50.01;50.01;50.01;3868;1000;0.0;0;1.0000;0;0
600;2016-07-29 12:30:00;172602N232;850;4.601;40;224;223;226;222;1.311;49.98;392.5;1.095;397.3;1.045;0.0;0.000;60;0;0;1.259;1.358;1.317;269;297;282;49.98;49.98;49.98;3868;1000;0.0;0;1.0000;0;0
600;2016-07-29 12:40:00;172602N232;498;4.684;40;223;223;225;222;0.792;50.00;391.8;0.655;394.2;0.590;0.0;0.000;60;0;0;0.739;0.831;0.806;152;176;168;50.00;50.00;50.00;3868;1000;0.0;0;1.0000;0;0
600;2016-07-29 12:50:00;172602N232;732;4.806;40;224;224;225;222;1.136;50.00;403.0;0.923;408.7;0.868;0.0;0.000;60;0;0;1.084;1.176;1.150;231;254;245;50.00;50.00;50.00;3868;1000;0.0;0;1.0000;0;0
600;2016-07-29 13:00:00;172602N232;480;4.887;40;223;223;224;222;0.844;49.99;401.9;0.592;397.3;0.585;0.0;0.000;60;0;0;0.812;0.872;0.849;147;168;162;49.99;49.99;49.99;3868;1000;0.0;0;1.0000;0;0
600;2016-07-29 13:10:00;172602N232;233;4.925;40;223;223;224;222;1.022;50.00;376.6;0.295;386.8;0.284;0.0;0.000;60;0;0;1.128;1.213;0.725;69;89;72;50.00;50.00;50.00;3868;1000;0.0;0;1.0000;0;0
600;2016-07-29 13:20:00;172602N232;339;4.982;40;223;223;225;221;1.201;50.01;385.6;0.424;394.9;0.418;0.0;0.000;60;0;0;1.227;1.297;1.080;89;115;133;50.01;50.01;50.01;3868;1000;0.0;0;1.0000;0;0
600;2016-07-29 13:30:00;172602N232;389;5.047;39;223;223;225;222;1.225;49.98;400.6;0.478;406.2;0.457;0.0;0.000;60;0;0;1.232;1.304;1.141;100;135;152;49.98;49.98;49.98;3868;1000;0.0;0;1.0000;0;0
600;2016-07-29 13:40:00;172602N232;623;5.151;39;224;224;225;223;1.052;49.99;415.4;0.763;418.3;0.707;0.0;0.000;60;0;0;1.008;1.095;1.053;196;217;207;49.99;49.99;49.99;3868;1000;0.0;0;1.0000;0;0
600;2016-07-29 13:50:00;172602N232;1170;5.346;39;225;225;226;223;1.787;50.00;420.4;1.429;425.0;1.340;0.0;0.000;60;0;0;1.748;1.823;1.790;378;402;388;50.00;50.00;50.00;3868;1000;0.0;0;1.0000;0;0
600;2016-07-29 14:00:00;172602N232;1927;5.668;39;225;225;227;224;2.868;49.99;408.1;2.399;423.4;2.269;0.0;0.000;60;0;0;2.823;2.918;2.865;632;657;636;49.99;49.99;49.99;3868;1000;0.0;0;1.0000;0;0
600;2016-07-29 14:10:00;172602N232;3158;6.195;39;227;227;230;224;4.660;50.00;403.6;3.962;404.7;3.957;0.0;0.000;60;0;0;4.613;4.762;4.607;1042;1090;1025;50.00;50.00;50.00;3868;1000;0.0;0;1.0000;0;0
600;2016-07-29 14:20:00;172602N232;3194;6.728;40;225;229;232;216;4.740;50.01;393.4;4.139;389.8;4.125;0.0;0.000;60;0;0;4.747;4.933;4.540;1081;1138;972;50.02;50.02;50.02;3868;1000;0.0;0;1.0000;0;0
600;2016-07-29 14:30:00;172602N232;2501;7.145;41;225;229;230;215;3.726;49.97;389.6;3.279;388.5;3.231;0.0;0.000;60;0;0;3.733;3.904;3.543;849;896;755;49.97;49.97;49.97;3868;1000;0.0;0;1.0000;0;0
600;2016-07-29 14:40:00;172602N232;1500;7.395;41;224;228;228;215;2.281;49.98;388.6;1.990;397.3;1.850;0.0;0.000;60;0;0;2.275;2.370;2.198;503;531;464;49.98;49.98;49.98;3868;1000;0.0;0;1.0000;0;0
600;2016-07-29 14:50:00;172602N232;962;7.554;41;223;227;228;215;1.551;50.00;392.5;1.279;402.1;1.139;0.0;0.000;60;0;0;1.553;1.619;1.481;314;346;300;50.00;50.00;50.00;3868;1000;0.0;0;1.0000;0;0
600;2016-07-29 15:00:00;172602N232;952;7.714;41;223;227;228;215;1.618;49.99;401.6;1.198;402.5;1.161;0.0;0.000;60;0;0;1.713;1.609;1.534;320;332;298;49.99;49.99;49.99;3868;1000;0.0;0;1.0000;0;0
600;2016-07-29 15:10:00;172602N232;1226;7.918;41;224;228;228;215;1.879;50.00;404.2;1.554;404.2;1.475;0.0;0.000;60;0;0;1.871;1.957;1.810;408;437;379;50.00;50.00;50.00;3868;1000;0.0;0;1.0000;0;0
600;2016-07-29 15:20:00;172602N232;503;8.003;41;223;227;227;215;1.180;50.02;392.9;0.670;395.5;0.585;0.0;0.000;60;0;0;1.187;1.249;1.104;166;184;152;50.02;50.02;50.02;3868;1000;0.0;0;1.0000;0;0
600;2016-07-29 15:30:00;172602N232;993;8.168;41;224;228;228;215;1.739;50.01;406.4;1.199;410.7;1.207;0.0;0.000;60;0;0;1.790;1.788;1.640;331;354;305;50.01;50.01;50.01;3868;1000;0.0;0;1.0000;0;0
600;2016-07-29 15:40:00;172602N232;3678;8.781;41;226;230;233;215;5.426;50.00;411.4;4.499;406.2;4.630;0.0;0.000;60;0;0;5.443;5.692;5.143;1248;1324;1105;50.00;50.00;50.00;3868;1000;0.0;0;1.0000;0;0
600;2016-07-29 15:50:00;172602N232;2479;9.195;41;225;229;231;214;3.688;50.00;389.1;3.209;391.6;3.194;0.0;0.000;60;0;0;3.691;3.871;3.503;838;894;745;50.00;50.00;50.00;3868;1000;0.0;0;1.0000;0;0
600;2016-07-29 16:00:00;172602N232;815;9.330;41;223;226;226;218;1.351;50.00;392.4;1.044;396.8;1.013;0.0;0.000;60;0;0;1.445;1.323;1.286;274;278;261;50.00;50.00;50.00;3868;1000;0.0;0;1.0000;0;0
600;2016-07-29 16:10:00;172602N232;2786;9.794;41;226;226;228;223;4.115;50.00;398.3;3.569;399.4;3.596;0.0;0.000;60;0;0;4.073;4.213;4.061;918;963;901;50.00;50.00;50.00;3868;1000;0.0;0;1.0000;0;0
600;2016-07-29 16:20:00;172602N232;2479;10.207;41;226;226;228;223;3.688;50.01;369.9;3.363;379.2;3.315;0.0;0.000;60;0;0;3.640;3.774;3.651;813;858;807;50.01;50.01;50.01;3868;1000;0.0;0;1.0000;0;0
600;2016-07-29 16:30:00;172602N232;820;10.345;42;224;225;226;222;1.333;50.00;383.3;1.068;390.0;1.046;0.0;0.000;60;0;0;1.375;1.318;1.306;267;279;271;50.00;50.00;50.00;3868;1000;0.0;0;1.0000;0;0
600;2016-07-29 16:40:00;172602N232;1807;10.646;42;225;225;228;222;2.693;50.00;392.3;2.292;398.3;2.308;0.0;0.000;60;0;0;2.636;2.772;2.672;587;627;589;50.00;50.00;50.00;3868;1000;0.0;0;1.0000;0;0
600;2016-07-29 16:50:00;172602N232;2741;11.103;42;226;225;230;222;4.058;50.00;384.9;3.577;393.3;3.550;0.0;0.000;60;0;0;3.989;4.184;4.001;894;959;886;50.00;50.00;50.00;3868;1000;0.0;0;1.0000;0;0
600;2016-07-29 17:00:00;172602N232;2628;11.541;42;226;225;229;223;3.897;49.99;380.1;3.460;387.2;3.470;0.0;0.000;60;0;0;3.840;3.997;3.856;860;911;855;49.99;49.99;49.99;3868;1000;0.0;0;1.0000;0;0
600;2016-07-29 17:10:00;172602N232;1875;11.852;42;225;224;227;223;2.810;49.99;388.1;2.389;385.9;2.500;0.0;0.000;60;0;0;2.759;2.874;2.798;610;647;616;49.99;49.99;49.99;3868;1000;0.0;0;1.0000;0;0
600;2016-07-29 17:20:00;172602N232;1428;12.091;42;225;225;227;224;2.144;50.01;388.8;1.800;390.0;1.883;0.0;0.000;60;0;0;2.089;2.194;2.151;461;491;474;50.01;50.01;50.01;3868;1000;0.0;0;1.0000;0;0
600;2016-07-29 17:30:00;172602N232;1315;12.311;42;225;224;226;224;1.975;50.02;386.3;1.677;395.5;1.697;0.0;0.000;60;0;0;1.919;2.018;1.988;423;451;439;50.02;50.02;50.02;3868;1000;0.0;0;1.0000;0;0
600;2016-07-29 17:40:00;172602N232;821;12.447;42;224;225;226;222;1.258;50.01;384.6;1.055;393.5;1.048;0.0;0.000;60;0;0;1.210;1.300;1.266;261;285;273;50.01;50.01;50.01;3868;1000;0.0;0;1.0000;0;0
600;2016-07-29 17:50:00;172602N232;1043;12.621;42;225;225;226;223;1.604;49.99;389.0;1.316;399.5;1.330;0.0;0.000;60;0;0;1.578;1.636;1.599;337;359;345;49.99;49.99;49.99;3868;1000;0.0;0;1.0000;0;0
600;2016-07-29 18:00:00;172602N232;1305;12.839;41;225;225;228;223;1.970;49.99;387.5;1.650;399.3;1.682;0.0;0.000;60;0;0;1.926;2.026;1.960;422;453;428;49.99;49.99;49.99;3868;1000;0.0;0;1.0000;0;0
600;2016-07-29 18:10:00;172602N232;717;12.959;41;224;225;227;221;1.284;49.99;383.4;0.903;394.6;0.929;0.0;0.000;60;0;0;1.480;1.178;1.196;246;237;232;49.99;49.99;49.99;3868;1000;0.0;0;1.0000;0;0
600;2016-07-29 18:20:00;172602N232;900;13.109;41;225;224;228;221;1.455;50.00;378.6;1.156;397.3;1.168;0.0;0.000;60;0;0;1.452;1.468;1.445;289;313;297;50.00;50.00;50.00;3868;1000;0.0;0;1.0000;0;0
600;2016-07-29 18:30:00;172602N232;790;13.241;41;225;223;228;224;1.206;50.01;375.6;1.014;398.8;1.019;0.0;0.000;60;0;0;1.136;1.259;1.224;244;278;265;50.01;50.01;50.01;3868;1000;0.0;0;1.0000;0;0
600;2016-07-29 18:40:00;172602N232;566;13.336;41;225;225;226;224;1.046;49.99;380.7;0.714;397.4;0.725;0.0;0.000;60;0;0;1.053;0.941;1.146;182;188;194;49.99;49.99;49.99;3868;1000;0.0;0;1.0000;0;0
600;2016-07-29 18:50:00;172602N232;552;13.427;41;225;226;226;223;0.886;50.00;365.2;0.720;394.3;0.719;0.0;0.000;60;0;0;0.843;0.926;0.891;172;194;183;50.00;50.00;50.00;3868;1000;0.0;0;1.0000;0;0
600;2016-07-29 19:00:00;172602N232;453;13.503;41;225;225;228;224;1.100;49.99;367.8;0.583;393.4;0.589;0.0;0.000;60;0;0;1.050;1.202;1.048;132;154;165;49.99;49.99;49.99;3868;1000;0.0;0;1.0000;0;0
600;2016-07-29 19:10:00;172602N232;536;13.593;40;225;225;227;224;1.059;50.00;366.9;0.688;395.6;0.705;0.0;0.000;60;0;0;1.018;1.115;1.045;156;186;192;50.00;50.00;50.00;3868;1000;0.0;0;1.0000;0;0
600;2016-07-29 19:20:00;172602N232;342;13.650;40;225;224;226;224;1.222;49.99;386.6;0.420;396.9;0.423;0.0;0.000;60;0;0;1.193;1.359;1.116;84;113;143;49.99;49.99;49.99;3868;1000;0.0;0;1.0000;0;0
600;2016-07-29 19:30:00;172602N232;288;13.697;40;225;225;226;223;1.148;50.00;385.0;0.352;394.6;0.354;0.0;0.000;60;0;0;1.226;1.251;0.968;68;110;107;50.00;50.00;50.00;3868;1000;0.0;0;1.0000;0;0
600;2016-07-29 19:40:00;172602N232;213;13.734;40;225;225;226;223;1.073;50.00;375.1;0.262;388.2;0.259;0.0;0.000;60;0;0;1.269;1.110;0.841;48;78;85;50.00;50.00;50.00;3868;1000;0.0;0;1.0000;0;0
600;2016-07-29 19:50:00;172602N232;92;13.749;39;225;225;227;224;0.939;50.00;365.7;0.108;372.5;0.105;0.0;0.000;60;0;0;1.214;0.881;0.723;7;33;53;50.00;50.00;50.00;3868;1000;0.0;0;1.0000;0;0
600;2016-07-29 20:00:00;172602N232;104;13.766;39;225;226;226;224;0.973;50.01;369.0;0.117;378.7;0.124;0.0;0.000;60;0;0;1.413;0.779;0.727;0;56;55;50.01;50.01;50.01;3868;1000;0.0;0;1.0000;0;0
600;2016-07-29 20:10:00;172602N232;117;13.786;38;225;226;225;225;0.975;49.99;374.1;0.126;390.6;0.139;0.0;0.000;60;0;0;1.412;0.778;0.735;5;69;47;49.99;49.99;49.99;3868;1000;0.0;0;1.0000;0;0
600;2016-07-29 20:20:00;172602N232;50;13.795;38;225;227;225;225;0.779;49.99;330.3;0.053;355.5;0.057;0.0;0.000;60;0;0;1.099;0.635;0.604;0;34;38;49.99;49.99;49.99;3868;1000;0.0;0;1.0000;0;0
600;2016-07-29 20:30:00;172602N232;29;13.800;38;226;227;225;224;0.509;49.99;312.3;0.024;327.9;0.027;0.0;0.000;60;0;0;0.679;0.418;0.432;0;29;28;49.99;49.99;49.99;3868;1000;0.0;0;1.0000;0;0
600;2016-07-29 20:40:00;172602N232;14;13.803;37;226;228;226;224;0.338;50.00;274.2;0.007;277.5;0.010;0.0;0.000;60;0;0;0.486;0.284;0.245;0;18;15;50.00;50.00;50.00;3868;1000;0.0;0;1.0000;0;0
600;2016-07-29 20:50:00;172602N232;3;13.803;37;226;228;227;224;0.156;50.01;251.4;0.000;251.7;0.000;0.0;0.000;60;0;0;0.209;0.137;0.122;0;7;7;50.01;50.01;50.01;3868;1000;0.0;0;1.0000;0;0
600;2016-07-29 21:00:00;172602N232;0;13.804;36;226;226;228;223;0.018;50.00;272.4;0.000;271.8;0.000;0.0;0.000;51;0;0;0.026;0.014;0.014;0;0;0;50.00;50.00;50.00;4330;1000;0.0;0;1.0000;0;0
600;2016-07-29 21:10:00;172602N232;0;13.804;35;225;224;229;222;0.000;50.00;235.4;0.000;236.4;0.000;0.0;0.000;51;0;0;0.000;0.000;0.000;0;0;0;50.00;50.00;50.00;5331;1000;0.0;0;1.0000;0;0
600;2016-07-29 21:20:00;172602N232;0;13.804;34;225;225;228;224;0.000;50.00;229.5;0.000;230.5;0.000;0.0;0.000;51;0;0;0.000;0.000;0.000;0;0;0;50.00;50.00;50.00;5331;1000;0.0;0;1.0000;0;0
[wr_ende]
