20170404;230000;172602N232;My Plant;+0100
[wr_def_start]
172602N232;Inverter Type;Inverter Group;72602N232      
[wr_def_end]
[wr]
INTERVAL;TIMESTAMP;SERIAL;P_AC;E_DAY;T_WR;U_AC;U_AC_1;U_AC_2;U_AC_3;I_AC;F_AC;U_DC_1;I_DC_1;U_DC_2;I_DC_2;U_DC_3;I_DC_3;S;E_WR;M_WR;I_AC_1;I_AC_2;I_AC_3;P_AC_1;P_AC_2;P_AC_3;F_AC_1;F_AC_2;F_AC_3;R_DC;PC;PCS;PCS_LL;COS_PHI;COS_PHI_LL;S_COS_PHI
600;2017-04-04 05:30:00;172602N232;0;0.000;0;1;1;1;1;0.000;0.30;1.2;0.000;1.2;0.000;0.0;0.000;50;0;0;0.000;0.000;0.000;0;0;0;0.30;0.30;0.30;24;1000;0.0;0;1.0000;0;0
600;2017-04-04 05:40:00;172602N232;0;0.000;19;219;220;225;214;0.000;49.98;227.0;0.000;227.9;0.000;0.0;0.000;50;0;0;0.000;0.000;0.000;0;0;0;49.98;49.98;49.98;0;1000;0.0;0;1.0000;0;0
600;2017-04-04 05:50:00;172602N232;0;0.000;22;219;219;224;214;0.000;50.00;232.0;0.000;232.9;0.000;0.0;0.000;50;0;0;0.000;0.000;0.000;0;0;0;50.00;50.00;50.00;0;1000;0.0;0;1.0000;0;0
600;2017-04-04 06:00:00;172602N232;0;0.000;22;219;218;224;215;0.001;49.99;277.2;0.000;277.1;0.000;0.0;0.000;60;0;0;0.002;0.001;0.001;0;0;0;49.99;49.99;49.99;1852;1000;0.0;0;1.0000;0;0
600;2017-04-04 06:10:00;172602N232;4;0.000;23;219;218;220;219;0.154;49.98;280.6;0.000;279.7;0.001;0.0;0.000;60;0;0;0.121;0.243;0.100;4;0;3;49.98;49.98;49.98;6255;1000;0.0;0;1.0000;0;0
600;2017-04-04 06:20:00;172602N232;30;0.007;23;219;218;221;220;0.476;50.04;339.8;0.020;359.3;0.022;0.0;0.000;60;0;0;0.407;0.661;0.361;20;3;17;50.04;50.04;50.04;5657;1000;0.0;0;1.0000;0;0
600;2017-04-04 06:30:00;172602N232;60;0.018;24;218;216;219;218;0.696;49.99;383.0;0.056;392.9;0.056;0.0;0.000;60;0;0;0.596;0.951;0.543;31;1;32;49.99;49.99;49.99;5657;1000;0.0;0;1.0000;0;0
600;2017-04-04 06:40:00;172602N232;144;0.039;24;218;217;220;218;0.942;49.98;415.2;0.156;421.6;0.144;0.0;0.000;60;0;0;0.787;1.319;0.720;43;28;71;49.98;49.98;49.98;5657;1000;0.0;0;1.0000;0;0
600;2017-04-04 06:50:00;172602N232;240;0.079;24;219;218;220;218;1.035;49.98;430.4;0.271;437.9;0.241;0.0;0.000;60;0;0;1.066;1.198;0.842;84;70;84;49.98;49.98;49.98;5657;1000;0.0;0;1.0000;0;0
600;2017-04-04 07:00:00;172602N232;176;0.108;25;218;218;220;218;0.978;49.98;420.8;0.196;426.4;0.178;0.0;0.000;60;0;0;0.998;1.193;0.744;40;60;74;49.98;49.98;49.98;5657;1000;0.0;0;1.0000;0;0
600;2017-04-04 07:10:00;172602N232;322;0.163;25;218;219;220;217;1.128;49.98;435.6;0.371;441.9;0.327;0.0;0.000;60;0;0;1.176;1.183;1.025;92;110;118;49.98;49.98;49.98;5657;1000;0.0;0;1.0000;0;0
600;2017-04-04 07:20:00;172602N232;347;0.221;26;218;218;220;217;1.080;50.01;434.5;0.405;442.0;0.350;0.0;0.000;60;0;0;1.056;1.208;0.978;100;116;128;50.01;50.01;50.01;5657;1000;0.0;0;1.0000;0;0
600;2017-04-04 07:30:00;172602N232;318;0.274;26;219;218;221;218;1.109;49.99;433.9;0.379;440.1;0.311;0.0;0.000;60;0;0;1.060;1.271;0.997;96;106;115;49.99;49.99;49.99;5657;1000;0.0;0;1.0000;0;0
600;2017-04-04 07:40:00;172602N232;324;0.328;26;219;219;220;217;1.117;49.99;436.3;0.394;444.8;0.305;0.0;0.000;60;0;0;1.129;1.228;0.996;102;107;114;49.99;49.99;49.99;5657;1000;0.0;0;1.0000;0;0
600;2017-04-04 07:50:00;172602N232;276;0.374;27;221;220;223;220;1.149;49.99;434.2;0.328;440.5;0.263;0.0;0.000;60;0;0;1.108;1.426;0.913;86;88;100;49.99;49.99;49.99;5657;1000;0.0;0;1.0000;0;0
600;2017-04-04 08:00:00;172602N232;280;0.421;27;221;220;223;221;1.129;49.99;441.2;0.325;444.0;0.268;0.0;0.000;60;0;0;1.085;1.372;0.931;91;91;96;49.99;49.99;49.99;5657;1000;0.0;0;1.0000;0;0
600;2017-04-04 08:10:00;172602N232;304;0.472;27;222;222;223;221;1.143;50.00;461.6;0.337;456.9;0.285;0.0;0.000;60;0;0;1.194;1.191;1.045;97;99;106;50.00;50.00;50.00;5657;1000;0.0;0;1.0000;0;0
600;2017-04-04 08:20:00;172602N232;376;0.534;27;222;222;224;221;1.124;49.98;472.0;0.445;468.9;0.314;0.0;0.000;60;0;0;1.122;1.199;1.052;115;133;126;49.98;49.98;49.98;5657;1000;0.0;0;1.0000;0;0
600;2017-04-04 08:30:00;172602N232;579;0.632;28;223;222;225;221;1.182;50.00;388.1;1.083;475.1;0.335;0.0;0.000;60;0;0;1.112;1.265;1.170;182;208;188;50.00;50.00;50.00;5657;1000;0.0;0;1.0000;0;0
600;2017-04-04 08:40:00;172602N232;795;0.764;28;223;222;225;221;1.228;49.99;360.0;1.718;463.9;0.381;0.0;0.000;60;0;0;1.176;1.276;1.233;251;278;264;49.99;49.99;49.99;5657;1000;0.0;0;1.0000;0;0
600;2017-04-04 08:50:00;172602N232;1095;0.947;28;223;222;225;222;1.690;49.99;411.7;1.983;286.5;1.026;0.0;0.000;60;0;0;1.636;1.744;1.692;350;380;364;49.99;49.99;49.99;5657;1000;0.0;0;1.0000;0;0
600;2017-04-04 09:00:00;172602N232;1441;1.187;29;222;221;225;221;2.198;50.01;435.9;2.359;273.2;1.559;0.0;0.000;60;0;0;2.122;2.268;2.204;460;499;480;50.01;50.01;50.01;5657;1000;0.0;0;1.0000;0;0
600;2017-04-04 09:10:00;172602N232;1675;1.467;29;223;222;225;221;2.519;50.02;430.5;2.614;300.8;1.884;0.0;0.000;60;0;0;2.452;2.586;2.521;541;578;554;50.02;50.02;50.02;5657;1000;0.0;0;1.0000;0;0
600;2017-04-04 09:20:00;172602N232;1875;1.779;30;223;222;225;222;2.817;49.96;424.7;2.855;303.3;2.253;0.0;0.000;60;0;0;2.758;2.877;2.817;609;643;621;49.96;49.96;49.96;5657;1000;0.0;0;1.0000;0;0
600;2017-04-04 09:30:00;172602N232;2026;2.117;30;223;223;225;221;3.039;50.00;421.1;3.033;303.7;2.544;0.0;0.000;60;0;0;2.994;3.100;3.025;664;694;666;50.00;50.00;50.00;5657;1000;0.0;0;1.0000;0;0
600;2017-04-04 09:40:00;172602N232;2211;2.485;31;223;222;225;222;3.318;49.99;417.9;3.285;318.7;2.714;0.0;0.000;60;0;0;3.251;3.383;3.321;718;757;734;49.99;49.99;49.99;5657;1000;0.0;0;1.0000;0;0
600;2017-04-04 09:50:00;172602N232;2319;2.873;32;223;222;225;222;3.473;49.99;415.3;3.445;316.4;2.913;0.0;0.000;60;0;0;3.405;3.541;3.475;754;794;769;49.99;49.99;49.99;5657;1000;0.0;0;1.0000;0;0
600;2017-04-04 10:00:00;172602N232;2520;3.293;34;223;221;226;223;3.771;50.00;412.6;3.663;296.9;3.524;0.0;0.000;60;0;0;3.667;3.857;3.791;807;869;842;50.00;50.00;50.00;5657;1000;0.0;0;1.0000;0;0
600;2017-04-04 10:10:00;172602N232;2756;3.752;35;224;222;227;223;4.113;50.01;409.5;3.955;307.4;3.834;0.0;0.000;60;0;0;4.016;4.205;4.119;889;950;915;50.01;50.01;50.01;5657;1000;0.0;0;1.0000;0;0
600;2017-04-04 10:20:00;172602N232;2901;4.235;37;224;223;227;222;4.324;49.97;405.5;4.119;319.0;3.996;0.0;0.000;60;0;0;4.262;4.410;4.301;949;997;952;49.97;49.97;49.97;5657;1000;0.0;0;1.0000;0;0
600;2017-04-04 10:30:00;172602N232;3060;4.746;38;224;223;227;222;4.565;49.99;405.8;4.257;354.1;3.885;0.0;0.000;60;0;0;4.496;4.673;4.526;1000;1058;1001;49.99;49.99;49.99;5657;1000;0.0;0;1.0000;0;0
600;2017-04-04 10:40:00;172602N232;3274;5.291;39;225;224;228;222;4.867;49.99;402.5;4.496;351.8;4.300;0.0;0.000;60;0;0;4.805;4.971;4.827;1072;1130;1069;49.99;49.99;49.99;5657;1000;0.0;0;1.0000;0;0
600;2017-04-04 10:50:00;172602N232;3401;5.859;37;225;223;228;223;5.056;49.98;400.1;4.648;357.4;4.459;0.0;0.000;60;0;0;4.984;5.177;5.009;1110;1176;1112;49.98;49.98;49.98;5657;1000;0.0;0;1.0000;0;0
600;2017-04-04 11:00:00;172602N232;3524;6.446;36;225;223;228;224;5.233;50.00;398.1;4.767;367.7;4.568;0.0;0.000;60;0;0;5.139;5.335;5.225;1143;1213;1165;50.00;50.00;50.00;5657;1000;0.0;0;1.0000;0;0
600;2017-04-04 11:10:00;172602N232;3704;7.063;37;225;224;228;224;5.487;50.00;395.6;4.975;386.4;4.637;0.0;0.000;60;0;0;5.421;5.593;5.447;1214;1272;1216;50.00;50.00;50.00;5657;1000;0.0;0;1.0000;0;0
600;2017-04-04 11:20:00;172602N232;3860;7.706;38;226;225;230;224;5.694;49.98;391.8;5.160;379.8;5.018;0.0;0.000;60;0;0;5.628;5.815;5.639;1264;1333;1261;49.98;49.98;49.98;5657;1000;0.0;0;1.0000;0;0
600;2017-04-04 11:30:00;172602N232;3949;8.365;38;224;223;227;221;5.878;50.00;390.4;5.186;399.5;4.972;0.0;0.000;60;0;0;5.816;6.024;5.796;1297;1368;1282;50.00;50.00;50.00;5657;1000;0.0;0;1.0000;0;0
600;2017-04-04 11:40:00;172602N232;3280;8.911;37;224;223;228;222;4.878;49.99;394.3;4.251;401.3;4.107;0.0;0.000;60;0;0;4.815;4.994;4.826;1074;1135;1068;49.99;49.99;49.99;5657;1000;0.0;0;1.0000;0;0
600;2017-04-04 11:50:00;172602N232;2894;9.395;38;223;223;226;221;4.322;49.99;394.5;3.755;399.7;3.640;0.0;0.000;60;0;0;4.269;4.432;4.267;951;1003;940;49.99;49.99;49.99;5657;1000;0.0;0;1.0000;0;0
600;2017-04-04 12:00:00;172602N232;3681;10.007;38;223;223;227;221;5.483;50.00;398.8;4.722;400.5;4.643;0.0;0.000;60;0;0;5.431;5.624;5.394;1211;1278;1189;50.00;50.00;50.00;5657;1000;0.0;0;1.0000;0;0
600;2017-04-04 12:10:00;172602N232;3803;10.641;39;223;223;227;220;5.682;50.01;385.2;4.997;388.0;4.978;0.0;0.000;60;0;0;5.646;5.817;5.584;1256;1319;1226;50.01;50.01;50.01;5657;1000;0.0;0;1.0000;0;0
600;2017-04-04 12:20:00;172602N232;4052;11.317;38;224;223;227;221;6.039;49.97;390.9;5.248;392.7;5.263;0.0;0.000;60;0;0;6.025;6.137;5.956;1345;1389;1315;49.97;49.97;49.97;5657;1000;0.0;0;1.0000;0;0
600;2017-04-04 12:30:00;172602N232;3385;11.881;39;223;223;226;221;5.059;49.99;389.8;4.410;391.9;4.391;0.0;0.000;60;0;0;5.032;5.146;5.000;1121;1158;1103;49.99;49.99;49.99;5657;1000;0.0;0;1.0000;0;0
600;2017-04-04 12:40:00;172602N232;4561;12.641;39;224;223;227;221;6.799;50.00;387.3;6.008;389.2;5.938;0.0;0.000;60;0;0;6.767;6.939;6.693;1510;1575;1474;50.00;50.00;50.00;5657;1000;0.0;0;1.0000;0;0
600;2017-04-04 12:50:00;172602N232;2789;13.106;39;222;222;224;220;4.206;49.99;387.9;3.635;390.2;3.598;0.0;0.000;60;0;0;4.167;4.276;4.176;916;957;914;49.99;49.99;49.99;5657;1000;0.0;0;1.0000;0;0
600;2017-04-04 13:00:00;172602N232;2026;13.444;39;221;221;223;220;3.066;50.00;401.2;2.573;397.1;2.557;0.0;0.000;60;0;0;3.029;3.124;3.046;664;696;665;50.00;50.00;50.00;5657;1000;0.0;0;1.0000;0;0
600;2017-04-04 13:10:00;172602N232;1502;13.694;39;221;221;222;220;2.308;50.01;412.7;1.823;407.5;1.855;0.0;0.000;60;0;0;2.277;2.336;2.311;491;510;498;50.01;50.01;50.01;5657;1000;0.0;0;1.0000;0;0
600;2017-04-04 13:20:00;172602N232;4202;14.395;39;223;223;227;220;6.270;49.99;401.7;5.309;402.6;5.331;0.0;0.000;60;0;0;6.235;6.428;6.148;1390;1460;1350;49.99;49.99;49.99;5657;1000;0.0;0;1.0000;0;0
600;2017-04-04 13:30:00;172602N232;4595;15.161;41;224;223;227;221;6.845;49.97;388.0;6.029;388.3;6.002;0.0;0.000;60;0;0;6.823;6.964;6.750;1523;1579;1491;49.97;49.97;49.97;5657;1000;0.0;0;1.0000;0;0
600;2017-04-04 13:40:00;172602N232;4369;15.889;40;223;223;225;222;6.527;50.00;385.9;5.777;386.1;5.732;0.0;0.000;60;0;0;6.491;6.628;6.462;1446;1491;1429;50.00;50.00;50.00;5657;1000;0.0;0;1.0000;0;0
600;2017-04-04 13:50:00;172602N232;1946;16.213;40;222;222;223;221;2.954;50.01;395.1;2.489;390.8;2.512;0.0;0.000;60;0;0;2.912;3.002;2.948;636;662;643;50.01;50.01;50.01;5657;1000;0.0;0;1.0000;0;0
600;2017-04-04 14:00:00;172602N232;1902;16.531;40;221;223;224;217;2.884;49.99;405.1;2.374;401.0;2.374;0.0;0.000;60;0;0;2.855;2.961;2.837;627;662;612;49.99;49.99;49.99;5657;1000;0.0;0;1.0000;0;0
600;2017-04-04 14:10:00;172602N232;3330;17.087;40;223;227;229;213;4.960;50.00;403.7;4.213;402.9;4.196;0.0;0.000;60;0;0;4.983;5.200;4.698;1132;1196;999;50.00;50.00;50.00;5657;1000;0.0;0;1.0000;0;0
600;2017-04-04 14:20:00;172602N232;3197;17.620;40;226;230;233;217;4.707;49.99;399.0;4.068;396.3;4.092;0.0;0.000;60;0;0;4.709;4.926;4.488;1081;1146;970;49.99;49.99;49.99;5657;1000;0.0;0;1.0000;0;0
600;2017-04-04 14:30:00;172602N232;2945;18.110;40;226;229;233;216;4.356;49.99;397.8;3.746;398.2;3.733;0.0;0.000;60;0;0;4.350;4.590;4.130;991;1066;887;49.99;49.99;49.99;5657;1000;0.0;0;1.0000;0;0
600;2017-04-04 14:40:00;172602N232;1610;18.379;40;225;228;231;216;2.414;49.99;398.4;2.017;396.0;2.072;0.0;0.000;60;0;0;2.392;2.532;2.318;537;580;493;49.99;49.99;49.99;5657;1000;0.0;0;1.0000;0;0
600;2017-04-04 14:50:00;172602N232;2125;18.734;40;226;229;231;217;3.150;49.99;408.6;2.628;404.7;2.637;0.0;0.000;60;0;0;3.141;3.296;3.015;714;761;648;49.99;49.99;49.99;5657;1000;0.0;0;1.0000;0;0
600;2017-04-04 15:00:00;172602N232;1089;18.916;40;225;227;229;220;1.639;49.99;411.9;1.318;406.5;1.341;0.0;0.000;60;0;0;1.596;1.703;1.619;355;384;348;49.99;49.99;49.99;5657;1000;0.0;0;1.0000;0;0
600;2017-04-04 15:10:00;172602N232;1704;19.200;39;227;225;230;226;2.522;50.00;414.2;2.056;412.3;2.074;0.0;0.000;60;0;0;2.453;2.584;2.529;547;589;566;50.00;50.00;50.00;5657;1000;0.0;0;1.0000;0;0
600;2017-04-04 15:20:00;172602N232;2644;19.640;39;227;226;230;225;3.893;50.00;408.9;3.272;406.5;3.270;0.0;0.000;60;0;0;3.820;3.993;3.868;859;917;866;50.00;50.00;50.00;5657;1000;0.0;0;1.0000;0;0
600;2017-04-04 15:30:00;172602N232;1119;19.828;39;226;225;228;224;1.682;50.00;403.4;1.372;405.1;1.385;0.0;0.000;60;0;0;1.629;1.733;1.686;358;388;370;50.00;50.00;50.00;5657;1000;0.0;0;1.0000;0;0
600;2017-04-04 15:40:00;172602N232;1828;20.132;39;226;225;230;225;2.720;49.99;409.6;2.230;411.1;2.225;0.0;0.000;60;0;0;2.658;2.797;2.705;590;636;601;49.99;49.99;49.99;5657;1000;0.0;0;1.0000;0;0
600;2017-04-04 15:50:00;172602N232;1590;20.397;39;226;224;228;225;2.371;49.99;402.8;1.955;406.8;1.969;0.0;0.000;60;0;0;2.298;2.442;2.374;507;554;527;49.99;49.99;49.99;5657;1000;0.0;0;1.0000;0;0
600;2017-04-04 16:00:00;172602N232;1145;20.588;39;225;224;227;225;1.724;49.99;406.6;1.393;409.9;1.405;0.0;0.000;60;0;0;1.659;1.773;1.740;363;397;383;49.99;49.99;49.99;5657;1000;0.0;0;1.0000;0;0
600;2017-04-04 16:10:00;172602N232;2656;21.031;39;227;225;230;225;3.921;49.99;416.1;3.215;413.3;3.263;0.0;0.000;60;0;0;3.858;4.003;3.903;866;913;874;49.99;49.99;49.99;5657;1000;0.0;0;1.0000;0;0
600;2017-04-04 16:20:00;172602N232;1582;21.294;39;226;225;228;224;2.464;50.01;402.9;1.909;400.1;1.998;0.0;0.000;60;0;0;2.431;2.522;2.441;514;546;521;50.01;50.01;50.01;5657;1000;0.0;0;1.0000;0;0
600;2017-04-04 16:30:00;172602N232;1693;21.578;39;226;226;228;224;2.528;49.99;405.9;2.110;408.0;2.076;0.0;0.000;60;0;0;2.474;2.583;2.529;549;582;560;49.99;49.99;49.99;5657;1000;0.0;0;1.0000;0;0
600;2017-04-04 16:40:00;172602N232;2340;21.968;39;227;226;230;225;3.449;49.99;398.5;3.063;393.4;2.907;0.0;0.000;60;0;0;3.384;3.521;3.444;762;805;772;49.99;49.99;49.99;5657;1000;0.0;0;1.0000;0;0
600;2017-04-04 16:50:00;172602N232;1650;22.242;39;226;226;228;224;2.478;49.99;398.0;2.250;375.3;2.053;0.0;0.000;60;0;0;2.435;2.532;2.469;537;568;543;49.99;49.99;49.99;5657;1000;0.0;0;1.0000;0;0
600;2017-04-04 17:00:00;172602N232;1679;22.523;39;226;226;228;225;2.496;49.99;406.6;2.329;353.2;2.117;0.0;0.000;60;0;0;2.442;2.548;2.500;545;577;555;49.99;49.99;49.99;5657;1000;0.0;0;1.0000;0;0
600;2017-04-04 17:10:00;172602N232;1039;22.696;39;225;225;227;224;1.569;49.99;391.9;1.471;372.2;1.337;0.0;0.000;60;0;0;1.514;1.617;1.576;332;360;345;49.99;49.99;49.99;5657;1000;0.0;0;1.0000;0;0
600;2017-04-04 17:20:00;172602N232;1082;22.876;39;226;226;229;223;1.646;50.02;375.4;1.275;347.9;1.760;0.0;0.000;60;0;0;1.595;1.700;1.644;346;378;356;50.02;50.02;50.02;5657;1000;0.0;0;1.0000;0;0
600;2017-04-04 17:30:00;172602N232;748;23.002;38;226;226;228;223;1.142;50.00;339.3;0.708;371.1;1.419;0.0;0.000;60;0;0;1.092;1.189;1.147;236;262;248;50.00;50.00;50.00;5657;1000;0.0;0;1.0000;0;0
600;2017-04-04 17:40:00;172602N232;581;23.099;38;226;225;229;224;0.977;49.97;429.8;0.444;401.4;0.952;0.0;0.000;60;0;0;0.992;0.984;0.955;185;202;191;49.97;49.97;49.97;5657;1000;0.0;0;1.0000;0;0
600;2017-04-04 17:50:00;172602N232;406;23.167;38;226;225;229;224;0.899;49.99;418.8;0.409;391.8;0.570;0.0;0.000;60;0;0;0.880;0.981;0.838;126;141;136;49.99;49.99;49.99;5657;1000;0.0;0;1.0000;0;0
600;2017-04-04 18:00:00;172602N232;322;23.220;38;226;226;228;224;1.120;49.98;422.0;0.359;414.9;0.373;0.0;0.000;60;0;0;1.182;1.220;0.959;109;108;103;49.98;49.98;49.98;5657;1000;0.0;0;1.0000;0;0
600;2017-04-04 18:10:00;172602N232;282;23.267;37;226;226;228;224;1.114;49.97;413.0;0.327;405.8;0.325;0.0;0.000;60;0;0;1.195;1.242;0.906;82;99;99;49.97;49.97;49.97;5657;1000;0.0;0;1.0000;0;0
600;2017-04-04 18:20:00;172602N232;130;23.289;37;226;227;227;224;0.967;50.03;371.3;0.154;390.0;0.152;0.0;0.000;60;0;0;1.106;1.038;0.759;23;39;68;50.03;50.03;50.03;5657;1000;0.0;0;1.0000;0;0
600;2017-04-04 18:30:00;172602N232;145;23.313;36;226;227;227;224;1.000;49.98;381.0;0.168;400.7;0.166;0.0;0.000;60;0;0;1.298;0.955;0.747;12;63;74;49.98;49.98;49.98;5657;1000;0.0;0;1.0000;0;0
600;2017-04-04 18:40:00;172602N232;81;23.327;36;225;229;228;218;0.911;49.97;355.8;0.091;383.8;0.093;0.0;0.000;60;0;0;1.392;0.680;0.663;0;51;58;49.97;49.97;49.97;5657;1000;0.0;0;1.0000;0;0
600;2017-04-04 18:50:00;172602N232;60;23.337;35;225;230;228;215;0.762;49.96;346.2;0.061;375.0;0.066;0.0;0.000;60;0;0;1.115;0.601;0.570;0;42;50;49.96;49.96;49.96;5657;1000;0.0;0;1.0000;0;0
600;2017-04-04 19:00:00;172602N232;42;23.345;35;224;230;228;215;0.589;49.97;331.7;0.036;356.8;0.042;0.0;0.000;60;0;0;0.870;0.463;0.436;0;32;37;49.97;49.97;49.97;5657;1000;0.0;0;1.0000;0;0
600;2017-04-04 19:10:00;172602N232;6;23.346;34;224;228;229;217;0.211;49.99;258.2;0.001;259.1;0.004;0.0;0.000;60;0;0;0.291;0.215;0.127;4;2;8;49.99;49.99;49.99;5657;1000;0.0;0;1.0000;0;0
600;2017-04-04 19:20:00;172602N232;0;23.346;34;221;225;225;214;0.005;50.03;252.7;0.000;252.9;0.000;0.0;0.000;50;0;0;0.016;0.000;0.000;0;0;0;50.03;50.03;50.03;5657;1000;0.0;0;1.0000;0;0
600;2017-04-04 19:30:00;172602N232;0;23.346;32;220;222;224;214;0.000;49.99;229.7;0.000;230.7;0.000;0.0;0.000;50;0;0;0.000;0.000;0.000;0;0;0;49.99;49.99;49.99;5657;1000;0.0;0;1.0000;0;0
600;2017-04-04 19:40:00;172602N232;0;23.346;32;219;223;224;212;0.000;50.01;227.6;0.000;228.5;0.000;0.0;0.000;50;0;0;0.000;0.000;0.000;0;0;0;50.01;50.01;50.01;5657;1000;0.0;0;1.0000;0;0
[wr_ende]
