20171118;230004;172602N232;My Plant;+0100
[wr_def_start]
172602N232;Inverter Type;Inverter Group;72602N232      
[wr_def_end]
[wr]
INTERVAL;TIMESTAMP;SERIAL;P_AC;E_DAY;T_WR;U_AC;U_AC_1;U_AC_2;U_AC_3;I_AC;F_AC;U_DC_1;I_DC_1;U_DC_2;I_DC_2;U_DC_3;I_DC_3;S;E_WR;M_WR;I_AC_1;I_AC_2;I_AC_3;P_AC_1;P_AC_2;P_AC_3;F_AC_1;F_AC_2;F_AC_3;R_DC;PC;PCS;PCS_LL;COS_PHI;COS_PHI_LL;S_COS_PHI
600;2017-11-18 07:00:00;172602N232;0;0.000;0;1;1;1;1;0.000;0.42;1.8;0.000;1.8;0.000;0.0;0.000;50;0;0;0.000;0.000;0.000;0;0;0;0.42;0.42;0.42;32;1000;0.0;0;1.0000;0;0
600;2017-11-18 07:10:00;172602N232;0;0.000;16;224;223;227;221;0.000;50.02;227.2;0.000;228.1;0.000;0.0;0.000;50;0;0;0.000;0.000;0.000;0;0;0;50.02;50.02;50.02;0;1000;0.0;0;1.0000;0;0
600;2017-11-18 07:20:00;172602N232;0;0.000;18;221;222;224;218;0.000;49.99;228.7;0.000;229.6;0.000;0.0;0.000;50;0;0;0.000;0.000;0.000;0;0;0;49.99;49.99;49.99;0;1000;0.0;0;1.0000;0;0
600;2017-11-18 07:30:00;172602N232;0;0.000;18;222;225;225;218;0.000;49.99;230.0;0.000;230.9;0.000;0.0;0.000;50;0;0;0.000;0.000;0.000;0;0;0;49.99;49.99;49.99;0;1000;0.0;0;1.0000;0;0
600;2017-11-18 07:40:00;172602N232;0;0.000;19;222;226;222;217;0.000;49.99;258.9;0.000;259.3;0.000;0.0;0.000;51;0;0;0.000;0.000;0.000;0;0;0;49.99;49.99;49.99;436;1000;0.0;0;1.0000;0;0
600;2017-11-18 07:50:00;172602N232;3;0.000;19;222;225;223;218;0.089;49.99;293.4;0.001;290.4;0.002;0.0;0.000;60;0;0;0.146;0.081;0.042;0;4;2;49.99;49.99;49.99;8857;1000;0.0;0;1.0000;0;0
600;2017-11-18 08:00:00;172602N232;46;0.008;19;222;222;223;219;0.590;50.00;363.1;0.043;362.2;0.042;0.0;0.000;60;0;0;0.648;0.669;0.454;4;13;35;50.00;50.00;50.00;5061;1000;0.0;0;1.0000;0;0
600;2017-11-18 08:10:00;172602N232;50;0.016;20;222;222;224;219;0.707;49.99;370.4;0.047;373.5;0.046;0.0;0.000;60;0;0;0.700;0.916;0.505;12;6;39;49.99;49.99;49.99;5061;1000;0.0;0;1.0000;0;0
600;2017-11-18 08:20:00;172602N232;64;0.027;20;223;223;225;221;0.822;50.00;375.2;0.067;385.5;0.064;0.0;0.000;60;0;0;0.784;1.072;0.612;14;5;47;50.00;50.00;50.00;5061;1000;0.0;0;1.0000;0;0
600;2017-11-18 08:30:00;172602N232;93;0.042;21;223;222;224;222;0.932;49.99;390.6;0.101;399.8;0.096;0.0;0.000;60;0;0;0.883;1.175;0.740;20;14;58;49.99;49.99;49.99;5061;1000;0.0;0;1.0000;0;0
600;2017-11-18 08:40:00;172602N232;114;0.062;21;222;222;224;221;0.939;50.01;401.4;0.125;407.2;0.117;0.0;0.000;60;0;0;0.890;1.174;0.753;22;23;68;50.01;50.01;50.01;5061;1000;0.0;0;1.0000;0;0
600;2017-11-18 08:50:00;172602N232;194;0.094;22;222;222;224;220;1.005;50.00;411.4;0.221;426.2;0.202;0.0;0.000;60;0;0;0.916;1.342;0.757;36;68;87;50.00;50.00;50.00;5061;1000;0.0;0;1.0000;0;0
600;2017-11-18 09:00:00;172602N232;188;0.125;22;222;222;222;221;0.966;50.01;408.3;0.216;425.7;0.195;0.0;0.000;60;0;0;1.142;0.951;0.807;43;71;72;50.01;50.01;50.01;5061;1000;0.0;0;1.0000;0;0
600;2017-11-18 09:10:00;172602N232;261;0.169;22;222;222;223;221;1.091;50.01;422.4;0.299;432.6;0.274;0.0;0.000;60;0;0;1.102;1.232;0.940;71;97;91;50.01;50.01;50.01;5061;1000;0.0;0;1.0000;0;0
600;2017-11-18 09:20:00;172602N232;257;0.211;23;222;221;223;221;1.091;49.99;423.5;0.297;433.9;0.264;0.0;0.000;60;0;0;1.052;1.296;0.927;71;89;95;49.99;49.99;49.99;5061;1000;0.0;0;1.0000;0;0
600;2017-11-18 09:30:00;172602N232;847;0.353;23;223;223;224;221;1.452;50.00;438.6;1.002;453.0;0.865;0.0;0.000;60;0;0;1.417;1.491;1.449;268;292;285;50.00;50.00;50.00;5061;1000;0.0;0;1.0000;0;0
600;2017-11-18 09:40:00;172602N232;244;0.394;23;221;222;222;220;1.036;50.00;411.9;0.298;424.5;0.239;0.0;0.000;60;0;0;1.249;1.033;0.826;60;92;90;50.00;50.00;50.00;5061;1000;0.0;0;1.0000;0;0
600;2017-11-18 09:50:00;172602N232;283;0.441;24;222;223;224;220;1.120;50.00;425.1;0.335;432.5;0.288;0.0;0.000;60;0;0;1.309;1.175;0.877;77;109;95;50.00;50.00;50.00;5061;1000;0.0;0;1.0000;0;0
600;2017-11-18 10:00:00;172602N232;206;0.477;24;223;223;224;220;1.003;50.01;418.1;0.250;430.4;0.196;0.0;0.000;60;0;0;1.188;1.079;0.742;61;67;76;50.01;50.01;50.01;5061;1000;0.0;0;1.0000;0;0
600;2017-11-18 10:10:00;172602N232;406;0.544;24;222;223;223;220;1.135;49.99;425.7;0.639;428.6;0.278;0.0;0.000;60;0;0;1.301;1.166;0.940;119;151;134;49.99;49.99;49.99;5061;1000;0.0;0;1.0000;0;0
600;2017-11-18 10:20:00;172602N232;865;0.689;25;223;223;224;222;1.334;50.00;438.4;1.656;440.5;0.296;0.0;0.000;60;0;0;1.284;1.369;1.350;275;298;289;50.00;50.00;50.00;5061;1000;0.0;0;1.0000;0;0
600;2017-11-18 10:30:00;172602N232;876;0.834;25;223;223;223;222;1.350;50.00;424.3;1.710;456.4;0.313;0.0;0.000;60;0;0;1.302;1.382;1.366;279;301;294;50.00;50.00;50.00;5061;1000;0.0;0;1.0000;0;0
600;2017-11-18 10:40:00;172602N232;840;0.974;26;223;223;224;222;1.305;50.00;402.6;1.672;460.4;0.350;0.0;0.000;60;0;0;1.265;1.336;1.316;268;289;281;50.00;50.00;50.00;5061;1000;0.0;0;1.0000;0;0
600;2017-11-18 10:50:00;172602N232;821;1.111;26;223;223;225;221;1.270;50.00;365.3;1.788;470.1;0.354;0.0;0.000;60;0;0;1.224;1.314;1.274;261;286;272;50.00;50.00;50.00;5061;1000;0.0;0;1.0000;0;0
600;2017-11-18 11:00:00;172602N232;695;1.227;27;223;224;225;219;1.147;50.01;311.1;1.643;460.1;0.384;0.0;0.000;60;0;0;1.120;1.203;1.118;221;246;227;50.01;50.01;50.01;5061;1000;0.0;0;1.0000;0;0
600;2017-11-18 11:10:00;172602N232;490;1.310;27;223;223;225;220;1.035;50.00;366.5;0.868;461.6;0.418;0.0;0.000;60;0;0;1.038;1.087;0.982;151;174;163;50.00;50.00;50.00;5061;1000;0.0;0;1.0000;0;0
600;2017-11-18 11:20:00;172602N232;1014;1.478;27;223;224;225;220;1.559;50.00;466.2;1.140;475.3;0.997;0.0;0.000;60;0;0;1.519;1.603;1.555;327;352;333;50.00;50.00;50.00;5061;1000;0.0;0;1.0000;0;0
600;2017-11-18 11:30:00;172602N232;689;1.593;27;222;223;224;220;1.456;49.99;430.2;0.789;434.8;0.711;0.0;0.000;60;0;0;1.605;1.429;1.335;205;250;232;49.99;49.99;49.99;5061;1000;0.0;0;1.0000;0;0
600;2017-11-18 11:40:00;172602N232;101;1.611;28;222;222;223;220;0.931;49.99;388.6;0.111;394.3;0.105;0.0;0.000;60;0;0;1.058;1.006;0.731;10;31;58;49.99;49.99;49.99;5061;1000;0.0;0;1.0000;0;0
600;2017-11-18 11:50:00;172602N232;188;1.642;28;222;222;223;220;0.978;50.01;413.9;0.215;420.3;0.196;0.0;0.000;60;0;0;1.099;1.067;0.769;54;60;73;50.01;50.01;50.01;5061;1000;0.0;0;1.0000;0;0
600;2017-11-18 12:00:00;172602N232;673;1.754;28;223;222;224;221;1.360;50.01;447.0;0.595;412.6;0.984;0.0;0.000;60;0;0;1.317;1.443;1.321;210;233;227;50.01;50.01;50.01;5061;1000;0.0;0;1.0000;0;0
600;2017-11-18 12:10:00;172602N232;1051;1.929;28;223;223;225;221;1.674;50.00;442.8;1.148;428.3;1.265;0.0;0.000;60;0;0;1.670;1.693;1.659;340;361;347;50.00;50.00;50.00;5061;1000;0.0;0;1.0000;0;0
600;2017-11-18 12:20:00;172602N232;977;2.093;28;222;222;224;220;1.507;49.99;446.4;1.110;450.8;1.052;0.0;0.000;60;0;0;1.458;1.549;1.514;313;339;324;49.99;49.99;49.99;5061;1000;0.0;0;1.0000;0;0
600;2017-11-18 12:30:00;172602N232;578;2.190;28;221;221;224;219;1.018;50.00;459.5;0.592;437.4;0.657;0.0;0.000;60;0;0;0.973;1.069;1.014;179;203;194;50.00;50.00;50.00;5061;1000;0.0;0;1.0000;0;0
600;2017-11-18 12:40:00;172602N232;303;2.239;28;221;220;223;219;0.949;49.99;429.8;0.321;422.7;0.342;0.0;0.000;60;0;0;1.011;1.048;0.789;88;103;110;49.99;49.99;49.99;5061;1000;0.0;0;1.0000;0;0
600;2017-11-18 12:50:00;172602N232;410;2.309;28;221;221;223;218;1.075;50.01;424.9;0.476;435.3;0.444;0.0;0.000;60;0;0;1.057;1.165;1.003;123;145;140;50.01;50.01;50.01;5061;1000;0.0;0;1.0000;0;0
600;2017-11-18 13:00:00;172602N232;938;2.465;28;222;220;225;220;1.455;50.02;417.3;1.330;456.8;0.829;0.0;0.000;60;0;0;1.386;1.516;1.465;294;331;312;50.02;50.02;50.02;5061;1000;0.0;0;1.0000;0;0
600;2017-11-18 13:10:00;172602N232;450;2.540;28;222;220;224;221;1.075;49.99;423.3;0.621;436.1;0.396;0.0;0.000;60;0;0;1.041;1.187;0.997;140;157;150;49.99;49.99;49.99;5061;1000;0.0;0;1.0000;0;0
600;2017-11-18 13:20:00;172602N232;302;2.591;28;223;222;225;222;1.154;49.97;416.0;0.354;428.0;0.325;0.0;0.000;60;0;0;1.141;1.372;0.951;96;94;110;49.97;49.97;49.97;5061;1000;0.0;0;1.0000;0;0
600;2017-11-18 13:30:00;172602N232;544;2.682;28;223;222;225;221;0.956;49.99;431.1;0.649;435.1;0.576;0.0;0.000;60;0;0;0.929;1.013;0.928;166;194;183;49.99;49.99;49.99;5061;1000;0.0;0;1.0000;0;0
600;2017-11-18 13:40:00;172602N232;339;2.738;28;222;222;223;221;0.884;49.99;419.8;0.450;429.5;0.310;0.0;0.000;60;0;0;0.879;0.952;0.821;97;120;119;49.99;49.99;49.99;5061;1000;0.0;0;1.0000;0;0
600;2017-11-18 13:50:00;172602N232;308;2.790;28;223;223;223;222;0.879;49.99;414.0;0.358;427.0;0.334;0.0;0.000;60;0;0;0.880;0.949;0.810;86;116;104;49.99;49.99;49.99;5061;1000;0.0;0;1.0000;0;0
600;2017-11-18 14:00:00;172602N232;383;2.854;28;223;222;224;223;0.964;49.98;442.3;0.441;437.8;0.392;0.0;0.000;60;0;0;0.946;1.023;0.925;118;139;125;49.98;49.98;49.98;5061;1000;0.0;0;1.0000;0;0
600;2017-11-18 14:10:00;172602N232;103;2.872;28;223;222;224;223;0.776;50.01;384.5;0.116;390.2;0.101;0.0;0.000;60;0;0;0.750;0.953;0.625;30;31;41;50.01;50.01;50.01;5061;1000;0.0;0;1.0000;0;0
600;2017-11-18 14:20:00;172602N232;29;2.876;28;222;222;223;222;0.477;50.01;319.2;0.024;321.9;0.025;0.0;0.000;60;0;0;0.539;0.513;0.379;4;14;20;50.01;50.01;50.01;5061;1000;0.0;0;1.0000;0;0
600;2017-11-18 14:30:00;172602N232;76;2.889;27;223;223;223;223;0.804;50.00;382.0;0.079;388.3;0.077;0.0;0.000;60;0;0;1.020;0.724;0.669;7;37;32;50.00;50.00;50.00;5061;1000;0.0;0;1.0000;0;0
600;2017-11-18 14:40:00;172602N232;64;2.900;27;223;223;225;222;0.869;49.98;379.6;0.067;367.8;0.067;0.0;0.000;60;0;0;0.878;1.066;0.665;13;7;47;49.98;49.98;49.98;5061;1000;0.0;0;1.0000;0;0
600;2017-11-18 14:50:00;172602N232;30;2.905;27;223;223;223;221;0.535;49.97;333.0;0.024;316.5;0.027;0.0;0.000;60;0;0;0.680;0.514;0.413;0;20;27;49.97;49.97;49.97;5061;1000;0.0;0;1.0000;0;0
600;2017-11-18 15:00:00;172602N232;8;2.907;27;223;223;224;221;0.295;49.98;262.3;0.001;259.3;0.003;0.0;0.000;60;0;0;0.345;0.328;0.214;0;3;13;49.98;49.98;49.98;5061;1000;0.0;0;1.0000;0;0
600;2017-11-18 15:10:00;172602N232;1;2.907;26;222;223;223;221;0.097;50.02;251.7;0.000;251.8;0.000;0.0;0.000;60;0;0;0.117;0.106;0.069;0;1;3;50.02;50.02;50.02;5061;1000;0.0;0;1.0000;0;0
600;2017-11-18 15:20:00;172602N232;0;2.907;26;222;223;224;219;0.000;50.03;282.5;0.000;281.9;0.000;0.0;0.000;51;0;0;0.000;0.000;0.000;0;0;0;50.03;50.03;50.03;5474;1000;0.0;0;1.0000;0;0
600;2017-11-18 15:30:00;172602N232;0;2.907;25;221;223;224;218;0.000;49.99;232.3;0.000;233.3;0.000;0.0;0.000;51;0;0;0.000;0.000;0.000;0;0;0;49.99;49.99;49.99;5724;1000;0.0;0;1.0000;0;0
600;2017-11-18 15:40:00;172602N232;0;2.907;25;221;222;224;218;0.000;49.99;214.5;0.000;213.4;0.000;0.0;0.000;51;0;0;0.000;0.000;0.000;0;0;0;49.99;49.99;49.99;5724;1000;0.0;0;1.0000;0;0
[wr_ende]
