20151011;230000;172602N232;My Plant;+0100
[wr_def_start]
172602N232;Inverter Type;Inverter Group;72602N232      
[wr_def_end]
[wr]
INTERVAL;TIMESTAMP;SERIAL;P_AC;E_DAY;T_WR;U_AC;U_AC_1;U_AC_2;U_AC_3;I_AC;F_AC;U_DC_1;I_DC_1;U_DC_2;I_DC_2;U_DC_3;I_DC_3;S;E_WR;M_WR;I_AC_1;I_AC_2;I_AC_3;P_AC_1;P_AC_2;P_AC_3;F_AC_1;F_AC_2;F_AC_3;R_DC;PC;PCS;PCS_LL;COS_PHI;COS_PHI_LL;S_COS_PHI
600;2015-10-11 06:50:00;172602N232;0;0.000;0;4;4;4;4;0.000;1.00;4.3;0.000;4.3;0.000;0.0;0.000;50;0;0;0.000;0.000;0.000;0;0;0;1.00;1.00;1.00;44;1000;0.0;0;1.0000;0;0
600;2015-10-11 07:00:00;172602N232;0;0.000;20;224;224;227;220;0.000;50.00;229.7;0.000;230.6;0.000;0.0;0.000;50;0;0;0.000;0.000;0.000;0;0;0;50.00;50.00;50.00;0;1000;0.0;0;1.0000;0;0
600;2015-10-11 07:10:00;172602N232;0;0.000;21;224;224;227;220;0.000;50.00;272.4;0.000;272.3;0.000;0.0;0.000;51;0;0;0.001;0.000;0.000;0;0;0;50.00;50.00;50.00;432;1000;0.0;0;1.0000;0;0
600;2015-10-11 07:20:00;172602N232;1;0.000;22;224;224;226;222;0.072;50.01;277.5;0.000;276.7;0.000;0.0;0.000;60;0;0;0.074;0.093;0.049;0;0;2;50.01;50.01;50.01;4889;1000;0.0;0;1.0000;0;0
600;2015-10-11 07:30:00;172602N232;18;0.003;22;224;224;225;222;0.376;50.02;314.8;0.010;306.7;0.011;0.0;0.000;60;0;0;0.372;0.490;0.268;5;1;18;50.02;50.02;50.02;5129;1000;0.0;0;1.0000;0;0
600;2015-10-11 07:40:00;172602N232;40;0.011;23;223;223;225;222;0.614;50.00;367.0;0.035;375.6;0.032;0.0;0.000;60;0;0;0.585;0.842;0.416;16;0;30;50.00;50.00;50.00;5129;1000;0.0;0;1.0000;0;0
600;2015-10-11 07:50:00;172602N232;58;0.021;23;223;223;224;222;0.890;50.00;389.2;0.059;389.9;0.055;0.0;0.000;60;0;0;0.853;1.118;0.699;10;6;46;50.00;50.00;50.00;5129;1000;0.0;0;1.0000;0;0
600;2015-10-11 08:00:00;172602N232;76;0.032;24;222;222;223;222;0.887;49.99;400.0;0.080;396.8;0.075;0.0;0.000;60;0;0;0.799;1.069;0.793;19;15;41;49.99;49.99;49.99;5129;1000;0.0;0;1.0000;0;0
600;2015-10-11 08:10:00;172602N232;92;0.047;24;223;223;225;222;0.928;49.99;405.8;0.100;401.5;0.092;0.0;0.000;60;0;0;0.814;1.240;0.732;26;6;59;49.99;49.99;49.99;5129;1000;0.0;0;1.0000;0;0
600;2015-10-11 08:20:00;172602N232;103;0.065;24;223;223;225;222;0.917;49.99;411.9;0.113;403.3;0.104;0.0;0.000;60;0;0;0.864;1.156;0.733;21;17;63;49.99;49.99;49.99;5129;1000;0.0;0;1.0000;0;0
600;2015-10-11 08:30:00;172602N232;116;0.084;25;222;222;222;221;0.885;50.01;412.0;0.131;405.1;0.116;0.0;0.000;60;0;0;0.964;0.940;0.753;12;42;60;50.01;50.01;50.01;5129;1000;0.0;0;1.0000;0;0
600;2015-10-11 08:40:00;172602N232;130;0.106;25;222;223;222;221;0.885;50.00;412.9;0.148;409.6;0.132;0.0;0.000;60;0;0;1.051;0.838;0.767;9;56;63;50.00;50.00;50.00;5129;1000;0.0;0;1.0000;0;0
600;2015-10-11 08:50:00;172602N232;181;0.136;25;222;223;223;220;0.998;49.99;444.5;0.202;416.4;0.179;0.0;0.000;60;0;0;1.147;1.095;0.753;14;80;86;49.99;49.99;49.99;5129;1000;0.0;0;1.0000;0;0
600;2015-10-11 09:00:00;172602N232;273;0.183;26;222;223;225;217;1.120;49.99;472.5;0.357;428.0;0.224;0.0;0.000;60;0;0;1.268;1.251;0.841;66;100;106;49.99;49.99;49.99;5129;1000;0.0;0;1.0000;0;0
600;2015-10-11 09:10:00;172602N232;711;0.301;26;222;223;226;217;1.107;50.00;420.7;1.421;449.7;0.233;0.0;0.000;60;0;0;1.067;1.163;1.091;227;252;230;50.00;50.00;50.00;5129;1000;0.0;0;1.0000;0;0
600;2015-10-11 09:20:00;172602N232;795;0.434;27;222;223;225;217;1.230;50.00;434.4;1.596;458.3;0.204;0.0;0.000;60;0;0;1.194;1.285;1.213;256;281;256;50.00;50.00;50.00;5129;1000;0.0;0;1.0000;0;0
600;2015-10-11 09:30:00;172602N232;874;0.580;27;221;223;223;218;1.365;50.02;433.1;1.781;463.4;0.206;0.0;0.000;60;0;0;1.333;1.402;1.361;282;303;287;50.02;50.02;50.02;5129;1000;0.0;0;1.0000;0;0
600;2015-10-11 09:40:00;172602N232;951;0.738;28;222;223;223;219;1.478;49.99;431.8;1.949;467.5;0.220;0.0;0.000;60;0;0;1.445;1.517;1.473;308;329;312;49.99;49.99;49.99;5129;1000;0.0;0;1.0000;0;0
600;2015-10-11 09:50:00;172602N232;1023;0.909;28;222;223;225;217;1.559;50.00;428.5;2.115;470.8;0.235;0.0;0.000;60;0;0;1.517;1.615;1.546;332;359;330;50.00;50.00;50.00;5129;1000;0.0;0;1.0000;0;0
600;2015-10-11 10:00:00;172602N232;1102;1.093;29;223;223;225;220;1.704;49.99;424.9;2.302;470.6;0.253;0.0;0.000;60;0;0;1.670;1.746;1.698;355;382;362;49.99;49.99;49.99;5129;1000;0.0;0;1.0000;0;0
600;2015-10-11 10:10:00;172602N232;1182;1.290;29;223;223;225;221;1.892;50.00;423.2;2.485;469.7;0.268;0.0;0.000;60;0;0;1.878;1.904;1.895;380;405;395;50.00;50.00;50.00;5129;1000;0.0;0;1.0000;0;0
600;2015-10-11 10:20:00;172602N232;1281;1.504;30;223;224;226;218;1.989;50.00;422.8;2.683;478.4;0.301;0.0;0.000;60;0;0;1.953;2.059;1.956;415;450;414;50.00;50.00;50.00;5129;1000;0.0;0;1.0000;0;0
600;2015-10-11 10:30:00;172602N232;1558;1.764;30;222;222;227;216;2.364;49.99;420.1;3.104;477.0;0.533;0.0;0.000;60;0;0;2.312;2.472;2.309;506;556;493;49.99;49.99;49.99;5129;1000;0.0;0;1.0000;0;0
600;2015-10-11 10:40:00;172602N232;2095;2.112;31;222;223;227;218;3.157;50.00;416.7;3.248;356.9;2.286;0.0;0.000;60;0;0;3.107;3.260;3.105;687;734;671;50.00;50.00;50.00;5129;1000;0.0;0;1.0000;0;0
600;2015-10-11 10:50:00;172602N232;2222;2.482;31;222;219;227;219;3.365;50.00;414.8;3.176;338.7;2.757;0.0;0.000;60;0;0;3.262;3.494;3.340;709;784;725;50.00;50.00;50.00;5129;1000;0.0;0;1.0000;0;0
600;2015-10-11 11:00:00;172602N232;1253;2.692;32;221;221;225;217;1.917;50.00;413.4;1.663;405.3;1.472;0.0;0.000;60;0;0;1.862;1.994;1.896;405;443;405;50.00;50.00;50.00;5129;1000;0.0;0;1.0000;0;0
600;2015-10-11 11:10:00;172602N232;1331;2.914;32;221;221;225;218;2.065;50.01;414.6;1.749;403.4;1.544;0.0;0.000;60;0;0;1.995;2.151;2.051;427;467;433;50.01;50.01;50.01;5129;1000;0.0;0;1.0000;0;0
600;2015-10-11 11:20:00;172602N232;2189;3.279;32;222;222;227;218;3.299;50.01;418.5;2.827;404.7;2.578;0.0;0.000;60;0;0;3.235;3.406;3.256;713;768;706;50.01;50.01;50.01;5129;1000;0.0;0;1.0000;0;0
600;2015-10-11 11:30:00;172602N232;3244;3.819;33;223;223;228;218;4.855;49.99;411.2;4.244;406.2;3.790;0.0;0.000;60;0;0;4.798;5.018;4.749;1069;1141;1033;49.99;49.99;49.99;5129;1000;0.0;0;1.0000;0;0
600;2015-10-11 11:40:00;172602N232;2349;4.211;35;223;222;227;219;3.533;50.00;404.9;3.074;398.8;2.863;0.0;0.000;60;0;0;3.463;3.664;3.472;764;828;755;50.00;50.00;50.00;5129;1000;0.0;0;1.0000;0;0
600;2015-10-11 11:50:00;172602N232;1121;4.398;34;221;220;225;218;1.835;49.99;410.5;1.403;419.6;1.281;0.0;0.000;60;0;0;1.773;1.918;1.815;360;395;365;49.99;49.99;49.99;5129;1000;0.0;0;1.0000;0;0
600;2015-10-11 12:00:00;172602N232;2285;4.778;34;223;223;226;220;3.426;49.99;413.6;2.854;420.5;2.653;0.0;0.000;60;0;0;3.366;3.512;3.400;746;791;745;49.99;49.99;49.99;5129;1000;0.0;0;1.0000;0;0
600;2015-10-11 12:10:00;172602N232;3368;5.341;34;224;224;228;220;5.023;50.01;409.5;4.281;421.6;3.942;0.0;0.000;60;0;0;4.970;5.160;4.940;1110;1174;1082;50.01;50.01;50.01;5129;1000;0.0;0;1.0000;0;0
600;2015-10-11 12:20:00;172602N232;3037;5.846;37;224;224;229;220;4.523;50.01;401.1;3.926;403.1;3.713;0.0;0.000;60;0;0;4.459;4.655;4.457;995;1062;977;50.01;50.01;50.01;5129;1000;0.0;0;1.0000;0;0
600;2015-10-11 12:30:00;172602N232;3462;6.424;38;224;223;228;221;5.153;50.01;397.1;4.515;403.7;4.233;0.0;0.000;60;0;0;5.072;5.300;5.088;1128;1209;1121;50.01;50.01;50.01;5129;1000;0.0;0;1.0000;0;0
600;2015-10-11 12:40:00;172602N232;2033;6.763;36;223;223;226;220;3.057;49.99;401.3;2.611;407.9;2.445;0.0;0.000;60;0;0;3.001;3.142;3.028;663;710;660;49.99;49.99;49.99;5129;1000;0.0;0;1.0000;0;0
600;2015-10-11 12:50:00;172602N232;1084;6.944;36;222;222;224;220;1.660;50.02;406.3;1.374;415.2;1.278;0.0;0.000;60;0;0;1.609;1.717;1.654;349;379;356;50.02;50.02;50.02;5129;1000;0.0;0;1.0000;0;0
600;2015-10-11 13:00:00;172602N232;2828;7.417;36;223;224;225;221;4.230;50.02;414.4;3.527;420.9;3.322;0.0;0.000;60;0;0;4.179;4.300;4.211;931;970;928;50.02;50.02;50.02;5129;1000;0.0;0;1.0000;0;0
600;2015-10-11 13:10:00;172602N232;2613;7.852;36;223;223;225;220;3.920;50.01;406.4;3.311;415.4;3.097;0.0;0.000;60;0;0;3.868;4.001;3.891;860;899;854;50.01;50.01;50.01;5129;1000;0.0;0;1.0000;0;0
600;2015-10-11 13:20:00;172602N232;3604;8.453;38;224;224;227;222;5.360;50.01;402.3;4.630;408.8;4.380;0.0;0.000;60;0;0;5.281;5.471;5.330;1180;1240;1181;50.01;50.01;50.01;5129;1000;0.0;0;1.0000;0;0
600;2015-10-11 13:30:00;172602N232;3065;8.964;37;224;224;225;222;4.581;50.00;391.4;3.947;401.3;3.898;0.0;0.000;60;0;0;4.544;4.631;4.570;1015;1040;1011;50.00;50.00;50.00;5129;1000;0.0;0;1.0000;0;0
600;2015-10-11 13:40:00;172602N232;2813;9.434;37;224;224;225;223;4.200;50.01;388.2;3.655;400.9;3.564;0.0;0.000;60;0;0;4.153;4.242;4.206;925;949;934;50.01;50.01;50.01;5129;1000;0.0;0;1.0000;0;0
600;2015-10-11 13:50:00;172602N232;2723;9.887;38;224;224;227;222;4.098;50.02;398.5;3.563;393.7;3.367;0.0;0.000;60;0;0;4.035;4.189;4.070;889;942;889;50.02;50.02;50.02;5129;1000;0.0;0;1.0000;0;0
600;2015-10-11 14:00:00;172602N232;1764;10.181;38;223;223;224;221;2.838;50.01;398.8;2.345;387.8;2.165;0.0;0.000;60;0;0;2.810;2.903;2.803;574;613;575;50.01;50.01;50.01;5129;1000;0.0;0;1.0000;0;0
600;2015-10-11 14:10:00;172602N232;594;10.280;38;222;223;223;222;1.142;50.01;401.5;0.769;389.0;0.714;0.0;0.000;60;0;0;1.133;1.162;1.133;186;208;198;50.01;50.01;50.01;5129;1000;0.0;0;1.0000;0;0
600;2015-10-11 14:20:00;172602N232;345;10.337;38;222;223;222;222;1.181;50.01;409.1;0.424;394.8;0.404;0.0;0.000;60;0;0;1.338;1.110;1.097;93;140;109;50.01;50.01;50.01;5129;1000;0.0;0;1.0000;0;0
600;2015-10-11 14:30:00;172602N232;393;10.403;37;223;224;223;221;1.118;50.01;414.8;0.498;411.6;0.420;0.0;0.000;60;0;0;1.234;1.093;1.028;113;143;135;50.01;50.01;50.01;5129;1000;0.0;0;1.0000;0;0
600;2015-10-11 14:40:00;172602N232;2011;10.738;37;224;224;227;221;3.012;49.99;425.1;3.218;360.2;2.180;0.0;0.000;60;0;0;2.956;3.098;2.982;657;699;653;49.99;49.99;49.99;5129;1000;0.0;0;1.0000;0;0
600;2015-10-11 14:50:00;172602N232;2510;11.157;37;225;224;229;222;3.744;50.01;410.6;4.037;261.8;3.404;0.0;0.000;60;0;0;3.665;3.856;3.711;815;877;816;50.01;50.01;50.01;5129;1000;0.0;0;1.0000;0;0
600;2015-10-11 15:00:00;172602N232;781;11.288;37;223;223;225;222;1.619;50.00;385.7;1.278;352.7;0.909;0.0;0.000;60;0;0;1.679;1.641;1.539;243;276;262;50.00;50.00;50.00;5129;1000;0.0;0;1.0000;0;0
600;2015-10-11 15:10:00;172602N232;213;11.323;37;222;223;224;220;1.061;50.01;390.8;0.268;385.3;0.248;0.0;0.000;60;0;0;1.417;0.990;0.776;51;80;80;50.01;50.01;50.01;5129;1000;0.0;0;1.0000;0;0
600;2015-10-11 15:20:00;172602N232;1063;11.501;36;224;224;226;221;1.836;50.00;349.9;1.804;342.2;1.584;0.0;0.000;60;0;0;1.847;1.926;1.736;340;372;348;50.00;50.00;50.00;5129;1000;0.0;0;1.0000;0;0
600;2015-10-11 15:30:00;172602N232;1193;11.699;36;224;224;227;221;1.855;50.00;290.9;2.011;316.0;2.018;0.0;0.000;60;0;0;1.804;1.928;1.835;383;418;390;50.00;50.00;50.00;5129;1000;0.0;0;1.0000;0;0
600;2015-10-11 15:40:00;172602N232;1400;11.934;36;224;224;226;221;2.113;50.00;455.5;1.016;387.6;2.511;0.0;0.000;60;0;0;2.064;2.173;2.103;454;486;458;50.00;50.00;50.00;5129;1000;0.0;0;1.0000;0;0
600;2015-10-11 15:50:00;172602N232;1135;12.123;36;224;225;226;221;1.746;49.98;435.3;0.587;390.9;2.261;0.0;0.000;60;0;0;1.714;1.781;1.744;367;392;374;49.98;49.98;49.98;5129;1000;0.0;0;1.0000;0;0
600;2015-10-11 16:00:00;172602N232;293;12.172;36;223;224;223;221;1.052;49.99;388.2;0.315;387.1;0.406;0.0;0.000;60;0;0;1.249;1.036;0.873;67;119;107;49.99;49.99;49.99;5129;1000;0.0;0;1.0000;0;0
600;2015-10-11 16:10:00;172602N232;162;12.199;35;222;223;223;220;1.085;49.99;393.1;0.192;380.2;0.194;0.0;0.000;60;0;0;1.559;0.900;0.797;6;79;78;49.99;49.99;49.99;5129;1000;0.0;0;1.0000;0;0
600;2015-10-11 16:20:00;172602N232;136;12.223;35;222;223;224;219;0.976;49.98;394.9;0.156;388.2;0.155;0.0;0.000;60;0;0;1.380;0.821;0.728;6;60;69;49.98;49.98;49.98;5129;1000;0.0;0;1.0000;0;0
600;2015-10-11 16:30:00;172602N232;131;12.244;35;222;223;224;221;0.956;50.00;393.0;0.147;389.8;0.152;0.0;0.000;60;0;0;1.240;0.899;0.729;16;50;64;50.00;50.00;50.00;5129;1000;0.0;0;1.0000;0;0
600;2015-10-11 16:40:00;172602N232;116;12.263;34;222;222;224;221;0.936;50.00;390.8;0.128;379.6;0.139;0.0;0.000;60;0;0;1.185;0.900;0.723;14;42;58;50.00;50.00;50.00;5129;1000;0.0;0;1.0000;0;0
600;2015-10-11 16:50:00;172602N232;124;12.285;34;222;222;223;220;0.958;49.99;396.0;0.132;391.2;0.147;0.0;0.000;60;0;0;1.266;0.889;0.721;11;51;63;49.99;49.99;49.99;5129;1000;0.0;0;1.0000;0;0
600;2015-10-11 17:00:00;172602N232;126;12.306;33;221;221;223;220;0.918;49.98;397.8;0.130;396.6;0.151;0.0;0.000;60;0;0;1.122;0.921;0.712;23;42;59;49.98;49.98;49.98;5129;1000;0.0;0;1.0000;0;0
600;2015-10-11 17:10:00;172602N232;108;12.325;33;221;221;222;219;0.917;49.97;389.7;0.113;391.7;0.129;0.0;0.000;60;0;0;1.175;0.881;0.696;14;38;57;49.97;49.97;49.97;5129;1000;0.0;0;1.0000;0;0
600;2015-10-11 17:20:00;172602N232;88;12.339;33;221;222;222;219;0.938;49.98;383.2;0.090;386.1;0.103;0.0;0.000;60;0;0;1.410;0.710;0.695;0;52;52;49.98;49.98;49.98;5129;1000;0.0;0;1.0000;0;0
600;2015-10-11 17:30:00;172602N232;56;12.349;33;221;221;221;220;0.730;50.04;364.8;0.053;370.6;0.061;0.0;0.000;60;0;0;0.857;0.781;0.552;6;21;36;50.03;50.03;50.03;5129;1000;0.0;0;1.0000;0;0
600;2015-10-11 17:40:00;172602N232;28;12.354;32;220;220;221;219;0.502;50.03;320.9;0.022;329.9;0.027;0.0;0.000;60;0;0;0.556;0.594;0.356;5;7;23;50.03;50.03;50.03;5129;1000;0.0;0;1.0000;0;0
600;2015-10-11 17:50:00;172602N232;8;12.355;32;219;218;222;219;0.278;49.99;259.6;0.001;273.7;0.003;0.0;0.000;60;0;0;0.224;0.416;0.194;6;0;10;49.99;49.99;49.99;5129;1000;0.0;0;1.0000;0;0
600;2015-10-11 18:00:00;172602N232;0;12.355;31;219;218;222;218;0.030;49.99;280.0;0.000;279.4;0.000;0.0;0.000;51;0;0;0.024;0.047;0.020;0;0;0;49.99;49.99;49.99;5024;1000;0.0;0;1.0000;0;0
600;2015-10-11 18:10:00;172602N232;0;12.355;30;219;218;222;217;0.000;49.97;249.3;0.000;249.8;0.000;0.0;0.000;51;0;0;0.000;0.000;0.000;0;0;0;49.97;49.97;49.97;4688;1000;0.0;0;1.0000;0;0
600;2015-10-11 18:20:00;172602N232;0;12.355;30;219;218;221;217;0.000;49.96;228.7;0.000;229.7;0.000;0.0;0.000;51;0;0;0.000;0.000;0.000;0;0;0;49.96;49.96;49.96;4688;1000;0.0;0;1.0000;0;0
[wr_ende]
