20150603;230003;172602N232;My Plant;+0100
[wr_def_start]
172602N232;Inverter Type;Inverter Group;72602N232      
[wr_def_end]
[wr]
INTERVAL;TIMESTAMP;SERIAL;P_AC;E_DAY;T_WR;U_AC;U_AC_1;U_AC_2;U_AC_3;I_AC;F_AC;U_DC_1;I_DC_1;U_DC_2;I_DC_2;U_DC_3;I_DC_3;S;E_WR;M_WR;I_AC_1;I_AC_2;I_AC_3;P_AC_1;P_AC_2;P_AC_3;F_AC_1;F_AC_2;F_AC_3;R_DC;PC;PCS;PCS_LL;COS_PHI;COS_PHI_LL;S_COS_PHI
600;2015-06-03 03:40:00;172602N232;0;0.000;0;5;5;5;5;0.000;1.19;4.7;0.000;4.6;0.000;0.0;0.000;50;0;0;0.000;0.000;0.000;0;0;0;1.19;1.19;1.19;116;1000;0.0;0;1.0000;0;0
600;2015-06-03 03:50:00;172602N232;0;0.000;22;226;227;229;223;0.000;50.01;227.8;0.000;228.8;0.000;0.0;0.000;50;0;0;0.000;0.000;0.000;0;0;0;50.01;50.01;50.01;0;1000;0.0;0;1.0000;0;0
600;2015-06-03 04:00:00;172602N232;0;0.000;24;226;227;229;223;0.000;49.99;229.8;0.000;230.8;0.000;0.0;0.000;50;0;0;0.000;0.000;0.000;0;0;0;49.99;49.99;49.99;0;1000;0.0;0;1.0000;0;0
600;2015-06-03 04:10:00;172602N232;0;0.000;25;226;227;229;223;0.000;49.98;239.6;0.000;240.5;0.000;0.0;0.000;50;0;0;0.000;0.000;0.000;0;0;0;49.98;49.98;49.98;0;1000;0.0;0;1.0000;0;0
600;2015-06-03 04:20:00;172602N232;0;0.000;25;226;226;229;223;0.000;49.98;300.0;0.000;298.4;0.000;0.0;0.000;51;0;0;0.000;0.000;0.000;0;0;0;49.98;49.98;49.98;438;1000;0.0;0;1.0000;0;0
600;2015-06-03 04:30:00;172602N232;0;0.000;26;227;227;229;225;0.037;49.99;279.9;0.000;279.4;0.000;0.0;0.000;60;0;0;0.034;0.047;0.030;0;0;1;49.99;49.99;49.99;4735;1000;0.0;0;1.0000;0;0
600;2015-06-03 04:40:00;172602N232;7;0.002;26;227;228;229;226;0.294;50.01;255.4;0.000;270.8;0.002;0.0;0.000;60;0;0;0.347;0.326;0.209;1;2;12;50.01;50.01;50.01;4842;1000;0.0;0;1.0000;0;0
600;2015-06-03 04:50:00;172602N232;29;0.006;26;227;227;228;225;0.530;50.01;330.3;0.022;336.4;0.025;0.0;0.000;60;0;0;0.594;0.631;0.366;5;2;25;50.01;50.01;50.01;4842;1000;0.0;0;1.0000;0;0
600;2015-06-03 05:00:00;172602N232;55;0.015;27;227;227;228;225;0.711;50.00;367.6;0.055;370.3;0.056;0.0;0.000;60;0;0;0.771;0.844;0.520;4;14;36;50.00;50.00;50.00;4842;1000;0.0;0;1.0000;0;0
600;2015-06-03 05:10:00;172602N232;68;0.028;27;226;227;227;225;0.934;50.00;372.7;0.074;374.5;0.075;0.0;0.000;60;0;0;1.203;0.889;0.710;0;29;50;50.00;50.00;50.00;4842;1000;0.0;0;1.0000;0;0
600;2015-06-03 05:20:00;172602N232;115;0.045;27;226;227;228;224;0.932;50.01;388.5;0.131;388.2;0.131;0.0;0.000;60;0;0;0.900;1.154;0.744;19;25;69;50.01;50.01;50.01;4842;1000;0.0;0;1.0000;0;0
600;2015-06-03 05:30:00;172602N232;125;0.067;28;225;226;227;223;0.927;50.00;391.1;0.143;390.4;0.143;0.0;0.000;60;0;0;0.973;1.062;0.746;13;38;73;50.00;50.00;50.00;4842;1000;0.0;0;1.0000;0;0
600;2015-06-03 05:40:00;172602N232;161;0.093;28;224;225;226;222;1.008;50.00;396.0;0.187;396.3;0.184;0.0;0.000;60;0;0;1.111;1.179;0.736;23;59;78;50.00;50.00;50.00;4842;1000;0.0;0;1.0000;0;0
600;2015-06-03 05:50:00;172602N232;219;0.129;28;223;223;225;221;1.083;49.98;409.7;0.258;411.1;0.240;0.0;0.000;60;0;0;1.285;1.169;0.795;54;74;90;49.98;49.98;49.98;4842;1000;0.0;0;1.0000;0;0
600;2015-06-03 06:00:00;172602N232;255;0.173;29;223;222;225;221;1.068;49.97;413.6;0.300;413.6;0.279;0.0;0.000;60;0;0;1.070;1.273;0.861;72;82;99;49.97;49.97;49.97;4842;1000;0.0;0;1.0000;0;0
600;2015-06-03 06:10:00;172602N232;281;0.220;29;222;222;224;221;1.120;49.97;413.6;0.334;414.4;0.310;0.0;0.000;60;0;0;1.154;1.278;0.929;73;98;108;49.97;49.97;49.97;4842;1000;0.0;0;1.0000;0;0
600;2015-06-03 06:20:00;172602N232;183;0.250;30;222;222;224;220;1.020;49.96;409.2;0.216;409.2;0.194;0.0;0.000;60;0;0;0.985;1.348;0.727;20;74;87;49.96;49.96;49.96;4842;1000;0.0;0;1.0000;0;0
600;2015-06-03 06:30:00;172602N232;176;0.281;30;222;222;224;220;0.961;49.98;409.4;0.204;412.0;0.186;0.0;0.000;60;0;0;0.773;1.414;0.697;18;70;87;49.98;49.98;49.98;4842;1000;0.0;0;1.0000;0;0
600;2015-06-03 06:40:00;172602N232;184;0.310;30;222;222;223;221;1.019;50.01;411.0;0.213;414.1;0.194;0.0;0.000;60;0;0;1.053;1.269;0.736;11;92;80;50.01;50.01;50.01;4842;1000;0.0;0;1.0000;0;0
600;2015-06-03 06:50:00;172602N232;196;0.344;30;222;222;223;220;1.013;49.97;414.0;0.227;415.0;0.207;0.0;0.000;60;0;0;1.143;1.042;0.856;33;67;94;49.97;49.97;49.97;4842;1000;0.0;0;1.0000;0;0
600;2015-06-03 07:00:00;172602N232;215;0.380;31;221;221;222;220;0.962;49.97;420.6;0.251;414.1;0.227;0.0;0.000;60;0;0;1.114;0.853;0.921;43;72;99;49.97;49.97;49.97;4842;1000;0.0;0;1.0000;0;0
600;2015-06-03 07:10:00;172602N232;235;0.419;31;222;222;223;220;1.089;49.99;429.3;0.276;411.0;0.247;0.0;0.000;60;0;0;1.203;1.271;0.793;53;93;87;49.99;49.99;49.99;4842;1000;0.0;0;1.0000;0;0
600;2015-06-03 07:20:00;172602N232;256;0.462;31;222;221;223;221;1.109;49.97;435.8;0.298;418.8;0.264;0.0;0.000;60;0;0;1.054;1.255;1.020;59;93;102;49.97;49.97;49.97;4842;1000;0.0;0;1.0000;0;0
600;2015-06-03 07:30:00;172602N232;601;0.562;31;221;221;222;220;0.977;49.98;441.7;0.722;430.2;0.630;0.0;0.000;60;0;0;0.932;1.013;0.988;188;209;203;49.98;49.98;49.98;4842;1000;0.0;0;1.0000;0;0
600;2015-06-03 07:40:00;172602N232;663;0.673;31;221;221;223;219;1.051;50.01;438.1;0.795;430.3;0.704;0.0;0.000;60;0;0;1.000;1.093;1.062;208;231;221;50.01;50.01;50.01;4842;1000;0.0;0;1.0000;0;0
600;2015-06-03 07:50:00;172602N232;771;0.801;32;223;224;225;221;1.230;50.00;450.7;0.917;430.8;0.807;0.0;0.000;60;0;0;1.217;1.252;1.222;248;265;255;50.00;50.00;50.00;4842;1000;0.0;0;1.0000;0;0
600;2015-06-03 08:00:00;172602N232;952;0.960;32;225;226;226;224;1.457;49.99;438.4;1.151;433.7;1.010;0.0;0.000;60;0;0;1.415;1.491;1.465;306;327;317;49.99;49.99;49.99;4842;1000;0.0;0;1.0000;0;0
600;2015-06-03 08:10:00;172602N232;822;1.097;33;225;226;225;224;1.255;49.99;422.3;0.975;426.5;0.945;0.0;0.000;60;0;0;1.210;1.289;1.267;263;282;275;49.99;49.99;49.99;4842;1000;0.0;0;1.0000;0;0
600;2015-06-03 08:20:00;172602N232;734;1.221;33;225;225;226;224;1.132;50.00;417.0;0.925;420.4;0.810;0.0;0.000;60;0;0;1.088;1.167;1.142;233;254;246;50.00;50.00;50.00;4842;1000;0.0;0;1.0000;0;0
600;2015-06-03 08:30:00;172602N232;1007;1.388;33;225;226;226;224;1.538;50.01;427.6;1.202;430.1;1.133;0.0;0.000;60;0;0;1.504;1.570;1.542;326;345;334;50.01;50.01;50.01;4842;1000;0.0;0;1.0000;0;0
600;2015-06-03 08:40:00;172602N232;681;1.502;34;227;226;228;225;1.105;50.01;416.8;0.823;421.0;0.785;0.0;0.000;60;0;0;1.141;1.091;1.085;221;231;227;50.01;50.01;50.01;4842;1000;0.0;0;1.0000;0;0
600;2015-06-03 08:50:00;172602N232;452;1.578;34;226;226;228;224;0.716;50.00;416.0;0.534;413.4;0.532;0.0;0.000;60;0;0;0.661;0.761;0.726;137;161;152;50.00;50.00;50.00;4842;1000;0.0;0;1.0000;0;0
600;2015-06-03 09:00:00;172602N232;1137;1.767;34;225;225;227;224;1.717;50.00;431.3;1.359;433.2;1.257;0.0;0.000;60;0;0;1.667;1.766;1.718;366;394;376;50.00;50.00;50.00;4842;1000;0.0;0;1.0000;0;0
600;2015-06-03 09:10:00;172602N232;958;1.927;34;225;225;227;223;1.463;49.99;424.8;1.136;424.8;1.103;0.0;0.000;60;0;0;1.410;1.508;1.471;305;332;319;49.99;49.99;49.99;4842;1000;0.0;0;1.0000;0;0
600;2015-06-03 09:20:00;172602N232;1608;2.195;35;225;224;227;223;2.431;49.99;425.1;2.080;412.4;1.826;0.0;0.000;60;0;0;2.387;2.484;2.423;521;554;530;49.99;49.99;49.99;4842;1000;0.0;0;1.0000;0;0
600;2015-06-03 09:30:00;172602N232;1696;2.478;35;225;224;228;223;2.530;49.99;426.3;2.082;432.4;1.887;0.0;0.000;60;0;0;2.464;2.597;2.529;547;586;560;49.99;49.99;49.99;4842;1000;0.0;0;1.0000;0;0
600;2015-06-03 09:40:00;172602N232;1065;2.655;35;224;223;226;222;1.624;49.97;424.1;1.263;423.6;1.236;0.0;0.000;60;0;0;1.568;1.674;1.630;340;370;353;49.97;49.97;49.97;4842;1000;0.0;0;1.0000;0;0
600;2015-06-03 09:50:00;172602N232;778;2.785;35;224;224;227;222;1.264;49.98;421.3;0.918;419.9;0.910;0.0;0.000;60;0;0;1.212;1.330;1.250;246;274;256;49.98;49.98;49.98;4842;1000;0.0;0;1.0000;0;0
600;2015-06-03 10:00:00;172602N232;1637;3.058;36;224;225;228;221;2.451;50.00;434.7;1.897;430.6;1.898;0.0;0.000;60;0;0;2.398;2.533;2.422;534;572;530;50.00;50.00;50.00;4842;1000;0.0;0;1.0000;0;0
600;2015-06-03 10:10:00;172602N232;1238;3.265;36;224;224;227;222;1.895;50.01;427.8;1.445;423.3;1.456;0.0;0.000;60;0;0;1.852;1.946;1.888;399;431;407;50.01;50.01;50.01;4842;1000;0.0;0;1.0000;0;0
600;2015-06-03 10:20:00;172602N232;1393;3.498;36;224;224;226;222;2.111;49.99;426.5;1.633;424.2;1.636;0.0;0.000;60;0;0;2.069;2.161;2.104;452;480;458;49.99;49.99;49.99;4842;1000;0.0;0;1.0000;0;0
600;2015-06-03 10:30:00;172602N232;1538;3.753;36;223;223;225;222;2.321;49.99;429.4;1.811;430.2;1.773;0.0;0.000;60;0;0;2.277;2.371;2.317;501;527;507;49.99;49.99;49.99;4842;1000;0.0;0;1.0000;0;0
600;2015-06-03 10:40:00;172602N232;1647;4.029;36;223;223;225;222;2.490;49.96;427.5;1.950;428.3;1.914;0.0;0.000;60;0;0;2.444;2.534;2.493;537;562;546;49.96;49.96;49.96;4842;1000;0.0;0;1.0000;0;0
600;2015-06-03 10:50:00;172602N232;2373;4.423;36;224;225;225;223;3.536;49.98;423.8;2.834;426.2;2.762;0.0;0.000;60;0;0;3.504;3.597;3.509;783;809;778;49.98;49.98;49.98;4842;1000;0.0;0;1.0000;0;0
600;2015-06-03 11:00:00;172602N232;1283;4.637;37;223;225;224;221;1.946;49.98;425.8;1.508;432.1;1.476;0.0;0.000;60;0;0;1.920;1.984;1.935;423;437;421;49.98;49.98;49.98;4842;1000;0.0;0;1.0000;0;0
600;2015-06-03 11:10:00;172602N232;3306;5.188;37;226;225;228;224;4.882;49.97;429.2;3.914;432.4;3.817;0.0;0.000;60;0;0;4.837;4.974;4.836;1088;1134;1081;49.97;49.97;49.97;4842;1000;0.0;0;1.0000;0;0
600;2015-06-03 11:20:00;172602N232;3960;5.851;39;226;226;229;224;5.823;49.98;418.5;4.793;421.8;4.711;0.0;0.000;60;0;0;5.777;5.950;5.744;1304;1374;1285;49.98;49.98;49.98;4842;1000;0.0;0;1.0000;0;0
600;2015-06-03 11:30:00;172602N232;3456;6.428;39;227;226;229;225;5.079;49.98;407.8;4.302;408.8;4.274;0.0;0.000;60;0;0;5.022;5.183;5.034;1133;1193;1131;49.98;49.98;49.98;4842;1000;0.0;0;1.0000;0;0
600;2015-06-03 11:40:00;172602N232;3750;7.052;39;227;226;230;225;5.492;49.98;409.7;4.655;413.2;4.584;0.0;0.000;60;0;0;5.413;5.622;5.443;1223;1297;1226;49.98;49.98;49.98;4842;1000;0.0;0;1.0000;0;0
600;2015-06-03 11:50:00;172602N232;4550;7.812;40;229;227;232;227;6.626;49.99;400.8;5.776;403.1;5.723;0.0;0.000;60;0;0;6.547;6.775;6.556;1488;1576;1485;49.99;49.99;49.99;4842;1000;0.0;0;1.0000;0;0
600;2015-06-03 12:00:00;172602N232;2568;8.239;40;228;227;231;226;3.770;49.99;416.4;3.116;413.1;3.136;0.0;0.000;60;0;0;3.709;3.844;3.758;838;882;845;49.99;49.99;49.99;4842;1000;0.0;0;1.0000;0;0
600;2015-06-03 12:10:00;172602N232;3378;8.804;40;228;227;231;225;4.951;49.99;408.7;4.198;410.8;4.153;0.0;0.000;60;0;0;4.897;5.077;4.880;1110;1173;1094;49.99;49.99;49.99;4842;1000;0.0;0;1.0000;0;0
600;2015-06-03 12:20:00;172602N232;2106;9.155;41;226;226;229;224;3.119;50.00;419.8;2.533;415.7;2.539;0.0;0.000;60;0;0;3.066;3.191;3.100;688;727;689;50.00;50.00;50.00;4842;1000;0.0;0;1.0000;0;0
600;2015-06-03 12:30:00;172602N232;4022;9.824;40;228;227;231;224;5.885;49.99;412.4;4.947;415.0;4.890;0.0;0.000;60;0;0;5.835;6.026;5.796;1326;1394;1300;49.99;49.99;49.99;4842;1000;0.0;0;1.0000;0;0
600;2015-06-03 12:40:00;172602N232;4667;10.604;41;228;227;232;224;6.821;49.99;409.0;5.773;409.8;5.723;0.0;0.000;60;0;0;6.757;7.010;6.697;1534;1630;1504;49.99;49.99;49.99;4842;1000;0.0;0;1.0000;0;0
600;2015-06-03 12:50:00;172602N232;4257;11.311;41;227;226;232;224;6.243;50.00;404.1;5.319;404.0;5.306;0.0;0.000;60;0;0;6.172;6.420;6.138;1396;1479;1375;50.00;50.00;50.00;4842;1000;0.0;0;1.0000;0;0
600;2015-06-03 13:00:00;172602N232;1932;11.632;41;226;226;227;224;2.866;50.00;405.8;2.382;405.1;2.378;0.0;0.000;60;0;0;2.823;2.920;2.856;633;661;635;50.00;50.00;50.00;4842;1000;0.0;0;1.0000;0;0
600;2015-06-03 13:10:00;172602N232;1258;11.841;41;225;225;227;223;1.905;49.99;419.4;1.473;415.1;1.483;0.0;0.000;60;0;0;1.862;1.954;1.900;406;434;414;49.99;49.99;49.99;4842;1000;0.0;0;1.0000;0;0
600;2015-06-03 13:20:00;172602N232;2939;12.332;41;227;226;230;225;4.314;50.00;414.5;3.515;415.2;3.501;0.0;0.000;60;0;0;4.243;4.435;4.265;958;1022;956;50.00;50.00;50.00;4842;1000;0.0;0;1.0000;0;0
600;2015-06-03 13:30:00;172602N232;2796;12.798;41;227;226;230;225;4.103;49.99;411.8;3.456;413.1;3.410;0.0;0.000;60;0;0;4.043;4.208;4.058;915;966;912;49.99;49.99;49.99;4842;1000;0.0;0;1.0000;0;0
600;2015-06-03 13:40:00;172602N232;1593;13.063;41;226;225;228;225;2.374;49.97;412.7;1.907;411.3;1.906;0.0;0.000;60;0;0;2.316;2.432;2.374;513;553;526;49.97;49.97;49.97;4842;1000;0.0;0;1.0000;0;0
600;2015-06-03 13:50:00;172602N232;3287;13.610;41;228;227;232;225;4.807;49.98;415.3;3.974;413.9;3.946;0.0;0.000;60;0;0;4.732;4.954;4.735;1072;1146;1064;49.98;49.98;49.98;4842;1000;0.0;0;1.0000;0;0
600;2015-06-03 14:00:00;172602N232;3349;14.165;41;227;227;230;225;4.896;49.98;410.7;4.075;409.1;4.061;0.0;0.000;60;0;0;4.832;5.012;4.845;1096;1154;1088;49.98;49.98;49.98;4842;1000;0.0;0;1.0000;0;0
600;2015-06-03 14:10:00;172602N232;3917;14.817;41;228;227;231;226;5.722;49.97;415.1;4.732;412.6;4.752;0.0;0.000;60;0;0;5.653;5.840;5.675;1282;1346;1283;49.97;49.97;49.97;4842;1000;0.0;0;1.0000;0;0
600;2015-06-03 14:20:00;172602N232;2426;15.221;42;227;226;229;225;3.574;49.99;409.9;2.965;405.4;2.999;0.0;0.000;60;0;0;3.507;3.645;3.570;789;832;801;49.99;49.99;49.99;4842;1000;0.0;0;1.0000;0;0
600;2015-06-03 14:30:00;172602N232;2366;15.616;42;227;226;230;225;3.488;50.00;417.9;2.842;413.0;2.869;0.0;0.000;60;0;0;3.416;3.571;3.479;766;820;779;50.00;50.00;50.00;4842;1000;0.0;0;1.0000;0;0
600;2015-06-03 14:40:00;172602N232;1399;15.849;41;227;226;229;225;2.092;49.99;419.5;1.666;415.2;1.693;0.0;0.000;60;0;0;2.042;2.141;2.095;452;484;463;49.99;49.99;49.99;4842;1000;0.0;0;1.0000;0;0
600;2015-06-03 14:50:00;172602N232;2037;16.187;41;227;227;230;224;3.015;49.99;420.6;2.403;417.3;2.462;0.0;0.000;60;0;0;2.964;3.090;2.992;665;703;665;49.99;49.99;49.99;4842;1000;0.0;0;1.0000;0;0
600;2015-06-03 15:00:00;172602N232;2307;16.572;41;227;227;230;225;3.394;49.98;420.8;2.735;418.0;2.778;0.0;0.000;60;0;0;3.347;3.470;3.366;757;798;753;49.98;49.98;49.98;4842;1000;0.0;0;1.0000;0;0
600;2015-06-03 15:10:00;172602N232;1703;16.856;41;227;227;229;225;2.539;49.98;413.3;2.048;415.7;2.064;0.0;0.000;60;0;0;2.496;2.577;2.544;554;580;565;49.98;49.98;49.98;4842;1000;0.0;0;1.0000;0;0
600;2015-06-03 15:20:00;172602N232;2900;17.340;41;228;228;230;225;4.248;49.99;409.1;3.566;409.2;3.571;0.0;0.000;60;0;0;4.213;4.337;4.196;957;1000;941;49.99;49.99;49.99;4842;1000;0.0;0;1.0000;0;0
600;2015-06-03 15:30:00;172602N232;1119;17.528;41;226;227;228;225;1.695;49.99;413.4;1.340;412.8;1.348;0.0;0.000;60;0;0;1.655;1.726;1.704;361;385;372;49.99;49.99;49.99;4842;1000;0.0;0;1.0000;0;0
600;2015-06-03 15:40:00;172602N232;2857;18.003;41;228;229;230;226;4.170;50.00;410.5;3.500;410.6;3.487;0.0;0.000;60;0;0;4.123;4.244;4.143;941;984;934;50.00;50.00;50.00;4842;1000;0.0;0;1.0000;0;0
600;2015-06-03 15:50:00;172602N232;5216;18.874;41;231;230;235;227;7.539;50.00;406.2;6.516;404.7;6.558;0.0;0.000;60;0;0;7.462;7.701;7.456;1714;1807;1693;50.00;50.00;50.00;4842;1000;0.0;0;1.0000;0;0
600;2015-06-03 16:00:00;172602N232;4206;19.575;42;230;229;233;227;6.094;49.98;398.6;5.269;398.9;5.394;0.0;0.000;60;0;0;6.035;6.204;6.043;1382;1450;1372;49.98;49.98;49.98;4842;1000;0.0;0;1.0000;0;0
600;2015-06-03 16:10:00;172602N232;2463;19.986;42;229;227;232;227;3.598;49.98;397.1;3.089;402.9;3.099;0.0;0.000;60;0;0;3.515;3.688;3.592;793;860;811;49.98;49.98;49.98;4842;1000;0.0;0;1.0000;0;0
600;2015-06-03 16:20:00;172602N232;4497;20.735;42;228;226;232;225;6.586;49.98;391.9;5.756;403.1;5.732;0.0;0.000;60;0;0;6.480;6.747;6.532;1460;1567;1467;49.98;49.98;49.98;4842;1000;0.0;0;1.0000;0;0
600;2015-06-03 16:30:00;172602N232;3907;21.387;42;226;224;230;223;5.765;49.99;388.5;5.043;397.7;5.045;0.0;0.000;60;0;0;5.670;5.916;5.710;1269;1363;1270;49.99;49.99;49.99;4842;1000;0.0;0;1.0000;0;0
600;2015-06-03 16:40:00;172602N232;2285;21.767;42;225;224;228;223;3.403;50.02;395.5;2.891;402.0;2.896;0.0;0.000;60;0;0;3.340;3.481;3.390;743;792;751;50.02;50.02;50.02;4842;1000;0.0;0;1.0000;0;0
600;2015-06-03 16:50:00;172602N232;2104;22.116;42;224;224;225;223;3.149;50.00;403.8;2.572;411.8;2.577;0.0;0.000;60;0;0;3.100;3.193;3.156;687;713;698;50.00;50.00;50.00;4842;1000;0.0;0;1.0000;0;0
600;2015-06-03 17:00:00;172602N232;2102;22.468;42;224;224;224;223;3.151;49.98;407.1;2.563;412.2;2.580;0.0;0.000;60;0;0;3.112;3.187;3.154;691;714;697;49.98;49.98;49.98;4842;1000;0.0;0;1.0000;0;0
600;2015-06-03 17:10:00;172602N232;2671;22.914;42;224;224;227;222;3.996;49.99;413.8;3.197;416.6;3.303;0.0;0.000;60;0;0;3.944;4.085;3.960;875;925;870;49.99;49.99;49.99;4842;1000;0.0;0;1.0000;0;0
600;2015-06-03 17:20:00;172602N232;2958;23.406;42;224;223;227;223;4.404;49.98;395.9;3.671;407.8;3.737;0.0;0.000;60;0;0;4.354;4.482;4.377;970;1017;970;49.98;49.98;49.98;4842;1000;0.0;0;1.0000;0;0
600;2015-06-03 17:30:00;172602N232;968;23.567;42;222;221;222;223;1.489;50.00;405.3;1.166;408.4;1.202;0.0;0.000;60;0;0;1.432;1.519;1.516;308;329;328;50.00;50.00;50.00;4842;1000;0.0;0;1.0000;0;0
600;2015-06-03 17:40:00;172602N232;1709;23.853;41;223;223;223;223;2.570;50.01;399.2;2.095;415.7;2.096;0.0;0.000;60;0;0;2.523;2.599;2.590;557;578;571;50.01;50.01;50.01;4842;1000;0.0;0;1.0000;0;0
600;2015-06-03 17:50:00;172602N232;1894;24.169;41;222;223;222;222;2.855;50.00;402.8;2.309;418.7;2.307;0.0;0.000;60;0;0;2.837;2.870;2.860;629;634;629;50.00;50.00;50.00;4842;1000;0.0;0;1.0000;0;0
600;2015-06-03 18:00:00;172602N232;810;24.303;41;222;223;222;221;1.255;49.97;406.3;0.978;415.4;0.981;0.0;0.000;60;0;0;1.215;1.283;1.267;260;276;271;49.97;49.97;49.97;4842;1000;0.0;0;1.0000;0;0
600;2015-06-03 18:10:00;172602N232;818;24.440;41;222;223;223;219;1.269;49.99;409.9;0.981;417.9;0.980;0.0;0.000;60;0;0;1.234;1.306;1.269;265;281;270;49.99;49.99;49.99;4842;1000;0.0;0;1.0000;0;0
600;2015-06-03 18:20:00;172602N232;1011;24.609;41;222;222;224;219;1.551;49.98;401.7;1.228;418.6;1.231;0.0;0.000;60;0;0;1.506;1.602;1.546;326;352;332;49.98;49.98;49.98;4842;1000;0.0;0;1.0000;0;0
600;2015-06-03 18:30:00;172602N232;908;24.760;40;222;222;225;221;1.393;49.99;406.1;1.091;417.3;1.104;0.0;0.000;60;0;0;1.340;1.441;1.400;289;317;301;49.99;49.99;49.99;4842;1000;0.0;0;1.0000;0;0
600;2015-06-03 18:40:00;172602N232;1483;25.008;40;223;222;225;222;2.243;50.00;384.1;1.869;416.2;1.858;0.0;0.000;60;0;0;2.184;2.291;2.254;478;508;494;50.00;50.00;50.00;4842;1000;0.0;0;1.0000;0;0
600;2015-06-03 18:50:00;172602N232;1324;25.229;40;223;222;227;220;2.004;49.99;381.0;1.682;412.6;1.684;0.0;0.000;60;0;0;1.942;2.082;1.990;425;466;432;49.99;49.99;49.99;4842;1000;0.0;0;1.0000;0;0
600;2015-06-03 19:00:00;172602N232;1054;25.404;40;223;222;226;220;1.678;49.99;377.2;1.322;408.4;1.365;0.0;0.000;60;0;0;1.628;1.750;1.656;336;372;343;49.99;49.99;49.99;4842;1000;0.0;0;1.0000;0;0
600;2015-06-03 19:10:00;172602N232;846;25.545;40;223;223;226;221;1.298;49.98;386.6;1.068;410.2;1.076;0.0;0.000;60;0;0;1.246;1.351;1.299;268;297;278;49.98;49.98;49.98;4842;1000;0.0;0;1.0000;0;0
600;2015-06-03 19:20:00;172602N232;517;25.631;40;223;223;226;220;0.830;49.99;403.6;0.607;413.6;0.634;0.0;0.000;60;0;0;0.777;0.879;0.836;160;184;171;49.99;49.99;49.99;4842;1000;0.0;0;1.0000;0;0
600;2015-06-03 19:30:00;172602N232;474;25.710;39;223;224;224;220;0.911;49.99;406.4;0.525;413.2;0.604;0.0;0.000;60;0;0;0.958;0.929;0.848;144;173;154;49.99;49.99;49.99;4842;1000;0.0;0;1.0000;0;0
600;2015-06-03 19:40:00;172602N232;468;25.789;39;223;225;223;221;1.072;49.99;412.0;0.513;413.3;0.590;0.0;0.000;60;0;0;1.101;1.088;1.028;144;170;152;49.98;49.98;49.98;4842;1000;0.0;0;1.0000;0;0
600;2015-06-03 19:50:00;172602N232;447;25.863;39;223;225;224;222;0.972;49.99;411.4;0.454;409.4;0.611;0.0;0.000;60;0;0;1.021;0.982;0.913;131;164;151;49.99;49.99;49.99;4842;1000;0.0;0;1.0000;0;0
600;2015-06-03 20:00:00;172602N232;322;25.918;38;223;224;224;222;1.154;50.01;400.0;0.370;410.3;0.390;0.0;0.000;60;0;0;1.293;1.173;0.998;79;129;112;50.01;50.01;50.01;4842;1000;0.0;0;1.0000;0;0
600;2015-06-03 20:10:00;172602N232;290;25.965;38;224;224;224;223;1.112;49.99;400.4;0.308;406.0;0.376;0.0;0.000;60;0;0;1.276;1.117;0.945;76;116;96;49.99;49.99;49.99;4842;1000;0.0;0;1.0000;0;0
600;2015-06-03 20:20:00;172602N232;172;25.995;38;224;224;225;223;1.076;49.99;390.6;0.197;399.8;0.200;0.0;0.000;60;0;0;1.427;1.020;0.783;26;76;69;49.99;49.99;49.99;4842;1000;0.0;0;1.0000;0;0
600;2015-06-03 20:30:00;172602N232;187;26.025;37;223;224;224;222;0.999;49.99;391.4;0.213;404.6;0.219;0.0;0.000;60;0;0;1.365;0.791;0.842;38;73;75;49.99;49.99;49.99;4842;1000;0.0;0;1.0000;0;0
600;2015-06-03 20:40:00;172602N232;183;26.057;37;224;224;224;223;1.012;49.98;390.6;0.205;407.0;0.214;0.0;0.000;60;0;0;1.322;0.978;0.736;31;84;66;49.98;49.98;49.98;4842;1000;0.0;0;1.0000;0;0
600;2015-06-03 20:50:00;172602N232;123;26.077;37;224;225;225;223;0.899;49.99;384.8;0.132;395.9;0.143;0.0;0.000;60;0;0;1.011;0.974;0.712;9;55;63;49.99;49.99;49.99;4842;1000;0.0;0;1.0000;0;0
600;2015-06-03 21:00:00;172602N232;77;26.091;36;222;223;222;220;0.857;49.99;371.4;0.079;377.2;0.087;0.0;0.000;60;0;0;1.111;0.784;0.677;0;37;49;49.99;49.99;49.99;4842;1000;0.0;0;1.0000;0;0
600;2015-06-03 21:10:00;172602N232;30;26.096;36;222;222;222;220;0.509;49.97;318.4;0.021;342.0;0.026;0.0;0.000;60;0;0;0.656;0.485;0.388;0;18;23;49.97;49.97;49.97;4842;1000;0.0;0;1.0000;0;0
600;2015-06-03 21:20:00;172602N232;4;26.097;35;222;222;224;221;0.192;49.99;252.9;0.000;260.2;0.000;0.0;0.000;60;0;0;0.237;0.208;0.133;2;2;7;49.99;49.99;49.99;4842;1000;0.0;0;1.0000;0;0
600;2015-06-03 21:30:00;172602N232;0;26.097;34;223;223;225;220;0.003;50.01;299.2;0.000;297.9;0.000;0.0;0.000;51;0;0;0.003;0.005;0.003;0;0;0;50.01;50.01;50.02;6119;1000;0.0;0;1.0000;0;0
600;2015-06-03 21:40:00;172602N232;0;26.097;33;222;222;226;219;0.000;49.97;242.4;0.000;243.3;0.000;0.0;0.000;51;0;0;0.000;0.000;0.000;0;0;0;49.97;49.97;49.97;7128;1000;0.0;0;1.0000;0;0
600;2015-06-03 21:50:00;172602N232;0;26.097;33;223;223;225;220;0.000;49.98;230.1;0.000;231.0;0.000;0.0;0.000;51;0;0;0.000;0.000;0.000;0;0;0;49.98;49.98;49.98;7128;1000;0.0;0;1.0000;0;0
600;2015-06-03 22:00:00;172602N232;0;26.097;32;223;223;225;221;0.000;50.00;227.4;0.000;228.3;0.000;0.0;0.000;51;0;0;0.000;0.000;0.000;0;0;0;50.00;50.00;50.00;7128;1000;0.0;0;1.0000;0;0
[wr_ende]
