20140609;230003;172602N232;My Plant;+0100
[wr_def_start]
172602N232;Inverter Type;Inverter Group;72602N232      
[wr_def_end]
[wr]
INTERVAL;TIMESTAMP;SERIAL;P_AC;E_DAY;T_WR;U_AC;U_AC_1;U_AC_2;U_AC_3;I_AC;F_AC;U_DC_1;I_DC_1;U_DC_2;I_DC_2;U_DC_3;I_DC_3;S;E_WR;M_WR;I_AC_1;I_AC_2;I_AC_3;P_AC_1;P_AC_2;P_AC_3;F_AC_1;F_AC_2;F_AC_3;R_DC;PC;PCS;PCS_LL;COS_PHI;COS_PHI_LL;S_COS_PHI
600;2014-06-09 03:40:00;172602N232;0;0.000;0;1;1;1;1;0.000;0.27;1.2;0.000;1.2;0.000;0.0;0.000;50;0;0;0.000;0.000;0.000;0;0;0;0.27;0.27;0.27;1;1000;0.0;0;1.0000;0;0
600;2014-06-09 03:50:00;172602N232;0;0.000;28;227;227;229;225;0.000;49.99;227.1;0.000;228.0;0.000;0.0;0.000;50;0;0;0.000;0.000;0.000;0;0;0;49.99;49.99;49.99;0;1000;0.0;0;1.0000;0;0
600;2014-06-09 04:00:00;172602N232;0;0.000;30;228;228;230;226;0.000;50.00;229.9;0.000;230.8;0.000;0.0;0.000;50;0;0;0.000;0.000;0.000;0;0;0;50.00;50.00;50.00;0;1000;0.0;0;1.0000;0;0
600;2014-06-09 04:10:00;172602N232;0;0.000;31;228;227;230;225;0.000;50.01;234.8;0.000;235.7;0.000;0.0;0.000;50;0;0;0.000;0.000;0.000;0;0;0;50.01;50.01;50.01;0;1000;0.0;0;1.0000;0;0
600;2014-06-09 04:20:00;172602N232;0;0.000;31;228;227;231;225;0.001;49.99;290.0;0.000;289.4;0.000;0.0;0.000;60;0;0;0.001;0.001;0.001;0;0;0;49.99;49.99;50.00;890;1000;0.0;0;1.0000;0;0
600;2014-06-09 04:30:00;172602N232;1;0.000;31;228;226;230;227;0.073;50.01;268.6;0.000;271.9;0.000;0.0;0.000;60;0;0;0.053;0.118;0.050;2;0;2;50.01;50.01;50.01;4218;1000;0.0;0;1.0000;0;0
600;2014-06-09 04:40:00;172602N232;11;0.004;31;228;227;230;228;0.361;50.02;271.0;0.002;300.1;0.006;0.0;0.000;60;0;0;0.280;0.546;0.257;9;0;15;50.02;50.02;50.02;4413;1000;0.0;0;1.0000;0;0
600;2014-06-09 04:50:00;172602N232;25;0.013;32;227;226;229;227;0.501;50.01;318.6;0.016;339.7;0.020;0.0;0.000;60;0;0;0.591;0.641;0.273;30;0;16;50.01;50.01;50.01;4413;1000;0.0;0;1.0000;0;0
600;2014-06-09 05:00:00;172602N232;44;0.021;32;227;226;228;227;0.659;50.01;357.6;0.040;366.2;0.042;0.0;0.000;60;0;0;0.560;0.949;0.470;21;0;33;50.01;50.01;50.01;4413;1000;0.0;0;1.0000;0;0
600;2014-06-09 05:10:00;172602N232;69;0.033;33;228;227;229;227;0.856;50.01;380.9;0.072;383.7;0.072;0.0;0.000;60;0;0;0.778;1.135;0.655;16;3;48;50.01;50.01;50.01;4413;1000;0.0;0;1.0000;0;0
600;2014-06-09 05:20:00;172602N232;78;0.045;33;227;227;229;226;0.976;50.01;385.4;0.084;385.9;0.084;0.0;0.000;60;0;0;0.912;1.257;0.759;14;5;58;50.01;50.01;50.01;4413;1000;0.0;0;1.0000;0;0
600;2014-06-09 05:30:00;172602N232;132;0.061;33;228;227;229;227;0.957;50.02;403.1;0.149;404.6;0.142;0.0;0.000;60;0;0;0.854;1.278;0.739;27;36;67;50.02;50.02;50.02;4413;1000;0.0;0;1.0000;0;0
600;2014-06-09 05:40:00;172602N232;133;0.082;34;228;227;229;227;0.950;50.01;400.3;0.150;403.6;0.144;0.0;0.000;60;0;0;0.866;1.201;0.784;27;35;69;50.01;50.01;50.01;4413;1000;0.0;0;1.0000;0;0
600;2014-06-09 05:50:00;172602N232;105;0.100;34;226;226;227;226;0.944;49.99;393.9;0.115;394.1;0.118;0.0;0.000;60;0;0;0.884;1.186;0.763;24;18;62;49.99;49.99;49.99;4413;1000;0.0;0;1.0000;0;0
600;2014-06-09 06:00:00;172602N232;113;0.119;35;226;225;227;226;0.929;49.99;397.8;0.122;394.8;0.128;0.0;0.000;60;0;0;0.854;1.171;0.763;30;19;61;49.99;49.99;49.99;4413;1000;0.0;0;1.0000;0;0
600;2014-06-09 06:10:00;172602N232;124;0.141;35;225;224;227;225;0.972;50.00;401.6;0.135;398.9;0.142;0.0;0.000;60;0;0;0.796;1.352;0.769;45;11;67;50.00;50.00;50.00;4413;1000;0.0;0;1.0000;0;0
600;2014-06-09 06:20:00;172602N232;142;0.164;35;225;224;227;225;0.979;50.00;406.6;0.155;402.5;0.162;0.0;0.000;60;0;0;0.799;1.351;0.789;47;18;75;50.00;50.00;50.00;4413;1000;0.0;0;1.0000;0;0
600;2014-06-09 06:30:00;172602N232;181;0.194;35;225;223;226;224;0.959;49.99;408.9;0.204;410.0;0.202;0.0;0.000;60;0;0;0.721;1.425;0.731;43;55;82;49.99;49.99;49.99;4413;1000;0.0;0;1.0000;0;0
600;2014-06-09 06:40:00;172602N232;229;0.234;36;224;223;226;224;1.044;50.00;411.8;0.268;412.3;0.253;0.0;0.000;60;0;0;1.061;1.364;0.709;78;74;74;50.00;50.00;50.00;4413;1000;0.0;0;1.0000;0;0
600;2014-06-09 06:50:00;172602N232;172;0.261;36;226;225;228;225;0.962;50.00;406.2;0.200;407.3;0.185;0.0;0.000;60;0;0;0.785;1.400;0.703;44;50;75;50.00;50.00;50.00;4413;1000;0.0;0;1.0000;0;0
600;2014-06-09 07:00:00;172602N232;173;0.290;36;226;225;227;225;0.958;49.99;407.2;0.197;408.6;0.189;0.0;0.000;60;0;0;0.802;1.379;0.693;30;66;75;49.99;49.99;49.99;4413;1000;0.0;0;1.0000;0;0
600;2014-06-09 07:10:00;172602N232;198;0.324;36;226;225;227;224;1.026;49.99;415.3;0.228;412.5;0.212;0.0;0.000;60;0;0;1.044;1.305;0.730;66;55;74;49.99;49.99;49.99;4413;1000;0.0;0;1.0000;0;0
600;2014-06-09 07:20:00;172602N232;192;0.355;36;225;225;227;224;1.029;50.00;419.3;0.218;408.9;0.207;0.0;0.000;60;0;0;1.022;1.340;0.726;40;68;81;50.00;50.00;50.00;4413;1000;0.0;0;1.0000;0;0
600;2014-06-09 07:30:00;172602N232;240;0.396;36;224;225;226;223;1.060;50.00;431.7;0.274;414.5;0.258;0.0;0.000;60;0;0;1.130;1.289;0.762;66;88;84;50.00;50.00;50.00;4413;1000;0.0;0;1.0000;0;0
600;2014-06-09 07:40:00;172602N232;285;0.444;36;224;224;226;223;1.111;50.01;440.0;0.329;421.7;0.295;0.0;0.000;60;0;0;1.129;1.255;0.949;85;101;97;50.01;50.01;50.01;4413;1000;0.0;0;1.0000;0;0
600;2014-06-09 07:50:00;172602N232;361;0.504;37;223;224;224;222;1.240;50.00;453.6;0.419;427.2;0.364;0.0;0.000;60;0;0;1.317;1.236;1.168;94;127;139;50.00;50.00;50.00;4413;1000;0.0;0;1.0000;0;0
600;2014-06-09 08:00:00;172602N232;426;0.575;37;223;223;225;220;0.759;49.99;461.2;0.511;422.6;0.418;0.0;0.000;60;0;0;0.714;0.808;0.756;129;153;141;49.99;49.99;49.99;4413;1000;0.0;0;1.0000;0;0
600;2014-06-09 08:10:00;172602N232;620;0.679;37;223;223;224;221;0.969;50.00;425.7;0.953;416.1;0.545;0.0;0.000;60;0;0;0.915;1.014;0.979;194;217;207;50.00;50.00;50.00;4413;1000;0.0;0;1.0000;0;0
600;2014-06-09 08:20:00;172602N232;1027;0.849;37;223;222;224;221;1.575;50.00;376.7;2.254;408.4;0.442;0.0;0.000;60;0;0;1.516;1.624;1.585;327;357;342;50.00;50.00;50.00;4413;1000;0.0;0;1.0000;0;0
600;2014-06-09 08:30:00;172602N232;1217;1.053;38;223;222;225;221;1.880;49.99;384.3;2.724;430.6;0.400;0.0;0.000;60;0;0;1.838;1.936;1.867;392;423;400;49.99;49.99;49.99;4413;1000;0.0;0;1.0000;0;0
600;2014-06-09 08:40:00;172602N232;1404;1.287;38;223;223;225;221;2.127;49.99;403.2;3.041;441.1;0.409;0.0;0.000;60;0;0;2.075;2.189;2.119;454;485;462;49.99;49.99;49.99;4413;1000;0.0;0;1.0000;0;0
600;2014-06-09 08:50:00;172602N232;1481;1.534;38;223;223;226;220;2.230;50.01;404.1;3.269;443.9;0.369;0.0;0.000;60;0;0;2.174;2.307;2.211;481;516;483;50.01;50.01;50.01;4413;1000;0.0;0;1.0000;0;0
600;2014-06-09 09:00:00;172602N232;1680;1.815;39;223;223;225;221;2.532;50.00;398.9;3.676;382.1;0.660;0.0;0.000;60;0;0;2.485;2.598;2.514;549;580;550;50.00;50.00;50.00;4413;1000;0.0;0;1.0000;0;0
600;2014-06-09 09:10:00;172602N232;1922;2.135;39;223;223;224;221;2.902;49.99;394.4;3.775;289.8;1.587;0.0;0.000;60;0;0;2.863;2.952;2.893;632;655;633;49.99;49.99;49.99;4413;1000;0.0;0;1.0000;0;0
600;2014-06-09 09:20:00;172602N232;2272;2.514;40;223;223;226;221;3.422;50.01;391.0;4.111;301.5;2.322;0.0;0.000;60;0;0;3.376;3.501;3.391;746;784;741;50.01;50.01;50.01;4413;1000;0.0;0;1.0000;0;0
600;2014-06-09 09:30:00;172602N232;2517;2.934;40;225;225;227;224;3.750;49.99;386.1;4.336;293.5;3.046;0.0;0.000;60;0;0;3.702;3.814;3.735;826;860;829;49.99;49.99;49.99;4413;1000;0.0;0;1.0000;0;0
600;2014-06-09 09:40:00;172602N232;2890;3.415;41;227;225;230;225;4.275;49.99;383.9;4.533;283.1;4.252;0.0;0.000;60;0;0;4.199;4.367;4.261;939;997;952;49.99;49.99;49.99;4413;1000;0.0;0;1.0000;0;0
600;2014-06-09 09:50:00;172602N232;3132;3.937;41;228;228;232;226;4.594;50.02;382.1;4.731;297.3;4.646;0.0;0.000;60;0;0;4.528;4.693;4.563;1023;1082;1025;50.02;50.02;50.02;4413;1000;0.0;0;1.0000;0;0
600;2014-06-09 10:00:00;172602N232;3287;4.484;42;228;228;230;225;4.831;50.02;379.8;4.922;302.7;4.884;0.0;0.000;60;0;0;4.776;4.924;4.793;1082;1129;1074;50.02;50.02;50.02;4413;1000;0.0;0;1.0000;0;0
600;2014-06-09 10:10:00;172602N232;3464;5.062;42;227;226;229;225;5.111;50.01;377.0;5.098;318.1;5.045;0.0;0.000;60;0;0;5.038;5.195;5.100;1132;1185;1145;50.01;50.01;50.01;4413;1000;0.0;0;1.0000;0;0
600;2014-06-09 10:20:00;172602N232;3672;5.674;43;227;226;228;226;5.415;50.00;374.1;5.290;334.0;5.267;0.0;0.000;60;0;0;5.356;5.490;5.399;1206;1249;1215;50.00;50.00;50.00;4413;1000;0.0;0;1.0000;0;0
600;2014-06-09 10:30:00;172602N232;3865;6.319;43;228;227;231;227;5.664;49.98;374.0;5.448;355.6;5.333;0.0;0.000;60;0;0;5.582;5.773;5.637;1261;1329;1272;49.98;49.98;49.98;4413;1000;0.0;0;1.0000;0;0
600;2014-06-09 10:40:00;172602N232;4098;7.002;43;228;227;230;227;5.998;49.98;372.7;5.608;371.9;5.589;0.0;0.000;60;0;0;5.920;6.097;5.978;1340;1402;1353;49.98;49.98;49.98;4413;1000;0.0;0;1.0000;0;0
600;2014-06-09 10:50:00;172602N232;4188;7.700;43;228;229;231;226;6.121;49.99;371.0;5.760;369.9;5.744;0.0;0.000;60;0;0;6.082;6.232;6.051;1388;1435;1363;49.99;49.99;49.99;4413;1000;0.0;0;1.0000;0;0
600;2014-06-09 11:00:00;172602N232;4249;8.409;43;229;229;232;225;6.202;50.00;368.2;5.893;366.8;5.878;0.0;0.000;60;0;0;6.138;6.351;6.117;1401;1472;1374;50.00;50.00;50.00;4413;1000;0.0;0;1.0000;0;0
600;2014-06-09 11:10:00;172602N232;4311;9.128;44;229;227;232;227;6.288;49.99;365.1;6.028;364.2;6.012;0.0;0.000;60;0;0;6.189;6.439;6.236;1404;1494;1411;49.99;49.99;49.99;4413;1000;0.0;0;1.0000;0;0
600;2014-06-09 11:20:00;172602N232;4379;9.859;44;229;227;233;227;6.385;50.00;361.1;6.189;360.8;6.172;0.0;0.000;60;0;0;6.290;6.535;6.330;1429;1518;1430;50.00;50.00;50.00;4413;1000;0.0;0;1.0000;0;0
600;2014-06-09 11:30:00;172602N232;4428;10.596;44;229;228;234;226;6.446;49.99;359.1;6.291;359.3;6.275;0.0;0.000;60;0;0;6.352;6.642;6.345;1447;1550;1429;49.99;49.99;49.99;4413;1000;0.0;0;1.0000;0;0
600;2014-06-09 11:40:00;172602N232;4482;11.343;44;229;228;233;227;6.520;50.00;359.5;6.376;358.0;6.359;0.0;0.000;60;0;0;6.408;6.692;6.460;1458;1559;1462;50.00;50.00;50.00;4413;1000;0.0;0;1.0000;0;0
600;2014-06-09 11:50:00;172602N232;4560;12.102;45;229;228;233;226;6.639;50.00;361.0;6.488;356.5;6.469;0.0;0.000;60;0;0;6.536;6.810;6.571;1487;1587;1485;50.00;50.00;50.00;4413;1000;0.0;0;1.0000;0;0
600;2014-06-09 12:00:00;172602N232;4584;12.866;45;229;226;234;226;6.679;49.99;358.2;6.561;354.9;6.546;0.0;0.000;60;0;0;6.537;6.882;6.619;1479;1608;1495;49.99;49.99;49.99;4413;1000;0.0;0;1.0000;0;0
600;2014-06-09 12:10:00;172602N232;4606;13.636;45;229;228;234;225;6.710;50.00;355.2;6.644;352.7;6.628;0.0;0.000;60;0;0;6.608;6.916;6.608;1502;1615;1487;50.00;50.00;50.00;4413;1000;0.0;0;1.0000;0;0
600;2014-06-09 12:20:00;172602N232;4614;14.404;45;228;227;232;224;6.759;50.00;352.7;6.688;351.9;6.670;0.0;0.000;60;0;0;6.694;6.963;6.620;1520;1615;1477;50.00;50.00;50.00;4413;1000;0.0;0;1.0000;0;0
600;2014-06-09 12:30:00;172602N232;4640;15.177;45;227;227;231;224;6.802;50.00;351.0;6.749;351.4;6.729;0.0;0.000;60;0;0;6.745;6.960;6.702;1532;1606;1501;50.00;50.00;50.00;4413;1000;0.0;0;1.0000;0;0
600;2014-06-09 12:40:00;172602N232;4768;15.972;46;227;228;229;226;6.994;50.00;350.9;6.945;350.3;6.929;0.0;0.000;60;0;0;6.978;7.089;6.917;1585;1621;1560;50.00;50.00;50.00;4413;1000;0.0;0;1.0000;0;0
600;2014-06-09 12:50:00;172602N232;4710;16.757;46;227;227;230;225;6.909;49.99;350.2;6.881;349.1;6.862;0.0;0.000;60;0;0;6.862;7.031;6.835;1554;1614;1540;49.99;49.99;49.99;4413;1000;0.0;0;1.0000;0;0
600;2014-06-09 13:00:00;172602N232;4784;17.556;46;227;226;231;224;7.022;49.99;347.6;7.027;346.1;7.052;0.0;0.000;60;0;0;6.928;7.215;6.924;1562;1669;1552;49.99;49.99;49.99;4413;1000;0.0;0;1.0000;0;0
600;2014-06-09 13:10:00;172602N232;4719;18.342;46;227;226;233;223;6.914;49.99;348.0;6.951;345.8;6.929;0.0;0.000;60;0;0;6.820;7.162;6.760;1542;1665;1510;49.99;49.99;49.99;4413;1000;0.0;0;1.0000;0;0
600;2014-06-09 13:20:00;172602N232;4716;19.128;46;228;226;233;225;6.896;49.98;347.9;6.950;345.8;6.924;0.0;0.000;60;0;0;6.761;7.126;6.801;1525;1657;1532;49.98;49.98;49.98;4413;1000;0.0;0;1.0000;0;0
600;2014-06-09 13:30:00;172602N232;4696;19.911;46;229;228;234;226;6.830;49.99;350.4;6.884;346.9;6.859;0.0;0.000;60;0;0;6.734;7.026;6.731;1532;1640;1522;49.99;49.99;49.99;4413;1000;0.0;0;1.0000;0;0
600;2014-06-09 13:40:00;172602N232;4779;20.709;47;229;227;234;226;6.957;50.01;349.7;7.016;346.7;6.992;0.0;0.000;60;0;0;6.831;7.173;6.869;1548;1679;1550;50.01;50.01;50.01;4413;1000;0.0;0;1.0000;0;0
600;2014-06-09 13:50:00;172602N232;4716;21.494;47;229;228;234;226;6.861;49.98;347.9;6.952;345.5;6.927;0.0;0.000;60;0;0;6.769;7.059;6.757;1539;1648;1526;49.98;49.98;49.98;4413;1000;0.0;0;1.0000;0;0
600;2014-06-09 14:00:00;172602N232;4717;22.280;47;229;228;233;226;6.862;49.99;349.5;6.926;346.6;6.902;0.0;0.000;60;0;0;6.780;7.048;6.759;1545;1642;1528;49.99;49.99;49.99;4413;1000;0.0;0;1.0000;0;0
600;2014-06-09 14:10:00;172602N232;4703;23.064;47;230;229;234;226;6.831;50.01;351.8;6.851;349.7;6.826;0.0;0.000;60;0;0;6.753;7.003;6.738;1544;1634;1522;50.01;50.01;50.01;4413;1000;0.0;0;1.0000;0;0
600;2014-06-09 14:20:00;172602N232;4335;23.787;47;229;229;232;227;6.308;50.00;350.9;6.314;350.3;6.289;0.0;0.000;60;0;0;6.242;6.430;6.252;1425;1490;1418;50.00;50.00;50.00;4413;1000;0.0;0;1.0000;0;0
600;2014-06-09 14:30:00;172602N232;4164;24.481;47;229;228;232;227;6.058;50.01;353.3;6.008;352.5;6.017;0.0;0.000;60;0;0;5.975;6.182;6.018;1363;1434;1364;50.01;50.01;50.01;4413;1000;0.0;0;1.0000;0;0
600;2014-06-09 14:40:00;172602N232;4490;25.229;47;229;227;234;226;6.533;50.00;354.4;6.496;352.2;6.460;0.0;0.000;60;0;0;6.412;6.726;6.461;1457;1571;1460;50.00;50.00;50.00;4413;1000;0.0;0;1.0000;0;0
600;2014-06-09 14:50:00;172602N232;4505;25.980;47;228;226;233;226;6.581;49.97;353.7;6.526;351.9;6.495;0.0;0.000;60;0;0;6.449;6.783;6.512;1456;1579;1468;49.97;49.97;49.97;4413;1000;0.0;0;1.0000;0;0
600;2014-06-09 15:00:00;172602N232;4483;26.727;47;228;226;233;226;6.548;49.99;351.8;6.520;350.7;6.495;0.0;0.000;60;0;0;6.425;6.726;6.494;1453;1563;1465;49.99;49.99;49.99;4413;1000;0.0;0;1.0000;0;0
600;2014-06-09 15:10:00;172602N232;4424;27.466;47;228;227;232;225;6.462;50.00;351.7;6.443;349.8;6.418;0.0;0.000;60;0;0;6.362;6.627;6.398;1443;1538;1441;50.00;50.00;50.00;4413;1000;0.0;0;1.0000;0;0
600;2014-06-09 15:20:00;172602N232;4357;28.191;47;228;228;232;225;6.366;49.99;351.1;6.346;350.3;6.321;0.0;0.000;60;0;0;6.309;6.518;6.272;1437;1509;1410;49.99;49.99;49.99;4413;1000;0.0;0;1.0000;0;0
600;2014-06-09 15:30:00;172602N232;4228;28.896;47;228;227;232;225;6.188;49.99;355.5;6.072;355.4;6.046;0.0;0.000;60;0;0;6.102;6.354;6.109;1384;1472;1371;49.99;49.99;49.99;4413;1000;0.0;0;1.0000;0;0
600;2014-06-09 15:40:00;172602N232;4232;29.602;47;227;226;232;224;6.205;49.99;356.0;6.073;355.5;6.047;0.0;0.000;60;0;0;6.091;6.394;6.132;1374;1482;1375;49.99;49.99;49.99;4413;1000;0.0;0;1.0000;0;0
600;2014-06-09 15:50:00;172602N232;4205;30.303;48;227;226;231;225;6.163;49.99;358.0;6.000;357.2;5.978;0.0;0.000;60;0;0;6.076;6.309;6.106;1373;1457;1373;49.99;49.99;49.99;4413;1000;0.0;0;1.0000;0;0
600;2014-06-09 16:00:00;172602N232;4086;30.983;48;227;226;231;225;5.993;49.97;359.8;5.790;358.2;5.797;0.0;0.000;60;0;0;5.916;6.126;5.937;1336;1412;1336;49.97;49.97;49.97;4413;1000;0.0;0;1.0000;0;0
600;2014-06-09 16:10:00;172602N232;3971;31.646;48;227;226;230;226;5.832;49.99;372.1;5.358;359.7;5.695;0.0;0.000;60;0;0;5.765;5.922;5.811;1300;1358;1311;49.99;49.99;49.99;4413;1000;0.0;0;1.0000;0;0
600;2014-06-09 16:20:00;172602N232;3872;32.291;48;227;225;230;226;5.694;49.99;352.3;5.542;360.1;5.523;0.0;0.000;60;0;0;5.613;5.800;5.669;1262;1331;1277;49.99;49.99;49.99;4413;1000;0.0;0;1.0000;0;0
600;2014-06-09 16:30:00;172602N232;3714;32.911;48;226;224;231;224;5.479;49.99;352.0;5.315;360.2;5.296;0.0;0.000;60;0;0;5.357;5.625;5.455;1195;1295;1221;49.99;49.99;49.99;4413;1000;0.0;0;1.0000;0;0
600;2014-06-09 16:40:00;172602N232;3603;33.511;48;226;224;231;225;5.311;50.00;353.7;5.128;362.3;5.109;0.0;0.000;60;0;0;5.183;5.450;5.300;1156;1255;1189;50.00;50.00;50.00;4413;1000;0.0;0;1.0000;0;0
600;2014-06-09 16:50:00;172602N232;3497;34.094;48;226;225;230;224;5.152;50.00;356.5;4.936;365.1;4.917;0.0;0.000;60;0;0;5.060;5.275;5.122;1135;1213;1147;50.00;50.00;50.00;4413;1000;0.0;0;1.0000;0;0
600;2014-06-09 17:00:00;172602N232;3397;34.661;47;226;224;230;223;5.023;49.99;359.8;4.750;368.0;4.734;0.0;0.000;60;0;0;4.953;5.150;4.966;1109;1181;1105;49.99;49.99;49.99;4413;1000;0.0;0;1.0000;0;0
600;2014-06-09 17:10:00;172602N232;3264;35.205;47;225;225;229;222;4.833;49.99;360.4;4.553;369.0;4.538;0.0;0.000;60;0;0;4.786;4.953;4.762;1074;1134;1055;49.99;49.99;49.99;4413;1000;0.0;0;1.0000;0;0
600;2014-06-09 17:20:00;172602N232;3151;35.730;47;225;224;228;224;4.665;50.00;364.0;4.338;370.4;4.371;0.0;0.000;60;0;0;4.595;4.757;4.645;1028;1084;1037;50.00;50.00;50.00;4413;1000;0.0;0;1.0000;0;0
600;2014-06-09 17:30:00;172602N232;2973;36.225;47;225;223;227;224;4.419;50.00;363.4;4.046;370.5;4.178;0.0;0.000;60;0;0;4.342;4.508;4.407;967;1023;982;50.00;50.00;50.00;4413;1000;0.0;0;1.0000;0;0
600;2014-06-09 17:40:00;172602N232;2731;36.682;47;225;224;229;224;4.050;50.00;354.1;3.822;371.8;3.811;0.0;0.000;60;0;0;3.961;4.143;4.047;882;944;904;50.00;50.00;50.00;4413;1000;0.0;0;1.0000;0;0
600;2014-06-09 17:50:00;172602N232;2628;37.120;47;226;225;229;224;3.888;50.02;355.8;3.660;375.2;3.628;0.0;0.000;60;0;0;3.819;3.974;3.873;856;907;863;50.02;50.02;50.02;4413;1000;0.0;0;1.0000;0;0
600;2014-06-09 18:00:00;172602N232;2553;37.545;47;225;224;228;222;3.795;50.00;357.3;3.559;385.2;3.412;0.0;0.000;60;0;0;3.734;3.886;3.765;834;883;834;50.00;50.00;50.00;4413;1000;0.0;0;1.0000;0;0
600;2014-06-09 18:10:00;172602N232;2334;37.934;46;224;223;227;220;3.491;49.98;356.3;3.265;386.5;3.104;0.0;0.000;60;0;0;3.429;3.596;3.448;761;815;756;49.98;49.98;49.98;4413;1000;0.0;0;1.0000;0;0
600;2014-06-09 18:20:00;172602N232;2150;38.293;46;224;223;228;221;3.216;49.99;350.7;3.027;369.6;3.020;0.0;0.000;60;0;0;3.147;3.322;3.181;697;753;698;49.99;49.99;49.99;4413;1000;0.0;0;1.0000;0;0
600;2014-06-09 18:30:00;172602N232;1906;38.611;46;225;224;228;222;2.841;49.99;352.6;2.664;371.7;2.662;0.0;0.000;60;0;0;2.782;2.919;2.822;619;661;624;49.99;49.99;49.99;4413;1000;0.0;0;1.0000;0;0
600;2014-06-09 18:40:00;172602N232;1703;38.894;46;225;223;228;222;2.541;49.99;358.4;2.315;374.3;2.383;0.0;0.000;60;0;0;2.474;2.618;2.533;549;593;560;49.99;49.99;49.99;4413;1000;0.0;0;1.0000;0;0
600;2014-06-09 18:50:00;172602N232;1217;39.097;45;224;223;227;222;1.841;50.01;346.3;1.703;374.2;1.705;0.0;0.000;60;0;0;1.776;1.908;1.840;387;426;402;50.01;50.01;50.01;4413;1000;0.0;0;1.0000;0;0
600;2014-06-09 19:00:00;172602N232;945;39.255;45;223;223;225;222;1.446;50.00;342.8;1.319;376.4;1.325;0.0;0.000;60;0;0;1.394;1.488;1.458;301;327;315;50.00;50.00;50.00;4413;1000;0.0;0;1.0000;0;0
600;2014-06-09 19:10:00;172602N232;874;39.402;45;224;224;226;222;1.325;49.99;343.9;1.199;378.9;1.231;0.0;0.000;60;0;0;1.277;1.367;1.333;279;304;289;49.99;49.99;49.99;4413;1000;0.0;0;1.0000;0;0
600;2014-06-09 19:20:00;172602N232;746;39.526;45;224;225;226;222;1.159;50.00;338.5;1.024;379.0;1.061;0.0;0.000;60;0;0;1.126;1.191;1.162;238;259;246;50.00;50.00;50.00;4413;1000;0.0;0;1.0000;0;0
600;2014-06-09 19:30:00;172602N232;696;39.642;45;225;226;226;222;1.074;49.99;330.5;0.957;380.5;1.005;0.0;0.000;60;0;0;1.029;1.111;1.083;221;242;232;49.99;49.99;49.99;4413;1000;0.0;0;1.0000;0;0
600;2014-06-09 19:40:00;172602N232;815;39.777;45;222;223;223;221;1.256;49.99;319.7;1.113;384.4;1.209;0.0;0.000;60;0;0;1.213;1.289;1.268;261;280;272;49.99;49.99;49.99;4413;1000;0.0;0;1.0000;0;0
600;2014-06-09 19:50:00;172602N232;1049;39.953;45;224;223;226;222;1.618;50.00;284.1;1.475;387.3;1.661;0.0;0.000;60;0;0;1.570;1.660;1.626;334;364;350;50.00;50.00;50.00;4413;1000;0.0;0;1.0000;0;0
600;2014-06-09 20:00:00;172602N232;706;40.071;45;225;224;228;224;1.165;50.01;403.3;0.652;380.8;1.158;0.0;0.000;60;0;0;1.132;1.218;1.145;222;248;235;50.01;50.01;50.01;4413;1000;0.0;0;1.0000;0;0
600;2014-06-09 20:10:00;172602N232;496;40.154;45;224;224;226;223;0.811;50.01;395.6;0.435;373.9;0.853;0.0;0.000;60;0;0;0.778;0.839;0.818;153;174;167;50.01;50.01;50.01;4413;1000;0.0;0;1.0000;0;0
600;2014-06-09 20:20:00;172602N232;460;40.230;45;224;225;225;223;0.830;50.00;389.0;0.466;375.3;0.727;0.0;0.000;60;0;0;0.799;0.863;0.828;142;163;153;50.00;50.00;50.00;4413;1000;0.0;0;1.0000;0;0
600;2014-06-09 20:30:00;172602N232;358;40.290;45;224;224;225;223;0.922;49.99;374.8;0.422;380.3;0.507;0.0;0.000;60;0;0;0.938;0.922;0.908;104;126;127;49.99;49.99;49.99;4413;1000;0.0;0;1.0000;0;0
600;2014-06-09 20:40:00;172602N232;266;40.334;45;224;224;225;222;1.124;49.99;378.1;0.316;383.9;0.353;0.0;0.000;60;0;0;1.248;1.226;0.900;62;105;97;49.99;49.99;49.99;4413;1000;0.0;0;1.0000;0;0
600;2014-06-09 20:50:00;172602N232;203;40.368;45;223;224;225;221;0.984;49.99;376.3;0.246;385.5;0.255;0.0;0.000;60;0;0;1.203;0.923;0.828;39;71;91;49.99;49.99;49.99;4413;1000;0.0;0;1.0000;0;0
600;2014-06-09 21:00:00;172602N232;152;40.394;44;223;224;223;221;1.023;50.00;372.1;0.183;384.6;0.186;0.0;0.000;60;0;0;1.432;0.876;0.762;6;77;68;50.00;50.00;50.00;4413;1000;0.0;0;1.0000;0;0
600;2014-06-09 21:10:00;172602N232;80;40.408;44;222;223;224;220;0.879;50.01;354.7;0.092;367.5;0.096;0.0;0.000;60;0;0;1.060;0.920;0.657;5;25;52;50.01;50.01;50.01;4413;1000;0.0;0;1.0000;0;0
600;2014-06-09 21:20:00;172602N232;33;40.413;44;222;222;224;221;0.580;50.01;317.2;0.029;331.3;0.035;0.0;0.000;60;0;0;0.598;0.752;0.390;10;1;26;50.01;50.01;50.01;4413;1000;0.0;0;1.0000;0;0
600;2014-06-09 21:30:00;172602N232;13;40.415;43;222;223;224;221;0.400;50.01;270.2;0.004;289.8;0.010;0.0;0.000;60;0;0;0.462;0.472;0.267;3;2;17;50.01;50.01;50.01;4413;1000;0.0;0;1.0000;0;0
600;2014-06-09 21:40:00;172602N232;1;40.417;42;222;223;224;220;0.113;50.03;251.3;0.000;253.0;0.000;0.0;0.000;60;0;0;0.154;0.108;0.077;0;1;4;50.03;50.03;50.03;4413;1000;0.0;0;1.0000;0;0
600;2014-06-09 21:50:00;172602N232;0;40.416;41;222;223;224;219;0.000;50.00;281.4;0.000;280.8;0.000;0.0;0.000;50;0;0;0.000;0.000;0.000;0;0;0;50.00;50.00;50.00;4413;1000;0.0;0;1.0000;0;0
600;2014-06-09 22:00:00;172602N232;0;40.416;39;223;224;224;219;0.000;50.03;233.3;0.000;234.2;0.000;0.0;0.000;50;0;0;0.000;0.000;0.000;0;0;0;50.03;50.03;50.03;4413;1000;0.0;0;1.0000;0;0
600;2014-06-09 22:10:00;172602N232;0;40.416;38;222;224;223;220;0.000;50.02;228.3;0.000;229.3;0.000;0.0;0.000;50;0;0;0.000;0.000;0.000;0;0;0;50.02;50.02;50.02;4413;1000;0.0;0;1.0000;0;0
600;2014-06-09 22:20:00;172602N232;0;40.416;37;222;223;223;220;0.000;50.00;228.9;0.000;229.8;0.000;0.0;0.000;50;0;0;0.000;0.000;0.000;0;0;0;50.00;50.00;50.00;4413;1000;0.0;0;1.0000;0;0
[wr_ende]
