20160807;230001;172602N232;My Plant;+0100
[wr_def_start]
172602N232;Inverter Type;Inverter Group;72602N232      
[wr_def_end]
[wr]
INTERVAL;TIMESTAMP;SERIAL;P_AC;E_DAY;T_WR;U_AC;U_AC_1;U_AC_2;U_AC_3;I_AC;F_AC;U_DC_1;I_DC_1;U_DC_2;I_DC_2;U_DC_3;I_DC_3;S;E_WR;M_WR;I_AC_1;I_AC_2;I_AC_3;P_AC_1;P_AC_2;P_AC_3;F_AC_1;F_AC_2;F_AC_3;R_DC;PC;PCS;PCS_LL;COS_PHI;COS_PHI_LL;S_COS_PHI
600;2016-08-07 04:30:00;172602N232;0;0.000;0;4;4;4;4;0.000;0.99;4.4;0.000;4.4;0.000;0.0;0.000;50;0;0;0.000;0.000;0.000;0;0;0;0.99;0.99;0.99;159;1000;0.0;0;1.0000;0;0
600;2016-08-07 04:40:00;172602N232;0;0.000;26;225;225;228;222;0.000;50.01;227.2;0.000;228.2;0.000;0.0;0.000;50;0;0;0.000;0.000;0.000;0;0;0;50.01;50.01;50.01;0;1000;0.0;0;1.0000;0;0
600;2016-08-07 04:50:00;172602N232;0;0.000;28;226;226;228;223;0.000;50.01;275.5;0.000;275.1;0.000;0.0;0.000;51;0;0;0.000;0.000;0.000;0;0;0;50.01;50.01;50.01;473;1000;0.0;0;1.0000;0;0
600;2016-08-07 05:00:00;172602N232;0;0.000;29;225;225;229;223;0.000;50.01;303.4;0.000;301.8;0.000;0.0;0.000;51;0;0;0.000;0.000;0.000;0;0;0;50.01;50.01;50.01;3694;1000;0.0;0;1.0000;0;0
600;2016-08-07 05:10:00;172602N232;0;0.000;29;226;226;228;224;0.000;50.01;286.3;0.000;285.0;0.000;0.0;0.000;51;0;0;0.001;0.001;0.000;0;0;0;50.01;50.01;50.01;3694;1000;0.0;0;1.0000;0;0
600;2016-08-07 05:20:00;172602N232;2;0.000;30;225;226;226;225;0.128;50.01;259.8;0.000;261.4;0.000;0.0;0.000;60;0;0;0.164;0.148;0.074;0;2;3;50.01;50.01;50.01;3604;1000;0.0;0;1.0000;0;0
600;2016-08-07 05:30:00;172602N232;37;0.006;30;226;226;226;225;0.626;50.00;337.6;0.035;350.3;0.032;0.0;0.000;60;0;0;0.662;0.748;0.470;5;5;28;50.00;50.00;50.00;3604;1000;0.0;0;1.0000;0;0
600;2016-08-07 05:40:00;172602N232;54;0.015;30;225;225;226;225;0.831;50.01;362.7;0.058;366.5;0.053;0.0;0.000;60;0;0;0.914;0.919;0.661;3;14;41;50.01;50.01;50.01;3604;1000;0.0;0;1.0000;0;0
600;2016-08-07 05:50:00;172602N232;160;0.042;31;224;225;225;224;0.959;50.01;397.0;0.186;404.5;0.174;0.0;0.000;60;0;0;1.223;0.968;0.686;40;56;61;50.01;50.01;50.01;3604;1000;0.0;0;1.0000;0;0
600;2016-08-07 06:00:00;172602N232;144;0.066;31;225;224;225;224;0.953;50.02;395.5;0.174;394.8;0.155;0.0;0.000;60;0;0;1.195;0.953;0.712;30;55;58;50.02;50.02;50.02;3604;1000;0.0;0;1.0000;0;0
600;2016-08-07 06:10:00;172602N232;124;0.087;32;224;224;225;223;0.937;50.01;392.3;0.145;398.8;0.133;0.0;0.000;60;0;0;1.163;0.900;0.748;24;42;56;50.01;50.01;50.01;3604;1000;0.0;0;1.0000;0;0
600;2016-08-07 06:20:00;172602N232;182;0.117;32;223;223;225;223;1.008;50.01;391.9;0.216;405.3;0.204;0.0;0.000;60;0;0;1.143;1.106;0.775;42;68;70;50.01;50.01;50.01;3604;1000;0.0;0;1.0000;0;0
600;2016-08-07 06:30:00;172602N232;391;0.183;32;223;224;225;222;1.148;50.00;414.4;0.473;417.5;0.437;0.0;0.000;60;0;0;1.166;1.213;1.065;116;141;132;50.00;50.00;50.00;3604;1000;0.0;0;1.0000;0;0
600;2016-08-07 06:40:00;172602N232;347;0.240;32;223;223;224;222;0.988;49.99;413.8;0.429;417.4;0.374;0.0;0.000;60;0;0;1.003;1.079;0.882;104;125;116;49.99;49.99;49.99;3604;1000;0.0;0;1.0000;0;0
600;2016-08-07 06:50:00;172602N232;215;0.276;33;223;223;224;222;1.010;49.99;401.3;0.258;407.8;0.238;0.0;0.000;60;0;0;1.096;1.147;0.787;55;77;81;49.99;49.99;49.99;3604;1000;0.0;0;1.0000;0;0
600;2016-08-07 07:00:00;172602N232;275;0.323;33;222;222;223;220;1.116;50.00;398.9;0.332;409.7;0.315;0.0;0.000;60;0;0;1.320;1.132;0.896;72;103;98;50.00;50.00;50.00;3604;1000;0.0;0;1.0000;0;0
600;2016-08-07 07:10:00;172602N232;379;0.386;34;223;223;225;222;1.151;49.99;416.0;0.458;413.7;0.426;0.0;0.000;60;0;0;1.155;1.221;1.077;109;135;134;49.99;49.99;49.99;3604;1000;0.0;0;1.0000;0;0
600;2016-08-07 07:20:00;172602N232;520;0.473;34;225;226;227;224;1.179;50.01;418.7;0.645;415.5;0.574;0.0;0.000;60;0;0;1.194;1.206;1.138;155;179;184;50.01;50.01;50.01;3604;1000;0.0;0;1.0000;0;0
600;2016-08-07 07:30:00;172602N232;611;0.574;34;225;224;226;224;0.948;50.03;423.3;0.763;413.2;0.678;0.0;0.000;60;0;0;0.888;0.988;0.969;189;213;207;50.03;50.03;50.03;3604;1000;0.0;0;1.0000;0;0
600;2016-08-07 07:40:00;172602N232;651;0.683;35;225;224;226;225;1.004;50.01;424.5;0.800;422.7;0.718;0.0;0.000;60;0;0;0.946;1.045;1.023;202;227;220;50.01;50.01;50.01;3604;1000;0.0;0;1.0000;0;0
600;2016-08-07 07:50:00;172602N232;706;0.801;35;225;225;226;224;1.085;50.01;423.6;0.883;416.4;0.781;0.0;0.000;60;0;0;1.030;1.126;1.100;222;245;237;50.01;50.01;50.01;3604;1000;0.0;0;1.0000;0;0
600;2016-08-07 08:00:00;172602N232;644;0.909;36;225;225;226;223;0.995;50.01;418.4;0.829;409.5;0.709;0.0;0.000;60;0;0;0.941;1.038;1.007;201;225;215;50.01;50.01;50.01;3604;1000;0.0;0;1.0000;0;0
600;2016-08-07 08:10:00;172602N232;948;1.068;36;224;225;226;223;1.457;50.01;423.7;1.194;420.2;1.042;0.0;0.000;60;0;0;1.415;1.490;1.466;304;326;316;50.01;50.01;50.01;3604;1000;0.0;0;1.0000;0;0
600;2016-08-07 08:20:00;172602N232;867;1.212;36;225;225;226;223;1.322;50.01;413.8;1.116;413.9;0.968;0.0;0.000;60;0;0;1.277;1.359;1.330;278;299;288;50.01;50.01;50.01;3604;1000;0.0;0;1.0000;0;0
600;2016-08-07 08:30:00;172602N232;755;1.337;37;226;227;226;224;1.152;50.01;413.4;0.955;412.0;0.859;0.0;0.000;60;0;0;1.105;1.188;1.164;240;261;252;50.01;50.01;50.01;3604;1000;0.0;0;1.0000;0;0
600;2016-08-07 08:40:00;172602N232;1109;1.523;37;226;225;228;225;1.689;50.02;419.5;1.391;418.9;1.255;0.0;0.000;60;0;0;1.633;1.729;1.707;353;383;371;50.02;50.02;50.02;3604;1000;0.0;0;1.0000;0;0
600;2016-08-07 08:50:00;172602N232;1008;1.690;37;225;225;226;224;1.521;50.02;417.1;1.249;420.0;1.155;0.0;0.000;60;0;0;1.467;1.558;1.540;322;347;337;50.02;50.02;50.02;3604;1000;0.0;0;1.0000;0;0
600;2016-08-07 09:00:00;172602N232;860;1.834;38;225;225;226;222;1.325;50.01;416.7;1.042;417.2;1.006;0.0;0.000;60;0;0;1.291;1.359;1.325;276;298;284;50.01;50.01;50.01;3604;1000;0.0;0;1.0000;0;0
600;2016-08-07 09:10:00;172602N232;1126;2.022;38;224;225;227;222;1.709;50.02;418.9;1.387;421.6;1.290;0.0;0.000;60;0;0;1.664;1.757;1.706;363;391;370;50.02;50.02;50.02;3604;1000;0.0;0;1.0000;0;0
600;2016-08-07 09:20:00;172602N232;1324;2.243;38;225;224;226;224;2.007;50.02;415.8;1.675;419.0;1.504;0.0;0.000;60;0;0;1.957;2.040;2.026;427;452;443;50.02;50.02;50.02;3604;1000;0.0;0;1.0000;0;0
600;2016-08-07 09:30:00;172602N232;1525;2.498;38;225;225;226;223;2.278;50.00;412.7;2.036;421.0;1.640;0.0;0.000;60;0;0;2.234;2.323;2.277;499;521;503;50.00;50.00;50.00;3604;1000;0.0;0;1.0000;0;0
600;2016-08-07 09:40:00;172602N232;1056;2.673;39;224;224;226;222;1.605;50.02;404.4;1.515;383.6;1.180;0.0;0.000;60;0;0;1.552;1.649;1.615;338;366;350;50.02;50.02;50.02;3604;1000;0.0;0;1.0000;0;0
600;2016-08-07 09:50:00;172602N232;2149;3.032;39;226;226;228;223;3.192;50.01;407.3;3.251;320.1;2.708;0.0;0.000;60;0;0;3.137;3.265;3.175;702;742;703;50.01;50.01;50.01;3604;1000;0.0;0;1.0000;0;0
600;2016-08-07 10:00:00;172602N232;2787;3.497;39;226;226;229;222;4.135;50.00;398.5;4.172;317.0;3.809;0.0;0.000;60;0;0;4.086;4.229;4.092;918;964;905;50.00;50.00;50.00;3604;1000;0.0;0;1.0000;0;0
600;2016-08-07 10:10:00;172602N232;2267;3.875;40;224;225;227;221;3.377;49.99;399.8;3.203;363.2;2.848;0.0;0.000;60;0;0;3.332;3.457;3.342;746;786;735;49.99;49.99;49.99;3604;1000;0.0;0;1.0000;0;0
600;2016-08-07 10:20:00;172602N232;1562;4.135;40;224;224;226;221;2.360;50.00;407.9;2.003;412.5;1.822;0.0;0.000;60;0;0;2.309;2.418;2.353;507;540;513;50.00;50.00;50.00;3604;1000;0.0;0;1.0000;0;0
600;2016-08-07 10:30:00;172602N232;1045;4.309;40;223;224;224;221;1.601;49.99;408.3;1.315;408.5;1.238;0.0;0.000;60;0;0;1.558;1.637;1.608;337;359;347;49.99;49.99;49.99;3604;1000;0.0;0;1.0000;0;0
600;2016-08-07 10:40:00;172602N232;824;4.447;40;225;225;227;222;1.258;50.01;407.4;1.018;411.9;0.981;0.0;0.000;60;0;0;1.213;1.301;1.262;263;287;272;50.01;50.01;50.01;3604;1000;0.0;0;1.0000;0;0
600;2016-08-07 10:50:00;172602N232;684;4.562;40;224;225;224;223;1.069;50.00;410.1;0.840;408.4;0.810;0.0;0.000;60;0;0;1.033;1.097;1.077;217;236;229;50.00;50.00;50.00;3604;1000;0.0;0;1.0000;0;0
600;2016-08-07 11:00:00;172602N232;749;4.687;40;224;225;224;223;1.162;50.01;413.3;0.913;414.4;0.878;0.0;0.000;60;0;0;1.125;1.185;1.178;238;256;253;50.01;50.01;50.01;3604;1000;0.0;0;1.0000;0;0
600;2016-08-07 11:10:00;172602N232;951;4.846;40;224;225;224;223;1.467;50.01;416.5;1.162;418.1;1.105;0.0;0.000;60;0;0;1.431;1.485;1.485;307;323;319;50.01;50.01;50.01;3604;1000;0.0;0;1.0000;0;0
600;2016-08-07 11:20:00;172602N232;932;5.001;40;224;225;227;221;1.425;50.00;416.4;1.134;416.0;1.093;0.0;0.000;60;0;0;1.388;1.461;1.427;300;323;306;50.00;50.00;50.00;3604;1000;0.0;0;1.0000;0;0
600;2016-08-07 11:30:00;172602N232;748;5.125;40;224;222;228;221;1.151;50.00;413.7;0.907;412.5;0.884;0.0;0.000;60;0;0;1.092;1.205;1.156;233;266;247;50.00;50.00;50.00;3604;1000;0.0;0;1.0000;0;0
600;2016-08-07 11:40:00;172602N232;939;5.282;40;224;223;228;221;1.438;50.01;415.4;1.141;415.3;1.105;0.0;0.000;60;0;0;1.371;1.508;1.437;295;334;309;50.01;50.01;50.01;3604;1000;0.0;0;1.0000;0;0
600;2016-08-07 11:50:00;172602N232;1348;5.507;40;224;224;228;222;2.041;50.00;415.8;1.658;418.9;1.575;0.0;0.000;60;0;0;1.984;2.108;2.033;433;470;443;50.00;50.00;50.00;3604;1000;0.0;0;1.0000;0;0
600;2016-08-07 12:00:00;172602N232;2421;5.911;40;225;225;229;223;3.591;49.99;411.5;3.057;420.1;2.818;0.0;0.000;60;0;0;3.533;3.670;3.571;791;835;792;49.99;49.99;49.99;3604;1000;0.0;0;1.0000;0;0
600;2016-08-07 12:10:00;172602N232;1113;6.096;40;224;224;226;223;1.697;50.00;404.4;1.417;408.9;1.315;0.0;0.000;60;0;0;1.645;1.741;1.707;357;385;370;50.00;50.00;50.00;3604;1000;0.0;0;1.0000;0;0
600;2016-08-07 12:20:00;172602N232;626;6.200;41;224;221;226;223;1.020;50.01;408.2;0.768;406.8;0.747;0.0;0.000;60;0;0;0.946;1.071;1.044;192;221;212;50.01;50.01;50.01;3604;1000;0.0;0;1.0000;0;0
600;2016-08-07 12:30:00;172602N232;850;6.342;41;224;223;225;224;1.309;49.99;420.0;1.020;418.8;0.991;0.0;0.000;60;0;0;1.263;1.337;1.329;268;292;287;49.99;49.99;49.99;3604;1000;0.0;0;1.0000;0;0
600;2016-08-07 12:40:00;172602N232;873;6.488;41;224;223;225;224;1.334;50.00;420.0;1.054;420.7;1.009;0.0;0.000;60;0;0;1.276;1.367;1.359;275;301;295;50.00;50.00;50.00;3604;1000;0.0;0;1.0000;0;0
600;2016-08-07 12:50:00;172602N232;822;6.625;41;223;226;227;217;1.391;50.00;419.4;0.990;420.9;0.949;0.0;0.000;60;0;0;1.477;1.369;1.328;273;283;264;50.00;50.00;50.00;3604;1000;0.0;0;1.0000;0;0
600;2016-08-07 13:00:00;172602N232;1041;6.799;41;223;226;228;215;1.626;50.00;421.5;1.256;424.0;1.197;0.0;0.000;60;0;0;1.614;1.690;1.575;342;372;325;50.00;50.00;50.00;3604;1000;0.0;0;1.0000;0;0
600;2016-08-07 13:10:00;172602N232;974;6.962;41;223;225;229;215;1.495;50.01;417.0;1.184;422.0;1.124;0.0;0.000;60;0;0;1.451;1.576;1.460;314;352;306;50.01;50.01;50.01;3604;1000;0.0;0;1.0000;0;0
600;2016-08-07 13:20:00;172602N232;1349;7.187;41;224;226;229;216;2.036;50.00;422.5;1.620;424.9;1.563;0.0;0.000;60;0;0;2.002;2.131;1.975;446;482;420;50.00;50.00;50.00;3604;1000;0.0;0;1.0000;0;0
600;2016-08-07 13:30:00;172602N232;1148;7.379;41;224;224;227;222;1.757;50.00;421.7;1.387;422.9;1.325;0.0;0.000;60;0;0;1.715;1.803;1.754;369;400;377;50.00;50.00;50.00;3604;1000;0.0;0;1.0000;0;0
600;2016-08-07 13:40:00;172602N232;1066;7.557;41;225;225;229;223;1.614;50.00;417.2;1.297;421.4;1.234;0.0;0.000;60;0;0;1.556;1.674;1.612;339;374;351;50.00;50.00;50.00;3604;1000;0.0;0;1.0000;0;0
600;2016-08-07 13:50:00;172602N232;1384;7.787;41;226;225;230;224;2.078;50.01;423.6;1.664;424.8;1.598;0.0;0.000;60;0;0;2.001;2.152;2.082;440;483;459;50.01;50.01;50.01;3604;1000;0.0;0;1.0000;0;0
600;2016-08-07 14:00:00;172602N232;1164;7.981;41;226;226;230;221;1.772;50.00;422.2;1.397;422.8;1.351;0.0;0.000;60;0;0;1.717;1.851;1.748;373;413;376;50.00;50.00;50.00;3604;1000;0.0;0;1.0000;0;0
600;2016-08-07 14:10:00;172602N232;1257;8.191;41;225;228;229;217;1.909;50.01;420.7;1.530;424.5;1.443;0.0;0.000;60;0;0;1.895;1.977;1.857;417;445;394;50.01;50.01;50.01;3604;1000;0.0;0;1.0000;0;0
600;2016-08-07 14:20:00;172602N232;964;8.352;41;225;229;228;217;1.565;50.00;416.7;1.173;420.9;1.116;0.0;0.000;60;0;0;1.627;1.576;1.493;321;336;305;50.00;50.00;50.00;3604;1000;0.0;0;1.0000;0;0
600;2016-08-07 14:30:00;172602N232;940;8.508;41;225;230;229;217;1.540;50.00;417.5;1.140;419.6;1.092;0.0;0.000;60;0;0;1.608;1.549;1.463;315;328;295;50.00;50.00;50.00;3604;1000;0.0;0;1.0000;0;0
600;2016-08-07 14:40:00;172602N232;878;8.656;41;225;229;230;216;1.399;49.99;416.2;1.068;417.0;1.019;0.0;0.000;60;0;0;1.406;1.457;1.336;290;314;272;49.99;49.99;49.99;3604;1000;0.0;0;1.0000;0;0
600;2016-08-07 14:50:00;172602N232;528;8.743;41;225;225;228;224;0.990;50.01;409.5;0.650;406.8;0.619;0.0;0.000;60;0;0;0.959;1.040;0.973;161;188;178;50.01;50.01;50.01;3604;1000;0.0;0;1.0000;0;0
600;2016-08-07 15:00:00;172602N232;411;8.812;41;225;224;228;224;1.054;50.00;400.9;0.506;404.9;0.481;0.0;0.000;60;0;0;1.016;1.176;0.971;124;142;144;50.00;50.00;50.00;3604;1000;0.0;0;1.0000;0;0
600;2016-08-07 15:10:00;172602N232;446;8.886;41;226;225;228;225;1.005;50.00;405.6;0.545;408.7;0.522;0.0;0.000;60;0;0;0.975;1.082;0.958;136;158;150;50.00;50.00;50.00;3604;1000;0.0;0;1.0000;0;0
600;2016-08-07 15:20:00;172602N232;481;8.966;40;225;224;228;225;1.029;50.01;407.7;0.586;409.3;0.559;0.0;0.000;60;0;0;0.968;1.139;0.980;149;166;164;50.01;50.01;50.01;3604;1000;0.0;0;1.0000;0;0
600;2016-08-07 15:30:00;172602N232;308;9.019;40;225;225;226;225;1.085;49.99;396.3;0.376;399.3;0.366;0.0;0.000;60;0;0;1.131;1.188;0.938;95;111;100;49.99;49.99;49.99;3604;1000;0.0;0;1.0000;0;0
600;2016-08-07 15:40:00;172602N232;398;9.085;40;225;226;226;225;1.112;49.99;400.5;0.486;405.1;0.472;0.0;0.000;60;0;0;1.157;1.127;1.052;120;146;130;49.99;49.99;49.99;3604;1000;0.0;0;1.0000;0;0
600;2016-08-07 15:50:00;172602N232;449;9.160;40;225;226;227;224;0.746;50.00;408.2;0.547;408.5;0.528;0.0;0.000;60;0;0;0.701;0.782;0.755;137;159;151;50.00;50.00;50.00;3604;1000;0.0;0;1.0000;0;0
600;2016-08-07 16:00:00;172602N232;393;9.226;40;225;226;227;222;1.051;50.00;400.6;0.487;407.2;0.452;0.0;0.000;60;0;0;1.147;1.101;0.907;112;141;138;50.00;50.00;50.00;3604;1000;0.0;0;1.0000;0;0
600;2016-08-07 16:10:00;172602N232;2216;9.595;40;226;225;229;224;3.270;50.00;409.5;2.687;412.9;2.723;0.0;0.000;60;0;0;3.192;3.360;3.260;715;770;728;50.00;50.00;50.00;3604;1000;0.0;0;1.0000;0;0
600;2016-08-07 16:20:00;172602N232;1319;9.816;40;226;225;228;224;2.012;50.02;404.9;1.633;407.7;1.617;0.0;0.000;60;0;0;1.967;2.063;2.008;423;459;436;50.02;50.02;50.02;3604;1000;0.0;0;1.0000;0;0
600;2016-08-07 16:30:00;172602N232;921;9.969;40;225;222;228;224;1.402;50.04;402.5;1.146;408.0;1.117;0.0;0.000;60;0;0;1.336;1.453;1.419;288;322;309;50.04;50.04;50.04;3604;1000;0.0;0;1.0000;0;0
600;2016-08-07 16:40:00;172602N232;925;10.123;41;224;220;228;224;1.409;49.99;398.0;1.146;408.5;1.141;0.0;0.000;60;0;0;1.325;1.470;1.433;283;326;313;49.99;49.99;49.99;3604;1000;0.0;0;1.0000;0;0
600;2016-08-07 16:50:00;172602N232;1677;10.403;41;224;219;229;224;2.516;49.99;401.8;2.082;410.8;2.066;0.0;0.000;60;0;0;2.397;2.600;2.553;519;591;567;49.99;49.99;49.99;3604;1000;0.0;0;1.0000;0;0
600;2016-08-07 17:00:00;172602N232;3097;10.921;41;225;219;231;226;4.590;49.99;390.6;3.948;400.8;3.968;0.0;0.000;60;0;0;4.389;4.725;4.658;957;1089;1049;49.99;49.99;49.99;3604;1000;0.0;0;1.0000;0;0
600;2016-08-07 17:10:00;172602N232;1616;11.189;42;224;218;229;225;2.426;49.99;389.2;2.051;396.2;2.071;0.0;0.000;60;0;0;2.290;2.516;2.472;494;572;549;49.99;49.99;49.99;3604;1000;0.0;0;1.0000;0;0
600;2016-08-07 17:20:00;172602N232;860;11.333;42;224;220;228;222;1.518;50.00;392.7;1.080;399.8;1.075;0.0;0.000;60;0;0;1.409;1.631;1.514;267;310;281;50.00;50.00;50.00;3604;1000;0.0;0;1.0000;0;0
600;2016-08-07 17:30:00;172602N232;1606;11.601;42;224;221;230;222;2.429;50.02;397.7;2.003;405.1;1.976;0.0;0.000;60;0;0;2.316;2.551;2.421;499;574;530;50.02;50.02;50.02;3604;1000;0.0;0;1.0000;0;0
600;2016-08-07 17:40:00;172602N232;561;11.694;42;224;224;226;223;1.139;50.00;394.0;0.705;397.7;0.691;0.0;0.000;60;0;0;1.103;1.175;1.139;171;195;193;50.00;50.00;50.00;3604;1000;0.0;0;1.0000;0;0
600;2016-08-07 17:50:00;172602N232;796;11.827;42;224;225;227;222;1.219;49.99;396.5;0.992;403.3;0.988;0.0;0.000;60;0;0;1.170;1.268;1.221;252;279;263;49.99;49.99;49.99;3604;1000;0.0;0;1.0000;0;0
600;2016-08-07 18:00:00;172602N232;545;11.919;42;223;222;227;222;0.929;49.99;387.8;0.682;399.2;0.685;0.0;0.000;60;0;0;0.862;0.993;0.932;162;193;188;49.99;49.99;49.99;3604;1000;0.0;0;1.0000;0;0
600;2016-08-07 18:10:00;172602N232;592;12.017;42;224;223;227;223;0.920;49.99;389.7;0.738;402.5;0.739;0.0;0.000;60;0;0;0.858;0.971;0.932;180;210;199;49.99;49.99;49.99;3604;1000;0.0;0;1.0000;0;0
600;2016-08-07 18:20:00;172602N232;539;12.108;42;224;224;227;221;0.976;50.00;393.1;0.675;404.6;0.655;0.0;0.000;60;0;0;0.957;1.015;0.958;169;192;176;50.00;50.00;50.00;3604;1000;0.0;0;1.0000;0;0
600;2016-08-07 18:30:00;172602N232;510;12.193;42;224;226;225;221;1.118;50.02;387.2;0.644;401.2;0.630;0.0;0.000;60;0;0;1.188;1.133;1.034;154;188;166;50.02;50.02;50.02;3604;1000;0.0;0;1.0000;0;0
600;2016-08-07 18:40:00;172602N232;568;12.288;41;224;224;225;223;1.131;50.00;377.3;0.713;397.7;0.737;0.0;0.000;60;0;0;1.116;1.178;1.101;179;199;188;50.00;50.00;50.00;3604;1000;0.0;0;1.0000;0;0
600;2016-08-07 18:50:00;172602N232;810;12.422;41;224;223;226;223;1.361;49.99;380.5;0.855;398.3;1.225;0.0;0.000;60;0;0;1.301;1.413;1.370;254;283;272;49.99;49.99;49.99;3604;1000;0.0;0;1.0000;0;0
600;2016-08-07 19:00:00;172602N232;285;12.471;41;224;223;225;224;1.016;49.99;383.5;0.327;389.0;0.378;0.0;0.000;60;0;0;1.006;1.174;0.869;86;103;95;49.99;49.99;49.99;3604;1000;0.0;0;1.0000;0;0
600;2016-08-07 19:10:00;172602N232;140;12.494;41;225;224;227;225;0.915;50.00;367.1;0.172;379.8;0.169;0.0;0.000;60;0;0;0.727;1.299;0.719;41;31;66;50.00;50.00;50.00;3604;1000;0.0;0;1.0000;0;0
600;2016-08-07 19:20:00;172602N232;229;12.532;41;226;225;227;225;1.039;50.00;381.6;0.249;395.2;0.303;0.0;0.000;60;0;0;1.104;1.211;0.803;69;84;74;50.00;50.00;50.00;3604;1000;0.0;0;1.0000;0;0
600;2016-08-07 19:30:00;172602N232;155;12.558;40;226;225;227;226;0.926;50.03;374.0;0.184;390.5;0.186;0.0;0.000;60;0;0;0.870;1.155;0.753;41;53;59;50.03;50.03;50.03;3604;1000;0.0;0;1.0000;0;0
600;2016-08-07 19:40:00;172602N232;100;12.574;40;225;225;227;224;0.957;50.01;367.7;0.118;377.5;0.114;0.0;0.000;60;0;0;0.861;1.261;0.751;32;8;63;50.01;50.01;50.01;3604;1000;0.0;0;1.0000;0;0
600;2016-08-07 19:50:00;172602N232;74;12.588;40;225;226;224;224;0.919;50.00;351.3;0.088;368.7;0.084;0.0;0.000;60;0;0;1.307;0.721;0.729;0;49;51;50.00;50.00;50.00;3604;1000;0.0;0;1.0000;0;0
600;2016-08-07 20:00:00;172602N232;51;12.596;40;226;226;226;225;0.823;49.99;337.5;0.056;358.5;0.057;0.0;0.000;60;0;0;1.000;0.829;0.641;4;22;40;49.99;49.99;49.99;3604;1000;0.0;0;1.0000;0;0
600;2016-08-07 20:10:00;172602N232;10;12.599;39;227;227;228;225;0.295;50.00;271.4;0.007;271.3;0.008;0.0;0.000;60;0;0;0.306;0.376;0.203;4;0;12;50.00;50.00;50.00;3604;1000;0.0;0;1.0000;0;0
600;2016-08-07 20:20:00;172602N232;0;12.598;39;227;226;229;225;0.002;50.00;279.8;0.000;278.4;0.000;0.0;0.000;51;0;0;0.000;0.008;0.000;0;0;0;50.00;50.00;50.00;3905;1000;0.0;0;1.0000;0;0
600;2016-08-07 20:30:00;172602N232;0;12.598;37;226;224;230;225;0.000;50.00;308.2;0.000;306.1;0.000;0.0;0.000;51;0;0;0.000;0.000;0.000;0;0;0;50.00;50.00;50.00;7425;1000;0.0;0;1.0000;0;0
600;2016-08-07 20:40:00;172602N232;0;12.598;37;226;225;230;224;0.000;50.01;236.5;0.000;237.5;0.000;0.0;0.000;51;0;0;0.000;0.000;0.000;0;0;0;50.01;50.01;50.01;7425;1000;0.0;0;1.0000;0;0
600;2016-08-07 20:50:00;172602N232;0;12.598;37;226;224;229;224;0.000;50.00;229.1;0.000;230.0;0.000;0.0;0.000;51;0;0;0.000;0.000;0.000;0;0;0;50.00;50.00;50.00;7425;1000;0.0;0;1.0000;0;0
600;2016-08-07 21:00:00;172602N232;0;12.598;36;226;224;229;224;0.000;49.98;228.8;0.000;229.8;0.000;0.0;0.000;51;0;0;0.000;0.000;0.000;0;0;0;49.98;49.98;49.98;7425;1000;0.0;0;1.0000;0;0
[wr_ende]
