20140826;230001;172602N232;My Plant;+0100
[wr_def_start]
172602N232;Inverter Type;Inverter Group;72602N232      
[wr_def_end]
[wr]
INTERVAL;TIMESTAMP;SERIAL;P_AC;E_DAY;T_WR;U_AC;U_AC_1;U_AC_2;U_AC_3;I_AC;F_AC;U_DC_1;I_DC_1;U_DC_2;I_DC_2;U_DC_3;I_DC_3;S;E_WR;M_WR;I_AC_1;I_AC_2;I_AC_3;P_AC_1;P_AC_2;P_AC_3;F_AC_1;F_AC_2;F_AC_3;R_DC;PC;PCS;PCS_LL;COS_PHI;COS_PHI_LL;S_COS_PHI
600;2014-08-26 05:30:00;172602N232;0;0.000;0;4;4;5;4;0.000;1.13;5.0;0.000;5.0;0.000;0.0;0.000;50;0;0;0.000;0.000;0.000;0;0;0;1.13;1.13;1.13;85;1000;0.0;0;1.0000;0;0
600;2014-08-26 05:40:00;172602N232;0;0.000;25;223;223;226;221;0.000;50.00;229.2;0.000;230.2;0.000;0.0;0.000;50;0;0;0.000;0.000;0.000;0;0;0;50.00;50.00;50.00;0;1000;0.0;0;1.0000;0;0
600;2014-08-26 05:50:00;172602N232;0;0.000;26;221;221;224;218;0.000;49.98;236.6;0.000;237.5;0.000;0.0;0.000;50;0;0;0.000;0.000;0.000;0;0;0;49.98;49.98;49.98;0;1000;0.0;0;1.0000;0;0
600;2014-08-26 06:00:00;172602N232;0;0.000;27;221;222;223;219;0.004;49.98;282.8;0.000;282.2;0.000;0.0;0.000;60;0;0;0.005;0.005;0.003;0;0;0;49.98;49.98;49.98;2598;1000;0.0;0;1.0000;0;0
600;2014-08-26 06:10:00;172602N232;6;0.001;27;222;222;222;221;0.199;50.00;281.3;0.001;286.6;0.002;0.0;0.000;60;0;0;0.254;0.208;0.135;0;5;6;50.00;50.00;50.01;5097;1000;0.0;0;1.0000;0;0
600;2014-08-26 06:20:00;172602N232;38;0.006;28;223;222;224;222;0.594;49.99;347.8;0.034;354.9;0.034;0.0;0.000;60;0;0;0.606;0.743;0.435;7;8;26;49.99;49.99;49.99;5168;1000;0.0;0;1.0000;0;0
600;2014-08-26 06:30:00;172602N232;120;0.027;28;221;222;223;220;0.867;49.98;397.6;0.133;399.7;0.127;0.0;0.000;60;0;0;0.978;0.900;0.723;17;44;63;49.98;49.98;49.98;5168;1000;0.0;0;1.0000;0;0
600;2014-08-26 06:40:00;172602N232;189;0.059;29;221;221;222;219;0.925;50.00;408.8;0.214;410.0;0.211;0.0;0.000;60;0;0;0.999;0.967;0.810;44;61;82;50.00;50.00;50.00;5168;1000;0.0;0;1.0000;0;0
600;2014-08-26 06:50:00;172602N232;120;0.078;29;219;218;221;219;0.878;49.98;392.0;0.135;394.1;0.135;0.0;0.000;60;0;0;0.743;1.179;0.712;40;18;61;49.98;49.98;49.98;5168;1000;0.0;0;1.0000;0;0
600;2014-08-26 07:00:00;172602N232;131;0.101;30;219;218;220;219;0.864;49.98;395.9;0.147;395.4;0.149;0.0;0.000;60;0;0;0.794;1.055;0.744;32;34;63;49.98;49.98;49.98;5168;1000;0.0;0;1.0000;0;0
600;2014-08-26 07:10:00;172602N232;172;0.129;30;219;218;219;219;0.882;49.98;400.9;0.195;399.4;0.196;0.0;0.000;60;0;0;1.043;0.919;0.685;55;63;52;49.98;49.98;49.98;5168;1000;0.0;0;1.0000;0;0
600;2014-08-26 07:20:00;172602N232;217;0.166;30;220;220;221;220;0.988;49.98;408.6;0.248;402.8;0.253;0.0;0.000;60;0;0;0.986;1.074;0.905;54;76;85;49.98;49.98;49.98;5168;1000;0.0;0;1.0000;0;0
600;2014-08-26 07:30:00;172602N232;291;0.215;31;220;220;221;219;1.087;49.98;410.1;0.338;407.6;0.342;0.0;0.000;60;0;0;1.147;1.172;0.944;81;108;100;49.98;49.98;49.98;5168;1000;0.0;0;1.0000;0;0
600;2014-08-26 07:40:00;172602N232;394;0.281;31;220;220;222;219;0.956;49.99;413.1;0.463;413.4;0.463;0.0;0.000;60;0;0;0.945;1.010;0.914;119;140;132;49.99;49.99;49.99;5168;1000;0.0;0;1.0000;0;0
600;2014-08-26 07:50:00;172602N232;444;0.354;32;220;220;222;220;0.706;49.99;421.5;0.515;415.3;0.523;0.0;0.000;60;0;0;0.649;0.747;0.724;134;157;151;49.99;49.99;49.99;5168;1000;0.0;0;1.0000;0;0
600;2014-08-26 08:00:00;172602N232;488;0.437;32;221;221;222;219;0.793;49.99;420.6;0.570;415.7;0.574;0.0;0.000;60;0;0;0.756;0.827;0.797;150;172;164;49.99;49.99;49.99;5168;1000;0.0;0;1.0000;0;0
600;2014-08-26 08:10:00;172602N232;532;0.524;33;220;219;222;219;0.865;49.98;420.6;0.624;413.1;0.633;0.0;0.000;60;0;0;0.814;0.905;0.877;164;188;178;49.98;49.98;49.98;5168;1000;0.0;0;1.0000;0;0
600;2014-08-26 08:20:00;172602N232;574;0.620;33;220;219;223;220;0.899;50.00;419.4;0.681;417.9;0.671;0.0;0.000;60;0;0;0.833;0.948;0.917;175;203;195;50.00;50.00;50.00;5168;1000;0.0;0;1.0000;0;0
600;2014-08-26 08:30:00;172602N232;552;0.713;34;221;220;223;219;0.867;49.99;421.1;0.660;423.4;0.626;0.0;0.000;60;0;0;0.809;0.914;0.878;169;195;185;49.99;49.99;49.99;5168;1000;0.0;0;1.0000;0;0
600;2014-08-26 08:40:00;172602N232;909;0.865;34;221;221;223;220;1.387;49.99;425.6;1.114;432.1;0.994;0.0;0.000;60;0;0;1.327;1.432;1.402;287;316;304;49.99;49.99;49.99;5168;1000;0.0;0;1.0000;0;0
600;2014-08-26 08:50:00;172602N232;799;0.998;35;219;218;221;218;1.240;49.99;424.7;0.970;421.9;0.899;0.0;0.000;60;0;0;1.184;1.284;1.252;252;278;267;49.99;49.99;49.99;5168;1000;0.0;0;1.0000;0;0
600;2014-08-26 09:00:00;172602N232;1268;1.209;35;220;219;222;218;1.948;49.98;413.1;1.821;441.1;1.188;0.0;0.000;60;0;0;1.891;2.010;1.945;407;440;418;49.98;49.98;49.98;5168;1000;0.0;0;1.0000;0;0
600;2014-08-26 09:10:00;172602N232;1609;1.478;35;220;220;223;218;2.454;49.99;383.0;2.974;449.9;1.057;0.0;0.000;60;0;0;2.396;2.526;2.442;521;558;528;49.99;49.99;49.99;5168;1000;0.0;0;1.0000;0;0
600;2014-08-26 09:20:00;172602N232;1532;1.733;36;222;221;225;220;2.317;50.00;392.1;3.020;359.2;1.024;0.0;0.000;60;0;0;2.250;2.386;2.315;493;532;505;50.00;50.00;50.00;5168;1000;0.0;0;1.0000;0;0
600;2014-08-26 09:30:00;172602N232;1615;2.002;36;221;221;224;220;2.448;50.00;401.6;2.767;322.5;1.619;0.0;0.000;60;0;0;2.382;2.520;2.442;520;560;532;50.00;50.00;50.00;5168;1000;0.0;0;1.0000;0;0
600;2014-08-26 09:40:00;172602N232;1644;2.276;36;222;221;225;221;2.493;50.00;406.1;2.562;345.6;1.822;0.0;0.000;60;0;0;2.431;2.558;2.492;530;570;544;50.00;50.00;50.00;5168;1000;0.0;0;1.0000;0;0
600;2014-08-26 09:50:00;172602N232;1999;2.609;37;223;222;226;221;2.999;50.00;402.0;2.919;356.9;2.356;0.0;0.000;60;0;0;2.928;3.079;2.990;647;691;659;50.00;50.00;50.00;5168;1000;0.0;0;1.0000;0;0
600;2014-08-26 10:00:00;172602N232;2721;3.064;38;223;222;226;221;4.073;50.00;400.2;3.756;346.4;3.622;0.0;0.000;60;0;0;4.002;4.161;4.058;887;938;894;50.00;50.00;50.00;5168;1000;0.0;0;1.0000;0;0
600;2014-08-26 10:10:00;172602N232;3037;3.570;39;222;222;225;221;4.556;49.99;396.7;4.090;360.9;4.032;0.0;0.000;60;0;0;4.485;4.652;4.531;992;1045;997;49.99;49.99;49.99;5168;1000;0.0;0;1.0000;0;0
600;2014-08-26 10:20:00;172602N232;3120;4.090;38;223;222;226;220;4.724;50.00;392.5;4.099;384.4;4.014;0.0;0.000;60;0;0;4.647;4.838;4.687;1017;1081;1022;50.00;50.00;50.00;5168;1000;0.0;0;1.0000;0;0
600;2014-08-26 10:30:00;172602N232;3009;4.591;39;222;221;225;220;4.519;50.00;387.8;3.979;386.8;3.900;0.0;0.000;60;0;0;4.449;4.625;4.484;981;1041;985;50.00;50.00;50.00;5168;1000;0.0;0;1.0000;0;0
600;2014-08-26 10:40:00;172602N232;2753;5.051;40;221;220;224;220;4.146;50.00;395.4;3.507;394.5;3.524;0.0;0.000;60;0;0;4.070;4.244;4.124;895;951;905;50.00;50.00;50.00;5168;1000;0.0;0;1.0000;0;0
600;2014-08-26 10:50:00;172602N232;2369;5.446;40;221;220;224;219;3.564;49.99;393.1;3.060;393.6;3.021;0.0;0.000;60;0;0;3.487;3.673;3.532;767;829;772;49.99;49.99;49.99;5168;1000;0.0;0;1.0000;0;0
600;2014-08-26 11:00:00;172602N232;2934;5.937;40;221;220;224;219;4.424;49.98;397.6;3.758;394.5;3.719;0.0;0.000;60;0;0;4.351;4.538;4.383;957;1022;958;49.98;49.98;49.98;5168;1000;0.0;0;1.0000;0;0
600;2014-08-26 11:10:00;172602N232;2724;6.391;41;222;221;224;221;4.092;49.99;389.9;3.545;389.3;3.519;0.0;0.000;60;0;0;4.023;4.176;4.078;887;939;897;49.99;49.99;49.99;5168;1000;0.0;0;1.0000;0;0
600;2014-08-26 11:20:00;172602N232;1011;6.558;41;220;219;221;219;1.551;49.99;390.6;1.272;388.8;1.292;0.0;0.000;60;0;0;1.496;1.596;1.561;322;348;337;49.99;49.99;49.99;5168;1000;0.0;0;1.0000;0;0
600;2014-08-26 11:30:00;172602N232;3466;7.136;41;223;222;226;220;5.183;49.99;397.8;4.426;397.9;4.388;0.0;0.000;60;0;0;5.095;5.328;5.126;1130;1207;1127;49.99;49.99;49.99;5168;1000;0.0;0;1.0000;0;0
600;2014-08-26 11:40:00;172602N232;4490;7.886;41;224;222;228;221;6.689;50.03;379.6;6.035;379.2;6.003;0.0;0.000;60;0;0;6.581;6.848;6.638;1463;1560;1465;50.03;50.03;50.03;5168;1000;0.0;0;1.0000;0;0
600;2014-08-26 11:50:00;172602N232;1712;8.171;42;221;220;224;220;2.583;50.02;376.0;2.334;373.0;2.319;0.0;0.000;60;0;0;2.511;2.654;2.586;551;594;565;50.02;50.02;50.02;5168;1000;0.0;0;1.0000;0;0
600;2014-08-26 12:00:00;172602N232;2847;8.645;42;223;221;226;220;4.267;50.04;395.9;3.724;394.0;3.554;0.0;0.000;60;0;0;4.188;4.392;4.221;925;994;926;50.04;50.04;50.04;5168;1000;0.0;0;1.0000;0;0
600;2014-08-26 12:10:00;172602N232;3318;9.198;42;221;220;225;219;4.980;50.04;381.0;4.388;379.4;4.397;0.0;0.000;60;0;0;4.897;5.104;4.941;1080;1153;1084;50.04;50.04;50.04;5168;1000;0.0;0;1.0000;0;0
600;2014-08-26 12:20:00;172602N232;4505;9.950;42;224;223;228;221;6.702;50.02;382.8;6.007;380.7;5.990;0.0;0.000;60;0;0;6.606;6.862;6.639;1470;1564;1469;50.02;50.02;50.02;5168;1000;0.0;0;1.0000;0;0
600;2014-08-26 12:30:00;172602N232;4194;10.650;42;225;224;230;222;6.201;50.04;374.0;5.755;372.4;5.688;0.0;0.000;60;0;0;6.094;6.376;6.134;1362;1468;1363;50.04;50.04;50.04;5168;1000;0.0;0;1.0000;0;0
600;2014-08-26 12:40:00;172602N232;2984;11.146;43;223;222;227;220;4.450;50.03;375.6;4.019;373.0;3.996;0.0;0.000;60;0;0;4.353;4.590;4.408;965;1047;970;50.03;50.03;50.03;5168;1000;0.0;0;1.0000;0;0
600;2014-08-26 12:50:00;172602N232;3653;11.754;43;223;222;227;221;5.439;50.01;373.0;4.957;370.2;5.030;0.0;0.000;60;0;0;5.331;5.598;5.390;1184;1278;1189;50.01;50.01;50.01;5168;1000;0.0;0;1.0000;0;0
600;2014-08-26 13:00:00;172602N232;681;11.869;43;221;220;223;219;1.054;50.01;382.5;0.903;380.8;0.873;0.0;0.000;60;0;0;0.992;1.100;1.070;211;239;228;50.01;50.01;50.01;5168;1000;0.0;0;1.0000;0;0
600;2014-08-26 13:10:00;172602N232;3441;12.442;42;223;222;227;221;5.125;50.00;393.4;4.429;391.6;4.416;0.0;0.000;60;0;0;5.013;5.282;5.080;1111;1206;1120;50.00;50.00;50.00;5168;1000;0.0;0;1.0000;0;0
600;2014-08-26 13:20:00;172602N232;4602;13.210;43;224;223;229;221;6.832;50.00;376.6;6.247;375.2;6.213;0.0;0.000;60;0;0;6.719;7.012;6.767;1498;1607;1495;50.00;50.00;50.00;5168;1000;0.0;0;1.0000;0;0
600;2014-08-26 13:30:00;172602N232;4273;13.921;43;224;223;228;220;6.357;50.01;365.8;5.962;363.4;5.936;0.0;0.000;60;0;0;6.264;6.533;6.274;1395;1495;1381;50.01;50.01;50.01;5168;1000;0.0;0;1.0000;0;0
600;2014-08-26 13:40:00;172602N232;2207;14.289;43;222;222;225;220;3.315;50.00;379.2;2.927;378.9;2.847;0.0;0.000;60;0;0;3.255;3.406;3.284;717;768;719;50.00;50.00;50.00;5168;1000;0.0;0;1.0000;0;0
600;2014-08-26 13:50:00;172602N232;3439;14.863;43;224;223;228;222;5.096;49.96;382.4;4.618;381.2;4.483;0.0;0.000;60;0;0;5.013;5.246;5.030;1120;1203;1115;49.96;49.96;49.96;5168;1000;0.0;0;1.0000;0;0
600;2014-08-26 14:00:00;172602N232;4588;15.629;43;224;223;228;221;6.831;49.99;373.6;6.276;372.3;6.243;0.0;0.000;60;0;0;6.744;7.017;6.732;1502;1598;1487;49.99;49.99;49.99;5168;1000;0.0;0;1.0000;0;0
600;2014-08-26 14:10:00;172602N232;4104;16.311;44;223;221;226;221;6.141;49.99;372.6;5.661;369.4;5.603;0.0;0.000;60;0;0;6.047;6.291;6.085;1337;1422;1343;49.99;49.99;49.99;5168;1000;0.0;0;1.0000;0;0
600;2014-08-26 14:20:00;172602N232;4347;17.036;44;223;221;227;221;6.500;49.99;373.3;5.979;368.3;5.949;0.0;0.000;60;0;0;6.407;6.652;6.441;1417;1508;1421;49.99;49.99;49.99;5168;1000;0.0;0;1.0000;0;0
600;2014-08-26 14:30:00;172602N232;4450;17.778;44;222;221;226;220;6.666;50.00;368.9;6.192;364.9;6.157;0.0;0.000;60;0;0;6.580;6.795;6.625;1454;1534;1459;50.00;50.00;50.00;5168;1000;0.0;0;1.0000;0;0
600;2014-08-26 14:40:00;172602N232;1943;18.101;44;221;220;223;220;2.939;49.99;363.1;2.714;361.8;2.707;0.0;0.000;60;0;0;2.884;2.999;2.934;632;669;641;49.99;49.99;49.99;5168;1000;0.0;0;1.0000;0;0
600;2014-08-26 14:50:00;172602N232;3098;18.619;44;225;224;228;223;4.597;49.99;382.1;4.080;382.6;4.045;0.0;0.000;60;0;0;4.522;4.719;4.550;1009;1077;1010;49.99;49.99;49.99;5168;1000;0.0;0;1.0000;0;0
600;2014-08-26 15:00:00;172602N232;4213;19.321;44;226;225;229;224;6.223;49.98;375.8;5.728;374.4;5.696;0.0;0.000;60;0;0;6.147;6.362;6.161;1378;1458;1375;49.98;49.98;49.98;5168;1000;0.0;0;1.0000;0;0
600;2014-08-26 15:10:00;172602N232;4139;20.010;44;224;223;227;221;6.167;49.99;370.1;5.714;367.3;5.684;0.0;0.000;60;0;0;6.090;6.306;6.106;1354;1432;1350;49.99;49.99;49.99;5168;1000;0.0;0;1.0000;0;0
600;2014-08-26 15:20:00;172602N232;2456;20.420;44;222;221;225;221;3.687;49.99;373.6;3.292;371.4;3.259;0.0;0.000;60;0;0;3.611;3.780;3.670;793;853;808;49.99;49.99;49.99;5168;1000;0.0;0;1.0000;0;0
600;2014-08-26 15:30:00;172602N232;3970;21.082;44;225;223;228;223;5.893;50.01;373.6;5.413;374.3;5.383;0.0;0.000;60;0;0;5.807;6.022;5.851;1294;1373;1300;50.01;50.01;50.01;5168;1000;0.0;0;1.0000;0;0
600;2014-08-26 15:40:00;172602N232;3236;21.621;44;223;223;227;221;4.829;49.99;372.7;4.450;372.0;4.361;0.0;0.000;60;0;0;4.759;4.938;4.792;1058;1119;1058;49.99;49.99;49.99;5168;1000;0.0;0;1.0000;0;0
600;2014-08-26 15:50:00;172602N232;3656;22.231;44;223;222;228;221;5.461;49.99;374.4;4.975;374.7;4.941;0.0;0.000;60;0;0;5.375;5.607;5.402;1191;1274;1189;49.99;49.99;49.99;5168;1000;0.0;0;1.0000;0;0
600;2014-08-26 16:00:00;172602N232;3586;22.829;44;223;222;227;221;5.361;50.00;373.6;4.890;373.4;4.864;0.0;0.000;60;0;0;5.277;5.493;5.313;1168;1246;1171;50.00;50.00;50.00;5168;1000;0.0;0;1.0000;0;0
600;2014-08-26 16:10:00;172602N232;3475;23.408;44;224;222;228;221;5.187;49.99;373.2;4.740;372.9;4.719;0.0;0.000;60;0;0;5.107;5.329;5.125;1133;1211;1128;49.99;49.99;49.99;5168;1000;0.0;0;1.0000;0;0
600;2014-08-26 16:20:00;172602N232;3289;23.956;44;223;222;227;221;4.920;49.99;375.1;4.462;375.4;4.438;0.0;0.000;60;0;0;4.849;5.043;4.869;1074;1142;1071;49.99;49.99;49.99;5168;1000;0.0;0;1.0000;0;0
600;2014-08-26 16:30:00;172602N232;3171;24.486;44;223;222;226;221;4.759;49.99;378.9;4.256;378.2;4.241;0.0;0.000;60;0;0;4.690;4.859;4.730;1035;1094;1040;49.99;49.99;49.99;5168;1000;0.0;0;1.0000;0;0
600;2014-08-26 16:40:00;172602N232;3039;24.992;44;222;221;225;220;4.576;50.01;392.6;3.892;380.2;4.083;0.0;0.000;60;0;0;4.503;4.675;4.550;991;1049;997;50.01;50.01;50.01;5168;1000;0.0;0;1.0000;0;0
600;2014-08-26 16:50:00;172602N232;2862;25.470;44;221;220;224;219;4.326;50.01;373.2;3.842;381.2;3.844;0.0;0.000;60;0;0;4.257;4.417;4.306;933;987;939;50.01;50.01;50.01;5168;1000;0.0;0;1.0000;0;0
600;2014-08-26 17:00:00;172602N232;2690;25.918;44;220;218;224;218;4.088;49.99;374.2;3.600;383.4;3.587;0.0;0.000;60;0;0;3.992;4.208;4.064;866;940;883;49.99;49.99;49.99;5168;1000;0.0;0;1.0000;0;0
600;2014-08-26 17:10:00;172602N232;2551;26.343;44;219;218;223;218;3.892;49.99;378.4;3.379;386.8;3.364;0.0;0.000;60;0;0;3.805;3.991;3.880;823;885;841;49.99;49.99;49.99;5168;1000;0.0;0;1.0000;0;0
600;2014-08-26 17:20:00;172602N232;2385;26.741;44;219;218;222;218;3.638;49.99;378.7;3.166;395.6;3.059;0.0;0.000;60;0;0;3.562;3.713;3.639;774;820;789;49.99;49.99;49.99;5168;1000;0.0;0;1.0000;0;0
600;2014-08-26 17:30:00;172602N232;2196;27.107;44;218;216;221;217;3.364;49.97;379.6;2.934;389.6;2.834;0.0;0.000;60;0;0;3.280;3.446;3.368;708;759;728;49.97;49.97;49.97;5168;1000;0.0;0;1.0000;0;0
600;2014-08-26 17:40:00;172602N232;2038;27.447;44;219;218;221;217;3.112;50.00;380.7;2.706;380.7;2.697;0.0;0.000;60;0;0;3.058;3.176;3.104;665;700;671;50.00;50.00;50.00;5168;1000;0.0;0;1.0000;0;0
600;2014-08-26 17:50:00;172602N232;1858;27.757;44;219;218;221;217;2.840;50.00;381.9;2.455;382.3;2.448;0.0;0.000;60;0;0;2.783;2.899;2.840;604;637;614;50.00;50.00;50.00;5168;1000;0.0;0;1.0000;0;0
600;2014-08-26 18:00:00;172602N232;1644;28.031;44;218;218;219;216;2.528;50.00;389.8;2.115;383.8;2.164;0.0;0.000;60;0;0;2.475;2.582;2.527;535;563;543;50.00;50.00;50.00;5168;1000;0.0;0;1.0000;0;0
600;2014-08-26 18:10:00;172602N232;1427;28.269;44;218;217;220;217;2.209;50.00;381.2;1.850;386.1;1.893;0.0;0.000;60;0;0;2.136;2.277;2.216;456;495;475;50.00;50.00;50.00;5168;1000;0.0;0;1.0000;0;0
600;2014-08-26 18:20:00;172602N232;1160;28.462;44;219;219;221;217;1.824;49.99;376.7;1.625;359.2;1.541;0.0;0.000;60;0;0;1.781;1.878;1.815;372;404;382;49.99;49.99;49.99;5168;1000;0.0;0;1.0000;0;0
600;2014-08-26 18:30:00;172602N232;946;28.620;44;219;219;221;217;1.467;49.99;378.0;1.404;336.9;1.252;0.0;0.000;60;0;0;1.419;1.517;1.466;302;330;312;49.99;49.99;49.99;5168;1000;0.0;0;1.0000;0;0
600;2014-08-26 18:40:00;172602N232;836;28.761;43;218;218;220;217;1.338;50.01;375.9;1.158;362.4;1.108;0.0;0.000;60;0;0;1.321;1.366;1.328;266;290;278;50.01;50.01;50.01;5168;1000;0.0;0;1.0000;0;0
600;2014-08-26 18:50:00;172602N232;402;28.828;43;216;214;219;215;0.990;50.01;360.1;0.493;371.2;0.578;0.0;0.000;60;0;0;0.842;1.248;0.882;127;130;144;50.01;50.01;50.01;5168;1000;0.0;0;1.0000;0;0
600;2014-08-26 19:00:00;172602N232;130;28.849;43;217;217;218;216;0.831;50.00;355.9;0.159;372.0;0.166;0.0;0.000;60;0;0;0.830;0.955;0.710;25;36;67;50.00;50.00;50.00;5168;1000;0.0;0;1.0000;0;0
600;2014-08-26 19:10:00;172602N232;110;28.868;42;218;218;219;217;0.829;50.01;360.3;0.132;373.6;0.135;0.0;0.000;60;0;0;0.844;0.940;0.704;18;34;57;50.01;50.01;50.01;5168;1000;0.0;0;1.0000;0;0
600;2014-08-26 19:20:00;172602N232;102;28.884;42;219;220;219;219;0.863;50.00;365.9;0.118;372.7;0.122;0.0;0.000;60;0;0;1.092;0.782;0.716;2;50;51;50.00;50.00;50.00;5168;1000;0.0;0;1.0000;0;0
600;2014-08-26 19:30:00;172602N232;82;28.898;42;220;221;222;219;0.881;49.97;358.4;0.094;369.1;0.098;0.0;0.000;60;0;0;1.092;0.865;0.687;1;30;54;49.97;49.97;49.97;5168;1000;0.0;0;1.0000;0;0
600;2014-08-26 19:40:00;172602N232;62;28.909;41;220;220;220;220;0.819;49.99;351.1;0.070;367.7;0.071;0.0;0.000;60;0;0;0.935;0.778;0.745;0;33;34;49.99;49.99;49.99;5168;1000;0.0;0;1.0000;0;0
600;2014-08-26 19:50:00;172602N232;62;28.920;41;219;219;219;220;0.762;49.99;353.6;0.066;371.7;0.069;0.0;0.000;60;0;0;0.817;0.710;0.761;7;33;24;49.99;49.99;49.99;5168;1000;0.0;0;1.0000;0;0
600;2014-08-26 20:00:00;172602N232;28;28.925;40;220;220;219;220;0.431;49.99;310.5;0.021;313.4;0.028;0.0;0.000;60;0;0;0.481;0.423;0.389;1;19;9;49.99;49.99;49.99;5168;1000;0.0;0;1.0000;0;0
600;2014-08-26 20:10:00;172602N232;2;28.925;40;219;219;219;220;0.127;50.01;252.2;0.000;252.6;0.001;0.0;0.000;60;0;0;0.153;0.126;0.102;0;4;1;50.01;50.01;50.01;5168;1000;0.0;0;1.0000;0;0
600;2014-08-26 20:20:00;172602N232;0;28.925;39;219;219;222;218;0.001;50.00;245.4;0.000;245.8;0.000;0.0;0.000;50;0;0;0.000;0.004;0.000;0;0;0;50.00;50.00;50.00;5168;1000;0.0;0;1.0000;0;0
600;2014-08-26 20:30:00;172602N232;0;28.925;38;219;218;221;217;0.000;50.02;228.4;0.000;229.3;0.000;0.0;0.000;50;0;0;0.000;0.000;0.000;0;0;0;50.02;50.02;50.02;5168;1000;0.0;0;1.0000;0;0
[wr_ende]
