20170111;230000;172602N232;My Plant;+0100
[wr_def_start]
172602N232;Inverter Type;Inverter Group;72602N232      
[wr_def_end]
[wr]
INTERVAL;TIMESTAMP;SERIAL;P_AC;E_DAY;T_WR;U_AC;U_AC_1;U_AC_2;U_AC_3;I_AC;F_AC;U_DC_1;I_DC_1;U_DC_2;I_DC_2;U_DC_3;I_DC_3;S;E_WR;M_WR;I_AC_1;I_AC_2;I_AC_3;P_AC_1;P_AC_2;P_AC_3;F_AC_1;F_AC_2;F_AC_3;R_DC;PC;PCS;PCS_LL;COS_PHI;COS_PHI_LL;S_COS_PHI
600;2017-01-11 07:50:00;172602N232;0;0.000;0;2;2;2;2;0.000;0.56;2.3;0.000;2.3;0.000;0.0;0.000;50;0;0;0.000;0.000;0.000;0;0;0;0.56;0.56;0.56;16;1000;0.0;0;1.0000;0;0
600;2017-01-11 08:00:00;172602N232;0;0.000;18;220;223;221;217;0.000;49.97;227.2;0.000;228.2;0.000;0.0;0.000;50;0;0;0.000;0.000;0.000;0;0;0;49.97;49.97;49.97;0;1000;0.0;0;1.0000;0;0
600;2017-01-11 08:10:00;172602N232;0;0.000;19;220;223;221;218;0.000;49.99;227.4;0.000;228.4;0.000;0.0;0.000;50;0;0;0.000;0.000;0.000;0;0;0;49.99;49.99;49.99;0;1000;0.0;0;1.0000;0;0
600;2017-01-11 08:20:00;172602N232;0;0.000;20;221;223;222;218;0.000;49.99;228.4;0.000;229.3;0.000;0.0;0.000;50;0;0;0.000;0.000;0.000;0;0;0;49.99;49.99;49.99;0;1000;0.0;0;1.0000;0;0
600;2017-01-11 08:30:00;172602N232;0;0.000;20;222;223;223;220;0.008;50.00;264.0;0.000;264.0;0.000;0.0;0.000;60;0;0;0.011;0.008;0.007;0;0;0;50.00;50.00;50.00;4443;1000;0.0;0;1.0000;0;0
600;2017-01-11 08:40:00;172602N232;0;0.000;20;222;224;223;220;0.005;49.99;292.8;0.000;291.7;0.000;0.0;0.000;51;0;0;0.014;0.001;0.001;0;0;0;49.99;49.99;49.99;9271;1000;0.0;0;1.0000;0;0
600;2017-01-11 08:50:00;172602N232;0;0.000;21;222;224;222;221;0.049;49.99;275.8;0.000;275.9;0.000;0.0;0.000;60;0;0;0.071;0.042;0.035;0;2;1;49.99;49.99;49.99;4889;1000;0.0;0;1.0000;0;0
600;2017-01-11 09:00:00;172602N232;0;0.000;21;222;223;223;222;0.026;49.98;267.7;0.000;267.3;0.000;0.0;0.000;60;0;0;0.034;0.027;0.018;0;0;0;49.98;49.98;49.98;5030;1000;0.0;0;1.0000;0;0
600;2017-01-11 09:10:00;172602N232;4;0.002;21;222;223;222;222;0.135;50.00;258.6;0.001;260.8;0.001;0.0;0.000;60;0;0;0.166;0.138;0.103;0;6;4;50.00;50.00;50.00;5059;1000;0.0;0;1.0000;0;0
600;2017-01-11 09:20:00;172602N232;11;0.007;22;223;224;221;222;0.272;50.00;279.2;0.005;286.9;0.008;0.0;0.000;60;0;0;0.370;0.208;0.239;0;13;12;50.00;50.00;50.00;5059;1000;0.0;0;1.0000;0;0
600;2017-01-11 09:30:00;172602N232;0;0.007;22;223;224;223;222;0.005;50.00;269.5;0.000;269.0;0.000;0.0;0.000;60;0;0;0.010;0.005;0.002;0;0;0;50.00;50.00;50.00;7991;1000;0.0;0;1.0000;0;0
600;2017-01-11 09:40:00;172602N232;0;0.007;22;222;224;223;221;0.010;50.00;285.2;0.000;284.1;0.000;0.0;0.000;50;0;0;0.028;0.001;0.001;0;0;0;50.00;50.00;50.00;6194;1000;0.0;0;1.0000;0;0
600;2017-01-11 09:50:00;172602N232;0;0.007;22;223;223;225;220;0.002;49.98;284.8;0.000;283.8;0.000;0.0;0.000;60;0;0;0.007;0.000;0.000;0;0;0;49.98;49.98;49.98;5364;1000;0.0;0;1.0000;0;0
600;2017-01-11 10:00:00;172602N232;1;0.008;23;222;223;223;221;0.084;49.99;267.9;0.000;269.5;0.000;0.0;0.000;60;0;0;0.107;0.083;0.063;0;2;3;49.99;49.99;49.99;5004;1000;0.0;0;1.0000;0;0
600;2017-01-11 10:10:00;172602N232;0;0.008;23;223;224;224;221;0.019;49.98;270.3;0.000;269.9;0.000;0.0;0.000;51;0;0;0.026;0.018;0.014;0;0;0;49.98;49.98;49.98;4888;1000;0.0;0;1.0000;0;0
600;2017-01-11 10:20:00;172602N232;6;0.010;23;222;223;223;221;0.181;49.96;261.4;0.001;263.3;0.003;0.0;0.000;60;0;0;0.243;0.162;0.138;0;4;8;49.96;49.96;49.96;5069;1000;0.0;0;1.0000;0;0
600;2017-01-11 10:30:00;172602N232;39;0.017;23;222;223;223;222;0.586;49.97;348.6;0.035;359.8;0.037;0.0;0.000;60;0;0;0.706;0.647;0.405;5;14;27;49.97;49.97;49.97;5069;1000;0.0;0;1.0000;0;0
600;2017-01-11 10:40:00;172602N232;110;0.035;23;222;223;222;222;0.898;49.98;394.9;0.121;404.2;0.119;0.0;0.000;60;0;0;1.144;0.843;0.708;9;53;50;49.98;49.98;49.98;5069;1000;0.0;0;1.0000;0;0
600;2017-01-11 10:50:00;172602N232;213;0.063;23;223;223;225;222;1.030;49.98;414.6;0.242;418.5;0.235;0.0;0.000;60;0;0;1.123;1.240;0.728;58;78;74;49.98;49.98;49.98;5069;1000;0.0;0;1.0000;0;0
600;2017-01-11 11:00:00;172602N232;320;0.116;24;223;224;226;219;1.028;49.98;419.7;0.364;424.2;0.352;0.0;0.000;60;0;0;1.082;1.149;0.855;93;107;117;49.98;49.98;49.98;5069;1000;0.0;0;1.0000;0;0
600;2017-01-11 11:10:00;172602N232;231;0.155;24;223;224;225;221;1.035;49.99;410.9;0.265;417.4;0.253;0.0;0.000;60;0;0;1.239;1.053;0.815;52;84;93;49.99;49.99;49.99;5069;1000;0.0;0;1.0000;0;0
600;2017-01-11 11:20:00;172602N232;469;0.234;24;225;225;227;223;1.061;49.98;433.8;0.535;433.1;0.522;0.0;0.000;60;0;0;1.058;1.121;1.005;143;161;163;49.98;49.98;49.98;5069;1000;0.0;0;1.0000;0;0
600;2017-01-11 11:30:00;172602N232;202;0.267;25;225;225;226;224;1.065;49.99;411.3;0.229;413.7;0.223;0.0;0.000;60;0;0;1.313;1.016;0.867;42;79;79;49.99;49.99;49.99;5069;1000;0.0;0;1.0000;0;0
600;2017-01-11 11:40:00;172602N232;584;0.365;25;226;225;227;224;0.930;49.99;432.5;0.681;437.7;0.640;0.0;0.000;60;0;0;0.880;0.971;0.939;181;205;195;49.99;49.99;49.99;5069;1000;0.0;0;1.0000;0;0
600;2017-01-11 11:50:00;172602N232;415;0.434;26;225;225;227;223;0.913;49.99;428.4;0.476;430.7;0.465;0.0;0.000;60;0;0;0.892;0.963;0.884;127;149;136;49.99;49.99;49.99;5069;1000;0.0;0;1.0000;0;0
600;2017-01-11 12:00:00;172602N232;569;0.530;26;224;224;226;223;0.905;50.01;428.3;0.657;435.4;0.642;0.0;0.000;60;0;0;0.849;0.952;0.914;176;201;190;50.01;50.01;50.01;5069;1000;0.0;0;1.0000;0;0
600;2017-01-11 12:10:00;172602N232;657;0.639;26;224;224;225;223;1.031;50.01;440.5;0.757;447.8;0.697;0.0;0.000;60;0;0;0.984;1.068;1.042;207;228;221;50.01;50.01;50.01;5069;1000;0.0;0;1.0000;0;0
600;2017-01-11 12:20:00;172602N232;461;0.716;27;223;223;225;223;0.991;49.99;429.3;0.530;430.8;0.514;0.0;0.000;60;0;0;0.978;1.030;0.965;144;163;153;49.99;49.99;49.99;5069;1000;0.0;0;1.0000;0;0
600;2017-01-11 12:30:00;172602N232;173;0.745;27;223;224;224;223;0.993;49.99;404.9;0.197;409.7;0.194;0.0;0.000;60;0;0;1.247;0.925;0.809;28;79;64;49.99;49.99;49.99;5069;1000;0.0;0;1.0000;0;0
600;2017-01-11 12:40:00;172602N232;434;0.817;28;224;223;225;223;0.956;50.01;426.5;0.495;428.0;0.492;0.0;0.000;60;0;0;0.961;0.997;0.912;131;153;148;50.01;50.01;50.01;5069;1000;0.0;0;1.0000;0;0
600;2017-01-11 12:50:00;172602N232;421;0.888;28;224;222;225;223;0.977;49.99;430.6;0.481;430.2;0.468;0.0;0.000;60;0;0;0.946;1.064;0.921;128;149;141;49.99;49.99;49.99;5069;1000;0.0;0;1.0000;0;0
600;2017-01-11 13:00:00;172602N232;239;0.928;28;224;223;224;223;1.088;50.00;418.8;0.271;420.0;0.265;0.0;0.000;60;0;0;1.194;1.213;0.858;61;91;86;50.00;50.00;50.00;5069;1000;0.0;0;1.0000;0;0
600;2017-01-11 13:10:00;172602N232;95;0.943;28;224;224;225;223;0.718;50.02;367.9;0.103;378.1;0.098;0.0;0.000;60;0;0;0.837;0.776;0.541;21;34;42;50.02;50.02;50.02;5069;1000;0.0;0;1.0000;0;0
600;2017-01-11 13:20:00;172602N232;56;0.954;28;223;223;224;223;0.683;50.01;364.0;0.056;377.1;0.058;0.0;0.000;60;0;0;0.652;0.877;0.520;16;13;36;50.01;50.01;50.01;5069;1000;0.0;0;1.0000;0;0
600;2017-01-11 13:30:00;172602N232;70;0.966;28;223;223;225;222;0.808;49.99;377.5;0.073;382.9;0.075;0.0;0.000;60;0;0;0.736;1.076;0.612;19;4;48;49.99;49.99;49.99;5069;1000;0.0;0;1.0000;0;0
600;2017-01-11 13:40:00;172602N232;68;0.977;28;224;223;225;223;0.855;50.00;371.4;0.072;380.4;0.074;0.0;0.000;60;0;0;0.851;1.061;0.653;11;8;48;50.00;50.00;50.00;5069;1000;0.0;0;1.0000;0;0
600;2017-01-11 13:50:00;172602N232;78;0.990;28;224;224;225;223;0.907;49.99;384.6;0.083;387.0;0.085;0.0;0.000;60;0;0;0.871;1.139;0.713;15;9;55;49.99;49.99;49.99;5069;1000;0.0;0;1.0000;0;0
600;2017-01-11 14:00:00;172602N232;82;1.004;28;223;223;224;222;0.913;50.01;383.4;0.089;389.0;0.090;0.0;0.000;60;0;0;0.996;1.044;0.699;7;23;52;50.01;50.01;50.01;5069;1000;0.0;0;1.0000;0;0
600;2017-01-11 14:10:00;172602N232;38;1.011;27;224;224;225;223;0.554;50.01;327.9;0.036;330.8;0.037;0.0;0.000;60;0;0;0.658;0.603;0.401;3;11;28;50.01;50.01;50.01;5069;1000;0.0;0;1.0000;0;0
600;2017-01-11 14:20:00;172602N232;21;1.015;27;224;224;225;222;0.401;49.99;305.8;0.015;313.5;0.017;0.0;0.000;60;0;0;0.460;0.469;0.274;4;4;19;49.99;49.99;49.99;5069;1000;0.0;0;1.0000;0;0
600;2017-01-11 14:30:00;172602N232;65;1.026;27;224;224;225;223;0.772;50.00;375.1;0.066;383.1;0.066;0.0;0.000;60;0;0;0.877;0.863;0.578;7;18;41;50.00;50.00;50.00;5069;1000;0.0;0;1.0000;0;0
600;2017-01-11 14:40:00;172602N232;60;1.036;27;224;224;225;223;0.706;49.99;363.4;0.061;368.7;0.061;0.0;0.000;60;0;0;0.842;0.754;0.524;4;20;37;49.99;49.99;49.99;5069;1000;0.0;0;1.0000;0;0
600;2017-01-11 14:50:00;172602N232;7;1.038;27;224;225;225;221;0.205;50.00;268.5;0.003;276.7;0.004;0.0;0.000;60;0;0;0.273;0.186;0.158;0;8;10;50.00;50.00;50.00;5069;1000;0.0;0;1.0000;0;0
600;2017-01-11 15:00:00;172602N232;9;1.039;27;223;227;227;215;0.197;50.00;274.4;0.005;282.5;0.006;0.0;0.000;60;0;0;0.281;0.170;0.142;0;8;10;50.00;50.00;50.00;5069;1000;0.0;0;1.0000;0;0
600;2017-01-11 15:10:00;172602N232;0;1.039;26;222;226;226;215;0.012;50.00;286.2;0.000;285.0;0.000;0.0;0.000;60;0;0;0.021;0.009;0.008;0;0;0;50.00;50.00;50.00;5342;1000;0.0;0;1.0000;0;0
600;2017-01-11 15:20:00;172602N232;0;1.039;26;223;227;226;216;0.005;50.03;280.0;0.000;279.3;0.000;0.0;0.000;51;0;0;0.007;0.004;0.004;0;0;0;50.03;50.03;50.03;5805;1000;0.0;0;1.0000;0;0
600;2017-01-11 15:30:00;172602N232;0;1.039;25;222;224;225;216;0.000;50.00;241.3;0.000;242.3;0.000;0.0;0.000;51;0;0;0.000;0.000;0.000;0;0;0;50.00;50.00;50.00;4967;1000;0.0;0;1.0000;0;0
600;2017-01-11 15:40:00;172602N232;0;1.039;25;222;225;225;216;0.000;50.01;229.1;0.000;230.0;0.000;0.0;0.000;51;0;0;0.000;0.000;0.000;0;0;0;50.01;50.01;50.01;4967;1000;0.0;0;1.0000;0;0
600;2017-01-11 15:50:00;172602N232;0;1.039;25;221;224;224;215;0.000;50.03;227.5;0.000;228.5;0.000;0.0;0.000;51;0;0;0.000;0.000;0.000;0;0;0;50.03;50.03;50.03;4967;1000;0.0;0;1.0000;0;0
[wr_ende]
