20150809;230004;172602N232;My Plant;+0100
[wr_def_start]
172602N232;Inverter Type;Inverter Group;72602N232      
[wr_def_end]
[wr]
INTERVAL;TIMESTAMP;SERIAL;P_AC;E_DAY;T_WR;U_AC;U_AC_1;U_AC_2;U_AC_3;I_AC;F_AC;U_DC_1;I_DC_1;U_DC_2;I_DC_2;U_DC_3;I_DC_3;S;E_WR;M_WR;I_AC_1;I_AC_2;I_AC_3;P_AC_1;P_AC_2;P_AC_3;F_AC_1;F_AC_2;F_AC_3;R_DC;PC;PCS;PCS_LL;COS_PHI;COS_PHI_LL;S_COS_PHI
600;2015-08-09 04:40:00;172602N232;0;0.000;0;2;2;2;2;0.000;0.58;2.5;0.000;2.6;0.000;0.0;0.000;50;0;0;0.000;0.000;0.000;0;0;0;0.58;0.58;0.58;100;1000;0.0;0;1.0000;0;0
600;2015-08-09 04:50:00;172602N232;0;0.000;27;226;227;229;223;0.000;50.00;227.4;0.000;228.3;0.000;0.0;0.000;50;0;0;0.000;0.000;0.000;0;0;0;50.00;50.00;50.00;0;1000;0.0;0;1.0000;0;0
600;2015-08-09 05:00:00;172602N232;0;0.000;28;227;227;230;224;0.000;50.01;232.4;0.000;233.3;0.000;0.0;0.000;50;0;0;0.000;0.000;0.000;0;0;0;50.01;50.01;50.01;0;1000;0.0;0;1.0000;0;0
600;2015-08-09 05:10:00;172602N232;0;0.000;29;227;227;230;224;0.001;50.01;278.9;0.000;278.4;0.000;0.0;0.000;60;0;0;0.001;0.001;0.001;0;0;0;50.01;50.01;50.01;1094;1000;0.0;0;1.0000;0;0
600;2015-08-09 05:20:00;172602N232;1;0.000;30;227;227;229;225;0.149;50.00;270.3;0.000;271.4;0.000;0.0;0.000;60;0;0;0.139;0.210;0.098;1;0;5;50.00;50.00;50.00;4017;1000;0.0;0;1.0000;0;0
600;2015-08-09 05:30:00;172602N232;16;0.006;30;227;227;229;226;0.466;50.01;304.1;0.008;301.4;0.010;0.0;0.000;60;0;0;0.478;0.628;0.292;9;0;18;50.01;50.01;50.01;4011;1000;0.0;0;1.0000;0;0
600;2015-08-09 05:40:00;172602N232;33;0.012;30;227;227;228;226;0.630;50.01;347.5;0.027;357.5;0.027;0.0;0.000;60;0;0;0.620;0.834;0.437;9;0;30;50.01;50.01;50.01;4011;1000;0.0;0;1.0000;0;0
600;2015-08-09 05:50:00;172602N232;50;0.020;31;227;227;229;226;0.672;50.00;373.0;0.046;381.7;0.045;0.0;0.000;60;0;0;0.637;0.896;0.484;10;3;36;50.00;50.00;50.00;4011;1000;0.0;0;1.0000;0;0
600;2015-08-09 06:00:00;172602N232;65;0.028;31;227;227;229;226;0.651;50.00;382.5;0.064;391.7;0.062;0.0;0.000;60;0;0;0.608;0.882;0.463;13;13;37;50.00;50.00;50.00;4011;1000;0.0;0;1.0000;0;0
600;2015-08-09 06:10:00;172602N232;79;0.041;32;227;227;228;226;0.915;50.00;391.6;0.084;398.7;0.081;0.0;0.000;60;0;0;0.832;1.184;0.729;19;6;53;50.00;50.00;50.00;4011;1000;0.0;0;1.0000;0;0
600;2015-08-09 06:20:00;172602N232;101;0.057;32;227;227;229;226;0.976;49.99;401.5;0.110;405.7;0.102;0.0;0.000;60;0;0;0.858;1.292;0.780;27;8;64;49.99;49.99;49.99;4011;1000;0.0;0;1.0000;0;0
600;2015-08-09 06:30:00;172602N232;111;0.076;32;227;227;228;226;0.977;50.01;406.8;0.122;404.3;0.115;0.0;0.000;60;0;0;0.880;1.261;0.790;29;14;67;50.01;50.01;50.01;4011;1000;0.0;0;1.0000;0;0
600;2015-08-09 06:40:00;172602N232;126;0.098;32;227;226;228;226;0.961;50.00;410.3;0.139;407.3;0.131;0.0;0.000;60;0;0;0.889;1.203;0.791;29;27;67;50.00;50.00;50.00;4011;1000;0.0;0;1.0000;0;0
600;2015-08-09 06:50:00;172602N232;147;0.123;33;226;226;228;225;0.954;49.99;413.9;0.164;415.8;0.152;0.0;0.000;60;0;0;0.796;1.329;0.737;26;42;77;49.99;49.99;49.99;4011;1000;0.0;0;1.0000;0;0
600;2015-08-09 07:00:00;172602N232;173;0.152;33;226;225;227;224;0.890;50.00;415.3;0.197;418.3;0.179;0.0;0.000;60;0;0;0.699;1.314;0.659;24;70;77;50.00;50.00;50.00;4011;1000;0.0;0;1.0000;0;0
600;2015-08-09 07:10:00;172602N232;195;0.183;33;226;226;227;224;0.996;50.00;417.1;0.227;413.7;0.205;0.0;0.000;60;0;0;0.986;1.271;0.731;61;56;75;50.00;50.00;50.00;4011;1000;0.0;0;1.0000;0;0
600;2015-08-09 07:20:00;172602N232;200;0.217;34;226;225;227;224;0.948;50.00;422.0;0.236;410.7;0.208;0.0;0.000;60;0;0;1.033;1.058;0.755;95;35;68;50.00;50.00;50.00;4011;1000;0.0;0;1.0000;0;0
600;2015-08-09 07:30:00;172602N232;206;0.253;34;225;224;227;223;0.960;50.00;427.9;0.242;412.4;0.211;0.0;0.000;60;0;0;1.056;1.084;0.740;91;43;70;50.00;50.00;50.00;4011;1000;0.0;0;1.0000;0;0
600;2015-08-09 07:40:00;172602N232;222;0.289;34;224;224;225;224;1.037;50.01;435.4;0.258;413.9;0.225;0.0;0.000;60;0;0;1.162;1.252;0.697;66;86;67;50.01;50.01;50.01;4011;1000;0.0;0;1.0000;0;0
600;2015-08-09 07:50:00;172602N232;231;0.328;34;224;223;226;223;1.060;50.01;445.8;0.267;412.8;0.231;0.0;0.000;60;0;0;1.077;1.373;0.731;70;78;81;50.01;50.01;50.01;4011;1000;0.0;0;1.0000;0;0
600;2015-08-09 08:00:00;172602N232;254;0.370;34;223;223;226;221;1.122;50.00;456.2;0.292;409.6;0.253;0.0;0.000;60;0;0;1.016;1.350;1.002;63;79;110;50.00;50.00;50.00;4011;1000;0.0;0;1.0000;0;0
600;2015-08-09 08:10:00;172602N232;284;0.418;35;224;223;225;222;1.145;50.01;460.5;0.338;404.1;0.277;0.0;0.000;60;0;0;1.184;1.298;0.955;81;97;105;50.01;50.01;50.01;4011;1000;0.0;0;1.0000;0;0
600;2015-08-09 08:20:00;172602N232;297;0.468;35;223;223;225;222;1.141;50.00;457.6;0.361;409.1;0.282;0.0;0.000;60;0;0;1.245;1.224;0.954;99;99;96;50.00;50.00;50.00;4011;1000;0.0;0;1.0000;0;0
600;2015-08-09 08:30:00;172602N232;393;0.533;35;224;223;226;222;1.113;50.00;440.4;0.645;419.7;0.304;0.0;0.000;60;0;0;1.150;1.220;0.970;129;134;127;50.00;50.00;50.00;4011;1000;0.0;0;1.0000;0;0
600;2015-08-09 08:40:00;172602N232;867;0.679;35;224;224;226;221;1.321;50.00;328.8;2.235;426.4;0.328;0.0;0.000;60;0;0;1.270;1.365;1.329;276;302;286;50.00;50.00;50.00;4011;1000;0.0;0;1.0000;0;0
600;2015-08-09 08:50:00;172602N232;1128;0.866;35;223;224;226;220;1.719;49.99;346.8;2.827;436.9;0.348;0.0;0.000;60;0;0;1.684;1.766;1.709;366;392;368;49.99;49.99;49.99;4011;1000;0.0;0;1.0000;0;0
600;2015-08-09 09:00:00;172602N232;1371;1.094;36;224;224;227;221;2.075;49.99;394.5;3.054;433.8;0.388;0.0;0.000;60;0;0;2.031;2.129;2.066;444;475;449;49.99;49.99;49.99;4011;1000;0.0;0;1.0000;0;0
600;2015-08-09 09:10:00;172602N232;1509;1.346;36;223;224;227;220;2.263;49.99;404.5;3.272;448.9;0.419;0.0;0.000;60;0;0;2.215;2.329;2.247;492;524;491;49.99;49.99;49.99;4011;1000;0.0;0;1.0000;0;0
600;2015-08-09 09:20:00;172602N232;1727;1.635;37;224;223;227;220;2.593;50.00;400.1;3.474;339.2;1.204;0.0;0.000;60;0;0;2.535;2.675;2.569;561;603;561;50.00;50.00;50.00;4011;1000;0.0;0;1.0000;0;0
600;2015-08-09 09:30:00;172602N232;2062;1.978;37;224;224;226;221;3.090;49.98;396.5;3.729;274.4;2.236;0.0;0.000;60;0;0;3.054;3.160;3.058;679;710;671;49.98;49.98;49.98;4011;1000;0.0;0;1.0000;0;0
600;2015-08-09 09:40:00;172602N232;2299;2.361;38;223;222;226;222;3.443;49.99;393.4;3.914;305.1;2.599;0.0;0.000;60;0;0;3.376;3.525;3.429;746;794;757;49.99;49.99;49.99;4011;1000;0.0;0;1.0000;0;0
600;2015-08-09 09:50:00;172602N232;2582;2.792;39;224;223;228;219;3.857;50.01;390.3;4.130;299.3;3.387;0.0;0.000;60;0;0;3.788;3.979;3.805;842;905;832;50.01;50.01;50.01;4011;1000;0.0;0;1.0000;0;0
600;2015-08-09 10:00:00;172602N232;2780;3.255;39;224;222;228;222;4.144;50.00;387.2;4.336;321.8;3.596;0.0;0.000;60;0;0;4.042;4.259;4.133;893;970;915;50.00;50.00;50.00;4011;1000;0.0;0;1.0000;0;0
600;2015-08-09 10:10:00;172602N232;3060;3.765;40;225;223;229;222;4.548;50.00;385.0;4.512;350.7;3.945;0.0;0.000;60;0;0;4.450;4.669;4.525;988;1066;1003;50.00;50.00;50.00;4011;1000;0.0;0;1.0000;0;0
600;2015-08-09 10:20:00;172602N232;3406;4.333;40;225;223;229;223;5.060;50.00;382.8;4.720;358.9;4.606;0.0;0.000;60;0;0;4.957;5.173;5.050;1102;1180;1122;50.00;50.00;50.00;4011;1000;0.0;0;1.0000;0;0
600;2015-08-09 10:30:00;172602N232;3604;4.933;41;224;223;228;222;5.354;50.01;379.9;4.908;370.0;4.855;0.0;0.000;60;0;0;5.277;5.499;5.288;1177;1255;1170;50.01;50.01;50.01;4011;1000;0.0;0;1.0000;0;0
600;2015-08-09 10:40:00;172602N232;3756;5.560;41;225;224;229;221;5.575;50.01;377.0;5.083;377.9;5.029;0.0;0.000;60;0;0;5.515;5.725;5.486;1235;1310;1210;50.01;50.01;50.01;4011;1000;0.0;0;1.0000;0;0
600;2015-08-09 10:50:00;172602N232;3860;6.204;42;225;224;229;222;5.724;50.00;375.1;5.234;375.9;5.213;0.0;0.000;60;0;0;5.638;5.863;5.672;1260;1341;1256;50.00;50.00;50.00;4011;1000;0.0;0;1.0000;0;0
600;2015-08-09 11:00:00;172602N232;3927;6.858;42;224;223;230;220;5.838;49.99;372.4;5.360;373.7;5.342;0.0;0.000;60;0;0;5.743;6.046;5.725;1280;1388;1258;49.99;49.99;49.99;4011;1000;0.0;0;1.0000;0;0
600;2015-08-09 11:10:00;172602N232;4035;7.531;42;224;222;230;221;5.993;50.00;371.8;5.517;373.3;5.497;0.0;0.000;60;0;0;5.867;6.197;5.917;1301;1427;1305;50.00;50.00;50.00;4011;1000;0.0;0;1.0000;0;0
600;2015-08-09 11:20:00;172602N232;4103;8.213;42;225;222;230;222;6.086;50.00;368.7;5.662;370.0;5.642;0.0;0.000;60;0;0;5.949;6.269;6.041;1319;1443;1339;50.00;50.00;50.00;4011;1000;0.0;0;1.0000;0;0
600;2015-08-09 11:30:00;172602N232;4155;8.907;43;225;223;230;222;6.158;50.00;367.9;5.751;368.3;5.735;0.0;0.000;60;0;0;6.058;6.314;6.104;1349;1449;1355;50.00;50.00;50.00;4011;1000;0.0;0;1.0000;0;0
600;2015-08-09 11:40:00;172602N232;4226;9.612;43;225;223;230;222;6.261;50.02;366.9;5.868;367.1;5.851;0.0;0.000;60;0;0;6.149;6.435;6.201;1370;1478;1376;50.02;50.02;50.02;4011;1000;0.0;0;1.0000;0;0
600;2015-08-09 11:50:00;172602N232;4294;10.328;43;225;224;230;222;6.348;50.02;366.2;5.972;366.7;5.954;0.0;0.000;60;0;0;6.261;6.512;6.273;1402;1499;1391;50.02;50.02;50.02;4011;1000;0.0;0;1.0000;0;0
600;2015-08-09 12:00:00;172602N232;4345;11.051;43;226;225;230;222;6.414;49.99;364.0;6.084;364.0;6.068;0.0;0.000;60;0;0;6.352;6.582;6.309;1429;1516;1398;49.99;49.99;49.99;4011;1000;0.0;0;1.0000;0;0
600;2015-08-09 12:10:00;172602N232;4395;11.784;43;225;225;229;222;6.498;49.99;360.3;6.217;360.7;6.201;0.0;0.000;60;0;0;6.460;6.631;6.403;1454;1517;1422;49.99;49.99;49.99;4011;1000;0.0;0;1.0000;0;0
600;2015-08-09 12:20:00;172602N232;4410;12.520;43;225;224;229;222;6.524;49.99;358.6;6.269;359.1;6.254;0.0;0.000;60;0;0;6.448;6.683;6.443;1446;1530;1432;50.00;50.00;50.00;4011;1000;0.0;0;1.0000;0;0
600;2015-08-09 12:30:00;172602N232;4471;13.266;43;226;225;230;222;6.598;49.99;358.3;6.365;358.3;6.350;0.0;0.000;60;0;0;6.507;6.795;6.494;1462;1564;1443;49.99;49.99;49.99;4011;1000;0.0;0;1.0000;0;0
600;2015-08-09 12:40:00;172602N232;4477;14.012;44;226;225;229;224;6.613;50.00;357.0;6.400;356.9;6.383;0.0;0.000;60;0;0;6.529;6.763;6.547;1465;1547;1463;50.00;50.00;50.00;4011;1000;0.0;0;1.0000;0;0
600;2015-08-09 12:50:00;172602N232;4478;14.757;44;225;224;228;224;6.622;50.01;355.9;6.418;356.0;6.403;0.0;0.000;60;0;0;6.536;6.732;6.599;1462;1534;1480;50.01;50.01;50.01;4011;1000;0.0;0;1.0000;0;0
600;2015-08-09 13:00:00;172602N232;4491;15.506;44;226;224;230;223;6.630;50.00;355.7;6.441;356.0;6.422;0.0;0.000;60;0;0;6.523;6.801;6.568;1458;1564;1467;50.00;50.00;50.00;4011;1000;0.0;0;1.0000;0;0
600;2015-08-09 13:10:00;172602N232;4449;16.248;44;226;224;230;223;6.570;49.99;356.4;6.367;356.5;6.350;0.0;0.000;60;0;0;6.487;6.724;6.499;1452;1544;1450;49.99;49.99;49.99;4011;1000;0.0;0;1.0000;0;0
600;2015-08-09 13:20:00;172602N232;4475;16.995;44;226;224;230;223;6.606;50.00;354.3;6.441;354.7;6.425;0.0;0.000;60;0;0;6.521;6.757;6.541;1460;1551;1461;50.00;50.00;50.00;4011;1000;0.0;0;1.0000;0;0
600;2015-08-09 13:30:00;172602N232;4443;17.734;45;226;225;229;223;6.562;49.99;353.3;6.413;353.8;6.397;0.0;0.000;60;0;0;6.523;6.681;6.483;1466;1528;1448;49.99;49.99;49.99;4011;1000;0.0;0;1.0000;0;0
600;2015-08-09 13:40:00;172602N232;4445;18.476;45;226;225;230;223;6.559;49.97;353.6;6.411;354.1;6.395;0.0;0.000;60;0;0;6.522;6.692;6.465;1466;1538;1439;49.97;49.97;49.97;4011;1000;0.0;0;1.0000;0;0
600;2015-08-09 13:50:00;172602N232;4439;19.217;45;227;226;231;224;6.521;49.99;354.0;6.403;353.6;6.387;0.0;0.000;60;0;0;6.448;6.695;6.420;1455;1548;1435;49.99;49.99;49.99;4011;1000;0.0;0;1.0000;0;0
600;2015-08-09 14:00:00;172602N232;4428;19.955;45;228;227;232;224;6.480;50.00;354.3;6.374;354.7;6.358;0.0;0.000;60;0;0;6.398;6.649;6.393;1449;1543;1434;50.00;50.00;50.00;4011;1000;0.0;0;1.0000;0;0
600;2015-08-09 14:10:00;172602N232;4452;20.697;45;227;226;231;224;6.530;49.99;353.4;6.425;353.8;6.412;0.0;0.000;60;0;0;6.466;6.689;6.437;1463;1547;1439;49.99;49.99;49.99;4011;1000;0.0;0;1.0000;0;0
600;2015-08-09 14:20:00;172602N232;4332;21.418;46;228;226;232;224;6.345;50.01;354.0;6.241;354.3;6.225;0.0;0.000;60;0;0;6.253;6.498;6.284;1414;1508;1408;50.01;50.01;50.01;4011;1000;0.0;0;1.0000;0;0
600;2015-08-09 14:30:00;172602N232;4282;22.132;46;228;226;232;225;6.265;50.00;355.5;6.138;356.3;6.121;0.0;0.000;60;0;0;6.176;6.427;6.192;1396;1493;1392;50.00;50.00;50.00;4011;1000;0.0;0;1.0000;0;0
600;2015-08-09 14:40:00;172602N232;4236;22.839;46;228;227;232;225;6.194;50.00;357.0;6.047;357.6;6.030;0.0;0.000;60;0;0;6.121;6.356;6.107;1388;1475;1371;50.00;50.00;50.00;4011;1000;0.0;0;1.0000;0;0
600;2015-08-09 14:50:00;172602N232;4174;23.535;46;228;227;232;225;6.102;50.00;357.8;5.948;357.8;5.932;0.0;0.000;60;0;0;6.022;6.250;6.036;1365;1450;1357;50.00;50.00;50.00;4011;1000;0.0;0;1.0000;0;0
600;2015-08-09 15:00:00;172602N232;4188;24.232;46;228;227;232;225;6.127;50.00;358.1;5.967;357.6;5.951;0.0;0.000;60;0;0;6.045;6.279;6.057;1370;1457;1359;50.00;50.00;50.00;4011;1000;0.0;0;1.0000;0;0
600;2015-08-09 15:10:00;172602N232;4071;24.911;46;228;227;232;224;5.962;50.01;357.9;5.800;357.8;5.783;0.0;0.000;60;0;0;5.883;6.100;5.903;1331;1415;1322;50.01;50.01;50.01;4011;1000;0.0;0;1.0000;0;0
600;2015-08-09 15:20:00;172602N232;3982;25.574;46;227;226;232;223;5.839;50.01;358.1;5.667;358.2;5.652;0.0;0.000;60;0;0;5.764;5.986;5.767;1303;1390;1287;50.01;50.01;50.01;4011;1000;0.0;0;1.0000;0;0
600;2015-08-09 15:30:00;172602N232;3915;26.228;46;227;226;232;223;5.750;50.01;359.3;5.553;359.5;5.535;0.0;0.000;60;0;0;5.668;5.906;5.676;1278;1370;1265;50.01;50.01;50.01;4011;1000;0.0;0;1.0000;0;0
600;2015-08-09 15:40:00;172602N232;3869;26.872;46;227;226;231;224;5.687;50.00;361.5;5.453;361.3;5.439;0.0;0.000;60;0;0;5.609;5.822;5.630;1265;1344;1258;50.00;50.00;50.00;4011;1000;0.0;0;1.0000;0;0
600;2015-08-09 15:50:00;172602N232;3762;27.500;47;226;226;229;224;5.541;50.01;362.6;5.284;362.4;5.269;0.0;0.000;60;0;0;5.480;5.635;5.509;1235;1291;1234;50.01;50.01;50.01;4011;1000;0.0;0;1.0000;0;0
600;2015-08-09 16:00:00;172602N232;3635;28.106;47;226;226;229;223;5.362;49.99;364.0;5.082;363.5;5.076;0.0;0.000;60;0;0;5.312;5.463;5.311;1197;1251;1185;49.99;49.99;49.99;4011;1000;0.0;0;1.0000;0;0
600;2015-08-09 16:10:00;172602N232;3584;28.704;47;226;226;230;223;5.286;50.00;365.4;4.992;365.2;4.979;0.0;0.000;60;0;0;5.240;5.395;5.223;1182;1237;1163;50.00;50.00;50.00;4011;1000;0.0;0;1.0000;0;0
600;2015-08-09 16:20:00;172602N232;3458;29.280;47;226;226;230;223;5.101;49.99;377.9;4.618;366.2;4.826;0.0;0.000;60;0;0;5.062;5.201;5.042;1141;1192;1123;49.99;49.99;49.99;4011;1000;0.0;0;1.0000;0;0
600;2015-08-09 16:30:00;172602N232;3303;29.831;46;226;225;229;223;4.887;49.98;362.4;4.569;367.2;4.630;0.0;0.000;60;0;0;4.829;4.981;4.853;1082;1138;1081;49.98;49.98;49.98;4011;1000;0.0;0;1.0000;0;0
600;2015-08-09 16:40:00;172602N232;3197;30.364;46;225;223;229;222;4.747;50.00;360.7;4.447;369.6;4.441;0.0;0.000;60;0;0;4.671;4.860;4.712;1041;1109;1045;50.00;50.00;50.00;4011;1000;0.0;0;1.0000;0;0
600;2015-08-09 16:50:00;172602N232;3072;30.876;46;225;225;228;222;4.562;50.00;362.1;4.256;370.7;4.251;0.0;0.000;60;0;0;4.504;4.659;4.524;1008;1061;1000;50.00;50.00;50.00;4011;1000;0.0;0;1.0000;0;0
600;2015-08-09 17:00:00;172602N232;2939;31.366;46;224;224;228;222;4.374;49.99;363.0;4.059;371.8;4.055;0.0;0.000;60;0;0;4.315;4.466;4.343;962;1016;959;49.99;49.99;49.99;4011;1000;0.0;0;1.0000;0;0
600;2015-08-09 17:10:00;172602N232;2799;31.833;46;223;223;227;220;4.190;49.99;365.6;3.836;374.3;3.832;0.0;0.000;60;0;0;4.142;4.286;4.144;920;969;908;49.99;49.99;49.99;4011;1000;0.0;0;1.0000;0;0
600;2015-08-09 17:20:00;172602N232;2661;32.277;46;223;222;226;221;3.986;49.99;369.8;3.602;378.5;3.599;0.0;0.000;60;0;0;3.906;4.077;3.977;863;919;877;49.99;49.99;49.99;4011;1000;0.0;0;1.0000;0;0
600;2015-08-09 17:30:00;172602N232;2510;32.694;45;223;222;226;221;3.762;50.01;372.3;3.378;382.4;3.355;0.0;0.000;60;0;0;3.693;3.847;3.746;817;867;824;50.01;50.01;50.01;4011;1000;0.0;0;1.0000;0;0
600;2015-08-09 17:40:00;172602N232;2318;33.081;45;224;224;225;222;3.478;50.03;384.0;3.030;397.3;2.969;0.0;0.000;60;0;0;3.444;3.511;3.480;764;783;768;50.03;50.03;50.03;4011;1000;0.0;0;1.0000;0;0
600;2015-08-09 17:50:00;172602N232;2138;33.438;45;223;223;224;222;3.221;50.01;367.8;2.904;376.7;2.907;0.0;0.000;60;0;0;3.182;3.250;3.231;702;724;711;50.01;50.01;50.01;4011;1000;0.0;0;1.0000;0;0
600;2015-08-09 18:00:00;172602N232;1970;33.767;45;223;222;225;221;2.965;49.99;368.6;2.666;378.0;2.667;0.0;0.000;60;0;0;2.904;3.026;2.967;639;677;651;49.99;49.99;49.99;4011;1000;0.0;0;1.0000;0;0
600;2015-08-09 18:10:00;172602N232;1819;34.070;45;223;222;226;221;2.735;49.99;370.8;2.445;380.2;2.447;0.0;0.000;60;0;0;2.670;2.807;2.729;588;630;599;49.99;49.99;49.99;4011;1000;0.0;0;1.0000;0;0
600;2015-08-09 18:20:00;172602N232;1652;34.344;44;223;223;225;222;2.483;49.99;374.2;2.195;382.2;2.209;0.0;0.000;60;0;0;2.427;2.529;2.493;536;564;550;49.99;49.99;49.99;4011;1000;0.0;0;1.0000;0;0
600;2015-08-09 18:30:00;172602N232;1456;34.588;44;223;223;225;220;2.190;50.01;372.9;1.912;384.1;1.961;0.0;0.000;60;0;0;2.141;2.244;2.187;474;501;479;50.01;50.01;50.01;4011;1000;0.0;0;1.0000;0;0
600;2015-08-09 18:40:00;172602N232;1273;34.800;44;222;222;224;220;1.977;50.01;366.3;1.700;385.5;1.708;0.0;0.000;60;0;0;1.941;2.011;1.981;410;438;422;50.01;50.01;50.01;4011;1000;0.0;0;1.0000;0;0
600;2015-08-09 18:50:00;172602N232;1081;34.981;44;221;221;223;220;1.661;49.99;369.4;1.395;386.5;1.474;0.0;0.000;60;0;0;1.615;1.701;1.669;347;373;358;49.99;49.99;49.99;4011;1000;0.0;0;1.0000;0;0
600;2015-08-09 19:00:00;172602N232;837;35.121;44;221;221;224;219;1.295;49.99;342.9;1.026;387.0;1.263;0.0;0.000;60;0;0;1.241;1.342;1.302;265;293;277;49.99;49.99;49.99;4011;1000;0.0;0;1.0000;0;0
600;2015-08-09 19:10:00;172602N232;624;35.224;44;222;221;224;220;0.978;49.99;281.6;0.775;387.4;1.052;0.0;0.000;60;0;0;0.927;1.021;0.987;195;219;209;49.99;49.99;49.99;4011;1000;0.0;0;1.0000;0;0
600;2015-08-09 19:20:00;172602N232;425;35.296;44;222;223;224;220;0.813;49.99;348.8;0.326;398.0;0.775;0.0;0.000;60;0;0;0.781;0.859;0.800;123;152;148;49.99;49.99;49.99;4011;1000;0.0;0;1.0000;0;0
600;2015-08-09 19:30:00;172602N232;273;35.341;43;222;222;224;221;1.095;49.98;364.2;0.253;319.1;0.545;0.0;0.000;60;0;0;1.136;1.240;0.910;81;92;98;49.98;49.98;49.98;4011;1000;0.0;0;1.0000;0;0
600;2015-08-09 19:40:00;172602N232;195;35.374;43;222;221;225;221;0.976;49.99;368.3;0.221;373.8;0.279;0.0;0.000;60;0;0;0.961;1.225;0.742;79;39;75;49.99;49.99;49.99;4011;1000;0.0;0;1.0000;0;0
600;2015-08-09 19:50:00;172602N232;164;35.402;43;223;222;225;222;0.981;49.99;327.3;0.234;370.7;0.216;0.0;0.000;60;0;0;0.857;1.341;0.745;45;48;70;49.99;49.99;49.99;4011;1000;0.0;0;1.0000;0;0
600;2015-08-09 20:00:00;172602N232;125;35.422;42;223;222;225;222;0.944;49.99;301.4;0.158;367.1;0.199;0.0;0.000;60;0;0;0.929;1.178;0.725;40;25;58;49.99;49.99;49.99;4011;1000;0.0;0;1.0000;0;0
600;2015-08-09 20:10:00;172602N232;72;35.435;42;223;222;224;223;0.831;49.99;354.8;0.068;374.1;0.093;0.0;0.000;60;0;0;0.812;1.012;0.670;18;12;39;49.99;49.99;49.99;4011;1000;0.0;0;1.0000;0;0
600;2015-08-09 20:20:00;172602N232;44;35.443;41;223;223;225;223;0.755;49.98;336.6;0.040;352.7;0.052;0.0;0.000;60;0;0;0.673;1.020;0.572;12;0;37;49.98;49.98;49.98;4011;1000;0.0;0;1.0000;0;0
600;2015-08-09 20:30:00;172602N232;20;35.445;41;223;223;226;220;0.416;49.99;284.4;0.012;304.3;0.021;0.0;0.000;60;0;0;0.368;0.591;0.290;9;0;20;49.99;49.99;49.99;4011;1000;0.0;0;1.0000;0;0
600;2015-08-09 20:40:00;172602N232;1;35.446;40;222;222;225;218;0.080;50.00;251.3;0.000;252.1;0.000;0.0;0.000;60;0;0;0.069;0.115;0.057;0;0;3;50.00;50.00;50.00;4011;1000;0.0;0;1.0000;0;0
600;2015-08-09 20:50:00;172602N232;0;35.446;39;222;223;225;218;0.000;49.99;268.3;0.000;268.2;0.000;0.0;0.000;51;0;0;0.000;0.000;0.000;0;0;0;49.99;49.99;49.99;13994;1000;0.0;0;1.0000;0;0
600;2015-08-09 21:00:00;172602N232;0;35.446;38;222;223;224;219;0.000;50.00;228.7;0.000;229.6;0.000;0.0;0.000;51;0;0;0.000;0.000;0.000;0;0;0;50.00;50.00;50.00;15039;1000;0.0;0;1.0000;0;0
600;2015-08-09 21:10:00;172602N232;0;35.446;37;222;222;224;220;0.000;50.01;226.4;0.000;227.3;0.000;0.0;0.000;51;0;0;0.000;0.000;0.000;0;0;0;50.01;50.01;50.01;15039;1000;0.0;0;1.0000;0;0
[wr_ende]
