20160624;230004;172602N232;My Plant;+0100
[wr_def_start]
172602N232;Inverter Type;Inverter Group;72602N232      
[wr_def_end]
[wr]
INTERVAL;TIMESTAMP;SERIAL;P_AC;E_DAY;T_WR;U_AC;U_AC_1;U_AC_2;U_AC_3;I_AC;F_AC;U_DC_1;I_DC_1;U_DC_2;I_DC_2;U_DC_3;I_DC_3;S;E_WR;M_WR;I_AC_1;I_AC_2;I_AC_3;P_AC_1;P_AC_2;P_AC_3;F_AC_1;F_AC_2;F_AC_3;R_DC;PC;PCS;PCS_LL;COS_PHI;COS_PHI_LL;S_COS_PHI
600;2016-06-24 03:30:00;172602N232;0;0.000;0;4;4;5;4;0.000;1.10;4.9;0.000;5.0;0.000;0.0;0.000;50;0;0;0.000;0.000;0.000;0;0;0;1.09;1.09;1.09;108;1000;0.0;0;1.0000;0;0
600;2016-06-24 03:40:00;172602N232;0;0.000;28;225;226;228;222;0.000;50.00;228.7;0.000;229.6;0.000;0.0;0.000;50;0;0;0.000;0.000;0.000;0;0;0;50.00;50.00;50.00;0;1000;0.0;0;1.0000;0;0
600;2016-06-24 03:50:00;172602N232;0;0.000;30;225;225;228;222;0.000;50.01;230.2;0.000;231.1;0.000;0.0;0.000;50;0;0;0.000;0.000;0.000;0;0;0;50.01;50.01;50.01;0;1000;0.0;0;1.0000;0;0
600;2016-06-24 04:00:00;172602N232;0;0.000;31;225;225;228;222;0.000;50.02;230.3;0.000;231.2;0.000;0.0;0.000;50;0;0;0.000;0.000;0.000;0;0;0;50.02;50.02;50.02;0;1000;0.0;0;1.0000;0;0
600;2016-06-24 04:10:00;172602N232;0;0.000;31;224;225;228;217;0.000;50.00;267.8;0.000;267.4;0.000;0.0;0.000;50;0;0;0.000;0.000;0.000;0;0;0;50.00;50.00;50.00;0;1000;0.0;0;1.0000;0;0
600;2016-06-24 04:20:00;172602N232;0;0.000;32;223;226;228;217;0.000;50.02;304.6;0.000;302.2;0.000;0.0;0.000;60;0;0;0.001;0.000;0.000;0;0;0;50.02;50.02;50.02;1081;1000;0.0;0;1.0000;0;0
600;2016-06-24 04:30:00;172602N232;4;0.002;32;223;227;227;215;0.151;50.01;252.8;0.000;253.0;0.000;0.0;0.000;60;0;0;0.230;0.113;0.112;0;6;7;50.01;50.01;50.01;2866;1000;0.0;0;1.0000;0;0
600;2016-06-24 04:40:00;172602N232;33;0.010;32;223;227;226;214;0.467;50.02;316.1;0.031;322.1;0.032;0.0;0.000;60;0;0;0.683;0.385;0.334;0;27;27;50.02;50.02;50.02;2866;1000;0.0;0;1.0000;0;0
600;2016-06-24 04:50:00;172602N232;75;0.026;33;224;228;228;215;0.782;50.04;363.3;0.086;369.9;0.083;0.0;0.000;60;0;0;1.110;0.676;0.562;0;39;49;50.04;50.04;50.04;2866;1000;0.0;0;1.0000;0;0
600;2016-06-24 05:00:00;172602N232;65;0.040;33;223;227;227;214;0.731;50.03;358.7;0.072;366.3;0.070;0.0;0.000;60;0;0;1.018;0.656;0.520;0;38;44;50.03;50.03;50.03;2866;1000;0.0;0;1.0000;0;0
600;2016-06-24 05:10:00;172602N232;73;0.055;33;223;227;227;215;0.790;50.04;361.6;0.082;366.8;0.081;0.0;0.000;60;0;0;1.097;0.705;0.570;0;37;50;50.04;50.04;50.04;2866;1000;0.0;0;1.0000;0;0
600;2016-06-24 05:20:00;172602N232;117;0.073;34;223;227;227;214;0.875;50.05;378.4;0.137;379.6;0.136;0.0;0.000;60;0;0;1.086;0.866;0.673;5;44;66;50.05;50.05;50.05;2866;1000;0.0;0;1.0000;0;0
600;2016-06-24 05:30:00;172602N232;130;0.094;34;222;226;227;213;0.962;50.05;381.6;0.155;383.0;0.151;0.0;0.000;60;0;0;1.185;0.922;0.780;5;44;78;50.05;50.05;50.05;2866;1000;0.0;0;1.0000;0;0
600;2016-06-24 05:40:00;172602N232;137;0.117;34;221;225;225;212;0.974;50.00;382.7;0.163;383.4;0.160;0.0;0.000;60;0;0;1.241;0.893;0.788;3;52;81;50.00;50.00;50.00;2866;1000;0.0;0;1.0000;0;0
600;2016-06-24 05:50:00;172602N232;193;0.145;35;222;227;227;214;1.086;49.99;390.7;0.233;391.2;0.227;0.0;0.000;60;0;0;1.617;0.864;0.777;25;74;95;49.99;49.99;49.99;2866;1000;0.0;0;1.0000;0;0
600;2016-06-24 06:00:00;172602N232;222;0.176;35;224;226;228;217;1.141;49.99;395.1;0.271;396.3;0.260;0.0;0.000;60;0;0;1.452;1.247;0.725;39;91;90;49.99;49.99;49.99;2866;1000;0.0;0;1.0000;0;0
600;2016-06-24 06:10:00;172602N232;294;0.224;35;224;224;225;221;1.167;50.01;402.0;0.360;400.9;0.343;0.0;0.000;60;0;0;1.296;1.250;0.957;82;113;98;50.01;50.01;50.01;2866;1000;0.0;0;1.0000;0;0
600;2016-06-24 06:20:00;172602N232;348;0.283;35;223;222;225;223;1.201;50.02;408.7;0.428;399.9;0.406;0.0;0.000;60;0;0;1.254;1.286;1.064;108;120;119;50.02;50.02;50.02;2866;1000;0.0;0;1.0000;0;0
600;2016-06-24 06:30:00;172602N232;573;0.378;36;222;221;224;221;1.012;50.03;414.0;0.707;408.1;0.668;0.0;0.000;60;0;0;0.969;1.056;1.012;178;201;192;50.03;50.03;50.03;2866;1000;0.0;0;1.0000;0;0
600;2016-06-24 06:40:00;172602N232;825;0.516;36;222;221;224;220;1.282;49.99;421.0;1.029;402.7;0.962;0.0;0.000;60;0;0;1.225;1.329;1.293;261;287;275;49.99;49.99;49.99;2866;1000;0.0;0;1.0000;0;0
600;2016-06-24 06:50:00;172602N232;865;0.661;37;221;220;224;220;1.362;49.99;419.5;1.091;404.4;0.997;0.0;0.000;60;0;0;1.296;1.420;1.371;271;303;289;49.99;49.99;49.99;2866;1000;0.0;0;1.0000;0;0
600;2016-06-24 07:00:00;172602N232;671;0.773;37;222;221;222;222;1.053;49.99;408.0;0.853;404.6;0.782;0.0;0.000;60;0;0;0.999;1.088;1.072;210;232;227;49.99;49.99;49.99;2866;1000;0.0;0;1.0000;0;0
600;2016-06-24 07:10:00;172602N232;500;0.856;38;224;224;225;224;0.881;49.99;400.5;0.644;400.2;0.588;0.0;0.000;60;0;0;0.845;0.915;0.883;156;175;167;49.99;49.99;49.99;2866;1000;0.0;0;1.0000;0;0
600;2016-06-24 07:20:00;172602N232;375;0.920;38;225;224;225;225;1.037;50.00;398.4;0.469;401.3;0.440;0.0;0.000;60;0;0;1.091;1.050;0.971;115;139;119;50.00;50.00;50.00;2866;1000;0.0;0;1.0000;0;0
600;2016-06-24 07:30:00;172602N232;248;0.960;38;224;224;225;224;1.088;50.01;391.6;0.305;390.9;0.298;0.0;0.000;60;0;0;1.165;1.059;1.042;69;87;91;50.01;50.01;50.01;2866;1000;0.0;0;1.0000;0;0
600;2016-06-24 07:40:00;172602N232;272;1.006;38;225;224;226;225;1.112;49.98;394.6;0.333;394.3;0.324;0.0;0.000;60;0;0;1.057;1.256;1.023;82;94;94;49.98;49.98;49.98;2866;1000;0.0;0;1.0000;0;0
600;2016-06-24 07:50:00;172602N232;402;1.074;38;225;224;226;225;1.141;49.98;402.2;0.495;402.6;0.477;0.0;0.000;60;0;0;1.115;1.224;1.084;124;141;135;49.98;49.98;49.98;2866;1000;0.0;0;1.0000;0;0
600;2016-06-24 08:00:00;172602N232;567;1.167;38;225;225;226;224;1.144;49.98;407.5;0.703;408.6;0.667;0.0;0.000;60;0;0;1.221;1.088;1.123;188;189;188;49.98;49.98;49.98;2866;1000;0.0;0;1.0000;0;0
600;2016-06-24 08:10:00;172602N232;940;1.324;38;226;226;227;225;1.464;49.99;414.0;1.200;407.3;1.084;0.0;0.000;60;0;0;1.434;1.493;1.466;301;323;314;49.99;49.99;49.99;2866;1000;0.0;0;1.0000;0;0
600;2016-06-24 08:20:00;172602N232;1195;1.524;38;226;226;227;226;1.826;50.00;413.5;1.524;413.2;1.373;0.0;0.000;60;0;0;1.776;1.853;1.849;385;407;402;50.00;50.00;50.00;2866;1000;0.0;0;1.0000;0;0
600;2016-06-24 08:30:00;172602N232;1274;1.737;39;227;226;229;227;1.931;50.01;406.6;1.780;399.0;1.390;0.0;0.000;60;0;0;1.871;1.978;1.946;408;438;426;50.01;50.01;50.01;2866;1000;0.0;0;1.0000;0;0
600;2016-06-24 08:40:00;172602N232;1444;1.978;39;227;226;229;226;2.168;49.99;404.0;2.170;394.9;1.455;0.0;0.000;60;0;0;2.116;2.215;2.173;466;496;480;49.99;49.99;49.99;2866;1000;0.0;0;1.0000;0;0
600;2016-06-24 08:50:00;172602N232;2063;2.321;39;227;225;229;227;3.055;50.00;400.9;3.018;401.4;2.166;0.0;0.000;60;0;0;2.982;3.119;3.065;666;708;688;50.00;50.00;50.00;2866;1000;0.0;0;1.0000;0;0
600;2016-06-24 09:00:00;172602N232;1098;2.504;40;226;225;228;225;1.663;50.01;396.4;1.490;397.9;1.274;0.0;0.000;60;0;0;1.606;1.711;1.674;350;380;367;50.01;50.01;50.01;2866;1000;0.0;0;1.0000;0;0
600;2016-06-24 09:10:00;172602N232;1612;2.772;40;226;225;228;225;2.412;50.01;402.1;2.315;397.5;1.731;0.0;0.000;60;0;0;2.356;2.465;2.415;520;553;535;50.01;50.01;50.01;2866;1000;0.0;0;1.0000;0;0
600;2016-06-24 09:20:00;172602N232;2223;3.143;40;226;226;229;223;3.297;50.01;397.1;3.433;360.8;2.518;0.0;0.000;60;0;0;3.245;3.381;3.265;728;768;724;50.01;50.01;50.01;2866;1000;0.0;0;1.0000;0;0
600;2016-06-24 09:30:00;172602N232;2114;3.496;41;225;226;227;221;3.157;50.00;391.8;3.185;368.2;2.502;0.0;0.000;60;0;0;3.119;3.245;3.109;699;731;682;50.00;50.00;50.00;2866;1000;0.0;0;1.0000;0;0
600;2016-06-24 09:40:00;172602N232;1962;3.822;41;224;225;228;220;2.945;50.00;394.9;2.819;384.2;2.292;0.0;0.000;60;0;0;2.906;3.030;2.900;646;684;633;50.00;50.00;50.00;2866;1000;0.0;0;1.0000;0;0
600;2016-06-24 09:50:00;172602N232;2104;4.173;41;224;225;228;220;3.143;49.99;396.6;2.874;394.0;2.512;0.0;0.000;60;0;0;3.092;3.243;3.096;690;732;678;49.99;49.99;49.99;2866;1000;0.0;0;1.0000;0;0
600;2016-06-24 10:00:00;172602N232;2094;4.523;42;224;225;227;222;3.127;49.99;396.4;2.863;390.5;2.518;0.0;0.000;60;0;0;3.076;3.208;3.097;686;726;682;49.99;49.99;49.99;2866;1000;0.0;0;1.0000;0;0
600;2016-06-24 10:10:00;172602N232;1527;4.778;42;224;224;226;222;2.299;49.99;399.1;1.998;402.4;1.832;0.0;0.000;60;0;0;2.255;2.349;2.293;498;524;503;49.99;49.99;49.99;2866;1000;0.0;0;1.0000;0;0
600;2016-06-24 10:20:00;172602N232;2392;5.177;42;225;224;227;223;3.565;50.00;399.2;3.145;400.0;2.920;0.0;0.000;60;0;0;3.492;3.641;3.562;777;824;790;50.00;50.00;50.00;2866;1000;0.0;0;1.0000;0;0
600;2016-06-24 10:30:00;172602N232;912;5.329;42;223;223;225;222;1.401;49.99;393.3;1.212;395.9;1.095;0.0;0.000;60;0;0;1.348;1.447;1.409;290;316;304;49.99;49.99;49.99;2866;1000;0.0;0;1.0000;0;0
600;2016-06-24 10:40:00;172602N232;2305;5.713;42;224;225;227;221;3.437;49.98;403.3;2.958;409.2;2.769;0.0;0.000;60;0;0;3.401;3.517;3.395;760;794;748;49.98;49.98;49.98;2866;1000;0.0;0;1.0000;0;0
600;2016-06-24 10:50:00;172602N232;1652;5.989;42;224;224;226;223;2.468;49.99;401.7;2.117;405.3;2.002;0.0;0.000;60;0;0;2.420;2.524;2.461;539;567;544;49.99;49.99;49.99;2866;1000;0.0;0;1.0000;0;0
600;2016-06-24 11:00:00;172602N232;1733;6.277;42;225;225;227;223;2.594;49.98;403.5;2.211;406.8;2.090;0.0;0.000;60;0;0;2.544;2.652;2.586;564;596;571;49.98;49.98;49.98;2866;1000;0.0;0;1.0000;0;0
600;2016-06-24 11:10:00;172602N232;2367;6.672;42;226;225;229;224;3.511;50.00;397.9;3.078;406.4;2.857;0.0;0.000;60;0;0;3.448;3.598;3.488;771;818;775;50.00;50.00;50.00;2866;1000;0.0;0;1.0000;0;0
600;2016-06-24 11:20:00;172602N232;2875;7.152;43;227;225;230;224;4.243;50.02;394.5;3.775;404.9;3.509;0.0;0.000;60;0;0;4.160;4.348;4.221;933;997;944;50.02;50.02;50.02;2866;1000;0.0;0;1.0000;0;0
600;2016-06-24 11:30:00;172602N232;2704;7.603;43;227;225;231;225;3.980;50.00;390.0;3.631;400.7;3.306;0.0;0.000;60;0;0;3.900;4.085;3.955;877;940;886;50.00;50.00;50.00;2866;1000;0.0;0;1.0000;0;0
600;2016-06-24 11:40:00;172602N232;3280;8.149;43;227;226;231;226;4.813;50.01;386.1;4.344;393.3;4.216;0.0;0.000;60;0;0;4.725;4.923;4.791;1065;1134;1078;50.01;50.01;50.01;2866;1000;0.0;0;1.0000;0;0
600;2016-06-24 11:50:00;172602N232;2470;8.561;44;227;225;230;225;3.641;49.99;381.9;3.322;388.2;3.174;0.0;0.000;60;0;0;3.569;3.730;3.626;801;853;813;49.99;49.99;49.99;2866;1000;0.0;0;1.0000;0;0
600;2016-06-24 12:00:00;172602N232;2461;8.972;43;227;225;231;225;3.628;50.00;388.6;3.268;393.5;3.097;0.0;0.000;60;0;0;3.544;3.733;3.607;793;862;806;50.00;50.00;50.00;2866;1000;0.0;0;1.0000;0;0
600;2016-06-24 12:10:00;172602N232;3555;9.564;43;228;226;232;226;5.202;50.01;374.6;4.859;379.7;4.734;0.0;0.000;60;0;0;5.085;5.358;5.165;1144;1244;1165;50.01;50.01;50.01;2866;1000;0.0;0;1.0000;0;0
600;2016-06-24 12:20:00;172602N232;3884;10.212;44;228;225;233;226;5.678;50.01;376.4;5.260;379.6;5.215;0.0;0.000;60;0;0;5.556;5.845;5.635;1249;1364;1272;50.01;50.01;50.01;2866;1000;0.0;0;1.0000;0;0
600;2016-06-24 12:30:00;172602N232;1893;10.528;44;226;224;229;224;2.819;49.98;382.8;2.546;385.1;2.464;0.0;0.000;60;0;0;2.740;2.905;2.813;607;659;625;49.98;49.98;49.98;2866;1000;0.0;0;1.0000;0;0
600;2016-06-24 12:40:00;172602N232;2079;10.874;44;225;223;229;224;3.100;49.99;392.5;2.697;395.1;2.632;0.0;0.000;60;0;0;3.011;3.192;3.098;666;724;687;49.99;49.99;49.99;2866;1000;0.0;0;1.0000;0;0
600;2016-06-24 12:50:00;172602N232;1221;11.079;43;224;222;228;223;1.908;50.01;388.5;1.577;393.2;1.513;0.0;0.000;60;0;0;1.812;2.002;1.910;385;430;403;50.01;50.01;50.01;2866;1000;0.0;0;1.0000;0;0
600;2016-06-24 13:00:00;172602N232;4305;11.797;43;228;225;233;225;6.300;49.99;379.6;5.805;381.9;5.738;0.0;0.000;60;0;0;6.166;6.515;6.220;1390;1518;1397;49.99;49.99;49.99;2866;1000;0.0;0;1.0000;0;0
600;2016-06-24 13:10:00;172602N232;3143;12.320;44;226;226;230;223;4.625;49.99;368.6;4.374;369.9;4.331;0.0;0.000;60;0;0;4.544;4.776;4.556;1022;1104;1016;49.99;49.99;49.99;2866;1000;0.0;0;1.0000;0;0
600;2016-06-24 13:20:00;172602N232;1286;12.537;44;225;225;228;223;1.936;49.99;378.3;1.710;382.6;1.663;0.0;0.000;60;0;0;1.881;1.998;1.930;414;449;422;49.99;49.99;49.99;2866;1000;0.0;0;1.0000;0;0
600;2016-06-24 13:30:00;172602N232;3365;13.096;44;227;226;231;225;4.930;49.99;384.0;4.469;386.0;4.451;0.0;0.000;60;0;0;4.831;5.088;4.872;1091;1177;1094;49.99;49.99;49.99;2866;1000;0.0;0;1.0000;0;0
600;2016-06-24 13:40:00;172602N232;4415;13.832;44;229;227;233;226;6.429;49.99;366.6;6.144;366.3;6.136;0.0;0.000;60;0;0;6.320;6.625;6.343;1436;1547;1433;49.99;49.99;49.99;2866;1000;0.0;0;1.0000;0;0
600;2016-06-24 13:50:00;172602N232;4025;14.503;45;228;227;233;226;5.866;50.00;369.3;5.570;368.3;5.574;0.0;0.000;60;0;0;5.750;6.030;5.819;1302;1404;1316;50.00;50.00;50.00;2866;1000;0.0;0;1.0000;0;0
600;2016-06-24 14:00:00;172602N232;4055;15.180;45;229;226;233;227;5.910;50.00;361.9;5.709;363.1;5.668;0.0;0.000;60;0;0;5.775;6.077;5.880;1304;1416;1332;50.00;50.00;50.00;2866;1000;0.0;0;1.0000;0;0
600;2016-06-24 14:10:00;172602N232;3596;15.778;45;228;226;232;226;5.262;50.00;371.7;4.902;372.0;4.945;0.0;0.000;60;0;0;5.158;5.415;5.215;1164;1254;1175;50.00;50.00;50.00;2866;1000;0.0;0;1.0000;0;0
600;2016-06-24 14:20:00;172602N232;2491;16.193;45;227;226;230;225;3.663;50.00;374.7;3.385;371.3;3.356;0.0;0.000;60;0;0;3.585;3.763;3.643;807;867;814;50.00;50.00;50.00;2866;1000;0.0;0;1.0000;0;0
600;2016-06-24 14:30:00;172602N232;4339;16.916;45;229;228;233;226;6.307;50.00;370.3;5.982;373.1;5.934;0.0;0.000;60;0;0;6.207;6.503;6.213;1415;1518;1403;50.00;50.00;50.00;2866;1000;0.0;0;1.0000;0;0
600;2016-06-24 14:40:00;172602N232;2824;17.387;46;228;226;232;226;4.130;50.01;373.6;3.854;369.4;3.901;0.0;0.000;60;0;0;4.025;4.247;4.119;909;987;929;50.01;50.01;50.01;2866;1000;0.0;0;1.0000;0;0
600;2016-06-24 14:50:00;172602N232;1514;17.640;45;227;225;230;226;2.260;50.00;382.4;1.964;383.0;2.021;0.0;0.000;60;0;0;2.196;2.319;2.267;486;524;503;50.00;50.00;50.00;2866;1000;0.0;0;1.0000;0;0
600;2016-06-24 15:00:00;172602N232;4342;18.363;45;229;228;234;225;6.321;49.99;377.6;5.858;378.2;5.850;0.0;0.000;60;0;0;6.236;6.519;6.210;1421;1520;1397;49.99;49.99;49.99;2866;1000;0.0;0;1.0000;0;0
600;2016-06-24 15:10:00;172602N232;4510;19.115;45;228;232;235;218;6.588;50.01;366.2;6.275;368.2;6.254;0.0;0.000;60;0;0;6.610;6.894;6.261;1530;1617;1362;50.01;50.01;50.01;2866;1000;0.0;0;1.0000;0;0
600;2016-06-24 15:20:00;172602N232;3273;19.661;46;227;231;233;217;4.804;50.02;368.7;4.543;366.0;4.567;0.0;0.000;60;0;0;4.802;5.024;4.587;1106;1170;994;50.02;50.02;50.02;2866;1000;0.0;0;1.0000;0;0
600;2016-06-24 15:30:00;172602N232;3750;20.285;46;228;232;234;217;5.486;50.01;374.7;5.086;374.9;5.109;0.0;0.000;60;0;0;5.497;5.749;5.213;1272;1347;1129;50.01;50.01;50.01;2866;1000;0.0;0;1.0000;0;0
600;2016-06-24 15:40:00;172602N232;2104;20.635;46;226;230;231;216;3.124;49.99;376.6;2.809;377.7;2.846;0.0;0.000;60;0;0;3.116;3.268;2.990;709;750;643;49.99;49.99;49.99;2866;1000;0.0;0;1.0000;0;0
600;2016-06-24 15:50:00;172602N232;3482;21.216;46;228;231;234;217;5.103;50.00;381.0;4.615;385.2;4.679;0.0;0.000;60;0;0;5.092;5.351;4.867;1174;1250;1055;50.00;50.00;50.00;2866;1000;0.0;0;1.0000;0;0
600;2016-06-24 16:00:00;172602N232;4249;21.924;46;228;232;235;218;6.195;49.99;358.9;5.916;368.1;5.997;0.0;0.000;60;0;0;6.195;6.508;5.883;1438;1530;1277;49.99;49.99;49.99;2866;1000;0.0;0;1.0000;0;0
600;2016-06-24 16:10:00;172602N232;1640;22.198;46;226;231;232;216;2.486;50.00;372.8;2.196;376.7;2.225;0.0;0.000;60;0;0;2.497;2.600;2.363;552;592;497;50.00;50.00;50.00;2866;1000;0.0;0;1.0000;0;0
600;2016-06-24 16:20:00;172602N232;1469;22.443;45;226;231;228;218;2.240;50.01;382.4;1.933;389.4;1.895;0.0;0.000;60;0;0;2.249;2.313;2.158;494;515;457;50.01;50.01;50.01;2866;1000;0.0;0;1.0000;0;0
600;2016-06-24 16:30:00;172602N232;2331;22.832;45;227;232;231;218;3.458;50.00;380.5;3.070;386.5;3.061;0.0;0.000;60;0;0;3.467;3.600;3.309;790;826;713;50.00;50.00;50.00;2866;1000;0.0;0;1.0000;0;0
600;2016-06-24 16:40:00;172602N232;2140;23.188;45;227;227;229;224;3.173;50.00;381.2;2.769;388.6;2.829;0.0;0.000;60;0;0;3.126;3.251;3.144;702;742;695;50.00;50.00;50.00;2866;1000;0.0;0;1.0000;0;0
600;2016-06-24 16:50:00;172602N232;1746;23.480;44;227;227;228;226;2.602;49.99;376.0;2.296;385.9;2.310;0.0;0.000;60;0;0;2.549;2.646;2.613;566;597;583;49.99;49.99;49.99;2866;1000;0.0;0;1.0000;0;0
600;2016-06-24 17:00:00;172602N232;1608;23.747;44;227;227;228;226;2.396;50.01;385.3;2.046;393.6;2.096;0.0;0.000;60;0;0;2.345;2.441;2.403;522;549;535;50.01;50.01;50.01;2866;1000;0.0;0;1.0000;0;0
600;2016-06-24 17:10:00;172602N232;3254;24.289;44;229;229;232;227;4.750;49.99;379.2;4.230;387.8;4.360;0.0;0.000;60;0;0;4.692;4.857;4.702;1069;1123;1061;49.99;49.99;49.99;2866;1000;0.0;0;1.0000;0;0
600;2016-06-24 17:20:00;172602N232;2111;24.642;44;228;229;230;226;3.110;50.00;369.8;2.827;384.1;2.837;0.0;0.000;60;0;0;3.068;3.168;3.094;693;723;693;50.00;50.00;50.00;2866;1000;0.0;0;1.0000;0;0
600;2016-06-24 17:30:00;172602N232;1400;24.875;44;228;229;229;227;2.092;50.03;369.8;1.858;385.6;1.872;0.0;0.000;60;0;0;2.055;2.128;2.095;456;478;464;50.03;50.03;50.03;2866;1000;0.0;0;1.0000;0;0
600;2016-06-24 17:40:00;172602N232;1431;25.115;44;228;229;228;226;2.157;50.01;385.8;1.844;395.0;1.848;0.0;0.000;60;0;0;2.137;2.195;2.140;470;489;470;50.01;50.01;50.01;2866;1000;0.0;0;1.0000;0;0
600;2016-06-24 17:50:00;172602N232;1690;25.397;44;227;228;228;227;2.517;49.99;375.5;2.214;392.8;2.211;0.0;0.000;60;0;0;2.487;2.553;2.511;556;575;558;49.99;49.99;49.99;2866;1000;0.0;0;1.0000;0;0
600;2016-06-24 18:00:00;172602N232;502;25.480;44;227;226;227;227;0.975;49.99;380.0;0.649;389.1;0.637;0.0;0.000;60;0;0;0.944;1.014;0.968;156;176;168;49.99;49.99;49.99;2866;1000;0.0;0;1.0000;0;0
600;2016-06-24 18:10:00;172602N232;511;25.565;43;226;225;227;226;0.874;50.00;395.9;0.639;395.8;0.633;0.0;0.000;60;0;0;0.826;0.912;0.885;157;180;172;50.00;50.00;50.00;2866;1000;0.0;0;1.0000;0;0
600;2016-06-24 18:20:00;172602N232;318;25.618;43;222;223;224;219;0.924;50.00;389.6;0.394;390.8;0.387;0.0;0.000;60;0;0;1.020;0.966;0.786;83;119;114;50.00;50.00;50.00;2866;1000;0.0;0;1.0000;0;0
600;2016-06-24 18:30:00;172602N232;97;25.635;43;222;219;225;221;0.906;50.00;352.8;0.119;366.0;0.117;0.0;0.000;60;0;0;0.691;1.343;0.684;48;3;59;50.00;50.00;50.00;2866;1000;0.0;0;1.0000;0;0
600;2016-06-24 18:40:00;172602N232;182;25.666;42;223;220;225;223;0.999;50.01;377.3;0.218;382.2;0.226;0.0;0.000;60;0;0;0.826;1.411;0.760;66;46;70;50.01;50.01;50.01;2866;1000;0.0;0;1.0000;0;0
600;2016-06-24 18:50:00;172602N232;341;25.724;42;223;221;226;223;1.133;49.99;392.7;0.407;396.6;0.426;0.0;0.000;60;0;0;1.058;1.336;1.006;114;109;116;49.99;49.99;49.99;2866;1000;0.0;0;1.0000;0;0
600;2016-06-24 19:00:00;172602N232;885;25.871;42;224;223;226;224;1.371;49.99;414.4;0.968;404.3;1.193;0.0;0.000;60;0;0;1.310;1.438;1.367;280;308;295;49.99;49.99;49.99;2866;1000;0.0;0;1.0000;0;0
600;2016-06-24 19:10:00;172602N232;760;25.997;42;225;225;226;223;1.166;50.00;408.1;0.909;410.3;0.935;0.0;0.000;60;0;0;1.114;1.208;1.178;240;264;254;50.00;50.00;50.00;2866;1000;0.0;0;1.0000;0;0
600;2016-06-24 19:20:00;172602N232;703;26.114;42;225;224;226;223;1.085;50.00;406.3;0.849;414.4;0.848;0.0;0.000;60;0;0;1.024;1.133;1.099;219;246;236;50.00;50.00;50.00;2866;1000;0.0;0;1.0000;0;0
600;2016-06-24 19:30:00;172602N232;672;26.228;42;224;224;225;224;1.051;50.01;402.2;0.820;412.1;0.813;0.0;0.000;60;0;0;1.004;1.088;1.063;210;234;227;50.01;50.01;50.01;2866;1000;0.0;0;1.0000;0;0
600;2016-06-24 19:40:00;172602N232;562;26.321;42;224;224;226;222;0.877;50.02;399.2;0.698;408.5;0.676;0.0;0.000;60;0;0;0.823;0.923;0.887;174;198;189;50.02;50.02;50.02;2866;1000;0.0;0;1.0000;0;0
600;2016-06-24 19:50:00;172602N232;440;26.394;42;224;225;227;221;0.701;50.03;399.9;0.549;404.2;0.523;0.0;0.000;60;0;0;0.649;0.749;0.705;133;158;147;50.03;50.03;50.03;2866;1000;0.0;0;1.0000;0;0
600;2016-06-24 20:00:00;172602N232;386;26.460;42;225;225;227;222;0.901;50.02;400.0;0.475;401.5;0.461;0.0;0.000;60;0;0;0.910;0.944;0.849;110;139;135;50.02;50.02;50.02;2866;1000;0.0;0;1.0000;0;0
600;2016-06-24 20:10:00;172602N232;277;26.506;42;225;225;227;222;1.143;50.01;395.7;0.339;397.2;0.326;0.0;0.000;60;0;0;1.262;1.280;0.888;68;101;106;50.01;50.01;50.01;2866;1000;0.0;0;1.0000;0;0
600;2016-06-24 20:20:00;172602N232;295;26.555;42;225;225;226;223;1.145;50.00;387.7;0.363;395.2;0.361;0.0;0.000;60;0;0;1.233;1.234;0.969;81;109;103;50.00;50.00;50.00;2866;1000;0.0;0;1.0000;0;0
600;2016-06-24 20:30:00;172602N232;195;26.588;42;225;226;227;223;1.065;49.99;380.3;0.239;387.2;0.234;0.0;0.000;60;0;0;1.282;1.099;0.814;40;66;87;49.99;49.99;49.99;2866;1000;0.0;0;1.0000;0;0
600;2016-06-24 20:40:00;172602N232;110;26.606;42;225;225;227;223;0.940;49.99;371.3;0.130;376.0;0.129;0.0;0.000;60;0;0;1.181;0.932;0.707;11;35;62;49.99;49.99;49.99;2866;1000;0.0;0;1.0000;0;0
600;2016-06-24 20:50:00;172602N232;62;26.616;42;225;225;227;224;0.894;50.01;351.9;0.069;361.9;0.069;0.0;0.000;60;0;0;1.002;0.998;0.684;5;12;49;50.01;50.01;50.01;2866;1000;0.0;0;1.0000;0;0
600;2016-06-24 21:00:00;172602N232;42;26.625;41;224;228;228;217;0.585;50.00;333.6;0.041;341.6;0.043;0.0;0.000;60;0;0;0.735;0.571;0.451;0;25;36;50.00;50.00;50.00;2866;1000;0.0;0;1.0000;0;0
600;2016-06-24 21:10:00;172602N232;13;26.627;41;224;229;228;215;0.350;50.01;275.7;0.005;271.8;0.009;0.0;0.000;60;0;0;0.512;0.294;0.244;0;18;17;50.01;50.01;50.01;2866;1000;0.0;0;1.0000;0;0
600;2016-06-24 21:20:00;172602N232;1;26.628;41;224;228;228;215;0.119;50.02;251.4;0.000;251.5;0.000;0.0;0.000;60;0;0;0.193;0.086;0.079;0;4;4;50.02;50.02;50.02;2866;1000;0.0;0;1.0000;0;0
600;2016-06-24 21:30:00;172602N232;0;26.627;40;224;228;228;215;0.002;49.98;262.4;0.000;262.0;0.000;0.0;0.000;60;0;0;0.008;0.000;0.000;0;0;0;49.98;49.98;49.98;6137;1000;0.0;0;1.0000;0;0
600;2016-06-24 21:40:00;172602N232;0;26.627;39;224;225;227;219;0.000;50.01;243.8;0.000;244.2;0.000;0.0;0.000;50;0;0;0.001;0.000;0.000;0;0;0;50.01;50.01;50.01;8351;1000;0.0;0;1.0000;0;0
600;2016-06-24 21:50:00;172602N232;0;26.627;39;223;225;227;218;0.000;50.01;230.4;0.000;231.3;0.000;0.0;0.000;50;0;0;0.000;0.000;0.000;0;0;0;50.01;50.01;50.01;8351;1000;0.0;0;1.0000;0;0
600;2016-06-24 22:00:00;172602N232;0;26.627;38;224;225;227;219;0.000;49.99;227.4;0.000;228.3;0.000;0.0;0.000;50;0;0;0.000;0.000;0.000;0;0;0;49.99;49.99;49.99;8351;1000;0.0;0;1.0000;0;0
[wr_ende]
