20150904;230000;172602N232;My Plant;+0100
[wr_def_start]
172602N232;Inverter Type;Inverter Group;72602N232      
[wr_def_end]
[wr]
INTERVAL;TIMESTAMP;SERIAL;P_AC;E_DAY;T_WR;U_AC;U_AC_1;U_AC_2;U_AC_3;I_AC;F_AC;U_DC_1;I_DC_1;U_DC_2;I_DC_2;U_DC_3;I_DC_3;S;E_WR;M_WR;I_AC_1;I_AC_2;I_AC_3;P_AC_1;P_AC_2;P_AC_3;F_AC_1;F_AC_2;F_AC_3;R_DC;PC;PCS;PCS_LL;COS_PHI;COS_PHI_LL;S_COS_PHI
600;2015-09-04 05:40:00;172602N232;0;0.000;0;4;4;4;4;0.000;1.00;4.4;0.000;4.4;0.000;0.0;0.000;50;0;0;0.000;0.000;0.000;0;0;0;1.00;1.00;1.00;49;1000;0.0;0;1.0000;0;0
600;2015-09-04 05:50:00;172602N232;0;0.000;26;224;225;227;221;0.000;49.99;228.9;0.000;229.9;0.000;0.0;0.000;50;0;0;0.000;0.000;0.000;0;0;0;49.99;49.99;49.99;0;1000;0.0;0;1.0000;0;0
600;2015-09-04 06:00:00;172602N232;0;0.000;27;224;224;226;221;0.000;49.99;244.3;0.000;245.1;0.000;0.0;0.000;50;0;0;0.000;0.000;0.000;0;0;0;49.99;49.99;49.99;0;1000;0.0;0;1.0000;0;0
600;2015-09-04 06:10:00;172602N232;0;0.000;28;223;224;225;221;0.006;49.99;288.2;0.000;287.1;0.000;0.0;0.000;80;0;0;0.010;0.005;0.005;0;0;0;49.99;49.99;49.99;2653;1000;0.0;0;1.0000;0;0
600;2015-09-04 06:20:00;172602N232;4;0.002;28;223;224;224;220;0.161;50.01;271.4;0.000;270.7;0.000;0.0;0.000;60;0;0;0.229;0.135;0.120;0;5;7;50.01;50.01;50.01;4087;1000;0.0;0;1.0000;0;0
600;2015-09-04 06:30:00;172602N232;16;0.005;29;222;223;223;221;0.343;50.03;292.4;0.008;296.6;0.010;0.0;0.000;60;0;0;0.526;0.288;0.215;3;10;13;50.03;50.03;50.03;4110;1000;0.0;0;1.0000;0;0
600;2015-09-04 06:40:00;172602N232;33;0.013;29;221;222;222;220;0.476;50.03;341.8;0.027;348.8;0.028;0.0;0.000;60;0;0;0.578;0.448;0.402;0;19;25;50.03;50.03;50.03;4110;1000;0.0;0;1.0000;0;0
600;2015-09-04 06:50:00;172602N232;50;0.025;30;222;224;221;221;0.689;50.01;366.0;0.049;373.1;0.047;0.0;0.000;60;0;0;1.048;0.499;0.520;0;40;30;50.01;50.01;50.01;4110;1000;0.0;0;1.0000;0;0
600;2015-09-04 07:00:00;172602N232;78;0.039;30;223;224;223;222;0.800;49.99;384.1;0.086;389.3;0.079;0.0;0.000;60;0;0;1.134;0.636;0.631;0;46;39;49.99;49.99;49.99;4110;1000;0.0;0;1.0000;0;0
600;2015-09-04 07:10:00;172602N232;130;0.060;30;222;223;223;222;0.955;49.99;398.3;0.152;403.3;0.138;0.0;0.000;60;0;0;1.205;0.907;0.755;9;57;64;49.99;49.99;49.99;4110;1000;0.0;0;1.0000;0;0
600;2015-09-04 07:20:00;172602N232;258;0.095;31;222;223;224;220;1.067;50.00;413.1;0.313;420.7;0.272;0.0;0.000;60;0;0;1.165;1.204;0.832;70;96;89;50.00;50.00;50.00;4110;1000;0.0;0;1.0000;0;0
600;2015-09-04 07:30:00;172602N232;397;0.162;31;222;222;225;220;1.258;50.01;421.1;0.504;423.8;0.408;0.0;0.000;60;0;0;1.209;1.394;1.172;100;129;166;50.01;50.01;50.01;4110;1000;0.0;0;1.0000;0;0
600;2015-09-04 07:40:00;172602N232;390;0.226;31;223;223;225;221;0.722;50.02;422.1;0.513;407.9;0.403;0.0;0.000;60;0;0;0.686;0.767;0.715;114;139;134;50.02;50.02;50.02;4110;1000;0.0;0;1.0000;0;0
600;2015-09-04 07:50:00;172602N232;342;0.284;32;225;225;226;224;1.182;49.99;417.1;0.439;420.1;0.351;0.0;0.000;60;0;0;1.272;1.177;1.097;99;119;122;49.99;49.99;49.99;4110;1000;0.0;0;1.0000;0;0
600;2015-09-04 08:00:00;172602N232;487;0.365;32;226;226;226;224;0.946;50.00;423.5;0.619;419.9;0.512;0.0;0.000;60;0;0;0.918;0.992;0.929;145;169;170;50.00;50.00;50.00;4110;1000;0.0;0;1.0000;0;0
600;2015-09-04 08:10:00;172602N232;732;0.486;33;226;226;228;225;1.144;50.00;427.5;0.927;420.0;0.789;0.0;0.000;60;0;0;1.098;1.184;1.150;230;255;245;50.00;50.00;50.00;4110;1000;0.0;0;1.0000;0;0
600;2015-09-04 08:20:00;172602N232;710;0.606;34;225;226;227;224;1.104;50.00;428.1;0.893;413.0;0.780;0.0;0.000;60;0;0;1.056;1.145;1.113;224;247;237;50.00;50.00;50.00;4110;1000;0.0;0;1.0000;0;0
600;2015-09-04 08:30:00;172602N232;511;0.691;34;224;225;226;222;0.803;50.00;420.1;0.645;406.4;0.573;0.0;0.000;60;0;0;0.750;0.847;0.814;157;180;171;50.00;50.00;50.00;4110;1000;0.0;0;1.0000;0;0
600;2015-09-04 08:40:00;172602N232;542;0.782;35;225;226;225;223;0.848;49.99;425.1;0.667;429.8;0.581;0.0;0.000;60;0;0;0.799;0.885;0.860;169;189;183;49.99;49.99;49.99;4110;1000;0.0;0;1.0000;0;0
600;2015-09-04 08:50:00;172602N232;991;0.947;35;225;226;228;223;1.516;49.99;422.5;1.396;450.3;0.894;0.0;0.000;60;0;0;1.471;1.563;1.514;317;345;327;49.99;49.99;49.99;4110;1000;0.0;0;1.0000;0;0
600;2015-09-04 09:00:00;172602N232;1152;1.139;36;226;225;228;223;1.766;50.01;430.1;1.654;441.6;0.999;0.0;0.000;60;0;0;1.720;1.811;1.769;368;400;382;50.01;50.01;50.01;4110;1000;0.0;0;1.0000;0;0
600;2015-09-04 09:10:00;172602N232;1370;1.368;36;225;225;228;222;2.068;50.01;426.1;1.913;433.6;1.285;0.0;0.000;60;0;0;2.009;2.134;2.061;440;478;450;50.01;50.01;50.01;4110;1000;0.0;0;1.0000;0;0
600;2015-09-04 09:20:00;172602N232;1317;1.588;36;224;226;227;220;1.994;50.00;420.9;1.842;444.5;1.216;0.0;0.000;60;0;0;1.958;2.056;1.970;430;460;425;50.00;50.00;50.00;4110;1000;0.0;0;1.0000;0;0
600;2015-09-04 09:30:00;172602N232;1324;1.809;37;224;225;227;220;2.005;50.01;420.9;1.665;433.7;1.443;0.0;0.000;60;0;0;1.966;2.070;1.979;432;463;428;50.01;50.01;50.01;4110;1000;0.0;0;1.0000;0;0
600;2015-09-04 09:40:00;172602N232;1527;2.062;37;224;225;228;220;2.288;50.01;419.2;1.947;435.7;1.643;0.0;0.000;60;0;0;2.230;2.377;2.259;496;536;493;50.01;50.01;50.01;4110;1000;0.0;0;1.0000;0;0
600;2015-09-04 09:50:00;172602N232;1230;2.268;37;224;224;227;221;1.910;50.02;417.2;1.552;432.3;1.348;0.0;0.000;60;0;0;1.869;1.956;1.906;394;427;407;50.02;50.02;50.02;4110;1000;0.0;0;1.0000;0;0
600;2015-09-04 10:00:00;172602N232;1138;2.458;38;224;224;226;223;1.776;50.01;418.5;1.413;430.8;1.266;0.0;0.000;60;0;0;1.736;1.805;1.788;363;391;382;50.01;50.01;50.01;4110;1000;0.0;0;1.0000;0;0
600;2015-09-04 10:10:00;172602N232;1234;2.665;38;225;223;227;223;1.914;50.01;418.5;1.535;432.1;1.371;0.0;0.000;60;0;0;1.860;1.959;1.924;393;427;413;50.01;50.01;50.01;4110;1000;0.0;0;1.0000;0;0
600;2015-09-04 10:20:00;172602N232;1566;2.925;38;225;224;227;224;2.348;50.01;417.2;2.021;416.6;1.767;0.0;0.000;60;0;0;2.276;2.409;2.361;502;540;522;50.01;50.01;50.01;4110;1000;0.0;0;1.0000;0;0
600;2015-09-04 10:30:00;172602N232;2550;3.349;38;226;224;229;225;3.771;50.01;413.6;3.376;411.5;2.949;0.0;0.000;60;0;0;3.678;3.863;3.774;822;881;844;50.01;50.01;50.01;4110;1000;0.0;0;1.0000;0;0
600;2015-09-04 10:40:00;172602N232;2169;3.712;39;225;224;228;224;3.242;50.00;404.4;2.845;393.3;2.717;0.0;0.000;60;0;0;3.153;3.328;3.247;696;753;719;50.00;50.00;50.00;4110;1000;0.0;0;1.0000;0;0
600;2015-09-04 10:50:00;172602N232;1210;3.914;39;224;223;227;223;1.872;50.00;412.4;1.494;413.6;1.440;0.0;0.000;60;0;0;1.805;1.928;1.883;383;419;406;50.00;50.00;50.00;4110;1000;0.0;0;1.0000;0;0
600;2015-09-04 11:00:00;172602N232;1380;4.143;39;224;224;227;222;2.098;50.01;421.5;1.662;419.9;1.627;0.0;0.000;60;0;0;2.038;2.160;2.097;443;478;457;50.01;50.01;50.01;4110;1000;0.0;0;1.0000;0;0
600;2015-09-04 11:10:00;172602N232;1319;4.364;40;225;225;227;222;2.009;50.00;422.1;1.587;420.7;1.549;0.0;0.000;60;0;0;1.967;2.057;2.004;426;456;435;50.00;50.00;50.00;4110;1000;0.0;0;1.0000;0;0
600;2015-09-04 11:20:00;172602N232;1238;4.569;40;225;225;227;221;1.890;50.01;421.8;1.489;420.1;1.455;0.0;0.000;60;0;0;1.848;1.945;1.877;400;431;405;50.01;50.01;50.01;4110;1000;0.0;0;1.0000;0;0
600;2015-09-04 11:30:00;172602N232;1229;4.775;40;226;226;229;222;1.872;50.02;422.1;1.473;420.3;1.445;0.0;0.000;60;0;0;1.831;1.930;1.855;397;428;401;50.02;50.02;50.02;4110;1000;0.0;0;1.0000;0;0
600;2015-09-04 11:40:00;172602N232;1116;4.961;40;226;226;228;223;1.686;50.02;422.2;1.334;418.9;1.316;0.0;0.000;60;0;0;1.644;1.737;1.679;361;388;365;50.02;50.02;50.02;4110;1000;0.0;0;1.0000;0;0
600;2015-09-04 11:50:00;172602N232;1333;5.184;40;226;226;229;223;2.009;50.03;422.9;1.590;418.8;1.582;0.0;0.000;60;0;0;1.960;2.067;2.000;430;464;437;50.03;50.03;50.03;4110;1000;0.0;0;1.0000;0;0
600;2015-09-04 12:00:00;172602N232;1407;5.419;40;226;224;230;223;2.121;50.00;422.9;1.681;419.1;1.671;0.0;0.000;60;0;0;2.040;2.211;2.114;447;493;465;50.00;50.00;50.00;4110;1000;0.0;0;1.0000;0;0
600;2015-09-04 12:10:00;172602N232;1194;5.618;40;225;224;228;223;1.830;50.00;417.8;1.449;419.4;1.403;0.0;0.000;60;0;0;1.777;1.890;1.825;382;416;394;50.00;50.00;50.00;4110;1000;0.0;0;1.0000;0;0
600;2015-09-04 12:20:00;172602N232;822;5.754;40;225;225;228;222;1.256;50.01;416.2;0.990;414.2;0.976;0.0;0.000;60;0;0;1.202;1.306;1.261;260;288;272;50.01;50.01;50.01;4110;1000;0.0;0;1.0000;0;0
600;2015-09-04 12:30:00;172602N232;594;5.853;40;224;225;227;221;0.920;50.01;413.2;0.716;409.7;0.710;0.0;0.000;60;0;0;0.875;0.967;0.920;187;209;196;50.01;50.01;50.01;4110;1000;0.0;0;1.0000;0;0
600;2015-09-04 12:40:00;172602N232;623;5.958;40;224;225;227;221;0.965;50.00;417.5;0.742;413.6;0.738;0.0;0.000;60;0;0;0.916;1.016;0.963;195;220;206;50.00;50.00;50.00;4110;1000;0.0;0;1.0000;0;0
600;2015-09-04 12:50:00;172602N232;628;6.063;40;225;224;227;222;0.973;50.01;419.8;0.743;415.3;0.741;0.0;0.000;60;0;0;0.913;1.027;0.979;195;222;209;50.01;50.01;50.01;4110;1000;0.0;0;1.0000;0;0
600;2015-09-04 13:00:00;172602N232;588;6.161;40;225;225;227;222;1.114;50.01;421.1;0.693;417.7;0.687;0.0;0.000;60;0;0;1.076;1.164;1.103;184;209;193;50.01;50.01;50.01;4110;1000;0.0;0;1.0000;0;0
600;2015-09-04 13:10:00;172602N232;485;6.242;40;225;225;228;223;0.962;50.00;417.9;0.571;413.0;0.572;0.0;0.000;60;0;0;0.705;1.149;1.034;137;183;164;50.00;50.00;50.00;4110;1000;0.0;0;1.0000;0;0
600;2015-09-04 13:20:00;172602N232;336;6.298;39;224;225;227;221;0.780;50.01;407.5;0.394;402.4;0.406;0.0;0.000;60;0;0;0.768;0.864;0.709;98;119;117;50.01;50.01;50.01;4110;1000;0.0;0;1.0000;0;0
600;2015-09-04 13:30:00;172602N232;201;6.332;39;225;224;227;223;1.025;50.01;387.9;0.240;393.9;0.239;0.0;0.000;60;0;0;1.035;1.308;0.734;57;61;81;50.01;50.01;50.01;4110;1000;0.0;0;1.0000;0;0
600;2015-09-04 13:40:00;172602N232;250;6.373;39;225;226;227;223;1.109;49.99;402.0;0.293;398.2;0.299;0.0;0.000;60;0;0;1.208;1.239;0.881;67;85;96;49.99;49.99;49.99;4110;1000;0.0;0;1.0000;0;0
600;2015-09-04 13:50:00;172602N232;324;6.428;39;225;225;226;222;1.198;50.01;412.0;0.379;407.5;0.380;0.0;0.000;60;0;0;1.373;1.141;1.080;91;112;118;50.01;50.01;50.01;4110;1000;0.0;0;1.0000;0;0
600;2015-09-04 14:00:00;172602N232;256;6.470;38;224;225;226;221;1.082;50.01;404.4;0.300;400.4;0.302;0.0;0.000;60;0;0;1.308;1.039;0.900;57;95;103;50.01;50.01;50.01;4110;1000;0.0;0;1.0000;0;0
600;2015-09-04 14:10:00;172602N232;296;6.520;38;224;225;226;221;1.182;50.02;406.4;0.350;404.1;0.349;0.0;0.000;60;0;0;1.428;1.119;1.000;67;113;114;50.02;50.02;50.02;4110;1000;0.0;0;1.0000;0;0
600;2015-09-04 14:20:00;172602N232;286;6.568;38;224;224;225;222;1.116;50.02;408.5;0.335;405.1;0.334;0.0;0.000;60;0;0;1.228;1.187;0.934;66;114;104;50.02;50.02;50.02;4110;1000;0.0;0;1.0000;0;0
600;2015-09-04 14:30:00;172602N232;334;6.623;38;224;223;226;223;1.152;50.01;411.1;0.392;407.6;0.392;0.0;0.000;60;0;0;1.152;1.304;1.002;99;110;124;50.01;50.01;50.01;4110;1000;0.0;0;1.0000;0;0
600;2015-09-04 14:40:00;172602N232;450;6.699;38;224;224;226;222;0.868;50.00;420.6;0.523;413.0;0.532;0.0;0.000;60;0;0;0.824;0.915;0.865;136;160;151;50.00;50.00;50.00;4110;1000;0.0;0;1.0000;0;0
600;2015-09-04 14:50:00;172602N232;361;6.759;38;225;225;226;223;1.139;49.99;415.8;0.421;412.3;0.420;0.0;0.000;60;0;0;1.185;1.158;1.076;99;132;128;49.99;49.99;49.99;4110;1000;0.0;0;1.0000;0;0
600;2015-09-04 15:00:00;172602N232;223;6.797;37;225;225;226;223;1.053;50.01;403.9;0.260;399.4;0.261;0.0;0.000;60;0;0;1.171;1.213;0.777;40;94;87;50.01;50.01;50.01;4110;1000;0.0;0;1.0000;0;0
600;2015-09-04 15:10:00;172602N232;182;6.827;37;224;224;226;223;0.972;50.01;399.9;0.209;391.6;0.216;0.0;0.000;60;0;0;0.976;1.224;0.718;24;78;78;50.01;50.01;50.01;4110;1000;0.0;0;1.0000;0;0
600;2015-09-04 15:20:00;172602N232;243;6.868;37;222;223;224;221;1.059;50.01;407.5;0.282;398.9;0.290;0.0;0.000;60;0;0;1.202;1.221;0.755;64;98;80;50.01;50.01;50.01;4110;1000;0.0;0;1.0000;0;0
600;2015-09-04 15:30:00;172602N232;324;6.923;37;221;222;222;221;1.162;50.01;413.9;0.375;406.7;0.383;0.0;0.000;60;0;0;1.247;1.141;1.099;88;120;113;50.01;50.01;50.01;4110;1000;0.0;0;1.0000;0;0
600;2015-09-04 15:40:00;172602N232;400;6.989;37;222;221;224;221;1.161;50.00;419.3;0.462;409.8;0.475;0.0;0.000;60;0;0;1.061;1.329;1.095;113;127;157;50.00;50.00;50.00;4110;1000;0.0;0;1.0000;0;0
600;2015-09-04 15:50:00;172602N232;429;7.060;37;222;221;224;221;0.699;50.01;420.0;0.498;410.4;0.512;0.0;0.000;60;0;0;0.644;0.737;0.716;128;152;146;50.01;50.01;50.01;4110;1000;0.0;0;1.0000;0;0
600;2015-09-04 16:00:00;172602N232;479;7.141;37;222;220;224;221;0.770;50.03;420.0;0.560;411.8;0.570;0.0;0.000;60;0;0;0.713;0.808;0.790;145;169;164;50.03;50.03;50.03;4110;1000;0.0;0;1.0000;0;0
600;2015-09-04 16:10:00;172602N232;414;7.210;37;222;221;224;221;0.677;50.02;417.0;0.485;409.3;0.493;0.0;0.000;60;0;0;0.623;0.716;0.693;124;147;141;50.02;50.02;50.02;4110;1000;0.0;0;1.0000;0;0
600;2015-09-04 16:20:00;172602N232;404;7.278;37;222;222;224;220;0.661;50.02;418.0;0.471;409.3;0.482;0.0;0.000;60;0;0;0.612;0.699;0.673;121;144;137;50.02;50.02;50.02;4110;1000;0.0;0;1.0000;0;0
600;2015-09-04 16:30:00;172602N232;374;7.340;37;222;221;223;220;1.155;50.03;414.9;0.439;409.5;0.441;0.0;0.000;60;0;0;1.110;1.266;1.089;97;125;150;50.03;50.03;50.03;4110;1000;0.0;0;1.0000;0;0
600;2015-09-04 16:40:00;172602N232;291;7.389;37;221;221;223;219;1.137;50.02;410.4;0.338;403.9;0.343;0.0;0.000;60;0;0;1.276;1.198;0.938;81;108;100;50.02;50.02;50.02;4110;1000;0.0;0;1.0000;0;0
600;2015-09-04 16:50:00;172602N232;247;7.430;37;221;222;222;220;1.103;50.01;407.4;0.286;400.6;0.292;0.0;0.000;60;0;0;1.230;1.203;0.876;54;101;90;50.01;50.01;50.01;4110;1000;0.0;0;1.0000;0;0
600;2015-09-04 17:00:00;172602N232;148;7.454;37;221;222;222;219;1.026;50.01;393.3;0.169;388.0;0.173;0.0;0.000;60;0;0;1.420;0.924;0.735;14;68;66;50.01;50.01;50.01;4110;1000;0.0;0;1.0000;0;0
600;2015-09-04 17:10:00;172602N232;149;7.479;37;221;221;222;219;1.010;50.01;392.1;0.171;388.1;0.175;0.0;0.000;60;0;0;1.374;0.878;0.778;18;60;70;50.01;50.01;50.01;4110;1000;0.0;0;1.0000;0;0
600;2015-09-04 17:20:00;172602N232;171;7.508;37;221;222;222;219;1.093;50.02;396.6;0.197;392.0;0.201;0.0;0.000;60;0;0;1.532;0.978;0.771;16;91;67;50.03;50.03;50.03;4110;1000;0.0;0;1.0000;0;0
600;2015-09-04 17:30:00;172602N232;142;7.531;37;221;221;221;219;0.986;50.04;387.7;0.164;387.5;0.168;0.0;0.000;60;0;0;1.369;0.857;0.733;25;62;55;50.04;50.04;50.04;4110;1000;0.0;0;1.0000;0;0
600;2015-09-04 17:40:00;172602N232;107;7.550;36;220;221;221;219;0.949;50.03;381.8;0.121;379.0;0.126;0.0;0.000;60;0;0;1.321;0.803;0.725;9;50;51;50.03;50.03;50.03;4110;1000;0.0;0;1.0000;0;0
600;2015-09-04 17:50:00;172602N232;148;7.575;36;221;222;221;219;1.026;50.00;380.6;0.174;389.0;0.176;0.0;0.000;60;0;0;1.415;0.936;0.727;14;73;61;50.00;50.00;50.00;4110;1000;0.0;0;1.0000;0;0
600;2015-09-04 18:00:00;172602N232;212;7.610;36;222;223;223;220;1.055;49.99;394.4;0.248;397.8;0.255;0.0;0.000;60;0;0;1.342;0.967;0.856;41;79;90;49.99;49.99;49.99;4110;1000;0.0;0;1.0000;0;0
600;2015-09-04 18:10:00;172602N232;199;7.644;36;221;223;222;219;1.085;49.99;391.6;0.234;396.8;0.237;0.0;0.000;60;0;0;1.420;1.005;0.832;28;90;86;49.99;49.99;49.99;4110;1000;0.0;0;1.0000;0;0
600;2015-09-04 18:20:00;172602N232;189;7.675;36;221;222;221;220;1.017;49.98;388.4;0.223;396.2;0.224;0.0;0.000;60;0;0;1.321;0.780;0.952;20;74;94;49.98;49.98;49.98;4110;1000;0.0;0;1.0000;0;0
600;2015-09-04 18:30:00;172602N232;195;7.707;36;222;222;221;222;0.973;50.02;386.8;0.233;398.3;0.230;0.0;0.000;60;0;0;1.235;0.753;0.933;54;78;61;50.02;50.02;50.02;4110;1000;0.0;0;1.0000;0;0
600;2015-09-04 18:40:00;172602N232;262;7.752;36;222;222;224;221;1.111;50.03;394.4;0.313;405.5;0.310;0.0;0.000;60;0;0;1.184;1.222;0.927;71;97;91;50.03;50.03;50.03;4110;1000;0.0;0;1.0000;0;0
600;2015-09-04 18:50:00;172602N232;324;7.806;36;221;219;223;222;1.146;50.01;399.7;0.386;409.0;0.386;0.0;0.000;60;0;0;1.087;1.264;1.089;112;109;101;50.01;50.01;50.01;4110;1000;0.0;0;1.0000;0;0
600;2015-09-04 19:00:00;172602N232;224;7.843;36;221;219;223;223;1.056;50.00;391.9;0.265;402.7;0.264;0.0;0.000;60;0;0;0.989;1.262;0.917;95;66;61;50.00;50.00;50.00;4110;1000;0.0;0;1.0000;0;0
600;2015-09-04 19:10:00;172602N232;122;7.864;36;222;220;225;223;0.961;49.99;380.6;0.142;391.3;0.140;0.0;0.000;60;0;0;0.711;1.379;0.795;62;8;60;49.99;49.99;49.99;4110;1000;0.0;0;1.0000;0;0
600;2015-09-04 19:20:00;172602N232;61;7.875;36;223;221;226;220;0.770;49.98;360.3;0.063;367.2;0.064;0.0;0.000;60;0;0;0.552;1.212;0.547;34;0;44;49.98;49.98;49.98;4110;1000;0.0;0;1.0000;0;0
600;2015-09-04 19:30:00;172602N232;12;7.876;36;223;223;225;221;0.320;49.99;276.1;0.007;266.1;0.010;0.0;0.000;60;0;0;0.318;0.424;0.218;4;1;14;49.99;49.99;49.99;4110;1000;0.0;0;1.0000;0;0
600;2015-09-04 19:40:00;172602N232;0;7.876;35;223;221;226;221;0.009;49.99;249.3;0.000;249.5;0.000;0.0;0.000;50;0;0;0.000;0.028;0.000;0;0;0;49.99;49.99;49.99;4110;1000;0.0;0;1.0000;0;0
600;2015-09-04 19:50:00;172602N232;0;7.876;34;222;221;225;220;0.000;49.99;221.4;0.000;221.8;0.000;0.0;0.000;50;0;0;0.000;0.000;0.000;0;0;0;49.99;49.99;49.99;4110;1000;0.0;0;1.0000;0;0
[wr_ende]
