20130728;230001;172602N232;My Plant;+0100
[wr_def_start]
172602N232;Inverter Type;Inverter Group;72602N232      
[wr_def_end]
[wr]
INTERVAL;TIMESTAMP;SERIAL;P_AC;E_DAY;T_WR;U_AC;U_AC_1;U_AC_2;U_AC_3;I_AC;F_AC;U_DC_1;I_DC_1;U_DC_2;I_DC_2;U_DC_3;I_DC_3;S;E_WR;M_WR;I_AC_1;I_AC_2;I_AC_3;P_AC_1;P_AC_2;P_AC_3;F_AC_1;F_AC_2;F_AC_3;R_DC;PC;PCS;PCS_LL;COS_PHI;COS_PHI_LL;S_COS_PHI
600;2013-07-28 04:40:00;172602N232;0;0.000;0;2;2;2;2;0.000;0.53;2.1;0.000;2.1;0.000;0.0;0.000;50;0;0;0.000;0.000;0.000;0;0;0;0.53;0.53;0.53;54;1000;0.0;0;1.0000;0;0
600;2013-07-28 04:50:00;172602N232;0;0.000;30;225;225;227;222;0.000;50.00;227.3;0.000;228.2;0.000;0.0;0.000;50;0;0;0.000;0.000;0.000;0;0;0;50.00;50.00;50.00;0;1000;0.0;0;1.0000;0;0
600;2013-07-28 05:00:00;172602N232;0;0.000;32;224;225;227;221;0.000;50.00;230.0;0.000;230.9;0.000;0.0;0.000;50;0;0;0.000;0.000;0.000;0;0;0;50.00;50.00;50.00;0;1000;0.0;0;1.0000;0;0
600;2013-07-28 05:10:00;172602N232;0;0.000;33;224;224;227;221;0.000;50.01;235.3;0.000;236.2;0.000;0.0;0.000;50;0;0;0.000;0.000;0.000;0;0;0;50.01;50.01;50.01;0;1000;0.0;0;1.0000;0;0
600;2013-07-28 05:20:00;172602N232;0;0.000;34;224;224;227;221;0.021;50.02;272.7;0.000;272.0;0.000;0.0;0.000;60;0;0;0.023;0.026;0.016;0;0;0;50.02;50.02;50.02;1082;1000;0.0;0;1.0000;0;0
600;2013-07-28 05:30:00;172602N232;19;0.003;34;224;225;226;223;0.409;50.02;295.8;0.016;296.9;0.016;0.0;0.000;60;0;0;0.444;0.495;0.288;1;2;19;50.02;50.02;50.02;3231;1000;0.0;0;1.0000;0;0
600;2013-07-28 05:40:00;172602N232;64;0.013;35;225;225;227;223;0.778;50.01;359.6;0.077;363.6;0.069;0.0;0.000;60;0;0;0.792;0.956;0.588;8;11;44;50.01;50.01;50.01;3231;1000;0.0;0;1.0000;0;0
600;2013-07-28 05:50:00;172602N232;119;0.033;35;226;226;228;224;0.942;50.01;379.2;0.149;382.5;0.134;0.0;0.000;60;0;0;0.886;1.187;0.753;24;26;68;50.01;50.01;50.01;3231;1000;0.0;0;1.0000;0;0
600;2013-07-28 06:00:00;172602N232;191;0.065;36;226;226;228;225;1.025;50.00;393.1;0.240;394.7;0.216;0.0;0.000;60;0;0;1.249;1.070;0.757;52;60;77;50.00;50.00;50.00;3231;1000;0.0;0;1.0000;0;0
600;2013-07-28 06:10:00;172602N232;241;0.105;36;226;226;228;225;1.092;50.01;396.2;0.303;396.1;0.279;0.0;0.000;60;0;0;1.017;1.322;0.938;50;87;102;50.01;50.01;50.01;3231;1000;0.0;0;1.0000;0;0
600;2013-07-28 06:20:00;172602N232;212;0.141;36;226;227;228;224;1.072;50.00;392.0;0.263;390.6;0.250;0.0;0.000;60;0;0;1.245;1.189;0.784;56;70;84;50.00;50.00;50.00;3231;1000;0.0;0;1.0000;0;0
600;2013-07-28 06:30:00;172602N232;213;0.176;37;226;226;228;224;1.072;49.99;390.9;0.263;390.4;0.252;0.0;0.000;60;0;0;1.167;1.206;0.843;46;75;90;49.99;49.99;49.99;3231;1000;0.0;0;1.0000;0;0
600;2013-07-28 06:40:00;172602N232;168;0.205;38;226;226;228;224;0.986;50.00;382.7;0.208;384.8;0.199;0.0;0.000;60;0;0;1.035;1.169;0.756;28;58;80;50.00;50.00;50.00;3231;1000;0.0;0;1.0000;0;0
600;2013-07-28 06:50:00;172602N232;307;0.257;38;227;227;228;225;1.193;50.01;402.3;0.381;400.8;0.359;0.0;0.000;60;0;0;1.272;1.305;1.002;88;103;114;50.01;50.01;50.01;3231;1000;0.0;0;1.0000;0;0
600;2013-07-28 07:00:00;172602N232;457;0.332;39;227;227;229;225;0.903;50.02;411.0;0.573;413.0;0.516;0.0;0.000;60;0;0;0.856;0.965;0.889;135;162;158;50.02;50.02;50.02;3231;1000;0.0;0;1.0000;0;0
600;2013-07-28 07:10:00;172602N232;469;0.411;39;225;226;227;224;0.843;50.01;409.8;0.587;410.0;0.540;0.0;0.000;60;0;0;0.798;0.886;0.847;144;167;156;50.01;50.01;50.01;3231;1000;0.0;0;1.0000;0;0
600;2013-07-28 07:20:00;172602N232;505;0.495;40;225;225;226;223;0.832;50.00;408.9;0.631;406.6;0.595;0.0;0.000;60;0;0;0.780;0.879;0.839;155;179;169;50.00;50.00;50.00;3231;1000;0.0;0;1.0000;0;0
600;2013-07-28 07:30:00;172602N232;570;0.590;40;224;224;226;222;0.885;50.01;409.2;0.721;409.9;0.659;0.0;0.000;60;0;0;0.827;0.930;0.900;176;201;191;50.01;50.01;50.01;3231;1000;0.0;0;1.0000;0;0
600;2013-07-28 07:40:00;172602N232;601;0.691;41;224;224;226;222;0.935;49.99;411.6;0.755;411.3;0.693;0.0;0.000;60;0;0;0.880;0.980;0.946;187;211;201;49.99;49.99;49.99;3231;1000;0.0;0;1.0000;0;0
600;2013-07-28 07:50:00;172602N232;621;0.793;41;223;223;225;221;1.113;49.99;411.9;0.762;404.4;0.749;0.0;0.000;60;0;0;1.106;1.106;1.129;198;212;209;49.99;49.99;49.99;3231;1000;0.0;0;1.0000;0;0
600;2013-07-28 08:00:00;172602N232;441;0.867;42;223;223;225;221;1.094;50.01;403.3;0.547;397.5;0.532;0.0;0.000;60;0;0;1.115;1.181;0.988;136;150;154;50.01;50.01;50.01;3231;1000;0.0;0;1.0000;0;0
600;2013-07-28 08:10:00;172602N232;314;0.920;42;222;222;224;221;1.170;49.99;395.3;0.393;392.4;0.377;0.0;0.000;60;0;0;1.147;1.312;1.051;84;102;126;49.99;49.99;49.99;3231;1000;0.0;0;1.0000;0;0
600;2013-07-28 08:20:00;172602N232;395;0.986;42;223;223;225;221;1.158;50.00;397.5;0.502;397.9;0.470;0.0;0.000;60;0;0;1.151;1.263;1.062;116;140;137;50.00;50.00;50.00;3231;1000;0.0;0;1.0000;0;0
600;2013-07-28 08:30:00;172602N232;411;1.055;42;223;222;225;222;1.166;49.99;401.9;0.513;397.9;0.493;0.0;0.000;60;0;0;1.138;1.277;1.083;120;145;144;49.99;49.99;49.99;3231;1000;0.0;0;1.0000;0;0
600;2013-07-28 08:40:00;172602N232;455;1.130;42;224;224;226;223;0.968;49.99;404.3;0.567;399.1;0.548;0.0;0.000;60;0;0;0.942;1.018;0.946;139;165;149;49.99;49.99;49.99;3231;1000;0.0;0;1.0000;0;0
600;2013-07-28 08:50:00;172602N232;617;1.234;42;224;223;227;221;1.003;50.00;406.3;0.779;403.8;0.735;0.0;0.000;60;0;0;0.992;1.028;0.989;193;218;204;50.00;50.00;50.00;3231;1000;0.0;0;1.0000;0;0
600;2013-07-28 09:00:00;172602N232;786;1.366;42;223;222;226;221;1.208;50.01;412.3;0.976;406.1;0.939;0.0;0.000;60;0;0;1.146;1.258;1.220;246;277;261;50.01;50.01;50.01;3231;1000;0.0;0;1.0000;0;0
600;2013-07-28 09:10:00;172602N232;816;1.502;43;223;222;225;220;1.255;50.00;409.6;1.025;406.6;0.971;0.0;0.000;60;0;0;1.198;1.304;1.263;257;286;271;50.00;50.00;50.00;3231;1000;0.0;0;1.0000;0;0
600;2013-07-28 09:20:00;172602N232;576;1.597;43;222;222;225;219;1.054;50.00;402.6;0.735;402.6;0.683;0.0;0.000;60;0;0;0.974;1.138;1.052;179;207;188;50.00;50.00;50.00;3231;1000;0.0;0;1.0000;0;0
600;2013-07-28 09:30:00;172602N232;599;1.697;43;222;222;224;220;1.110;50.00;408.8;0.742;400.7;0.725;0.0;0.000;60;0;0;1.127;1.133;1.070;190;209;198;50.00;50.00;50.00;3231;1000;0.0;0;1.0000;0;0
600;2013-07-28 09:40:00;172602N232;726;1.818;43;222;222;224;221;1.139;49.99;408.3;0.908;405.4;0.866;0.0;0.000;60;0;0;1.096;1.171;1.152;229;251;244;49.99;49.99;49.99;3231;1000;0.0;0;1.0000;0;0
600;2013-07-28 09:50:00;172602N232;665;1.930;43;222;222;224;221;1.040;50.01;400.5;0.832;400.4;0.821;0.0;0.000;60;0;0;0.987;1.080;1.054;208;232;223;50.01;50.01;50.01;3231;1000;0.0;0;1.0000;0;0
600;2013-07-28 10:00:00;172602N232;732;2.053;44;222;222;224;221;1.130;50.01;396.9;0.927;401.4;0.898;0.0;0.000;60;0;0;1.079;1.169;1.143;231;254;244;50.01;50.01;50.01;3231;1000;0.0;0;1.0000;0;0
600;2013-07-28 10:10:00;172602N232;1028;2.224;44;223;223;225;221;1.570;49.99;406.8;1.336;409.3;1.188;0.0;0.000;60;0;0;1.523;1.611;1.578;330;355;341;49.99;49.99;49.99;3231;1000;0.0;0;1.0000;0;0
600;2013-07-28 10:20:00;172602N232;1372;2.452;44;222;221;224;221;2.088;50.00;405.3;1.864;413.8;1.497;0.0;0.000;60;0;0;2.026;2.132;2.106;440;471;459;50.00;50.00;50.00;3231;1000;0.0;0;1.0000;0;0
600;2013-07-28 10:30:00;172602N232;1102;2.636;44;222;220;225;221;1.698;50.00;404.0;1.417;400.5;1.329;0.0;0.000;60;0;0;1.622;1.757;1.715;347;383;369;50.00;50.00;50.00;3231;1000;0.0;0;1.0000;0;0
600;2013-07-28 10:40:00;172602N232;928;2.790;44;222;219;225;221;1.462;50.00;400.9;1.208;401.9;1.106;0.0;0.000;60;0;0;1.372;1.534;1.482;286;326;313;50.00;50.00;50.00;3231;1000;0.0;0;1.0000;0;0
600;2013-07-28 10:50:00;172602N232;2062;3.134;44;224;221;229;223;3.075;50.01;400.6;3.055;418.6;2.039;0.0;0.000;60;0;0;2.962;3.166;3.097;652;718;688;50.01;50.01;50.01;3231;1000;0.0;0;1.0000;0;0
600;2013-07-28 11:00:00;172602N232;1702;3.419;45;227;224;231;225;2.518;50.00;390.8;2.426;403.4;1.895;0.0;0.000;60;0;0;2.425;2.600;2.529;539;596;566;50.00;50.00;50.00;3231;1000;0.0;0;1.0000;0;0
600;2013-07-28 11:10:00;172602N232;2000;3.751;45;227;225;231;224;2.961;50.00;392.3;3.152;413.7;1.884;0.0;0.000;60;0;0;2.873;3.054;2.957;641;699;659;50.00;50.00;50.00;3231;1000;0.0;0;1.0000;0;0
600;2013-07-28 11:20:00;172602N232;2339;4.142;45;227;226;229;224;3.460;49.99;380.9;3.889;399.5;2.218;0.0;0.000;60;0;0;3.397;3.531;3.454;762;805;771;49.99;49.99;49.99;3231;1000;0.0;0;1.0000;0;0
600;2013-07-28 11:30:00;172602N232;1738;4.432;45;226;226;228;224;2.580;49.99;388.8;2.347;390.0;2.159;0.0;0.000;60;0;0;2.521;2.636;2.585;565;597;574;49.99;49.99;49.99;3231;1000;0.0;0;1.0000;0;0
600;2013-07-28 11:40:00;172602N232;2469;4.843;45;226;226;230;223;3.646;50.00;387.0;3.783;416.6;2.480;0.0;0.000;60;0;0;3.588;3.741;3.609;808;858;800;50.00;50.00;50.00;3231;1000;0.0;0;1.0000;0;0
600;2013-07-28 11:50:00;172602N232;2069;5.189;45;224;223;227;222;3.088;50.01;382.8;3.114;403.2;2.231;0.0;0.000;60;0;0;3.008;3.160;3.096;668;715;685;50.01;50.01;50.01;3231;1000;0.0;0;1.0000;0;0
600;2013-07-28 12:00:00;172602N232;2851;5.663;45;226;227;228;224;4.203;50.01;388.9;4.072;385.4;3.496;0.0;0.000;60;0;0;4.155;4.268;4.188;938;974;936;50.01;50.01;50.01;3231;1000;0.0;0;1.0000;0;0
600;2013-07-28 12:10:00;172602N232;4082;6.345;45;227;227;230;224;5.999;50.00;375.0;5.761;371.4;5.369;0.0;0.000;60;0;0;5.952;6.098;5.949;1347;1401;1331;50.00;50.00;50.00;3231;1000;0.0;0;1.0000;0;0
600;2013-07-28 12:20:00;172602N232;3048;6.853;45;226;226;228;224;4.501;50.01;373.0;4.250;376.7;4.014;0.0;0.000;60;0;0;4.457;4.571;4.477;1005;1044;998;50.01;50.01;50.01;3231;1000;0.0;0;1.0000;0;0
600;2013-07-28 12:30:00;172602N232;1645;7.126;45;225;226;226;222;2.471;49.99;387.0;2.229;388.8;2.046;0.0;0.000;60;0;0;2.444;2.504;2.466;542;559;541;49.99;49.99;49.99;3231;1000;0.0;0;1.0000;0;0
600;2013-07-28 12:40:00;172602N232;2342;7.518;45;225;226;227;223;3.477;50.01;391.5;3.102;390.4;2.959;0.0;0.000;60;0;0;3.440;3.536;3.455;775;799;766;50.01;50.01;50.01;3231;1000;0.0;0;1.0000;0;0
600;2013-07-28 12:50:00;172602N232;1770;7.813;45;225;225;227;223;2.646;50.01;398.1;2.277;391.7;2.253;0.0;0.000;60;0;0;2.595;2.699;2.645;577;609;584;50.01;50.01;50.01;3231;1000;0.0;0;1.0000;0;0
600;2013-07-28 13:00:00;172602N232;2635;8.253;45;226;225;230;223;3.905;50.01;393.0;3.475;393.1;3.321;0.0;0.000;60;0;0;3.826;4.006;3.884;855;915;861;50.01;50.01;50.01;3231;1000;0.0;0;1.0000;0;0
600;2013-07-28 13:10:00;172602N232;3308;8.803;45;226;224;231;224;4.880;50.01;383.5;4.476;387.2;4.232;0.0;0.000;60;0;0;4.762;5.014;4.866;1064;1157;1086;50.01;50.01;50.01;3231;1000;0.0;0;1.0000;0;0
600;2013-07-28 13:20:00;172602N232;3683;9.416;45;227;226;232;224;5.406;50.03;376.3;5.062;379.6;4.852;0.0;0.000;60;0;0;5.303;5.555;5.360;1195;1287;1199;50.03;50.03;50.03;3231;1000;0.0;0;1.0000;0;0
600;2013-07-28 13:30:00;172602N232;2554;9.842;46;226;225;230;223;3.779;50.02;382.1;3.462;381.5;3.337;0.0;0.000;60;0;0;3.700;3.887;3.752;828;888;833;50.02;50.02;50.02;3231;1000;0.0;0;1.0000;0;0
600;2013-07-28 13:40:00;172602N232;3938;10.499;46;227;225;232;223;5.780;50.02;379.4;5.298;380.6;5.248;0.0;0.000;60;0;0;5.656;5.966;5.719;1272;1386;1277;50.02;50.02;50.02;3231;1000;0.0;0;1.0000;0;0
600;2013-07-28 13:50:00;172602N232;3987;11.164;46;227;225;232;223;5.845;50.01;373.1;5.506;374.6;5.393;0.0;0.000;60;0;0;5.730;6.031;5.775;1291;1405;1291;50.01;50.01;50.01;3231;1000;0.0;0;1.0000;0;0
600;2013-07-28 14:00:00;172602N232;1937;11.485;46;227;225;231;225;2.871;49.99;380.1;2.629;375.4;2.580;0.0;0.000;60;0;0;2.794;2.965;2.854;623;677;635;49.99;49.99;49.99;3231;1000;0.0;0;1.0000;0;0
600;2013-07-28 14:10:00;172602N232;2456;11.895;46;227;226;230;225;3.619;50.01;389.5;3.252;390.1;3.134;0.0;0.000;60;0;0;3.550;3.718;3.590;797;855;802;50.01;50.01;50.01;3231;1000;0.0;0;1.0000;0;0
600;2013-07-28 14:20:00;172602N232;2876;12.374;46;227;226;231;224;4.222;50.01;384.6;3.845;382.6;3.786;0.0;0.000;60;0;0;4.146;4.323;4.198;937;996;940;50.01;50.01;50.01;3231;1000;0.0;0;1.0000;0;0
600;2013-07-28 14:30:00;172602N232;2399;12.777;46;225;224;228;222;3.572;50.00;393.4;3.142;389.3;3.069;0.0;0.000;60;0;0;3.511;3.654;3.552;783;832;785;50.00;50.00;50.00;3231;1000;0.0;0;1.0000;0;0
600;2013-07-28 14:40:00;172602N232;1196;12.975;46;224;223;227;223;1.810;50.02;395.2;1.533;389.2;1.535;0.0;0.000;60;0;0;1.746;1.864;1.821;381;416;397;50.02;50.02;50.02;3231;1000;0.0;0;1.0000;0;0
600;2013-07-28 14:50:00;172602N232;3693;13.592;46;226;224;231;223;5.449;50.01;394.4;4.842;392.4;4.780;0.0;0.000;60;0;0;5.343;5.599;5.405;1196;1292;1203;50.01;50.01;50.01;3231;1000;0.0;0;1.0000;0;0
600;2013-07-28 15:00:00;172602N232;4080;14.271;46;226;224;231;223;6.013;50.00;375.8;5.525;375.9;5.517;0.0;0.000;60;0;0;5.897;6.169;5.973;1322;1425;1331;50.00;50.00;50.00;3231;1000;0.0;0;1.0000;0;0
600;2013-07-28 15:10:00;172602N232;2989;14.770;46;225;224;229;222;4.427;50.01;384.8;3.945;382.7;3.955;0.0;0.000;60;0;0;4.353;4.545;4.385;975;1040;970;50.01;50.01;50.01;3231;1000;0.0;0;1.0000;0;0
600;2013-07-28 15:20:00;172602N232;1991;15.103;46;225;224;228;222;2.972;50.01;391.4;2.594;386.4;2.576;0.0;0.000;60;0;0;2.905;3.043;2.969;645;689;654;50.01;50.01;50.01;3231;1000;0.0;0;1.0000;0;0
600;2013-07-28 15:30:00;172602N232;2837;15.575;46;225;225;228;223;4.204;50.00;398.6;3.664;393.0;3.630;0.0;0.000;60;0;0;4.145;4.286;4.181;930;977;929;50.00;50.00;50.00;3231;1000;0.0;0;1.0000;0;0
600;2013-07-28 15:40:00;172602N232;2862;16.052;46;225;224;227;222;4.259;50.01;387.3;3.790;382.7;3.781;0.0;0.000;60;0;0;4.215;4.331;4.231;941;980;936;50.01;50.01;50.01;3231;1000;0.0;0;1.0000;0;0
600;2013-07-28 15:50:00;172602N232;3382;16.616;46;226;225;229;222;4.997;50.01;390.5;4.458;390.0;4.366;0.0;0.000;60;0;0;4.919;5.113;4.959;1106;1176;1100;50.01;50.01;50.01;3231;1000;0.0;0;1.0000;0;0
600;2013-07-28 16:00:00;172602N232;2793;17.083;46;226;225;229;222;4.135;50.00;386.2;3.698;385.1;3.645;0.0;0.000;60;0;0;4.065;4.241;4.099;911;971;909;50.00;50.00;50.00;3231;1000;0.0;0;1.0000;0;0
600;2013-07-28 16:10:00;172602N232;1601;17.350;45;224;224;227;222;2.405;50.00;391.6;2.061;388.3;2.079;0.0;0.000;60;0;0;2.341;2.474;2.402;516;556;527;50.00;50.00;50.00;3231;1000;0.0;0;1.0000;0;0
600;2013-07-28 16:20:00;172602N232;1941;17.673;45;224;224;228;221;2.897;50.00;407.2;2.403;396.6;2.466;0.0;0.000;60;0;0;2.841;2.972;2.878;633;673;633;50.00;50.00;50.00;3231;1000;0.0;0;1.0000;0;0
600;2013-07-28 16:30:00;172602N232;1606;17.941;45;224;223;227;222;2.422;50.00;409.1;1.979;396.6;2.032;0.0;0.000;60;0;0;2.357;2.493;2.418;518;556;530;50.00;50.00;50.00;3231;1000;0.0;0;1.0000;0;0
600;2013-07-28 16:40:00;172602N232;1417;18.178;45;223;222;227;221;2.151;49.99;408.2;1.763;398.7;1.771;0.0;0.000;60;0;0;2.076;2.229;2.149;453;494;469;49.99;49.99;49.99;3231;1000;0.0;0;1.0000;0;0
600;2013-07-28 16:50:00;172602N232;1254;18.387;45;224;223;227;222;1.948;50.00;406.1;1.578;400.4;1.542;0.0;0.000;60;0;0;1.900;2.006;1.940;401;435;415;50.00;50.00;50.00;3231;1000;0.0;0;1.0000;0;0
600;2013-07-28 17:00:00;172602N232;993;18.552;45;225;225;228;223;1.506;50.01;396.7;1.274;398.1;1.228;0.0;0.000;60;0;0;1.443;1.564;1.512;315;347;330;50.01;50.01;50.01;3231;1000;0.0;0;1.0000;0;0
600;2013-07-28 17:10:00;172602N232;1041;18.726;44;224;223;227;222;1.608;50.00;409.7;1.290;402.0;1.274;0.0;0.000;60;0;0;1.550;1.669;1.605;330;365;344;50.00;50.00;50.00;3231;1000;0.0;0;1.0000;0;0
600;2013-07-28 17:20:00;172602N232;1111;18.911;44;225;224;227;222;1.692;49.99;411.4;1.371;403.0;1.360;0.0;0.000;60;0;0;1.644;1.731;1.702;356;384;368;49.99;49.99;49.99;3231;1000;0.0;0;1.0000;0;0
600;2013-07-28 17:30:00;172602N232;959;19.072;44;225;224;227;222;1.452;49.99;400.3;1.207;401.7;1.186;0.0;0.000;60;0;0;1.397;1.498;1.462;305;334;318;49.99;49.99;49.99;3231;1000;0.0;0;1.0000;0;0
600;2013-07-28 17:40:00;172602N232;908;19.223;44;224;223;227;221;1.414;49.99;409.6;1.121;401.1;1.115;0.0;0.000;60;0;0;1.353;1.477;1.413;286;319;300;49.99;49.99;49.99;3231;1000;0.0;0;1.0000;0;0
600;2013-07-28 17:50:00;172602N232;814;19.359;44;224;224;227;220;1.246;50.00;408.1;1.014;401.8;0.987;0.0;0.000;60;0;0;1.198;1.293;1.249;259;285;267;50.00;50.00;50.00;3231;1000;0.0;0;1.0000;0;0
600;2013-07-28 18:00:00;172602N232;697;19.475;44;223;223;225;220;1.157;50.01;406.1;0.873;401.2;0.843;0.0;0.000;60;0;0;1.212;1.144;1.115;227;239;229;50.01;50.01;50.01;3231;1000;0.0;0;1.0000;0;0
600;2013-07-28 18:10:00;172602N232;735;19.598;44;223;222;225;221;1.142;49.99;411.6;0.900;402.1;0.895;0.0;0.000;60;0;0;1.090;1.185;1.153;230;257;245;49.99;49.99;49.99;3231;1000;0.0;0;1.0000;0;0
600;2013-07-28 18:20:00;172602N232;617;19.702;44;223;222;225;221;0.975;50.00;407.2;0.763;400.0;0.751;0.0;0.000;60;0;0;0.917;1.020;0.990;191;217;207;50.00;50.00;50.00;3231;1000;0.0;0;1.0000;0;0
600;2013-07-28 18:30:00;172602N232;409;19.769;44;222;222;225;220;0.986;50.00;396.9;0.515;396.0;0.493;0.0;0.000;60;0;0;0.969;1.060;0.929;124;141;142;50.00;50.00;50.00;3231;1000;0.0;0;1.0000;0;0
600;2013-07-28 18:40:00;172602N232;378;19.832;44;221;222;224;219;1.143;49.99;392.1;0.474;395.2;0.462;0.0;0.000;60;0;0;1.164;1.219;1.048;109;136;131;49.99;49.99;49.99;3231;1000;0.0;0;1.0000;0;0
600;2013-07-28 18:50:00;172602N232;369;19.894;43;223;223;224;222;1.214;50.01;392.4;0.464;395.4;0.448;0.0;0.000;60;0;0;1.263;1.270;1.111;92;135;139;50.01;50.01;50.01;3231;1000;0.0;0;1.0000;0;0
600;2013-07-28 19:00:00;172602N232;369;19.956;43;222;222;224;221;1.228;50.02;401.3;0.455;396.4;0.445;0.0;0.000;60;0;0;1.246;1.303;1.136;96;128;143;50.02;50.02;50.02;3231;1000;0.0;0;1.0000;0;0
600;2013-07-28 19:10:00;172602N232;317;20.009;43;223;223;225;221;1.138;50.01;399.3;0.390;394.1;0.383;0.0;0.000;60;0;0;1.213;1.222;0.981;93;110;112;50.01;50.01;50.01;3231;1000;0.0;0;1.0000;0;0
600;2013-07-28 19:20:00;172602N232;298;20.058;42;223;224;225;221;1.137;49.99;394.1;0.368;393.1;0.361;0.0;0.000;60;0;0;1.272;1.200;0.939;82;108;105;49.99;49.99;49.99;3231;1000;0.0;0;1.0000;0;0
600;2013-07-28 19:30:00;172602N232;273;20.104;42;222;223;224;219;1.140;50.01;395.8;0.335;392.8;0.329;0.0;0.000;60;0;0;1.205;1.251;0.965;67;95;109;50.01;50.01;50.01;3231;1000;0.0;0;1.0000;0;0
600;2013-07-28 19:40:00;172602N232;303;20.155;42;223;223;225;221;1.153;50.01;385.7;0.382;395.1;0.369;0.0;0.000;60;0;0;1.258;1.212;0.990;87;105;109;50.01;50.01;50.01;3231;1000;0.0;0;1.0000;0;0
600;2013-07-28 19:50:00;172602N232;258;20.199;41;223;223;225;221;1.113;49.99;386.3;0.325;392.2;0.311;0.0;0.000;60;0;0;1.165;1.305;0.869;74;89;94;49.99;49.99;49.99;3231;1000;0.0;0;1.0000;0;0
600;2013-07-28 20:00:00;172602N232;173;20.227;41;223;223;225;222;1.020;50.01;386.4;0.211;385.2;0.204;0.0;0.000;60;0;0;1.290;1.035;0.736;42;61;68;50.01;50.01;50.01;3231;1000;0.0;0;1.0000;0;0
600;2013-07-28 20:10:00;172602N232;143;20.251;41;222;222;223;221;0.852;50.01;382.3;0.173;382.1;0.167;0.0;0.000;60;0;0;0.788;1.143;0.626;21;62;58;50.01;50.01;50.01;3231;1000;0.0;0;1.0000;0;0
600;2013-07-28 20:20:00;172602N232;128;20.273;41;222;222;224;221;0.919;49.99;375.0;0.156;379.7;0.152;0.0;0.000;60;0;0;0.834;1.173;0.751;33;23;70;49.99;49.99;49.99;3231;1000;0.0;0;1.0000;0;0
600;2013-07-28 20:30:00;172602N232;139;20.296;40;223;223;225;221;0.924;49.97;372.8;0.169;382.6;0.167;0.0;0.000;60;0;0;0.861;1.151;0.762;23;33;82;49.97;49.97;49.97;3231;1000;0.0;0;1.0000;0;0
600;2013-07-28 20:40:00;172602N232;67;20.307;40;222;223;223;219;0.831;49.98;352.7;0.080;362.6;0.077;0.0;0.000;60;0;0;0.967;0.872;0.654;0;23;50;49.98;49.98;49.98;3231;1000;0.0;0;1.0000;0;0
600;2013-07-28 20:50:00;172602N232;73;20.319;40;223;223;224;221;0.871;49.98;351.8;0.087;369.9;0.087;0.0;0.000;60;0;0;0.937;0.982;0.696;5;16;53;49.98;49.98;49.98;3231;1000;0.0;0;1.0000;0;0
600;2013-07-28 21:00:00;172602N232;55;20.330;40;225;225;227;224;0.763;49.98;341.6;0.060;355.3;0.064;0.0;0.000;60;0;0;0.751;0.951;0.588;8;5;43;49.98;49.98;49.98;3231;1000;0.0;0;1.0000;0;0
600;2013-07-28 21:10:00;172602N232;20;20.334;40;226;226;228;225;0.472;49.99;301.2;0.018;292.3;0.021;0.0;0.000;60;0;0;0.481;0.598;0.339;3;0;22;49.99;49.99;49.99;3231;1000;0.0;0;1.0000;0;0
600;2013-07-28 21:20:00;172602N232;18;20.337;39;226;227;228;224;0.420;49.98;298.6;0.014;280.7;0.019;0.0;0.000;60;0;0;0.456;0.508;0.298;2;3;20;49.98;49.98;49.98;3231;1000;0.0;0;1.0000;0;0
600;2013-07-28 21:30:00;172602N232;16;20.340;39;226;227;228;223;0.359;50.00;296.9;0.011;283.8;0.012;0.0;0.000;60;0;0;0.451;0.377;0.251;2;7;17;50.00;50.00;50.00;3231;1000;0.0;0;1.0000;0;0
600;2013-07-28 21:40:00;172602N232;0;20.340;38;224;224;225;222;0.052;49.47;246.4;0.000;246.7;0.000;0.0;0.000;50;0;0;0.067;0.053;0.037;0;0;1;49.47;49.47;49.47;2709;1000;0.0;0;1.0000;0;0
600;2013-07-28 21:50:00;172602N232;0;20.340;37;225;226;227;223;0.000;50.00;227.9;0.000;228.9;0.000;0.0;0.000;50;0;0;0.000;0.000;0.000;0;0;0;50.00;50.00;50.00;0;1000;0.0;0;1.0000;0;0
[wr_ende]
