20150511;230000;172602N232;My Plant;+0100
[wr_def_start]
172602N232;Inverter Type;Inverter Group;72602N232      
[wr_def_end]
[wr]
INTERVAL;TIMESTAMP;SERIAL;P_AC;E_DAY;T_WR;U_AC;U_AC_1;U_AC_2;U_AC_3;I_AC;F_AC;U_DC_1;I_DC_1;U_DC_2;I_DC_2;U_DC_3;I_DC_3;S;E_WR;M_WR;I_AC_1;I_AC_2;I_AC_3;P_AC_1;P_AC_2;P_AC_3;F_AC_1;F_AC_2;F_AC_3;R_DC;PC;PCS;PCS_LL;COS_PHI;COS_PHI_LL;S_COS_PHI
600;2015-05-11 04:30:00;172602N232;0;0.000;1;10;10;10;9;0.000;2.24;10.1;0.000;10.2;0.000;0.0;0.000;50;0;0;0.000;0.000;0.000;0;0;0;2.24;2.24;2.24;96;1000;0.0;0;1.0000;0;0
600;2015-05-11 04:40:00;172602N232;0;0.000;24;225;225;227;222;0.000;50.05;228.9;0.000;229.8;0.000;0.0;0.000;50;0;0;0.000;0.000;0.000;0;0;0;50.05;50.05;50.05;0;1000;0.0;0;1.0000;0;0
600;2015-05-11 04:50:00;172602N232;0;0.000;25;224;225;227;222;0.000;50.03;240.5;0.000;241.4;0.000;0.0;0.000;50;0;0;0.000;0.000;0.000;0;0;0;50.03;50.03;50.03;0;1000;0.0;0;1.0000;0;0
600;2015-05-11 05:00:00;172602N232;0;0.000;26;224;225;226;223;0.027;50.01;274.7;0.000;274.4;0.000;0.0;0.000;60;0;0;0.037;0.027;0.017;0;0;0;50.01;50.01;50.01;5358;1000;0.0;0;1.0000;0;0
600;2015-05-11 05:10:00;172602N232;20;0.002;26;224;225;225;223;0.370;50.00;307.8;0.011;317.4;0.013;0.0;0.000;60;0;0;0.417;0.439;0.256;4;3;16;50.00;50.00;50.00;8508;1000;0.0;0;1.0000;0;0
600;2015-05-11 05:20:00;172602N232;58;0.011;26;224;224;225;223;0.752;50.01;377.7;0.057;385.2;0.056;0.0;0.000;60;0;0;0.743;0.936;0.577;9;7;40;50.01;50.01;50.01;8508;1000;0.0;0;1.0000;0;0
600;2015-05-11 05:30:00;172602N232;96;0.028;27;224;224;226;223;0.917;50.03;397.8;0.104;398.9;0.102;0.0;0.000;60;0;0;0.881;1.129;0.743;20;15;59;50.03;50.03;50.03;8508;1000;0.0;0;1.0000;0;0
600;2015-05-11 05:40:00;172602N232;153;0.054;27;224;223;225;222;0.887;50.01;409.0;0.171;410.7;0.164;0.0;0.000;60;0;0;0.750;1.238;0.675;28;55;68;50.01;50.01;50.01;8508;1000;0.0;0;1.0000;0;0
600;2015-05-11 05:50:00;172602N232;189;0.085;28;223;223;224;220;1.004;50.01;412.8;0.215;415.1;0.204;0.0;0.000;60;0;0;1.131;1.178;0.704;32;75;80;50.01;50.01;50.01;8508;1000;0.0;0;1.0000;0;0
600;2015-05-11 06:00:00;172602N232;252;0.127;28;224;224;225;223;1.101;49.99;418.9;0.289;419.6;0.277;0.0;0.000;60;0;0;1.178;1.254;0.871;59;95;96;49.99;49.99;49.99;8508;1000;0.0;0;1.0000;0;0
600;2015-05-11 06:10:00;172602N232;349;0.186;28;223;224;224;221;1.234;49.99;425.7;0.405;427.4;0.383;0.0;0.000;60;0;0;1.304;1.277;1.122;75;125;147;49.99;49.99;49.99;8508;1000;0.0;0;1.0000;0;0
600;2015-05-11 06:20:00;172602N232;424;0.257;29;223;224;224;220;1.005;50.00;429.4;0.492;430.9;0.466;0.0;0.000;60;0;0;1.023;1.027;0.966;121;149;152;50.00;50.00;50.00;8508;1000;0.0;0;1.0000;0;0
600;2015-05-11 06:30:00;172602N232;459;0.334;29;222;223;222;220;0.971;49.96;428.4;0.537;432.1;0.504;0.0;0.000;60;0;0;0.959;1.009;0.946;146;164;147;49.96;49.96;49.96;8508;1000;0.0;0;1.0000;0;0
600;2015-05-11 06:40:00;172602N232;484;0.414;30;222;222;223;220;0.933;50.02;428.9;0.567;432.4;0.531;0.0;0.000;60;0;0;0.913;0.974;0.912;153;172;157;50.02;50.02;50.02;8508;1000;0.0;0;1.0000;0;0
600;2015-05-11 06:50:00;172602N232;491;0.497;30;222;222;223;221;0.943;49.99;425.8;0.576;426.7;0.553;0.0;0.000;60;0;0;0.915;0.986;0.928;155;174;161;49.99;49.99;49.99;8508;1000;0.0;0;1.0000;0;0
600;2015-05-11 07:00:00;172602N232;714;0.615;31;223;222;225;222;1.138;49.98;432.1;0.831;432.5;0.801;0.0;0.000;60;0;0;1.091;1.180;1.144;224;250;238;49.98;49.98;49.98;8508;1000;0.0;0;1.0000;0;0
600;2015-05-11 07:10:00;172602N232;709;0.734;31;223;223;225;222;1.100;50.01;432.6;0.829;432.6;0.792;0.0;0.000;60;0;0;1.047;1.145;1.110;223;248;236;50.01;50.01;50.01;8508;1000;0.0;0;1.0000;0;0
600;2015-05-11 07:20:00;172602N232;658;0.843;32;222;222;224;221;1.029;49.99;430.2;0.764;429.0;0.748;0.0;0.000;60;0;0;0.975;1.075;1.039;206;230;220;49.99;49.99;49.99;8508;1000;0.0;0;1.0000;0;0
600;2015-05-11 07:30:00;172602N232;734;0.966;32;222;222;224;221;1.147;49.99;431.4;0.854;430.4;0.832;0.0;0.000;60;0;0;1.098;1.190;1.154;232;255;244;49.99;49.99;49.99;8508;1000;0.0;0;1.0000;0;0
600;2015-05-11 07:40:00;172602N232;792;1.099;33;222;221;225;220;1.228;50.01;432.1;0.925;432.3;0.894;0.0;0.000;60;0;0;1.171;1.276;1.238;249;278;264;50.01;50.01;50.01;8508;1000;0.0;0;1.0000;0;0
600;2015-05-11 07:50:00;172602N232;871;1.243;33;222;222;225;220;1.340;50.00;431.8;1.019;432.2;0.982;0.0;0.000;60;0;0;1.286;1.387;1.347;276;304;288;50.00;50.00;50.00;8508;1000;0.0;0;1.0000;0;0
600;2015-05-11 08:00:00;172602N232;874;1.390;33;223;222;224;221;1.341;50.00;428.2;1.031;430.2;0.991;0.0;0.000;60;0;0;1.288;1.381;1.356;278;303;292;50.00;50.00;50.00;8508;1000;0.0;0;1.0000;0;0
600;2015-05-11 08:10:00;172602N232;960;1.550;34;222;222;224;221;1.467;50.00;429.2;1.171;436.8;1.037;0.0;0.000;60;0;0;1.414;1.510;1.478;306;332;319;50.00;50.00;50.00;8508;1000;0.0;0;1.0000;0;0
600;2015-05-11 08:20:00;172602N232;1074;1.730;34;223;222;225;221;1.639;49.99;430.8;1.359;441.5;1.100;0.0;0.000;60;0;0;1.591;1.681;1.645;345;371;356;49.99;49.99;49.99;8508;1000;0.0;0;1.0000;0;0
600;2015-05-11 08:30:00;172602N232;1136;1.919;34;223;222;226;220;1.767;49.99;432.5;1.467;444.5;1.121;0.0;0.000;60;0;0;1.710;1.844;1.749;362;401;371;49.99;49.99;49.99;8508;1000;0.0;0;1.0000;0;0
600;2015-05-11 08:40:00;172602N232;1363;2.145;35;223;223;226;222;2.083;49.97;427.0;1.786;447.1;1.342;0.0;0.000;60;0;0;2.033;2.136;2.081;439;471;451;49.97;49.97;49.97;8508;1000;0.0;0;1.0000;0;0
600;2015-05-11 08:50:00;172602N232;1463;2.390;35;225;225;228;223;2.209;49.99;425.3;1.925;444.6;1.452;0.0;0.000;60;0;0;2.157;2.266;2.206;472;506;483;49.99;49.99;49.99;8508;1000;0.0;0;1.0000;0;0
600;2015-05-11 09:00:00;172602N232;1608;2.658;35;224;223;227;223;2.411;49.99;423.8;2.087;445.4;1.634;0.0;0.000;60;0;0;2.343;2.484;2.406;517;559;530;49.99;49.99;49.99;8508;1000;0.0;0;1.0000;0;0
600;2015-05-11 09:10:00;172602N232;1508;2.909;35;224;222;227;222;2.271;49.99;421.6;1.957;440.2;1.559;0.0;0.000;60;0;0;2.194;2.353;2.267;481;526;499;49.99;49.99;49.99;8508;1000;0.0;0;1.0000;0;0
600;2015-05-11 09:20:00;172602N232;1803;3.210;35;224;222;227;221;2.710;49.99;420.4;2.419;446.0;1.779;0.0;0.000;60;0;0;2.637;2.797;2.698;579;630;591;49.99;49.99;49.99;8508;1000;0.0;0;1.0000;0;0
600;2015-05-11 09:30:00;172602N232;1878;3.523;36;223;222;226;221;2.824;50.01;420.2;2.445;436.8;1.969;0.0;0.000;60;0;0;2.759;2.902;2.813;608;652;617;50.01;50.01;50.01;8508;1000;0.0;0;1.0000;0;0
600;2015-05-11 09:40:00;172602N232;1752;3.815;36;223;222;226;222;2.631;49.99;422.1;2.189;437.6;1.908;0.0;0.000;60;0;0;2.567;2.696;2.630;566;605;579;49.99;49.99;49.99;8508;1000;0.0;0;1.0000;0;0
600;2015-05-11 09:50:00;172602N232;1958;4.142;36;223;222;226;221;2.943;49.98;420.0;2.487;431.3;2.147;0.0;0.000;60;0;0;2.886;3.013;2.932;636;676;644;49.98;49.98;49.98;8508;1000;0.0;0;1.0000;0;0
600;2015-05-11 10:00:00;172602N232;2501;4.558;36;226;226;228;223;3.710;49.99;417.0;3.204;422.1;2.816;0.0;0.000;60;0;0;3.677;3.790;3.664;825;861;813;49.99;49.99;49.99;8508;1000;0.0;0;1.0000;0;0
600;2015-05-11 10:10:00;172602N232;2485;4.973;37;226;226;229;222;3.680;49.99;413.1;3.145;420.6;2.870;0.0;0.000;60;0;0;3.643;3.771;3.628;819;860;803;49.99;49.99;49.99;8508;1000;0.0;0;1.0000;0;0
600;2015-05-11 10:20:00;172602N232;2479;5.386;37;226;226;229;223;3.670;50.01;412.5;3.095;420.9;2.910;0.0;0.000;60;0;0;3.614;3.761;3.637;813;858;807;50.01;50.01;50.01;8508;1000;0.0;0;1.0000;0;0
600;2015-05-11 10:30:00;172602N232;2433;5.792;37;226;226;229;222;3.603;50.00;414.7;3.002;419.6;2.880;0.0;0.000;60;0;0;3.548;3.715;3.548;798;849;784;50.00;50.00;50.00;8508;1000;0.0;0;1.0000;0;0
600;2015-05-11 10:40:00;172602N232;3023;6.296;38;227;226;231;223;4.451;50.00;412.7;3.747;417.5;3.625;0.0;0.000;60;0;0;4.381;4.584;4.390;987;1057;977;50.00;50.00;50.00;8508;1000;0.0;0;1.0000;0;0
600;2015-05-11 10:50:00;172602N232;3762;6.923;40;227;226;232;224;5.530;49.99;405.3;4.734;407.0;4.656;0.0;0.000;60;0;0;5.445;5.686;5.459;1225;1314;1221;49.99;49.99;49.99;8508;1000;0.0;0;1.0000;0;0
600;2015-05-11 11:00:00;172602N232;3653;7.531;39;227;226;231;223;5.370;49.99;402.9;4.622;403.8;4.561;0.0;0.000;60;0;0;5.307;5.521;5.284;1199;1275;1178;49.99;49.99;49.99;8508;1000;0.0;0;1.0000;0;0
600;2015-05-11 11:10:00;172602N232;3924;8.186;40;228;227;232;224;5.747;49.99;399.8;5.001;400.2;4.953;0.0;0.000;60;0;0;5.689;5.907;5.646;1290;1369;1263;49.99;49.99;49.99;8508;1000;0.0;0;1.0000;0;0
600;2015-05-11 11:20:00;172602N232;3979;8.849;40;228;227;232;225;5.820;50.00;398.3;5.088;398.8;5.044;0.0;0.000;60;0;0;5.764;5.964;5.732;1308;1382;1286;50.00;50.00;50.00;8508;1000;0.0;0;1.0000;0;0
600;2015-05-11 11:30:00;172602N232;4845;9.657;41;229;228;234;224;7.063;50.02;391.0;6.321;391.1;6.280;0.0;0.000;60;0;0;6.974;7.268;6.947;1585;1701;1558;50.02;50.02;50.02;8508;1000;0.0;0;1.0000;0;0
600;2015-05-11 11:40:00;172602N232;4537;10.413;41;227;227;232;223;6.654;50.02;390.1;5.930;390.2;5.893;0.0;0.000;60;0;0;6.585;6.845;6.533;1492;1587;1456;50.02;50.02;50.02;8508;1000;0.0;0;1.0000;0;0
600;2015-05-11 11:50:00;172602N232;3647;11.021;41;227;227;231;223;5.365;50.00;393.1;4.732;393.3;4.680;0.0;0.000;60;0;0;5.311;5.503;5.282;1202;1269;1174;50.00;50.00;50.00;8508;1000;0.0;0;1.0000;0;0
600;2015-05-11 12:00:00;172602N232;3198;11.555;41;226;226;230;222;4.719;49.99;400.8;4.069;400.8;4.010;0.0;0.000;60;0;0;4.666;4.849;4.644;1052;1115;1030;49.99;49.99;50.00;8508;1000;0.0;0;1.0000;0;0
600;2015-05-11 12:10:00;172602N232;3947;12.212;41;226;225;231;222;5.818;49.97;393.1;5.113;393.8;5.066;0.0;0.000;60;0;0;5.745;5.992;5.718;1294;1384;1268;49.97;49.97;49.97;8508;1000;0.0;0;1.0000;0;0
600;2015-05-11 12:20:00;172602N232;4510;12.965;41;226;226;231;222;6.639;50.01;393.0;5.853;393.4;5.813;0.0;0.000;60;0;0;6.597;6.809;6.512;1491;1570;1446;50.01;50.01;50.01;8508;1000;0.0;0;1.0000;0;0
600;2015-05-11 12:30:00;172602N232;4919;13.784;42;227;227;230;223;7.235;50.02;386.5;6.487;386.5;6.460;0.0;0.000;60;0;0;7.222;7.396;7.088;1639;1701;1577;50.02;50.02;50.02;8508;1000;0.0;0;1.0000;0;0
600;2015-05-11 12:40:00;172602N232;4747;14.576;42;226;227;230;222;6.989;49.99;381.5;6.339;381.8;6.318;0.0;0.000;60;0;0;6.967;7.159;6.843;1580;1647;1519;49.99;49.99;49.99;8508;1000;0.0;0;1.0000;0;0
600;2015-05-11 12:50:00;172602N232;4850;15.385;42;227;227;231;222;7.130;50.00;381.3;6.488;381.1;6.465;0.0;0.000;60;0;0;7.097;7.305;6.990;1609;1686;1552;50.00;50.00;50.00;8508;1000;0.0;0;1.0000;0;0
600;2015-05-11 13:00:00;172602N232;3528;15.974;42;226;226;229;223;5.211;50.01;388.4;4.626;385.9;4.621;0.0;0.000;60;0;0;5.157;5.326;5.152;1161;1220;1145;50.01;50.01;50.01;8508;1000;0.0;0;1.0000;0;0
600;2015-05-11 13:10:00;172602N232;3966;16.635;42;227;226;231;223;5.836;49.99;388.7;5.203;388.2;5.159;0.0;0.000;60;0;0;5.782;5.981;5.746;1306;1380;1279;49.99;49.99;49.99;8508;1000;0.0;0;1.0000;0;0
600;2015-05-11 13:20:00;172602N232;4290;17.350;42;227;226;231;223;6.304;50.01;388.9;5.634;388.9;5.589;0.0;0.000;60;0;0;6.245;6.458;6.211;1413;1491;1384;50.01;50.01;50.01;8508;1000;0.0;0;1.0000;0;0
600;2015-05-11 13:30:00;172602N232;4854;18.158;42;227;227;232;223;7.115;50.01;383.1;6.454;383.6;6.429;0.0;0.000;60;0;0;7.053;7.288;7.006;1598;1691;1562;50.01;50.01;50.01;8508;1000;0.0;0;1.0000;0;0
600;2015-05-11 13:40:00;172602N232;4917;18.979;43;227;226;232;224;7.206;49.98;378.0;6.625;378.6;6.605;0.0;0.000;60;0;0;7.115;7.411;7.094;1607;1720;1587;49.98;49.98;49.98;8508;1000;0.0;0;1.0000;0;0
600;2015-05-11 13:50:00;172602N232;4882;19.793;43;227;224;232;225;7.167;49.99;379.4;6.556;379.5;6.539;0.0;0.000;60;0;0;7.004;7.390;7.109;1567;1717;1597;49.99;49.99;49.99;8508;1000;0.0;0;1.0000;0;0
600;2015-05-11 14:00:00;172602N232;4851;20.601;43;227;225;232;224;7.115;49.99;380.1;6.504;379.8;6.488;0.0;0.000;60;0;0;6.992;7.313;7.042;1573;1696;1580;49.99;49.99;49.99;8508;1000;0.0;0;1.0000;0;0
600;2015-05-11 14:10:00;172602N232;4802;21.402;43;227;225;233;224;7.048;50.00;380.1;6.439;379.8;6.421;0.0;0.000;60;0;0;6.917;7.268;6.960;1555;1689;1556;50.00;50.00;50.00;8508;1000;0.0;0;1.0000;0;0
600;2015-05-11 14:20:00;172602N232;4114;22.087;43;226;224;231;224;6.053;50.01;381.7;5.490;381.7;5.474;0.0;0.000;60;0;0;5.937;6.226;5.998;1331;1441;1339;50.01;50.01;50.01;8508;1000;0.0;0;1.0000;0;0
600;2015-05-11 14:30:00;172602N232;4323;22.808;43;227;226;232;224;6.333;50.01;385.7;5.706;385.5;5.687;0.0;0.000;60;0;0;6.232;6.512;6.257;1406;1511;1403;50.01;50.01;50.01;8508;1000;0.0;0;1.0000;0;0
600;2015-05-11 14:40:00;172602N232;3478;23.388;43;227;226;231;225;5.104;50.00;393.6;4.508;387.8;4.548;0.0;0.000;60;0;0;5.030;5.228;5.055;1136;1209;1133;50.00;50.00;50.00;8508;1000;0.0;0;1.0000;0;0
600;2015-05-11 14:50:00;172602N232;3023;23.893;43;227;226;231;224;4.444;50.00;398.0;3.843;390.3;3.926;0.0;0.000;60;0;0;4.383;4.552;4.397;990;1050;982;50.00;50.00;50.00;8508;1000;0.0;0;1.0000;0;0
600;2015-05-11 15:00:00;172602N232;2299;24.276;43;225;224;227;223;3.422;49.99;406.0;2.840;395.7;2.946;0.0;0.000;60;0;0;3.367;3.495;3.406;751;791;754;49.99;49.99;49.99;8508;1000;0.0;0;1.0000;0;0
600;2015-05-11 15:10:00;172602N232;4265;24.987;43;226;225;230;223;6.283;49.99;388.9;5.584;388.9;5.579;0.0;0.000;60;0;0;6.199;6.453;6.199;1396;1490;1381;49.99;49.99;49.99;8508;1000;0.0;0;1.0000;0;0
600;2015-05-11 15:20:00;172602N232;4726;25.776;43;226;226;230;222;6.960;49.98;382.6;6.303;382.6;6.270;0.0;0.000;60;0;0;6.908;7.150;6.824;1560;1645;1517;49.98;49.98;49.98;8508;1000;0.0;0;1.0000;0;0
600;2015-05-11 15:30:00;172602N232;4767;26.569;43;226;224;230;223;7.040;49.99;379.0;6.424;378.0;6.392;0.0;0.000;60;0;0;6.939;7.237;6.946;1555;1664;1546;49.99;49.99;49.99;8508;1000;0.0;0;1.0000;0;0
600;2015-05-11 15:40:00;172602N232;4278;27.284;44;226;223;231;223;6.321;50.00;383.5;5.687;382.8;5.661;0.0;0.000;60;0;0;6.193;6.507;6.264;1382;1501;1393;50.00;50.00;50.00;8508;1000;0.0;0;1.0000;0;0
600;2015-05-11 15:50:00;172602N232;4025;27.953;44;226;225;231;222;5.940;49.99;385.5;5.315;384.9;5.297;0.0;0.000;60;0;0;5.854;6.127;5.840;1315;1412;1295;49.99;49.99;49.99;8508;1000;0.0;0;1.0000;0;0
600;2015-05-11 16:00:00;172602N232;2500;28.370;43;224;224;228;221;3.728;49.99;388.8;3.201;389.7;3.254;0.0;0.000;60;0;0;3.665;3.841;3.679;816;873;808;49.99;49.99;49.99;8508;1000;0.0;0;1.0000;0;0
600;2015-05-11 16:10:00;172602N232;3883;29.017;43;225;226;228;222;5.754;49.99;385.7;5.055;386.6;5.161;0.0;0.000;60;0;0;5.719;5.877;5.668;1288;1341;1253;49.99;49.99;49.99;8508;1000;0.0;0;1.0000;0;0
600;2015-05-11 16:20:00;172602N232;1583;29.280;43;223;223;225;221;2.425;49.99;380.1;2.073;383.0;2.109;0.0;0.000;60;0;0;2.404;2.469;2.402;517;545;519;49.99;49.99;49.99;8508;1000;0.0;0;1.0000;0;0
600;2015-05-11 16:30:00;172602N232;1556;29.540;43;222;222;224;221;2.356;50.01;392.2;1.942;397.3;2.013;0.0;0.000;60;0;0;2.300;2.412;2.356;504;540;514;50.01;50.01;50.01;8508;1000;0.0;0;1.0000;0;0
600;2015-05-11 16:40:00;172602N232;2365;29.935;43;224;225;226;220;3.606;50.00;390.0;2.997;399.2;3.026;0.0;0.000;60;0;0;3.632;3.656;3.532;784;813;765;50.00;50.00;50.00;8508;1000;0.0;0;1.0000;0;0
600;2015-05-11 16:50:00;172602N232;3704;30.552;43;225;225;228;222;5.494;49.98;383.5;4.845;393.5;4.828;0.0;0.000;60;0;0;5.472;5.597;5.415;1231;1272;1199;49.98;49.98;49.98;8508;1000;0.0;0;1.0000;0;0
600;2015-05-11 17:00:00;172602N232;3018;31.057;43;224;225;227;221;4.498;49.99;380.9;3.969;389.0;3.965;0.0;0.000;60;0;0;4.475;4.600;4.421;1001;1044;973;49.99;49.99;49.99;8508;1000;0.0;0;1.0000;0;0
600;2015-05-11 17:10:00;172602N232;3143;31.581;43;224;225;227;221;4.677;50.00;380.0;4.145;389.4;4.138;0.0;0.000;60;0;0;4.650;4.783;4.600;1043;1084;1014;50.00;50.00;50.00;8508;1000;0.0;0;1.0000;0;0
600;2015-05-11 17:20:00;172602N232;2872;32.058;43;224;224;227;221;4.293;50.00;385.1;3.727;394.3;3.731;0.0;0.000;60;0;0;4.247;4.385;4.248;947;989;934;50.00;50.00;50.00;8508;1000;0.0;0;1.0000;0;0
600;2015-05-11 17:30:00;172602N232;2510;32.476;43;223;224;225;221;3.764;50.00;382.2;3.251;402.7;3.215;0.0;0.000;60;0;0;3.717;3.841;3.736;827;861;820;50.00;50.00;50.00;8508;1000;0.0;0;1.0000;0;0
600;2015-05-11 17:40:00;172602N232;2369;32.872;43;224;224;226;221;3.549;50.01;378.2;3.132;411.6;2.936;0.0;0.000;60;0;0;3.509;3.622;3.518;781;814;773;50.01;50.01;50.01;8508;1000;0.0;0;1.0000;0;0
600;2015-05-11 17:50:00;172602N232;1566;33.134;43;223;222;225;221;2.381;49.99;378.7;2.057;388.6;2.053;0.0;0.000;60;0;0;2.333;2.437;2.373;507;541;517;49.99;49.99;49.99;8508;1000;0.0;0;1.0000;0;0
600;2015-05-11 18:00:00;172602N232;1807;33.435;43;223;223;226;221;2.721;49.97;384.0;2.341;393.6;2.343;0.0;0.000;60;0;0;2.669;2.785;2.710;589;622;594;49.97;49.97;49.97;8508;1000;0.0;0;1.0000;0;0
600;2015-05-11 18:10:00;172602N232;1589;33.699;43;223;224;226;220;2.390;49.97;386.2;2.030;392.4;2.070;0.0;0.000;60;0;0;2.351;2.455;2.366;520;549;517;49.97;49.97;49.97;8508;1000;0.0;0;1.0000;0;0
600;2015-05-11 18:20:00;172602N232;1103;33.883;42;223;223;225;220;1.723;49.97;370.9;1.444;392.4;1.447;0.0;0.000;60;0;0;1.677;1.785;1.708;356;385;361;49.97;49.97;49.97;8508;1000;0.0;0;1.0000;0;0
600;2015-05-11 18:30:00;172602N232;695;34.000;42;222;222;225;220;1.115;49.98;373.0;0.899;393.4;0.904;0.0;0.000;60;0;0;1.068;1.165;1.112;218;244;230;49.98;49.98;49.98;8508;1000;0.0;0;1.0000;0;0
600;2015-05-11 18:40:00;172602N232;196;34.033;42;223;223;224;221;1.054;49.99;367.7;0.244;377.0;0.252;0.0;0.000;60;0;0;1.269;1.109;0.786;48;70;76;49.99;49.99;49.99;8508;1000;0.0;0;1.0000;0;0
600;2015-05-11 18:50:00;172602N232;258;34.076;41;223;222;224;221;1.090;49.98;386.6;0.313;387.4;0.322;0.0;0.000;60;0;0;1.193;1.228;0.849;71;94;91;49.98;49.98;49.98;8508;1000;0.0;0;1.0000;0;0
600;2015-05-11 19:00:00;172602N232;350;34.134;41;223;223;224;221;1.152;49.99;388.1;0.432;394.6;0.434;0.0;0.000;60;0;0;1.203;1.220;1.033;102;122;123;49.99;49.99;49.99;8508;1000;0.0;0;1.0000;0;0
600;2015-05-11 19:10:00;172602N232;403;34.202;41;223;223;225;223;1.138;50.00;398.1;0.492;397.4;0.493;0.0;0.000;60;0;0;1.160;1.227;1.027;128;141;132;50.00;50.00;50.00;8508;1000;0.0;0;1.0000;0;0
600;2015-05-11 19:20:00;172602N232;208;34.236;40;224;224;224;223;0.991;49.99;383.4;0.252;385.3;0.255;0.0;0.000;60;0;0;1.187;0.913;0.873;52;69;85;49.99;49.99;49.99;8508;1000;0.0;0;1.0000;0;0
600;2015-05-11 19:30:00;172602N232;167;34.264;40;224;225;224;223;1.031;49.99;376.3;0.201;382.1;0.206;0.0;0.000;60;0;0;1.438;0.858;0.797;16;84;67;49.99;49.99;49.99;8508;1000;0.0;0;1.0000;0;0
600;2015-05-11 19:40:00;172602N232;199;34.297;40;224;224;225;223;0.963;49.99;377.9;0.243;386.6;0.244;0.0;0.000;60;0;0;1.079;0.917;0.893;44;61;93;49.99;49.99;49.99;8508;1000;0.0;0;1.0000;0;0
600;2015-05-11 19:50:00;172602N232;135;34.321;40;224;225;226;221;1.010;50.00;371.6;0.161;378.1;0.162;0.0;0.000;60;0;0;1.420;0.911;0.701;16;61;65;50.00;50.00;50.00;8508;1000;0.0;0;1.0000;0;0
600;2015-05-11 20:00:00;172602N232;45;34.328;39;224;226;226;221;0.583;49.99;338.7;0.043;350.0;0.047;0.0;0.000;60;0;0;0.699;0.565;0.485;0;27;37;49.99;49.99;49.99;8508;1000;0.0;0;1.0000;0;0
600;2015-05-11 20:10:00;172602N232;34;34.334;39;224;225;224;222;0.527;49.98;325.8;0.030;331.3;0.034;0.0;0.000;60;0;0;0.696;0.478;0.407;0;24;26;49.98;49.98;49.98;8508;1000;0.0;0;1.0000;0;0
600;2015-05-11 20:20:00;172602N232;15;34.336;38;224;225;225;222;0.332;49.99;279.6;0.008;287.6;0.012;0.0;0.000;60;0;0;0.461;0.304;0.231;0;10;15;49.99;49.99;49.99;8508;1000;0.0;0;1.0000;0;0
600;2015-05-11 20:30:00;172602N232;1;34.337;38;224;225;225;222;0.043;49.98;251.6;0.000;252.0;0.000;0.0;0.000;60;0;0;0.063;0.035;0.032;0;1;1;49.98;49.98;49.98;8508;1000;0.0;0;1.0000;0;0
600;2015-05-11 20:40:00;172602N232;0;34.337;37;224;224;227;222;0.000;49.97;283.3;0.000;282.5;0.000;0.0;0.000;50;0;0;0.000;0.000;0.000;0;0;0;49.97;49.97;49.97;8508;1000;0.0;0;1.0000;0;0
600;2015-05-11 20:50:00;172602N232;0;34.337;36;224;224;227;222;0.000;49.98;237.4;0.000;238.3;0.000;0.0;0.000;50;0;0;0.000;0.000;0.000;0;0;0;49.98;49.98;49.98;8508;1000;0.0;0;1.0000;0;0
600;2015-05-11 21:00:00;172602N232;0;34.337;36;223;222;227;221;0.000;50.01;275.5;0.000;275.1;0.000;0.0;0.000;51;0;0;0.000;0.000;0.000;0;0;0;50.01;50.01;50.01;9332;1000;0.0;0;1.0000;0;0
600;2015-05-11 21:10:00;172602N232;0;34.337;35;223;222;225;221;0.000;50.00;229.4;0.000;230.4;0.000;0.0;0.000;51;0;0;0.000;0.000;0.000;0;0;0;50.00;50.00;50.00;11725;1000;0.0;0;1.0000;0;0
[wr_ende]
