20160412;230004;172602N232;My Plant;+0100
[wr_def_start]
172602N232;Inverter Type;Inverter Group;72602N232      
[wr_def_end]
[wr]
INTERVAL;TIMESTAMP;SERIAL;P_AC;E_DAY;T_WR;U_AC;U_AC_1;U_AC_2;U_AC_3;I_AC;F_AC;U_DC_1;I_DC_1;U_DC_2;I_DC_2;U_DC_3;I_DC_3;S;E_WR;M_WR;I_AC_1;I_AC_2;I_AC_3;P_AC_1;P_AC_2;P_AC_3;F_AC_1;F_AC_2;F_AC_3;R_DC;PC;PCS;PCS_LL;COS_PHI;COS_PHI_LL;S_COS_PHI
600;2016-04-12 05:20:00;172602N232;0;0.000;0;2;2;2;2;0.000;0.55;2.4;0.000;2.4;0.000;0.0;0.000;50;0;0;0.000;0.000;0.000;0;0;0;0.55;0.55;0.55;54;1000;0.0;0;1.0000;0;0
600;2016-04-12 05:30:00;172602N232;0;0.000;20;226;225;229;224;0.000;50.00;229.0;0.000;230.0;0.000;0.0;0.000;50;0;0;0.000;0.000;0.000;0;0;0;50.00;50.00;50.00;0;1000;0.0;0;1.0000;0;0
600;2016-04-12 05:40:00;172602N232;0;0.000;22;227;228;230;224;0.000;49.99;240.9;0.000;241.7;0.000;0.0;0.000;50;0;0;0.000;0.000;0.000;0;0;0;49.99;49.99;49.99;0;1000;0.0;0;1.0000;0;0
600;2016-04-12 05:50:00;172602N232;0;0.000;22;226;226;228;224;0.010;49.99;294.6;0.000;293.9;0.000;0.0;0.000;60;0;0;0.010;0.013;0.009;0;0;0;49.99;49.99;49.99;5176;1000;0.0;0;1.0000;0;0
600;2016-04-12 06:00:00;172602N232;11;0.000;23;225;224;225;225;0.266;49.99;287.8;0.003;298.0;0.005;0.0;0.000;60;0;0;0.264;0.301;0.235;6;7;5;49.99;49.99;49.99;6851;1000;0.0;0;1.0000;0;0
600;2016-04-12 06:10:00;172602N232;37;0.007;23;224;224;223;224;0.494;50.00;364.2;0.026;379.9;0.029;0.0;0.000;60;0;0;0.552;0.498;0.433;3;23;14;50.00;50.00;50.00;6851;1000;0.0;0;1.0000;0;0
600;2016-04-12 06:20:00;172602N232;60;0.017;23;223;224;224;222;0.762;49.99;393.4;0.054;400.7;0.055;0.0;0.000;60;0;0;0.888;0.819;0.579;2;21;39;49.99;49.99;49.99;6851;1000;0.0;0;1.0000;0;0
600;2016-04-12 06:30:00;172602N232;89;0.033;24;222;222;222;221;0.930;50.05;410.7;0.089;413.5;0.087;0.0;0.000;60;0;0;1.287;0.805;0.700;4;42;51;50.05;50.05;50.05;6851;1000;0.0;0;1.0000;0;0
600;2016-04-12 06:40:00;172602N232;130;0.054;24;221;221;221;221;0.959;50.00;424.3;0.136;424.7;0.132;0.0;0.000;60;0;0;1.163;0.902;0.814;24;58;46;50.00;50.00;50.00;6851;1000;0.0;0;1.0000;0;0
600;2016-04-12 06:50:00;172602N232;212;0.090;25;223;222;225;223;1.062;49.98;433.6;0.231;436.3;0.218;0.0;0.000;60;0;0;0.957;1.418;0.812;64;65;81;49.98;49.98;49.98;6851;1000;0.0;0;1.0000;0;0
600;2016-04-12 07:00:00;172602N232;361;0.150;25;224;224;226;223;1.179;49.99;446.4;0.398;449.7;0.374;0.0;0.000;60;0;0;1.197;1.301;1.040;107;123;130;49.99;49.99;49.99;6851;1000;0.0;0;1.0000;0;0
600;2016-04-12 07:10:00;172602N232;429;0.222;25;224;224;225;222;0.932;49.99;435.1;0.483;443.6;0.466;0.0;0.000;60;0;0;0.911;0.987;0.900;133;156;139;49.99;49.99;49.99;6851;1000;0.0;0;1.0000;0;0
600;2016-04-12 07:20:00;172602N232;324;0.276;26;224;224;225;223;0.931;49.99;428.3;0.363;443.0;0.349;0.0;0.000;60;0;0;0.945;1.023;0.827;100;116;106;49.99;49.99;49.99;6851;1000;0.0;0;1.0000;0;0
600;2016-04-12 07:30:00;172602N232;275;0.322;26;223;223;225;222;1.145;50.03;438.0;0.303;440.1;0.287;0.0;0.000;60;0;0;1.111;1.303;1.023;77;91;105;50.03;50.03;50.03;6851;1000;0.0;0;1.0000;0;0
600;2016-04-12 07:40:00;172602N232;418;0.393;27;223;223;224;223;1.073;49.99;447.1;0.470;448.7;0.430;0.0;0.000;60;0;0;1.081;1.099;1.039;128;149;139;49.99;49.99;49.99;6851;1000;0.0;0;1.0000;0;0
600;2016-04-12 07:50:00;172602N232;632;0.497;27;224;223;225;223;0.985;50.00;451.5;0.708;453.7;0.664;0.0;0.000;60;0;0;0.934;1.025;0.996;198;220;212;50.00;50.00;50.00;6851;1000;0.0;0;1.0000;0;0
600;2016-04-12 08:00:00;172602N232;702;0.615;27;224;223;225;223;1.088;49.99;444.1;0.807;447.2;0.748;0.0;0.000;60;0;0;1.036;1.130;1.100;221;244;236;49.99;49.99;49.99;6851;1000;0.0;0;1.0000;0;0
600;2016-04-12 08:10:00;172602N232;880;0.761;28;224;223;226;223;1.345;50.00;448.1;1.013;457.0;0.915;0.0;0.000;60;0;0;1.294;1.388;1.355;279;305;294;50.00;50.00;50.00;6851;1000;0.0;0;1.0000;0;0
600;2016-04-12 08:20:00;172602N232;1136;0.951;28;225;224;227;223;1.770;50.00;459.2;1.297;464.3;1.152;0.0;0.000;60;0;0;1.730;1.807;1.774;363;393;379;50.00;50.00;50.00;6851;1000;0.0;0;1.0000;0;0
600;2016-04-12 08:30:00;172602N232;1277;1.163;29;226;225;227;225;1.957;49.97;457.5;1.556;467.0;1.204;0.0;0.000;60;0;0;1.922;1.979;1.970;414;435;427;49.97;49.97;49.97;6851;1000;0.0;0;1.0000;0;0
600;2016-04-12 08:40:00;172602N232;1132;1.353;29;225;224;226;225;1.738;49.99;442.2;1.383;452.9;1.139;0.0;0.000;60;0;0;1.692;1.773;1.750;364;387;379;49.99;49.99;49.99;6851;1000;0.0;0;1.0000;0;0
600;2016-04-12 08:50:00;172602N232;1214;1.555;30;225;224;227;224;1.891;50.01;436.5;1.472;448.2;1.270;0.0;0.000;60;0;0;1.846;1.928;1.900;389;418;406;50.01;50.01;50.01;6851;1000;0.0;0;1.0000;0;0
600;2016-04-12 09:00:00;172602N232;1227;1.760;30;224;224;226;224;1.884;50.01;435.3;1.491;448.5;1.283;0.0;0.000;60;0;0;1.850;1.916;1.888;397;420;407;50.01;50.01;50.01;6851;1000;0.0;0;1.0000;0;0
600;2016-04-12 09:10:00;172602N232;1205;1.961;30;225;224;226;224;1.875;50.01;429.5;1.464;444.7;1.293;0.0;0.000;60;0;0;1.839;1.905;1.882;390;411;401;50.01;50.01;50.01;6851;1000;0.0;0;1.0000;0;0
600;2016-04-12 09:20:00;172602N232;1391;2.193;31;225;224;226;224;2.106;50.03;430.8;1.689;436.2;1.528;0.0;0.000;60;0;0;2.056;2.153;2.111;450;477;462;50.03;50.03;50.03;6851;1000;0.0;0;1.0000;0;0
600;2016-04-12 09:30:00;172602N232;1556;2.452;31;225;224;227;224;2.319;49.98;429.9;1.895;429.5;1.740;0.0;0.000;60;0;0;2.259;2.376;2.323;502;535;517;49.98;49.98;49.98;6851;1000;0.0;0;1.0000;0;0
600;2016-04-12 09:40:00;172602N232;1268;2.665;31;224;224;226;223;1.990;50.00;433.5;1.465;427.0;1.485;0.0;0.000;60;0;0;1.964;2.014;1.993;409;436;422;50.00;50.00;50.00;6851;1000;0.0;0;1.0000;0;0
600;2016-04-12 09:50:00;172602N232;1327;2.885;31;225;224;227;224;2.029;50.01;434.4;1.521;423.4;1.579;0.0;0.000;60;0;0;1.973;2.096;2.018;426;458;440;50.01;50.01;50.01;6851;1000;0.0;0;1.0000;0;0
600;2016-04-12 10:00:00;172602N232;824;3.022;32;224;224;226;222;1.271;49.99;417.5;0.967;420.7;0.984;0.0;0.000;60;0;0;1.222;1.317;1.276;261;287;274;49.99;49.99;49.99;6851;1000;0.0;0;1.0000;0;0
600;2016-04-12 10:10:00;172602N232;395;3.089;32;224;223;226;222;0.833;50.01;406.3;0.469;413.7;0.468;0.0;0.000;60;0;0;0.824;0.891;0.786;120;140;133;50.01;50.01;50.01;6851;1000;0.0;0;1.0000;0;0
600;2016-04-12 10:20:00;172602N232;357;3.148;32;224;223;225;223;1.105;50.01;415.1;0.415;413.0;0.416;0.0;0.000;60;0;0;1.128;1.190;0.999;111;121;122;50.01;50.01;50.01;6851;1000;0.0;0;1.0000;0;0
600;2016-04-12 10:30:00;172602N232;460;3.225;32;223;223;225;222;0.884;49.98;426.4;0.526;420.0;0.536;0.0;0.000;60;0;0;0.845;0.934;0.873;142;164;152;49.98;49.98;49.98;6851;1000;0.0;0;1.0000;0;0
600;2016-04-12 10:40:00;172602N232;492;3.308;32;223;222;225;223;0.963;49.99;420.0;0.570;419.1;0.580;0.0;0.000;60;0;0;0.923;1.022;0.945;153;176;162;49.99;49.99;49.99;6851;1000;0.0;0;1.0000;0;0
600;2016-04-12 10:50:00;172602N232;687;3.422;32;223;223;225;223;1.095;50.01;430.9;0.785;423.6;0.804;0.0;0.000;60;0;0;1.058;1.127;1.102;216;238;231;50.01;50.01;50.01;6851;1000;0.0;0;1.0000;0;0
600;2016-04-12 11:00:00;172602N232;1251;3.631;32;224;224;226;223;1.901;50.01;437.8;1.427;430.8;1.454;0.0;0.000;60;0;0;1.869;1.937;1.898;407;429;413;50.01;50.01;50.01;6851;1000;0.0;0;1.0000;0;0
600;2016-04-12 11:10:00;172602N232;1185;3.829;32;224;223;226;223;1.815;50.00;428.2;1.370;424.7;1.408;0.0;0.000;60;0;0;1.764;1.869;1.814;380;411;392;50.00;50.00;50.00;6851;1000;0.0;0;1.0000;0;0
600;2016-04-12 11:20:00;172602N232;1229;4.033;32;225;224;227;224;1.877;50.02;430.6;1.421;425.4;1.449;0.0;0.000;60;0;0;1.821;1.931;1.881;393;425;408;50.02;50.02;50.02;6851;1000;0.0;0;1.0000;0;0
600;2016-04-12 11:30:00;172602N232;848;4.175;32;225;224;227;224;1.292;49.99;419.2;1.000;422.9;1.004;0.0;0.000;60;0;0;1.235;1.339;1.304;267;295;284;49.99;49.99;49.99;6851;1000;0.0;0;1.0000;0;0
600;2016-04-12 11:40:00;172602N232;665;4.287;32;225;225;227;225;1.027;50.01;426.9;0.774;423.1;0.773;0.0;0.000;60;0;0;0.968;1.072;1.041;207;233;224;50.01;50.01;50.01;6851;1000;0.0;0;1.0000;0;0
600;2016-04-12 11:50:00;172602N232;1070;4.464;32;225;225;226;224;1.634;50.02;434.1;1.229;427.5;1.249;0.0;0.000;60;0;0;1.599;1.665;1.640;346;366;356;50.02;50.02;50.02;6851;1000;0.0;0;1.0000;0;0
600;2016-04-12 12:00:00;172602N232;1111;4.650;32;225;225;226;224;1.734;50.02;431.7;1.286;428.2;1.294;0.0;0.000;60;0;0;1.706;1.754;1.743;359;379;372;50.02;50.02;50.02;6851;1000;0.0;0;1.0000;0;0
600;2016-04-12 12:10:00;172602N232;1678;4.930;32;226;225;228;224;2.495;50.02;434.8;1.937;429.0;1.963;0.0;0.000;60;0;0;2.428;2.564;2.493;542;580;554;50.02;50.02;50.02;6851;1000;0.0;0;1.0000;0;0
600;2016-04-12 12:20:00;172602N232;1191;5.128;32;225;225;227;224;1.824;50.01;428.3;1.376;421.6;1.425;0.0;0.000;60;0;0;1.776;1.871;1.827;380;412;396;50.01;50.01;50.01;6851;1000;0.0;0;1.0000;0;0
600;2016-04-12 12:30:00;172602N232;1033;5.301;32;224;224;226;223;1.592;49.99;422.7;1.207;426.2;1.221;0.0;0.000;60;0;0;1.549;1.630;1.598;329;358;344;49.99;49.99;49.99;6851;1000;0.0;0;1.0000;0;0
600;2016-04-12 12:40:00;172602N232;809;5.436;33;224;224;226;222;1.244;50.00;436.1;0.916;428.8;0.938;0.0;0.000;60;0;0;1.192;1.291;1.251;256;282;269;50.00;50.00;50.00;6851;1000;0.0;0;1.0000;0;0
600;2016-04-12 12:50:00;172602N232;1015;5.605;33;224;224;227;223;1.567;50.01;441.2;1.139;430.3;1.179;0.0;0.000;60;0;0;1.522;1.608;1.571;323;352;338;50.01;50.01;50.01;6851;1000;0.0;0;1.0000;0;0
600;2016-04-12 13:00:00;172602N232;1140;5.796;33;224;223;226;223;1.786;49.99;441.9;1.278;430.6;1.327;0.0;0.000;60;0;0;1.735;1.840;1.784;362;397;379;49.99;49.99;49.99;6851;1000;0.0;0;1.0000;0;0
600;2016-04-12 13:10:00;172602N232;1060;5.972;33;224;222;228;223;1.622;50.00;441.1;1.188;428.9;1.240;0.0;0.000;60;0;0;1.549;1.688;1.631;332;372;354;50.00;50.00;50.00;6851;1000;0.0;0;1.0000;0;0
600;2016-04-12 13:20:00;172602N232;1211;6.175;33;224;223;225;224;1.869;50.02;438.6;1.374;432.9;1.402;0.0;0.000;60;0;0;1.811;1.910;1.886;388;416;406;50.02;50.02;50.02;6851;1000;0.0;0;1.0000;0;0
600;2016-04-12 13:30:00;172602N232;1057;6.350;33;224;224;226;224;1.625;49.98;427.2;1.223;432.4;1.226;0.0;0.000;60;0;0;1.587;1.653;1.636;339;362;354;49.98;49.98;49.98;6851;1000;0.0;0;1.0000;0;0
600;2016-04-12 13:40:00;172602N232;884;6.497;33;224;223;226;223;1.361;49.99;434.5;1.004;425.6;1.039;0.0;0.000;60;0;0;1.318;1.398;1.367;281;306;296;49.99;49.99;49.99;6851;1000;0.0;0;1.0000;0;0
600;2016-04-12 13:50:00;172602N232;1130;6.686;33;226;225;228;225;1.729;50.00;434.7;1.292;425.3;1.332;0.0;0.000;60;0;0;1.695;1.763;1.730;364;389;375;50.00;50.00;50.00;6851;1000;0.0;0;1.0000;0;0
600;2016-04-12 14:00:00;172602N232;1010;6.855;33;228;227;230;226;1.527;49.99;431.8;1.157;420.9;1.204;0.0;0.000;60;0;0;1.477;1.573;1.533;322;350;336;49.99;49.99;49.99;6851;1000;0.0;0;1.0000;0;0
600;2016-04-12 14:10:00;172602N232;799;6.987;33;228;227;230;227;1.213;50.00;419.5;0.938;418.0;0.957;0.0;0.000;60;0;0;1.153;1.264;1.223;250;280;267;50.00;50.00;50.00;6851;1000;0.0;0;1.0000;0;0
600;2016-04-12 14:20:00;172602N232;768;7.116;33;226;225;228;226;1.177;50.00;429.4;0.882;418.8;0.917;0.0;0.000;60;0;0;1.117;1.224;1.190;240;268;258;50.00;50.00;50.00;6851;1000;0.0;0;1.0000;0;0
600;2016-04-12 14:30:00;172602N232;641;7.223;33;225;224;226;225;0.995;49.98;418.6;0.750;419.6;0.762;0.0;0.000;60;0;0;0.937;1.039;1.009;199;224;216;49.98;49.98;49.98;6851;1000;0.0;0;1.0000;0;0
600;2016-04-12 14:40:00;172602N232;812;7.358;33;226;225;228;225;1.240;49.99;428.2;0.934;425.1;0.954;0.0;0.000;60;0;0;1.184;1.288;1.248;255;283;271;49.99;49.99;49.99;6851;1000;0.0;0;1.0000;0;0
600;2016-04-12 14:50:00;172602N232;621;7.462;33;226;226;227;226;1.123;49.99;430.4;0.707;421.6;0.728;0.0;0.000;60;0;0;1.113;1.144;1.114;197;216;206;49.99;49.99;49.99;6851;1000;0.0;0;1.0000;0;0
600;2016-04-12 15:00:00;172602N232;561;7.557;33;226;226;226;226;0.887;49.99;430.5;0.637;421.2;0.660;0.0;0.000;60;0;0;0.840;0.918;0.905;175;194;191;49.99;49.99;49.99;6851;1000;0.0;0;1.0000;0;0
600;2016-04-12 15:10:00;172602N232;451;7.632;33;226;225;229;225;0.904;50.00;426.2;0.512;419.0;0.529;0.0;0.000;60;0;0;0.860;0.969;0.884;139;161;150;50.00;50.00;50.00;6851;1000;0.0;0;1.0000;0;0
600;2016-04-12 15:20:00;172602N232;450;7.707;33;226;224;228;225;0.713;50.00;428.6;0.508;421.0;0.525;0.0;0.000;60;0;0;0.652;0.759;0.728;134;161;153;50.00;50.00;50.00;6851;1000;0.0;0;1.0000;0;0
600;2016-04-12 15:30:00;172602N232;459;7.783;33;225;223;228;224;0.735;50.01;429.6;0.517;421.6;0.535;0.0;0.000;60;0;0;0.674;0.782;0.750;137;164;156;50.01;50.01;50.01;6851;1000;0.0;0;1.0000;0;0
600;2016-04-12 15:40:00;172602N232;542;7.873;33;223;223;225;221;0.858;50.01;430.4;0.614;423.3;0.631;0.0;0.000;60;0;0;0.804;0.903;0.869;167;191;182;50.01;50.01;50.01;6851;1000;0.0;0;1.0000;0;0
600;2016-04-12 15:50:00;172602N232;770;8.002;33;223;222;225;221;1.208;50.00;433.4;0.877;424.7;0.903;0.0;0.000;60;0;0;1.149;1.270;1.205;242;270;256;50.00;50.00;50.00;6851;1000;0.0;0;1.0000;0;0
600;2016-04-12 16:00:00;172602N232;750;8.127;33;222;222;224;221;1.167;49.99;431.5;0.858;423.1;0.880;0.0;0.000;60;0;0;1.115;1.214;1.174;237;262;250;49.99;49.99;49.99;6851;1000;0.0;0;1.0000;0;0
600;2016-04-12 16:10:00;172602N232;773;8.256;33;223;222;225;221;1.200;49.99;432.0;0.881;421.4;0.915;0.0;0.000;60;0;0;1.143;1.250;1.207;243;271;258;49.99;49.99;49.99;6851;1000;0.0;0;1.0000;0;0
600;2016-04-12 16:20:00;172602N232;662;8.366;33;222;221;224;221;1.042;50.00;427.4;0.757;421.8;0.781;0.0;0.000;60;0;0;0.983;1.087;1.056;206;232;223;50.00;50.00;50.00;6851;1000;0.0;0;1.0000;0;0
600;2016-04-12 16:30:00;172602N232;532;8.456;33;221;220;222;221;0.849;50.04;419.6;0.619;420.4;0.627;0.0;0.000;60;0;0;0.789;0.890;0.870;162;187;182;50.04;50.04;50.04;6851;1000;0.0;0;1.0000;0;0
600;2016-04-12 16:40:00;172602N232;488;8.538;33;221;220;222;221;0.799;50.01;426.5;0.557;419.2;0.572;0.0;0.000;60;0;0;0.743;0.838;0.816;148;171;166;50.01;50.01;50.01;6851;1000;0.0;0;1.0000;0;0
600;2016-04-12 16:50:00;172602N232;347;8.595;32;221;220;222;220;1.146;49.99;420.0;0.394;414.2;0.404;0.0;0.000;60;0;0;1.189;1.189;1.062;104;118;122;49.99;49.99;49.99;6851;1000;0.0;0;1.0000;0;0
600;2016-04-12 17:00:00;172602N232;269;8.641;32;221;222;222;219;1.157;49.99;416.1;0.304;410.7;0.313;0.0;0.000;60;0;0;1.470;1.212;0.790;66;117;85;49.99;49.99;49.99;6851;1000;0.0;0;1.0000;0;0
600;2016-04-12 17:10:00;172602N232;233;8.679;32;221;223;222;218;1.084;49.98;398.8;0.272;407.8;0.272;0.0;0.000;60;0;0;1.429;1.000;0.824;44;99;88;49.98;49.98;49.98;6851;1000;0.0;0;1.0000;0;0
600;2016-04-12 17:20:00;172602N232;151;8.705;32;221;223;222;219;1.072;50.00;394.1;0.172;399.3;0.174;0.0;0.000;60;0;0;1.593;0.869;0.755;1;91;63;50.00;50.00;50.00;6851;1000;0.0;0;1.0000;0;0
600;2016-04-12 17:30:00;172602N232;94;8.721;31;221;221;222;220;0.902;50.01;386.4;0.102;388.9;0.105;0.0;0.000;60;0;0;1.258;0.741;0.709;5;49;45;50.01;50.01;50.01;6851;1000;0.0;0;1.0000;0;0
600;2016-04-12 17:40:00;172602N232;106;8.739;31;221;222;222;218;0.949;49.99;380.3;0.119;392.7;0.120;0.0;0.000;60;0;0;1.417;0.719;0.713;3;58;54;49.99;49.99;49.99;6851;1000;0.0;0;1.0000;0;0
600;2016-04-12 17:50:00;172602N232;109;8.757;31;221;220;222;221;0.870;49.98;383.9;0.122;393.6;0.123;0.0;0.000;60;0;0;0.932;0.921;0.758;35;34;38;49.98;49.98;49.98;6851;1000;0.0;0;1.0000;0;0
600;2016-04-12 18:00:00;172602N232;102;8.774;31;221;220;223;220;0.892;49.99;392.3;0.110;392.9;0.113;0.0;0.000;60;0;0;0.942;1.026;0.710;34;20;47;49.99;49.99;49.99;6851;1000;0.0;0;1.0000;0;0
600;2016-04-12 18:10:00;172602N232;86;8.790;30;221;222;222;220;0.930;49.99;384.1;0.092;388.3;0.095;0.0;0.000;60;0;0;1.296;0.793;0.701;5;45;48;49.99;49.99;49.99;6851;1000;0.0;0;1.0000;0;0
600;2016-04-12 18:20:00;172602N232;53;8.798;30;221;220;223;221;0.686;49.99;363.6;0.051;375.8;0.054;0.0;0.000;60;0;0;0.621;0.901;0.538;20;5;31;49.99;49.99;49.99;6851;1000;0.0;0;1.0000;0;0
600;2016-04-12 18:30:00;172602N232;57;8.808;30;222;222;223;221;0.716;50.04;369.2;0.057;379.2;0.059;0.0;0.000;60;0;0;0.832;0.768;0.548;10;22;32;50.04;50.04;50.04;6851;1000;0.0;0;1.0000;0;0
600;2016-04-12 18:40:00;172602N232;46;8.816;30;222;222;222;222;0.608;50.01;354.5;0.043;369.7;0.045;0.0;0.000;60;0;0;0.698;0.608;0.519;9;22;21;50.01;50.01;50.01;6851;1000;0.0;0;1.0000;0;0
600;2016-04-12 18:50:00;172602N232;29;8.821;29;222;222;222;221;0.470;49.99;327.1;0.022;348.7;0.024;0.0;0.000;60;0;0;0.594;0.448;0.370;1;19;20;49.99;49.99;49.99;6851;1000;0.0;0;1.0000;0;0
600;2016-04-12 19:00:00;172602N232;15;8.824;29;222;222;224;220;0.390;49.99;288.9;0.007;301.1;0.011;0.0;0.000;60;0;0;0.414;0.480;0.277;3;2;17;49.99;49.99;49.99;6851;1000;0.0;0;1.0000;0;0
600;2016-04-12 19:10:00;172602N232;5;8.825;29;223;223;225;221;0.221;49.98;257.0;0.000;260.4;0.002;0.0;0.000;60;0;0;0.239;0.272;0.154;1;1;9;49.98;49.98;49.98;6851;1000;0.0;0;1.0000;0;0
600;2016-04-12 19:20:00;172602N232;0;8.826;28;223;223;226;221;0.005;49.98;291.8;0.000;290.6;0.000;0.0;0.000;51;0;0;0.006;0.006;0.005;0;0;0;49.98;49.98;49.98;8513;1000;0.0;0;1.0000;0;0
600;2016-04-12 19:30:00;172602N232;0;8.826;28;223;221;227;220;0.000;50.00;263.0;0.000;263.5;0.000;0.0;0.000;51;0;0;0.000;0.000;0.000;0;0;0;50.00;50.00;50.00;10656;1000;0.0;0;1.0000;0;0
600;2016-04-12 19:40:00;172602N232;0;8.826;27;223;222;226;220;0.000;49.99;235.1;0.000;236.1;0.000;0.0;0.000;51;0;0;0.000;0.000;0.000;0;0;0;49.99;49.99;49.99;10656;1000;0.0;0;1.0000;0;0
600;2016-04-12 19:50:00;172602N232;0;8.826;27;223;223;226;221;0.000;50.01;230.3;0.000;231.2;0.000;0.0;0.000;51;0;0;0.000;0.000;0.000;0;0;0;50.01;50.01;50.01;10656;1000;0.0;0;1.0000;0;0
600;2016-04-12 20:00:00;172602N232;0;8.826;27;223;222;226;221;0.000;49.99;227.3;0.000;228.2;0.000;0.0;0.000;51;0;0;0.000;0.000;0.000;0;0;0;49.99;49.99;49.99;10656;1000;0.0;0;1.0000;0;0
[wr_ende]
