20160501;230001;172602N232;My Plant;+0100
[wr_def_start]
172602N232;Inverter Type;Inverter Group;72602N232      
[wr_def_end]
[wr]
INTERVAL;TIMESTAMP;SERIAL;P_AC;E_DAY;T_WR;U_AC;U_AC_1;U_AC_2;U_AC_3;I_AC;F_AC;U_DC_1;I_DC_1;U_DC_2;I_DC_2;U_DC_3;I_DC_3;S;E_WR;M_WR;I_AC_1;I_AC_2;I_AC_3;P_AC_1;P_AC_2;P_AC_3;F_AC_1;F_AC_2;F_AC_3;R_DC;PC;PCS;PCS_LL;COS_PHI;COS_PHI_LL;S_COS_PHI
600;2016-05-01 04:40:00;172602N232;0;0.000;0;6;6;6;6;0.000;1.43;6.4;0.000;6.4;0.000;0.0;0.000;50;0;0;0.000;0.000;0.000;0;0;0;1.43;1.43;1.43;44;1000;0.0;0;1.0000;0;0
600;2016-05-01 04:50:00;172602N232;0;0.000;19;225;225;228;224;0.000;50.02;229.2;0.000;230.1;0.000;0.0;0.000;50;0;0;0.000;0.000;0.000;0;0;0;50.02;50.02;50.02;0;1000;0.0;0;1.0000;0;0
600;2016-05-01 05:00:00;172602N232;0;0.000;20;226;226;228;223;0.000;50.01;246.4;0.000;247.1;0.000;0.0;0.000;50;0;0;0.000;0.000;0.000;0;0;0;50.01;50.01;50.01;0;1000;0.0;0;1.0000;0;0
600;2016-05-01 05:10:00;172602N232;0;0.000;21;226;226;227;225;0.014;50.03;296.9;0.000;296.2;0.000;0.0;0.000;60;0;0;0.020;0.016;0.008;0;0;0;50.03;50.03;50.03;4682;1000;0.0;0;1.0000;0;0
600;2016-05-01 05:20:00;172602N232;12;0.002;21;226;226;226;225;0.264;50.01;286.8;0.002;309.0;0.005;0.0;0.000;60;0;0;0.307;0.278;0.208;0;10;6;50.01;50.01;50.01;5560;1000;0.0;0;1.0000;0;0
600;2016-05-01 05:30:00;172602N232;41;0.009;22;225;225;226;225;0.480;50.00;369.2;0.030;384.8;0.033;0.0;0.000;60;0;0;0.561;0.500;0.379;2;21;17;50.00;50.00;50.00;5560;1000;0.0;0;1.0000;0;0
600;2016-05-01 05:40:00;172602N232;67;0.020;22;225;225;225;225;0.789;50.00;399.2;0.063;408.0;0.063;0.0;0.000;60;0;0;0.977;0.720;0.670;2;35;29;50.00;50.00;50.00;5560;1000;0.0;0;1.0000;0;0
600;2016-05-01 05:50:00;172602N232;88;0.034;22;225;226;226;225;0.929;50.01;409.1;0.086;416.7;0.086;0.0;0.000;60;0;0;1.038;0.994;0.755;5;26;56;50.01;50.01;50.01;5560;1000;0.0;0;1.0000;0;0
600;2016-05-01 06:00:00;172602N232;102;0.052;23;225;225;226;224;0.939;50.01;411.8;0.104;420.3;0.104;0.0;0.000;60;0;0;1.111;0.927;0.779;3;37;60;50.01;50.01;50.01;5560;1000;0.0;0;1.0000;0;0
600;2016-05-01 06:10:00;172602N232;114;0.070;23;225;225;226;224;0.947;50.01;418.5;0.117;422.1;0.118;0.0;0.000;60;0;0;1.117;0.938;0.786;8;41;64;50.01;50.01;50.01;5560;1000;0.0;0;1.0000;0;0
600;2016-05-01 06:20:00;172602N232;126;0.091;23;225;225;225;224;0.948;50.01;424.6;0.129;424.1;0.129;0.0;0.000;60;0;0;1.139;0.899;0.806;11;49;64;50.01;50.01;50.01;5560;1000;0.0;0;1.0000;0;0
600;2016-05-01 06:30:00;172602N232;141;0.115;24;225;225;226;225;0.869;50.01;429.5;0.143;428.7;0.145;0.0;0.000;60;0;0;0.870;1.068;0.670;17;67;55;50.01;50.01;50.01;5560;1000;0.0;0;1.0000;0;0
600;2016-05-01 06:40:00;172602N232;151;0.140;24;224;225;224;223;0.882;50.01;431.1;0.155;429.0;0.155;0.0;0.000;60;0;0;0.984;1.012;0.651;5;82;62;50.01;50.01;50.01;5560;1000;0.0;0;1.0000;0;0
600;2016-05-01 06:50:00;172602N232;162;0.168;24;225;225;226;223;1.008;50.00;430.5;0.169;430.3;0.167;0.0;0.000;60;0;0;1.259;1.016;0.751;20;83;57;50.00;50.00;50.00;5560;1000;0.0;0;1.0000;0;0
600;2016-05-01 07:00:00;172602N232;174;0.197;25;224;224;225;224;0.973;50.00;433.2;0.182;431.8;0.178;0.0;0.000;60;0;0;1.369;0.849;0.703;60;59;53;50.00;50.00;50.00;5560;1000;0.0;0;1.0000;0;0
600;2016-05-01 07:10:00;172602N232;187;0.228;25;224;224;225;224;0.942;49.99;441.2;0.195;434.0;0.190;0.0;0.000;60;0;0;1.273;0.808;0.745;61;61;63;49.99;49.99;49.99;5560;1000;0.0;0;1.0000;0;0
600;2016-05-01 07:20:00;172602N232;198;0.262;25;224;224;225;223;0.933;49.99;449.2;0.206;434.2;0.200;0.0;0.000;60;0;0;1.033;0.763;1.005;31;56;108;49.99;49.99;49.99;5560;1000;0.0;0;1.0000;0;0
600;2016-05-01 07:30:00;172602N232;210;0.296;25;224;224;223;223;0.928;50.04;448.8;0.223;433.9;0.211;0.0;0.000;60;0;0;1.074;0.759;0.953;43;66;98;50.04;50.04;50.04;5560;1000;0.0;0;1.0000;0;0
600;2016-05-01 07:40:00;172602N232;225;0.334;25;224;224;224;223;1.022;50.00;455.3;0.241;430.2;0.225;0.0;0.000;60;0;0;1.244;1.087;0.736;60;104;58;50.00;50.00;50.00;5560;1000;0.0;0;1.0000;0;0
600;2016-05-01 07:50:00;172602N232;240;0.375;26;224;224;223;223;1.083;50.00;479.2;0.247;434.2;0.236;0.0;0.000;60;0;0;1.368;1.138;0.745;61;120;57;50.00;50.00;50.00;5560;1000;0.0;0;1.0000;0;0
600;2016-05-01 08:00:00;172602N232;305;0.424;26;223;223;224;223;1.120;49.99;478.3;0.335;455.0;0.274;0.0;0.000;60;0;0;1.179;1.210;0.971;82;121;100;49.99;49.99;49.99;5560;1000;0.0;0;1.0000;0;0
600;2016-05-01 08:10:00;172602N232;485;0.506;26;223;223;224;222;0.995;50.00;461.7;0.582;457.6;0.443;0.0;0.000;60;0;0;0.991;1.030;0.966;147;173;163;50.00;50.00;50.00;5560;1000;0.0;0;1.0000;0;0
600;2016-05-01 08:20:00;172602N232;920;0.660;26;224;223;226;222;1.421;49.99;439.6;1.456;454.3;0.651;0.0;0.000;60;0;0;1.366;1.479;1.419;290;323;304;49.99;49.99;49.99;5560;1000;0.0;0;1.0000;0;0
600;2016-05-01 08:30:00;172602N232;1470;0.906;27;224;223;226;222;2.213;50.01;408.8;2.721;471.9;0.764;0.0;0.000;60;0;0;2.153;2.279;2.207;473;511;485;50.01;50.01;50.01;5560;1000;0.0;0;1.0000;0;0
600;2016-05-01 08:40:00;172602N232;1523;1.159;27;224;223;227;222;2.287;50.00;418.0;2.494;463.9;1.041;0.0;0.000;60;0;0;2.227;2.357;2.279;491;530;500;50.00;50.00;50.00;5560;1000;0.0;0;1.0000;0;0
600;2016-05-01 08:50:00;172602N232;1855;1.469;27;224;223;226;222;2.803;50.00;419.7;2.670;452.5;1.630;0.0;0.000;60;0;0;2.749;2.874;2.788;600;643;609;50.00;50.00;50.00;5560;1000;0.0;0;1.0000;0;0
600;2016-05-01 09:00:00;172602N232;2726;1.922;28;224;223;226;223;4.075;50.01;420.0;4.063;418.3;2.554;0.0;0.000;60;0;0;3.994;4.149;4.084;884;932;907;50.01;50.01;50.01;5560;1000;0.0;0;1.0000;0;0
600;2016-05-01 09:10:00;172602N232;2883;2.403;30;224;223;226;223;4.299;50.00;409.3;4.344;425.6;2.670;0.0;0.000;60;0;0;4.223;4.380;4.296;940;989;953;50.00;50.00;50.00;5560;1000;0.0;0;1.0000;0;0
600;2016-05-01 09:20:00;172602N232;3118;2.923;32;224;223;227;223;4.653;50.00;406.8;4.614;401.1;3.221;0.0;0.000;60;0;0;4.561;4.757;4.643;1012;1074;1030;50.00;50.00;50.00;5560;1000;0.0;0;1.0000;0;0
600;2016-05-01 09:30:00;172602N232;2892;3.405;34;224;222;227;223;4.317;50.00;403.5;3.931;423.4;3.161;0.0;0.000;60;0;0;4.225;4.426;4.300;936;1002;952;50.00;50.00;50.00;5560;1000;0.0;0;1.0000;0;0
600;2016-05-01 09:40:00;172602N232;2323;3.793;31;223;221;226;223;3.481;50.00;415.1;2.993;412.9;2.669;0.0;0.000;60;0;0;3.395;3.560;3.489;747;799;774;50.00;50.00;50.00;5560;1000;0.0;0;1.0000;0;0
600;2016-05-01 09:50:00;172602N232;3779;4.422;35;224;222;227;223;5.624;50.00;405.5;4.928;420.2;4.358;0.0;0.000;60;0;0;5.527;5.765;5.581;1226;1309;1242;50.00;50.00;50.00;5560;1000;0.0;0;1.0000;0;0
600;2016-05-01 10:00:00;172602N232;2168;4.784;35;223;222;225;223;3.245;50.00;400.3;2.789;412.6;2.611;0.0;0.000;60;0;0;3.175;3.314;3.247;701;746;719;50.00;50.00;50.00;5560;1000;0.0;0;1.0000;0;0
600;2016-05-01 10:10:00;172602N232;3549;5.376;34;225;223;228;223;5.271;50.00;413.7;4.422;421.0;4.205;0.0;0.000;60;0;0;5.184;5.383;5.247;1156;1223;1166;50.00;50.00;50.00;5560;1000;0.0;0;1.0000;0;0
600;2016-05-01 10:20:00;172602N232;4417;6.111;38;225;224;227;223;6.542;50.00;397.2;5.682;400.6;5.574;0.0;0.000;60;0;0;6.471;6.659;6.497;1451;1514;1449;50.00;50.00;50.00;5560;1000;0.0;0;1.0000;0;0
600;2016-05-01 10:30:00;172602N232;3963;6.772;38;225;225;227;223;5.865;49.99;390.9;5.143;392.0;5.158;0.0;0.000;60;0;0;5.839;5.954;5.802;1314;1354;1293;49.99;49.99;49.99;5560;1000;0.0;0;1.0000;0;0
600;2016-05-01 10:40:00;172602N232;3555;7.364;35;226;226;228;223;5.254;49.98;399.8;4.545;402.9;4.450;0.0;0.000;60;0;0;5.223;5.367;5.174;1177;1225;1152;49.98;49.98;49.98;5560;1000;0.0;0;1.0000;0;0
600;2016-05-01 10:50:00;172602N232;4289;8.079;39;226;227;230;223;6.315;49.99;392.2;5.537;392.9;5.570;0.0;0.000;60;0;0;6.275;6.495;6.177;1421;1491;1375;49.99;49.99;49.99;5560;1000;0.0;0;1.0000;0;0
600;2016-05-01 11:00:00;172602N232;4076;8.760;39;226;225;227;224;6.017;49.99;387.6;5.332;388.8;5.336;0.0;0.000;60;0;0;5.970;6.128;5.953;1343;1398;1333;49.99;49.99;49.99;5560;1000;0.0;0;1.0000;0;0
600;2016-05-01 11:10:00;172602N232;4313;9.479;36;225;224;227;225;6.373;49.99;392.4;5.635;393.1;5.546;0.0;0.000;60;0;0;6.304;6.475;6.341;1413;1471;1426;49.99;49.99;49.99;5560;1000;0.0;0;1.0000;0;0
600;2016-05-01 11:20:00;172602N232;4770;10.274;39;226;226;228;226;7.023;49.99;382.7;6.347;383.8;6.311;0.0;0.000;60;0;0;6.981;7.114;6.975;1575;1620;1574;49.99;49.99;49.99;5560;1000;0.0;0;1.0000;0;0
600;2016-05-01 11:30:00;172602N232;4776;11.070;40;227;227;228;227;7.007;49.98;379.3;6.411;380.0;6.388;0.0;0.000;60;0;0;6.998;7.070;6.954;1588;1612;1574;49.98;49.98;49.98;5560;1000;0.0;0;1.0000;0;0
600;2016-05-01 11:40:00;172602N232;4751;11.862;40;228;228;231;226;6.942;49.97;377.4;6.406;379.0;6.376;0.0;0.000;60;0;0;6.905;7.066;6.855;1571;1629;1549;49.97;49.97;49.97;5560;1000;0.0;0;1.0000;0;0
600;2016-05-01 11:50:00;172602N232;4769;12.657;40;228;227;231;225;6.981;50.00;375.6;6.463;377.3;6.429;0.0;0.000;60;0;0;6.923;7.145;6.875;1574;1648;1546;50.00;50.00;50.00;5560;1000;0.0;0;1.0000;0;0
600;2016-05-01 12:00:00;172602N232;4809;13.459;41;228;228;230;226;7.025;49.99;376.0;6.507;377.7;6.480;0.0;0.000;60;0;0;6.997;7.129;6.950;1595;1641;1571;49.99;49.99;49.99;5560;1000;0.0;0;1.0000;0;0
600;2016-05-01 12:10:00;172602N232;4827;14.263;41;228;228;229;227;7.058;50.02;375.2;6.550;376.3;6.524;0.0;0.000;60;0;0;7.027;7.128;7.021;1601;1631;1593;50.02;50.02;50.02;5560;1000;0.0;0;1.0000;0;0
600;2016-05-01 12:20:00;172602N232;4841;15.070;41;227;227;229;226;7.105;50.03;372.8;6.613;373.8;6.587;0.0;0.000;60;0;0;7.055;7.212;7.048;1599;1650;1589;50.03;50.03;50.03;5560;1000;0.0;0;1.0000;0;0
600;2016-05-01 12:30:00;172602N232;4876;15.882;41;227;227;230;225;7.145;50.00;373.1;6.656;374.0;6.633;0.0;0.000;60;0;0;7.110;7.265;7.061;1615;1670;1589;50.00;50.00;50.00;5560;1000;0.0;0;1.0000;0;0
600;2016-05-01 12:40:00;172602N232;4872;16.694;41;228;228;231;226;7.107;50.01;372.0;6.663;373.6;6.640;0.0;0.000;60;0;0;7.068;7.236;7.019;1613;1670;1587;50.01;50.01;50.01;5560;1000;0.0;0;1.0000;0;0
600;2016-05-01 12:50:00;172602N232;4867;17.506;41;228;228;232;225;7.106;50.02;370.4;6.696;371.2;6.670;0.0;0.000;60;0;0;7.049;7.284;6.987;1607;1687;1571;50.02;50.02;50.02;5560;1000;0.0;0;1.0000;0;0
600;2016-05-01 13:00:00;172602N232;4877;18.319;41;228;227;232;226;7.119;50.02;370.8;6.705;371.4;6.679;0.0;0.000;60;0;0;7.046;7.270;7.043;1601;1683;1591;50.02;50.02;50.02;5560;1000;0.0;0;1.0000;0;0
600;2016-05-01 13:10:00;172602N232;4889;19.134;41;228;227;231;227;7.137;50.03;370.9;6.715;371.8;6.688;0.0;0.000;60;0;0;7.041;7.265;7.105;1595;1679;1613;50.03;50.03;50.03;5560;1000;0.0;0;1.0000;0;0
600;2016-05-01 13:20:00;172602N232;4876;19.946;41;228;227;230;228;7.127;50.03;368.8;6.731;370.3;6.704;0.0;0.000;60;0;0;7.044;7.209;7.128;1597;1655;1622;50.03;50.03;50.03;5560;1000;0.0;0;1.0000;0;0
600;2016-05-01 13:30:00;172602N232;4879;20.759;41;228;227;230;227;7.128;49.98;368.4;6.746;369.8;6.716;0.0;0.000;60;0;0;7.073;7.226;7.086;1608;1662;1607;49.98;49.98;49.98;5560;1000;0.0;0;1.0000;0;0
600;2016-05-01 13:40:00;172602N232;4859;21.570;41;228;228;231;226;7.094;49.99;365.4;6.773;367.1;6.742;0.0;0.000;60;0;0;7.047;7.219;7.016;1604;1668;1585;49.99;49.99;49.99;5560;1000;0.0;0;1.0000;0;0
600;2016-05-01 13:50:00;172602N232;4789;22.369;41;228;226;233;226;6.991;50.01;367.8;6.635;369.1;6.602;0.0;0.000;60;0;0;6.888;7.175;6.912;1559;1670;1558;50.01;50.01;50.01;5560;1000;0.0;0;1.0000;0;0
600;2016-05-01 14:00:00;172602N232;4828;23.174;41;228;227;232;226;7.041;50.02;369.9;6.657;370.6;6.625;0.0;0.000;60;0;0;6.959;7.210;6.956;1582;1676;1569;50.02;50.02;50.02;5560;1000;0.0;0;1.0000;0;0
600;2016-05-01 14:10:00;172602N232;4712;23.957;41;228;227;231;226;6.881;50.00;371.4;6.466;372.0;6.441;0.0;0.000;60;0;0;6.784;7.041;6.818;1540;1628;1542;50.00;50.00;50.00;5560;1000;0.0;0;1.0000;0;0
600;2016-05-01 14:20:00;172602N232;4720;24.744;41;228;228;231;225;6.893;50.01;373.2;6.451;373.3;6.420;0.0;0.000;60;0;0;6.825;7.046;6.810;1554;1629;1534;50.01;50.01;50.01;5560;1000;0.0;0;1.0000;0;0
600;2016-05-01 14:30:00;172602N232;4609;25.514;42;228;228;230;226;6.741;50.00;373.3;6.296;373.4;6.270;0.0;0.000;60;0;0;6.707;6.849;6.668;1529;1574;1504;50.00;50.00;50.00;5560;1000;0.0;0;1.0000;0;0
600;2016-05-01 14:40:00;172602N232;4425;26.252;42;227;227;229;226;6.495;50.00;373.8;6.035;373.8;6.012;0.0;0.000;60;0;0;6.436;6.600;6.450;1458;1509;1454;50.00;50.00;50.00;5560;1000;0.0;0;1.0000;0;0
600;2016-05-01 14:50:00;172602N232;4470;26.997;42;228;227;230;226;6.545;50.00;373.3;6.105;373.5;6.076;0.0;0.000;60;0;0;6.481;6.653;6.501;1470;1530;1468;50.00;50.00;50.00;5560;1000;0.0;0;1.0000;0;0
600;2016-05-01 15:00:00;172602N232;4376;27.726;42;228;227;229;226;6.411;50.00;377.4;5.916;377.4;5.876;0.0;0.000;60;0;0;6.359;6.510;6.365;1445;1492;1438;50.00;50.00;50.00;5560;1000;0.0;0;1.0000;0;0
600;2016-05-01 15:10:00;172602N232;4341;28.449;42;228;228;230;226;6.352;50.00;376.1;5.883;376.4;5.854;0.0;0.000;60;0;0;6.294;6.453;6.310;1431;1483;1425;50.00;50.00;50.00;5560;1000;0.0;0;1.0000;0;0
600;2016-05-01 15:20:00;172602N232;4284;29.164;42;228;227;230;226;6.275;50.00;378.3;5.765;379.0;5.739;0.0;0.000;60;0;0;6.201;6.397;6.228;1406;1473;1403;50.00;50.00;50.00;5560;1000;0.0;0;1.0000;0;0
600;2016-05-01 15:30:00;172602N232;4205;29.865;42;228;227;231;226;6.161;50.00;379.4;5.643;379.9;5.615;0.0;0.000;60;0;0;6.070;6.314;6.099;1374;1456;1374;50.00;50.00;50.00;5560;1000;0.0;0;1.0000;0;0
600;2016-05-01 15:40:00;172602N232;4020;30.534;42;228;227;230;225;5.895;50.02;383.2;5.348;384.0;5.296;0.0;0.000;60;0;0;5.827;6.012;5.846;1322;1381;1315;50.02;50.02;50.02;5560;1000;0.0;0;1.0000;0;0
600;2016-05-01 15:50:00;172602N232;3937;31.190;42;228;227;231;226;5.768;50.00;384.4;5.217;385.0;5.177;0.0;0.000;60;0;0;5.685;5.905;5.715;1288;1361;1286;50.00;50.00;50.00;5560;1000;0.0;0;1.0000;0;0
600;2016-05-01 16:00:00;172602N232;3876;31.837;42;227;227;231;225;5.687;50.00;388.7;5.061;386.8;5.088;0.0;0.000;60;0;0;5.611;5.812;5.638;1270;1337;1267;50.00;50.00;50.00;5560;1000;0.0;0;1.0000;0;0
600;2016-05-01 16:10:00;172602N232;3649;32.446;42;227;226;230;225;5.369;50.00;392.0;4.652;386.2;4.869;0.0;0.000;60;0;0;5.298;5.482;5.327;1196;1257;1193;50.00;50.00;50.00;5560;1000;0.0;0;1.0000;0;0
600;2016-05-01 16:20:00;172602N232;3565;33.040;42;227;226;229;225;5.256;50.01;379.3;4.709;390.3;4.690;0.0;0.000;60;0;0;5.194;5.346;5.230;1170;1219;1173;50.01;50.01;50.01;5560;1000;0.0;0;1.0000;0;0
600;2016-05-01 16:30:00;172602N232;3423;33.610;42;226;226;228;225;5.049;50.08;380.7;4.504;391.5;4.484;0.0;0.000;60;0;0;5.003;5.129;5.015;1128;1169;1124;50.08;50.08;50.08;5560;1000;0.0;0;1.0000;0;0
600;2016-05-01 16:40:00;172602N232;3265;34.154;42;225;225;229;223;4.834;50.06;380.7;4.293;391.6;4.276;0.0;0.000;60;0;0;4.769;4.937;4.797;1069;1126;1067;50.06;50.06;50.06;5560;1000;0.0;0;1.0000;0;0
600;2016-05-01 16:50:00;172602N232;3107;34.673;42;225;224;227;223;4.618;50.04;382.1;4.070;392.6;4.053;0.0;0.000;60;0;0;4.563;4.706;4.586;1021;1066;1018;50.04;50.04;50.04;5560;1000;0.0;0;1.0000;0;0
600;2016-05-01 17:00:00;172602N232;2921;35.160;42;224;223;227;222;4.359;50.01;383.1;3.816;393.7;3.796;0.0;0.000;60;0;0;4.277;4.465;4.337;949;1011;958;50.01;50.01;50.01;5560;1000;0.0;0;1.0000;0;0
600;2016-05-01 17:10:00;172602N232;2750;35.618;41;223;220;226;223;4.121;50.01;385.5;3.584;405.2;3.451;0.0;0.000;60;0;0;3.995;4.217;4.152;875;950;923;50.01;50.01;50.01;5560;1000;0.0;0;1.0000;0;0
600;2016-05-01 17:20:00;172602N232;2506;36.036;41;223;221;225;224;3.753;50.00;391.1;3.240;397.3;3.182;0.0;0.000;60;0;0;3.665;3.809;3.787;807;852;844;50.00;50.00;50.00;5560;1000;0.0;0;1.0000;0;0
600;2016-05-01 17:30:00;172602N232;2138;36.392;41;224;221;227;223;3.198;50.05;393.5;2.701;391.4;2.794;0.0;0.000;60;0;0;3.115;3.277;3.204;686;740;710;50.05;50.05;50.05;5560;1000;0.0;0;1.0000;0;0
600;2016-05-01 17:40:00;172602N232;1446;36.634;41;222;220;227;220;2.191;50.03;381.8;1.879;392.6;1.876;0.0;0.000;60;0;0;2.107;2.284;2.183;458;510;476;50.03;50.03;50.03;5560;1000;0.0;0;1.0000;0;0
600;2016-05-01 17:50:00;172602N232;1251;36.841;40;222;221;225;222;1.926;49.99;385.7;1.607;396.3;1.605;0.0;0.000;60;0;0;1.861;1.986;1.931;398;434;417;49.99;49.99;49.99;5560;1000;0.0;0;1.0000;0;0
600;2016-05-01 18:00:00;172602N232;1255;37.051;40;222;222;224;220;1.947;49.98;388.8;1.599;398.9;1.599;0.0;0.000;60;0;0;1.903;1.985;1.955;405;432;417;49.98;49.98;49.98;5560;1000;0.0;0;1.0000;0;0
600;2016-05-01 18:10:00;172602N232;1225;37.255;40;222;223;224;219;1.906;49.99;396.9;1.514;400.2;1.569;0.0;0.000;60;0;0;1.877;1.945;1.898;397;424;403;49.99;49.99;49.99;5560;1000;0.0;0;1.0000;0;0
600;2016-05-01 18:20:00;172602N232;1605;37.523;39;223;224;224;221;2.418;49.98;381.8;2.064;403.1;2.055;0.0;0.000;60;0;0;2.384;2.464;2.407;528;549;526;49.98;49.98;49.98;5560;1000;0.0;0;1.0000;0;0
600;2016-05-01 18:30:00;172602N232;1496;37.773;39;223;224;225;220;2.261;50.03;385.7;1.881;400.3;1.950;0.0;0.000;60;0;0;2.223;2.313;2.248;489;515;490;50.03;50.03;50.03;5560;1000;0.0;0;1.0000;0;0
600;2016-05-01 18:40:00;172602N232;1208;37.974;39;223;223;226;220;1.869;50.01;387.4;1.450;399.4;1.625;0.0;0.000;60;0;0;1.827;1.926;1.854;388;421;396;50.01;50.01;50.01;5560;1000;0.0;0;1.0000;0;0
600;2016-05-01 18:50:00;172602N232;827;38.113;39;223;222;226;221;1.271;49.99;378.4;0.898;400.1;1.223;0.0;0.000;60;0;0;1.220;1.322;1.272;262;290;273;49.99;49.99;49.99;5560;1000;0.0;0;1.0000;0;0
600;2016-05-01 19:00:00;172602N232;651;38.221;39;223;221;225;223;1.011;50.00;391.8;0.632;407.2;0.978;0.0;0.000;60;0;0;0.946;1.058;1.029;200;229;220;50.00;50.00;50.00;5560;1000;0.0;0;1.0000;0;0
600;2016-05-01 19:10:00;172602N232;470;38.299;38;223;221;225;222;0.940;49.99;384.0;0.514;414.6;0.636;0.0;0.000;60;0;0;0.896;1.000;0.926;143;168;156;49.99;49.99;49.99;5560;1000;0.0;0;1.0000;0;0
600;2016-05-01 19:20:00;172602N232;306;38.350;38;223;219;225;223;1.145;49.99;362.8;0.378;402.2;0.394;0.0;0.000;60;0;0;1.050;1.385;1.000;108;90;106;49.99;49.99;49.99;5560;1000;0.0;0;1.0000;0;0
600;2016-05-01 19:30:00;172602N232;206;38.385;38;223;219;226;222;1.033;50.01;360.5;0.251;401.8;0.257;0.0;0.000;60;0;0;0.860;1.451;0.789;78;37;89;50.01;50.01;50.01;5560;1000;0.0;0;1.0000;0;0
600;2016-05-01 19:40:00;172602N232;124;38.405;37;223;222;225;221;0.965;50.01;376.4;0.139;391.0;0.147;0.0;0.000;60;0;0;0.833;1.296;0.768;34;15;74;50.01;50.01;50.01;5560;1000;0.0;0;1.0000;0;0
600;2016-05-01 19:50:00;172602N232;74;38.419;37;223;221;225;222;0.973;50.00;362.2;0.080;381.2;0.085;0.0;0.000;60;0;0;0.742;1.454;0.723;37;1;55;50.00;50.00;50.00;5560;1000;0.0;0;1.0000;0;0
600;2016-05-01 20:00:00;172602N232;36;38.425;36;223;222;226;223;0.636;50.01;325.2;0.031;352.4;0.035;0.0;0.000;60;0;0;0.523;0.968;0.417;26;0;29;50.01;50.01;50.01;5560;1000;0.0;0;1.0000;0;0
600;2016-05-01 20:10:00;172602N232;6;38.426;36;223;222;226;222;0.251;49.99;258.1;0.001;265.3;0.003;0.0;0.000;60;0;0;0.181;0.399;0.173;6;0;10;49.99;49.99;49.99;5560;1000;0.0;0;1.0000;0;0
600;2016-05-01 20:20:00;172602N232;0;38.426;35;223;222;226;222;0.000;50.00;291.3;0.000;290.2;0.000;0.0;0.000;50;0;0;0.000;0.000;0.000;0;0;0;50.00;50.00;50.00;5560;1000;0.0;0;1.0000;0;0
600;2016-05-01 20:30:00;172602N232;0;38.426;33;223;222;226;221;0.000;50.01;234.4;0.000;235.4;0.000;0.0;0.000;50;0;0;0.000;0.000;0.000;0;0;0;50.01;50.01;50.01;5560;1000;0.0;0;1.0000;0;0
600;2016-05-01 20:40:00;172602N232;0;38.426;32;223;222;225;221;0.000;50.01;229.5;0.000;230.4;0.000;0.0;0.000;50;0;0;0.000;0.000;0.000;0;0;0;50.01;50.01;50.01;5560;1000;0.0;0;1.0000;0;0
600;2016-05-01 20:50:00;172602N232;0;38.426;32;222;221;226;220;0.000;50.01;227.1;0.000;228.0;0.000;0.0;0.000;50;0;0;0.000;0.000;0.000;0;0;0;50.01;50.01;50.01;5560;1000;0.0;0;1.0000;0;0
[wr_ende]
