20170222;230002;172602N232;My Plant;+0100
[wr_def_start]
172602N232;Inverter Type;Inverter Group;72602N232      
[wr_def_end]
[wr]
INTERVAL;TIMESTAMP;SERIAL;P_AC;E_DAY;T_WR;U_AC;U_AC_1;U_AC_2;U_AC_3;I_AC;F_AC;U_DC_1;I_DC_1;U_DC_2;I_DC_2;U_DC_3;I_DC_3;S;E_WR;M_WR;I_AC_1;I_AC_2;I_AC_3;P_AC_1;P_AC_2;P_AC_3;F_AC_1;F_AC_2;F_AC_3;R_DC;PC;PCS;PCS_LL;COS_PHI;COS_PHI_LL;S_COS_PHI
600;2017-02-22 06:30:00;172602N232;0;0.000;0;2;3;3;2;0.000;0.68;2.9;0.000;2.9;0.000;0.0;0.000;50;0;0;0.000;0.000;0.000;0;0;0;0.68;0.68;0.68;20;1000;0.0;0;1.0000;0;0
600;2017-02-22 06:40:00;172602N232;0;0.000;17;222;222;225;220;0.000;50.00;228.5;0.000;229.5;0.000;0.0;0.000;50;0;0;0.000;0.000;0.000;0;0;0;50.00;50.00;50.00;0;1000;0.0;0;1.0000;0;0
600;2017-02-22 06:50:00;172602N232;0;0.000;18;223;221;226;221;0.000;50.00;239.6;0.000;240.5;0.000;0.0;0.000;50;0;0;0.000;0.000;0.000;0;0;0;50.00;50.00;50.00;0;1000;0.0;0;1.0000;0;0
600;2017-02-22 07:00:00;172602N232;0;0.000;18;223;222;226;220;0.010;50.00;289.0;0.000;288.4;0.000;0.0;0.000;60;0;0;0.009;0.014;0.007;0;0;0;50.00;50.00;50.00;3342;1000;0.0;0;1.0000;0;0
600;2017-02-22 07:10:00;172602N232;29;0.005;19;223;222;225;221;0.422;50.01;311.4;0.026;321.5;0.026;0.0;0.000;60;0;0;0.353;0.621;0.292;14;0;22;50.01;50.01;50.01;6049;1000;0.0;0;1.0000;0;0
600;2017-02-22 07:20:00;172602N232;127;0.025;19;224;224;225;222;0.950;50.04;402.1;0.151;402.8;0.129;0.0;0.000;60;0;0;0.963;1.160;0.728;25;33;67;50.04;50.04;50.04;6049;1000;0.0;0;1.0000;0;0
600;2017-02-22 07:30:00;172602N232;170;0.053;20;224;223;225;222;1.014;50.02;409.1;0.205;414.0;0.170;0.0;0.000;60;0;0;1.016;1.231;0.795;50;44;74;50.02;50.02;50.02;6049;1000;0.0;0;1.0000;0;0
600;2017-02-22 07:40:00;172602N232;152;0.079;20;223;223;224;222;1.002;50.00;408.3;0.173;413.5;0.161;0.0;0.000;60;0;0;1.131;1.145;0.731;43;42;65;50.00;50.00;50.00;6049;1000;0.0;0;1.0000;0;0
600;2017-02-22 07:50:00;172602N232;199;0.112;21;223;222;224;222;1.040;50.00;411.2;0.230;417.8;0.211;0.0;0.000;60;0;0;0.984;1.349;0.789;60;57;81;50.00;50.00;50.00;6049;1000;0.0;0;1.0000;0;0
600;2017-02-22 08:00:00;172602N232;251;0.155;21;223;222;226;222;1.116;50.00;424.9;0.309;428.6;0.243;0.0;0.000;60;0;0;1.053;1.453;0.844;90;63;96;50.00;50.00;50.00;6049;1000;0.0;0;1.0000;0;0
600;2017-02-22 08:10:00;172602N232;301;0.205;21;223;222;225;222;1.102;50.01;449.0;0.377;433.2;0.267;0.0;0.000;60;0;0;1.081;1.294;0.931;102;98;99;50.01;50.01;50.01;6049;1000;0.0;0;1.0000;0;0
600;2017-02-22 08:20:00;172602N232;347;0.263;22;224;224;226;222;1.167;50.00;435.6;0.502;422.3;0.277;0.0;0.000;60;0;0;1.211;1.248;1.043;103;116;126;50.00;50.00;50.00;6049;1000;0.0;0;1.0000;0;0
600;2017-02-22 08:30:00;172602N232;376;0.326;22;224;224;227;222;1.190;50.00;442.0;0.549;420.6;0.284;0.0;0.000;60;0;0;1.171;1.338;1.063;110;121;143;50.00;50.00;50.00;6049;1000;0.0;0;1.0000;0;0
600;2017-02-22 08:40:00;172602N232;457;0.402;23;224;224;226;222;0.730;49.99;438.2;0.608;437.4;0.410;0.0;0.000;60;0;0;0.680;0.771;0.741;139;162;154;49.99;49.99;49.99;6049;1000;0.0;0;1.0000;0;0
600;2017-02-22 08:50:00;172602N232;592;0.501;23;224;224;225;223;0.927;49.99;440.1;0.801;452.3;0.502;0.0;0.000;60;0;0;0.876;0.965;0.940;184;207;199;49.99;49.99;49.99;6049;1000;0.0;0;1.0000;0;0
600;2017-02-22 09:00:00;172602N232;696;0.617;24;223;223;224;223;1.116;50.01;432.3;1.165;460.3;0.398;0.0;0.000;60;0;0;1.072;1.145;1.131;219;240;234;50.01;50.01;50.01;6049;1000;0.0;0;1.0000;0;0
600;2017-02-22 09:10:00;172602N232;980;0.781;24;223;222;225;223;1.503;50.01;439.2;1.705;460.9;0.489;0.0;0.000;60;0;0;1.450;1.541;1.520;311;338;329;50.01;50.01;50.01;6049;1000;0.0;0;1.0000;0;0
600;2017-02-22 09:20:00;172602N232;1053;0.957;25;223;222;225;222;1.636;49.99;433.1;1.628;461.4;0.734;0.0;0.000;60;0;0;1.593;1.682;1.633;336;366;350;49.99;49.99;49.99;6049;1000;0.0;0;1.0000;0;0
600;2017-02-22 09:30:00;172602N232;912;1.108;26;223;222;225;221;1.408;49.98;432.0;1.170;450.2;0.888;0.0;0.000;60;0;0;1.355;1.458;1.411;289;319;302;49.98;49.98;49.98;6049;1000;0.0;0;1.0000;0;0
600;2017-02-22 09:40:00;172602N232;957;1.268;26;222;220;224;222;1.480;49.99;432.4;1.192;447.1;0.970;0.0;0.000;60;0;0;1.414;1.534;1.493;300;334;321;49.99;49.99;49.99;6049;1000;0.0;0;1.0000;0;0
600;2017-02-22 09:50:00;172602N232;914;1.420;26;222;220;224;222;1.419;49.99;435.4;1.086;441.2;0.983;0.0;0.000;60;0;0;1.359;1.464;1.436;287;317;307;49.99;49.99;49.99;6049;1000;0.0;0;1.0000;0;0
600;2017-02-22 10:00:00;172602N232;905;1.572;27;221;221;223;221;1.405;50.00;435.1;1.094;442.9;0.955;0.0;0.000;60;0;0;1.352;1.446;1.417;287;312;302;50.00;50.00;50.00;6049;1000;0.0;0;1.0000;0;0
600;2017-02-22 10:10:00;172602N232;1043;1.746;27;224;222;226;223;1.594;50.00;436.8;1.234;441.6;1.132;0.0;0.000;60;0;0;1.538;1.643;1.603;332;363;347;50.00;50.00;50.00;6049;1000;0.0;0;1.0000;0;0
600;2017-02-22 10:20:00;172602N232;935;1.901;28;226;225;228;225;1.416;49.98;435.8;1.091;437.5;1.039;0.0;0.000;60;0;0;1.360;1.459;1.430;296;324;313;49.98;49.98;49.98;6049;1000;0.0;0;1.0000;0;0
600;2017-02-22 10:30:00;172602N232;943;2.059;28;226;226;227;226;1.427;49.99;436.7;1.094;436.2;1.056;0.0;0.000;60;0;0;1.375;1.464;1.443;300;325;316;49.99;49.99;49.99;6049;1000;0.0;0;1.0000;0;0
600;2017-02-22 10:40:00;172602N232;968;2.220;28;226;225;229;225;1.460;49.99;438.0;1.111;435.1;1.095;0.0;0.000;60;0;0;1.403;1.505;1.474;307;336;323;49.99;49.99;49.99;6049;1000;0.0;0;1.0000;0;0
600;2017-02-22 10:50:00;172602N232;919;2.373;28;226;225;227;225;1.403;50.00;436.9;1.063;436.6;1.029;0.0;0.000;60;0;0;1.352;1.440;1.417;292;317;308;50.00;50.00;50.00;6049;1000;0.0;0;1.0000;0;0
600;2017-02-22 11:00:00;172602N232;1091;2.556;29;227;227;228;225;1.670;49.99;436.4;1.276;433.4;1.233;0.0;0.000;60;0;0;1.652;1.691;1.668;354;372;363;49.99;49.99;49.99;6049;1000;0.0;0;1.0000;0;0
600;2017-02-22 11:10:00;172602N232;1133;2.744;29;226;227;229;224;1.713;50.00;431.8;1.336;429.8;1.286;0.0;0.000;60;0;0;1.687;1.749;1.703;368;389;372;50.00;50.00;50.00;6049;1000;0.0;0;1.0000;0;0
600;2017-02-22 11:20:00;172602N232;1119;2.930;29;228;228;231;225;1.680;50.00;434.8;1.304;432.5;1.269;0.0;0.000;60;0;0;1.634;1.733;1.674;360;389;367;50.00;50.00;50.00;6049;1000;0.0;0;1.0000;0;0
600;2017-02-22 11:30:00;172602N232;768;3.059;29;227;227;229;226;1.198;50.01;427.8;0.892;429.2;0.875;0.0;0.000;60;0;0;1.149;1.242;1.203;242;267;255;50.01;50.01;50.01;6049;1000;0.0;0;1.0000;0;0
600;2017-02-22 11:40:00;172602N232;634;3.164;29;226;227;225;226;0.979;50.01;429.3;0.729;428.3;0.727;0.0;0.000;60;0;0;0.934;1.005;0.999;200;217;214;50.01;50.01;50.01;6049;1000;0.0;0;1.0000;0;0
600;2017-02-22 11:50:00;172602N232;587;3.262;29;226;226;226;226;0.953;49.99;429.7;0.673;428.7;0.669;0.0;0.000;60;0;0;0.910;0.983;0.968;184;203;198;49.99;49.99;49.99;6049;1000;0.0;0;1.0000;0;0
600;2017-02-22 12:00:00;172602N232;1168;3.457;29;227;225;229;226;1.774;50.01;439.4;1.341;435.9;1.327;0.0;0.000;60;0;0;1.709;1.830;1.785;371;407;390;50.01;50.01;50.01;6049;1000;0.0;0;1.0000;0;0
600;2017-02-22 12:10:00;172602N232;619;3.560;30;226;226;228;225;1.079;50.02;426.3;0.714;426.4;0.713;0.0;0.000;60;0;0;1.042;1.123;1.072;193;218;206;50.02;50.02;50.02;6049;1000;0.0;0;1.0000;0;0
600;2017-02-22 12:20:00;172602N232;487;3.642;30;225;226;227;224;1.015;49.99;424.4;0.561;425.1;0.560;0.0;0.000;60;0;0;1.031;1.026;0.988;153;169;163;49.99;49.99;49.99;6049;1000;0.0;0;1.0000;0;0
600;2017-02-22 12:30:00;172602N232;752;3.767;30;227;227;228;225;1.331;50.00;427.9;0.859;430.0;0.869;0.0;0.000;60;0;0;1.356;1.337;1.301;241;259;250;50.00;50.00;50.00;6049;1000;0.0;0;1.0000;0;0
600;2017-02-22 12:40:00;172602N232;972;3.930;30;226;227;228;224;1.536;50.00;434.1;1.113;433.7;1.115;0.0;0.000;60;0;0;1.512;1.575;1.522;315;337;320;50.00;50.00;50.00;6049;1000;0.0;0;1.0000;0;0
600;2017-02-22 12:50:00;172602N232;933;4.086;30;227;227;229;225;1.447;49.98;428.3;1.059;432.0;1.087;0.0;0.000;60;0;0;1.442;1.462;1.438;302;319;309;49.98;49.98;49.98;6049;1000;0.0;0;1.0000;0;0
600;2017-02-22 13:00:00;172602N232;619;4.189;30;226;226;228;225;1.029;50.00;425.5;0.713;427.6;0.714;0.0;0.000;60;0;0;1.014;1.051;1.022;196;215;207;50.00;50.00;50.00;6049;1000;0.0;0;1.0000;0;0
600;2017-02-22 13:10:00;172602N232;604;4.289;30;227;227;228;226;0.967;50.02;426.4;0.698;428.8;0.692;0.0;0.000;60;0;0;0.949;0.984;0.969;190;208;204;50.02;50.02;50.02;6049;1000;0.0;0;1.0000;0;0
600;2017-02-22 13:20:00;172602N232;548;4.381;30;227;227;228;225;0.911;49.98;425.8;0.636;427.3;0.623;0.0;0.000;60;0;0;0.869;0.946;0.920;170;191;185;49.98;49.98;49.98;6049;1000;0.0;0;1.0000;0;0
600;2017-02-22 13:30:00;172602N232;378;4.444;30;226;226;228;225;1.126;49.99;420.5;0.434;422.2;0.431;0.0;0.000;60;0;0;1.131;1.199;1.050;105;130;141;49.99;49.99;49.99;6049;1000;0.0;0;1.0000;0;0
600;2017-02-22 13:40:00;172602N232;375;4.507;29;225;226;227;223;1.201;50.00;418.4;0.431;422.6;0.428;0.0;0.000;60;0;0;1.233;1.279;1.092;98;131;144;50.00;50.00;50.00;6049;1000;0.0;0;1.0000;0;0
600;2017-02-22 13:50:00;172602N232;602;4.608;29;225;226;227;223;1.115;50.00;422.4;0.701;429.7;0.689;0.0;0.000;60;0;0;1.180;1.111;1.054;196;209;195;50.00;50.00;50.00;6049;1000;0.0;0;1.0000;0;0
600;2017-02-22 14:00:00;172602N232;572;4.703;29;225;225;227;222;1.051;50.01;426.6;0.660;428.5;0.653;0.0;0.000;60;0;0;1.065;1.063;1.026;182;199;189;50.01;50.01;50.01;6049;1000;0.0;0;1.0000;0;0
600;2017-02-22 14:10:00;172602N232;396;4.769;29;223;223;225;222;1.101;50.01;422.6;0.454;422.3;0.453;0.0;0.000;60;0;0;1.105;1.202;0.998;114;140;141;50.01;50.01;50.01;6049;1000;0.0;0;1.0000;0;0
600;2017-02-22 14:20:00;172602N232;548;4.860;29;222;221;224;221;1.100;50.00;422.9;0.632;427.6;0.628;0.0;0.000;60;0;0;1.088;1.153;1.061;167;190;189;50.00;50.00;50.00;6049;1000;0.0;0;1.0000;0;0
600;2017-02-22 14:30:00;172602N232;403;4.928;29;221;221;223;218;1.095;50.01;421.8;0.465;424.3;0.458;0.0;0.000;60;0;0;1.112;1.155;1.020;118;143;141;50.01;50.01;50.01;6049;1000;0.0;0;1.0000;0;0
600;2017-02-22 14:40:00;172602N232;484;5.009;29;221;221;222;219;1.193;50.00;419.3;0.563;426.5;0.553;0.0;0.000;60;0;0;1.275;1.226;1.080;154;173;155;50.00;50.00;50.00;6049;1000;0.0;0;1.0000;0;0
600;2017-02-22 14:50:00;172602N232;338;5.065;29;220;222;223;215;1.166;50.00;419.4;0.386;421.6;0.384;0.0;0.000;60;0;0;1.248;1.225;1.027;84;122;131;50.00;50.00;50.00;6049;1000;0.0;0;1.0000;0;0
600;2017-02-22 15:00:00;172602N232;197;5.098;28;219;224;223;211;1.089;50.00;403.2;0.224;409.5;0.220;0.0;0.000;60;0;0;1.506;0.938;0.823;26;88;91;50.00;50.00;50.00;6049;1000;0.0;0;1.0000;0;0
600;2017-02-22 15:10:00;172602N232;200;5.132;28;219;224;221;212;1.079;49.99;404.9;0.228;412.7;0.224;0.0;0.000;60;0;0;1.518;0.847;0.873;15;94;100;49.99;49.99;49.99;6049;1000;0.0;0;1.0000;0;0
600;2017-02-22 15:20:00;172602N232;310;5.184;28;219;224;221;212;1.186;50.00;411.2;0.358;420.7;0.354;0.0;0.000;60;0;0;1.520;1.072;0.967;65;130;114;50.00;50.00;50.00;6049;1000;0.0;0;1.0000;0;0
600;2017-02-22 15:30:00;172602N232;227;5.222;28;219;224;224;211;1.113;49.99;409.0;0.258;414.6;0.255;0.0;0.000;60;0;0;1.547;0.960;0.832;30;102;99;49.99;49.99;49.99;6049;1000;0.0;0;1.0000;0;0
600;2017-02-22 15:40:00;172602N232;308;5.274;28;220;224;224;211;1.148;50.00;411.9;0.355;421.4;0.351;0.0;0.000;60;0;0;1.371;1.143;0.932;69;124;112;50.00;50.00;50.00;6049;1000;0.0;0;1.0000;0;0
600;2017-02-22 15:50:00;172602N232;233;5.312;28;219;224;223;210;1.111;49.99;403.6;0.268;416.1;0.263;0.0;0.000;60;0;0;1.516;1.005;0.814;29;108;98;49.99;49.99;49.99;6049;1000;0.0;0;1.0000;0;0
600;2017-02-22 16:00:00;172602N232;172;5.341;28;219;224;224;209;0.988;49.98;393.1;0.195;404.2;0.192;0.0;0.000;60;0;0;1.378;0.870;0.718;15;82;81;49.98;49.98;49.98;6049;1000;0.0;0;1.0000;0;0
600;2017-02-22 16:10:00;172602N232;38;5.347;27;219;221;223;213;0.538;49.99;339.6;0.032;355.5;0.035;0.0;0.000;60;0;0;0.644;0.591;0.381;10;12;29;49.99;49.99;49.99;6049;1000;0.0;0;1.0000;0;0
600;2017-02-22 16:20:00;172602N232;34;5.354;27;219;218;219;219;0.466;50.02;324.9;0.028;333.6;0.031;0.0;0.000;60;0;0;0.457;0.525;0.418;9;17;12;50.02;50.02;50.02;6049;1000;0.0;0;1.0000;0;0
600;2017-02-22 16:30:00;172602N232;12;5.357;27;219;218;219;219;0.294;49.99;273.8;0.005;280.1;0.007;0.0;0.000;60;0;0;0.253;0.379;0.252;6;6;5;49.99;50.00;50.00;6049;1000;0.0;0;1.0000;0;0
600;2017-02-22 16:40:00;172602N232;2;5.356;26;218;217;220;219;0.104;49.98;251.9;0.000;252.8;0.000;0.0;0.000;60;0;0;0.089;0.165;0.060;4;1;1;49.98;49.98;49.98;6049;1000;0.0;0;1.0000;0;0
600;2017-02-22 16:50:00;172602N232;0;5.356;25;217;214;220;217;0.000;49.99;264.2;0.000;264.1;0.000;0.0;0.000;51;0;0;0.001;0.001;0.000;0;0;0;49.99;49.99;49.99;7134;1000;0.0;0;1.0000;0;0
600;2017-02-22 17:00:00;172602N232;0;5.356;25;217;214;220;218;0.000;49.98;228.3;0.000;229.3;0.000;0.0;0.000;51;0;0;0.000;0.000;0.000;0;0;0;49.98;49.98;49.98;7559;1000;0.0;0;1.0000;0;0
600;2017-02-22 17:10:00;172602N232;0;5.356;25;217;214;220;217;0.000;49.99;227.5;0.000;228.5;0.000;0.0;0.000;51;0;0;0.000;0.000;0.000;0;0;0;49.99;49.99;49.99;7559;1000;0.0;0;1.0000;0;0
[wr_ende]
