20151014;230003;172602N232;My Plant;+0100
[wr_def_start]
172602N232;Inverter Type;Inverter Group;72602N232      
[wr_def_end]
[wr]
INTERVAL;TIMESTAMP;SERIAL;P_AC;E_DAY;T_WR;U_AC;U_AC_1;U_AC_2;U_AC_3;I_AC;F_AC;U_DC_1;I_DC_1;U_DC_2;I_DC_2;U_DC_3;I_DC_3;S;E_WR;M_WR;I_AC_1;I_AC_2;I_AC_3;P_AC_1;P_AC_2;P_AC_3;F_AC_1;F_AC_2;F_AC_3;R_DC;PC;PCS;PCS_LL;COS_PHI;COS_PHI_LL;S_COS_PHI
600;2015-10-14 07:00:00;172602N232;0;0.000;0;3;3;3;3;0.000;0.76;3.1;0.000;3.1;0.000;0.0;0.000;50;0;0;0.000;0.000;0.000;0;0;0;0.76;0.76;0.76;38;1000;0.0;0;1.0000;0;0
600;2015-10-14 07:10:00;172602N232;0;0.000;19;223;223;226;219;0.000;49.99;228.9;0.000;229.8;0.000;0.0;0.000;50;0;0;0.000;0.000;0.000;0;0;0;49.99;49.99;49.99;0;1000;0.0;0;1.0000;0;0
600;2015-10-14 07:20:00;172602N232;0;0.000;20;223;225;226;219;0.000;49.98;242.0;0.000;242.8;0.000;0.0;0.000;50;0;0;0.000;0.000;0.000;0;0;0;49.98;49.98;49.98;0;1000;0.0;0;1.0000;0;0
600;2015-10-14 07:30:00;172602N232;0;0.000;21;223;224;226;220;0.000;50.01;256.0;0.000;256.6;0.000;0.0;0.000;50;0;0;0.000;0.000;0.000;0;0;0;50.01;50.01;50.01;0;1000;0.0;0;1.0000;0;0
600;2015-10-14 07:40:00;172602N232;4;0.000;21;223;223;224;223;0.150;49.99;278.4;0.000;280.5;0.002;0.0;0.000;60;0;0;0.145;0.169;0.136;1;4;1;49.99;49.99;49.99;6662;1000;0.0;0;1.0000;0;0
600;2015-10-14 07:50:00;172602N232;9;0.002;22;223;223;224;222;0.266;49.99;262.2;0.003;290.3;0.005;0.0;0.000;60;0;0;0.325;0.278;0.197;1;4;11;49.99;49.99;49.99;8534;1000;0.0;0;1.0000;0;0
600;2015-10-14 08:00:00;172602N232;4;0.003;22;223;223;224;222;0.141;49.99;274.1;0.000;274.5;0.002;0.0;0.000;60;0;0;0.170;0.148;0.107;1;3;5;49.99;49.99;49.99;6314;1000;0.0;0;1.0000;0;0
600;2015-10-14 08:10:00;172602N232;0;0.004;23;223;223;224;223;0.077;49.98;253.8;0.000;254.1;0.000;0.0;0.000;80;0;0;0.088;0.091;0.052;0;0;1;49.98;49.98;49.98;4867;1000;0.0;0;1.0000;0;0
600;2015-10-14 08:20:00;172602N232;0;0.004;23;223;224;225;220;0.000;49.98;292.5;0.000;291.2;0.000;0.0;0.000;60;0;0;0.001;0.000;0.000;0;0;0;49.98;49.98;49.98;4740;1000;0.0;0;1.0000;0;0
600;2015-10-14 08:30:00;172602N232;6;0.007;23;223;225;224;220;0.180;50.00;278.8;0.000;278.0;0.002;0.0;0.000;60;0;0;0.245;0.157;0.139;0;9;9;50.00;50.00;50.00;4697;1000;0.0;0;1.0000;0;0
600;2015-10-14 08:40:00;172602N232;103;0.026;23;223;225;223;222;0.874;49.99;382.3;0.113;381.4;0.112;0.0;0.000;60;0;0;1.315;0.670;0.638;6;61;51;49.99;49.99;49.99;4698;1000;0.0;0;1.0000;0;0
600;2015-10-14 08:50:00;172602N232;208;0.056;24;226;227;226;225;1.025;49.99;418.1;0.235;405.4;0.237;0.0;0.000;60;0;0;1.299;0.851;0.925;32;74;99;49.99;49.99;49.99;4698;1000;0.0;0;1.0000;0;0
600;2015-10-14 09:00:00;172602N232;268;0.100;24;226;226;226;225;1.121;49.99;423.6;0.306;410.6;0.305;0.0;0.000;60;0;0;1.375;1.185;0.805;80;112;74;49.99;49.99;49.99;4698;1000;0.0;0;1.0000;0;0
600;2015-10-14 09:10:00;172602N232;391;0.166;24;225;225;227;225;1.216;49.99;428.6;0.455;417.4;0.443;0.0;0.000;60;0;0;1.226;1.276;1.146;110;139;140;49.99;49.99;49.99;4698;1000;0.0;0;1.0000;0;0
600;2015-10-14 09:20:00;172602N232;402;0.233;25;225;226;227;224;1.226;50.01;427.7;0.479;419.1;0.443;0.0;0.000;60;0;0;1.271;1.284;1.124;113;141;146;50.01;50.01;50.01;4698;1000;0.0;0;1.0000;0;0
600;2015-10-14 09:30:00;172602N232;452;0.308;25;226;225;228;224;0.734;50.00;427.9;0.549;427.4;0.486;0.0;0.000;60;0;0;0.683;0.775;0.744;137;161;152;50.00;50.00;50.00;4698;1000;0.0;0;1.0000;0;0
600;2015-10-14 09:40:00;172602N232;276;0.355;26;225;225;226;224;1.108;49.99;418.2;0.327;412.8;0.304;0.0;0.000;60;0;0;1.147;1.189;0.990;69;98;107;49.99;49.99;49.99;4698;1000;0.0;0;1.0000;0;0
600;2015-10-14 09:50:00;172602N232;288;0.403;26;226;225;227;225;0.990;50.00;419.0;0.339;411.8;0.321;0.0;0.000;60;0;0;1.053;0.977;0.940;79;94;113;50.00;50.00;50.00;4698;1000;0.0;0;1.0000;0;0
600;2015-10-14 10:00:00;172602N232;699;0.520;27;225;225;227;224;1.079;49.99;433.5;0.898;441.5;0.682;0.0;0.000;60;0;0;1.028;1.120;1.090;220;243;234;49.99;49.99;49.99;4698;1000;0.0;0;1.0000;0;0
600;2015-10-14 10:10:00;172602N232;840;0.660;27;226;225;228;225;1.290;50.00;430.1;1.134;452.8;0.759;0.0;0.000;60;0;0;1.239;1.333;1.300;266;292;281;50.00;50.00;50.00;4698;1000;0.0;0;1.0000;0;0
600;2015-10-14 10:20:00;172602N232;847;0.800;28;226;226;227;225;1.290;50.01;428.1;1.069;445.6;0.859;0.0;0.000;60;0;0;1.236;1.332;1.304;268;293;284;50.01;50.01;50.01;4698;1000;0.0;0;1.0000;0;0
600;2015-10-14 10:30:00;172602N232;353;0.859;28;225;225;225;224;1.126;49.99;412.0;0.429;405.4;0.403;0.0;0.000;60;0;0;1.148;1.193;1.038;100;130;121;49.99;49.99;49.99;4698;1000;0.0;0;1.0000;0;0
600;2015-10-14 10:40:00;172602N232;379;0.923;29;225;225;226;223;1.113;49.99;420.1;0.449;407.6;0.438;0.0;0.000;60;0;0;1.139;1.209;0.993;117;138;121;49.99;49.99;49.99;4698;1000;0.0;0;1.0000;0;0
600;2015-10-14 10:50:00;172602N232;728;1.045;29;225;225;226;224;1.210;50.00;427.9;0.900;436.3;0.767;0.0;0.000;60;0;0;1.192;1.236;1.204;231;251;243;50.00;50.00;50.00;4698;1000;0.0;0;1.0000;0;0
600;2015-10-14 11:00:00;172602N232;649;1.153;29;225;223;227;225;1.051;50.00;428.9;0.760;412.2;0.767;0.0;0.000;60;0;0;0.986;1.098;1.070;200;228;220;50.00;50.00;50.00;4698;1000;0.0;0;1.0000;0;0
600;2015-10-14 11:10:00;172602N232;708;1.270;29;225;223;227;225;1.094;49.99;431.8;0.823;412.2;0.842;0.0;0.000;60;0;0;1.025;1.141;1.116;218;248;240;49.99;49.99;49.99;4698;1000;0.0;0;1.0000;0;0
600;2015-10-14 11:20:00;172602N232;703;1.388;30;226;223;228;226;1.085;50.00;430.1;0.820;411.3;0.837;0.0;0.000;60;0;0;1.014;1.133;1.109;216;246;239;50.00;50.00;50.00;4698;1000;0.0;0;1.0000;0;0
600;2015-10-14 11:30:00;172602N232;757;1.515;30;226;224;229;226;1.273;50.00;430.2;0.886;412.2;0.902;0.0;0.000;60;0;0;1.181;1.466;1.173;240;274;241;50.00;50.00;50.00;4698;1000;0.0;0;1.0000;0;0
600;2015-10-14 11:40:00;172602N232;801;1.648;30;227;225;229;227;1.354;50.00;429.8;0.943;414.2;0.947;0.0;0.000;60;0;0;1.259;1.570;1.235;255;290;254;50.00;50.00;50.00;4698;1000;0.0;0;1.0000;0;0
600;2015-10-14 11:50:00;172602N232;1100;1.831;31;227;225;229;227;1.678;50.01;429.2;1.307;415.8;1.297;0.0;0.000;60;0;0;1.613;1.722;1.701;347;380;370;50.01;50.01;50.01;4698;1000;0.0;0;1.0000;0;0
600;2015-10-14 12:00:00;172602N232;1399;2.064;31;227;226;230;227;2.093;49.99;424.9;1.695;419.7;1.622;0.0;0.000;60;0;0;2.031;2.142;2.106;448;481;467;49.99;49.99;49.99;4698;1000;0.0;0;1.0000;0;0
600;2015-10-14 12:10:00;172602N232;1556;2.323;31;227;226;229;226;2.318;50.02;420.6;1.886;412.2;1.853;0.0;0.000;60;0;0;2.247;2.382;2.325;498;539;517;50.02;50.02;50.02;4698;1000;0.0;0;1.0000;0;0
600;2015-10-14 12:20:00;172602N232;1205;2.524;32;227;226;229;225;1.819;50.03;423.4;1.445;412.1;1.435;0.0;0.000;60;0;0;1.756;1.872;1.829;383;419;401;50.03;50.03;50.03;4698;1000;0.0;0;1.0000;0;0
600;2015-10-14 12:30:00;172602N232;1560;2.786;32;227;226;230;226;2.328;50.01;423.8;1.866;413.0;1.864;0.0;0.000;60;0;0;2.253;2.391;2.340;498;540;520;50.01;50.01;50.01;4698;1000;0.0;0;1.0000;0;0
600;2015-10-14 12:40:00;172602N232;2597;3.218;32;229;227;232;227;3.812;49.99;421.5;3.152;408.0;3.167;0.0;0.000;60;0;0;3.726;3.907;3.805;836;902;857;49.99;49.99;49.99;4698;1000;0.0;0;1.0000;0;0
600;2015-10-14 12:50:00;172602N232;2035;3.558;33;227;226;230;227;3.004;50.01;414.2;2.504;402.1;2.508;0.0;0.000;60;0;0;2.927;3.067;3.019;655;699;678;50.01;50.01;50.01;4698;1000;0.0;0;1.0000;0;0
600;2015-10-14 13:00:00;172602N232;1859;3.867;33;228;227;229;227;2.760;50.01;417.3;2.273;404.5;2.274;0.0;0.000;60;0;0;2.707;2.809;2.766;605;637;617;50.01;50.01;50.01;4698;1000;0.0;0;1.0000;0;0
600;2015-10-14 13:10:00;172602N232;914;4.020;33;227;226;228;226;1.386;50.01;420.6;1.093;400.6;1.124;0.0;0.000;60;0;0;1.331;1.431;1.398;290;316;305;50.01;50.01;50.01;4698;1000;0.0;0;1.0000;0;0
600;2015-10-14 13:20:00;172602N232;413;4.089;34;226;226;228;226;1.187;50.02;408.7;0.505;413.0;0.480;0.0;0.000;60;0;0;1.201;1.248;1.113;133;139;139;50.02;50.02;50.02;4698;1000;0.0;0;1.0000;0;0
600;2015-10-14 13:30:00;172602N232;2389;4.487;34;229;228;232;227;3.511;50.01;382.1;3.044;431.4;2.894;0.0;0.000;60;0;0;3.441;3.590;3.503;774;825;787;50.01;50.01;50.01;4698;1000;0.0;0;1.0000;0;0
600;2015-10-14 13:40:00;172602N232;2589;4.919;34;229;228;232;227;3.792;49.99;383.0;3.355;430.9;3.091;0.0;0.000;60;0;0;3.726;3.883;3.769;843;895;850;49.99;49.99;49.99;4698;1000;0.0;0;1.0000;0;0
600;2015-10-14 13:50:00;172602N232;648;5.027;34;227;226;229;226;1.407;50.00;400.6;0.817;390.4;0.789;0.0;0.000;60;0;0;1.406;1.502;1.315;206;226;214;50.00;50.00;50.00;4698;1000;0.0;0;1.0000;0;0
600;2015-10-14 14:00:00;172602N232;336;5.083;34;227;227;228;226;1.017;49.99;408.0;0.403;393.3;0.407;0.0;0.000;60;0;0;0.960;1.139;0.952;82;124;128;49.99;49.99;49.99;4698;1000;0.0;0;1.0000;0;0
600;2015-10-14 14:10:00;172602N232;722;5.204;34;228;227;230;226;1.257;50.00;426.9;0.965;418.9;0.707;0.0;0.000;60;0;0;1.226;1.314;1.233;225;251;243;50.00;50.00;50.00;4698;1000;0.0;0;1.0000;0;0
600;2015-10-14 14:20:00;172602N232;893;5.352;34;227;226;230;226;1.351;50.01;422.1;1.197;418.3;0.888;0.0;0.000;60;0;0;1.287;1.406;1.361;281;313;297;50.01;50.01;50.01;4698;1000;0.0;0;1.0000;0;0
600;2015-10-14 14:30:00;172602N232;672;5.465;34;226;224;229;224;1.046;50.00;414.6;0.868;411.0;0.736;0.0;0.000;60;0;0;0.974;1.103;1.062;207;238;226;50.00;50.00;50.00;4698;1000;0.0;0;1.0000;0;0
600;2015-10-14 14:40:00;172602N232;1031;5.637;34;224;223;228;222;1.568;50.00;425.6;1.484;429.3;0.884;0.0;0.000;60;0;0;1.501;1.633;1.572;326;362;340;50.00;50.00;50.00;4698;1000;0.0;0;1.0000;0;0
600;2015-10-14 14:50:00;172602N232;1800;5.938;34;225;223;230;223;2.682;50.00;422.0;2.881;460.3;1.279;0.0;0.000;60;0;0;2.585;2.788;2.673;572;634;591;50.00;50.00;50.00;4698;1000;0.0;0;1.0000;0;0
600;2015-10-14 15:00:00;172602N232;607;6.039;34;224;222;228;222;1.043;50.00;401.6;0.827;400.2;0.652;0.0;0.000;60;0;0;0.962;1.132;1.035;186;214;206;50.00;50.00;50.00;4698;1000;0.0;0;1.0000;0;0
600;2015-10-14 15:10:00;172602N232;538;6.129;34;224;223;228;222;1.163;49.99;401.9;0.792;412.3;0.531;0.0;0.000;60;0;0;1.132;1.293;1.066;174;187;175;49.99;49.99;49.99;4698;1000;0.0;0;1.0000;0;0
600;2015-10-14 15:20:00;172602N232;571;6.224;34;224;223;228;223;1.180;49.99;418.9;0.718;417.8;0.622;0.0;0.000;60;0;0;1.128;1.293;1.120;177;200;192;49.99;49.99;49.99;4698;1000;0.0;0;1.0000;0;0
600;2015-10-14 15:30:00;172602N232;917;6.377;34;225;224;228;223;1.408;50.00;436.3;1.052;429.5;1.036;0.0;0.000;60;0;0;1.343;1.474;1.407;288;324;303;50.00;50.00;50.00;4698;1000;0.0;0;1.0000;0;0
600;2015-10-14 15:40:00;172602N232;293;6.426;34;225;225;226;223;0.940;50.00;390.9;0.358;381.7;0.365;0.0;0.000;60;0;0;0.996;1.009;0.816;74;108;110;50.00;50.00;50.00;4698;1000;0.0;0;1.0000;0;0
600;2015-10-14 15:50:00;172602N232;255;6.469;34;225;224;226;224;1.087;49.99;398.1;0.306;387.8;0.311;0.0;0.000;60;0;0;1.120;1.216;0.925;72;84;97;49.99;49.99;49.99;4698;1000;0.0;0;1.0000;0;0
600;2015-10-14 16:00:00;172602N232;185;6.499;33;224;224;227;223;0.989;50.00;391.3;0.219;388.1;0.222;0.0;0.000;60;0;0;0.860;1.397;0.712;35;62;86;50.00;50.00;50.00;4698;1000;0.0;0;1.0000;0;0
600;2015-10-14 16:10:00;172602N232;216;6.535;33;225;224;227;223;1.069;50.00;401.4;0.253;392.3;0.255;0.0;0.000;60;0;0;0.964;1.403;0.840;47;64;102;50.00;50.00;50.00;4698;1000;0.0;0;1.0000;0;0
600;2015-10-14 16:20:00;172602N232;363;6.597;33;225;224;227;223;0.978;50.01;401.9;0.438;401.0;0.437;0.0;0.000;60;0;0;0.965;1.093;0.876;103;131;127;50.01;50.01;50.01;4698;1000;0.0;0;1.0000;0;0
600;2015-10-14 16:30:00;172602N232;133;6.619;33;224;225;227;222;0.982;50.02;389.5;0.154;383.7;0.157;0.0;0.000;60;0;0;1.010;1.150;0.787;23;33;75;50.02;50.02;50.02;4698;1000;0.0;0;1.0000;0;0
600;2015-10-14 16:40:00;172602N232;117;6.638;32;225;226;226;222;0.966;50.00;393.6;0.132;381.2;0.135;0.0;0.000;60;0;0;1.111;1.007;0.780;12;35;69;50.00;50.00;50.00;4698;1000;0.0;0;1.0000;0;0
600;2015-10-14 16:50:00;172602N232;181;6.669;32;225;225;226;223;0.982;49.99;401.6;0.211;392.3;0.212;0.0;0.000;60;0;0;0.988;1.248;0.712;27;70;82;49.99;49.99;49.99;4698;1000;0.0;0;1.0000;0;0
600;2015-10-14 17:00:00;172602N232;148;6.693;32;225;225;226;224;0.960;50.00;390.7;0.172;388.8;0.173;0.0;0.000;60;0;0;0.957;1.159;0.765;24;46;76;50.00;50.00;50.00;4698;1000;0.0;0;1.0000;0;0
600;2015-10-14 17:10:00;172602N232;101;6.711;32;224;225;227;222;0.937;49.99;379.9;0.115;380.9;0.118;0.0;0.000;60;0;0;0.867;1.201;0.743;25;10;66;49.99;49.99;49.99;4698;1000;0.0;0;1.0000;0;0
600;2015-10-14 17:20:00;172602N232;116;6.730;32;221;221;222;219;0.914;49.98;382.3;0.133;387.6;0.134;0.0;0.000;60;0;0;0.945;1.066;0.733;16;30;68;49.98;49.98;49.98;4698;1000;0.0;0;1.0000;0;0
600;2015-10-14 17:30:00;172602N232;65;6.741;31;221;220;222;219;0.855;50.02;364.8;0.069;375.7;0.071;0.0;0.000;60;0;0;0.826;1.094;0.646;15;4;48;50.02;50.02;50.02;4698;1000;0.0;0;1.0000;0;0
600;2015-10-14 17:40:00;172602N232;19;6.744;31;220;220;222;218;0.461;50.04;290.1;0.013;297.4;0.017;0.0;0.000;60;0;0;0.425;0.648;0.311;7;0;21;50.04;50.04;50.04;4698;1000;0.0;0;1.0000;0;0
600;2015-10-14 17:50:00;172602N232;1;6.744;31;220;220;222;217;0.087;49.99;251.4;0.000;251.7;0.000;0.0;0.000;60;0;0;0.077;0.125;0.060;0;0;3;49.99;49.99;49.99;4698;1000;0.0;0;1.0000;0;0
600;2015-10-14 18:00:00;172602N232;0;6.744;30;219;220;221;216;0.003;49.97;244.5;0.000;245.0;0.000;0.0;0.000;50;0;0;0.008;0.001;0.000;0;0;0;49.97;49.97;49.97;4698;1000;0.0;0;1.0000;0;0
600;2015-10-14 18:10:00;172602N232;0;6.744;29;219;218;221;217;0.000;49.98;228.0;0.000;229.0;0.000;0.0;0.000;50;0;0;0.000;0.000;0.000;0;0;0;49.98;49.98;49.98;4698;1000;0.0;0;1.0000;0;0
[wr_ende]
