20131221;230001;172602N232;My Plant;+0100
[wr_def_start]
172602N232;Inverter Type;Inverter Group;72602N232      
[wr_def_end]
[wr]
INTERVAL;TIMESTAMP;SERIAL;P_AC;E_DAY;T_WR;U_AC;U_AC_1;U_AC_2;U_AC_3;I_AC;F_AC;U_DC_1;I_DC_1;U_DC_2;I_DC_2;U_DC_3;I_DC_3;S;E_WR;M_WR;I_AC_1;I_AC_2;I_AC_3;P_AC_1;P_AC_2;P_AC_3;F_AC_1;F_AC_2;F_AC_3;R_DC;PC;PCS;PCS_LL;COS_PHI;COS_PHI_LL;S_COS_PHI
600;2013-12-21 08:30:00;172602N232;0;0.000;0;2;2;2;2;0.000;0.64;2.9;0.000;2.9;0.000;0.0;0.000;50;0;0;0.000;0.000;0.000;0;0;0;0.64;0.64;0.64;43;1000;0.0;0;1.0000;0;0
600;2013-12-21 08:40:00;172602N232;0;0.000;16;220;220;223;217;0.000;49.98;228.3;0.000;229.2;0.000;0.0;0.000;50;0;0;0.000;0.000;0.000;0;0;0;49.98;49.98;49.98;0;1000;0.0;0;1.0000;0;0
600;2013-12-21 08:50:00;172602N232;0;0.000;17;219;220;222;216;0.000;50.00;227.1;0.000;228.1;0.000;0.0;0.000;50;0;0;0.000;0.000;0.000;0;0;0;50.00;50.00;50.00;0;1000;0.0;0;1.0000;0;0
600;2013-12-21 09:00:00;172602N232;0;0.000;18;220;220;222;217;0.000;49.99;230.3;0.000;231.2;0.000;0.0;0.000;50;0;0;0.000;0.000;0.000;0;0;0;49.99;49.99;49.99;0;1000;0.0;0;1.0000;0;0
600;2013-12-21 09:10:00;172602N232;0;0.000;18;219;219;222;217;0.000;49.98;230.8;0.000;231.7;0.000;0.0;0.000;50;0;0;0.000;0.000;0.000;0;0;0;49.98;49.98;49.98;0;1000;0.0;0;1.0000;0;0
600;2013-12-21 09:20:00;172602N232;0;0.000;18;219;220;221;216;0.000;49.99;237.8;0.000;238.7;0.000;0.0;0.000;50;0;0;0.000;0.000;0.000;0;0;0;49.99;49.99;49.99;0;1000;0.0;0;1.0000;0;0
600;2013-12-21 09:30:00;172602N232;0;0.000;18;219;221;221;216;0.001;50.00;298.0;0.000;297.3;0.000;0.0;0.000;51;0;0;0.001;0.001;0.001;0;0;0;50.00;50.00;50.00;1014;1000;0.0;0;1.0000;0;0
600;2013-12-21 09:40:00;172602N232;0;0.000;19;219;221;220;218;0.008;50.00;290.1;0.000;289.2;0.000;0.0;0.000;60;0;0;0.012;0.010;0.004;0;0;0;50.00;50.00;50.00;4806;1000;0.0;0;1.0000;0;0
600;2013-12-21 09:50:00;172602N232;10;0.001;19;218;218;218;219;0.233;49.98;270.2;0.004;279.6;0.006;0.0;0.000;60;0;0;0.271;0.212;0.218;1;9;5;49.98;49.98;49.98;4971;1000;0.0;0;1.0000;0;0
600;2013-12-21 10:00:00;172602N232;15;0.005;19;219;219;220;219;0.324;49.98;282.7;0.006;299.1;0.011;0.0;0.000;60;0;0;0.340;0.327;0.306;1;8;7;49.98;49.98;49.98;4971;1000;0.0;0;1.0000;0;0
600;2013-12-21 10:10:00;172602N232;5;0.005;20;219;218;221;219;0.200;49.98;256.8;0.000;262.8;0.002;0.0;0.000;60;0;0;0.165;0.292;0.143;3;0;7;49.98;49.98;49.98;4971;1000;0.0;0;1.0000;0;0
600;2013-12-21 10:20:00;172602N232;5;0.006;20;219;218;221;219;0.188;50.00;255.0;0.000;263.8;0.002;0.0;0.000;60;0;0;0.141;0.306;0.119;5;0;3;50.00;50.00;50.00;4971;1000;0.0;0;1.0000;0;0
600;2013-12-21 10:30:00;172602N232;17;0.008;20;219;218;221;219;0.343;49.99;288.3;0.010;300.5;0.013;0.0;0.000;60;0;0;0.357;0.425;0.247;5;2;15;49.99;49.99;49.99;4971;1000;0.0;0;1.0000;0;0
600;2013-12-21 10:40:00;172602N232;51;0.017;21;220;220;221;220;0.584;50.00;348.6;0.049;357.1;0.053;0.0;0.000;60;0;0;0.671;0.595;0.488;7;21;23;50.00;50.00;50.00;4971;1000;0.0;0;1.0000;0;0
600;2013-12-21 10:50:00;172602N232;104;0.035;21;220;220;220;221;0.873;49.99;388.9;0.114;388.9;0.119;0.0;0.000;60;0;0;0.974;0.763;0.883;16;55;33;49.99;49.99;49.99;4971;1000;0.0;0;1.0000;0;0
600;2013-12-21 11:00:00;172602N232;131;0.057;21;221;221;222;221;0.924;50.00;394.5;0.147;395.6;0.151;0.0;0.000;60;0;0;0.958;1.017;0.797;22;49;58;50.00;50.00;50.00;4971;1000;0.0;0;1.0000;0;0
600;2013-12-21 11:10:00;172602N232;94;0.073;22;221;220;222;220;0.891;49.99;379.8;0.104;387.0;0.107;0.0;0.000;60;0;0;0.875;1.074;0.725;17;21;54;49.99;49.99;49.99;4971;1000;0.0;0;1.0000;0;0
600;2013-12-21 11:20:00;172602N232;37;0.079;22;220;221;220;220;0.506;49.99;325.2;0.033;343.0;0.037;0.0;0.000;60;0;0;0.591;0.480;0.447;2;20;24;49.99;49.99;49.99;4971;1000;0.0;0;1.0000;0;0
600;2013-12-21 11:30:00;172602N232;9;0.081;23;220;221;219;219;0.216;49.99;267.6;0.004;278.7;0.006;0.0;0.000;60;0;0;0.298;0.173;0.179;0;10;10;49.99;49.99;49.99;4971;1000;0.0;0;1.0000;0;0
600;2013-12-21 11:40:00;172602N232;1;0.081;23;220;221;219;219;0.057;50.00;270.6;0.000;272.9;0.000;0.0;0.000;60;0;0;0.080;0.044;0.048;0;2;2;50.00;50.00;50.00;4959;1000;0.0;0;1.0000;0;0
600;2013-12-21 11:50:00;172602N232;35;0.088;23;220;222;219;220;0.488;49.99;319.0;0.033;330.9;0.035;0.0;0.000;60;0;0;0.692;0.371;0.403;0;27;22;49.99;49.99;49.99;4948;1000;0.0;0;1.0000;0;0
600;2013-12-21 12:00:00;172602N232;95;0.104;23;220;222;220;219;0.910;49.99;384.1;0.104;384.7;0.108;0.0;0.000;60;0;0;1.339;0.697;0.695;0;59;46;49.99;49.99;49.99;4948;1000;0.0;0;1.0000;0;0
600;2013-12-21 12:10:00;172602N232;107;0.121;23;220;222;219;220;0.940;50.00;389.7;0.117;388.0;0.122;0.0;0.000;60;0;0;1.377;0.723;0.721;1;67;43;50.00;50.00;50.00;4948;1000;0.0;0;1.0000;0;0
600;2013-12-21 12:20:00;172602N232;87;0.137;24;220;222;217;221;0.867;49.99;379.8;0.094;382.2;0.099;0.0;0.000;60;0;0;1.286;0.649;0.668;0;59;39;49.99;49.99;49.99;4948;1000;0.0;0;1.0000;0;0
600;2013-12-21 12:30:00;172602N232;107;0.155;24;220;224;218;220;0.937;49.99;389.2;0.116;387.2;0.122;0.0;0.000;60;0;0;1.454;0.697;0.662;0;71;51;49.99;49.99;49.99;4948;1000;0.0;0;1.0000;0;0
600;2013-12-21 12:40:00;172602N232;70;0.170;24;221;224;219;221;0.749;50.01;367.6;0.073;372.6;0.077;0.0;0.000;60;0;0;1.138;0.551;0.559;0;50;40;50.01;50.01;50.01;4948;1000;0.0;0;1.0000;0;0
600;2013-12-21 12:50:00;172602N232;36;0.181;24;221;223;219;221;0.540;49.99;327.3;0.031;342.8;0.036;0.0;0.000;60;0;0;0.799;0.398;0.423;0;30;27;49.99;49.99;49.99;4948;1000;0.0;0;1.0000;0;0
600;2013-12-21 13:00:00;172602N232;35;0.190;24;221;223;220;221;0.528;49.99;326.9;0.030;342.3;0.034;0.0;0.000;60;0;0;0.756;0.396;0.434;0;29;26;49.99;49.99;49.99;4948;1000;0.0;0;1.0000;0;0
600;2013-12-21 13:10:00;172602N232;69;0.205;24;222;223;222;221;0.798;50.00;372.8;0.072;375.1;0.077;0.0;0.000;60;0;0;1.209;0.597;0.589;0;46;38;50.00;50.00;50.00;4948;1000;0.0;0;1.0000;0;0
600;2013-12-21 13:20:00;172602N232;76;0.218;25;221;222;222;219;0.864;49.98;374.8;0.082;376.8;0.086;0.0;0.000;60;0;0;1.094;0.838;0.660;4;32;49;49.98;49.98;49.98;4948;1000;0.0;0;1.0000;0;0
600;2013-12-21 13:30:00;172602N232;49;0.226;25;221;221;222;220;0.639;49.99;346.6;0.048;357.8;0.052;0.0;0.000;60;0;0;0.728;0.695;0.496;5;17;29;49.99;49.99;49.99;4948;1000;0.0;0;1.0000;0;0
600;2013-12-21 13:40:00;172602N232;46;0.235;25;221;221;221;221;0.595;50.00;344.2;0.045;357.3;0.049;0.0;0.000;60;0;0;0.714;0.608;0.464;2;21;26;50.00;50.00;50.00;4948;1000;0.0;0;1.0000;0;0
600;2013-12-21 13:50:00;172602N232;105;0.253;25;221;221;222;219;0.945;49.97;382.7;0.117;385.4;0.120;0.0;0.000;60;0;0;1.275;0.863;0.698;2;54;55;49.97;49.97;49.97;4948;1000;0.0;0;1.0000;0;0
600;2013-12-21 14:00:00;172602N232;136;0.275;25;221;222;222;220;1.030;49.99;395.0;0.153;394.0;0.157;0.0;0.000;60;0;0;1.484;0.844;0.762;7;72;61;49.99;49.99;49.99;4948;1000;0.0;0;1.0000;0;0
600;2013-12-21 14:10:00;172602N232;95;0.292;25;221;221;222;219;0.930;50.00;383.6;0.105;386.4;0.108;0.0;0.000;60;0;0;1.198;0.878;0.715;2;40;58;50.00;50.00;50.00;4948;1000;0.0;0;1.0000;0;0
600;2013-12-21 14:20:00;172602N232;91;0.307;25;221;222;223;220;0.892;49.99;380.3;0.100;386.0;0.102;0.0;0.000;60;0;0;1.103;0.883;0.692;4;37;56;49.99;49.99;49.99;4948;1000;0.0;0;1.0000;0;0
600;2013-12-21 14:30:00;172602N232;80;0.323;25;221;222;222;220;0.826;49.98;373.4;0.086;380.7;0.088;0.0;0.000;60;0;0;1.132;0.703;0.643;2;46;45;49.98;49.98;49.98;4948;1000;0.0;0;1.0000;0;0
600;2013-12-21 14:40:00;172602N232;63;0.338;25;221;223;220;219;0.731;49.99;362.4;0.066;372.1;0.067;0.0;0.000;60;0;0;1.122;0.534;0.537;0;45;42;49.99;49.99;49.99;4948;1000;0.0;0;1.0000;0;0
600;2013-12-21 14:50:00;172602N232;10;0.341;25;221;223;221;219;0.210;50.01;271.9;0.006;278.5;0.008;0.0;0.000;60;0;0;0.296;0.162;0.172;0;11;11;50.01;50.01;50.01;4948;1000;0.0;0;1.0000;0;0
600;2013-12-21 15:00:00;172602N232;0;0.341;24;221;222;223;217;0.000;50.00;293.6;0.000;292.4;0.000;0.0;0.000;51;0;0;0.000;0.000;0.000;0;0;0;50.00;50.00;50.01;4558;1000;0.0;0;1.0000;0;0
600;2013-12-21 15:10:00;172602N232;0;0.341;24;220;221;222;216;0.000;50.01;245.3;0.000;246.2;0.000;0.0;0.000;51;0;0;0.000;0.000;0.000;0;0;0;50.01;50.01;50.01;4437;1000;0.0;0;1.0000;0;0
600;2013-12-21 15:20:00;172602N232;0;0.341;23;220;221;223;217;0.000;50.00;231.0;0.000;231.9;0.000;0.0;0.000;51;0;0;0.000;0.000;0.000;0;0;0;50.00;50.00;50.00;4437;1000;0.0;0;1.0000;0;0
600;2013-12-21 15:30:00;172602N232;0;0.341;23;220;221;223;217;0.000;49.99;230.3;0.000;231.2;0.000;0.0;0.000;51;0;0;0.000;0.000;0.000;0;0;0;49.99;49.99;49.99;4437;1000;0.0;0;1.0000;0;0
600;2013-12-21 15:40:00;172602N232;0;0.341;23;220;221;222;216;0.000;49.99;228.5;0.000;229.5;0.000;0.0;0.000;51;0;0;0.000;0.000;0.000;0;0;0;49.99;49.99;49.99;4437;1000;0.0;0;1.0000;0;0
[wr_ende]
