20161226;230005;172602N232;My Plant;+0100
[wr_def_start]
172602N232;Inverter Type;Inverter Group;72602N232      
[wr_def_end]
[wr]
INTERVAL;TIMESTAMP;SERIAL;P_AC;E_DAY;T_WR;U_AC;U_AC_1;U_AC_2;U_AC_3;I_AC;F_AC;U_DC_1;I_DC_1;U_DC_2;I_DC_2;U_DC_3;I_DC_3;S;E_WR;M_WR;I_AC_1;I_AC_2;I_AC_3;P_AC_1;P_AC_2;P_AC_3;F_AC_1;F_AC_2;F_AC_3;R_DC;PC;PCS;PCS_LL;COS_PHI;COS_PHI_LL;S_COS_PHI
600;2016-12-26 07:40:00;172602N232;0;0.000;0;3;3;3;3;0.000;0.81;3.6;0.000;3.7;0.000;0.0;0.000;50;0;0;0.000;0.000;0.000;0;0;0;0.81;0.81;0.81;76;1000;0.0;0;1.0000;0;0
600;2016-12-26 07:50:00;172602N232;0;0.000;18;223;223;225;220;0.000;49.99;229.6;0.000;230.5;0.000;0.0;0.000;50;0;0;0.000;0.000;0.000;0;0;0;49.99;49.99;49.99;0;1000;0.0;0;1.0000;0;0
600;2016-12-26 08:00:00;172602N232;0;0.000;19;222;221;224;221;0.000;49.99;233.7;0.000;234.6;0.000;0.0;0.000;50;0;0;0.000;0.000;0.000;0;0;0;49.99;49.99;49.99;0;1000;0.0;0;1.0000;0;0
600;2016-12-26 08:10:00;172602N232;0;0.000;19;222;222;223;220;0.001;50.01;286.3;0.000;285.3;0.000;0.0;0.000;60;0;0;0.002;0.001;0.001;0;0;0;50.01;50.01;50.01;1386;1000;0.0;0;1.0000;0;0
600;2016-12-26 08:20:00;172602N232;1;0.000;20;220;221;221;220;0.068;50.01;271.3;0.000;270.5;0.000;0.0;0.000;60;0;0;0.093;0.080;0.032;0;4;1;50.01;50.01;50.01;5009;1000;0.0;0;1.0000;0;0
600;2016-12-26 08:30:00;172602N232;11;0.005;20;220;222;220;219;0.317;49.98;285.9;0.005;265.0;0.006;0.0;0.000;60;0;0;0.459;0.252;0.242;0;13;15;49.98;49.98;49.98;5158;1000;0.0;0;1.0000;0;0
600;2016-12-26 08:40:00;172602N232;31;0.012;20;221;221;221;220;0.496;50.00;335.2;0.026;346.4;0.022;0.0;0.000;60;0;0;0.646;0.459;0.384;1;21;23;50.00;50.00;50.00;5158;1000;0.0;0;1.0000;0;0
600;2016-12-26 08:50:00;172602N232;69;0.023;21;220;220;221;219;0.819;50.00;386.2;0.080;397.7;0.059;0.0;0.000;60;0;0;0.873;0.963;0.621;10;16;47;50.00;50.00;50.00;5158;1000;0.0;0;1.0000;0;0
600;2016-12-26 09:00:00;172602N232;144;0.044;21;224;224;225;222;0.997;50.01;408.8;0.176;419.8;0.133;0.0;0.000;60;0;0;1.167;1.068;0.758;24;50;69;50.01;50.01;50.01;5158;1000;0.0;0;1.0000;0;0
600;2016-12-26 09:10:00;172602N232;243;0.083;22;224;225;224;223;0.835;50.01;382.8;0.294;385.6;0.238;0.0;0.000;60;0;0;0.951;0.824;0.730;70;94;82;50.01;50.01;50.01;5158;1000;0.0;0;1.0000;0;0
600;2016-12-26 09:20:00;172602N232;22;0.088;22;223;224;222;223;0.333;49.99;303.4;0.018;310.8;0.019;0.0;0.000;60;0;0;0.423;0.284;0.293;0;19;11;49.99;49.99;49.99;5158;1000;0.0;0;1.0000;0;0
600;2016-12-26 09:30:00;172602N232;47;0.094;22;224;226;224;222;0.538;49.99;333.6;0.048;341.2;0.048;0.0;0.000;60;0;0;0.774;0.438;0.402;0;28;32;49.99;49.99;49.99;5158;1000;0.0;0;1.0000;0;0
600;2016-12-26 09:40:00;172602N232;195;0.128;23;224;225;225;222;1.084;50.00;411.1;0.228;420.7;0.204;0.0;0.000;60;0;0;1.359;1.114;0.779;31;77;86;50.00;50.00;50.00;5158;1000;0.0;0;1.0000;0;0
600;2016-12-26 09:50:00;172602N232;333;0.184;23;223;225;225;220;1.130;50.00;437.3;0.398;445.3;0.312;0.0;0.000;60;0;0;1.388;1.065;0.939;80;131;123;50.00;50.00;50.00;5158;1000;0.0;0;1.0000;0;0
600;2016-12-26 10:00:00;172602N232;302;0.234;23;221;225;225;214;1.127;50.01;439.9;0.355;445.1;0.282;0.0;0.000;60;0;0;1.389;1.098;0.894;76;112;112;50.01;50.01;50.01;5158;1000;0.0;0;1.0000;0;0
600;2016-12-26 10:10:00;172602N232;284;0.282;24;223;226;225;217;0.982;50.01;406.5;0.324;415.7;0.288;0.0;0.000;60;0;0;1.335;0.833;0.780;69;120;110;50.01;50.01;50.01;5158;1000;0.0;0;1.0000;0;0
600;2016-12-26 10:20:00;172602N232;36;0.288;24;223;225;224;219;0.428;49.99;295.3;0.036;297.7;0.036;0.0;0.000;60;0;0;0.650;0.329;0.306;0;27;26;49.99;49.99;49.99;5158;1000;0.0;0;1.0000;0;0
600;2016-12-26 10:30:00;172602N232;255;0.331;24;224;225;225;221;1.067;50.00;410.3;0.296;416.0;0.271;0.0;0.000;60;0;0;1.316;1.076;0.810;56;105;94;50.00;50.00;50.00;5158;1000;0.0;0;1.0000;0;0
600;2016-12-26 10:40:00;172602N232;137;0.353;24;224;225;225;223;1.004;50.00;403.7;0.156;410.7;0.143;0.0;0.000;60;0;0;1.391;0.876;0.745;12;65;61;50.00;50.00;50.00;5158;1000;0.0;0;1.0000;0;0
600;2016-12-26 10:50:00;172602N232;260;0.398;25;224;226;225;222;1.015;49.99;408.9;0.295;419.4;0.283;0.0;0.000;60;0;0;1.284;0.916;0.846;65;103;102;49.99;49.99;49.99;5158;1000;0.0;0;1.0000;0;0
600;2016-12-26 11:00:00;172602N232;325;0.451;25;224;226;225;222;1.056;49.99;422.7;0.375;429.9;0.351;0.0;0.000;60;0;0;1.244;1.032;0.893;86;127;111;49.99;49.99;49.99;5158;1000;0.0;0;1.0000;0;0
600;2016-12-26 11:10:00;172602N232;782;0.582;25;225;223;227;224;1.278;50.00;431.3;1.149;461.3;0.595;0.0;0.000;60;0;0;1.239;1.326;1.270;245;275;261;50.00;50.00;50.00;5158;1000;0.0;0;1.0000;0;0
600;2016-12-26 11:20:00;172602N232;307;0.633;26;224;223;226;223;0.902;49.98;380.3;0.423;402.2;0.266;0.0;0.000;60;0;0;0.829;1.112;0.766;99;101;111;49.98;49.98;49.98;5158;1000;0.0;0;1.0000;0;0
600;2016-12-26 11:30:00;172602N232;401;0.700;26;224;224;226;223;1.006;49.99;424.6;0.461;429.1;0.428;0.0;0.000;60;0;0;1.039;1.052;0.927;119;143;137;49.99;49.99;49.99;5158;1000;0.0;0;1.0000;0;0
600;2016-12-26 11:40:00;172602N232;604;0.801;26;226;227;228;224;0.943;49.99;435.5;0.785;462.3;0.543;0.0;0.000;60;0;0;0.896;0.984;0.951;189;212;201;49.99;49.99;49.99;5158;1000;0.0;0;1.0000;0;0
600;2016-12-26 11:50:00;172602N232;507;0.887;26;226;226;226;226;0.903;49.99;448.0;0.594;459.1;0.495;0.0;0.000;60;0;0;0.860;0.937;0.912;157;178;170;49.99;49.99;49.99;5158;1000;0.0;0;1.0000;0;0
600;2016-12-26 12:00:00;172602N232;357;0.946;27;225;225;227;224;0.959;49.99;406.2;0.408;416.1;0.370;0.0;0.000;60;0;0;0.975;1.074;0.828;107;123;129;49.99;49.99;49.99;5158;1000;0.0;0;1.0000;0;0
600;2016-12-26 12:10:00;172602N232;100;0.963;27;224;224;226;224;0.838;50.01;384.7;0.108;392.5;0.107;0.0;0.000;60;0;0;0.780;1.085;0.651;27;25;50;50.01;50.01;50.01;5158;1000;0.0;0;1.0000;0;0
600;2016-12-26 12:20:00;172602N232;261;1.006;27;225;223;227;224;1.086;49.98;419.3;0.295;425.4;0.286;0.0;0.000;60;0;0;1.002;1.359;0.897;84;78;97;49.98;49.98;49.98;5158;1000;0.0;0;1.0000;0;0
600;2016-12-26 12:30:00;172602N232;36;1.012;27;224;223;226;223;0.420;50.00;313.1;0.036;317.2;0.036;0.0;0.000;60;0;0;0.353;0.590;0.317;15;1;23;50.00;50.00;50.00;5158;1000;0.0;0;1.0000;0;0
600;2016-12-26 12:40:00;172602N232;171;1.040;27;223;223;226;221;0.852;50.00;396.8;0.193;405.0;0.191;0.0;0.000;60;0;0;0.835;1.106;0.617;54;49;67;50.00;50.00;50.00;5718;1000;0.0;0;1.0000;0;0
600;2016-12-26 12:50:00;172602N232;289;1.089;27;224;225;225;223;1.008;49.98;420.9;0.327;424.9;0.315;0.0;0.000;60;0;0;1.290;0.895;0.840;68;120;106;49.98;49.98;49.98;5809;1000;0.0;0;1.0000;0;0
600;2016-12-26 13:00:00;172602N232;79;1.103;27;225;226;225;223;0.885;50.00;385.5;0.082;397.3;0.081;0.0;0.000;60;0;0;1.241;0.762;0.653;0;42;49;50.00;50.00;50.00;5809;1000;0.0;0;1.0000;0;0
600;2016-12-26 13:10:00;172602N232;95;1.118;26;225;225;226;223;0.951;49.99;386.8;0.103;401.7;0.101;0.0;0.000;60;0;0;1.215;0.913;0.727;4;37;58;49.99;49.99;49.99;5809;1000;0.0;0;1.0000;0;0
600;2016-12-26 13:20:00;172602N232;266;1.163;26;225;226;225;223;0.981;49.98;416.7;0.304;419.8;0.283;0.0;0.000;60;0;0;1.231;0.886;0.827;66;108;98;49.98;49.98;49.98;5809;1000;0.0;0;1.0000;0;0
600;2016-12-26 13:30:00;172602N232;175;1.193;26;226;225;228;225;0.973;50.00;402.2;0.196;403.6;0.186;0.0;0.000;60;0;0;0.932;1.239;0.748;52;49;75;50.00;50.00;50.00;5809;1000;0.0;0;1.0000;0;0
600;2016-12-26 13:40:00;172602N232;55;1.202;26;226;226;227;224;0.617;50.00;347.2;0.057;355.5;0.056;0.0;0.000;60;0;0;0.656;0.728;0.467;7;12;37;50.00;50.00;50.00;5809;1000;0.0;0;1.0000;0;0
600;2016-12-26 13:50:00;172602N232;67;1.214;26;225;226;226;223;0.747;49.99;377.5;0.068;386.3;0.067;0.0;0.000;60;0;0;0.921;0.773;0.547;3;27;43;49.99;49.99;49.99;5809;1000;0.0;0;1.0000;0;0
600;2016-12-26 14:00:00;172602N232;9;1.215;26;225;226;225;223;0.282;49.99;269.2;0.002;271.1;0.005;0.0;0.000;60;0;0;0.415;0.240;0.192;0;12;12;49.99;49.99;49.99;5809;1000;0.0;0;1.0000;0;0
600;2016-12-26 14:10:00;172602N232;79;1.229;26;225;226;225;224;0.727;50.00;362.2;0.082;365.9;0.083;0.0;0.000;60;0;0;0.974;0.646;0.562;8;40;38;50.00;50.00;50.00;5809;1000;0.0;0;1.0000;0;0
600;2016-12-26 14:20:00;172602N232;59;1.239;26;225;225;226;224;0.732;50.00;374.2;0.058;377.8;0.058;0.0;0.000;60;0;0;0.881;0.789;0.526;4;20;38;50.00;50.00;50.00;5809;1000;0.0;0;1.0000;0;0
600;2016-12-26 14:30:00;172602N232;20;1.243;26;225;225;226;224;0.418;49.99;306.8;0.010;323.2;0.013;0.0;0.000;60;0;0;0.506;0.461;0.287;5;7;17;49.99;49.99;49.99;5809;1000;0.0;0;1.0000;0;0
600;2016-12-26 14:40:00;172602N232;11;1.245;25;225;225;226;224;0.310;49.99;273.1;0.003;270.7;0.007;0.0;0.000;60;0;0;0.414;0.295;0.221;1;4;13;49.99;49.99;49.99;5809;1000;0.0;0;1.0000;0;0
600;2016-12-26 14:50:00;172602N232;0;1.245;24;222;223;224;220;0.029;49.44;247.0;0.000;246.9;0.000;0.0;0.000;50;0;0;0.065;0.012;0.010;0;0;0;49.44;49.44;49.44;4433;1000;0.0;0;1.0000;0;0
600;2016-12-26 15:00:00;172602N232;0;1.245;24;225;226;228;222;0.000;49.98;287.3;0.000;286.9;0.000;0.0;0.000;51;0;0;0.000;0.000;0.000;0;0;0;49.98;49.98;49.98;4181;1000;0.0;0;1.0000;0;0
600;2016-12-26 15:10:00;172602N232;0;1.245;24;224;223;228;220;0.000;49.99;229.4;0.000;230.4;0.000;0.0;0.000;51;0;0;0.000;0.000;0.000;0;0;0;49.99;49.99;49.99;6240;1000;0.0;0;1.0000;0;0
600;2016-12-26 15:20:00;172602N232;0;1.245;24;224;223;228;220;0.000;50.03;232.1;0.000;233.0;0.000;0.0;0.000;51;0;0;0.000;0.000;0.000;0;0;0;50.03;50.03;50.03;6240;1000;0.0;0;1.0000;0;0
600;2016-12-26 15:30:00;172602N232;0;1.245;23;223;223;226;221;0.000;49.99;229.3;0.000;230.2;0.000;0.0;0.000;51;0;0;0.000;0.000;0.000;0;0;0;49.99;49.99;49.99;6240;1000;0.0;0;1.0000;0;0
[wr_ende]
