20170419;230004;172602N232;My Plant;+0100
[wr_def_start]
172602N232;Inverter Type;Inverter Group;72602N232      
[wr_def_end]
[wr]
INTERVAL;TIMESTAMP;SERIAL;P_AC;E_DAY;T_WR;U_AC;U_AC_1;U_AC_2;U_AC_3;I_AC;F_AC;U_DC_1;I_DC_1;U_DC_2;I_DC_2;U_DC_3;I_DC_3;S;E_WR;M_WR;I_AC_1;I_AC_2;I_AC_3;P_AC_1;P_AC_2;P_AC_3;F_AC_1;F_AC_2;F_AC_3;R_DC;PC;PCS;PCS_LL;COS_PHI;COS_PHI_LL;S_COS_PHI
600;2017-04-19 05:00:00;172602N232;0;0.000;0;7;7;7;7;0.000;1.60;7.2;0.000;7.2;0.000;0.0;0.000;50;0;0;0.000;0.000;0.000;0;0;0;1.60;1.60;1.60;71;1000;0.0;0;1.0000;0;0
600;2017-04-19 05:10:00;172602N232;0;0.000;17;225;225;227;222;0.000;50.00;229.4;0.000;230.3;0.000;0.0;0.000;50;0;0;0.000;0.000;0.000;0;0;0;50.00;50.00;50.00;0;1000;0.0;0;1.0000;0;0
600;2017-04-19 05:20:00;172602N232;0;0.000;18;224;223;228;222;0.000;50.03;263.9;0.000;264.4;0.000;0.0;0.000;51;0;0;0.000;0.000;0.000;0;0;0;50.03;50.03;50.03;393;1000;0.0;0;1.0000;0;0
600;2017-04-19 05:30:00;172602N232;1;0.000;18;223;225;225;219;0.061;49.99;277.8;0.000;277.3;0.000;0.0;0.000;60;0;0;0.105;0.043;0.036;0;1;2;49.99;49.99;49.99;8893;1000;0.0;0;1.0000;0;0
600;2017-04-19 05:40:00;172602N232;17;0.006;19;222;226;226;214;0.339;49.99;311.0;0.005;313.4;0.008;0.0;0.000;60;0;0;0.504;0.284;0.229;0;17;17;49.99;49.99;49.99;9345;1000;0.0;0;1.0000;0;0
600;2017-04-19 05:50:00;172602N232;40;0.016;19;221;225;225;213;0.511;50.01;376.6;0.027;393.1;0.027;0.0;0.000;60;0;0;0.717;0.457;0.360;0;30;30;50.01;50.01;50.01;9345;1000;0.0;0;1.0000;0;0
600;2017-04-19 06:00:00;172602N232;63;0.031;19;221;224;224;215;0.777;49.98;407.2;0.054;412.8;0.054;0.0;0.000;60;0;0;0.992;0.707;0.633;0;38;50;49.98;49.98;49.98;9345;1000;0.0;0;1.0000;0;0
600;2017-04-19 06:10:00;172602N232;86;0.045;20;222;223;223;220;0.942;49.99;420.2;0.082;422.5;0.080;0.0;0.000;60;0;0;1.141;0.968;0.717;11;29;56;49.99;49.99;49.99;9345;1000;0.0;0;1.0000;0;0
600;2017-04-19 06:20:00;172602N232;107;0.061;20;221;221;222;221;0.919;50.04;427.6;0.105;427.9;0.102;0.0;0.000;60;0;0;0.965;1.048;0.745;15;30;60;50.04;50.04;50.04;9345;1000;0.0;0;1.0000;0;0
600;2017-04-19 06:30:00;172602N232;124;0.078;21;222;222;223;221;0.940;49.98;433.2;0.125;433.1;0.121;0.0;0.000;60;0;0;0.993;1.064;0.764;18;38;66;49.98;49.98;49.98;9345;1000;0.0;0;1.0000;0;0
600;2017-04-19 06:40:00;172602N232;140;0.099;21;222;222;223;221;0.956;49.99;436.5;0.143;436.6;0.136;0.0;0.000;60;0;0;1.073;1.021;0.776;15;49;74;49.99;49.99;49.99;9345;1000;0.0;0;1.0000;0;0
600;2017-04-19 06:50:00;172602N232;154;0.123;21;222;222;223;221;0.980;49.98;437.7;0.159;441.1;0.149;0.0;0.000;60;0;0;1.033;1.113;0.795;14;57;81;49.98;49.98;49.98;9345;1000;0.0;0;1.0000;0;0
600;2017-04-19 07:00:00;172602N232;168;0.151;21;222;222;223;222;0.921;49.98;438.5;0.174;440.4;0.163;0.0;0.000;60;0;0;0.798;1.239;0.726;30;64;72;49.98;49.98;49.98;9345;1000;0.0;0;1.0000;0;0
600;2017-04-19 07:10:00;172602N232;180;0.180;22;222;221;224;221;1.048;49.98;441.4;0.189;441.4;0.176;0.0;0.000;60;0;0;1.118;1.234;0.794;41;62;75;49.98;49.98;49.98;9345;1000;0.0;0;1.0000;0;0
600;2017-04-19 07:20:00;172602N232;193;0.213;22;222;222;222;221;1.033;50.01;443.3;0.205;441.7;0.189;0.0;0.000;60;0;0;1.233;1.069;0.797;45;77;69;50.01;50.01;50.01;9345;1000;0.0;0;1.0000;0;0
600;2017-04-19 07:30:00;172602N232;205;0.247;22;222;222;222;221;1.007;50.00;445.7;0.219;441.6;0.201;0.0;0.000;60;0;0;1.257;0.850;0.916;48;76;80;50.00;50.00;50.00;9345;1000;0.0;0;1.0000;0;0
600;2017-04-19 07:40:00;172602N232;221;0.285;22;222;223;222;221;1.045;49.99;453.0;0.237;443.9;0.213;0.0;0.000;60;0;0;1.281;1.064;0.791;44;98;77;49.99;49.99;49.99;9345;1000;0.0;0;1.0000;0;0
600;2017-04-19 07:50:00;172602N232;240;0.325;23;222;222;222;222;1.084;50.01;458.8;0.256;451.5;0.227;0.0;0.000;60;0;0;1.129;1.208;0.917;55;103;80;50.01;50.01;50.01;9345;1000;0.0;0;1.0000;0;0
600;2017-04-19 08:00:00;172602N232;256;0.368;23;222;222;223;222;1.117;50.01;461.9;0.269;465.0;0.238;0.0;0.000;60;0;0;1.074;1.274;1.004;56;98;99;50.01;50.01;50.01;9345;1000;0.0;0;1.0000;0;0
600;2017-04-19 08:10:00;172602N232;281;0.415;23;222;223;223;221;1.152;50.00;485.3;0.283;479.1;0.255;0.0;0.000;60;0;0;1.282;1.287;0.887;79;107;93;50.00;50.00;50.00;9345;1000;0.0;0;1.0000;0;0
600;2017-04-19 08:20:00;172602N232;623;0.519;23;223;223;225;222;1.200;49.99;417.2;1.219;490.8;0.279;0.0;0.000;60;0;0;1.175;1.284;1.143;198;215;208;49.99;49.99;49.99;9345;1000;0.0;0;1.0000;0;0
600;2017-04-19 08:30:00;172602N232;1056;0.695;23;223;223;226;222;1.635;50.02;425.7;2.090;459.4;0.361;0.0;0.000;60;0;0;1.583;1.691;1.633;336;368;350;50.02;50.02;50.02;9345;1000;0.0;0;1.0000;0;0
600;2017-04-19 08:40:00;172602N232;1415;0.931;24;223;223;223;223;2.167;50.00;428.8;2.657;287.6;1.007;0.0;0.000;60;0;0;2.135;2.199;2.169;460;482;470;50.00;50.00;50.00;9345;1000;0.0;0;1.0000;0;0
600;2017-04-19 08:50:00;172602N232;1696;1.213;24;223;224;223;222;2.555;49.99;437.7;3.009;277.9;1.421;0.0;0.000;60;0;0;2.521;2.606;2.540;559;577;558;49.99;49.99;49.99;9345;1000;0.0;0;1.0000;0;0
600;2017-04-19 09:00:00;172602N232;1919;1.534;25;223;223;225;222;2.885;50.00;437.7;3.213;294.5;1.810;0.0;0.000;60;0;0;2.826;2.956;2.873;624;659;633;50.00;50.00;50.00;9345;1000;0.0;0;1.0000;0;0
600;2017-04-19 09:10:00;172602N232;2248;1.908;25;224;224;226;221;3.366;50.03;428.0;3.508;315.4;2.444;0.0;0.000;60;0;0;3.320;3.451;3.327;740;774;732;50.03;50.03;50.03;9345;1000;0.0;0;1.0000;0;0
600;2017-04-19 09:20:00;172602N232;2529;2.330;27;224;224;227;221;3.781;49.98;422.5;3.762;313.1;3.120;0.0;0.000;60;0;0;3.723;3.886;3.735;828;878;821;49.98;49.98;49.98;9345;1000;0.0;0;1.0000;0;0
600;2017-04-19 09:30:00;172602N232;2756;2.790;29;224;224;227;220;4.121;50.00;419.3;3.972;315.5;3.579;0.0;0.000;60;0;0;4.070;4.242;4.051;906;958;889;50.00;50.00;50.00;9345;1000;0.0;0;1.0000;0;0
600;2017-04-19 09:40:00;172602N232;3007;3.291;31;224;224;228;221;4.481;49.99;415.9;4.178;347.4;3.772;0.0;0.000;60;0;0;4.420;4.611;4.413;986;1046;973;49.99;49.99;49.99;9345;1000;0.0;0;1.0000;0;0
600;2017-04-19 09:50:00;172602N232;3247;3.832;32;224;224;227;222;4.841;49.98;412.5;4.406;370.6;3.974;0.0;0.000;60;0;0;4.787;4.954;4.783;1068;1118;1058;49.98;49.98;49.98;9345;1000;0.0;0;1.0000;0;0
600;2017-04-19 10:00:00;172602N232;3731;4.455;34;225;224;228;223;5.541;50.00;407.0;5.091;368.9;4.647;0.0;0.000;60;0;0;5.468;5.669;5.488;1221;1289;1219;50.00;50.00;50.00;9345;1000;0.0;0;1.0000;0;0
600;2017-04-19 10:10:00;172602N232;3312;5.006;35;224;224;227;222;4.936;50.01;401.8;4.493;383.3;4.093;0.0;0.000;60;0;0;4.877;5.058;4.874;1087;1148;1077;50.01;50.01;50.01;9345;1000;0.0;0;1.0000;0;0
600;2017-04-19 10:20:00;172602N232;1954;5.332;33;224;224;226;221;2.931;49.97;405.4;2.616;390.6;2.426;0.0;0.000;60;0;0;2.884;3.015;2.894;639;679;634;49.97;49.97;49.97;9345;1000;0.0;0;1.0000;0;0
600;2017-04-19 10:30:00;172602N232;3739;5.957;33;226;225;229;222;5.534;49.98;415.4;4.850;379.2;4.696;0.0;0.000;60;0;0;5.455;5.710;5.437;1223;1308;1207;49.98;49.98;49.98;9345;1000;0.0;0;1.0000;0;0
600;2017-04-19 10:40:00;172602N232;4196;6.655;37;226;225;230;222;6.200;49.99;402.0;5.524;381.9;5.345;0.0;0.000;60;0;0;6.124;6.371;6.105;1375;1462;1356;49.99;49.99;49.99;9345;1000;0.0;0;1.0000;0;0
600;2017-04-19 10:50:00;172602N232;3923;7.309;38;225;225;229;222;5.806;49.99;397.2;5.149;385.9;5.037;0.0;0.000;60;0;0;5.744;5.983;5.692;1290;1370;1261;49.99;49.99;49.99;9345;1000;0.0;0;1.0000;0;0
600;2017-04-19 11:00:00;172602N232;4500;8.060;38;226;225;230;223;6.631;49.99;392.3;5.930;402.9;5.565;0.0;0.000;60;0;0;6.555;6.828;6.511;1476;1570;1453;49.99;49.99;49.99;9345;1000;0.0;0;1.0000;0;0
600;2017-04-19 11:10:00;172602N232;3802;8.693;35;225;225;229;223;5.624;50.01;395.2;4.895;400.3;4.795;0.0;0.000;60;0;0;5.563;5.768;5.541;1248;1318;1234;50.01;50.01;50.01;9345;1000;0.0;0;1.0000;0;0
600;2017-04-19 11:20:00;172602N232;4683;9.473;38;227;227;231;224;6.878;49.95;394.6;6.049;393.8;6.024;0.0;0.000;60;0;0;6.821;7.052;6.763;1543;1625;1512;49.95;49.95;49.95;9345;1000;0.0;0;1.0000;0;0
600;2017-04-19 11:30:00;172602N232;4838;10.281;39;227;227;231;223;7.101;49.99;385.3;6.389;384.7;6.394;0.0;0.000;60;0;0;7.039;7.310;6.954;1595;1692;1550;49.99;49.99;49.99;9345;1000;0.0;0;1.0000;0;0
600;2017-04-19 11:40:00;172602N232;3554;10.874;36;226;225;229;224;5.246;50.00;392.5;4.598;391.2;4.609;0.0;0.000;60;0;0;5.162;5.385;5.191;1159;1237;1158;50.00;50.00;50.00;9345;1000;0.0;0;1.0000;0;0
600;2017-04-19 11:50:00;172602N232;3926;11.530;36;227;225;231;224;5.776;49.98;391.2;5.074;391.0;5.136;0.0;0.000;60;0;0;5.677;5.952;5.700;1275;1377;1274;49.98;49.98;49.98;9345;1000;0.0;0;1.0000;0;0
600;2017-04-19 12:00:00;172602N232;3620;12.132;35;226;225;229;223;5.348;49.99;401.0;4.582;400.8;4.587;0.0;0.000;60;0;0;5.274;5.529;5.241;1184;1268;1164;49.99;49.99;49.99;9345;1000;0.0;0;1.0000;0;0
600;2017-04-19 12:10:00;172602N232;5284;13.014;40;227;227;232;223;7.748;50.00;386.1;6.992;386.5;6.925;0.0;0.000;60;0;0;7.681;7.954;7.609;1739;1844;1699;50.00;50.00;50.00;9345;1000;0.0;0;1.0000;0;0
600;2017-04-19 12:20:00;172602N232;5081;13.860;39;227;226;232;224;7.442;49.96;384.3;6.760;383.2;6.736;0.0;0.000;60;0;0;7.364;7.688;7.275;1666;1783;1627;49.96;49.96;49.96;9345;1000;0.0;0;1.0000;0;0
600;2017-04-19 12:30:00;172602N232;2465;14.271;37;225;224;228;222;3.662;49.97;394.8;3.207;391.7;3.184;0.0;0.000;60;0;0;3.614;3.763;3.611;808;856;799;49.97;49.97;49.97;9345;1000;0.0;0;1.0000;0;0
600;2017-04-19 12:40:00;172602N232;2418;14.675;36;225;225;227;223;3.583;49.99;415.9;2.951;413.7;2.928;0.0;0.000;60;0;0;3.542;3.659;3.548;796;831;788;49.99;49.99;49.99;9345;1000;0.0;0;1.0000;0;0
600;2017-04-19 12:50:00;172602N232;4029;15.346;37;226;226;229;224;5.941;49.99;406.7;5.022;405.9;5.021;0.0;0.000;60;0;0;5.900;6.064;5.859;1332;1388;1307;49.99;49.99;49.99;9345;1000;0.0;0;1.0000;0;0
600;2017-04-19 13:00:00;172602N232;4162;16.039;38;227;226;231;224;6.119;49.99;398.5;5.314;399.4;5.256;0.0;0.000;60;0;0;6.054;6.277;6.026;1366;1449;1346;49.99;49.99;49.99;9345;1000;0.0;0;1.0000;0;0
600;2017-04-19 13:10:00;172602N232;3141;16.564;36;226;225;230;223;4.636;50.00;401.4;3.951;402.0;3.944;0.0;0.000;60;0;0;4.556;4.767;4.586;1021;1098;1022;50.00;50.00;50.00;9345;1000;0.0;0;1.0000;0;0
600;2017-04-19 13:20:00;172602N232;5040;17.403;39;227;225;232;224;7.393;49.96;394.1;6.516;394.7;6.502;0.0;0.000;60;0;0;7.276;7.643;7.261;1639;1772;1626;49.96;49.96;49.96;9345;1000;0.0;0;1.0000;0;0
600;2017-04-19 13:30:00;172602N232;5094;18.251;40;227;226;231;224;7.468;49.96;384.9;6.719;385.2;6.764;0.0;0.000;60;0;0;7.410;7.643;7.353;1676;1769;1647;49.96;49.96;49.96;9345;1000;0.0;0;1.0000;0;0
600;2017-04-19 13:40:00;172602N232;2271;18.631;37;225;224;228;223;3.395;49.99;394.0;2.899;393.2;2.891;0.0;0.000;60;0;0;3.357;3.463;3.366;743;784;742;49.99;49.99;49.99;9345;1000;0.0;0;1.0000;0;0
600;2017-04-19 13:50:00;172602N232;3079;19.144;37;226;224;229;223;4.532;49.99;407.2;3.848;405.7;3.821;0.0;0.000;60;0;0;4.447;4.681;4.469;998;1082;997;49.99;49.99;49.99;9345;1000;0.0;0;1.0000;0;0
600;2017-04-19 14:00:00;172602N232;5126;19.998;40;227;226;232;224;7.513;49.99;388.6;6.704;390.0;6.689;0.0;0.000;60;0;0;7.416;7.744;7.380;1674;1798;1652;49.99;49.99;49.99;9345;1000;0.0;0;1.0000;0;0
600;2017-04-19 14:10:00;172602N232;3214;20.535;38;226;225;229;223;4.755;49.99;386.6;4.245;384.1;4.260;0.0;0.000;60;0;0;4.693;4.883;4.689;1050;1121;1042;49.99;49.99;49.99;9345;1000;0.0;0;1.0000;0;0
600;2017-04-19 14:20:00;172602N232;1267;20.745;37;224;224;226;222;1.946;49.98;410.0;1.546;405.3;1.564;0.0;0.000;60;0;0;1.919;1.977;1.944;412;434;419;49.98;49.98;49.98;9345;1000;0.0;0;1.0000;0;0
600;2017-04-19 14:30:00;172602N232;903;20.897;37;224;224;225;223;1.384;49.99;417.4;1.079;416.7;1.071;0.0;0.000;60;0;0;1.338;1.423;1.391;289;312;300;49.99;49.99;49.99;9345;1000;0.0;0;1.0000;0;0
600;2017-04-19 14:40:00;172602N232;853;21.038;36;224;224;226;222;1.306;49.99;412.6;1.021;417.4;1.020;0.0;0.000;60;0;0;1.259;1.350;1.310;272;297;282;49.99;49.99;49.99;9345;1000;0.0;0;1.0000;0;0
600;2017-04-19 14:50:00;172602N232;805;21.173;36;224;224;225;222;1.240;49.98;428.6;0.930;426.0;0.933;0.0;0.000;60;0;0;1.190;1.283;1.248;256;279;268;49.98;49.98;49.98;9345;1000;0.0;0;1.0000;0;0
600;2017-04-19 15:00:00;172602N232;659;21.284;35;224;224;225;222;1.027;49.98;422.3;0.768;426.1;0.762;0.0;0.000;60;0;0;0.975;1.071;1.035;207;230;220;49.98;49.98;49.98;9345;1000;0.0;0;1.0000;0;0
600;2017-04-19 15:10:00;172602N232;1005;21.450;35;224;224;227;222;1.544;49.98;421.6;1.176;427.5;1.180;0.0;0.000;60;0;0;1.492;1.599;1.542;320;352;331;49.98;49.98;49.98;9345;1000;0.0;0;1.0000;0;0
600;2017-04-19 15:20:00;172602N232;1540;21.709;34;224;225;228;219;2.305;49.98;421.8;1.813;428.9;1.814;0.0;0.000;60;0;0;2.262;2.391;2.262;505;540;493;49.98;49.98;49.98;9345;1000;0.0;0;1.0000;0;0
600;2017-04-19 15:30:00;172602N232;1370;21.937;34;223;229;229;213;2.072;49.99;421.9;1.625;430.4;1.595;0.0;0.000;60;0;0;2.064;2.173;1.980;462;491;415;49.99;49.99;49.99;9345;1000;0.0;0;1.0000;0;0
600;2017-04-19 15:40:00;172602N232;1159;22.130;34;222;228;227;213;1.785;49.99;428.8;1.347;430.7;1.339;0.0;0.000;60;0;0;1.784;1.861;1.712;389;414;353;49.99;49.99;49.99;9345;1000;0.0;0;1.0000;0;0
600;2017-04-19 15:50:00;172602N232;1191;22.329;33;222;227;226;213;1.838;49.98;419.7;1.408;428.8;1.393;0.0;0.000;60;0;0;1.833;1.914;1.768;399;425;365;49.98;49.98;49.98;9345;1000;0.0;0;1.0000;0;0
600;2017-04-19 16:00:00;172602N232;1020;22.498;33;222;227;226;213;1.570;49.99;428.9;1.181;427.4;1.190;0.0;0.000;60;0;0;1.561;1.638;1.511;342;363;314;49.99;49.99;49.99;9345;1000;0.0;0;1.0000;0;0
600;2017-04-19 16:10:00;172602N232;726;22.620;33;222;227;226;212;1.177;50.00;424.4;0.848;423.5;0.841;0.0;0.000;60;0;0;1.209;1.205;1.117;243;258;223;50.00;50.00;50.00;9345;1000;0.0;0;1.0000;0;0
600;2017-04-19 16:20:00;172602N232;290;22.669;33;222;227;226;212;1.120;50.03;413.5;0.336;415.4;0.326;0.0;0.000;60;0;0;1.398;1.080;0.883;58;120;110;50.03;50.03;50.03;9345;1000;0.0;0;1.0000;0;0
600;2017-04-19 16:30:00;172602N232;291;22.717;32;220;226;225;211;1.165;50.00;413.3;0.332;418.6;0.330;0.0;0.000;60;0;0;1.535;1.113;0.849;63;122;103;50.00;50.00;50.00;9345;1000;0.0;0;1.0000;0;0
600;2017-04-19 16:40:00;172602N232;340;22.774;32;221;224;224;214;1.173;50.00;411.4;0.393;421.3;0.389;0.0;0.000;60;0;0;1.325;1.151;1.043;86;127;125;50.00;50.00;50.00;9345;1000;0.0;0;1.0000;0;0
600;2017-04-19 16:50:00;172602N232;406;22.842;31;222;225;222;218;1.122;50.00;416.2;0.468;425.5;0.464;0.0;0.000;60;0;0;1.207;1.131;1.029;117;156;131;50.00;50.00;50.00;9345;1000;0.0;0;1.0000;0;0
600;2017-04-19 17:00:00;172602N232;312;22.893;31;221;224;223;217;1.138;49.97;417.5;0.355;421.2;0.351;0.0;0.000;60;0;0;1.333;1.151;0.931;72;127;110;49.97;49.97;49.97;9345;1000;0.0;0;1.0000;0;0
600;2017-04-19 17:10:00;172602N232;185;22.925;31;221;224;222;218;1.048;50.00;407.3;0.207;410.4;0.204;0.0;0.000;60;0;0;1.449;0.897;0.800;15;89;84;50.00;50.00;50.00;9345;1000;0.0;0;1.0000;0;0
600;2017-04-19 17:20:00;172602N232;101;22.942;30;222;224;222;220;0.991;50.03;387.8;0.109;396.2;0.108;0.0;0.000;60;0;0;1.499;0.739;0.737;0;58;57;50.03;50.03;50.03;9345;1000;0.0;0;1.0000;0;0
600;2017-04-19 17:30:00;172602N232;75;22.955;30;222;223;222;220;0.968;50.00;376.2;0.079;389.4;0.079;0.0;0.000;60;0;0;1.458;0.724;0.724;0;48;47;50.00;50.00;50.00;9345;1000;0.0;0;1.0000;0;0
600;2017-04-19 17:40:00;172602N232;157;22.980;30;222;223;221;222;0.996;49.99;398.4;0.175;410.1;0.172;0.0;0.000;60;0;0;1.293;0.858;0.838;16;91;49;49.99;49.99;49.99;9345;1000;0.0;0;1.0000;0;0
600;2017-04-19 17:50:00;172602N232;202;23.015;29;221;223;219;221;0.942;49.97;407.1;0.228;415.8;0.223;0.0;0.000;60;0;0;1.074;0.786;0.968;28;79;93;49.97;49.97;49.97;9345;1000;0.0;0;1.0000;0;0
600;2017-04-19 18:00:00;172602N232;217;23.051;29;221;224;217;222;0.902;49.97;409.7;0.245;416.9;0.241;0.0;0.000;60;0;0;0.979;0.740;0.988;37;76;102;49.97;49.97;49.97;9345;1000;0.0;0;1.0000;0;0
600;2017-04-19 18:10:00;172602N232;199;23.084;29;221;223;219;222;0.938;49.96;411.9;0.221;414.7;0.219;0.0;0.000;60;0;0;1.050;0.788;0.978;34;81;81;49.96;49.96;49.96;9345;1000;0.0;0;1.0000;0;0
600;2017-04-19 18:20:00;172602N232;159;23.111;29;222;222;222;221;0.994;50.03;408.5;0.174;410.0;0.173;0.0;0.000;60;0;0;1.302;0.871;0.809;23;76;59;50.03;50.03;50.03;9345;1000;0.0;0;1.0000;0;0
600;2017-04-19 18:30:00;172602N232;141;23.135;29;221;225;223;216;1.046;49.99;392.1;0.159;406.3;0.157;0.0;0.000;60;0;0;1.529;0.818;0.793;3;85;59;49.99;49.99;49.99;9345;1000;0.0;0;1.0000;0;0
600;2017-04-19 18:40:00;172602N232;164;23.162;28;220;222;225;215;0.981;49.98;393.0;0.185;409.9;0.185;0.0;0.000;60;0;0;1.176;1.018;0.749;34;52;77;49.98;49.98;49.98;9345;1000;0.0;0;1.0000;0;0
600;2017-04-19 18:50:00;172602N232;206;23.196;28;220;223;224;214;0.946;49.98;391.4;0.235;415.5;0.238;0.0;0.000;60;0;0;1.094;0.855;0.891;44;59;101;49.98;49.98;49.98;9345;1000;0.0;0;1.0000;0;0
600;2017-04-19 19:00:00;172602N232;193;23.229;28;221;226;224;214;1.073;49.97;383.3;0.217;415.0;0.230;0.0;0.000;60;0;0;1.510;0.909;0.802;16;93;92;49.97;49.97;49.97;9345;1000;0.0;0;1.0000;0;0
600;2017-04-19 19:10:00;172602N232;138;23.252;28;221;227;222;215;0.962;49.97;386.5;0.154;410.2;0.154;0.0;0.000;60;0;0;1.435;0.736;0.715;0;72;72;49.97;49.97;49.97;9345;1000;0.0;0;1.0000;0;0
600;2017-04-19 19:20:00;172602N232;82;23.267;28;222;228;223;215;0.817;50.01;369.1;0.087;395.7;0.087;0.0;0.000;60;0;0;1.197;0.632;0.623;0;54;55;50.01;50.01;50.01;9345;1000;0.0;0;1.0000;0;0
600;2017-04-19 19:30:00;172602N232;35;23.273;28;222;227;225;215;0.532;49.99;327.5;0.028;343.9;0.031;0.0;0.000;60;0;0;0.734;0.443;0.419;0;30;31;49.99;49.99;49.99;9345;1000;0.0;0;1.0000;0;0
600;2017-04-19 19:40:00;172602N232;2;23.274;27;222;226;225;217;0.105;50.00;252.6;0.000;253.0;0.000;0.0;0.000;60;0;0;0.145;0.089;0.081;0;4;4;50.00;50.00;50.00;9345;1000;0.0;0;1.0000;0;0
600;2017-04-19 19:50:00;172602N232;0;23.273;26;224;224;226;221;0.003;49.99;261.3;0.000;261.3;0.000;0.0;0.000;50;0;0;0.009;0.000;0.000;0;0;0;49.99;49.99;49.99;9345;1000;0.0;0;1.0000;0;0
600;2017-04-19 20:00:00;172602N232;0;23.273;26;223;223;225;222;0.000;49.99;229.5;0.000;230.5;0.000;0.0;0.000;50;0;0;0.000;0.000;0.000;0;0;0;49.99;49.99;49.99;9345;1000;0.0;0;1.0000;0;0
600;2017-04-19 20:10:00;172602N232;0;23.273;25;224;223;226;222;0.000;50.01;227.7;0.000;228.6;0.000;0.0;0.000;50;0;0;0.000;0.000;0.000;0;0;0;50.01;50.01;50.01;9345;1000;0.0;0;1.0000;0;0
[wr_ende]
