20160820;230004;172602N232;My Plant;+0100
[wr_def_start]
172602N232;Inverter Type;Inverter Group;72602N232      
[wr_def_end]
[wr]
INTERVAL;TIMESTAMP;SERIAL;P_AC;E_DAY;T_WR;U_AC;U_AC_1;U_AC_2;U_AC_3;I_AC;F_AC;U_DC_1;I_DC_1;U_DC_2;I_DC_2;U_DC_3;I_DC_3;S;E_WR;M_WR;I_AC_1;I_AC_2;I_AC_3;P_AC_1;P_AC_2;P_AC_3;F_AC_1;F_AC_2;F_AC_3;R_DC;PC;PCS;PCS_LL;COS_PHI;COS_PHI_LL;S_COS_PHI
600;2016-08-20 05:10:00;172602N232;0;0.000;0;3;3;4;3;0.000;0.88;3.8;0.000;3.8;0.000;0.0;0.000;50;0;0;0.000;0.000;0.000;0;0;0;0.88;0.88;0.88;47;1000;0.0;0;1.0000;0;0
600;2016-08-20 05:20:00;172602N232;0;0.000;27;227;227;229;225;0.000;49.99;226.7;0.000;227.6;0.000;0.0;0.000;50;0;0;0.000;0.000;0.000;0;0;0;49.99;49.99;49.99;0;1000;0.0;0;1.0000;0;0
600;2016-08-20 05:30:00;172602N232;0;0.000;29;227;226;229;224;0.000;50.00;228.6;0.000;229.6;0.000;0.0;0.000;50;0;0;0.000;0.000;0.000;0;0;0;50.00;50.00;50.00;0;1000;0.0;0;1.0000;0;0
600;2016-08-20 05:40:00;172602N232;0;0.000;30;226;226;229;224;0.000;50.00;242.5;0.000;243.3;0.000;0.0;0.000;50;0;0;0.000;0.000;0.000;0;0;0;50.00;50.00;50.00;0;1000;0.0;0;1.0000;0;0
600;2016-08-20 05:50:00;172602N232;0;0.000;30;226;226;228;225;0.049;50.01;270.6;0.000;270.1;0.000;0.0;0.000;60;0;0;0.052;0.059;0.038;0;0;1;50.01;50.01;50.01;2971;1000;0.0;0;1.0000;0;0
600;2016-08-20 06:00:00;172602N232;1;0.001;30;226;226;227;226;0.127;50.00;251.6;0.000;251.8;0.000;0.0;0.000;60;0;0;0.150;0.145;0.086;0;2;3;50.00;50.00;50.00;3478;1000;0.0;0;1.0000;0;0
600;2016-08-20 06:10:00;172602N232;1;0.001;31;226;226;226;225;0.138;50.01;251.6;0.000;251.8;0.000;0.0;0.000;60;0;0;0.193;0.128;0.093;0;2;4;50.01;50.01;50.01;3478;1000;0.0;0;1.0000;0;0
600;2016-08-20 06:20:00;172602N232;0;0.001;31;227;227;228;225;0.001;50.01;257.6;0.000;257.7;0.000;0.0;0.000;50;0;0;0.003;0.000;0.000;0;0;0;50.01;50.01;50.01;3478;1000;0.0;0;1.0000;0;0
600;2016-08-20 06:30:00;172602N232;2;0.003;31;227;227;229;226;0.085;50.00;274.8;0.001;274.8;0.001;0.0;0.000;60;0;0;0.099;0.089;0.069;0;1;3;50.00;50.00;50.00;4260;1000;0.0;0;1.0000;0;0
600;2016-08-20 06:40:00;172602N232;73;0.016;32;227;228;228;226;0.862;49.99;368.5;0.083;375.4;0.078;0.0;0.000;60;0;0;1.005;0.916;0.665;2;22;51;49.99;49.99;49.99;5753;1000;0.0;0;1.0000;0;0
600;2016-08-20 06:50:00;172602N232;102;0.031;32;227;227;228;226;0.956;50.00;381.3;0.118;385.5;0.113;0.0;0.000;60;0;0;1.054;1.030;0.784;7;31;62;50.00;50.00;50.00;5753;1000;0.0;0;1.0000;0;0
600;2016-08-20 07:00:00;172602N232;101;0.047;32;226;226;227;226;0.954;49.98;380.4;0.117;385.9;0.111;0.0;0.000;60;0;0;1.010;1.072;0.782;11;28;60;49.98;49.98;49.98;5753;1000;0.0;0;1.0000;0;0
600;2016-08-20 07:10:00;172602N232;113;0.066;33;226;226;226;225;0.952;49.99;383.5;0.133;387.7;0.126;0.0;0.000;60;0;0;1.021;1.037;0.799;13;39;59;49.99;49.99;49.99;5753;1000;0.0;0;1.0000;0;0
600;2016-08-20 07:20:00;172602N232;180;0.096;33;225;225;226;225;0.949;50.01;393.1;0.216;398.4;0.203;0.0;0.000;60;0;0;0.907;1.212;0.730;36;72;71;50.01;50.01;50.01;5753;1000;0.0;0;1.0000;0;0
600;2016-08-20 07:30:00;172602N232;216;0.132;33;225;225;225;225;1.030;49.99;398.0;0.260;400.7;0.247;0.0;0.000;60;0;0;1.256;1.010;0.826;61;91;62;49.99;49.99;49.99;5753;1000;0.0;0;1.0000;0;0
600;2016-08-20 07:40:00;172602N232;160;0.160;33;225;225;226;224;1.001;50.00;391.3;0.190;394.5;0.182;0.0;0.000;60;0;0;1.322;0.952;0.731;38;62;59;50.00;50.00;50.00;5753;1000;0.0;0;1.0000;0;0
600;2016-08-20 07:50:00;172602N232;150;0.185;34;224;224;225;224;0.947;49.99;387.9;0.178;392.3;0.170;0.0;0.000;60;0;0;1.175;0.910;0.756;42;54;52;49.99;49.99;49.99;5753;1000;0.0;0;1.0000;0;0
600;2016-08-20 08:00:00;172602N232;104;0.201;34;224;222;225;224;0.908;49.99;374.9;0.123;382.4;0.119;0.0;0.000;60;0;0;0.932;1.048;0.745;36;19;47;49.99;49.99;49.99;5753;1000;0.0;0;1.0000;0;0
600;2016-08-20 08:10:00;172602N232;137;0.225;34;224;223;226;222;0.961;49.99;382.5;0.161;387.9;0.156;0.0;0.000;60;0;0;1.112;1.020;0.753;37;37;61;49.99;49.99;49.99;5753;1000;0.0;0;1.0000;0;0
600;2016-08-20 08:20:00;172602N232;294;0.274;34;223;222;225;223;1.119;50.01;405.8;0.350;406.0;0.339;0.0;0.000;60;0;0;1.175;1.226;0.956;91;94;107;50.01;50.01;50.01;5753;1000;0.0;0;1.0000;0;0
600;2016-08-20 08:30:00;172602N232;263;0.318;35;223;223;224;223;1.079;50.01;403.0;0.315;405.1;0.300;0.0;0.000;60;0;0;1.189;1.133;0.917;72;101;88;50.01;50.01;50.01;5753;1000;0.0;0;1.0000;0;0
600;2016-08-20 08:40:00;172602N232;332;0.373;35;223;224;225;221;1.219;50.01;410.1;0.394;409.7;0.384;0.0;0.000;60;0;0;1.387;1.262;1.009;74;131;126;50.01;50.01;50.01;5753;1000;0.0;0;1.0000;0;0
600;2016-08-20 08:50:00;172602N232;214;0.409;35;222;224;223;220;1.079;50.01;395.0;0.255;399.3;0.247;0.0;0.000;60;0;0;1.547;0.900;0.792;32;93;87;50.01;50.01;50.01;5753;1000;0.0;0;1.0000;0;0
600;2016-08-20 09:00:00;172602N232;347;0.466;35;223;223;224;220;0.999;50.01;408.8;0.412;406.4;0.405;0.0;0.000;60;0;0;1.093;1.022;0.884;92;128;125;50.01;50.01;50.01;5753;1000;0.0;0;1.0000;0;0
600;2016-08-20 09:10:00;172602N232;537;0.556;36;222;223;224;220;0.844;50.00;414.9;0.656;420.3;0.608;0.0;0.000;60;0;0;0.790;0.891;0.852;166;190;179;50.00;50.00;50.00;5753;1000;0.0;0;1.0000;0;0
600;2016-08-20 09:20:00;172602N232;413;0.626;36;222;223;223;221;0.662;50.00;409.1;0.515;413.3;0.465;0.0;0.000;60;0;0;0.610;0.700;0.678;124;147;139;50.00;50.00;50.00;5753;1000;0.0;0;1.0000;0;0
600;2016-08-20 09:30:00;172602N232;602;0.726;36;222;223;224;220;0.940;50.00;416.5;0.746;419.3;0.674;0.0;0.000;60;0;0;0.888;0.984;0.948;188;211;200;50.00;50.00;50.00;5753;1000;0.0;0;1.0000;0;0
600;2016-08-20 09:40:00;172602N232;763;0.854;37;223;224;224;221;1.254;50.00;420.5;0.934;422.9;0.857;0.0;0.000;60;0;0;1.263;1.252;1.249;245;260;255;50.00;50.00;50.00;5753;1000;0.0;0;1.0000;0;0
600;2016-08-20 09:50:00;172602N232;868;0.998;37;223;224;224;221;1.333;50.00;419.8;1.073;418.8;0.985;0.0;0.000;60;0;0;1.285;1.370;1.345;278;299;289;50.00;50.00;50.00;5753;1000;0.0;0;1.0000;0;0
600;2016-08-20 10:00:00;172602N232;1196;1.198;38;223;223;225;221;1.897;50.00;423.8;1.475;419.4;1.362;0.0;0.000;60;0;0;1.869;1.920;1.903;383;411;400;50.00;50.00;50.00;5753;1000;0.0;0;1.0000;0;0
600;2016-08-20 10:10:00;172602N232;861;1.342;38;223;223;224;222;1.322;50.00;420.7;1.044;423.0;0.982;0.0;0.000;60;0;0;1.272;1.362;1.334;274;298;287;50.00;50.00;50.00;5753;1000;0.0;0;1.0000;0;0
600;2016-08-20 10:20:00;172602N232;466;1.419;38;222;223;223;221;0.822;50.01;411.7;0.563;411.3;0.543;0.0;0.000;60;0;0;0.806;0.835;0.825;141;165;157;50.01;50.01;50.01;5753;1000;0.0;0;1.0000;0;0
600;2016-08-20 10:30:00;172602N232;327;1.474;38;222;223;223;220;1.189;50.01;399.3;0.398;402.0;0.386;0.0;0.000;60;0;0;1.327;1.241;1.001;81;127;117;50.01;50.01;50.01;5753;1000;0.0;0;1.0000;0;0
600;2016-08-20 10:40:00;172602N232;911;1.626;39;223;223;224;220;1.467;49.99;419.0;1.113;423.3;1.038;0.0;0.000;60;0;0;1.446;1.496;1.460;294;315;300;49.99;49.99;49.99;5753;1000;0.0;0;1.0000;0;0
600;2016-08-20 10:50:00;172602N232;940;1.783;39;223;223;225;220;1.445;50.00;420.0;1.142;419.9;1.083;0.0;0.000;60;0;0;1.402;1.490;1.444;302;327;309;50.00;50.00;50.00;5753;1000;0.0;0;1.0000;0;0
600;2016-08-20 11:00:00;172602N232;753;1.908;39;223;223;225;221;1.161;49.99;419.4;0.924;417.9;0.858;0.0;0.000;60;0;0;1.113;1.207;1.165;239;263;249;49.99;49.99;49.99;5753;1000;0.0;0;1.0000;0;0
600;2016-08-20 11:10:00;172602N232;434;1.981;39;223;223;224;221;0.693;49.99;410.2;0.534;413.1;0.496;0.0;0.000;60;0;0;0.644;0.731;0.705;132;154;146;49.99;49.99;49.99;5753;1000;0.0;0;1.0000;0;0
600;2016-08-20 11:20:00;172602N232;431;2.053;39;223;223;225;221;0.883;50.01;411.8;0.525;409.9;0.498;0.0;0.000;60;0;0;0.871;0.935;0.845;127;155;148;50.01;50.01;50.01;5753;1000;0.0;0;1.0000;0;0
600;2016-08-20 11:30:00;172602N232;325;2.107;39;223;222;225;222;1.204;49.99;396.2;0.399;403.9;0.383;0.0;0.000;60;0;0;1.280;1.340;0.994;98;109;117;49.99;49.99;49.99;5753;1000;0.0;0;1.0000;0;0
600;2016-08-20 11:40:00;172602N232;322;2.161;39;223;223;225;222;1.207;50.01;404.5;0.389;405.4;0.374;0.0;0.000;60;0;0;1.323;1.267;1.033;83;115;122;50.01;50.01;50.01;5753;1000;0.0;0;1.0000;0;0
600;2016-08-20 11:50:00;172602N232;460;2.238;39;223;223;224;221;1.012;49.99;411.5;0.551;407.7;0.546;0.0;0.000;60;0;0;1.074;1.023;0.940;137;166;155;49.99;49.99;49.99;5753;1000;0.0;0;1.0000;0;0
600;2016-08-20 12:00:00;172602N232;616;2.341;39;224;224;225;221;1.080;49.98;411.8;0.750;412.7;0.726;0.0;0.000;60;0;0;1.161;1.085;0.996;195;217;202;49.98;49.98;49.98;5753;1000;0.0;0;1.0000;0;0
600;2016-08-20 12:10:00;172602N232;679;2.454;39;224;226;226;221;1.061;50.01;412.8;0.842;415.6;0.781;0.0;0.000;60;0;0;1.033;1.094;1.056;217;236;224;50.01;50.01;50.01;5753;1000;0.0;0;1.0000;0;0
600;2016-08-20 12:20:00;172602N232;878;2.601;39;224;224;226;222;1.338;50.01;416.6;1.074;418.7;1.016;0.0;0.000;60;0;0;1.288;1.384;1.344;280;306;290;50.01;50.01;50.01;5753;1000;0.0;0;1.0000;0;0
600;2016-08-20 12:30:00;172602N232;971;2.762;39;223;223;226;221;1.476;50.01;415.9;1.199;419.4;1.119;0.0;0.000;60;0;0;1.421;1.525;1.483;309;339;321;50.01;50.01;50.01;5753;1000;0.0;0;1.0000;0;0
600;2016-08-20 12:40:00;172602N232;811;2.897;40;223;223;226;221;1.245;50.02;411.5;1.007;414.8;0.945;0.0;0.000;60;0;0;1.188;1.295;1.254;256;284;269;50.02;50.02;50.02;5753;1000;0.0;0;1.0000;0;0
600;2016-08-20 12:50:00;172602N232;1080;3.078;40;224;224;226;222;1.639;50.03;414.0;1.336;417.3;1.254;0.0;0.000;60;0;0;1.583;1.690;1.645;345;375;357;50.03;50.03;50.03;5753;1000;0.0;0;1.0000;0;0
600;2016-08-20 13:00:00;172602N232;2240;3.451;40;224;224;226;223;3.341;50.02;414.7;2.772;417.0;2.653;0.0;0.000;60;0;0;3.284;3.398;3.343;733;764;742;50.02;50.02;50.02;5753;1000;0.0;0;1.0000;0;0
600;2016-08-20 13:10:00;172602N232;1580;3.714;40;224;224;225;222;2.370;50.01;411.2;1.957;411.0;1.903;0.0;0.000;60;0;0;2.318;2.418;2.374;515;540;523;50.01;50.01;50.01;5753;1000;0.0;0;1.0000;0;0
600;2016-08-20 13:20:00;172602N232;1997;4.048;40;224;223;226;222;2.991;49.99;413.3;2.465;412.0;2.409;0.0;0.000;60;0;0;2.924;3.060;2.990;647;687;661;49.99;49.99;49.99;5753;1000;0.0;0;1.0000;0;0
600;2016-08-20 13:30:00;172602N232;2211;4.417;41;225;224;228;223;3.292;49.99;405.9;2.802;410.1;2.666;0.0;0.000;60;0;0;3.218;3.381;3.278;715;768;726;49.99;49.99;49.99;5753;1000;0.0;0;1.0000;0;0
600;2016-08-20 13:40:00;172602N232;995;4.583;41;225;224;228;223;1.526;50.01;401.9;1.274;404.7;1.191;0.0;0.000;60;0;0;1.463;1.583;1.534;313;348;331;50.01;50.01;50.01;5753;1000;0.0;0;1.0000;0;0
600;2016-08-20 13:50:00;172602N232;251;4.625;41;224;224;225;222;1.012;50.01;379.3;0.313;385.9;0.302;0.0;0.000;60;0;0;1.208;1.012;0.816;54;97;101;50.01;50.01;50.01;5753;1000;0.0;0;1.0000;0;0
600;2016-08-20 14:00:00;172602N232;332;4.680;41;225;225;227;222;1.150;50.00;404.6;0.399;404.1;0.389;0.0;0.000;60;0;0;1.226;1.253;0.971;92;120;118;50.00;50.00;50.00;5753;1000;0.0;0;1.0000;0;0
600;2016-08-20 14:10:00;172602N232;511;4.765;41;225;225;226;222;0.996;50.01;414.1;0.613;413.0;0.598;0.0;0.000;60;0;0;0.962;1.053;0.975;155;180;175;50.01;50.01;50.01;5753;1000;0.0;0;1.0000;0;0
600;2016-08-20 14:20:00;172602N232;1094;4.949;41;224;225;227;222;1.671;50.00;425.6;1.302;425.9;1.260;0.0;0.000;60;0;0;1.631;1.713;1.670;352;379;361;50.00;50.00;50.00;5753;1000;0.0;0;1.0000;0;0
600;2016-08-20 14:30:00;172602N232;1278;5.162;41;224;225;227;222;1.943;50.00;425.0;1.532;424.3;1.478;0.0;0.000;60;0;0;1.902;1.993;1.936;413;444;419;50.00;50.00;50.00;5753;1000;0.0;0;1.0000;0;0
600;2016-08-20 14:40:00;172602N232;1751;5.454;41;225;226;228;222;2.611;49.99;424.8;2.095;423.3;2.055;0.0;0.000;60;0;0;2.560;2.685;2.588;572;607;570;49.99;49.99;49.99;5753;1000;0.0;0;1.0000;0;0
600;2016-08-20 14:50:00;172602N232;2225;5.825;41;226;226;228;223;3.310;49.99;414.6;2.729;411.9;2.700;0.0;0.000;60;0;0;3.256;3.381;3.294;728;766;730;49.99;49.99;49.99;5753;1000;0.0;0;1.0000;0;0
600;2016-08-20 15:00:00;172602N232;1618;6.095;41;225;224;228;223;2.418;50.01;412.5;1.984;407.2;1.983;0.0;0.000;60;0;0;2.346;2.492;2.416;520;562;534;50.01;50.01;50.01;5753;1000;0.0;0;1.0000;0;0
600;2016-08-20 15:10:00;172602N232;2830;6.567;41;227;226;230;225;4.167;50.01;408.1;3.526;400.1;3.584;0.0;0.000;60;0;0;4.078;4.277;4.147;916;983;928;50.01;50.01;50.01;5753;1000;0.0;0;1.0000;0;0
600;2016-08-20 15:20:00;172602N232;1935;6.889;42;226;225;228;224;2.882;50.00;399.5;2.475;403.7;2.392;0.0;0.000;60;0;0;2.808;2.945;2.893;623;668;643;50.00;50.00;50.00;5753;1000;0.0;0;1.0000;0;0
600;2016-08-20 15:30:00;172602N232;1227;7.094;42;226;226;228;225;1.899;50.00;405.9;1.532;407.5;1.488;0.0;0.000;60;0;0;1.863;1.931;1.903;394;423;408;50.00;50.00;50.00;5753;1000;0.0;0;1.0000;0;0
600;2016-08-20 15:40:00;172602N232;1422;7.331;42;226;226;227;225;2.146;49.99;405.2;1.770;408.9;1.732;0.0;0.000;60;0;0;2.098;2.187;2.153;460;487;473;49.99;49.99;49.99;5753;1000;0.0;0;1.0000;0;0
600;2016-08-20 15:50:00;172602N232;1218;7.534;42;226;226;228;224;1.858;50.00;405.3;1.506;405.7;1.501;0.0;0.000;60;0;0;1.823;1.893;1.859;393;420;403;50.00;50.00;50.00;5753;1000;0.0;0;1.0000;0;0
600;2016-08-20 16:00:00;172602N232;1402;7.768;42;226;225;228;225;2.109;49.99;405.9;1.713;404.1;1.749;0.0;0.000;60;0;0;2.049;2.164;2.115;449;485;466;49.99;49.99;49.99;5753;1000;0.0;0;1.0000;0;0
600;2016-08-20 16:10:00;172602N232;2117;8.121;42;226;226;229;225;3.129;49.99;409.0;2.606;406.2;2.636;0.0;0.000;60;0;0;3.062;3.197;3.130;687;728;701;49.99;49.99;49.99;5753;1000;0.0;0;1.0000;0;0
600;2016-08-20 16:20:00;172602N232;1156;8.314;42;225;224;226;224;1.745;50.00;397.2;1.460;407.8;1.414;0.0;0.000;60;0;0;1.689;1.784;1.763;369;398;387;50.00;50.00;50.00;5753;1000;0.0;0;1.0000;0;0
600;2016-08-20 16:30:00;172602N232;1019;8.484;42;225;225;226;223;1.539;50.00;404.9;1.273;413.3;1.214;0.0;0.000;60;0;0;1.491;1.580;1.546;327;352;338;50.00;50.00;50.00;5753;1000;0.0;0;1.0000;0;0
600;2016-08-20 16:40:00;172602N232;941;8.641;42;225;225;224;224;1.428;49.99;401.9;1.171;411.8;1.134;0.0;0.000;60;0;0;1.380;1.457;1.447;301;320;317;49.99;49.99;49.99;5753;1000;0.0;0;1.0000;0;0
600;2016-08-20 16:50:00;172602N232;894;8.789;42;224;225;225;223;1.364;50.00;400.3;1.119;414.0;1.067;0.0;0.000;60;0;0;1.315;1.403;1.376;285;309;298;50.00;50.00;50.00;5753;1000;0.0;0;1.0000;0;0
600;2016-08-20 17:00:00;172602N232;712;8.908;42;224;224;224;223;1.102;50.00;411.8;0.864;413.1;0.843;0.0;0.000;60;0;0;1.051;1.140;1.115;224;247;239;50.00;50.00;50.00;5753;1000;0.0;0;1.0000;0;0
600;2016-08-20 17:10:00;172602N232;594;9.008;42;224;224;224;223;0.925;49.99;413.8;0.714;411.8;0.701;0.0;0.000;60;0;0;0.878;0.959;0.939;186;206;200;49.99;49.99;49.99;5753;1000;0.0;0;1.0000;0;0
600;2016-08-20 17:20:00;172602N232;532;9.097;42;224;224;224;222;0.836;49.99;413.1;0.637;410.8;0.629;0.0;0.000;60;0;0;0.786;0.874;0.850;164;186;179;49.99;49.99;49.99;5753;1000;0.0;0;1.0000;0;0
600;2016-08-20 17:30:00;172602N232;487;9.179;42;224;225;224;223;0.769;50.02;411.9;0.585;409.8;0.576;0.0;0.000;60;0;0;0.721;0.804;0.784;150;171;164;50.02;50.02;50.02;5753;1000;0.0;0;1.0000;0;0
600;2016-08-20 17:40:00;172602N232;544;9.269;42;224;225;225;221;0.853;50.01;400.9;0.668;408.3;0.656;0.0;0.000;60;0;0;0.805;0.897;0.857;170;192;181;50.01;50.01;50.01;5753;1000;0.0;0;1.0000;0;0
600;2016-08-20 17:50:00;172602N232;718;9.389;42;224;225;225;223;1.104;49.99;408.7;0.867;409.5;0.873;0.0;0.000;60;0;0;1.059;1.142;1.112;228;248;240;49.99;49.99;49.99;5753;1000;0.0;0;1.0000;0;0
600;2016-08-20 18:00:00;172602N232;804;9.523;42;225;224;226;225;1.245;49.98;391.8;1.013;405.3;0.997;0.0;0.000;60;0;0;1.187;1.287;1.261;252;279;271;49.98;49.98;49.98;5753;1000;0.0;0;1.0000;0;0
600;2016-08-20 18:10:00;172602N232;724;9.644;42;226;226;227;225;1.114;49.99;390.1;0.913;405.0;0.896;0.0;0.000;60;0;0;1.060;1.153;1.130;227;250;244;49.99;49.99;49.99;5753;1000;0.0;0;1.0000;0;0
600;2016-08-20 18:20:00;172602N232;614;9.746;42;225;225;227;224;1.116;50.01;401.2;0.755;410.3;0.737;0.0;0.000;60;0;0;1.111;1.155;1.084;195;215;201;50.01;50.01;50.01;5753;1000;0.0;0;1.0000;0;0
600;2016-08-20 18:30:00;172602N232;440;9.819;42;224;224;226;223;1.129;50.02;388.7;0.549;402.3;0.539;0.0;0.000;60;0;0;1.133;1.180;1.076;124;156;158;50.02;50.02;50.02;5753;1000;0.0;0;1.0000;0;0
600;2016-08-20 18:40:00;172602N232;772;9.948;42;223;227;227;217;1.213;50.02;375.0;0.980;400.3;1.003;0.0;0.000;60;0;0;1.204;1.272;1.164;251;276;243;50.02;50.02;50.02;5753;1000;0.0;0;1.0000;0;0
600;2016-08-20 18:50:00;172602N232;736;10.072;42;223;229;226;216;1.135;50.01;336.3;0.941;397.7;1.055;0.0;0.000;60;0;0;1.108;1.191;1.108;241;260;232;50.01;50.01;50.01;5753;1000;0.0;0;1.0000;0;0
600;2016-08-20 19:00:00;172602N232;513;10.157;42;223;229;228;213;1.184;50.00;389.9;0.542;392.2;0.747;0.0;0.000;60;0;0;1.272;1.198;1.082;163;185;163;50.00;50.00;50.00;5753;1000;0.0;0;1.0000;0;0
600;2016-08-20 19:10:00;172602N232;208;10.191;41;223;228;229;212;1.100;49.98;375.3;0.255;389.6;0.254;0.0;0.000;60;0;0;1.455;1.005;0.842;31;86;96;49.98;49.98;49.98;5753;1000;0.0;0;1.0000;0;0
600;2016-08-20 19:20:00;172602N232;60;10.202;41;223;227;229;213;0.793;49.99;337.9;0.068;359.7;0.066;0.0;0.000;60;0;0;1.026;0.777;0.576;4;23;49;49.99;49.99;49.99;5753;1000;0.0;0;1.0000;0;0
600;2016-08-20 19:30:00;172602N232;36;10.208;41;222;224;228;215;0.596;49.98;320.6;0.034;338.9;0.038;0.0;0.000;60;0;0;0.585;0.805;0.398;15;1;32;49.98;49.98;49.98;5753;1000;0.0;0;1.0000;0;0
600;2016-08-20 19:40:00;172602N232;45;10.216;40;222;225;227;214;0.711;49.98;326.7;0.045;361.3;0.048;0.0;0.000;60;0;0;0.822;0.800;0.511;5;11;41;49.98;49.98;49.98;5753;1000;0.0;0;1.0000;0;0
600;2016-08-20 19:50:00;172602N232;34;10.222;40;223;226;228;215;0.547;50.00;310.5;0.031;320.5;0.037;0.0;0.000;60;0;0;0.654;0.584;0.403;1;12;32;50.00;50.00;50.00;5753;1000;0.0;0;1.0000;0;0
600;2016-08-20 20:00:00;172602N232;3;10.223;40;223;227;228;215;0.186;50.00;253.4;0.000;253.5;0.002;0.0;0.000;60;0;0;0.259;0.176;0.124;0;3;8;50.00;50.00;50.00;5753;1000;0.0;0;1.0000;0;0
600;2016-08-20 20:10:00;172602N232;0;10.223;38;223;225;227;217;0.002;50.01;255.4;0.000;255.4;0.000;0.0;0.000;50;0;0;0.007;0.000;0.000;0;0;0;50.00;50.01;50.01;5753;1000;0.0;0;1.0000;0;0
600;2016-08-20 20:20:00;172602N232;0;10.223;38;223;225;227;217;0.000;50.00;228.8;0.000;229.8;0.000;0.0;0.000;50;0;0;0.000;0.000;0.000;0;0;0;50.00;50.00;50.00;5753;1000;0.0;0;1.0000;0;0
600;2016-08-20 20:30:00;172602N232;0;10.223;37;222;224;226;217;0.000;50.01;227.5;0.000;228.5;0.000;0.0;0.000;50;0;0;0.000;0.000;0.000;0;0;0;50.01;50.01;50.01;5753;1000;0.0;0;1.0000;0;0
[wr_ende]
