20160130;230001;172602N232;My Plant;+0100
[wr_def_start]
172602N232;Inverter Type;Inverter Group;72602N232      
[wr_def_end]
[wr]
INTERVAL;TIMESTAMP;SERIAL;P_AC;E_DAY;T_WR;U_AC;U_AC_1;U_AC_2;U_AC_3;I_AC;F_AC;U_DC_1;I_DC_1;U_DC_2;I_DC_2;U_DC_3;I_DC_3;S;E_WR;M_WR;I_AC_1;I_AC_2;I_AC_3;P_AC_1;P_AC_2;P_AC_3;F_AC_1;F_AC_2;F_AC_3;R_DC;PC;PCS;PCS_LL;COS_PHI;COS_PHI_LL;S_COS_PHI
600;2016-01-30 07:30:00;172602N232;0;0.000;0;2;2;2;2;0.000;0.58;2.5;0.000;2.5;0.000;0.0;0.000;50;0;0;0.000;0.000;0.000;0;0;0;0.57;0.57;0.57;74;1000;0.0;0;1.0000;0;0
600;2016-01-30 07:40:00;172602N232;0;0.000;18;224;224;227;221;0.000;50.02;229.0;0.000;229.9;0.000;0.0;0.000;50;0;0;0.000;0.000;0.000;0;0;0;50.02;50.02;50.02;0;1000;0.0;0;1.0000;0;0
600;2016-01-30 07:50:00;172602N232;0;0.000;20;224;224;227;221;0.000;50.00;233.2;0.000;234.2;0.000;0.0;0.000;50;0;0;0.000;0.000;0.000;0;0;0;50.00;50.00;50.00;0;1000;0.0;0;1.0000;0;0
600;2016-01-30 08:00:00;172602N232;0;0.000;20;224;224;228;222;0.008;50.01;273.4;0.000;273.0;0.000;0.0;0.000;60;0;0;0.010;0.008;0.006;0;0;0;50.01;50.01;50.01;2972;1000;0.0;0;1.0000;0;0
600;2016-01-30 08:10:00;172602N232;2;0.000;21;224;224;226;223;0.141;50.02;276.6;0.000;276.0;0.000;0.0;0.000;60;0;0;0.144;0.188;0.093;1;0;4;50.02;50.02;50.02;4777;1000;0.0;0;1.0000;0;0
600;2016-01-30 08:20:00;172602N232;17;0.004;21;224;224;225;223;0.339;50.02;299.2;0.011;302.8;0.013;0.0;0.000;60;0;0;0.410;0.342;0.266;0;12;14;50.02;50.02;50.02;4786;1000;0.0;0;1.0000;0;0
600;2016-01-30 08:30:00;172602N232;56;0.013;22;223;223;224;223;0.704;50.02;372.7;0.057;374.4;0.058;0.0;0.000;60;0;0;0.787;0.751;0.574;7;22;28;50.02;50.02;50.02;4786;1000;0.0;0;1.0000;0;0
600;2016-01-30 08:40:00;172602N232;41;0.021;22;223;224;223;223;0.538;50.00;353.2;0.038;358.1;0.040;0.0;0.000;60;0;0;0.641;0.485;0.488;2;29;17;50.00;50.00;50.00;4786;1000;0.0;0;1.0000;0;0
600;2016-01-30 08:50:00;172602N232;63;0.030;23;224;223;225;224;0.722;50.00;375.5;0.065;373.7;0.067;0.0;0.000;60;0;0;0.737;0.828;0.602;13;19;30;50.00;50.00;50.00;4786;1000;0.0;0;1.0000;0;0
600;2016-01-30 09:00:00;172602N232;98;0.046;23;223;222;223;223;0.868;50.00;392.0;0.110;386.4;0.110;0.0;0.000;60;0;0;0.883;0.913;0.808;19;36;42;50.00;50.00;50.00;4786;1000;0.0;0;1.0000;0;0
600;2016-01-30 09:10:00;172602N232;31;0.052;23;223;223;224;222;0.462;50.00;312.7;0.030;316.8;0.031;0.0;0.000;60;0;0;0.485;0.557;0.346;5;8;21;50.00;50.00;50.00;4786;1000;0.0;0;1.0000;0;0
600;2016-01-30 09:20:00;172602N232;70;0.064;24;222;222;223;222;0.696;49.99;352.8;0.075;355.3;0.076;0.0;0.000;60;0;0;0.782;0.775;0.532;12;24;36;49.99;49.99;49.99;4786;1000;0.0;0;1.0000;0;0
600;2016-01-30 09:30:00;172602N232;262;0.107;24;222;224;223;220;1.128;50.00;424.1;0.297;410.3;0.299;0.0;0.000;60;0;0;1.433;1.169;0.782;61;114;85;50.00;50.00;50.00;4786;1000;0.0;0;1.0000;0;0
600;2016-01-30 09:40:00;172602N232;207;0.142;24;222;223;223;221;1.018;50.00;418.8;0.233;405.5;0.236;0.0;0.000;60;0;0;1.377;0.878;0.800;46;82;77;50.00;50.00;50.00;4786;1000;0.0;0;1.0000;0;0
600;2016-01-30 09:50:00;172602N232;173;0.171;25;221;222;219;223;0.921;50.00;410.3;0.195;402.3;0.196;0.0;0.000;60;0;0;0.963;0.870;0.932;37;92;42;50.00;50.00;50.00;4786;1000;0.0;0;1.0000;0;0
600;2016-01-30 10:00:00;172602N232;278;0.218;25;222;222;221;222;1.056;49.99;418.7;0.319;411.4;0.319;0.0;0.000;60;0;0;1.132;1.016;1.021;72;115;89;49.99;49.99;49.99;4786;1000;0.0;0;1.0000;0;0
600;2016-01-30 10:10:00;172602N232;391;0.283;25;222;221;224;222;1.110;50.00;427.9;0.448;417.4;0.450;0.0;0.000;60;0;0;1.109;1.183;1.040;121;137;131;50.00;50.00;50.00;4786;1000;0.0;0;1.0000;0;0
600;2016-01-30 10:20:00;172602N232;428;0.354;26;222;220;224;222;0.859;50.01;431.8;0.495;420.4;0.486;0.0;0.000;60;0;0;0.801;0.922;0.855;127;150;149;50.01;50.01;50.01;4786;1000;0.0;0;1.0000;0;0
600;2016-01-30 10:30:00;172602N232;516;0.440;26;223;223;224;223;0.860;49.99;435.8;0.601;428.6;0.571;0.0;0.000;60;0;0;0.825;0.887;0.870;160;179;175;49.99;49.99;49.99;4786;1000;0.0;0;1.0000;0;0
600;2016-01-30 10:40:00;172602N232;679;0.554;27;223;223;223;222;1.100;50.00;438.9;0.808;438.6;0.720;0.0;0.000;60;0;0;1.080;1.116;1.105;215;232;230;50.00;50.00;50.00;4786;1000;0.0;0;1.0000;0;0
600;2016-01-30 10:50:00;172602N232;858;0.697;27;223;222;225;222;1.377;50.00;437.8;1.060;440.9;0.880;0.0;0.000;60;0;0;1.370;1.397;1.365;274;296;286;50.00;50.00;50.00;4786;1000;0.0;0;1.0000;0;0
600;2016-01-30 11:00:00;172602N232;902;0.848;28;223;222;224;222;1.388;49.99;436.6;1.096;406.7;1.036;0.0;0.000;60;0;0;1.332;1.431;1.401;286;313;302;49.99;49.99;49.99;4786;1000;0.0;0;1.0000;0;0
600;2016-01-30 11:10:00;172602N232;917;1.001;28;223;221;224;223;1.405;50.00;436.4;1.100;423.0;1.028;0.0;0.000;60;0;0;1.343;1.446;1.426;289;317;309;50.00;50.00;50.00;4786;1000;0.0;0;1.0000;0;0
600;2016-01-30 11:20:00;172602N232;955;1.160;29;223;223;224;224;1.455;50.01;436.4;1.135;423.4;1.081;0.0;0.000;60;0;0;1.402;1.484;1.479;305;325;323;50.01;50.01;50.01;4786;1000;0.0;0;1.0000;0;0
600;2016-01-30 11:30:00;172602N232;856;1.303;29;223;222;225;223;1.314;50.01;436.7;0.997;424.2;0.978;0.0;0.000;60;0;0;1.255;1.357;1.331;269;297;287;50.01;50.01;50.01;4786;1000;0.0;0;1.0000;0;0
600;2016-01-30 11:40:00;172602N232;796;1.435;30;223;224;224;223;1.226;50.01;437.8;0.921;421.7;0.920;0.0;0.000;60;0;0;1.180;1.256;1.243;254;272;268;50.01;50.01;50.01;4786;1000;0.0;0;1.0000;0;0
600;2016-01-30 11:50:00;172602N232;769;1.564;30;224;224;225;223;1.184;50.00;436.5;0.890;421.5;0.888;0.0;0.000;60;0;0;1.137;1.219;1.197;244;265;257;50.00;50.00;50.00;4786;1000;0.0;0;1.0000;0;0
600;2016-01-30 12:00:00;172602N232;671;1.676;30;224;225;225;222;1.039;49.99;436.2;0.772;418.4;0.782;0.0;0.000;60;0;0;0.999;1.078;1.042;214;233;222;49.99;49.99;49.99;4786;1000;0.0;0;1.0000;0;0
600;2016-01-30 12:10:00;172602N232;720;1.796;30;224;224;226;222;1.112;50.01;435.9;0.830;420.2;0.837;0.0;0.000;60;0;0;1.062;1.154;1.121;227;251;240;50.01;50.01;50.01;4786;1000;0.0;0;1.0000;0;0
600;2016-01-30 12:20:00;172602N232;665;1.907;31;223;222;226;222;1.181;50.01;436.7;0.763;418.8;0.775;0.0;0.000;60;0;0;1.125;1.318;1.102;211;242;210;50.01;50.01;50.01;4786;1000;0.0;0;1.0000;0;0
600;2016-01-30 12:30:00;172602N232;790;2.039;31;224;223;226;223;1.220;50.01;437.9;0.909;421.2;0.919;0.0;0.000;60;0;0;1.163;1.264;1.233;248;275;265;50.01;50.01;50.01;4786;1000;0.0;0;1.0000;0;0
600;2016-01-30 12:40:00;172602N232;913;2.192;31;223;222;226;223;1.391;50.00;434.4;1.054;423.6;1.066;0.0;0.000;60;0;0;1.331;1.437;1.407;287;318;306;50.00;50.00;50.00;4786;1000;0.0;0;1.0000;0;0
600;2016-01-30 12:50:00;172602N232;1113;2.377;31;224;223;227;222;1.695;50.01;446.3;1.205;425.7;1.347;0.0;0.000;60;0;0;1.637;1.758;1.692;353;389;368;50.01;50.01;50.01;4786;1000;0.0;0;1.0000;0;0
600;2016-01-30 13:00:00;172602N232;1178;2.574;31;224;223;227;223;1.823;50.00;450.3;1.251;430.4;1.425;0.0;0.000;60;0;0;1.772;1.875;1.822;377;408;391;50.00;50.00;50.00;4786;1000;0.0;0;1.0000;0;0
600;2016-01-30 13:10:00;172602N232;1107;2.757;31;224;223;226;223;1.703;50.00;454.9;1.165;433.6;1.322;0.0;0.000;60;0;0;1.677;1.737;1.696;361;380;365;50.00;50.00;50.00;4786;1000;0.0;0;1.0000;0;0
600;2016-01-30 13:20:00;172602N232;908;2.909;32;224;223;226;224;1.382;50.01;453.0;0.964;432.8;1.072;0.0;0.000;60;0;0;1.322;1.426;1.399;286;315;305;50.01;50.01;50.01;4786;1000;0.0;0;1.0000;0;0
600;2016-01-30 13:30:00;172602N232;674;3.022;32;223;222;225;223;1.096;49.99;433.0;0.790;418.5;0.775;0.0;0.000;60;0;0;1.051;1.140;1.099;211;234;226;49.99;49.99;49.99;4786;1000;0.0;0;1.0000;0;0
600;2016-01-30 13:40:00;172602N232;757;3.149;32;223;223;224;223;1.254;49.99;434.4;0.897;422.7;0.853;0.0;0.000;60;0;0;1.264;1.252;1.248;240;259;256;49.99;49.99;49.99;4786;1000;0.0;0;1.0000;0;0
600;2016-01-30 13:50:00;172602N232;751;3.274;32;223;223;223;223;1.162;50.00;435.4;0.912;424.6;0.818;0.0;0.000;60;0;0;1.112;1.194;1.180;238;257;254;50.00;50.00;50.00;4786;1000;0.0;0;1.0000;0;0
600;2016-01-30 14:00:00;172602N232;1115;3.459;32;224;223;224;223;1.714;50.00;444.6;1.422;440.6;1.089;0.0;0.000;60;0;0;1.690;1.735;1.718;364;378;370;50.00;50.00;50.00;4786;1000;0.0;0;1.0000;0;0
600;2016-01-30 14:10:00;172602N232;695;3.576;32;223;224;223;222;1.084;50.00;431.2;0.842;420.1;0.768;0.0;0.000;60;0;0;1.046;1.112;1.096;222;239;233;50.00;50.00;50.00;4786;1000;0.0;0;1.0000;0;0
600;2016-01-30 14:20:00;172602N232;551;3.667;32;224;224;226;223;0.883;50.00;434.2;0.655;420.4;0.610;0.0;0.000;60;0;0;0.831;0.924;0.894;170;194;185;50.00;50.00;50.00;4786;1000;0.0;0;1.0000;0;0
600;2016-01-30 14:30:00;172602N232;291;3.717;32;224;224;223;224;1.055;49.99;422.6;0.340;410.7;0.327;0.0;0.000;60;0;0;1.166;1.076;0.924;86;119;84;49.99;49.99;49.99;4786;1000;0.0;0;1.0000;0;0
600;2016-01-30 14:40:00;172602N232;92;3.732;31;224;223;223;224;0.809;49.98;384.0;0.099;382.0;0.101;0.0;0.000;60;0;0;0.790;0.817;0.820;19;43;29;49.98;49.98;49.98;4786;1000;0.0;0;1.0000;0;0
600;2016-01-30 14:50:00;172602N232;104;3.750;31;224;223;224;224;0.813;49.99;384.6;0.116;388.1;0.116;0.0;0.000;60;0;0;0.765;0.869;0.807;26;40;36;49.99;49.99;49.99;4786;1000;0.0;0;1.0000;0;0
600;2016-01-30 15:00:00;172602N232;174;3.779;31;224;224;224;223;0.956;49.98;405.4;0.197;403.0;0.197;0.0;0.000;60;0;0;1.149;0.982;0.739;29;73;70;49.98;49.98;49.98;4786;1000;0.0;0;1.0000;0;0
600;2016-01-30 15:10:00;172602N232;138;3.802;30;224;224;225;223;0.988;50.00;395.6;0.158;400.4;0.156;0.0;0.000;60;0;0;1.363;0.835;0.767;12;66;57;50.00;50.00;50.00;4786;1000;0.0;0;1.0000;0;0
600;2016-01-30 15:20:00;172602N232;133;3.824;30;224;223;225;223;0.969;50.00;399.9;0.150;401.2;0.149;0.0;0.000;60;0;0;1.091;1.047;0.770;33;40;57;50.00;50.00;50.00;4786;1000;0.0;0;1.0000;0;0
600;2016-01-30 15:30:00;172602N232;107;3.842;30;223;223;225;222;0.947;50.01;390.4;0.121;397.5;0.119;0.0;0.000;60;0;0;1.143;0.964;0.734;19;34;58;50.01;50.01;50.01;4786;1000;0.0;0;1.0000;0;0
600;2016-01-30 15:40:00;172602N232;73;3.855;30;223;224;224;221;0.880;49.99;379.4;0.080;388.2;0.079;0.0;0.000;60;0;0;1.130;0.823;0.687;0;35;53;49.99;49.99;49.99;4786;1000;0.0;0;1.0000;0;0
600;2016-01-30 15:50:00;172602N232;37;3.861;29;222;222;223;222;0.527;49.98;343.8;0.033;355.3;0.034;0.0;0.000;60;0;0;0.590;0.593;0.399;4;11;23;49.98;49.98;49.98;4786;1000;0.0;0;1.0000;0;0
600;2016-01-30 16:00:00;172602N232;4;3.862;29;222;222;223;222;0.134;50.00;256.2;0.000;256.0;0.002;0.0;0.000;60;0;0;0.121;0.186;0.097;2;1;3;50.00;50.00;50.00;4786;1000;0.0;0;1.0000;0;0
600;2016-01-30 16:10:00;172602N232;0;3.862;28;222;222;224;219;0.000;50.00;288.6;0.000;287.8;0.000;0.0;0.000;51;0;0;0.000;0.000;0.000;0;0;0;49.99;50.00;50.00;7652;1000;0.0;0;1.0000;0;0
600;2016-01-30 16:20:00;172602N232;0;3.862;27;221;220;222;219;0.000;49.99;230.9;0.000;231.9;0.000;0.0;0.000;51;0;0;0.000;0.000;0.000;0;0;0;49.99;49.99;49.99;9312;1000;0.0;0;1.0000;0;0
600;2016-01-30 16:30:00;172602N232;0;3.862;27;220;221;223;216;0.000;50.01;229.3;0.000;230.2;0.000;0.0;0.000;51;0;0;0.000;0.000;0.000;0;0;0;50.01;50.01;50.01;9312;1000;0.0;0;1.0000;0;0
600;2016-01-30 16:40:00;172602N232;0;3.862;26;220;220;223;217;0.000;49.99;227.3;0.000;228.2;0.000;0.0;0.000;51;0;0;0.000;0.000;0.000;0;0;0;49.99;49.99;49.99;9312;1000;0.0;0;1.0000;0;0
[wr_ende]
