20120824;230001;172602N232;My Plant;+0100
[wr_def_start]
172602N232;Inverter Type;Inverter Group;72602N232      
[wr_def_end]
[wr]
INTERVAL;TIMESTAMP;SERIAL;P_AC;E_DAY;T_WR;U_AC;U_AC_1;U_AC_2;U_AC_3;I_AC;F_AC;U_DC_1;I_DC_1;U_DC_2;I_DC_2;U_DC_3;I_DC_3;S;E_WR;M_WR;I_AC_1;I_AC_2;I_AC_3;P_AC_1;P_AC_2;P_AC_3;F_AC_1;F_AC_2;F_AC_3;R_DC;PC;PCS;PCS_LL;COS_PHI;COS_PHI_LL;S_COS_PHI
600;2012-08-24 05:50:00;172602N232;0;0.000;0;2;2;2;2;0.000;0.60;2.6;0.000;2.6;0.000;0.0;0.000;50;0;0;0.000;0.000;0.000;0;0;0;0.60;0.60;0.60;56;1000;0.0;0;1.0000;0;0
600;2012-08-24 06:00:00;172602N232;0;0.000;24;227;228;229;224;0.000;49.99;227.2;0.000;228.2;0.000;0.0;0.000;50;0;0;0.000;0.000;0.000;0;0;0;49.99;49.99;49.99;0;1000;0.0;0;1.0000;0;0
600;2012-08-24 06:10:00;172602N232;0;0.000;26;226;226;228;223;0.000;50.01;229.8;0.000;230.8;0.000;0.0;0.000;50;0;0;0.000;0.000;0.000;0;0;0;50.01;50.01;50.01;0;1000;0.0;0;1.0000;0;0
600;2012-08-24 06:20:00;172602N232;0;0.000;27;225;225;228;222;0.000;49.99;253.8;0.000;254.1;0.000;0.0;0.000;50;0;0;0.000;0.000;0.000;0;0;0;49.99;49.99;49.99;0;1000;0.0;0;1.0000;0;0
600;2012-08-24 06:30:00;172602N232;4;0.001;28;227;227;228;224;0.135;49.99;270.2;0.001;268.0;0.001;0.0;0.000;60;0;0;0.168;0.124;0.115;0;5;6;49.99;49.99;49.99;5549;1000;0.0;0;1.0000;0;0
600;2012-08-24 06:40:00;172602N232;35;0.011;28;225;226;225;224;0.529;49.98;339.4;0.031;343.0;0.031;0.0;0.000;60;0;0;0.686;0.423;0.479;0;28;30;49.98;49.98;49.98;5980;1000;0.0;0;1.0000;0;0
600;2012-08-24 06:50:00;172602N232;63;0.020;29;225;224;226;224;0.692;49.98;370.9;0.069;374.2;0.064;0.0;0.000;60;0;0;0.681;0.850;0.545;15;15;34;49.98;49.98;49.98;5980;1000;0.0;0;1.0000;0;0
600;2012-08-24 07:00:00;172602N232;96;0.032;29;225;225;225;225;0.903;50.01;386.9;0.110;387.4;0.104;0.0;0.000;60;0;0;0.965;0.934;0.812;17;37;40;50.01;50.01;50.01;5980;1000;0.0;0;1.0000;0;0
600;2012-08-24 07:10:00;172602N232;131;0.055;30;226;225;227;225;0.932;50.02;395.8;0.153;395.0;0.146;0.0;0.000;60;0;0;0.914;1.100;0.783;32;37;60;50.02;50.02;50.02;5980;1000;0.0;0;1.0000;0;0
600;2012-08-24 07:20:00;172602N232;194;0.087;30;225;225;226;224;1.026;49.98;403.9;0.231;402.4;0.218;0.0;0.000;60;0;0;1.095;1.243;0.740;34;89;68;49.98;49.98;49.98;5980;1000;0.0;0;1.0000;0;0
600;2012-08-24 07:30:00;172602N232;241;0.126;31;224;225;224;224;1.054;49.99;409.2;0.288;406.6;0.270;0.0;0.000;60;0;0;1.206;1.027;0.929;49;99;90;49.99;49.99;49.99;5980;1000;0.0;0;1.0000;0;0
600;2012-08-24 07:40:00;172602N232;343;0.184;32;225;225;226;225;1.181;49.98;414.5;0.414;413.3;0.387;0.0;0.000;60;0;0;1.240;1.180;1.125;94;126;121;49.98;49.98;49.98;5980;1000;0.0;0;1.0000;0;0
600;2012-08-24 07:50:00;172602N232;372;0.247;32;225;225;226;225;1.212;49.98;414.3;0.455;416.2;0.415;0.0;0.000;60;0;0;1.192;1.295;1.150;100;133;137;49.98;49.98;49.98;5980;1000;0.0;0;1.0000;0;0
600;2012-08-24 08:00:00;172602N232;371;0.308;33;225;226;225;224;1.136;50.00;416.0;0.453;415.6;0.414;0.0;0.000;60;0;0;1.221;1.179;1.009;108;152;109;50.00;50.00;50.00;5980;1000;0.0;0;1.0000;0;0
600;2012-08-24 08:10:00;172602N232;401;0.375;33;225;226;225;226;1.131;50.00;414.9;0.487;416.1;0.451;0.0;0.000;60;0;0;1.161;1.154;1.079;120;153;126;50.00;50.00;50.00;5980;1000;0.0;0;1.0000;0;0
600;2012-08-24 08:20:00;172602N232;497;0.458;33;225;226;225;225;0.900;49.98;418.1;0.626;424.9;0.532;0.0;0.000;60;0;0;0.867;0.928;0.905;155;174;166;49.98;49.98;49.98;5980;1000;0.0;0;1.0000;0;0
600;2012-08-24 08:30:00;172602N232;505;0.543;34;225;225;226;225;0.863;49.99;425.2;0.643;428.8;0.518;0.0;0.000;60;0;0;0.818;0.899;0.872;156;177;169;49.99;49.99;49.99;5980;1000;0.0;0;1.0000;0;0
600;2012-08-24 08:40:00;172602N232;584;0.640;34;225;226;226;225;1.222;49.99;424.8;0.739;430.1;0.608;0.0;0.000;60;0;0;1.343;1.148;1.176;196;193;193;49.99;49.99;49.99;5980;1000;0.0;0;1.0000;0;0
600;2012-08-24 08:50:00;172602N232;661;0.751;34;225;226;225;225;1.287;49.98;430.0;0.832;433.9;0.679;0.0;0.000;60;0;0;1.378;1.208;1.277;218;217;223;49.98;49.98;49.98;5980;1000;0.0;0;1.0000;0;0
600;2012-08-24 09:00:00;172602N232;683;0.864;35;226;226;226;226;1.284;49.98;428.6;0.866;433.7;0.700;0.0;0.000;60;0;0;1.370;1.219;1.263;224;226;231;49.98;49.98;49.98;5980;1000;0.0;0;1.0000;0;0
600;2012-08-24 09:10:00;172602N232;761;0.992;35;227;228;227;226;1.323;50.00;440.8;0.972;433.2;0.750;0.0;0.000;60;0;0;1.442;1.251;1.276;252;251;256;50.00;50.00;50.00;5980;1000;0.0;0;1.0000;0;0
600;2012-08-24 09:20:00;172602N232;836;1.132;35;227;227;227;225;1.292;49.99;451.0;1.064;450.4;0.776;0.0;0.000;60;0;0;1.249;1.325;1.303;266;289;280;49.99;49.99;49.99;5980;1000;0.0;0;1.0000;0;0
600;2012-08-24 09:30:00;172602N232;885;1.279;36;226;226;227;225;1.367;50.00;444.1;1.097;430.7;0.910;0.0;0.000;60;0;0;1.315;1.405;1.381;280;306;297;50.00;50.00;50.00;5980;1000;0.0;0;1.0000;0;0
600;2012-08-24 09:40:00;172602N232;1023;1.450;36;226;226;227;224;1.567;50.00;426.3;1.281;427.6;1.112;0.0;0.000;60;0;0;1.523;1.605;1.574;328;352;341;50.00;50.00;50.00;5980;1000;0.0;0;1.0000;0;0
600;2012-08-24 09:50:00;172602N232;1193;1.648;36;225;225;226;224;1.856;49.99;419.4;1.507;435.0;1.289;0.0;0.000;60;0;0;1.831;1.868;1.871;385;406;399;49.99;49.99;49.99;5980;1000;0.0;0;1.0000;0;0
600;2012-08-24 10:00:00;172602N232;1221;1.852;36;224;224;225;224;1.916;49.99;417.9;1.530;427.2;1.366;0.0;0.000;60;0;0;1.890;1.918;1.941;394;412;412;49.99;49.99;49.99;5980;1000;0.0;0;1.0000;0;0
600;2012-08-24 10:10:00;172602N232;1281;2.065;37;224;223;225;224;1.984;49.97;414.7;1.610;420.6;1.467;0.0;0.000;60;0;0;1.954;1.997;2.001;415;434;429;49.97;49.97;49.97;5980;1000;0.0;0;1.0000;0;0
600;2012-08-24 10:20:00;172602N232;1363;2.293;37;223;223;225;222;2.055;49.97;411.5;1.739;415.1;1.573;0.0;0.000;60;0;0;2.002;2.102;2.061;440;468;453;49.97;49.97;49.97;5980;1000;0.0;0;1.0000;0;0
600;2012-08-24 10:30:00;172602N232;1306;2.511;37;224;223;225;223;2.018;49.98;413.0;1.641;410.9;1.539;0.0;0.000;60;0;0;1.983;2.039;2.032;420;446;438;49.98;49.98;49.98;5980;1000;0.0;0;1.0000;0;0
600;2012-08-24 10:40:00;172602N232;1174;2.707;37;223;222;225;222;1.872;49.98;415.1;1.442;407.4;1.421;0.0;0.000;60;0;0;1.846;1.887;1.885;376;402;395;49.98;49.98;49.98;5980;1000;0.0;0;1.0000;0;0
600;2012-08-24 10:50:00;172602N232;1202;2.907;38;224;223;225;223;1.920;50.00;414.7;1.475;407.9;1.452;0.0;0.000;60;0;0;1.885;1.925;1.951;382;409;408;50.00;50.00;50.00;5980;1000;0.0;0;1.0000;0;0
600;2012-08-24 11:00:00;172602N232;2490;3.322;38;225;225;226;224;3.708;50.01;402.0;4.297;422.2;1.886;0.0;0.000;60;0;0;3.646;3.764;3.716;814;847;827;50.01;50.01;50.01;5980;1000;0.0;0;1.0000;0;0
600;2012-08-24 11:10:00;172602N232;1721;3.610;38;224;224;226;224;2.584;49.99;395.8;2.693;410.3;1.620;0.0;0.000;60;0;0;2.525;2.634;2.595;557;588;573;49.99;49.99;49.99;5980;1000;0.0;0;1.0000;0;0
600;2012-08-24 11:20:00;172602N232;2156;3.970;38;225;224;227;223;3.232;49.98;397.5;3.717;421.4;1.667;0.0;0.000;60;0;0;3.187;3.290;3.220;706;738;710;49.98;49.98;49.98;5980;1000;0.0;0;1.0000;0;0
600;2012-08-24 11:30:00;172602N232;1855;4.278;39;224;225;225;223;2.778;49.98;386.7;3.274;418.9;1.432;0.0;0.000;60;0;0;2.741;2.822;2.771;611;630;611;49.98;49.98;49.98;5980;1000;0.0;0;1.0000;0;0
600;2012-08-24 11:40:00;172602N232;2476;4.691;39;225;225;226;224;3.686;49.98;387.0;4.935;430.3;1.373;0.0;0.000;60;0;0;3.640;3.741;3.678;814;843;817;49.98;49.98;49.98;5980;1000;0.0;0;1.0000;0;0
600;2012-08-24 11:50:00;172602N232;779;4.822;40;224;225;225;223;1.230;49.98;380.8;1.064;393.2;0.951;0.0;0.000;60;0;0;1.209;1.254;1.228;248;269;261;49.98;49.98;49.98;5980;1000;0.0;0;1.0000;0;0
600;2012-08-24 12:00:00;172602N232;885;4.969;40;225;225;226;224;1.387;49.99;395.0;1.312;409.5;0.875;0.0;0.000;60;0;0;1.364;1.412;1.386;282;306;296;49.99;49.99;49.99;5980;1000;0.0;0;1.0000;0;0
600;2012-08-24 12:10:00;172602N232;1075;5.149;40;225;225;226;224;1.668;49.96;406.1;1.343;403.1;1.320;0.0;0.000;60;0;0;1.631;1.695;1.680;345;368;360;49.96;49.96;49.96;5980;1000;0.0;0;1.0000;0;0
600;2012-08-24 12:20:00;172602N232;1045;5.324;40;225;225;226;225;1.616;49.97;406.8;1.291;401.0;1.301;0.0;0.000;60;0;0;1.574;1.641;1.635;333;357;352;49.97;49.97;49.97;5980;1000;0.0;0;1.0000;0;0
600;2012-08-24 12:30:00;172602N232;1943;5.647;40;226;226;227;225;2.889;49.99;406.5;2.532;414.3;2.237;0.0;0.000;60;0;0;2.840;2.929;2.900;637;658;647;49.99;49.99;49.99;5980;1000;0.0;0;1.0000;0;0
600;2012-08-24 12:40:00;172602N232;1661;5.923;40;226;226;227;224;2.474;49.98;401.0;2.174;403.7;1.979;0.0;0.000;60;0;0;2.429;2.517;2.478;543;565;551;49.98;49.98;49.98;5980;1000;0.0;0;1.0000;0;0
600;2012-08-24 12:50:00;172602N232;1255;6.134;40;225;225;227;224;1.937;49.99;398.0;1.648;403.5;1.498;0.0;0.000;60;0;0;1.894;1.968;1.949;402;432;419;49.99;49.99;49.99;5980;1000;0.0;0;1.0000;0;0
600;2012-08-24 13:00:00;172602N232;1932;6.456;40;226;227;228;225;2.867;49.99;400.0;2.559;413.1;2.238;0.0;0.000;60;0;0;2.813;2.926;2.864;632;660;638;49.99;49.99;49.99;5980;1000;0.0;0;1.0000;0;0
600;2012-08-24 13:10:00;172602N232;1325;6.677;40;226;227;227;224;2.004;49.98;401.9;1.715;401.3;1.599;0.0;0.000;60;0;0;1.966;2.036;2.011;430;453;440;49.98;49.98;49.98;5980;1000;0.0;0;1.0000;0;0
600;2012-08-24 13:20:00;172602N232;1778;6.973;40;226;226;228;223;2.653;49.99;401.2;2.323;406.9;2.110;0.0;0.000;60;0;0;2.613;2.714;2.633;583;612;581;49.99;49.99;49.99;5980;1000;0.0;0;1.0000;0;0
600;2012-08-24 13:30:00;172602N232;1736;7.263;41;226;226;228;223;2.582;50.00;400.8;2.245;400.2;2.120;0.0;0.000;60;0;0;2.529;2.646;2.571;567;597;570;50.00;50.00;50.00;5980;1000;0.0;0;1.0000;0;0
600;2012-08-24 13:40:00;172602N232;1260;7.473;41;226;226;227;225;1.907;50.00;397.1;1.634;398.4;1.548;0.0;0.000;60;0;0;1.860;1.944;1.919;406;432;419;50.00;50.00;50.00;5980;1000;0.0;0;1.0000;0;0
600;2012-08-24 13:50:00;172602N232;1070;7.652;41;226;226;226;225;1.631;49.99;405.1;1.350;399.4;1.314;0.0;0.000;60;0;0;1.590;1.657;1.648;345;364;359;49.99;49.99;49.99;5980;1000;0.0;0;1.0000;0;0
600;2012-08-24 14:00:00;172602N232;1254;7.861;41;226;227;226;226;1.963;50.00;409.3;1.554;401.0;1.552;0.0;0.000;60;0;0;1.948;1.955;1.988;405;422;425;50.00;50.00;50.00;5980;1000;0.0;0;1.0000;0;0
600;2012-08-24 14:10:00;172602N232;1188;8.059;41;226;228;226;225;1.796;49.97;410.0;1.469;400.7;1.472;0.0;0.000;60;0;0;1.768;1.820;1.801;388;403;395;49.97;49.97;49.97;5980;1000;0.0;0;1.0000;0;0
600;2012-08-24 14:20:00;172602N232;959;8.219;41;227;228;227;225;1.441;49.98;407.6;1.179;399.4;1.198;0.0;0.000;60;0;0;1.397;1.480;1.446;310;330;317;49.98;49.98;49.98;5980;1000;0.0;0;1.0000;0;0
600;2012-08-24 14:30:00;172602N232;212;8.254;41;227;228;227;225;0.997;49.98;374.0;0.279;383.0;0.246;0.0;0.000;60;0;0;1.209;0.950;0.833;33;90;91;49.98;49.98;49.98;5980;1000;0.0;0;1.0000;0;0
600;2012-08-24 14:40:00;172602N232;203;8.289;41;227;227;228;226;1.024;49.97;389.7;0.249;390.2;0.237;0.0;0.000;60;0;0;1.163;1.089;0.820;29;85;87;49.97;49.97;49.97;5980;1000;0.0;0;1.0000;0;0
600;2012-08-24 14:50:00;172602N232;455;8.364;40;227;227;228;225;1.087;50.00;398.7;0.563;407.7;0.543;0.0;0.000;60;0;0;1.131;1.111;1.021;137;165;151;50.00;50.00;50.00;5980;1000;0.0;0;1.0000;0;0
600;2012-08-24 15:00:00;172602N232;770;8.493;40;227;227;227;226;1.243;50.01;407.1;0.949;414.9;0.918;0.0;0.000;60;0;0;1.225;1.252;1.252;246;263;259;50.01;50.01;50.01;5980;1000;0.0;0;1.0000;0;0
600;2012-08-24 15:10:00;172602N232;1163;8.687;40;227;227;226;227;1.769;49.98;412.6;1.411;416.5;1.397;0.0;0.000;60;0;0;1.737;1.778;1.794;378;391;392;49.98;49.98;49.98;5980;1000;0.0;0;1.0000;0;0
600;2012-08-24 15:20:00;172602N232;1272;8.900;40;227;227;227;227;1.927;50.00;412.5;1.546;413.9;1.541;0.0;0.000;60;0;0;1.877;1.949;1.957;409;432;429;50.00;50.00;50.00;5980;1000;0.0;0;1.0000;0;0
600;2012-08-24 15:30:00;172602N232;728;9.020;40;226;226;225;227;1.112;49.99;407.8;0.894;406.3;0.885;0.0;0.000;60;0;0;1.055;1.141;1.141;229;248;249;49.99;49.99;49.99;5980;1000;0.0;0;1.0000;0;0
600;2012-08-24 15:40:00;172602N232;746;9.146;40;226;226;225;227;1.199;49.98;417.2;0.894;407.5;0.903;0.0;0.000;60;0;0;1.176;1.204;1.219;238;252;254;49.98;49.98;49.98;5980;1000;0.0;0;1.0000;0;0
600;2012-08-24 15:50:00;172602N232;578;9.242;40;226;226;226;227;1.094;49.99;413.3;0.692;403.3;0.706;0.0;0.000;60;0;0;1.104;1.069;1.111;184;196;195;49.99;49.99;49.99;5980;1000;0.0;0;1.0000;0;0
600;2012-08-24 16:00:00;172602N232;640;9.348;40;227;226;227;227;1.020;49.99;420.5;0.759;408.8;0.769;0.0;0.000;60;0;0;0.973;1.048;1.039;199;221;217;49.99;49.99;49.99;5980;1000;0.0;0;1.0000;0;0
600;2012-08-24 16:10:00;172602N232;769;9.477;40;227;227;227;228;1.219;50.00;421.9;0.915;411.3;0.921;0.0;0.000;60;0;0;1.226;1.214;1.219;246;260;261;50.00;50.00;50.00;5980;1000;0.0;0;1.0000;0;0
600;2012-08-24 16:20:00;172602N232;899;9.627;40;226;226;226;226;1.364;50.02;411.3;1.098;412.2;1.081;0.0;0.000;60;0;0;1.316;1.392;1.386;287;306;304;50.02;50.02;50.02;5980;1000;0.0;0;1.0000;0;0
600;2012-08-24 16:30:00;172602N232;982;9.791;40;225;226;225;225;1.486;49.99;406.7;1.219;412.4;1.177;0.0;0.000;60;0;0;1.440;1.514;1.504;317;333;330;49.99;49.99;49.99;5980;1000;0.0;0;1.0000;0;0
600;2012-08-24 16:40:00;172602N232;1234;9.997;40;226;226;226;226;1.913;49.97;407.8;1.529;412.4;1.491;0.0;0.000;60;0;0;1.907;1.907;1.927;405;415;412;49.97;49.97;49.97;5980;1000;0.0;0;1.0000;0;0
600;2012-08-24 16:50:00;172602N232;1072;10.175;40;226;227;226;225;1.615;49.98;417.8;1.293;409.0;1.303;0.0;0.000;60;0;0;1.578;1.643;1.626;348;365;357;49.98;49.98;49.98;5980;1000;0.0;0;1.0000;0;0
600;2012-08-24 17:00:00;172602N232;830;10.314;40;226;226;226;224;1.261;49.99;413.4;1.013;405.6;1.004;0.0;0.000;60;0;0;1.208;1.298;1.277;264;286;278;49.99;49.99;49.99;5980;1000;0.0;0;1.0000;0;0
600;2012-08-24 17:10:00;172602N232;872;10.459;41;225;225;227;224;1.323;50.01;418.3;1.046;406.9;1.059;0.0;0.000;60;0;0;1.263;1.363;1.343;275;301;293;50.01;50.01;50.01;5980;1000;0.0;0;1.0000;0;0
600;2012-08-24 17:20:00;172602N232;860;10.603;41;226;225;226;225;1.304;50.01;418.9;1.027;407.1;1.047;0.0;0.000;60;0;0;1.241;1.344;1.329;270;297;291;50.01;50.01;50.01;5980;1000;0.0;0;1.0000;0;0
600;2012-08-24 17:30:00;172602N232;659;10.713;41;225;226;226;224;1.012;50.00;412.7;0.799;404.8;0.800;0.0;0.000;60;0;0;0.959;1.051;1.027;207;229;221;50.00;50.00;50.00;5980;1000;0.0;0;1.0000;0;0
600;2012-08-24 17:40:00;172602N232;744;10.836;41;225;226;226;223;1.142;49.99;399.8;0.930;406.2;0.910;0.0;0.000;60;0;0;1.095;1.181;1.150;237;258;247;49.99;49.99;49.99;5980;1000;0.0;0;1.0000;0;0
600;2012-08-24 17:50:00;172602N232;1114;11.023;41;225;227;226;221;1.707;49.98;407.3;1.361;413.3;1.357;0.0;0.000;60;0;0;1.688;1.738;1.695;365;384;363;49.98;49.98;49.98;5980;1000;0.0;0;1.0000;0;0
600;2012-08-24 18:00:00;172602N232;1083;11.203;41;225;227;227;221;1.640;50.01;401.4;1.362;407.9;1.320;0.0;0.000;60;0;0;1.604;1.690;1.628;353;376;351;50.01;50.01;50.01;5980;1000;0.0;0;1.0000;0;0
600;2012-08-24 18:10:00;172602N232;1193;11.402;41;226;227;228;222;1.811;50.00;414.2;1.480;410.1;1.418;0.0;0.000;60;0;0;1.778;1.860;1.796;387;415;389;50.00;50.00;50.00;5980;1000;0.0;0;1.0000;0;0
600;2012-08-24 18:20:00;172602N232;784;11.533;41;225;227;227;222;1.351;49.99;399.1;0.976;402.2;0.972;0.0;0.000;60;0;0;1.510;1.260;1.284;267;258;258;49.99;49.99;49.99;5980;1000;0.0;0;1.0000;0;0
600;2012-08-24 18:30:00;172602N232;563;11.627;41;225;227;226;223;0.869;49.98;397.3;0.702;401.2;0.696;0.0;0.000;60;0;0;0.821;0.909;0.878;176;198;188;49.98;49.98;49.98;5980;1000;0.0;0;1.0000;0;0
600;2012-08-24 18:40:00;172602N232;585;11.726;41;226;227;227;223;1.002;49.97;399.0;0.728;405.4;0.715;0.0;0.000;60;0;0;1.025;1.006;0.975;185;203;196;49.97;49.97;49.97;5980;1000;0.0;0;1.0000;0;0
600;2012-08-24 18:50:00;172602N232;684;11.839;41;226;227;226;225;1.072;49.97;390.3;0.883;416.0;0.804;0.0;0.000;60;0;0;1.056;1.085;1.076;219;233;229;49.97;49.97;49.97;5980;1000;0.0;0;1.0000;0;0
600;2012-08-24 19:00:00;172602N232;622;11.943;41;227;227;228;226;0.976;49.98;392.2;0.804;407.3;0.740;0.0;0.000;60;0;0;0.934;1.014;0.982;194;217;209;49.98;49.98;49.98;5980;1000;0.0;0;1.0000;0;0
600;2012-08-24 19:10:00;172602N232;411;12.012;41;227;226;228;226;1.003;49.99;378.0;0.523;400.0;0.517;0.0;0.000;60;0;0;0.989;1.051;0.969;118;146;146;49.99;49.99;49.99;5980;1000;0.0;0;1.0000;0;0
600;2012-08-24 19:20:00;172602N232;319;12.066;41;226;226;227;225;1.169;49.98;382.7;0.362;392.7;0.438;0.0;0.000;60;0;0;1.290;1.195;1.024;90;114;113;49.98;49.98;49.98;5980;1000;0.0;0;1.0000;0;0
600;2012-08-24 19:30:00;172602N232;454;12.142;40;226;226;228;226;0.750;49.98;383.2;0.498;402.6;0.639;0.0;0.000;60;0;0;0.698;0.788;0.765;137;161;154;49.98;49.98;49.98;5980;1000;0.0;0;1.0000;0;0
600;2012-08-24 19:40:00;172602N232;447;12.216;40;227;226;228;226;0.756;49.96;390.1;0.535;407.3;0.570;0.0;0.000;60;0;0;0.702;0.796;0.770;133;160;152;49.96;49.96;49.96;5980;1000;0.0;0;1.0000;0;0
600;2012-08-24 19:50:00;172602N232;288;12.264;40;227;227;228;227;0.909;49.97;378.9;0.353;396.4;0.361;0.0;0.000;60;0;0;1.010;0.942;0.775;81;109;96;49.97;49.97;49.97;5980;1000;0.0;0;1.0000;0;0
600;2012-08-24 20:00:00;172602N232;156;12.291;40;226;225;227;225;0.956;49.99;362.0;0.195;387.0;0.191;0.0;0.000;60;0;0;1.141;0.949;0.780;34;68;51;49.99;49.99;49.99;5980;1000;0.0;0;1.0000;0;0
600;2012-08-24 20:10:00;172602N232;98;12.307;40;225;225;226;224;0.919;49.97;352.9;0.119;377.5;0.119;0.0;0.000;60;0;0;0.939;1.070;0.750;16;24;57;49.97;49.97;49.97;5980;1000;0.0;0;1.0000;0;0
600;2012-08-24 20:20:00;172602N232;26;12.312;39;225;226;226;223;0.533;49.98;300.5;0.022;313.0;0.027;0.0;0.000;60;0;0;0.684;0.526;0.390;0;16;24;49.98;49.98;49.98;5980;1000;0.0;0;1.0000;0;0
600;2012-08-24 20:30:00;172602N232;5;12.312;39;225;227;225;224;0.214;49.97;253.3;0.001;257.8;0.003;0.0;0.000;60;0;0;0.293;0.184;0.166;0;10;9;49.97;49.97;49.97;5980;1000;0.0;0;1.0000;0;0
600;2012-08-24 20:40:00;172602N232;0;12.312;38;225;226;227;224;0.000;49.97;274.4;0.000;273.7;0.000;0.0;0.000;50;0;0;0.000;0.000;0.000;0;0;0;49.97;49.97;49.97;5980;1000;0.0;0;1.0000;0;0
600;2012-08-24 20:50:00;172602N232;0;12.312;36;225;225;227;223;0.000;49.98;229.3;0.000;230.3;0.000;0.0;0.000;50;0;0;0.000;0.000;0.000;0;0;0;49.98;49.98;49.98;5980;1000;0.0;0;1.0000;0;0
[wr_ende]
