20131106;230002;172602N232;My Plant;+0100
[wr_def_start]
172602N232;Inverter Type;Inverter Group;72602N232      
[wr_def_end]
[wr]
INTERVAL;TIMESTAMP;SERIAL;P_AC;E_DAY;T_WR;U_AC;U_AC_1;U_AC_2;U_AC_3;I_AC;F_AC;U_DC_1;I_DC_1;U_DC_2;I_DC_2;U_DC_3;I_DC_3;S;E_WR;M_WR;I_AC_1;I_AC_2;I_AC_3;P_AC_1;P_AC_2;P_AC_3;F_AC_1;F_AC_2;F_AC_3;R_DC;PC;PCS;PCS_LL;COS_PHI;COS_PHI_LL;S_COS_PHI
600;2013-11-06 07:20:00;172602N232;0;0.000;0;3;3;3;3;0.000;0.75;3.4;0.000;3.4;0.000;0.0;0.000;50;0;0;0.000;0.000;0.000;0;0;0;0.75;0.75;0.75;44;1000;0.0;0;1.0000;0;0
600;2013-11-06 07:30:00;172602N232;0;0.000;18;221;222;221;219;0.000;49.99;227.2;0.000;228.1;0.000;0.0;0.000;50;0;0;0.000;0.000;0.000;0;0;0;49.99;49.99;49.99;0;1000;0.0;0;1.0000;0;0
600;2013-11-06 07:40:00;172602N232;0;0.000;19;221;222;221;218;0.000;49.99;228.6;0.000;229.5;0.000;0.0;0.000;50;0;0;0.000;0.000;0.000;0;0;0;49.99;49.99;49.99;0;1000;0.0;0;1.0000;0;0
600;2013-11-06 07:50:00;172602N232;0;0.000;20;221;222;221;219;0.000;50.01;229.9;0.000;230.8;0.000;0.0;0.000;50;0;0;0.000;0.000;0.000;0;0;0;50.01;50.01;50.01;0;1000;0.0;0;1.0000;0;0
600;2013-11-06 08:00:00;172602N232;0;0.000;20;220;221;220;219;0.001;50.02;264.4;0.000;264.7;0.000;0.0;0.000;60;0;0;0.002;0.001;0.001;0;0;0;50.02;50.02;50.02;1229;1000;0.0;0;1.0000;0;0
600;2013-11-06 08:10:00;172602N232;19;0.003;21;220;221;219;221;0.312;50.00;299.0;0.011;313.6;0.014;0.0;0.000;60;0;0;0.371;0.268;0.297;0;18;4;50.00;50.00;50.00;10934;1000;0.0;0;1.0000;0;0
600;2013-11-06 08:20:00;172602N232;46;0.012;21;221;222;220;221;0.591;49.99;362.5;0.039;374.1;0.042;0.0;0.000;60;0;0;0.817;0.475;0.482;0;33;23;49.99;49.99;49.99;10934;1000;0.0;0;1.0000;0;0
600;2013-11-06 08:30:00;172602N232;54;0.024;21;220;222;219;221;0.649;50.01;371.1;0.050;379.7;0.053;0.0;0.000;60;0;0;0.909;0.504;0.536;0;39;25;50.01;50.01;50.01;10934;1000;0.0;0;1.0000;0;0
600;2013-11-06 08:40:00;172602N232;53;0.033;22;221;223;218;222;0.548;49.99;366.6;0.048;377.6;0.052;0.0;0.000;60;0;0;0.629;0.496;0.519;4;40;11;49.99;49.99;49.99;10934;1000;0.0;0;1.0000;0;0
600;2013-11-06 08:50:00;172602N232;48;0.042;22;222;223;221;222;0.565;49.99;363.7;0.042;367.6;0.047;0.0;0.000;60;0;0;0.722;0.487;0.487;0;31;23;49.99;49.99;49.99;10934;1000;0.0;0;1.0000;0;0
600;2013-11-06 09:00:00;172602N232;72;0.054;23;223;223;223;222;0.814;49.98;380.6;0.074;388.0;0.078;0.0;0.000;60;0;0;1.000;0.803;0.641;1;30;43;49.98;49.98;49.98;10934;1000;0.0;0;1.0000;0;0
600;2013-11-06 09:10:00;172602N232;66;0.069;23;222;223;222;221;0.869;49.99;380.0;0.066;385.3;0.070;0.0;0.000;60;0;0;1.292;0.660;0.655;0;45;40;49.99;49.99;49.99;10934;1000;0.0;0;1.0000;0;0
600;2013-11-06 09:20:00;172602N232;91;0.086;24;221;223;220;221;0.910;50.00;391.3;0.096;392.4;0.100;0.0;0.000;60;0;0;1.355;0.681;0.696;0;60;40;50.00;50.00;50.00;10934;1000;0.0;0;1.0000;0;0
600;2013-11-06 09:30:00;172602N232;126;0.104;24;221;222;221;222;0.981;50.00;403.6;0.137;402.0;0.141;0.0;0.000;60;0;0;1.299;0.805;0.841;11;79;34;50.00;50.00;50.00;10934;1000;0.0;0;1.0000;0;0
600;2013-11-06 09:40:00;172602N232;148;0.126;25;221;221;221;221;0.894;50.01;406.5;0.162;405.7;0.166;0.0;0.000;60;0;0;0.931;0.944;0.809;20;77;49;50.01;50.01;50.01;10934;1000;0.0;0;1.0000;0;0
600;2013-11-06 09:50:00;172602N232;144;0.147;25;221;221;222;221;0.977;49.99;407.0;0.158;403.9;0.163;0.0;0.000;60;0;0;1.196;0.897;0.839;24;78;41;49.99;49.99;49.99;10934;1000;0.0;0;1.0000;0;0
600;2013-11-06 10:00:00;172602N232;154;0.171;25;221;221;220;221;0.972;49.99;402.9;0.172;405.8;0.174;0.0;0.000;60;0;0;1.200;0.840;0.878;22;85;45;49.99;49.99;49.99;10934;1000;0.0;0;1.0000;0;0
600;2013-11-06 10:10:00;172602N232;215;0.208;26;220;220;218;222;0.931;49.98;405.9;0.245;412.3;0.245;0.0;0.000;60;0;0;0.744;1.021;1.029;50;113;50;49.98;49.98;49.98;10934;1000;0.0;0;1.0000;0;0
600;2013-11-06 10:20:00;172602N232;261;0.250;26;220;220;218;223;1.092;50.00;417.3;0.294;414.9;0.299;0.0;0.000;60;0;0;0.944;1.093;1.240;83;126;50;50.00;50.00;50.00;10934;1000;0.0;0;1.0000;0;0
600;2013-11-06 10:30:00;172602N232;571;0.347;26;221;222;218;223;0.936;50.00;433.7;0.648;427.9;0.657;0.0;0.000;60;0;0;0.893;0.951;0.964;180;193;196;50.00;50.00;50.00;10934;1000;0.0;0;1.0000;0;0
600;2013-11-06 10:40:00;172602N232;2257;0.722;27;222;222;221;223;3.403;50.00;436.4;2.618;440.8;2.555;0.0;0.000;60;0;0;3.368;3.401;3.441;745;746;763;50.00;50.00;50.00;10934;1000;0.0;0;1.0000;0;0
600;2013-11-06 10:50:00;172602N232;1991;1.054;27;223;223;222;223;3.002;49.99;428.2;2.336;435.0;2.266;0.0;0.000;60;0;0;2.966;3.016;3.024;655;666;669;49.99;49.99;49.99;10934;1000;0.0;0;1.0000;0;0
600;2013-11-06 11:00:00;172602N232;1348;1.279;28;222;223;221;223;2.072;49.98;429.2;1.569;432.5;1.530;0.0;0.000;60;0;0;2.043;2.082;2.093;442;448;454;49.98;49.98;49.98;10934;1000;0.0;0;1.0000;0;0
600;2013-11-06 11:10:00;172602N232;1717;1.565;29;222;223;220;224;2.599;49.98;427.4;2.022;430.7;1.971;0.0;0.000;60;0;0;2.570;2.591;2.638;566;565;584;49.98;49.98;49.98;10934;1000;0.0;0;1.0000;0;0
600;2013-11-06 11:20:00;172602N232;663;1.676;29;221;221;219;223;1.062;49.98;420.8;0.776;418.3;0.786;0.0;0.000;60;0;0;0.996;1.074;1.117;207;224;229;49.98;49.98;49.98;10934;1000;0.0;0;1.0000;0;0
600;2013-11-06 11:30:00;172602N232;687;1.790;30;221;222;221;222;1.282;49.98;424.5;0.793;420.8;0.806;0.0;0.000;60;0;0;1.289;1.293;1.264;219;241;225;49.98;49.98;49.98;10934;1000;0.0;0;1.0000;0;0
600;2013-11-06 11:40:00;172602N232;654;1.899;30;222;223;222;222;1.085;50.01;427.0;0.753;422.7;0.769;0.0;0.000;60;0;0;1.077;1.103;1.077;207;224;221;50.01;50.01;50.01;10934;1000;0.0;0;1.0000;0;0
600;2013-11-06 11:50:00;172602N232;750;2.026;30;223;224;222;222;1.179;50.01;428.9;0.862;424.3;0.879;0.0;0.000;60;0;0;1.144;1.201;1.192;240;255;253;50.01;50.01;50.01;10934;1000;0.0;0;1.0000;0;0
600;2013-11-06 12:00:00;172602N232;987;2.190;30;224;224;224;223;1.503;50.00;433.6;1.123;427.4;1.154;0.0;0.000;60;0;0;1.458;1.534;1.518;317;337;330;50.00;50.00;50.00;10934;1000;0.0;0;1.0000;0;0
600;2013-11-06 12:10:00;172602N232;1666;2.468;31;225;225;226;223;2.508;49.98;441.6;1.581;431.3;2.243;0.0;0.000;60;0;0;2.478;2.546;2.502;547;568;549;49.98;49.98;49.98;10934;1000;0.0;0;1.0000;0;0
600;2013-11-06 12:20:00;172602N232;1354;2.693;31;224;225;224;223;2.132;49.97;362.5;1.452;422.1;2.052;0.0;0.000;60;0;0;2.119;2.164;2.115;445;460;446;49.97;49.97;49.97;10934;1000;0.0;0;1.0000;0;0
600;2013-11-06 12:30:00;172602N232;939;2.850;31;224;224;224;223;1.503;49.98;422.8;0.739;424.5;1.447;0.0;0.000;60;0;0;1.478;1.534;1.499;303;322;312;49.98;49.98;49.98;10934;1000;0.0;0;1.0000;0;0
600;2013-11-06 12:40:00;172602N232;1546;3.107;32;224;225;223;223;2.321;49.99;353.9;1.412;431.3;2.584;0.0;0.000;60;0;0;2.290;2.349;2.326;510;520;513;49.99;49.99;49.99;10934;1000;0.0;0;1.0000;0;0
600;2013-11-06 12:50:00;172602N232;1794;3.407;32;224;225;224;222;2.684;49.98;267.7;2.279;423.1;2.867;0.0;0.000;60;0;0;2.650;2.726;2.677;592;609;592;49.98;49.98;49.98;10934;1000;0.0;0;1.0000;0;0
600;2013-11-06 13:00:00;172602N232;1735;3.696;33;223;224;225;221;2.599;49.98;286.2;2.523;387.8;2.680;0.0;0.000;60;0;0;2.554;2.654;2.590;568;594;570;49.98;49.98;49.98;10934;1000;0.0;0;1.0000;0;0
600;2013-11-06 13:10:00;172602N232;1611;3.965;33;224;225;225;221;2.409;49.99;317.7;2.673;375.1;2.094;0.0;0.000;60;0;0;2.375;2.461;2.392;532;551;526;49.99;49.99;49.99;10934;1000;0.0;0;1.0000;0;0
600;2013-11-06 13:20:00;172602N232;1574;4.227;34;224;224;225;223;2.361;49.97;366.4;2.688;316.7;1.986;0.0;0.000;60;0;0;2.315;2.401;2.367;514;535;523;49.97;49.97;49.97;10934;1000;0.0;0;1.0000;0;0
600;2013-11-06 13:30:00;172602N232;1120;4.414;34;224;224;224;223;1.702;49.99;407.8;2.014;356.6;0.868;0.0;0.000;60;0;0;1.664;1.725;1.717;364;379;375;49.99;49.99;49.99;10934;1000;0.0;0;1.0000;0;0
600;2013-11-06 13:40:00;172602N232;472;4.493;35;223;223;223;223;1.012;49.99;405.2;0.675;413.4;0.438;0.0;0.000;60;0;0;1.046;1.005;0.987;147;167;156;49.99;49.99;49.99;10934;1000;0.0;0;1.0000;0;0
600;2013-11-06 13:50:00;172602N232;541;4.583;35;223;225;224;222;1.206;49.99;413.8;0.825;424.1;0.430;0.0;0.000;60;0;0;1.309;1.192;1.118;167;194;179;49.99;49.99;49.99;10934;1000;0.0;0;1.0000;0;0
600;2013-11-06 14:00:00;172602N232;423;4.654;34;224;225;224;223;1.198;49.96;413.7;0.634;423.2;0.340;0.0;0.000;60;0;0;1.353;1.180;1.062;118;163;139;49.96;49.96;49.96;10934;1000;0.0;0;1.0000;0;0
600;2013-11-06 14:10:00;172602N232;252;4.696;34;223;223;223;223;1.053;49.97;408.2;0.337;414.3;0.240;0.0;0.000;60;0;0;1.174;1.082;0.904;72;102;75;49.97;49.97;49.97;10934;1000;0.0;0;1.0000;0;0
600;2013-11-06 14:20:00;172602N232;424;4.767;34;224;224;223;225;1.038;49.97;417.8;0.638;430.5;0.322;0.0;0.000;60;0;0;1.033;1.050;1.032;126;162;134;49.97;49.97;49.97;10934;1000;0.0;0;1.0000;0;0
600;2013-11-06 14:30:00;172602N232;669;4.879;33;224;226;223;225;1.163;49.98;415.7;1.315;460.9;0.242;0.0;0.000;60;0;0;1.156;1.177;1.158;213;231;223;49.98;49.98;49.98;10934;1000;0.0;0;1.0000;0;0
600;2013-11-06 14:40:00;172602N232;752;5.004;33;223;225;223;223;1.214;49.98;363.2;1.389;282.5;0.951;0.0;0.000;60;0;0;1.226;1.211;1.206;245;253;252;49.98;49.98;49.98;10934;1000;0.0;0;1.0000;0;0
600;2013-11-06 14:50:00;172602N232;584;5.102;33;223;225;222;223;0.976;49.98;297.2;1.162;283.3;0.888;0.0;0.000;60;0;0;0.949;0.999;0.981;186;200;196;49.98;49.98;49.98;10934;1000;0.0;0;1.0000;0;0
600;2013-11-06 15:00:00;172602N232;425;5.172;33;224;225;222;224;1.051;49.98;260.1;0.778;383.5;0.589;0.0;0.000;60;0;0;1.101;1.046;1.007;128;161;134;49.98;49.98;49.98;10934;1000;0.0;0;1.0000;0;0
600;2013-11-06 15:10:00;172602N232;276;5.218;33;224;224;223;223;1.168;49.98;327.2;0.285;364.1;0.508;0.0;0.000;60;0;0;1.430;1.169;0.907;69;122;83;49.98;49.98;49.98;10934;1000;0.0;0;1.0000;0;0
600;2013-11-06 15:20:00;172602N232;179;5.248;33;223;224;224;223;0.997;49.97;402.9;0.145;389.2;0.273;0.0;0.000;60;0;0;1.223;0.963;0.805;31;82;65;49.97;49.97;49.97;10934;1000;0.0;0;1.0000;0;0
600;2013-11-06 15:30:00;172602N232;98;5.265;32;224;224;225;223;0.857;49.96;382.4;0.097;390.0;0.119;0.0;0.000;60;0;0;1.065;0.840;0.667;7;41;50;49.96;49.96;49.96;10934;1000;0.0;0;1.0000;0;0
600;2013-11-06 15:40:00;172602N232;293;5.314;32;223;224;224;222;1.030;49.96;407.4;0.304;428.1;0.358;0.0;0.000;60;0;0;1.121;1.064;0.906;72;109;110;49.96;49.96;49.96;10934;1000;0.0;0;1.0000;0;0
600;2013-11-06 15:50:00;172602N232;180;5.346;32;222;223;223;221;1.025;50.00;398.2;0.200;408.8;0.210;0.0;0.000;60;0;0;1.269;0.981;0.827;24;78;78;50.00;50.00;50.00;10934;1000;0.0;0;1.0000;0;0
600;2013-11-06 16:00:00;172602N232;49;5.354;31;222;223;222;221;0.633;49.98;342.5;0.044;359.4;0.050;0.0;0.000;60;0;0;0.841;0.543;0.515;0;30;35;49.98;49.98;49.98;10934;1000;0.0;0;1.0000;0;0
600;2013-11-06 16:10:00;172602N232;4;5.354;31;220;222;221;219;0.199;49.97;253.4;0.000;266.4;0.001;0.0;0.000;60;0;0;0.309;0.164;0.124;0;8;7;49.97;49.97;49.97;10934;1000;0.0;0;1.0000;0;0
600;2013-11-06 16:20:00;172602N232;0;5.354;30;220;221;221;219;0.000;49.98;279.8;0.000;279.1;0.000;0.0;0.000;50;0;0;0.001;0.000;0.000;0;0;0;49.98;49.98;49.98;10934;1000;0.0;0;1.0000;0;0
600;2013-11-06 16:30:00;172602N232;0;5.354;28;221;221;223;219;0.000;49.96;233.5;0.000;234.5;0.000;0.0;0.000;50;0;0;0.000;0.000;0.000;0;0;0;49.96;49.96;49.96;10934;1000;0.0;0;1.0000;0;0
600;2013-11-06 16:40:00;172602N232;0;5.354;27;224;223;226;223;0.000;49.97;228.3;0.000;229.3;0.000;0.0;0.000;50;0;0;0.000;0.000;0.000;0;0;0;49.97;49.97;49.97;10934;1000;0.0;0;1.0000;0;0
[wr_ende]
