20130219;230002;172602N232;My Plant;+0100
[wr_def_start]
172602N232;Inverter Type;Inverter Group;72602N232      
[wr_def_end]
[wr]
INTERVAL;TIMESTAMP;SERIAL;P_AC;E_DAY;T_WR;U_AC;U_AC_1;U_AC_2;U_AC_3;I_AC;F_AC;U_DC_1;I_DC_1;U_DC_2;I_DC_2;U_DC_3;I_DC_3;S;E_WR;M_WR;I_AC_1;I_AC_2;I_AC_3;P_AC_1;P_AC_2;P_AC_3;F_AC_1;F_AC_2;F_AC_3;R_DC;PC;PCS;PCS_LL;COS_PHI;COS_PHI_LL;S_COS_PHI
600;2013-02-19 07:10:00;172602N232;0;0.000;0;2;2;2;2;0.000;0.58;2.6;0.000;2.6;0.000;0.0;0.000;50;0;0;0.000;0.000;0.000;0;0;0;0.58;0.58;0.58;103;1000;0.0;0;1.0000;0;0
600;2013-02-19 07:20:00;172602N232;0;0.000;12;220;220;221;218;0.000;50.00;226.9;0.000;227.8;0.000;0.0;0.000;50;0;0;0.000;0.000;0.000;0;0;0;50.00;50.00;50.00;0;1000;0.0;0;1.0000;0;0
600;2013-02-19 07:30:00;172602N232;0;0.000;14;219;219;221;218;0.000;49.99;228.5;0.000;229.4;0.000;0.0;0.000;50;0;0;0.000;0.000;0.000;0;0;0;49.99;49.99;49.99;0;1000;0.0;0;1.0000;0;0
600;2013-02-19 07:40:00;172602N232;0;0.000;15;220;220;222;218;0.000;49.99;236.1;0.000;237.0;0.000;0.0;0.000;50;0;0;0.000;0.000;0.000;0;0;0;49.99;49.99;49.99;0;1000;0.0;0;1.0000;0;0
600;2013-02-19 07:50:00;172602N232;0;0.000;15;220;220;222;219;0.000;49.99;252.4;0.000;253.0;0.000;0.0;0.000;50;0;0;0.000;0.000;0.000;0;0;0;49.99;49.99;49.99;0;1000;0.0;0;1.0000;0;0
600;2013-02-19 08:00:00;172602N232;5;0.000;15;221;222;223;219;0.110;50.02;289.8;0.001;290.9;0.002;0.0;0.000;60;0;0;0.144;0.099;0.089;0;5;5;50.02;50.02;50.02;5066;1000;0.0;0;1.0000;0;0
600;2013-02-19 08:10:00;172602N232;38;0.009;16;221;221;221;220;0.501;49.99;360.9;0.033;370.1;0.033;0.0;0.000;60;0;0;0.620;0.478;0.407;0;27;20;49.99;49.99;49.99;9025;1000;0.0;0;1.0000;0;0
600;2013-02-19 08:20:00;172602N232;37;0.015;16;220;220;221;219;0.528;49.99;364.1;0.031;368.9;0.030;0.0;0.000;60;0;0;0.603;0.611;0.372;3;11;24;49.99;49.99;49.99;9025;1000;0.0;0;1.0000;0;0
600;2013-02-19 08:30:00;172602N232;48;0.024;17;220;221;220;220;0.591;49.99;376.4;0.045;379.7;0.043;0.0;0.000;60;0;0;0.735;0.504;0.536;2;32;20;49.99;49.99;49.99;9025;1000;0.0;0;1.0000;0;0
600;2013-02-19 08:40:00;172602N232;76;0.037;17;221;221;221;220;0.736;50.01;395.1;0.078;396.4;0.077;0.0;0.000;60;0;0;0.962;0.664;0.584;4;40;34;50.01;50.01;50.01;9025;1000;0.0;0;1.0000;0;0
600;2013-02-19 08:50:00;172602N232;133;0.057;18;221;221;221;221;0.944;50.00;413.8;0.147;411.9;0.143;0.0;0.000;60;0;0;1.174;0.866;0.793;12;68;51;50.00;50.00;50.00;9025;1000;0.0;0;1.0000;0;0
600;2013-02-19 09:00:00;172602N232;134;0.078;18;221;222;221;221;0.983;50.01;411.1;0.147;411.7;0.145;0.0;0.000;60;0;0;1.325;0.791;0.834;16;66;50;50.01;50.01;50.01;9025;1000;0.0;0;1.0000;0;0
600;2013-02-19 09:10:00;172602N232;154;0.104;19;221;222;222;220;0.996;50.01;416.9;0.170;416.1;0.166;0.0;0.000;60;0;0;1.373;0.826;0.790;11;71;71;50.01;50.01;50.01;9025;1000;0.0;0;1.0000;0;0
600;2013-02-19 09:20:00;172602N232;115;0.123;20;221;222;222;220;0.923;50.00;407.1;0.126;408.1;0.124;0.0;0.000;60;0;0;1.287;0.792;0.692;4;55;58;50.00;50.00;50.00;9025;1000;0.0;0;1.0000;0;0
600;2013-02-19 09:30:00;172602N232;137;0.146;20;220;220;221;220;0.887;50.01;413.6;0.151;413.4;0.147;0.0;0.000;60;0;0;0.962;0.964;0.737;20;53;62;50.01;50.01;50.01;9025;1000;0.0;0;1.0000;0;0
600;2013-02-19 09:40:00;172602N232;191;0.178;21;220;220;221;219;0.980;50.01;422.2;0.212;420.9;0.208;0.0;0.000;60;0;0;1.016;1.124;0.801;36;77;76;50.01;50.01;50.01;9025;1000;0.0;0;1.0000;0;0
600;2013-02-19 09:50:00;172602N232;213;0.214;21;220;220;220;220;1.018;50.03;427.8;0.236;422.1;0.234;0.0;0.000;60;0;0;1.134;1.040;0.880;42;86;83;50.03;50.03;50.03;9025;1000;0.0;0;1.0000;0;0
600;2013-02-19 10:00:00;172602N232;266;0.259;21;220;220;220;220;1.104;50.00;432.5;0.296;427.8;0.292;0.0;0.000;60;0;0;1.244;1.124;0.946;71;112;80;50.00;50.00;50.00;9025;1000;0.0;0;1.0000;0;0
600;2013-02-19 10:10:00;172602N232;239;0.299;21;219;220;219;219;1.059;50.00;425.3;0.267;424.4;0.265;0.0;0.000;60;0;0;1.247;1.127;0.803;56;109;71;50.00;50.00;50.00;9025;1000;0.0;0;1.0000;0;0
600;2013-02-19 10:20:00;172602N232;274;0.345;22;219;220;219;219;1.126;50.01;428.7;0.307;427.8;0.303;0.0;0.000;60;0;0;1.265;1.109;1.005;76;117;79;50.01;50.01;50.01;9025;1000;0.0;0;1.0000;0;0
600;2013-02-19 10:30:00;172602N232;346;0.403;22;219;219;219;219;1.082;50.00;435.1;0.387;431.3;0.384;0.0;0.000;60;0;0;1.148;1.094;1.004;103;131;111;50.00;50.00;50.00;9025;1000;0.0;0;1.0000;0;0
600;2013-02-19 10:40:00;172602N232;306;0.454;22;219;220;219;219;1.125;50.00;432.9;0.341;428.5;0.340;0.0;0.000;60;0;0;1.263;1.043;1.070;89;112;102;50.00;50.00;50.00;9025;1000;0.0;0;1.0000;0;0
600;2013-02-19 10:50:00;172602N232;325;0.508;22;220;220;220;219;1.064;50.01;435.4;0.360;429.4;0.361;0.0;0.000;60;0;0;1.167;1.066;0.959;98;125;100;50.01;50.01;50.01;9025;1000;0.0;0;1.0000;0;0
600;2013-02-19 11:00:00;172602N232;313;0.560;23;220;219;220;219;1.119;49.99;435.6;0.348;428.7;0.348;0.0;0.000;60;0;0;1.186;1.148;1.024;93;113;106;49.99;49.99;49.99;9025;1000;0.0;0;1.0000;0;0
600;2013-02-19 11:10:00;172602N232;294;0.610;23;220;219;221;219;1.097;50.00;431.8;0.328;427.9;0.327;0.0;0.000;60;0;0;1.183;1.141;0.967;92;105;95;50.00;50.00;50.00;9025;1000;0.0;0;1.0000;0;0
600;2013-02-19 11:20:00;172602N232;311;0.661;23;219;220;220;219;1.101;50.01;432.5;0.347;428.9;0.345;0.0;0.000;60;0;0;1.181;1.101;1.022;92;122;94;50.01;50.01;50.01;9025;1000;0.0;0;1.0000;0;0
600;2013-02-19 11:30:00;172602N232;329;0.716;23;219;219;220;219;1.082;50.00;430.2;0.371;429.7;0.365;0.0;0.000;60;0;0;1.133;1.176;0.938;102;121;104;50.00;50.00;50.00;9025;1000;0.0;0;1.0000;0;0
600;2013-02-19 11:40:00;172602N232;311;0.768;23;220;219;221;219;1.149;50.01;431.4;0.347;428.5;0.347;0.0;0.000;60;0;0;1.172;1.262;1.013;80;114;116;50.01;50.01;50.01;9025;1000;0.0;0;1.0000;0;0
600;2013-02-19 11:50:00;172602N232;411;0.837;23;220;219;221;219;1.150;50.01;436.4;0.461;431.9;0.455;0.0;0.000;60;0;0;1.169;1.226;1.056;126;146;137;50.01;50.01;50.01;9025;1000;0.0;0;1.0000;0;0
600;2013-02-19 12:00:00;172602N232;566;0.931;23;221;220;222;221;1.150;49.98;435.3;0.642;435.8;0.628;0.0;0.000;60;0;0;1.121;1.179;1.150;175;198;191;49.98;49.98;49.98;9025;1000;0.0;0;1.0000;0;0
600;2013-02-19 12:10:00;172602N232;571;1.027;24;221;222;222;221;0.994;50.00;444.4;0.635;436.8;0.641;0.0;0.000;60;0;0;0.947;1.037;1.000;177;200;192;50.00;50.00;50.00;9025;1000;0.0;0;1.0000;0;0
600;2013-02-19 12:20:00;172602N232;509;1.112;24;222;222;222;221;0.924;50.01;435.1;0.575;434.3;0.573;0.0;0.000;60;0;0;0.893;0.959;0.922;159;179;169;50.01;50.01;50.01;9025;1000;0.0;0;1.0000;0;0
600;2013-02-19 12:30:00;172602N232;876;1.259;24;221;221;222;221;1.375;50.01;445.9;1.006;444.3;0.952;0.0;0.000;60;0;0;1.337;1.407;1.381;281;301;292;50.01;50.01;50.01;9025;1000;0.0;0;1.0000;0;0
600;2013-02-19 12:40:00;172602N232;588;1.357;24;221;221;222;220;0.928;50.00;436.3;0.667;433.6;0.666;0.0;0.000;60;0;0;0.878;0.966;0.941;184;205;198;50.00;50.00;50.00;9025;1000;0.0;0;1.0000;0;0
600;2013-02-19 12:50:00;172602N232;619;1.459;25;221;221;222;220;0.976;50.01;441.9;0.695;435.7;0.698;0.0;0.000;60;0;0;0.924;1.018;0.988;193;216;208;50.01;50.01;50.01;9025;1000;0.0;0;1.0000;0;0
600;2013-02-19 13:00:00;172602N232;630;1.565;25;220;220;222;220;0.991;49.98;438.2;0.717;435.7;0.707;0.0;0.000;60;0;0;0.936;1.035;1.003;197;220;211;49.98;49.98;49.98;9025;1000;0.0;0;1.0000;0;0
600;2013-02-19 13:10:00;172602N232;459;1.641;25;220;220;221;218;1.015;50.00;438.2;0.517;430.8;0.516;0.0;0.000;60;0;0;0.986;1.065;0.995;129;164;164;50.00;50.00;50.00;9025;1000;0.0;0;1.0000;0;0
600;2013-02-19 13:20:00;172602N232;593;1.741;25;220;221;222;218;1.151;50.01;438.3;0.669;435.9;0.669;0.0;0.000;60;0;0;1.292;1.109;1.053;198;202;191;50.01;50.01;50.01;9025;1000;0.0;0;1.0000;0;0
600;2013-02-19 13:30:00;172602N232;422;1.811;25;220;221;222;218;0.989;49.99;436.8;0.475;430.9;0.473;0.0;0.000;60;0;0;0.997;1.020;0.952;127;151;142;49.99;49.99;49.99;9025;1000;0.0;0;1.0000;0;0
600;2013-02-19 13:40:00;172602N232;407;1.879;25;220;221;221;219;1.075;49.99;436.9;0.456;432.3;0.453;0.0;0.000;60;0;0;1.045;1.138;1.043;119;148;137;49.99;49.99;49.99;9025;1000;0.0;0;1.0000;0;0
600;2013-02-19 13:50:00;172602N232;551;1.971;25;221;221;222;219;1.126;50.02;443.3;0.618;436.5;0.615;0.0;0.000;60;0;0;1.186;1.116;1.078;178;190;182;50.02;50.02;50.02;9025;1000;0.0;0;1.0000;0;0
600;2013-02-19 14:00:00;172602N232;426;2.042;25;221;222;221;220;0.687;50.02;436.5;0.479;431.3;0.479;0.0;0.000;60;0;0;0.639;0.723;0.701;130;150;143;50.02;50.02;50.02;9025;1000;0.0;0;1.0000;0;0
600;2013-02-19 14:10:00;172602N232;400;2.109;25;220;221;221;219;1.060;50.01;435.5;0.450;431.7;0.446;0.0;0.000;60;0;0;1.083;1.091;1.007;116;149;134;50.01;50.01;50.01;9025;1000;0.0;0;1.0000;0;0
600;2013-02-19 14:20:00;172602N232;368;2.170;25;220;222;221;218;1.129;50.00;432.7;0.415;430.3;0.410;0.0;0.000;60;0;0;1.246;1.132;1.009;102;140;124;50.00;50.00;50.00;9025;1000;0.0;0;1.0000;0;0
600;2013-02-19 14:30:00;172602N232;573;2.266;25;221;222;222;218;1.024;49.99;442.8;0.643;437.2;0.639;0.0;0.000;60;0;0;1.035;1.055;0.984;179;202;190;49.99;49.99;49.99;9025;1000;0.0;0;1.0000;0;0
600;2013-02-19 14:40:00;172602N232;506;2.351;25;221;222;221;220;1.015;50.01;439.9;0.569;434.7;0.566;0.0;0.000;60;0;0;1.049;1.020;0.977;159;176;169;50.01;50.01;50.01;9025;1000;0.0;0;1.0000;0;0
600;2013-02-19 14:50:00;172602N232;285;2.399;25;221;222;222;219;0.966;50.02;428.3;0.320;424.3;0.317;0.0;0.000;60;0;0;1.112;0.937;0.849;70;105;107;50.02;50.02;50.02;9025;1000;0.0;0;1.0000;0;0
600;2013-02-19 15:00:00;172602N232;315;2.451;25;221;222;223;220;1.135;50.01;433.4;0.352;428.1;0.351;0.0;0.000;60;0;0;1.280;1.126;1.001;88;116;109;50.01;50.01;50.01;9025;1000;0.0;0;1.0000;0;0
600;2013-02-19 15:10:00;172602N232;315;2.504;25;222;222;222;220;1.157;50.00;426.5;0.356;428.1;0.353;0.0;0.000;60;0;0;1.307;1.146;1.018;84;117;111;50.00;50.00;50.00;9025;1000;0.0;0;1.0000;0;0
600;2013-02-19 15:20:00;172602N232;362;2.565;25;222;222;222;221;1.166;49.99;433.5;0.409;431.7;0.400;0.0;0.000;60;0;0;1.257;1.137;1.106;102;133;125;49.99;49.99;49.99;9025;1000;0.0;0;1.0000;0;0
600;2013-02-19 15:30:00;172602N232;221;2.601;25;222;222;222;222;1.032;49.98;424.4;0.248;421.6;0.241;0.0;0.000;60;0;0;1.169;1.039;0.888;53;86;80;49.98;49.98;49.98;9025;1000;0.0;0;1.0000;0;0
600;2013-02-19 15:40:00;172602N232;220;2.639;25;222;222;222;222;1.010;49.97;422.4;0.246;421.7;0.243;0.0;0.000;60;0;0;1.091;1.095;0.844;56;87;75;49.97;49.97;49.97;9025;1000;0.0;0;1.0000;0;0
600;2013-02-19 15:50:00;172602N232;203;2.672;25;222;222;223;222;0.969;49.99;418.5;0.227;419.5;0.225;0.0;0.000;60;0;0;1.043;1.087;0.777;44;81;76;49.99;49.99;49.99;9025;1000;0.0;0;1.0000;0;0
600;2013-02-19 16:00:00;172602N232;195;2.705;25;223;223;224;222;0.978;50.01;421.2;0.218;419.6;0.214;0.0;0.000;60;0;0;1.067;1.114;0.753;32;81;80;50.01;50.01;50.01;9025;1000;0.0;0;1.0000;0;0
600;2013-02-19 16:10:00;172602N232;113;2.724;24;222;224;224;220;0.959;50.02;402.5;0.126;404.4;0.120;0.0;0.000;60;0;0;1.341;0.816;0.721;7;47;65;50.02;50.02;50.02;9025;1000;0.0;0;1.0000;0;0
600;2013-02-19 16:20:00;172602N232;108;2.742;24;222;224;224;218;0.903;50.02;395.0;0.118;397.7;0.115;0.0;0.000;60;0;0;1.310;0.755;0.645;0;59;59;50.02;50.02;50.02;9025;1000;0.0;0;1.0000;0;0
600;2013-02-19 16:30:00;172602N232;76;2.755;24;222;224;223;220;0.898;50.00;392.2;0.080;394.0;0.079;0.0;0.000;60;0;0;1.335;0.699;0.660;0;46;48;50.00;50.00;50.00;9025;1000;0.0;0;1.0000;0;0
600;2013-02-19 16:40:00;172602N232;99;2.772;24;222;223;223;221;0.906;50.01;397.8;0.110;396.2;0.105;0.0;0.000;60;0;0;1.303;0.737;0.680;1;53;51;50.01;50.01;50.01;9025;1000;0.0;0;1.0000;0;0
600;2013-02-19 16:50:00;172602N232;4;2.773;24;222;222;222;220;0.133;49.99;265.0;0.001;257.9;0.002;0.0;0.000;60;0;0;0.192;0.118;0.091;0;3;5;49.99;49.99;49.99;9025;1000;0.0;0;1.0000;0;0
600;2013-02-19 17:00:00;172602N232;0;2.773;23;221;222;223;219;0.000;50.03;296.1;0.000;294.6;0.000;0.0;0.000;60;0;0;0.002;0.000;0.000;0;0;0;50.03;50.03;50.03;9363;1000;0.0;0;1.0000;0;0
600;2013-02-19 17:10:00;172602N232;0;2.773;22;221;221;221;220;0.006;50.01;290.6;0.000;289.4;0.000;0.0;0.000;50;0;0;0.018;0.000;0.001;0;0;0;50.01;50.01;50.01;10274;1000;0.0;0;1.0000;0;0
600;2013-02-19 17:20:00;172602N232;0;2.773;21;220;221;221;217;0.000;49.98;243.1;0.000;244.1;0.000;0.0;0.000;50;0;0;0.000;0.000;0.000;0;0;0;49.98;49.98;49.98;10378;1000;0.0;0;1.0000;0;0
600;2013-02-19 17:30:00;172602N232;0;2.773;20;219;220;220;217;0.000;49.98;232.1;0.000;233.0;0.000;0.0;0.000;50;0;0;0.000;0.000;0.000;0;0;0;49.98;49.98;49.98;10378;1000;0.0;0;1.0000;0;0
600;2013-02-19 17:40:00;172602N232;0;2.773;20;219;220;219;217;0.000;49.96;227.6;0.000;228.5;0.000;0.0;0.000;50;0;0;0.000;0.000;0.000;0;0;0;49.96;49.96;49.96;10378;1000;0.0;0;1.0000;0;0
600;2013-02-19 17:50:00;172602N232;0;2.773;20;218;219;219;216;0.000;49.97;220.9;0.000;221.8;0.000;0.0;0.000;50;0;0;0.000;0.000;0.000;0;0;0;49.97;49.97;49.97;10378;1000;0.0;0;1.0000;0;0
[wr_ende]
