20160810;230002;172602N232;My Plant;+0100
[wr_def_start]
172602N232;Inverter Type;Inverter Group;72602N232      
[wr_def_end]
[wr]
INTERVAL;TIMESTAMP;SERIAL;P_AC;E_DAY;T_WR;U_AC;U_AC_1;U_AC_2;U_AC_3;I_AC;F_AC;U_DC_1;I_DC_1;U_DC_2;I_DC_2;U_DC_3;I_DC_3;S;E_WR;M_WR;I_AC_1;I_AC_2;I_AC_3;P_AC_1;P_AC_2;P_AC_3;F_AC_1;F_AC_2;F_AC_3;R_DC;PC;PCS;PCS_LL;COS_PHI;COS_PHI_LL;S_COS_PHI
600;2016-08-10 04:40:00;172602N232;0;0.000;0;4;4;4;4;0.000;1.00;4.5;0.000;4.5;0.000;0.0;0.000;50;0;0;0.000;0.000;0.000;0;0;0;1.00;1.00;1.00;15;1000;0.0;0;1.0000;0;0
600;2016-08-10 04:50:00;172602N232;0;0.000;26;227;227;230;224;0.000;50.01;228.9;0.000;229.8;0.000;0.0;0.000;50;0;0;0.000;0.000;0.000;0;0;0;50.01;50.01;50.01;0;1000;0.0;0;1.0000;0;0
600;2016-08-10 05:00:00;172602N232;0;0.000;27;227;227;230;224;0.000;50.00;242.5;0.000;243.4;0.000;0.0;0.000;50;0;0;0.000;0.000;0.000;0;0;0;50.00;50.00;50.00;0;1000;0.0;0;1.0000;0;0
600;2016-08-10 05:10:00;172602N232;0;0.000;27;227;227;229;225;0.001;50.00;291.0;0.000;289.5;0.000;0.0;0.000;60;0;0;0.002;0.001;0.001;0;0;0;50.00;50.00;50.00;3179;1000;0.0;0;1.0000;0;0
600;2016-08-10 05:20:00;172602N232;3;0.001;28;227;227;228;225;0.133;50.01;269.9;0.000;269.9;0.000;0.0;0.000;60;0;0;0.139;0.149;0.113;0;2;6;50.01;50.01;50.01;4726;1000;0.0;0;1.0000;0;0
600;2016-08-10 05:30:00;172602N232;14;0.006;28;226;226;227;224;0.343;49.98;295.2;0.006;271.2;0.008;0.0;0.000;60;0;0;0.424;0.335;0.270;0;9;17;49.98;49.98;49.98;4814;1000;0.0;0;1.0000;0;0
600;2016-08-10 05:40:00;172602N232;32;0.011;28;225;225;226;224;0.544;49.99;343.3;0.027;341.3;0.024;0.0;0.000;60;0;0;0.643;0.625;0.365;4;11;24;49.99;49.99;49.99;4814;1000;0.0;0;1.0000;0;0
600;2016-08-10 05:50:00;172602N232;64;0.020;29;225;225;226;225;0.713;49.99;379.0;0.068;382.3;0.058;0.0;0.000;60;0;0;0.776;0.782;0.582;11;21;31;49.99;49.99;49.99;4814;1000;0.0;0;1.0000;0;0
600;2016-08-10 06:00:00;172602N232;132;0.041;29;225;225;227;224;0.993;50.00;405.1;0.157;398.1;0.132;0.0;0.000;60;0;0;1.026;1.200;0.755;26;36;68;50.00;50.00;50.00;4814;1000;0.0;0;1.0000;0;0
600;2016-08-10 06:10:00;172602N232;124;0.060;29;225;225;226;225;0.978;49.99;405.9;0.148;399.3;0.124;0.0;0.000;60;0;0;1.082;1.048;0.805;21;38;63;49.99;49.99;49.99;4814;1000;0.0;0;1.0000;0;0
600;2016-08-10 06:20:00;172602N232;122;0.081;30;224;224;225;223;0.962;50.01;407.5;0.147;391.1;0.121;0.0;0.000;60;0;0;1.223;0.903;0.762;17;51;53;50.01;50.01;50.01;4814;1000;0.0;0;1.0000;0;0
600;2016-08-10 06:30:00;172602N232;134;0.104;30;223;223;223;223;0.941;50.01;408.4;0.156;406.0;0.134;0.0;0.000;60;0;0;1.183;0.858;0.783;22;61;49;50.01;50.01;50.01;4814;1000;0.0;0;1.0000;0;0
600;2016-08-10 06:40:00;172602N232;180;0.134;30;222;223;221;222;1.034;49.99;412.2;0.213;409.5;0.187;0.0;0.000;60;0;0;1.401;0.873;0.830;23;93;63;49.99;49.99;49.99;4814;1000;0.0;0;1.0000;0;0
600;2016-08-10 06:50:00;172602N232;485;0.215;31;222;223;222;222;0.807;49.99;427.1;0.585;430.7;0.520;0.0;0.000;60;0;0;0.765;0.838;0.820;149;169;165;49.99;49.99;49.99;4814;1000;0.0;0;1.0000;0;0
600;2016-08-10 07:00:00;172602N232;295;0.264;31;223;223;223;222;1.137;49.98;423.6;0.363;412.4;0.308;0.0;0.000;60;0;0;1.316;1.118;0.978;92;111;90;49.98;49.98;49.98;4814;1000;0.0;0;1.0000;0;0
600;2016-08-10 07:10:00;172602N232;357;0.325;31;223;224;224;222;1.020;49.98;431.1;0.438;410.2;0.378;0.0;0.000;60;0;0;1.067;1.013;0.980;105;123;127;49.98;49.98;49.98;4814;1000;0.0;0;1.0000;0;0
600;2016-08-10 07:20:00;172602N232;420;0.396;32;223;223;224;222;0.933;50.01;428.2;0.530;410.5;0.442;0.0;0.000;60;0;0;0.953;0.953;0.893;127;148;143;50.01;50.01;50.01;4814;1000;0.0;0;1.0000;0;0
600;2016-08-10 07:30:00;172602N232;626;0.499;32;223;223;224;222;0.981;50.00;445.4;0.764;423.8;0.647;0.0;0.000;60;0;0;0.932;1.021;0.992;195;218;210;50.00;50.00;50.00;4814;1000;0.0;0;1.0000;0;0
600;2016-08-10 07:40:00;172602N232;732;0.621;33;222;222;224;220;1.144;49.99;440.4;0.905;431.2;0.752;0.0;0.000;60;0;0;1.090;1.195;1.149;230;256;244;49.99;49.99;49.99;4814;1000;0.0;0;1.0000;0;0
600;2016-08-10 07:50:00;172602N232;816;0.758;33;223;222;225;220;1.264;50.01;440.8;1.021;424.5;0.845;0.0;0.000;60;0;0;1.213;1.313;1.266;259;285;270;50.01;50.01;50.01;4814;1000;0.0;0;1.0000;0;0
600;2016-08-10 08:00:00;172602N232;924;0.911;34;222;222;224;221;1.422;50.00;434.0;1.143;421.3;1.004;0.0;0.000;60;0;0;1.377;1.463;1.428;296;320;307;50.00;50.00;50.00;4814;1000;0.0;0;1.0000;0;0
600;2016-08-10 08:10:00;172602N232;999;1.079;34;222;221;223;222;1.531;50.00;432.3;1.229;433.5;1.071;0.0;0.000;60;0;0;1.478;1.573;1.543;319;344;334;50.00;50.00;50.00;4814;1000;0.0;0;1.0000;0;0
600;2016-08-10 08:20:00;172602N232;970;1.240;34;222;221;225;222;1.487;50.00;428.3;1.181;436.2;1.054;0.0;0.000;60;0;0;1.429;1.535;1.498;306;338;324;50.00;50.00;50.00;4814;1000;0.0;0;1.0000;0;0
600;2016-08-10 08:30:00;172602N232;924;1.395;35;222;222;224;222;1.421;50.01;427.6;1.108;434.2;1.023;0.0;0.000;60;0;0;1.367;1.466;1.431;293;320;309;50.01;50.01;50.01;4814;1000;0.0;0;1.0000;0;0
600;2016-08-10 08:40:00;172602N232;834;1.533;35;222;222;224;222;1.291;50.00;427.1;0.990;431.3;0.935;0.0;0.000;60;0;0;1.241;1.331;1.301;265;288;279;50.00;50.00;50.00;4814;1000;0.0;0;1.0000;0;0
600;2016-08-10 08:50:00;172602N232;716;1.653;35;222;221;223;221;1.129;50.01;428.1;0.839;426.7;0.818;0.0;0.000;60;0;0;1.084;1.169;1.136;226;248;240;50.01;50.01;50.01;4814;1000;0.0;0;1.0000;0;0
600;2016-08-10 09:00:00;172602N232;741;1.777;36;221;221;223;220;1.191;50.00;419.3;0.885;426.9;0.851;0.0;0.000;60;0;0;1.180;1.211;1.182;237;255;247;50.00;50.00;50.00;4814;1000;0.0;0;1.0000;0;0
600;2016-08-10 09:10:00;172602N232;617;1.879;36;221;219;223;219;0.982;49.99;422.9;0.732;424.5;0.702;0.0;0.000;60;0;0;0.920;1.039;0.987;190;218;206;49.99;49.99;49.99;4814;1000;0.0;0;1.0000;0;0
600;2016-08-10 09:20:00;172602N232;485;1.960;36;220;219;222;219;0.791;50.01;419.2;0.579;422.7;0.547;0.0;0.000;60;0;0;0.732;0.838;0.803;147;172;164;50.01;50.01;50.01;4814;1000;0.0;0;1.0000;0;0
600;2016-08-10 09:30:00;172602N232;572;2.056;36;224;223;226;224;0.931;50.02;423.8;0.675;424.2;0.651;0.0;0.000;60;0;0;0.888;0.970;0.935;177;201;192;50.02;50.02;50.02;4814;1000;0.0;0;1.0000;0;0
600;2016-08-10 09:40:00;172602N232;581;2.153;36;224;223;227;223;1.112;50.01;425.8;0.681;425.2;0.660;0.0;0.000;60;0;0;0.979;1.203;1.155;176;207;195;50.01;50.01;50.01;4814;1000;0.0;0;1.0000;0;0
600;2016-08-10 09:50:00;172602N232;644;2.261;36;224;223;227;223;1.002;50.00;426.7;0.758;427.6;0.728;0.0;0.000;60;0;0;0.937;1.056;1.014;198;228;216;50.00;50.00;50.00;4814;1000;0.0;0;1.0000;0;0
600;2016-08-10 10:00:00;172602N232;815;2.396;36;224;223;226;224;1.265;50.00;430.9;0.956;432.3;0.917;0.0;0.000;60;0;0;1.205;1.320;1.272;256;284;273;50.00;50.00;50.00;4814;1000;0.0;0;1.0000;0;0
600;2016-08-10 10:10:00;172602N232;1043;2.571;36;224;224;225;224;1.586;49.99;432.5;1.223;433.2;1.178;0.0;0.000;60;0;0;1.543;1.619;1.598;336;356;349;49.99;49.99;49.99;4814;1000;0.0;0;1.0000;0;0
600;2016-08-10 10:20:00;172602N232;1497;2.820;36;225;226;227;223;2.247;49.99;433.5;1.768;435.0;1.689;0.0;0.000;60;0;0;2.212;2.300;2.229;490;515;490;49.99;49.99;49.99;4814;1000;0.0;0;1.0000;0;0
600;2016-08-10 10:30:00;172602N232;2051;3.162;37;226;226;228;225;3.044;49.99;426.1;2.534;436.1;2.255;0.0;0.000;60;0;0;2.999;3.100;3.034;671;701;678;49.99;49.99;49.99;4814;1000;0.0;0;1.0000;0;0
600;2016-08-10 10:40:00;172602N232;2072;3.508;37;226;226;228;224;3.076;50.00;422.2;2.581;434.8;2.288;0.0;0.000;60;0;0;3.022;3.148;3.059;676;713;682;50.00;50.00;50.00;4814;1000;0.0;0;1.0000;0;0
600;2016-08-10 10:50:00;172602N232;1788;3.806;37;226;226;229;224;2.657;50.01;419.0;2.219;428.5;2.021;0.0;0.000;60;0;0;2.604;2.726;2.643;582;617;587;50.01;50.01;50.01;4814;1000;0.0;0;1.0000;0;0
600;2016-08-10 11:00:00;172602N232;1267;4.017;37;225;225;227;222;1.935;49.99;425.6;1.537;429.6;1.428;0.0;0.000;60;0;0;1.901;1.983;1.922;411;439;415;49.99;49.99;49.99;4814;1000;0.0;0;1.0000;0;0
600;2016-08-10 11:10:00;172602N232;764;4.145;38;225;225;228;221;1.180;50.00;422.9;0.914;423.7;0.871;0.0;0.000;60;0;0;1.132;1.235;1.173;242;269;251;50.00;50.00;50.00;4814;1000;0.0;0;1.0000;0;0
600;2016-08-10 11:20:00;172602N232;521;4.231;38;225;225;228;223;0.820;50.01;415.2;0.630;417.7;0.597;0.0;0.000;60;0;0;0.763;0.873;0.826;159;186;174;50.01;50.01;50.01;4814;1000;0.0;0;1.0000;0;0
600;2016-08-10 11:30:00;172602N232;405;4.299;38;225;224;227;224;1.105;50.01;416.4;0.479;418.9;0.457;0.0;0.000;60;0;0;1.089;1.185;1.043;123;143;136;50.01;50.01;50.01;4814;1000;0.0;0;1.0000;0;0
600;2016-08-10 11:40:00;172602N232;1174;4.495;38;226;225;229;224;1.764;50.02;424.0;1.388;434.0;1.336;0.0;0.000;60;0;0;1.692;1.832;1.769;372;411;389;50.02;50.02;50.02;4814;1000;0.0;0;1.0000;0;0
600;2016-08-10 11:50:00;172602N232;1420;4.732;38;226;224;229;224;2.131;50.01;430.3;1.687;432.0;1.596;0.0;0.000;60;0;0;2.058;2.210;2.127;454;496;469;50.01;50.01;50.01;4814;1000;0.0;0;1.0000;0;0
600;2016-08-10 12:00:00;172602N232;956;4.891;38;225;224;229;223;1.458;50.00;425.9;1.125;427.1;1.107;0.0;0.000;60;0;0;1.396;1.519;1.459;301;337;316;50.00;50.00;50.00;4814;1000;0.0;0;1.0000;0;0
600;2016-08-10 12:10:00;172602N232;1596;5.158;38;226;224;230;224;2.379;50.02;436.7;1.849;436.9;1.812;0.0;0.000;60;0;0;2.292;2.459;2.386;507;558;529;50.02;50.02;50.02;4814;1000;0.0;0;1.0000;0;0
600;2016-08-10 12:20:00;172602N232;2228;5.530;38;226;225;231;223;3.307;50.03;429.6;2.662;434.7;2.531;0.0;0.000;60;0;0;3.232;3.410;3.281;719;781;726;50.03;50.03;50.03;4814;1000;0.0;0;1.0000;0;0
600;2016-08-10 12:30:00;172602N232;1726;5.818;38;225;225;229;222;2.583;50.02;412.9;2.155;420.8;1.985;0.0;0.000;60;0;0;2.517;2.664;2.568;555;605;564;50.02;50.02;50.02;4814;1000;0.0;0;1.0000;0;0
600;2016-08-10 12:40:00;172602N232;1982;6.147;38;226;227;229;223;2.944;50.02;423.1;2.370;427.5;2.303;0.0;0.000;60;0;0;2.904;3.018;2.911;651;685;642;50.02;50.02;50.02;4814;1000;0.0;0;1.0000;0;0
600;2016-08-10 12:50:00;172602N232;3607;6.750;39;228;228;231;224;5.294;50.01;413.3;4.467;416.9;4.334;0.0;0.000;60;0;0;5.256;5.408;5.220;1194;1245;1167;50.01;50.01;50.01;4814;1000;0.0;0;1.0000;0;0
600;2016-08-10 13:00:00;172602N232;2122;7.104;39;226;227;228;223;3.152;50.02;405.8;2.717;409.1;2.547;0.0;0.000;60;0;0;3.113;3.231;3.113;697;735;687;50.02;50.02;50.02;4814;1000;0.0;0;1.0000;0;0
600;2016-08-10 13:10:00;172602N232;3449;7.679;39;227;228;229;224;5.050;50.03;415.7;4.210;417.1;4.169;0.0;0.000;60;0;0;5.040;5.164;4.947;1151;1191;1103;50.03;50.03;50.03;4814;1000;0.0;0;1.0000;0;0
600;2016-08-10 13:20:00;172602N232;1457;7.920;40;225;226;226;222;2.210;50.03;410.0;1.813;409.5;1.754;0.0;0.000;60;0;0;2.180;2.259;2.192;476;501;477;50.03;50.03;50.03;4814;1000;0.0;0;1.0000;0;0
600;2016-08-10 13:30:00;172602N232;4503;8.672;40;228;228;231;225;6.579;50.02;401.1;5.704;400.7;5.676;0.0;0.000;60;0;0;6.535;6.717;6.485;1489;1556;1458;50.02;50.02;50.02;4814;1000;0.0;0;1.0000;0;0
600;2016-08-10 13:40:00;172602N232;2067;9.016;41;226;226;228;224;3.064;50.02;410.5;2.549;409.2;2.513;0.0;0.000;60;0;0;3.031;3.125;3.037;679;709;675;50.02;50.02;50.02;4814;1000;0.0;0;1.0000;0;0
600;2016-08-10 13:50:00;172602N232;3983;9.680;41;228;229;231;226;5.805;50.01;396.8;5.109;396.5;5.085;0.0;0.000;60;0;0;5.770;5.927;5.718;1318;1373;1288;50.01;50.01;50.01;4814;1000;0.0;0;1.0000;0;0
600;2016-08-10 14:00:00;172602N232;2254;10.055;42;226;227;228;224;3.328;50.01;400.1;2.849;401.0;2.813;0.0;0.000;60;0;0;3.294;3.399;3.291;743;773;733;50.01;50.01;50.01;4814;1000;0.0;0;1.0000;0;0
600;2016-08-10 14:10:00;172602N232;1577;10.319;41;226;226;227;225;2.352;50.00;409.0;1.932;407.6;1.922;0.0;0.000;60;0;0;2.312;2.406;2.338;513;543;518;50.00;50.00;50.00;4814;1000;0.0;0;1.0000;0;0
600;2016-08-10 14:20:00;172602N232;2529;10.740;41;227;227;230;225;3.715;50.00;413.6;3.081;412.5;3.070;0.0;0.000;60;0;0;3.669;3.797;3.679;830;871;823;50.00;50.00;50.00;4814;1000;0.0;0;1.0000;0;0
600;2016-08-10 14:30:00;172602N232;4744;11.530;41;230;230;234;226;6.878;49.99;402.7;5.996;403.0;5.969;0.0;0.000;60;0;0;6.854;7.045;6.737;1577;1646;1518;49.99;49.99;49.99;4814;1000;0.0;0;1.0000;0;0
600;2016-08-10 14:40:00;172602N232;5073;12.377;42;230;231;235;226;7.340;50.01;391.6;6.602;391.5;6.585;0.0;0.000;60;0;0;7.302;7.524;7.195;1682;1765;1624;50.01;50.01;50.01;4814;1000;0.0;0;1.0000;0;0
600;2016-08-10 14:50:00;172602N232;2706;12.828;43;228;228;231;226;3.968;49.99;395.7;3.503;389.7;3.522;0.0;0.000;60;0;0;3.929;4.058;3.917;888;939;877;49.99;49.99;49.99;4814;1000;0.0;0;1.0000;0;0
600;2016-08-10 15:00:00;172602N232;3119;13.345;42;229;229;233;226;4.532;50.01;408.5;3.880;406.9;3.863;0.0;0.000;60;0;0;4.462;4.666;4.469;1018;1084;1007;50.01;50.01;50.01;4814;1000;0.0;0;1.0000;0;0
600;2016-08-10 15:10:00;172602N232;2960;13.839;42;229;228;234;226;4.308;50.00;398.1;3.739;397.8;3.722;0.0;0.000;60;0;0;4.227;4.449;4.249;961;1041;957;50.00;50.00;50.00;4814;1000;0.0;0;1.0000;0;0
600;2016-08-10 15:20:00;172602N232;4805;14.640;42;231;230;236;227;6.932;50.01;396.4;6.172;396.9;6.146;0.0;0.000;60;0;0;6.855;7.128;6.814;1574;1685;1545;50.01;50.01;50.01;4814;1000;0.0;0;1.0000;0;0
600;2016-08-10 15:30:00;172602N232;4785;15.439;43;231;231;236;226;6.909;50.00;391.3;6.228;391.4;6.208;0.0;0.000;60;0;0;6.874;7.096;6.759;1587;1671;1526;50.00;50.00;50.00;4814;1000;0.0;0;1.0000;0;0
600;2016-08-10 15:40:00;172602N232;4243;16.145;43;229;233;237;219;6.167;49.99;394.3;5.474;394.2;5.463;0.0;0.000;60;0;0;6.170;6.469;5.864;1432;1528;1280;49.99;49.99;49.99;4814;1000;0.0;0;1.0000;0;0
600;2016-08-10 15:50:00;172602N232;4359;16.873;43;230;232;237;220;6.325;49.99;396.6;5.593;396.7;5.573;0.0;0.000;60;0;0;6.299;6.644;6.034;1460;1576;1322;49.99;49.99;49.99;4814;1000;0.0;0;1.0000;0;0
600;2016-08-10 16:00:00;172602N232;4402;17.606;43;229;232;237;219;6.396;49.99;393.6;5.686;393.7;5.677;0.0;0.000;60;0;0;6.364;6.711;6.113;1472;1591;1337;49.99;49.99;49.99;4814;1000;0.0;0;1.0000;0;0
600;2016-08-10 16:10:00;172602N232;4252;18.315;44;229;232;236;220;6.185;50.01;407.4;5.249;393.6;5.541;0.0;0.000;60;0;0;6.177;6.459;5.920;1432;1524;1296;50.01;50.01;50.01;4814;1000;0.0;0;1.0000;0;0
600;2016-08-10 16:20:00;172602N232;3621;18.920;43;228;231;235;219;5.313;50.01;391.0;4.618;395.0;4.720;0.0;0.000;60;0;0;5.318;5.540;5.082;1215;1298;1107;50.01;50.01;50.01;4814;1000;0.0;0;1.0000;0;0
600;2016-08-10 16:30:00;172602N232;1737;19.210;43;226;228;232;218;2.690;50.02;392.4;2.167;402.3;2.165;0.0;0.000;60;0;0;2.694;2.806;2.572;576;626;536;50.02;50.02;50.02;4814;1000;0.0;0;1.0000;0;0
600;2016-08-10 16:40:00;172602N232;3496;19.792;43;227;231;235;215;5.137;50.01;398.4;4.379;408.2;4.394;0.0;0.000;60;0;0;5.154;5.416;4.841;1185;1269;1038;50.01;50.01;50.01;4814;1000;0.0;0;1.0000;0;0
600;2016-08-10 16:50:00;172602N232;3088;20.306;43;227;229;235;216;4.557;50.00;394.4;3.908;403.3;3.924;0.0;0.000;60;0;0;4.541;4.808;4.324;1035;1124;927;50.00;50.00;50.00;4814;1000;0.0;0;1.0000;0;0
600;2016-08-10 17:00:00;172602N232;3182;20.837;43;227;229;234;217;4.687;49.99;396.8;4.003;407.1;4.014;0.0;0.000;60;0;0;4.666;4.909;4.488;1065;1145;972;49.99;49.99;49.99;4814;1000;0.0;0;1.0000;0;0
600;2016-08-10 17:10:00;172602N232;3041;21.344;43;226;229;233;218;4.492;50.00;397.2;3.820;409.8;3.807;0.0;0.000;60;0;0;4.470;4.684;4.323;1018;1085;936;50.00;50.00;50.00;4814;1000;0.0;0;1.0000;0;0
600;2016-08-10 17:20:00;172602N232;2379;21.742;43;226;229;232;217;3.625;50.01;393.2;3.019;410.1;2.916;0.0;0.000;60;0;0;3.629;3.787;3.461;797;849;733;50.01;50.01;50.01;4814;1000;0.0;0;1.0000;0;0
600;2016-08-10 17:30:00;172602N232;2617;22.178;43;227;229;234;217;3.858;50.00;408.2;3.214;401.7;3.319;0.0;0.000;60;0;0;3.825;4.054;3.696;869;945;801;50.00;50.00;50.00;4814;1000;0.0;0;1.0000;0;0
600;2016-08-10 17:40:00;172602N232;2453;22.587;43;226;227;229;222;3.636;50.00;394.1;3.089;400.3;3.153;0.0;0.000;60;0;0;3.612;3.728;3.568;816;848;787;50.00;50.00;50.00;4814;1000;0.0;0;1.0000;0;0
600;2016-08-10 17:50:00;172602N232;1739;22.877;43;223;224;225;222;2.629;49.99;389.5;2.203;400.7;2.220;0.0;0.000;60;0;0;2.600;2.675;2.614;570;594;572;49.99;49.99;49.99;4814;1000;0.0;0;1.0000;0;0
600;2016-08-10 18:00:00;172602N232;1951;23.203;43;224;223;227;222;2.926;49.98;396.5;2.433;404.9;2.475;0.0;0.000;60;0;0;2.868;3.002;2.908;633;675;641;49.98;49.98;49.98;4814;1000;0.0;0;1.0000;0;0
600;2016-08-10 18:10:00;172602N232;1549;23.461;42;223;223;226;222;2.334;49.99;393.7;1.927;402.4;1.966;0.0;0.000;60;0;0;2.281;2.397;2.325;501;536;510;49.99;49.99;49.99;4814;1000;0.0;0;1.0000;0;0
600;2016-08-10 18:20:00;172602N232;1511;23.712;42;224;224;227;222;2.274;50.01;393.9;1.865;404.7;1.931;0.0;0.000;60;0;0;2.221;2.336;2.266;489;523;498;50.01;50.01;50.01;4814;1000;0.0;0;1.0000;0;0
600;2016-08-10 18:30:00;172602N232;1325;23.933;42;224;223;227;223;2.018;50.01;374.7;1.688;403.3;1.730;0.0;0.000;60;0;0;1.951;2.085;2.018;423;460;440;50.01;50.01;50.01;4814;1000;0.0;0;1.0000;0;0
600;2016-08-10 18:40:00;172602N232;903;24.085;42;224;224;226;221;1.532;50.00;327.2;1.219;401.9;1.278;0.0;0.000;60;0;0;1.497;1.603;1.496;285;314;302;50.00;50.00;50.00;4814;1000;0.0;0;1.0000;0;0
600;2016-08-10 18:50:00;172602N232;281;24.131;41;223;223;225;221;1.076;49.98;375.2;0.343;397.7;0.362;0.0;0.000;60;0;0;1.150;1.215;0.863;84;92;103;49.98;49.98;49.98;4814;1000;0.0;0;1.0000;0;0
600;2016-08-10 19:00:00;172602N232;568;24.227;41;224;224;226;223;1.036;49.99;405.8;0.556;405.8;0.829;0.0;0.000;60;0;0;1.033;0.988;1.088;180;193;193;49.99;49.99;49.99;4814;1000;0.0;0;1.0000;0;0
600;2016-08-10 19:10:00;172602N232;434;24.298;41;224;223;227;223;0.748;49.99;409.3;0.398;378.9;0.711;0.0;0.000;60;0;0;0.696;0.801;0.749;131;154;147;49.99;49.99;49.99;4814;1000;0.0;0;1.0000;0;0
600;2016-08-10 19:20:00;172602N232;370;24.360;40;224;224;226;223;1.029;50.00;394.9;0.413;431.0;0.450;0.0;0.000;60;0;0;1.030;1.100;0.959;109;128;132;50.00;50.00;50.00;4814;1000;0.0;0;1.0000;0;0
600;2016-08-10 19:30:00;172602N232;228;24.399;40;224;224;225;223;1.044;50.01;379.4;0.254;423.6;0.273;0.0;0.000;60;0;0;1.219;1.114;0.800;61;89;76;50.01;50.01;50.01;4814;1000;0.0;0;1.0000;0;0
600;2016-08-10 19:40:00;172602N232;163;24.426;40;225;225;226;223;1.062;50.01;373.0;0.175;421.4;0.196;0.0;0.000;60;0;0;1.451;1.013;0.722;32;64;65;50.01;50.01;50.01;4814;1000;0.0;0;1.0000;0;0
600;2016-08-10 19:50:00;172602N232;98;24.442;39;225;226;226;224;0.973;49.99;367.3;0.100;394.7;0.119;0.0;0.000;60;0;0;1.275;0.889;0.755;8;40;54;49.99;49.99;49.99;4814;1000;0.0;0;1.0000;0;0
600;2016-08-10 20:00:00;172602N232;81;24.456;39;225;225;226;224;0.960;49.99;354.8;0.085;386.9;0.098;0.0;0.000;60;0;0;1.332;0.815;0.735;0;40;50;49.99;49.99;49.99;4814;1000;0.0;0;1.0000;0;0
600;2016-08-10 20:10:00;172602N232;62;24.467;38;224;224;224;223;0.795;49.99;350.8;0.063;377.6;0.068;0.0;0.000;60;0;0;1.037;0.646;0.703;0;32;45;49.99;49.99;49.99;4814;1000;0.0;0;1.0000;0;0
600;2016-08-10 20:20:00;172602N232;13;24.470;38;222;222;223;221;0.325;50.00;273.2;0.006;285.5;0.009;0.0;0.000;60;0;0;0.399;0.352;0.224;3;5;13;50.00;50.00;50.00;4814;1000;0.0;0;1.0000;0;0
600;2016-08-10 20:30:00;172602N232;0;24.469;37;223;223;225;221;0.022;50.00;268.9;0.000;268.2;0.000;0.0;0.000;50;0;0;0.028;0.022;0.017;0;0;0;50.00;50.00;50.00;4814;1000;0.0;0;1.0000;0;0
600;2016-08-10 20:40:00;172602N232;0;24.469;36;222;222;226;219;0.000;50.01;245.8;0.000;246.5;0.000;0.0;0.000;50;0;0;0.000;0.000;0.000;0;0;0;50.01;50.01;50.01;4814;1000;0.0;0;1.0000;0;0
600;2016-08-10 20:50:00;172602N232;0;24.469;35;222;222;227;218;0.000;50.01;228.6;0.000;229.6;0.000;0.0;0.000;50;0;0;0.000;0.000;0.000;0;0;0;50.01;50.01;50.01;4814;1000;0.0;0;1.0000;0;0
600;2016-08-10 21:00:00;172602N232;0;24.469;35;222;222;225;219;0.000;50.01;221.3;0.000;222.2;0.000;0.0;0.000;80;0;0;0.000;0.000;0.000;0;0;0;50.01;50.01;50.01;4814;1000;0.0;0;1.0000;0;0
[wr_ende]
