20161206;230002;172602N232;My Plant;+0100
[wr_def_start]
172602N232;Inverter Type;Inverter Group;72602N232      
[wr_def_end]
[wr]
INTERVAL;TIMESTAMP;SERIAL;P_AC;E_DAY;T_WR;U_AC;U_AC_1;U_AC_2;U_AC_3;I_AC;F_AC;U_DC_1;I_DC_1;U_DC_2;I_DC_2;U_DC_3;I_DC_3;S;E_WR;M_WR;I_AC_1;I_AC_2;I_AC_3;P_AC_1;P_AC_2;P_AC_3;F_AC_1;F_AC_2;F_AC_3;R_DC;PC;PCS;PCS_LL;COS_PHI;COS_PHI_LL;S_COS_PHI
600;2016-12-06 07:20:00;172602N232;0;0.000;0;1;1;1;1;0.000;0.42;1.8;0.000;1.8;0.000;0.0;0.000;50;0;0;0.000;0.000;0.000;0;0;0;0.42;0.42;0.42;33;1000;0.0;0;1.0000;0;0
600;2016-12-06 07:30:00;172602N232;0;0.000;14;219;219;221;217;0.000;49.99;229.0;0.000;230.0;0.000;0.0;0.000;50;0;0;0.000;0.000;0.000;0;0;0;49.99;49.99;49.99;0;1000;0.0;0;1.0000;0;0
600;2016-12-06 07:40:00;172602N232;0;0.000;16;219;221;221;216;0.000;49.99;239.6;0.000;240.6;0.000;0.0;0.000;50;0;0;0.000;0.000;0.000;0;0;0;49.99;49.99;49.99;0;1000;0.0;0;1.0000;0;0
600;2016-12-06 07:50:00;172602N232;0;0.000;17;219;221;222;215;0.000;50.01;300.5;0.000;299.5;0.000;0.0;0.000;51;0;0;0.001;0.000;0.000;0;0;0;50.01;50.01;50.01;1484;1000;0.0;0;1.0000;0;0
600;2016-12-06 08:00:00;172602N232;0;0.000;17;220;221;222;218;0.013;49.99;280.7;0.000;279.9;0.000;0.0;0.000;60;0;0;0.018;0.010;0.011;0;0;0;49.99;49.99;49.99;4844;1000;0.0;0;1.0000;0;0
600;2016-12-06 08:10:00;172602N232;11;0.003;18;223;224;223;221;0.270;50.00;281.0;0.004;279.0;0.007;0.0;0.000;60;0;0;0.372;0.246;0.193;0;10;12;50.00;50.00;50.00;5014;1000;0.0;0;1.0000;0;0
600;2016-12-06 08:20:00;172602N232;26;0.005;18;223;222;224;223;0.424;50.00;329.2;0.017;337.8;0.021;0.0;0.000;60;0;0;0.369;0.527;0.376;15;5;14;50.00;50.00;50.00;5014;1000;0.0;0;1.0000;0;0
600;2016-12-06 08:30:00;172602N232;53;0.015;19;223;222;225;223;0.664;50.01;376.5;0.050;380.8;0.051;0.0;0.000;60;0;0;0.554;0.954;0.484;29;1;32;50.01;50.01;50.01;5014;1000;0.0;0;1.0000;0;0
600;2016-12-06 08:40:00;172602N232;66;0.026;19;224;223;226;223;0.717;50.00;382.1;0.065;392.1;0.065;0.0;0.000;60;0;0;0.594;1.024;0.535;25;2;42;50.00;50.00;50.00;5014;1000;0.0;0;1.0000;0;0
600;2016-12-06 08:50:00;172602N232;108;0.044;19;223;223;225;222;0.910;50.01;400.7;0.118;406.6;0.113;0.0;0.000;60;0;0;0.776;1.240;0.715;33;12;63;50.01;50.01;50.01;5014;1000;0.0;0;1.0000;0;0
600;2016-12-06 09:00:00;172602N232;151;0.069;20;223;222;225;222;0.998;50.01;410.9;0.168;415.2;0.161;0.0;0.000;60;0;0;0.813;1.414;0.769;48;24;77;50.01;50.01;50.01;5014;1000;0.0;0;1.0000;0;0
600;2016-12-06 09:10:00;172602N232;264;0.113;20;224;223;225;223;1.117;50.01;420.5;0.309;429.7;0.279;0.0;0.000;60;0;0;1.016;1.373;0.964;76;86;101;50.01;50.01;50.01;5014;1000;0.0;0;1.0000;0;0
600;2016-12-06 09:20:00;172602N232;246;0.155;21;223;222;224;223;1.041;49.98;417.9;0.288;427.6;0.259;0.0;0.000;60;0;0;1.007;1.211;0.905;78;85;81;49.98;49.98;49.98;5014;1000;0.0;0;1.0000;0;0
600;2016-12-06 09:30:00;172602N232;239;0.195;21;223;222;224;224;1.071;49.99;417.5;0.278;425.2;0.254;0.0;0.000;60;0;0;1.075;1.276;0.863;85;83;69;49.99;49.99;49.99;5014;1000;0.0;0;1.0000;0;0
600;2016-12-06 09:40:00;172602N232;240;0.235;21;223;222;225;223;1.046;50.00;419.1;0.277;424.8;0.256;0.0;0.000;60;0;0;1.014;1.262;0.863;73;79;87;50.00;50.00;50.00;5014;1000;0.0;0;1.0000;0;0
600;2016-12-06 09:50:00;172602N232;277;0.281;21;224;222;226;223;1.107;50.00;422.6;0.318;426.7;0.300;0.0;0.000;60;0;0;1.018;1.383;0.922;93;85;97;50.00;50.00;50.00;5014;1000;0.0;0;1.0000;0;0
600;2016-12-06 10:00:00;172602N232;385;0.346;22;224;222;225;223;1.052;50.00;427.9;0.444;431.6;0.421;0.0;0.000;60;0;0;1.001;1.194;0.963;122;131;130;50.00;50.00;50.00;5014;1000;0.0;0;1.0000;0;0
600;2016-12-06 10:10:00;172602N232;500;0.429;22;224;223;226;223;0.807;50.00;430.2;0.592;437.6;0.536;0.0;0.000;60;0;0;0.752;0.850;0.820;152;177;169;50.00;50.00;50.00;5014;1000;0.0;0;1.0000;0;0
600;2016-12-06 10:20:00;172602N232;623;0.533;23;224;222;225;223;1.038;50.00;431.0;0.747;442.8;0.659;0.0;0.000;60;0;0;0.962;1.096;1.057;194;218;209;50.00;50.00;50.00;5014;1000;0.0;0;1.0000;0;0
600;2016-12-06 10:30:00;172602N232;530;0.622;23;224;223;225;224;0.950;50.00;426.8;0.656;440.7;0.542;0.0;0.000;60;0;0;0.905;0.990;0.955;163;187;178;50.00;50.00;50.00;5014;1000;0.0;0;1.0000;0;0
600;2016-12-06 10:40:00;172602N232;506;0.705;24;224;223;225;223;0.811;50.00;427.2;0.634;437.7;0.514;0.0;0.000;60;0;0;0.758;0.851;0.824;155;178;171;50.00;50.00;50.00;5014;1000;0.0;0;1.0000;0;0
600;2016-12-06 10:50:00;172602N232;460;0.783;24;223;223;224;223;0.991;50.00;425.7;0.586;438.6;0.451;0.0;0.000;60;0;0;0.983;1.040;0.951;146;165;147;50.00;50.00;50.00;5014;1000;0.0;0;1.0000;0;0
600;2016-12-06 11:00:00;172602N232;381;0.846;25;224;223;225;224;1.147;50.00;424.8;0.459;436.5;0.395;0.0;0.000;60;0;0;1.145;1.239;1.057;128;132;118;50.00;50.00;50.00;5014;1000;0.0;0;1.0000;0;0
600;2016-12-06 11:10:00;172602N232;567;0.941;25;224;224;226;223;0.967;50.01;431.7;0.686;443.6;0.586;0.0;0.000;60;0;0;0.904;1.022;0.976;177;200;188;50.01;50.01;50.01;5014;1000;0.0;0;1.0000;0;0
600;2016-12-06 11:20:00;172602N232;524;1.030;25;225;224;227;223;0.997;50.00;430.3;0.623;437.9;0.558;0.0;0.000;60;0;0;0.938;1.065;0.988;160;183;180;50.00;50.00;50.00;5014;1000;0.0;0;1.0000;0;0
600;2016-12-06 11:30:00;172602N232;436;1.101;25;225;225;227;224;0.697;50.01;430.0;0.508;430.6;0.478;0.0;0.000;60;0;0;0.645;0.734;0.713;132;154;148;50.01;50.01;50.01;5014;1000;0.0;0;1.0000;0;0
600;2016-12-06 11:40:00;172602N232;478;1.181;26;225;225;226;224;0.757;50.02;431.7;0.557;431.2;0.525;0.0;0.000;60;0;0;0.705;0.794;0.773;146;168;162;50.02;50.02;50.02;5014;1000;0.0;0;1.0000;0;0
600;2016-12-06 11:50:00;172602N232;656;1.292;26;225;225;226;224;1.035;50.00;462.0;0.724;456.9;0.677;0.0;0.000;60;0;0;0.990;1.071;1.045;205;228;221;50.00;50.00;50.00;5014;1000;0.0;0;1.0000;0;0
600;2016-12-06 12:00:00;172602N232;468;1.369;26;224;223;226;224;0.852;50.00;451.9;0.381;356.9;0.885;0.0;0.000;60;0;0;0.799;0.914;0.844;143;164;159;50.00;50.00;50.00;5014;1000;0.0;0;1.0000;0;0
600;2016-12-06 12:10:00;172602N232;367;1.430;26;225;223;227;224;0.916;50.03;429.7;0.305;293.9;0.787;0.0;0.000;60;0;0;0.843;1.098;0.807;117;119;129;50.03;50.03;50.03;5014;1000;0.0;0;1.0000;0;0
600;2016-12-06 12:20:00;172602N232;262;1.474;26;224;223;227;223;1.115;49.99;434.4;0.283;427.7;0.289;0.0;0.000;60;0;0;1.015;1.408;0.923;87;70;104;49.99;49.99;49.99;5014;1000;0.0;0;1.0000;0;0
600;2016-12-06 12:30:00;172602N232;240;1.514;26;224;223;226;223;1.069;49.98;442.7;0.266;424.1;0.249;0.0;0.000;60;0;0;0.947;1.354;0.907;61;80;97;49.98;49.98;49.98;5014;1000;0.0;0;1.0000;0;0
600;2016-12-06 12:40:00;172602N232;238;1.554;26;225;224;227;224;1.040;50.01;447.6;0.251;435.8;0.247;0.0;0.000;60;0;0;1.099;1.269;0.754;82;73;81;50.01;50.01;50.01;5014;1000;0.0;0;1.0000;0;0
600;2016-12-06 12:50:00;172602N232;248;1.596;26;224;224;226;223;1.070;49.99;457.5;0.249;442.2;0.261;0.0;0.000;60;0;0;1.107;1.307;0.797;67;88;91;49.99;49.99;49.99;5014;1000;0.0;0;1.0000;0;0
600;2016-12-06 13:00:00;172602N232;254;1.638;26;224;224;226;223;1.096;50.00;459.3;0.263;439.5;0.260;0.0;0.000;60;0;0;1.053;1.342;0.893;76;77;99;50.00;50.00;50.00;5014;1000;0.0;0;1.0000;0;0
600;2016-12-06 13:10:00;172602N232;226;1.676;26;224;224;226;223;1.052;50.00;421.3;0.290;420.7;0.219;0.0;0.000;60;0;0;1.026;1.328;0.802;69;66;89;50.00;50.00;50.00;5014;1000;0.0;0;1.0000;0;0
600;2016-12-06 13:20:00;172602N232;293;1.726;26;225;223;227;224;1.175;49.99;302.5;0.645;429.6;0.216;0.0;0.000;60;0;0;1.110;1.460;0.956;94;89;107;49.99;49.99;49.99;5014;1000;0.0;0;1.0000;0;0
600;2016-12-06 13:30:00;172602N232;261;1.769;26;225;223;227;224;1.113;49.97;333.4;0.502;433.9;0.202;0.0;0.000;60;0;0;1.050;1.431;0.860;87;81;91;49.97;49.97;49.97;5014;1000;0.0;0;1.0000;0;0
600;2016-12-06 13:40:00;172602N232;236;1.808;26;225;224;226;224;1.064;49.99;346.6;0.431;432.6;0.178;0.0;0.000;60;0;0;1.054;1.202;0.937;66;77;91;49.99;49.99;49.99;5014;1000;0.0;0;1.0000;0;0
600;2016-12-06 13:50:00;172602N232;232;1.847;26;225;224;226;225;1.033;49.99;347.5;0.433;432.0;0.165;0.0;0.000;60;0;0;1.072;1.212;0.817;83;69;78;49.99;49.99;49.99;5014;1000;0.0;0;1.0000;0;0
600;2016-12-06 14:00:00;172602N232;181;1.877;26;224;224;225;224;0.953;50.00;379.5;0.284;425.9;0.147;0.0;0.000;60;0;0;0.878;1.129;0.854;44;65;70;50.00;50.00;50.00;5014;1000;0.0;0;1.0000;0;0
600;2016-12-06 14:10:00;172602N232;64;1.888;25;225;224;227;224;0.772;50.01;374.4;0.067;386.9;0.061;0.0;0.000;60;0;0;0.639;1.123;0.554;24;0;44;50.01;50.01;50.01;5014;1000;0.0;0;1.0000;0;0
600;2016-12-06 14:20:00;172602N232;80;1.902;25;225;224;226;224;0.962;50.01;384.2;0.090;404.1;0.078;0.0;0.000;60;0;0;0.871;1.277;0.739;21;5;56;50.01;50.01;50.01;5014;1000;0.0;0;1.0000;0;0
600;2016-12-06 14:30:00;172602N232;48;1.910;25;225;224;227;224;0.720;49.99;359.7;0.047;366.3;0.047;0.0;0.000;60;0;0;0.606;1.038;0.516;19;0;38;49.99;49.99;49.99;5014;1000;0.0;0;1.0000;0;0
600;2016-12-06 14:40:00;172602N232;14;1.913;25;225;224;226;224;0.366;49.99;288.2;0.007;303.8;0.010;0.0;0.000;60;0;0;0.307;0.549;0.244;8;0;16;49.99;49.99;49.99;5014;1000;0.0;0;1.0000;0;0
600;2016-12-06 14:50:00;172602N232;0;1.914;25;225;224;226;223;0.009;49.99;265.0;0.000;264.8;0.000;0.0;0.000;50;0;0;0.006;0.020;0.002;0;0;0;49.99;49.99;49.99;5014;1000;0.0;0;1.0000;0;0
600;2016-12-06 15:00:00;172602N232;0;1.914;23;224;224;227;221;0.000;50.00;237.2;0.000;238.2;0.000;0.0;0.000;50;0;0;0.000;0.000;0.000;0;0;0;50.00;50.00;50.00;5014;1000;0.0;0;1.0000;0;0
600;2016-12-06 15:10:00;172602N232;0;1.914;23;224;224;226;221;0.000;49.99;228.1;0.000;229.1;0.000;0.0;0.000;50;0;0;0.000;0.000;0.000;0;0;0;49.99;49.99;49.99;5014;1000;0.0;0;1.0000;0;0
600;2016-12-06 15:20:00;172602N232;0;1.914;23;224;225;227;222;0.000;50.02;227.0;0.000;228.0;0.000;0.0;0.000;50;0;0;0.000;0.000;0.000;0;0;0;50.02;50.02;50.02;5014;1000;0.0;0;1.0000;0;0
600;2016-12-06 15:30:00;172602N232;0;1.914;22;224;224;225;222;0.000;50.00;225.8;0.000;226.7;0.000;0.0;0.000;50;0;0;0.000;0.000;0.000;0;0;0;50.00;50.00;50.00;5014;1000;0.0;0;1.0000;0;0
[wr_ende]
