20140811;230003;172602N232;My Plant;+0100
[wr_def_start]
172602N232;Inverter Type;Inverter Group;72602N232      
[wr_def_end]
[wr]
INTERVAL;TIMESTAMP;SERIAL;P_AC;E_DAY;T_WR;U_AC;U_AC_1;U_AC_2;U_AC_3;I_AC;F_AC;U_DC_1;I_DC_1;U_DC_2;I_DC_2;U_DC_3;I_DC_3;S;E_WR;M_WR;I_AC_1;I_AC_2;I_AC_3;P_AC_1;P_AC_2;P_AC_3;F_AC_1;F_AC_2;F_AC_3;R_DC;PC;PCS;PCS_LL;COS_PHI;COS_PHI_LL;S_COS_PHI
600;2014-08-11 05:00:00;172602N232;0;0.000;0;0;0;0;0;0.000;0.22;0.9;0.000;0.9;0.000;0.0;0.000;50;0;0;0.000;0.000;0.000;0;0;0;0.22;0.22;0.22;20;1000;0.0;0;1.0000;0;0
600;2014-08-11 05:10:00;172602N232;0;0.000;28;224;224;227;221;0.000;49.99;227.4;0.000;228.3;0.000;0.0;0.000;50;0;0;0.000;0.000;0.000;0;0;0;49.99;49.99;49.99;0;1000;0.0;0;1.0000;0;0
600;2014-08-11 05:20:00;172602N232;0;0.000;31;224;224;227;221;0.000;50.00;229.2;0.000;230.1;0.000;0.0;0.000;50;0;0;0.000;0.000;0.000;0;0;0;50.00;50.00;50.00;0;1000;0.0;0;1.0000;0;0
600;2014-08-11 05:30:00;172602N232;0;0.000;32;223;223;226;220;0.000;49.99;269.1;0.000;268.9;0.000;0.0;0.000;51;0;0;0.000;0.000;0.000;0;0;0;49.99;49.99;49.99;259;1000;0.0;0;1.0000;0;0
600;2014-08-11 05:40:00;172602N232;3;0.001;32;223;223;225;222;0.166;50.00;260.1;0.000;256.0;0.000;0.0;0.000;60;0;0;0.175;0.189;0.136;0;1;6;50.00;50.00;50.00;3704;1000;0.0;0;1.0000;0;0
600;2014-08-11 05:50:00;172602N232;29;0.007;32;223;222;224;222;0.563;50.01;336.7;0.023;333.9;0.023;0.0;0.000;60;0;0;0.595;0.713;0.383;15;0;23;50.01;50.01;50.01;3704;1000;0.0;0;1.0000;0;0
600;2014-08-11 06:00:00;172602N232;53;0.016;33;222;221;223;220;0.781;50.00;368.6;0.057;366.6;0.052;0.0;0.000;60;0;0;0.718;1.025;0.600;13;3;41;50.00;50.00;50.00;3704;1000;0.0;0;1.0000;0;0
600;2014-08-11 06:10:00;172602N232;74;0.026;33;221;221;222;220;0.874;49.99;380.6;0.084;376.4;0.076;0.0;0.000;60;0;0;0.894;1.021;0.708;7;15;51;49.99;49.99;49.99;3704;1000;0.0;0;1.0000;0;0
600;2014-08-11 06:20:00;172602N232;94;0.042;34;219;219;221;218;0.861;49.98;387.8;0.108;384.7;0.097;0.0;0.000;60;0;0;0.832;1.042;0.709;16;18;58;49.98;49.98;49.98;3704;1000;0.0;0;1.0000;0;0
600;2014-08-11 06:30:00;172602N232;120;0.062;34;219;219;221;217;0.870;49.98;395.5;0.141;391.5;0.127;0.0;0.000;60;0;0;0.829;1.063;0.720;28;25;65;49.98;49.98;49.98;3704;1000;0.0;0;1.0000;0;0
600;2014-08-11 06:40:00;172602N232;149;0.087;35;221;222;224;219;0.881;49.98;399.9;0.178;396.1;0.159;0.0;0.000;60;0;0;0.785;1.161;0.698;27;46;75;49.98;49.98;49.98;3704;1000;0.0;0;1.0000;0;0
600;2014-08-11 06:50:00;172602N232;239;0.127;35;220;221;222;217;1.041;49.99;410.1;0.288;405.2;0.261;0.0;0.000;60;0;0;1.205;1.074;0.844;49;91;97;49.99;49.99;49.99;3704;1000;0.0;0;1.0000;0;0
600;2014-08-11 07:00:00;172602N232;224;0.165;35;221;222;222;219;1.042;49.99;398.5;0.263;402.0;0.256;0.0;0.000;60;0;0;1.306;0.984;0.837;47;97;78;49.99;49.99;49.99;3704;1000;0.0;0;1.0000;0;0
600;2014-08-11 07:10:00;172602N232;192;0.197;36;220;221;221;219;0.941;49.99;405.4;0.233;394.7;0.208;0.0;0.000;60;0;0;1.175;0.864;0.786;40;76;73;49.99;49.99;49.99;3704;1000;0.0;0;1.0000;0;0
600;2014-08-11 07:20:00;172602N232;228;0.235;36;219;220;220;218;1.028;49.97;413.9;0.285;393.9;0.242;0.0;0.000;60;0;0;1.181;1.099;0.806;47;101;77;49.97;49.97;49.97;3704;1000;0.0;0;1.0000;0;0
600;2014-08-11 07:30:00;172602N232;221;0.271;36;220;221;221;219;1.022;49.98;415.7;0.274;397.9;0.232;0.0;0.000;60;0;0;1.157;1.107;0.802;47;99;73;49.98;49.98;49.98;3704;1000;0.0;0;1.0000;0;0
600;2014-08-11 07:40:00;172602N232;237;0.311;37;219;220;220;218;1.049;50.00;421.0;0.292;398.3;0.248;0.0;0.000;60;0;0;1.081;1.150;0.918;44;106;86;50.00;50.00;50.00;3704;1000;0.0;0;1.0000;0;0
600;2014-08-11 07:50:00;172602N232;262;0.355;37;221;221;222;219;1.094;50.00;427.0;0.321;404.2;0.270;0.0;0.000;60;0;0;1.159;1.198;0.926;62;100;98;50.00;50.00;50.00;3704;1000;0.0;0;1.0000;0;0
600;2014-08-11 08:00:00;172602N232;303;0.407;37;221;222;223;219;1.112;49.98;438.5;0.371;419.4;0.296;0.0;0.000;60;0;0;1.188;1.163;0.986;85;111;105;49.99;49.99;49.99;3704;1000;0.0;0;1.0000;0;0
600;2014-08-11 08:10:00;172602N232;326;0.460;37;222;223;224;219;1.129;49.99;448.0;0.398;420.5;0.315;0.0;0.000;60;0;0;1.208;1.152;1.028;93;117;115;49.99;49.99;49.99;3704;1000;0.0;0;1.0000;0;0
600;2014-08-11 08:20:00;172602N232;386;0.524;38;221;223;224;218;1.065;49.99;450.1;0.485;412.7;0.372;0.0;0.000;60;0;0;1.073;1.114;1.008;108;142;134;49.99;49.99;49.99;3704;1000;0.0;0;1.0000;0;0
600;2014-08-11 08:30:00;172602N232;444;0.599;38;222;222;224;219;0.699;49.99;448.3;0.575;415.8;0.419;0.0;0.000;60;0;0;0.644;0.745;0.708;134;159;148;49.99;49.99;49.99;3704;1000;0.0;0;1.0000;0;0
600;2014-08-11 08:40:00;172602N232;616;0.702;38;221;219;224;219;0.962;49.99;329.4;1.445;423.6;0.431;0.0;0.000;60;0;0;0.900;1.012;0.976;189;218;207;49.99;49.99;49.99;3704;1000;0.0;0;1.0000;0;0
600;2014-08-11 08:50:00;172602N232;995;0.869;39;219;219;221;218;1.550;49.99;322.6;2.310;445.3;0.568;0.0;0.000;60;0;0;1.495;1.585;1.570;316;343;334;49.99;49.99;49.99;3704;1000;0.0;0;1.0000;0;0
600;2014-08-11 09:00:00;172602N232;1211;1.070;39;220;219;222;220;1.876;49.99;384.6;2.367;446.7;0.698;0.0;0.000;60;0;0;1.808;1.927;1.895;385;419;406;49.99;49.99;49.99;3704;1000;0.0;0;1.0000;0;0
600;2014-08-11 09:10:00;172602N232;1435;1.310;39;220;219;223;219;2.188;49.99;406.7;2.722;434.5;0.756;0.0;0.000;60;0;0;2.115;2.248;2.201;459;497;478;49.99;49.99;49.99;3704;1000;0.0;0;1.0000;0;0
600;2014-08-11 09:20:00;172602N232;1453;1.552;40;220;219;222;218;2.253;49.98;407.8;2.585;401.9;1.033;0.0;0.000;60;0;0;2.214;2.303;2.244;467;502;481;49.98;49.98;49.98;3704;1000;0.0;0;1.0000;0;0
600;2014-08-11 09:30:00;172602N232;1927;1.874;40;220;219;222;218;2.933;49.98;408.0;3.297;281.5;2.157;0.0;0.000;60;0;0;2.871;2.989;2.939;626;660;638;49.98;49.98;49.98;3704;1000;0.0;0;1.0000;0;0
600;2014-08-11 09:40:00;172602N232;1888;2.189;41;221;221;223;219;2.887;49.99;404.7;3.020;329.1;2.165;0.0;0.000;60;0;0;2.854;2.956;2.853;619;651;618;49.99;49.99;49.99;3704;1000;0.0;0;1.0000;0;0
600;2014-08-11 09:50:00;172602N232;2472;2.601;41;222;221;225;219;3.738;49.98;404.9;3.720;362.5;2.751;0.0;0.000;60;0;0;3.671;3.843;3.700;805;862;806;49.98;49.98;49.98;3704;1000;0.0;0;1.0000;0;0
600;2014-08-11 10:00:00;172602N232;2765;3.061;42;223;222;227;219;4.146;49.99;401.5;3.837;404.9;3.091;0.0;0.000;60;0;0;4.057;4.278;4.103;896;969;897;49.99;49.99;49.99;3704;1000;0.0;0;1.0000;0;0
600;2014-08-11 10:10:00;172602N232;1819;3.364;42;221;221;225;219;2.764;49.99;403.4;2.383;407.8;2.131;0.0;0.000;60;0;0;2.706;2.848;2.739;588;635;592;49.99;49.99;49.99;3704;1000;0.0;0;1.0000;0;0
600;2014-08-11 10:20:00;172602N232;3141;3.889;42;222;221;226;219;4.715;49.99;404.8;4.034;400.0;3.889;0.0;0.000;60;0;0;4.647;4.831;4.668;1026;1087;1021;49.99;49.99;49.99;3704;1000;0.0;0;1.0000;0;0
600;2014-08-11 10:30:00;172602N232;2468;4.299;43;221;221;225;219;3.723;49.99;404.6;3.131;403.8;3.046;0.0;0.000;60;0;0;3.655;3.817;3.698;803;858;806;49.99;49.99;49.99;3704;1000;0.0;0;1.0000;0;0
600;2014-08-11 10:40:00;172602N232;1158;4.493;43;220;221;223;218;1.767;49.98;409.0;1.424;403.6;1.419;0.0;0.000;60;0;0;1.713;1.817;1.771;372;402;382;49.98;49.98;49.98;3704;1000;0.0;0;1.0000;0;0
600;2014-08-11 10:50:00;172602N232;2418;4.897;43;221;220;223;218;3.659;49.99;407.6;3.006;414.5;2.933;0.0;0.000;60;0;0;3.598;3.748;3.632;789;839;790;49.99;49.99;49.99;3704;1000;0.0;0;1.0000;0;0
600;2014-08-11 11:00:00;172602N232;1373;5.126;43;222;221;224;220;2.106;49.99;409.1;1.712;419.1;1.611;0.0;0.000;60;0;0;2.057;2.151;2.112;442;473;456;49.99;49.99;49.99;3704;1000;0.0;0;1.0000;0;0
600;2014-08-11 11:10:00;172602N232;2681;5.572;43;223;222;227;221;4.009;49.99;410.2;3.332;413.2;3.245;0.0;0.000;60;0;0;3.932;4.102;3.994;871;929;881;49.99;49.99;49.99;3704;1000;0.0;0;1.0000;0;0
600;2014-08-11 11:20:00;172602N232;1287;5.786;43;223;222;224;221;1.958;49.98;410.4;1.603;414.0;1.525;0.0;0.000;60;0;0;1.915;1.994;1.965;417;441;427;49.98;49.98;49.98;3704;1000;0.0;0;1.0000;0;0
600;2014-08-11 11:30:00;172602N232;2377;6.183;43;221;221;223;219;3.573;49.98;412.4;2.939;409.4;2.926;0.0;0.000;60;0;0;3.517;3.645;3.559;777;816;781;49.98;49.98;49.98;3704;1000;0.0;0;1.0000;0;0
600;2014-08-11 11:40:00;172602N232;4923;7.004;43;223;221;228;220;7.333;49.97;391.4;6.419;392.5;6.390;0.0;0.000;60;0;0;7.208;7.554;7.237;1597;1731;1596;49.97;49.97;49.97;3704;1000;0.0;0;1.0000;0;0
600;2014-08-11 11:50:00;172602N232;5019;7.842;44;226;224;231;223;7.402;49.97;377.9;6.769;379.5;6.733;0.0;0.000;60;0;0;7.271;7.611;7.326;1628;1755;1634;49.97;49.97;49.97;3704;1000;0.0;0;1.0000;0;0
600;2014-08-11 12:00:00;172602N232;4547;8.599;45;226;223;231;223;6.712;50.00;378.0;6.147;378.7;6.092;0.0;0.000;60;0;0;6.564;6.905;6.667;1468;1590;1485;50.00;50.00;50.00;3704;1000;0.0;0;1.0000;0;0
600;2014-08-11 12:10:00;172602N232;3537;9.188;45;224;223;228;221;5.254;50.00;384.5;4.710;383.3;4.707;0.0;0.000;60;0;0;5.154;5.389;5.220;1147;1233;1155;50.00;50.00;50.00;3704;1000;0.0;0;1.0000;0;0
600;2014-08-11 12:20:00;172602N232;2308;9.572;45;222;222;225;219;3.477;49.99;404.5;2.897;398.6;2.911;0.0;0.000;60;0;0;3.412;3.567;3.452;752;801;754;49.99;49.99;49.99;3704;1000;0.0;0;1.0000;0;0
600;2014-08-11 12:30:00;172602N232;2713;10.026;45;223;222;225;221;4.060;49.99;401.8;3.445;399.4;3.411;0.0;0.000;60;0;0;3.985;4.158;4.037;882;941;888;49.99;49.99;49.99;3704;1000;0.0;0;1.0000;0;0
600;2014-08-11 12:40:00;172602N232;1846;10.333;44;222;222;225;221;2.780;49.99;407.0;2.291;406.0;2.266;0.0;0.000;60;0;0;2.718;2.840;2.783;597;635;610;49.99;49.99;49.99;3704;1000;0.0;0;1.0000;0;0
600;2014-08-11 12:50:00;172602N232;1333;10.555;44;222;221;224;220;2.023;49.98;413.0;1.620;408.7;1.628;0.0;0.000;60;0;0;1.966;2.076;2.027;429;461;441;49.98;49.98;49.98;3704;1000;0.0;0;1.0000;0;0
600;2014-08-11 13:00:00;172602N232;1331;10.776;44;222;222;224;221;2.020;49.99;413.2;1.631;411.5;1.608;0.0;0.000;60;0;0;1.970;2.069;2.022;430;458;441;49.99;49.99;49.99;3704;1000;0.0;0;1.0000;0;0
600;2014-08-11 13:10:00;172602N232;4418;11.512;44;226;226;230;222;6.504;50.01;410.4;5.462;411.0;5.436;0.0;0.000;60;0;0;6.438;6.686;6.388;1455;1541;1419;50.01;50.01;50.01;3704;1000;0.0;0;1.0000;0;0
600;2014-08-11 13:20:00;172602N232;1539;11.769;44;221;221;223;219;2.370;49.99;403.2;1.924;397.7;1.925;0.0;0.000;60;0;0;2.334;2.430;2.347;499;537;502;49.99;49.99;49.99;3704;1000;0.0;0;1.0000;0;0
600;2014-08-11 13:30:00;172602N232;2003;12.104;44;221;221;224;219;3.022;50.00;406.6;2.488;403.1;2.487;0.0;0.000;60;0;0;2.952;3.119;2.997;649;702;652;50.00;50.00;50.00;3704;1000;0.0;0;1.0000;0;0
600;2014-08-11 13:40:00;172602N232;1229;12.309;44;220;219;222;218;1.881;50.00;412.8;1.481;407.4;1.504;0.0;0.000;60;0;0;1.820;1.938;1.885;394;426;406;50.00;50.00;50.00;3704;1000;0.0;0;1.0000;0;0
600;2014-08-11 13:50:00;172602N232;4550;13.067;44;224;224;228;222;6.722;49.98;406.2;5.753;404.4;5.747;0.0;0.000;60;0;0;6.620;6.906;6.640;1486;1583;1479;49.98;49.98;49.98;3704;1000;0.0;0;1.0000;0;0
600;2014-08-11 14:00:00;172602N232;1842;13.374;44;222;222;225;220;2.773;49.97;394.9;2.362;390.1;2.413;0.0;0.000;60;0;0;2.714;2.845;2.760;597;640;604;49.97;49.97;49.97;3704;1000;0.0;0;1.0000;0;0
600;2014-08-11 14:10:00;172602N232;3445;13.951;44;225;223;229;222;5.103;49.98;403.2;4.342;402.6;4.363;0.0;0.000;60;0;0;4.994;5.267;5.049;1114;1212;1119;49.98;49.98;49.98;3704;1000;0.0;0;1.0000;0;0
600;2014-08-11 14:20:00;172602N232;3275;14.497;44;224;224;228;222;4.862;49.97;391.5;4.267;390.9;4.233;0.0;0.000;60;0;0;4.778;5.001;4.808;1067;1142;1065;49.97;49.97;49.97;3704;1000;0.0;0;1.0000;0;0
600;2014-08-11 14:30:00;172602N232;3552;15.091;44;225;224;230;223;5.241;49.98;385.9;4.675;385.6;4.646;0.0;0.000;60;0;0;5.122;5.410;5.191;1147;1253;1156;49.98;49.98;49.98;3704;1000;0.0;0;1.0000;0;0
600;2014-08-11 14:40:00;172602N232;3776;15.720;45;224;223;228;221;5.607;49.99;389.6;4.934;387.6;4.925;0.0;0.000;60;0;0;5.496;5.768;5.558;1223;1319;1230;49.99;49.99;49.99;3704;1000;0.0;0;1.0000;0;0
600;2014-08-11 14:50:00;172602N232;4792;16.519;45;225;223;231;221;7.093;49.98;385.4;6.332;386.7;6.292;0.0;0.000;60;0;0;6.943;7.334;7.004;1549;1692;1550;49.98;49.98;49.98;3704;1000;0.0;0;1.0000;0;0
600;2014-08-11 15:00:00;172602N232;2557;16.946;46;223;222;227;221;3.814;49.99;387.0;3.330;387.7;3.304;0.0;0.000;60;0;0;3.709;3.945;3.788;818;901;834;49.99;49.99;49.99;3704;1000;0.0;0;1.0000;0;0
600;2014-08-11 15:10:00;172602N232;2372;17.341;46;223;222;227;222;3.540;49.98;396.7;3.041;393.0;3.062;0.0;0.000;60;0;0;3.438;3.654;3.528;759;832;779;49.98;49.98;49.98;3704;1000;0.0;0;1.0000;0;0
600;2014-08-11 15:20:00;172602N232;2653;17.782;45;224;223;228;222;3.942;49.99;406.8;3.325;400.1;3.349;0.0;0.000;60;0;0;3.855;4.058;3.913;859;922;868;49.99;49.99;49.99;3704;1000;0.0;0;1.0000;0;0
600;2014-08-11 15:30:00;172602N232;3126;18.303;45;223;222;227;220;4.666;50.01;404.1;3.922;400.8;3.951;0.0;0.000;60;0;0;4.580;4.792;4.628;1017;1083;1019;50.01;50.01;50.01;3704;1000;0.0;0;1.0000;0;0
600;2014-08-11 15:40:00;172602N232;3343;18.860;45;222;221;226;220;5.002;50.03;396.3;4.279;394.9;4.283;0.0;0.000;60;0;0;4.915;5.126;4.967;1088;1161;1092;50.03;50.03;50.03;3704;1000;0.0;0;1.0000;0;0
600;2014-08-11 15:50:00;172602N232;1442;19.101;45;220;220;223;219;2.208;50.03;406.8;1.772;399.3;1.825;0.0;0.000;60;0;0;2.150;2.261;2.215;464;499;478;50.03;50.03;50.03;3704;1000;0.0;0;1.0000;0;0
600;2014-08-11 16:00:00;172602N232;1108;19.287;45;219;220;221;217;1.706;50.02;401.7;1.372;402.4;1.381;0.0;0.000;60;0;0;1.663;1.754;1.702;360;384;363;50.02;50.02;50.02;3704;1000;0.0;0;1.0000;0;0
600;2014-08-11 16:10:00;172602N232;3174;19.817;44;221;222;224;218;4.779;50.00;401.9;4.017;400.9;3.959;0.0;0.000;60;0;0;4.727;4.908;4.703;1046;1108;1022;50.00;50.00;50.00;3704;1000;0.0;0;1.0000;0;0
600;2014-08-11 16:20:00;172602N232;2589;20.247;45;220;220;224;217;3.906;49.99;393.3;3.275;393.7;3.288;0.0;0.000;60;0;0;3.841;4.018;3.859;846;900;838;49.99;49.99;49.99;3704;1000;0.0;0;1.0000;0;0
600;2014-08-11 16:30:00;172602N232;1932;20.569;44;220;221;223;217;2.937;50.00;393.1;2.410;396.7;2.454;0.0;0.000;60;0;0;2.891;3.011;2.911;632;667;628;50.00;50.00;50.00;3704;1000;0.0;0;1.0000;0;0
600;2014-08-11 16:40:00;172602N232;3090;21.086;44;223;223;226;219;4.632;50.01;388.5;3.971;397.6;3.967;0.0;0.000;60;0;0;4.570;4.745;4.582;1016;1071;1003;50.01;50.01;50.01;3704;1000;0.0;0;1.0000;0;0
600;2014-08-11 16:50:00;172602N232;2746;21.544;44;221;222;224;219;4.142;50.01;385.5;3.551;395.6;3.548;0.0;0.000;60;0;0;4.101;4.229;4.098;905;950;893;50.01;50.01;50.01;3704;1000;0.0;0;1.0000;0;0
600;2014-08-11 17:00:00;172602N232;2214;21.913;44;219;221;221;217;3.399;49.99;389.4;2.811;398.6;2.821;0.0;0.000;60;0;0;3.401;3.442;3.356;737;755;721;49.99;49.99;49.99;3704;1000;0.0;0;1.0000;0;0
600;2014-08-11 17:10:00;172602N232;2639;22.352;44;220;219;222;218;4.013;49.99;393.1;3.337;402.3;3.349;0.0;0.000;60;0;0;3.956;4.097;3.987;864;906;865;49.99;49.99;49.99;3704;1000;0.0;0;1.0000;0;0
600;2014-08-11 17:20:00;172602N232;2179;22.715;44;217;217;219;215;3.364;49.98;390.3;2.771;399.1;2.776;0.0;0.000;60;0;0;3.328;3.427;3.337;715;750;714;49.98;49.98;49.98;3704;1000;0.0;0;1.0000;0;0
600;2014-08-11 17:30:00;172602N232;2301;23.099;44;218;217;220;216;3.537;49.99;397.6;2.891;406.5;2.867;0.0;0.000;60;0;0;3.463;3.612;3.536;747;791;761;49.99;49.99;49.99;3704;1000;0.0;0;1.0000;0;0
600;2014-08-11 17:40:00;172602N232;1241;23.306;43;217;217;219;214;2.021;50.01;390.8;1.575;398.0;1.545;0.0;0.000;60;0;0;1.998;2.072;1.994;402;430;406;50.01;50.01;50.01;3704;1000;0.0;0;1.0000;0;0
600;2014-08-11 17:50:00;172602N232;2645;23.747;43;217;217;222;211;4.076;50.01;402.0;3.305;400.7;3.349;0.0;0.000;60;0;0;4.024;4.218;3.988;871;933;839;50.01;50.01;50.01;3704;1000;0.0;0;1.0000;0;0
600;2014-08-11 18:00:00;172602N232;2348;24.138;43;219;219;223;215;3.586;49.99;382.3;3.060;393.5;3.057;0.0;0.000;60;0;0;3.526;3.699;3.534;768;822;757;49.99;49.99;49.99;3704;1000;0.0;0;1.0000;0;0
600;2014-08-11 18:10:00;172602N232;2031;24.478;43;219;219;223;216;3.097;49.98;381.6;2.650;392.4;2.645;0.0;0.000;60;0;0;3.042;3.206;3.045;664;712;654;49.98;49.98;49.98;3704;1000;0.0;0;1.0000;0;0
600;2014-08-11 18:20:00;172602N232;1855;24.786;43;220;219;223;217;2.841;49.97;384.3;2.403;395.3;2.394;0.0;0.000;60;0;0;2.772;2.941;2.810;599;650;604;49.97;49.97;49.97;3704;1000;0.0;0;1.0000;0;0
600;2014-08-11 18:30:00;172602N232;1472;25.032;43;219;220;222;216;2.252;49.97;386.7;1.883;395.2;1.896;0.0;0.000;60;0;0;2.216;2.309;2.232;483;510;478;49.97;49.97;49.97;3704;1000;0.0;0;1.0000;0;0
600;2014-08-11 18:40:00;172602N232;1360;25.260;42;218;219;220;215;2.104;49.99;388.2;1.706;397.5;1.761;0.0;0.000;60;0;0;2.068;2.158;2.087;445;470;443;49.99;49.99;49.99;3704;1000;0.0;0;1.0000;0;0
600;2014-08-11 18:50:00;172602N232;1145;25.451;42;218;220;220;216;1.780;50.00;375.8;1.487;397.3;1.479;0.0;0.000;60;0;0;1.742;1.818;1.780;372;394;377;50.00;50.00;50.00;3704;1000;0.0;0;1.0000;0;0
600;2014-08-11 19:00:00;172602N232;1000;25.617;42;218;219;219;216;1.543;49.98;379.9;1.274;398.0;1.297;0.0;0.000;60;0;0;1.497;1.584;1.548;323;344;330;49.98;49.98;49.98;3704;1000;0.0;0;1.0000;0;0
600;2014-08-11 19:10:00;172602N232;672;25.729;42;217;217;219;215;1.236;49.99;363.0;0.837;393.9;0.917;0.0;0.000;60;0;0;1.270;1.253;1.185;210;233;227;49.99;49.99;49.99;3704;1000;0.0;0;1.0000;0;0
600;2014-08-11 19:20:00;172602N232;625;25.833;41;219;219;222;217;0.976;49.99;353.8;0.708;397.8;0.950;0.0;0.000;60;0;0;0.917;1.025;0.987;193;222;208;49.99;49.99;49.99;3704;1000;0.0;0;1.0000;0;0
600;2014-08-11 19:30:00;172602N232;331;25.889;41;220;221;222;218;0.942;49.99;369.8;0.333;387.9;0.506;0.0;0.000;60;0;0;1.007;0.984;0.837;87;123;119;49.99;49.99;49.99;3704;1000;0.0;0;1.0000;0;0
600;2014-08-11 19:40:00;172602N232;233;25.927;41;217;217;218;216;1.025;49.99;371.2;0.267;384.7;0.315;0.0;0.000;60;0;0;1.087;1.107;0.883;49;92;90;49.99;49.99;49.99;3704;1000;0.0;0;1.0000;0;0
600;2014-08-11 19:50:00;172602N232;267;25.972;40;218;220;218;217;1.084;49.99;373.2;0.316;405.7;0.336;0.0;0.000;60;0;0;1.245;1.067;0.941;53;117;95;49.99;49.99;49.99;3704;1000;0.0;0;1.0000;0;0
600;2014-08-11 20:00:00;172602N232;282;26.020;40;219;220;219;218;1.097;49.98;392.2;0.314;415.0;0.347;0.0;0.000;60;0;0;1.283;1.096;0.912;76;118;86;49.98;49.98;49.98;3704;1000;0.0;0;1.0000;0;0
600;2014-08-11 20:10:00;172602N232;207;26.054;40;220;220;221;218;0.981;49.99;381.1;0.233;398.1;0.259;0.0;0.000;60;0;0;1.052;1.026;0.866;39;80;85;49.99;49.99;49.99;3704;1000;0.0;0;1.0000;0;0
600;2014-08-11 20:20:00;172602N232;110;26.073;40;220;221;220;220;0.878;49.98;367.4;0.127;381.5;0.131;0.0;0.000;60;0;0;1.205;0.723;0.708;7;56;48;49.98;49.98;49.98;3704;1000;0.0;0;1.0000;0;0
600;2014-08-11 20:30:00;172602N232;53;26.082;39;220;221;219;220;0.671;49.97;337.0;0.055;360.8;0.058;0.0;0.000;60;0;0;0.819;0.588;0.608;3;37;21;49.97;49.97;49.97;3704;1000;0.0;0;1.0000;0;0
600;2014-08-11 20:40:00;172602N232;6;26.083;39;219;220;218;219;0.194;49.98;261.8;0.003;260.1;0.004;0.0;0.000;60;0;0;0.232;0.173;0.177;0;9;5;49.98;49.98;49.98;3704;1000;0.0;0;1.0000;0;0
600;2014-08-11 20:50:00;172602N232;0;26.083;38;219;220;221;217;0.000;49.98;280.7;0.000;280.5;0.000;0.0;0.000;51;0;0;0.000;0.000;0.000;0;0;0;49.98;49.98;49.98;8529;1000;0.0;0;1.0000;0;0
600;2014-08-11 21:00:00;172602N232;0;26.083;36;219;220;220;217;0.000;50.00;231.6;0.000;232.6;0.000;0.0;0.000;51;0;0;0.000;0.000;0.000;0;0;0;50.00;50.00;50.00;9483;1000;0.0;0;1.0000;0;0
600;2014-08-11 21:10:00;172602N232;0;26.083;36;220;220;221;218;0.000;50.01;227.6;0.000;228.6;0.000;0.0;0.000;51;0;0;0.000;0.000;0.000;0;0;0;50.01;50.01;50.01;9483;1000;0.0;0;1.0000;0;0
[wr_ende]
