20140612;230002;172602N232;My Plant;+0100
[wr_def_start]
172602N232;Inverter Type;Inverter Group;72602N232      
[wr_def_end]
[wr]
INTERVAL;TIMESTAMP;SERIAL;P_AC;E_DAY;T_WR;U_AC;U_AC_1;U_AC_2;U_AC_3;I_AC;F_AC;U_DC_1;I_DC_1;U_DC_2;I_DC_2;U_DC_3;I_DC_3;S;E_WR;M_WR;I_AC_1;I_AC_2;I_AC_3;P_AC_1;P_AC_2;P_AC_3;F_AC_1;F_AC_2;F_AC_3;R_DC;PC;PCS;PCS_LL;COS_PHI;COS_PHI_LL;S_COS_PHI
600;2014-06-12 03:40:00;172602N232;0;0.000;0;6;6;6;6;0.000;1.42;6.4;0.000;6.4;0.000;0.0;0.000;50;0;0;0.000;0.000;0.000;0;0;0;1.42;1.42;1.42;74;1000;0.0;0;1.0000;0;0
600;2014-06-12 03:50:00;172602N232;0;0.000;28;223;223;226;220;0.000;50.00;228.4;0.000;229.3;0.000;0.0;0.000;50;0;0;0.000;0.000;0.000;0;0;0;50.00;50.00;50.00;0;1000;0.0;0;1.0000;0;0
600;2014-06-12 04:00:00;172602N232;0;0.000;30;223;223;226;220;0.000;50.00;235.3;0.000;236.2;0.000;0.0;0.000;50;0;0;0.000;0.000;0.000;0;0;0;50.00;50.00;50.00;0;1000;0.0;0;1.0000;0;0
600;2014-06-12 04:10:00;172602N232;0;0.000;31;223;223;225;221;0.020;49.99;269.9;0.000;269.9;0.000;0.0;0.000;60;0;0;0.015;0.029;0.018;0;0;0;49.99;49.99;50.00;2609;1000;0.0;0;1.0000;0;0
600;2014-06-12 04:20:00;172602N232;13;0.002;31;223;223;224;222;0.370;49.99;285.4;0.007;284.4;0.009;0.0;0.000;60;0;0;0.373;0.484;0.254;7;0;15;49.99;49.99;49.99;6611;1000;0.0;0;1.0000;0;0
600;2014-06-12 04:30:00;172602N232;32;0.009;31;223;223;224;223;0.599;50.00;340.7;0.025;355.1;0.026;0.0;0.000;60;0;0;0.575;0.803;0.420;9;0;27;50.00;50.00;50.00;6611;1000;0.0;0;1.0000;0;0
600;2014-06-12 04:40:00;172602N232;40;0.016;32;223;223;225;222;0.618;50.00;353.9;0.035;362.0;0.037;0.0;0.000;60;0;0;0.589;0.829;0.438;11;1;30;50.00;50.00;50.00;6611;1000;0.0;0;1.0000;0;0
600;2014-06-12 04:50:00;172602N232;58;0.024;32;225;225;226;224;0.690;49.99;367.8;0.059;374.1;0.060;0.0;0.000;60;0;0;0.639;0.920;0.512;13;7;37;49.99;49.99;49.99;6611;1000;0.0;0;1.0000;0;0
600;2014-06-12 05:00:00;172602N232;89;0.038;33;226;226;228;225;0.939;49.99;383.9;0.099;386.4;0.098;0.0;0.000;60;0;0;0.826;1.245;0.746;23;5;59;49.99;49.99;49.99;6611;1000;0.0;0;1.0000;0;0
600;2014-06-12 05:10:00;172602N232;112;0.058;33;228;228;230;227;0.957;50.00;393.6;0.125;392.8;0.125;0.0;0.000;60;0;0;0.869;1.226;0.777;27;16;67;50.00;50.00;50.00;6611;1000;0.0;0;1.0000;0;0
600;2014-06-12 05:20:00;172602N232;173;0.086;33;228;228;229;226;0.980;49.99;403.3;0.197;403.4;0.197;0.0;0.000;60;0;0;1.034;1.224;0.682;43;56;72;49.99;49.99;49.99;6611;1000;0.0;0;1.0000;0;0
600;2014-06-12 05:30:00;172602N232;181;0.117;34;227;227;229;226;0.993;50.01;405.7;0.210;409.1;0.200;0.0;0.000;60;0;0;1.268;0.965;0.748;51;52;76;50.01;50.01;50.01;6611;1000;0.0;0;1.0000;0;0
600;2014-06-12 05:40:00;172602N232;131;0.139;34;226;226;227;225;0.991;50.01;398.5;0.151;400.4;0.143;0.0;0.000;60;0;0;1.121;1.075;0.777;34;40;55;50.01;50.01;50.01;6611;1000;0.0;0;1.0000;0;0
600;2014-06-12 05:50:00;172602N232;108;0.157;35;224;224;226;223;0.956;50.00;389.6;0.121;389.1;0.123;0.0;0.000;60;0;0;1.091;1.037;0.740;22;26;59;50.00;50.00;50.00;6611;1000;0.0;0;1.0000;0;0
600;2014-06-12 06:00:00;172602N232;111;0.176;35;225;226;227;223;0.925;49.99;388.3;0.124;391.1;0.128;0.0;0.000;60;0;0;0.993;1.036;0.748;13;32;67;49.99;49.99;49.99;6611;1000;0.0;0;1.0000;0;0
600;2014-06-12 06:10:00;172602N232;120;0.196;35;225;225;226;224;0.938;49.97;392.0;0.133;393.5;0.138;0.0;0.000;60;0;0;0.891;1.169;0.756;25;25;68;49.97;49.97;49.97;6611;1000;0.0;0;1.0000;0;0
600;2014-06-12 06:20:00;172602N232;129;0.218;36;224;224;225;223;0.935;49.99;394.9;0.143;397.7;0.148;0.0;0.000;60;0;0;0.964;1.080;0.761;19;37;71;49.99;49.99;49.99;6611;1000;0.0;0;1.0000;0;0
600;2014-06-12 06:30:00;172602N232;138;0.240;36;223;223;225;222;0.927;49.99;402.6;0.151;399.7;0.157;0.0;0.000;60;0;0;0.850;1.183;0.750;35;27;74;49.99;49.99;49.99;6611;1000;0.0;0;1.0000;0;0
600;2014-06-12 06:40:00;172602N232;146;0.265;36;223;223;225;222;0.950;49.98;391.7;0.167;401.0;0.166;0.0;0.000;60;0;0;0.831;1.256;0.765;40;27;77;49.98;49.98;49.98;6611;1000;0.0;0;1.0000;0;0
600;2014-06-12 06:50:00;172602N232;158;0.291;36;223;224;224;221;0.964;50.02;392.5;0.184;404.8;0.178;0.0;0.000;60;0;0;1.001;1.097;0.796;21;51;84;50.02;50.02;50.02;6611;1000;0.0;0;1.0000;0;0
600;2014-06-12 07:00:00;172602N232;173;0.320;36;221;222;223;220;1.084;49.98;394.9;0.203;407.0;0.194;0.0;0.000;60;0;0;1.357;1.153;0.743;37;66;68;49.98;49.98;49.98;6611;1000;0.0;0;1.0000;0;0
600;2014-06-12 07:10:00;172602N232;190;0.352;36;224;224;226;222;1.005;49.98;401.4;0.221;408.3;0.210;0.0;0.000;60;0;0;1.112;1.192;0.712;48;61;79;49.98;49.98;49.98;6611;1000;0.0;0;1.0000;0;0
600;2014-06-12 07:20:00;172602N232;199;0.386;37;227;228;228;226;1.015;50.00;410.1;0.233;409.2;0.218;0.0;0.000;60;0;0;1.200;1.057;0.789;44;74;79;50.00;50.00;50.00;6611;1000;0.0;0;1.0000;0;0
600;2014-06-12 07:30:00;172602N232;226;0.424;37;225;225;226;223;1.065;49.98;420.4;0.264;409.6;0.246;0.0;0.000;60;0;0;1.200;1.237;0.758;56;86;82;49.98;49.98;49.98;6611;1000;0.0;0;1.0000;0;0
600;2014-06-12 07:40:00;172602N232;379;0.487;37;226;227;227;225;1.157;50.00;444.2;0.450;409.0;0.405;0.0;0.000;60;0;0;1.207;1.210;1.054;114;134;129;50.00;50.00;50.00;6611;1000;0.0;0;1.0000;0;0
600;2014-06-12 07:50:00;172602N232;314;0.540;37;224;225;226;222;1.178;50.01;445.5;0.370;410.9;0.328;0.0;0.000;60;0;0;1.316;1.213;1.006;83;114;114;50.01;50.01;50.01;6611;1000;0.0;0;1.0000;0;0
600;2014-06-12 08:00:00;172602N232;475;0.618;37;223;223;225;220;1.016;50.00;456.7;0.562;410.3;0.497;0.0;0.000;60;0;0;1.048;1.049;0.951;146;167;160;50.00;50.00;50.00;6611;1000;0.0;0;1.0000;0;0
600;2014-06-12 08:10:00;172602N232;844;0.759;37;223;223;225;220;1.299;50.00;447.8;1.052;430.1;0.864;0.0;0.000;60;0;0;1.252;1.343;1.303;269;293;279;50.00;50.00;50.00;6611;1000;0.0;0;1.0000;0;0
600;2014-06-12 08:20:00;172602N232;1126;0.947;38;223;223;225;221;1.717;49.98;399.6;1.763;434.6;1.013;0.0;0.000;60;0;0;1.666;1.763;1.723;362;389;373;49.98;49.98;49.98;6611;1000;0.0;0;1.0000;0;0
600;2014-06-12 08:30:00;172602N232;1168;1.142;38;223;223;225;222;1.777;49.99;410.0;1.758;430.3;1.071;0.0;0.000;60;0;0;1.734;1.816;1.782;378;401;387;49.99;49.99;49.99;6611;1000;0.0;0;1.0000;0;0
600;2014-06-12 08:40:00;172602N232;1136;1.333;38;224;224;225;222;1.735;49.97;416.2;1.507;430.2;1.180;0.0;0.000;60;0;0;1.702;1.766;1.737;369;390;376;49.98;49.98;49.98;6611;1000;0.0;0;1.0000;0;0
600;2014-06-12 08:50:00;172602N232;2293;1.715;39;226;226;229;224;3.396;49.98;410.2;3.952;448.9;1.543;0.0;0.000;60;0;0;3.349;3.473;3.368;751;791;749;49.98;49.98;49.98;6611;1000;0.0;0;1.0000;0;0
600;2014-06-12 09:00:00;172602N232;1246;1.922;39;223;223;226;221;1.909;49.99;408.0;1.744;421.6;1.271;0.0;0.000;60;0;0;1.876;1.950;1.901;405;429;409;49.99;49.99;49.99;6611;1000;0.0;0;1.0000;0;0
600;2014-06-12 09:10:00;172602N232;1136;2.112;40;223;223;225;221;1.758;49.98;409.6;1.656;399.4;1.167;0.0;0.000;60;0;0;1.720;1.800;1.756;366;393;375;49.98;49.98;49.98;6611;1000;0.0;0;1.0000;0;0
600;2014-06-12 09:20:00;172602N232;2438;2.518;40;224;224;226;221;3.653;49.99;406.6;4.238;365.4;2.123;0.0;0.000;60;0;0;3.610;3.734;3.616;802;842;793;49.99;49.99;49.99;6611;1000;0.0;0;1.0000;0;0
600;2014-06-12 09:30:00;172602N232;1962;2.845;40;225;225;227;223;2.929;49.99;401.2;2.950;367.7;2.327;0.0;0.000;60;0;0;2.885;2.996;2.908;642;675;641;49.99;49.99;49.99;6611;1000;0.0;0;1.0000;0;0
600;2014-06-12 09:40:00;172602N232;1982;3.176;41;226;226;228;224;2.969;49.99;403.7;2.776;357.3;2.649;0.0;0.000;60;0;0;2.955;3.003;2.950;650;675;652;49.99;49.99;49.99;6611;1000;0.0;0;1.0000;0;0
600;2014-06-12 09:50:00;172602N232;3456;3.753;41;228;227;231;226;5.056;49.98;393.8;5.007;319.4;4.942;0.0;0.000;60;0;0;5.001;5.162;5.006;1135;1193;1128;49.98;49.98;49.98;6611;1000;0.0;0;1.0000;0;0
600;2014-06-12 10:00:00;172602N232;2577;4.181;42;228;226;231;226;3.790;49.98;394.3;3.611;361.3;3.508;0.0;0.000;60;0;0;3.708;3.885;3.779;833;889;850;49.98;49.98;49.98;6611;1000;0.0;0;1.0000;0;0
600;2014-06-12 10:10:00;172602N232;1745;4.471;42;227;226;229;226;2.608;49.99;396.5;2.340;382.7;2.237;0.0;0.000;60;0;0;2.568;2.657;2.600;565;600;576;49.99;49.99;49.99;6611;1000;0.0;0;1.0000;0;0
600;2014-06-12 10:20:00;172602N232;3732;5.094;43;228;228;232;225;5.453;49.99;395.3;5.037;370.3;4.935;0.0;0.000;60;0;0;5.398;5.580;5.381;1229;1294;1208;49.99;49.99;49.99;6611;1000;0.0;0;1.0000;0;0
600;2014-06-12 10:30:00;172602N232;2231;5.466;43;227;227;230;225;3.295;49.99;391.2;2.989;386.5;2.899;0.0;0.000;60;0;0;3.249;3.374;3.262;728;772;728;49.99;49.99;49.99;6611;1000;0.0;0;1.0000;0;0
600;2014-06-12 10:40:00;172602N232;3317;6.018;43;228;227;231;225;4.845;50.00;398.9;4.248;397.0;4.216;0.0;0.000;60;0;0;4.765;4.981;4.789;1080;1155;1077;50.00;50.00;50.00;6611;1000;0.0;0;1.0000;0;0
600;2014-06-12 10:50:00;172602N232;2679;6.463;43;226;226;229;224;3.945;49.98;395.4;3.450;397.4;3.374;0.0;0.000;60;0;0;3.891;4.035;3.911;878;924;873;49.98;49.98;49.98;6611;1000;0.0;0;1.0000;0;0
600;2014-06-12 11:00:00;172602N232;4583;7.227;43;229;228;233;225;6.676;49.97;385.9;6.061;386.0;6.016;0.0;0.000;60;0;0;6.614;6.851;6.565;1510;1596;1474;49.97;49.97;49.97;6611;1000;0.0;0;1.0000;0;0
600;2014-06-12 11:10:00;172602N232;4775;8.024;44;230;230;234;227;6.914;49.98;381.2;6.393;379.9;6.377;0.0;0.000;60;0;0;6.849;7.071;6.822;1572;1654;1547;49.98;49.98;49.98;6611;1000;0.0;0;1.0000;0;0
600;2014-06-12 11:20:00;172602N232;4084;8.705;45;230;230;234;227;5.906;49.99;381.4;5.475;381.1;5.426;0.0;0.000;60;0;0;5.830;6.073;5.816;1338;1424;1319;49.99;49.99;49.99;6611;1000;0.0;0;1.0000;0;0
600;2014-06-12 11:30:00;172602N232;4138;9.395;45;230;230;234;227;5.991;49.98;376.2;5.625;374.3;5.608;0.0;0.000;60;0;0;5.908;6.161;5.906;1355;1447;1339;49.98;49.98;49.98;6611;1000;0.0;0;1.0000;0;0
600;2014-06-12 11:40:00;172602N232;4721;10.182;45;231;230;235;228;6.806;50.00;379.6;6.368;378.2;6.334;0.0;0.000;60;0;0;6.729;6.968;6.723;1550;1635;1534;50.00;50.00;50.00;6611;1000;0.0;0;1.0000;0;0
600;2014-06-12 11:50:00;172602N232;5256;11.057;45;231;231;234;229;7.567;49.99;371.9;7.218;371.6;7.184;0.0;0.000;60;0;0;7.510;7.700;7.491;1732;1803;1718;49.99;49.99;49.99;6611;1000;0.0;0;1.0000;0;0
600;2014-06-12 12:00:00;172602N232;4398;11.791;45;230;229;232;228;6.369;50.00;371.2;6.053;369.2;6.053;0.0;0.000;60;0;0;6.300;6.481;6.328;1444;1513;1443;50.00;50.00;50.00;6611;1000;0.0;0;1.0000;0;0
600;2014-06-12 12:10:00;172602N232;3228;12.331;46;229;228;232;226;4.694;50.00;381.8;4.312;377.6;4.328;0.0;0.000;60;0;0;4.612;4.821;4.651;1052;1123;1051;50.00;50.00;50.00;6611;1000;0.0;0;1.0000;0;0
600;2014-06-12 12:20:00;172602N232;4898;13.146;45;230;229;234;226;7.098;49.98;375.4;6.656;375.3;6.631;0.0;0.000;60;0;0;7.007;7.323;6.964;1604;1715;1573;49.98;49.98;49.98;6611;1000;0.0;0;1.0000;0;0
600;2014-06-12 12:30:00;172602N232;1627;13.418;45;227;226;229;225;2.424;50.00;389.1;2.119;386.3;2.108;0.0;0.000;60;0;0;2.362;2.480;2.431;525;559;540;50.00;50.00;50.00;6611;1000;0.0;0;1.0000;0;0
600;2014-06-12 12:40:00;172602N232;3739;14.041;45;228;227;231;227;5.454;50.03;382.4;4.947;381.6;4.933;0.0;0.000;60;0;0;5.367;5.557;5.439;1218;1285;1233;50.03;50.03;50.03;6611;1000;0.0;0;1.0000;0;0
600;2014-06-12 12:50:00;172602N232;3729;14.662;45;230;229;234;227;5.426;50.01;390.9;4.837;387.4;4.847;0.0;0.000;60;0;0;5.361;5.561;5.356;1219;1300;1209;50.01;50.01;50.01;6611;1000;0.0;0;1.0000;0;0
600;2014-06-12 13:00:00;172602N232;1639;14.936;44;228;228;231;226;2.427;50.00;398.3;2.056;389.6;2.096;0.0;0.000;60;0;0;2.382;2.493;2.406;532;569;535;50.00;50.00;50.00;6611;1000;0.0;0;1.0000;0;0
600;2014-06-12 13:10:00;172602N232;2941;15.424;44;230;229;233;227;4.269;50.00;399.5;3.713;396.5;3.705;0.0;0.000;60;0;0;4.205;4.376;4.228;962;1018;958;50.00;50.00;50.00;6611;1000;0.0;0;1.0000;0;0
600;2014-06-12 13:20:00;172602N232;2599;15.859;44;229;230;231;227;3.796;49.99;396.5;3.339;390.9;3.374;0.0;0.000;60;0;0;3.756;3.867;3.765;854;897;849;49.99;49.99;49.99;6611;1000;0.0;0;1.0000;0;0
600;2014-06-12 13:30:00;172602N232;3423;16.430;44;230;231;233;228;4.948;49.99;397.7;4.428;397.6;4.391;0.0;0.000;60;0;0;4.904;5.049;4.892;1128;1180;1115;49.99;49.99;49.99;6611;1000;0.0;0;1.0000;0;0
600;2014-06-12 13:40:00;172602N232;2816;16.900;44;228;228;231;225;4.109;50.00;395.5;3.610;388.9;3.624;0.0;0.000;60;0;0;4.047;4.220;4.062;920;980;914;50.00;50.00;50.00;6611;1000;0.0;0;1.0000;0;0
600;2014-06-12 13:50:00;172602N232;1831;17.205;44;225;225;226;223;2.720;49.98;396.8;2.314;390.2;2.342;0.0;0.000;60;0;0;2.672;2.784;2.705;597;633;597;49.98;49.98;49.98;6611;1000;0.0;0;1.0000;0;0
600;2014-06-12 14:00:00;172602N232;2583;17.634;43;225;225;228;224;3.820;49.98;402.4;3.244;401.2;3.248;0.0;0.000;60;0;0;3.762;3.902;3.798;845;887;847;49.98;49.98;49.98;6611;1000;0.0;0;1.0000;0;0
600;2014-06-12 14:10:00;172602N232;3573;18.229;43;228;227;232;225;5.220;49.99;389.9;4.616;389.2;4.617;0.0;0.000;60;0;0;5.139;5.378;5.145;1164;1254;1155;49.99;49.99;49.99;6611;1000;0.0;0;1.0000;0;0
600;2014-06-12 14:20:00;172602N232;4372;18.958;44;227;227;232;224;6.382;49.99;386.7;5.732;382.5;5.777;0.0;0.000;60;0;0;6.320;6.566;6.262;1438;1529;1402;49.99;49.99;49.99;6611;1000;0.0;0;1.0000;0;0
600;2014-06-12 14:30:00;172602N232;1145;19.149;44;224;224;226;222;1.762;49.99;394.9;1.453;388.7;1.483;0.0;0.000;60;0;0;1.720;1.796;1.771;368;394;380;49.99;49.99;49.99;6611;1000;0.0;0;1.0000;0;0
600;2014-06-12 14:40:00;172602N232;3523;19.737;44;225;224;229;223;5.216;50.00;395.1;4.552;390.4;4.562;0.0;0.000;60;0;0;5.132;5.346;5.170;1148;1224;1147;50.00;50.00;50.00;6611;1000;0.0;0;1.0000;0;0
600;2014-06-12 14:50:00;172602N232;3340;20.294;44;225;223;229;222;4.937;49.99;389.7;4.374;386.5;4.350;0.0;0.000;60;0;0;4.825;5.097;4.889;1077;1175;1086;49.99;49.99;49.99;6611;1000;0.0;0;1.0000;0;0
600;2014-06-12 15:00:00;172602N232;4314;21.011;44;226;224;231;223;6.346;49.99;381.9;5.770;379.8;5.762;0.0;0.000;60;0;0;6.230;6.547;6.263;1399;1516;1395;49.99;49.99;49.99;6611;1000;0.0;0;1.0000;0;0
600;2014-06-12 15:10:00;172602N232;4694;21.794;44;228;227;232;224;6.867;49.98;373.5;6.423;372.2;6.409;0.0;0.000;60;0;0;6.776;7.066;6.761;1535;1638;1514;49.98;49.98;49.98;6611;1000;0.0;0;1.0000;0;0
600;2014-06-12 15:20:00;172602N232;4618;22.562;45;230;229;234;227;6.689;49.99;374.3;6.293;374.1;6.263;0.0;0.000;60;0;0;6.622;6.833;6.613;1518;1597;1500;49.99;49.99;49.99;6611;1000;0.0;0;1.0000;0;0
600;2014-06-12 15:30:00;172602N232;2414;22.965;45;228;228;231;226;3.532;50.00;387.1;3.147;384.1;3.161;0.0;0.000;60;0;0;3.471;3.613;3.513;786;837;790;50.00;50.00;50.00;6611;1000;0.0;0;1.0000;0;0
600;2014-06-12 15:40:00;172602N232;5340;23.854;45;231;230;236;227;7.699;50.00;378.6;7.195;379.3;7.157;0.0;0.000;60;0;0;7.607;7.912;7.579;1750;1866;1723;50.00;50.00;50.00;6611;1000;0.0;0;1.0000;0;0
600;2014-06-12 15:50:00;172602N232;4707;24.639;45;230;230;235;227;6.805;50.00;375.2;6.402;374.7;6.381;0.0;0.000;60;0;0;6.734;6.986;6.695;1549;1639;1516;50.00;50.00;50.00;6611;1000;0.0;0;1.0000;0;0
600;2014-06-12 16:00:00;172602N232;4075;25.318;45;230;229;234;226;5.912;50.01;372.7;5.548;371.1;5.558;0.0;0.000;60;0;0;5.836;6.075;5.827;1334;1421;1318;50.01;50.01;50.01;6611;1000;0.0;0;1.0000;0;0
600;2014-06-12 16:10:00;172602N232;4565;26.079;45;230;229;234;226;6.620;49.99;391.4;5.847;377.3;6.247;0.0;0.000;60;0;0;6.556;6.802;6.504;1503;1591;1469;49.99;49.99;49.99;6611;1000;0.0;0;1.0000;0;0
600;2014-06-12 16:20:00;172602N232;4363;26.807;45;229;229;233;225;6.357;50.00;368.7;5.951;379.4;5.915;0.0;0.000;60;0;0;6.300;6.510;6.261;1441;1514;1406;50.00;50.00;50.00;6611;1000;0.0;0;1.0000;0;0
600;2014-06-12 16:30:00;172602N232;3396;27.372;45;228;227;231;224;4.973;49.99;375.1;4.545;382.8;4.533;0.0;0.000;60;0;0;4.916;5.099;4.905;1116;1183;1097;49.99;49.99;49.99;6611;1000;0.0;0;1.0000;0;0
600;2014-06-12 16:40:00;172602N232;2357;27.766;44;226;225;229;223;3.499;49.99;382.4;3.093;386.2;3.127;0.0;0.000;60;0;0;3.450;3.577;3.472;771;813;770;49.99;49.99;49.99;6611;1000;0.0;0;1.0000;0;0
600;2014-06-12 16:50:00;172602N232;1286;27.980;44;226;226;227;225;1.929;49.99;392.4;1.633;393.9;1.640;0.0;0.000;60;0;0;1.880;1.976;1.931;415;443;426;49.99;49.99;49.99;6611;1000;0.0;0;1.0000;0;0
600;2014-06-12 17:00:00;172602N232;2267;28.359;43;228;228;230;226;3.370;49.99;392.8;2.869;398.3;2.885;0.0;0.000;60;0;0;3.348;3.432;3.332;747;781;740;49.99;49.99;49.99;6611;1000;0.0;0;1.0000;0;0
600;2014-06-12 17:10:00;172602N232;3133;28.884;43;228;228;232;224;4.661;49.99;382.7;4.093;391.9;4.072;0.0;0.000;60;0;0;4.620;4.784;4.579;1031;1093;1011;49.99;49.99;49.99;6611;1000;0.0;0;1.0000;0;0
600;2014-06-12 17:20:00;172602N232;2706;29.335;44;228;229;231;225;3.961;49.99;385.9;3.466;392.9;3.495;0.0;0.000;60;0;0;3.938;4.045;3.900;899;931;873;49.99;49.99;49.99;6611;1000;0.0;0;1.0000;0;0
600;2014-06-12 17:30:00;172602N232;1935;29.657;44;226;227;229;223;2.869;50.00;385.6;2.408;394.4;2.510;0.0;0.000;60;0;0;2.830;2.947;2.832;636;672;626;50.00;50.00;50.00;6611;1000;0.0;0;1.0000;0;0
600;2014-06-12 17:40:00;172602N232;2602;30.092;44;225;226;229;222;3.871;50.00;379.2;3.384;398.9;3.370;0.0;0.000;60;0;0;3.840;3.957;3.817;859;902;841;50.00;50.00;50.00;6611;1000;0.0;0;1.0000;0;0
600;2014-06-12 17:50:00;172602N232;3182;30.622;44;226;227;229;221;4.703;50.03;374.3;4.209;395.9;4.171;0.0;0.000;60;0;0;4.682;4.808;4.621;1060;1101;1020;50.03;50.03;50.03;6611;1000;0.0;0;1.0000;0;0
600;2014-06-12 18:00:00;172602N232;1773;30.918;44;223;222;227;220;2.671;50.01;376.4;2.342;394.7;2.299;0.0;0.000;60;0;0;2.609;2.767;2.639;575;622;574;50.01;50.01;50.01;6611;1000;0.0;0;1.0000;0;0
600;2014-06-12 18:10:00;172602N232;771;31.046;43;221;221;224;219;1.203;49.99;396.0;0.953;397.0;0.980;0.0;0.000;60;0;0;1.144;1.257;1.209;242;271;256;49.99;49.99;49.99;6611;1000;0.0;0;1.0000;0;0
600;2014-06-12 18:20:00;172602N232;1932;31.369;43;223;222;227;220;2.912;49.99;377.1;2.516;405.8;2.468;0.0;0.000;60;0;0;2.841;3.001;2.894;624;674;631;49.99;49.99;49.99;6611;1000;0.0;0;1.0000;0;0
600;2014-06-12 18:30:00;172602N232;1928;31.689;43;223;222;226;220;2.901;49.97;372.5;2.540;397.1;2.505;0.0;0.000;60;0;0;2.831;2.983;2.889;622;671;631;49.97;49.97;49.97;6611;1000;0.0;0;1.0000;0;0
600;2014-06-12 18:40:00;172602N232;1034;31.862;42;223;223;226;220;1.574;50.00;368.0;1.347;395.3;1.356;0.0;0.000;60;0;0;1.520;1.628;1.574;331;360;341;50.00;50.00;50.00;6611;1000;0.0;0;1.0000;0;0
600;2014-06-12 18:50:00;172602N232;969;32.023;42;224;224;226;221;1.804;49.99;366.5;1.273;392.8;1.271;0.0;0.000;60;0;0;1.791;1.872;1.750;307;334;326;49.99;49.99;49.99;6611;1000;0.0;0;1.0000;0;0
600;2014-06-12 19:00:00;172602N232;1693;32.305;42;225;224;227;223;2.607;49.99;366.7;2.203;397.3;2.243;0.0;0.000;60;0;0;2.564;2.676;2.582;552;583;557;49.99;49.99;49.99;6611;1000;0.0;0;1.0000;0;0
600;2014-06-12 19:10:00;172602N232;618;32.410;42;223;223;226;221;1.236;49.99;365.0;0.809;391.3;0.820;0.0;0.000;60;0;0;1.188;1.338;1.183;195;212;209;49.99;49.99;49.99;6611;1000;0.0;0;1.0000;0;0
600;2014-06-12 19:20:00;172602N232;784;32.540;42;223;223;226;220;1.202;49.99;356.6;1.015;395.1;1.067;0.0;0.000;60;0;0;1.147;1.253;1.207;247;275;259;49.99;49.99;49.99;6611;1000;0.0;0;1.0000;0;0
600;2014-06-12 19:30:00;172602N232;737;32.663;41;222;223;224;221;1.211;49.99;385.4;0.815;395.5;1.072;0.0;0.000;60;0;0;1.176;1.251;1.207;233;257;246;49.99;49.99;49.99;6611;1000;0.0;0;1.0000;0;0
600;2014-06-12 19:40:00;172602N232;350;32.722;41;222;222;224;221;0.978;50.00;386.7;0.398;390.5;0.477;0.0;0.000;60;0;0;0.976;1.069;0.891;109;119;120;50.00;50.00;50.00;6611;1000;0.0;0;1.0000;0;0
600;2014-06-12 19:50:00;172602N232;338;32.779;41;223;223;225;221;1.177;49.99;385.2;0.410;395.2;0.427;0.0;0.000;60;0;0;1.197;1.290;1.046;95;114;127;49.99;49.99;49.99;6611;1000;0.0;0;1.0000;0;0
600;2014-06-12 20:00:00;172602N232;389;32.843;40;224;224;224;222;1.186;49.99;398.6;0.463;398.4;0.486;0.0;0.000;60;0;0;1.201;1.247;1.112;102;144;141;49.99;49.99;49.99;6611;1000;0.0;0;1.0000;0;0
600;2014-06-12 20:10:00;172602N232;327;32.897;40;224;224;225;223;1.138;49.99;394.1;0.392;395.5;0.407;0.0;0.000;60;0;0;1.225;1.168;1.021;91;120;114;49.99;49.99;49.99;6611;1000;0.0;0;1.0000;0;0
600;2014-06-12 20:20:00;172602N232;267;32.943;39;225;226;226;222;1.141;49.99;391.3;0.318;392.8;0.331;0.0;0.000;60;0;0;1.344;1.218;0.861;58;109;97;49.99;49.99;49.99;6611;1000;0.0;0;1.0000;0;0
600;2014-06-12 20:30:00;172602N232;167;32.970;39;225;226;226;223;0.862;49.98;376.2;0.201;384.3;0.204;0.0;0.000;60;0;0;0.769;1.198;0.619;18;79;69;49.98;49.98;49.98;6611;1000;0.0;0;1.0000;0;0
600;2014-06-12 20:40:00;172602N232;145;32.996;39;223;224;225;222;0.854;49.99;373.5;0.173;382.7;0.176;0.0;0.000;60;0;0;0.865;1.002;0.697;19;51;73;49.99;49.99;49.99;6611;1000;0.0;0;1.0000;0;0
600;2014-06-12 20:50:00;172602N232;118;33.015;38;222;222;222;220;0.838;49.97;368.8;0.140;379.0;0.142;0.0;0.000;60;0;0;0.890;0.922;0.702;14;37;65;49.97;49.97;49.97;6611;1000;0.0;0;1.0000;0;0
600;2014-06-12 21:00:00;172602N232;65;33.026;38;222;222;224;220;0.713;49.99;345.6;0.071;359.6;0.075;0.0;0.000;60;0;0;0.682;0.904;0.553;13;10;43;49.99;49.99;49.99;6611;1000;0.0;0;1.0000;0;0
600;2014-06-12 21:10:00;172602N232;26;33.031;38;223;224;225;222;0.459;49.99;301.1;0.021;314.0;0.025;0.0;0.000;60;0;0;0.448;0.599;0.332;5;3;23;49.99;49.99;49.99;6611;1000;0.0;0;1.0000;0;0
600;2014-06-12 21:20:00;172602N232;4;33.032;38;223;224;225;221;0.216;50.00;251.3;0.000;256.9;0.000;0.0;0.000;60;0;0;0.179;0.283;0.186;1;1;10;50.00;50.00;50.00;6611;1000;0.0;0;1.0000;0;0
600;2014-06-12 21:30:00;172602N232;4;33.031;37;226;228;226;224;0.186;50.01;251.5;0.000;256.1;0.000;0.0;0.000;60;0;0;0.239;0.177;0.143;0;5;8;50.01;50.01;50.01;6611;1000;0.0;0;1.0000;0;0
600;2014-06-12 21:40:00;172602N232;3;33.033;37;227;228;227;225;0.183;50.02;253.3;0.000;253.7;0.000;0.0;0.000;60;0;0;0.269;0.156;0.126;0;6;6;50.02;50.02;50.02;6611;1000;0.0;0;1.0000;0;0
600;2014-06-12 21:50:00;172602N232;9;33.034;37;226;227;227;223;0.251;49.99;260.7;0.003;264.8;0.007;0.0;0.000;60;0;0;0.394;0.212;0.147;5;6;8;49.99;49.99;49.99;6611;1000;0.0;0;1.0000;0;0
600;2014-06-12 22:00:00;172602N232;0;33.034;36;224;225;226;220;0.000;49.99;306.2;0.000;304.5;0.000;0.0;0.000;51;0;0;0.002;0.000;0.000;0;0;0;49.99;49.99;49.99;8622;1000;0.0;0;1.0000;0;0
600;2014-06-12 22:10:00;172602N232;0;33.034;35;223;223;225;220;0.000;49.99;254.2;0.000;254.4;0.000;0.0;0.000;51;0;0;0.000;0.000;0.000;0;0;0;49.99;49.99;49.99;13476;1000;0.0;0;1.0000;0;0
600;2014-06-12 22:20:00;172602N232;0;33.034;35;222;223;224;220;0.000;50.00;227.5;0.000;228.4;0.000;0.0;0.000;51;0;0;0.000;0.000;0.000;0;0;0;50.00;50.00;50.00;13476;1000;0.0;0;1.0000;0;0
[wr_ende]
