20170603;230003;172602N232;My Plant;+0100
[wr_def_start]
172602N232;Inverter Type;Inverter Group;72602N232      
[wr_def_end]
[wr]
INTERVAL;TIMESTAMP;SERIAL;P_AC;E_DAY;T_WR;U_AC;U_AC_1;U_AC_2;U_AC_3;I_AC;F_AC;U_DC_1;I_DC_1;U_DC_2;I_DC_2;U_DC_3;I_DC_3;S;E_WR;M_WR;I_AC_1;I_AC_2;I_AC_3;P_AC_1;P_AC_2;P_AC_3;F_AC_1;F_AC_2;F_AC_3;R_DC;PC;PCS;PCS_LL;COS_PHI;COS_PHI_LL;S_COS_PHI
600;2017-06-03 03:30:00;172602N232;0;0.000;0;7;7;7;7;0.000;1.63;7.3;0.000;7.3;0.000;0.0;0.000;50;0;0;0.000;0.000;0.000;0;0;0;1.63;1.63;1.63;93;1000;0.0;0;1.0000;0;0
600;2017-06-03 03:40:00;172602N232;0;0.000;29;227;227;230;224;0.000;50.00;227.7;0.000;228.6;0.000;0.0;0.000;50;0;0;0.000;0.000;0.000;0;0;0;50.00;50.00;50.00;0;1000;0.0;0;1.0000;0;0
600;2017-06-03 03:50:00;172602N232;0;0.000;30;227;227;230;224;0.000;49.99;230.1;0.000;231.0;0.000;0.0;0.000;50;0;0;0.000;0.000;0.000;0;0;0;49.99;49.99;49.99;0;1000;0.0;0;1.0000;0;0
600;2017-06-03 04:00:00;172602N232;0;0.000;30;227;227;230;224;0.000;50.01;244.3;0.000;245.1;0.000;0.0;0.000;50;0;0;0.000;0.000;0.000;0;0;0;50.01;50.01;50.01;0;1000;0.0;0;1.0000;0;0
600;2017-06-03 04:10:00;172602N232;0;0.000;30;227;227;230;225;0.001;50.00;285.0;0.000;284.0;0.000;0.0;0.000;60;0;0;0.002;0.001;0.001;0;0;0;50.00;50.00;50.01;2153;1000;0.0;0;1.0000;0;0
600;2017-06-03 04:20:00;172602N232;3;0.001;31;227;227;229;226;0.173;49.98;270.8;0.000;265.9;0.000;0.0;0.000;60;0;0;0.160;0.219;0.142;0;0;7;49.98;49.98;49.98;3952;1000;0.0;0;1.0000;0;0
600;2017-06-03 04:30:00;172602N232;38;0.006;31;227;227;228;227;0.537;49.99;349.3;0.034;340.1;0.031;0.0;0.000;60;0;0;0.505;0.734;0.374;10;4;24;49.99;49.99;49.99;3934;1000;0.0;0;1.0000;0;0
600;2017-06-03 04:40:00;172602N232;55;0.016;31;227;227;228;226;0.682;50.02;370.0;0.057;376.0;0.048;0.0;0.000;60;0;0;0.668;0.892;0.487;14;8;32;50.02;50.02;50.02;3934;1000;0.0;0;1.0000;0;0
600;2017-06-03 04:50:00;172602N232;55;0.024;32;228;228;229;227;0.762;50.03;373.1;0.057;380.6;0.047;0.0;0.000;60;0;0;0.703;1.017;0.568;14;6;38;50.03;50.03;50.03;3934;1000;0.0;0;1.0000;0;0
600;2017-06-03 05:00:00;172602N232;89;0.040;32;227;227;228;227;0.918;50.04;391.6;0.103;398.4;0.084;0.0;0.000;60;0;0;0.847;1.162;0.747;21;9;57;50.04;50.04;50.04;3934;1000;0.0;0;1.0000;0;0
600;2017-06-03 05:10:00;172602N232;135;0.062;32;227;227;228;226;0.943;50.03;405.2;0.161;408.3;0.132;0.0;0.000;60;0;0;0.797;1.287;0.745;31;36;66;50.03;50.03;50.03;3934;1000;0.0;0;1.0000;0;0
600;2017-06-03 05:20:00;172602N232;182;0.092;33;227;227;229;227;0.932;50.00;413.8;0.221;405.0;0.183;0.0;0.000;60;0;0;0.838;1.247;0.712;47;61;72;50.00;50.00;50.00;3934;1000;0.0;0;1.0000;0;0
600;2017-06-03 05:30:00;172602N232;249;0.134;33;227;227;228;226;1.081;50.00;410.8;0.303;420.9;0.259;0.0;0.000;60;0;0;1.117;1.277;0.849;71;95;82;50.00;50.00;50.00;3934;1000;0.0;0;1.0000;0;0
600;2017-06-03 05:40:00;172602N232;325;0.188;33;227;227;228;226;1.169;50.00;423.9;0.400;414.6;0.342;0.0;0.000;60;0;0;1.285;1.266;0.958;107;115;101;50.00;50.00;50.00;3934;1000;0.0;0;1.0000;0;0
600;2017-06-03 05:50:00;172602N232;311;0.240;33;227;226;227;226;1.145;49.99;423.7;0.389;410.4;0.321;0.0;0.000;60;0;0;1.192;1.235;1.009;94;113;102;49.99;49.99;49.99;3934;1000;0.0;0;1.0000;0;0
600;2017-06-03 06:00:00;172602N232;275;0.286;34;226;226;227;225;1.113;50.00;417.9;0.341;405.6;0.290;0.0;0.000;60;0;0;1.180;1.233;0.928;72;104;97;50.00;50.00;50.00;3934;1000;0.0;0;1.0000;0;0
600;2017-06-03 06:10:00;172602N232;358;0.347;34;226;226;227;226;1.081;50.01;411.9;0.452;406.7;0.392;0.0;0.000;60;0;0;1.122;1.120;1.002;116;126;114;50.01;50.01;50.01;3934;1000;0.0;0;1.0000;0;0
600;2017-06-03 06:20:00;172602N232;500;0.430;34;226;226;227;226;0.794;50.03;419.5;0.625;412.0;0.555;0.0;0.000;60;0;0;0.739;0.835;0.810;153;176;169;50.03;50.03;50.03;3934;1000;0.0;0;1.0000;0;0
600;2017-06-03 06:30:00;172602N232;509;0.515;35;226;226;227;226;0.833;50.00;427.8;0.652;403.3;0.546;0.0;0.000;60;0;0;0.791;0.869;0.839;156;179;172;50.00;50.00;50.00;3934;1000;0.0;0;1.0000;0;0
600;2017-06-03 06:40:00;172602N232;310;0.567;35;225;226;226;224;0.970;50.00;420.4;0.412;397.0;0.310;0.0;0.000;60;0;0;1.031;1.037;0.843;90;115;103;50.00;50.00;50.00;3934;1000;0.0;0;1.0000;0;0
600;2017-06-03 06:50:00;172602N232;438;0.639;36;225;225;225;224;1.093;50.00;426.8;0.567;406.4;0.452;0.0;0.000;60;0;0;1.131;1.132;1.017;142;157;138;50.00;50.00;50.00;3934;1000;0.0;0;1.0000;0;0
600;2017-06-03 07:00:00;172602N232;661;0.750;36;224;225;226;223;1.083;50.00;430.2;0.855;407.1;0.702;0.0;0.000;60;0;0;1.063;1.096;1.091;210;227;223;50.00;50.00;50.00;3934;1000;0.0;0;1.0000;0;0
600;2017-06-03 07:10:00;172602N232;867;0.895;36;225;225;226;223;1.317;50.01;430.5;1.127;409.0;0.921;0.0;0.000;60;0;0;1.265;1.360;1.328;275;301;289;50.01;50.01;50.01;3934;1000;0.0;0;1.0000;0;0
600;2017-06-03 07:20:00;172602N232;981;1.058;37;224;225;225;222;1.484;50.02;433.0;1.245;406.9;1.077;0.0;0.000;60;0;0;1.438;1.526;1.488;316;339;324;50.02;50.02;50.02;3934;1000;0.0;0;1.0000;0;0
600;2017-06-03 07:30:00;172602N232;1123;1.246;37;224;224;226;221;1.737;49.98;432.2;1.409;418.1;1.223;0.0;0.000;60;0;0;1.688;1.802;1.721;360;393;367;49.98;49.98;49.98;3934;1000;0.0;0;1.0000;0;0
600;2017-06-03 07:40:00;172602N232;1072;1.424;37;223;222;225;223;1.639;50.00;426.6;1.333;412.7;1.215;0.0;0.000;60;0;0;1.578;1.690;1.650;340;371;359;50.00;50.00;50.00;3934;1000;0.0;0;1.0000;0;0
600;2017-06-03 07:50:00;172602N232;944;1.581;38;222;221;224;222;1.444;50.01;422.0;1.167;417.8;1.070;0.0;0.000;60;0;0;1.388;1.482;1.462;298;326;317;50.01;50.01;50.01;3934;1000;0.0;0;1.0000;0;0
600;2017-06-03 08:00:00;172602N232;794;1.715;38;223;221;225;222;1.230;50.00;418.9;0.979;418.9;0.901;0.0;0.000;60;0;0;1.167;1.278;1.245;248;277;266;50.00;50.00;50.00;3934;1000;0.0;0;1.0000;0;0
600;2017-06-03 08:10:00;172602N232;883;1.862;38;223;223;225;222;1.350;50.01;420.8;1.079;420.0;1.007;0.0;0.000;60;0;0;1.295;1.392;1.365;280;306;295;50.01;50.01;50.01;3934;1000;0.0;0;1.0000;0;0
600;2017-06-03 08:20:00;172602N232;1043;2.036;38;223;222;225;221;1.606;49.99;421.4;1.280;422.0;1.186;0.0;0.000;60;0;0;1.563;1.643;1.612;334;361;346;49.99;49.99;49.99;3934;1000;0.0;0;1.0000;0;0
600;2017-06-03 08:30:00;172602N232;1308;2.254;39;223;223;224;222;2.030;50.00;420.0;1.665;415.6;1.472;0.0;0.000;60;0;0;1.998;2.055;2.037;423;448;436;50.00;50.00;50.00;3934;1000;0.0;0;1.0000;0;0
600;2017-06-03 08:40:00;172602N232;1381;2.484;39;223;224;223;222;2.112;49.99;417.1;1.776;404.9;1.591;0.0;0.000;60;0;0;2.092;2.133;2.111;452;469;459;49.99;49.99;49.99;3934;1000;0.0;0;1.0000;0;0
600;2017-06-03 08:50:00;172602N232;1306;2.703;39;222;223;223;221;1.978;50.01;415.2;1.678;402.4;1.523;0.0;0.000;60;0;0;1.941;2.009;1.986;426;444;435;50.01;50.01;50.01;3934;1000;0.0;0;1.0000;0;0
600;2017-06-03 09:00:00;172602N232;1568;2.963;39;222;221;225;221;2.366;50.00;414.6;2.076;407.6;1.751;0.0;0.000;60;0;0;2.291;2.430;2.377;502;542;522;50.00;50.00;50.00;3934;1000;0.0;0;1.0000;0;0
600;2017-06-03 09:10:00;172602N232;1914;3.283;39;223;222;226;223;2.868;50.00;408.0;2.696;413.1;1.999;0.0;0.000;60;0;0;2.786;2.932;2.888;614;658;640;50.00;50.00;50.00;3934;1000;0.0;0;1.0000;0;0
600;2017-06-03 09:20:00;172602N232;1809;3.584;40;223;222;226;222;2.713;50.00;406.0;2.508;405.3;1.981;0.0;0.000;60;0;0;2.641;2.779;2.721;583;624;600;50.00;50.00;50.00;3934;1000;0.0;0;1.0000;0;0
600;2017-06-03 09:30:00;172602N232;1962;3.911;40;223;222;226;222;2.941;50.01;401.9;2.816;385.2;2.215;0.0;0.000;60;0;0;2.864;3.015;2.946;633;677;650;50.01;50.01;50.01;3934;1000;0.0;0;1.0000;0;0
600;2017-06-03 09:40:00;172602N232;1612;4.181;40;223;222;224;223;2.424;49.99;399.6;2.298;382.7;1.854;0.0;0.000;60;0;0;2.361;2.468;2.443;521;549;540;49.99;49.99;49.99;3934;1000;0.0;0;1.0000;0;0
600;2017-06-03 09:50:00;172602N232;1436;4.419;40;223;222;225;222;2.160;50.00;400.8;2.069;384.7;1.593;0.0;0.000;60;0;0;2.100;2.213;2.169;463;494;477;50.00;50.00;50.00;3934;1000;0.0;0;1.0000;0;0
600;2017-06-03 10:00:00;172602N232;1970;4.749;40;224;223;226;222;2.957;49.99;402.3;2.817;358.7;2.438;0.0;0.000;60;0;0;2.898;3.029;2.945;640;680;648;49.99;49.99;49.99;3934;1000;0.0;0;1.0000;0;0
600;2017-06-03 10:10:00;172602N232;3731;5.371;41;226;224;230;223;5.514;49.99;390.6;5.316;361.2;4.776;0.0;0.000;60;0;0;5.423;5.680;5.441;1213;1304;1211;49.99;49.99;49.99;3934;1000;0.0;0;1.0000;0;0
600;2017-06-03 10:20:00;172602N232;3540;5.960;41;225;225;229;223;5.236;49.99;382.4;5.041;352.0;4.757;0.0;0.000;60;0;0;5.173;5.373;5.164;1161;1227;1149;49.99;49.99;49.99;3934;1000;0.0;0;1.0000;0;0
600;2017-06-03 10:30:00;172602N232;4119;6.646;42;226;225;230;224;6.074;49.99;374.8;5.952;338.7;5.801;0.0;0.000;60;0;0;5.978;6.236;6.009;1340;1435;1343;49.99;49.99;49.99;3934;1000;0.0;0;1.0000;0;0
600;2017-06-03 10:40:00;172602N232;4445;7.387;42;226;225;231;223;6.544;49.99;367.0;6.451;349.8;6.185;0.0;0.000;60;0;0;6.447;6.738;6.449;1450;1555;1438;49.99;49.99;49.99;3934;1000;0.0;0;1.0000;0;0
600;2017-06-03 10:50:00;172602N232;2439;7.795;43;224;223;227;222;3.631;49.99;378.4;3.489;376.3;3.078;0.0;0.000;60;0;0;3.554;3.727;3.614;791;845;801;49.99;49.99;49.99;3934;1000;0.0;0;1.0000;0;0
600;2017-06-03 11:00:00;172602N232;1228;7.999;42;222;221;224;222;1.912;49.98;397.9;1.640;392.6;1.470;0.0;0.000;60;0;0;1.840;1.962;1.936;392;422;412;49.98;49.98;49.98;3934;1000;0.0;0;1.0000;0;0
600;2017-06-03 11:10:00;172602N232;1657;8.274;42;223;223;225;221;2.491;49.98;408.4;2.102;409.9;1.966;0.0;0.000;60;0;0;2.431;2.553;2.489;537;571;546;49.98;49.98;49.98;3934;1000;0.0;0;1.0000;0;0
600;2017-06-03 11:20:00;172602N232;1646;8.550;42;223;223;225;222;2.497;49.97;405.3;2.122;398.8;1.986;0.0;0.000;60;0;0;2.456;2.542;2.494;537;565;543;49.97;49.97;49.97;3934;1000;0.0;0;1.0000;0;0
600;2017-06-03 11:30:00;172602N232;985;8.714;42;223;223;225;222;1.503;49.99;408.0;1.240;404.8;1.177;0.0;0.000;60;0;0;1.457;1.541;1.513;316;340;328;49.99;49.99;49.99;3934;1000;0.0;0;1.0000;0;0
600;2017-06-03 11:40:00;172602N232;678;8.828;42;223;223;224;222;1.055;49.99;406.7;0.851;403.7;0.804;0.0;0.000;60;0;0;1.002;1.097;1.067;213;237;227;49.99;49.99;49.99;3934;1000;0.0;0;1.0000;0;0
600;2017-06-03 11:50:00;172602N232;582;8.924;41;223;223;223;222;0.975;49.98;404.5;0.728;407.6;0.683;0.0;0.000;60;0;0;0.948;0.996;0.982;184;201;195;49.98;49.98;49.98;3934;1000;0.0;0;1.0000;0;0
600;2017-06-03 12:00:00;172602N232;961;9.085;41;223;223;224;222;1.477;50.00;412.8;1.209;410.2;1.116;0.0;0.000;60;0;0;1.430;1.517;1.484;308;332;319;50.00;50.00;50.00;3934;1000;0.0;0;1.0000;0;0
600;2017-06-03 12:10:00;172602N232;1184;9.282;41;223;222;225;221;1.840;50.01;411.0;1.519;410.7;1.362;0.0;0.000;60;0;0;1.793;1.887;1.840;379;409;394;50.01;50.01;50.01;3934;1000;0.0;0;1.0000;0;0
600;2017-06-03 12:20:00;172602N232;1426;9.520;41;223;222;226;222;2.154;50.00;412.0;1.830;402.9;1.678;0.0;0.000;60;0;0;2.081;2.216;2.166;456;493;475;50.00;50.00;50.00;3934;1000;0.0;0;1.0000;0;0
600;2017-06-03 12:30:00;172602N232;936;9.676;41;223;222;225;222;1.444;49.99;406.8;1.215;395.8;1.108;0.0;0.000;60;0;0;1.382;1.492;1.458;295;326;312;49.99;49.99;49.99;3934;1000;0.0;0;1.0000;0;0
600;2017-06-03 12:40:00;172602N232;643;9.784;41;223;221;226;222;1.074;49.99;404.0;0.827;398.9;0.757;0.0;0.000;60;0;0;0.992;1.232;1.000;202;235;205;49.99;49.99;49.99;3934;1000;0.0;0;1.0000;0;0
600;2017-06-03 12:50:00;172602N232;526;9.872;41;223;221;225;222;0.832;50.00;406.6;0.658;406.1;0.615;0.0;0.000;60;0;0;0.773;0.873;0.850;161;185;178;50.00;50.00;50.00;3934;1000;0.0;0;1.0000;0;0
600;2017-06-03 13:00:00;172602N232;603;9.972;41;223;223;224;222;0.943;50.01;406.5;0.751;411.0;0.701;0.0;0.000;60;0;0;0.892;0.978;0.960;189;209;203;50.01;50.01;50.01;3934;1000;0.0;0;1.0000;0;0
600;2017-06-03 13:10:00;172602N232;1170;10.167;41;223;223;224;222;1.819;50.01;412.9;1.472;414.6;1.354;0.0;0.000;60;0;0;1.784;1.836;1.837;377;398;392;50.01;50.01;50.01;3934;1000;0.0;0;1.0000;0;0
600;2017-06-03 13:20:00;172602N232;1136;10.357;41;224;224;226;222;1.733;50.00;409.2;1.426;413.1;1.332;0.0;0.000;60;0;0;1.687;1.774;1.739;366;392;377;50.00;50.00;50.00;3934;1000;0.0;0;1.0000;0;0
600;2017-06-03 13:30:00;172602N232;680;10.470;41;223;223;225;222;1.056;49.98;392.9;0.880;408.4;0.803;0.0;0.000;60;0;0;1.003;1.097;1.069;214;237;228;49.98;49.98;49.98;3934;1000;0.0;0;1.0000;0;0
600;2017-06-03 13:40:00;172602N232;652;10.579;41;223;222;225;222;1.016;50.00;404.2;0.821;407.7;0.764;0.0;0.000;60;0;0;0.962;1.058;1.030;204;228;219;50.00;50.00;50.00;3934;1000;0.0;0;1.0000;0;0
600;2017-06-03 13:50:00;172602N232;822;10.717;41;224;222;227;223;1.259;49.99;417.1;1.005;413.2;0.959;0.0;0.000;60;0;0;1.194;1.307;1.276;256;288;275;49.99;49.99;49.99;3934;1000;0.0;0;1.0000;0;0
600;2017-06-03 14:00:00;172602N232;868;10.861;41;224;223;225;223;1.328;50.00;418.0;1.065;413.7;1.006;0.0;0.000;60;0;0;1.279;1.361;1.344;276;299;291;50.00;50.00;50.00;3934;1000;0.0;0;1.0000;0;0
600;2017-06-03 14:10:00;172602N232;705;10.979;41;223;223;225;222;1.091;50.00;410.1;0.886;406.3;0.822;0.0;0.000;60;0;0;1.040;1.130;1.104;222;245;236;50.00;50.00;50.00;3934;1000;0.0;0;1.0000;0;0
600;2017-06-03 14:20:00;172602N232;483;11.060;41;223;223;224;222;0.962;49.99;404.0;0.600;402.4;0.571;0.0;0.000;60;0;0;0.928;1.022;0.936;149;172;160;49.99;49.99;49.99;3934;1000;0.0;0;1.0000;0;0
600;2017-06-03 14:30:00;172602N232;740;11.183;41;223;223;225;222;1.143;50.00;412.3;0.899;414.2;0.876;0.0;0.000;60;0;0;1.091;1.183;1.157;233;257;248;50.00;50.00;50.00;3934;1000;0.0;0;1.0000;0;0
600;2017-06-03 14:40:00;172602N232;1210;11.385;41;224;224;226;222;1.845;50.00;405.3;1.503;421.0;1.424;0.0;0.000;60;0;0;1.801;1.889;1.846;391;417;400;50.00;50.00;50.00;3934;1000;0.0;0;1.0000;0;0
600;2017-06-03 14:50:00;172602N232;1186;11.582;41;222;227;226;214;1.824;50.00;406.9;1.491;415.4;1.391;0.0;0.000;60;0;0;1.818;1.891;1.765;396;420;368;50.00;50.00;50.00;3934;1000;0.0;0;1.0000;0;0
600;2017-06-03 15:00:00;172602N232;880;11.729;41;222;227;227;213;1.359;50.01;404.7;1.108;410.7;1.038;0.0;0.000;60;0;0;1.337;1.428;1.314;290;315;273;50.01;50.01;50.01;3934;1000;0.0;0;1.0000;0;0
600;2017-06-03 15:10:00;172602N232;741;11.853;41;222;226;227;213;1.175;50.00;406.3;0.922;412.4;0.872;0.0;0.000;60;0;0;1.176;1.224;1.125;243;265;231;50.00;50.00;50.00;3934;1000;0.0;0;1.0000;0;0
600;2017-06-03 15:20:00;172602N232;479;11.934;41;222;226;227;212;1.025;49.98;398.5;0.604;403.8;0.563;0.0;0.000;60;0;0;1.050;1.024;1.003;157;172;148;49.98;49.98;49.98;3934;1000;0.0;0;1.0000;0;0
600;2017-06-03 15:30:00;172602N232;444;12.008;41;222;226;226;213;1.045;49.99;397.1;0.557;403.2;0.523;0.0;0.000;60;0;0;1.006;1.140;0.991;143;165;133;49.99;49.99;49.99;3934;1000;0.0;0;1.0000;0;0
600;2017-06-03 15:40:00;172602N232;463;12.085;41;223;224;224;220;0.875;50.00;398.1;0.577;413.7;0.536;0.0;0.000;60;0;0;0.830;0.932;0.864;145;166;150;50.00;50.00;50.00;3934;1000;0.0;0;1.0000;0;0
600;2017-06-03 15:50:00;172602N232;420;12.155;41;222;222;222;221;0.732;49.99;404.7;0.519;405.2;0.489;0.0;0.000;60;0;0;0.690;0.766;0.741;127;149;142;49.99;49.99;49.99;3934;1000;0.0;0;1.0000;0;0
600;2017-06-03 16:00:00;172602N232;456;12.231;40;222;221;222;222;1.051;49.99;412.5;0.547;413.3;0.525;0.0;0.000;60;0;0;0.972;1.063;1.119;134;163;158;49.99;49.99;49.99;3934;1000;0.0;0;1.0000;0;0
600;2017-06-03 16:10:00;172602N232;928;12.386;40;222;221;222;222;1.466;50.00;410.7;1.137;424.6;1.072;0.0;0.000;60;0;0;1.438;1.483;1.479;298;315;313;50.00;50.00;50.00;3934;1000;0.0;0;1.0000;0;0
600;2017-06-03 16:20:00;172602N232;1184;12.584;40;222;222;222;221;1.838;49.99;415.2;1.478;414.8;1.371;0.0;0.000;60;0;0;1.798;1.859;1.859;384;401;397;49.99;49.99;49.99;3934;1000;0.0;0;1.0000;0;0
600;2017-06-03 16:30:00;172602N232;509;12.667;40;221;220;223;220;1.067;49.99;407.7;0.660;392.4;0.582;0.0;0.000;60;0;0;0.994;1.174;1.033;154;172;181;49.99;49.99;49.99;3934;1000;0.0;0;1.0000;0;0
600;2017-06-03 16:40:00;172602N232;280;12.715;40;221;219;223;220;1.131;49.99;400.7;0.348;393.0;0.321;0.0;0.000;60;0;0;1.015;1.368;1.011;94;76;107;49.99;49.99;49.99;3934;1000;0.0;0;1.0000;0;0
600;2017-06-03 16:50:00;172602N232;213;12.751;40;220;219;220;221;0.985;49.98;382.8;0.266;397.4;0.244;0.0;0.000;60;0;0;0.883;1.110;0.963;76;85;50;49.98;49.98;49.98;3934;1000;0.0;0;1.0000;0;0
600;2017-06-03 17:00:00;172602N232;268;12.796;40;220;219;220;221;1.038;49.98;389.7;0.325;401.2;0.315;0.0;0.000;60;0;0;0.999;1.106;1.009;82;105;78;49.98;49.98;49.98;3934;1000;0.0;0;1.0000;0;0
600;2017-06-03 17:10:00;172602N232;579;12.893;40;220;218;223;220;0.968;49.98;402.2;0.712;416.7;0.678;0.0;0.000;60;0;0;0.903;1.022;0.981;176;205;195;49.98;49.98;49.98;3934;1000;0.0;0;1.0000;0;0
600;2017-06-03 17:20:00;172602N232;533;12.982;40;221;221;224;218;0.863;50.00;411.9;0.651;413.6;0.614;0.0;0.000;60;0;0;0.803;0.918;0.869;164;190;177;50.00;50.00;50.00;3934;1000;0.0;0;1.0000;0;0
600;2017-06-03 17:30:00;172602N232;381;13.046;40;221;220;224;220;0.965;49.99;403.1;0.464;408.6;0.444;0.0;0.000;60;0;0;0.902;1.064;0.931;106;130;143;49.99;49.99;49.99;3934;1000;0.0;0;1.0000;0;0
600;2017-06-03 17:40:00;172602N232;467;13.123;40;221;221;224;219;1.084;49.99;396.3;0.577;408.9;0.556;0.0;0.000;60;0;0;1.016;1.204;1.034;140;157;169;49.99;49.99;49.99;3934;1000;0.0;0;1.0000;0;0
600;2017-06-03 17:50:00;172602N232;802;13.257;40;222;222;222;221;1.363;49.98;405.8;0.986;417.1;0.954;0.0;0.000;60;0;0;1.480;1.292;1.318;266;264;269;49.98;49.98;49.98;3934;1000;0.0;0;1.0000;0;0
600;2017-06-03 18:00:00;172602N232;1085;13.438;40;222;222;223;221;1.688;49.98;404.0;1.329;419.7;1.303;0.0;0.000;60;0;0;1.641;1.722;1.702;348;372;363;49.98;49.98;49.98;3934;1000;0.0;0;1.0000;0;0
600;2017-06-03 18:10:00;172602N232;928;13.593;40;222;222;224;221;1.422;49.98;404.8;1.138;416.8;1.114;0.0;0.000;60;0;0;1.369;1.464;1.433;295;321;310;49.98;49.98;49.98;3934;1000;0.0;0;1.0000;0;0
600;2017-06-03 18:20:00;172602N232;781;13.723;40;222;221;225;221;1.269;50.01;407.5;0.930;413.3;0.956;0.0;0.000;60;0;0;1.201;1.357;1.251;244;277;258;50.01;50.01;50.01;3934;1000;0.0;0;1.0000;0;0
600;2017-06-03 18:30:00;172602N232;925;13.878;40;223;222;226;221;1.412;50.00;394.0;1.143;411.5;1.143;0.0;0.000;60;0;0;1.345;1.466;1.426;290;324;309;50.00;50.00;50.00;3934;1000;0.0;0;1.0000;0;0
600;2017-06-03 18:40:00;172602N232;678;13.990;40;223;222;224;222;1.050;50.00;405.7;0.858;411.2;0.783;0.0;0.000;60;0;0;0.992;1.092;1.067;211;237;228;50.00;50.00;50.00;3934;1000;0.0;0;1.0000;0;0
600;2017-06-03 18:50:00;172602N232;281;14.038;40;222;221;223;222;1.056;50.00;388.8;0.352;399.0;0.326;0.0;0.000;60;0;0;1.080;1.262;0.827;86;105;89;50.00;50.00;50.00;3934;1000;0.0;0;1.0000;0;0
600;2017-06-03 19:00:00;172602N232;219;14.075;40;222;222;223;221;1.007;49.99;385.0;0.268;393.6;0.257;0.0;0.000;60;0;0;1.076;1.107;0.840;56;76;84;49.99;49.99;49.99;3934;1000;0.0;0;1.0000;0;0
600;2017-06-03 19:10:00;172602N232;276;14.121;40;223;223;223;223;1.076;49.99;391.7;0.333;398.1;0.330;0.0;0.000;60;0;0;1.107;1.193;0.929;78;113;84;49.99;49.99;49.99;3934;1000;0.0;0;1.0000;0;0
600;2017-06-03 19:20:00;172602N232;233;14.160;40;223;222;224;222;1.062;50.01;389.3;0.284;397.0;0.274;0.0;0.000;60;0;0;1.037;1.252;0.897;70;83;79;50.01;50.01;50.01;3934;1000;0.0;0;1.0000;0;0
600;2017-06-03 19:30:00;172602N232;225;14.198;39;223;223;225;222;1.031;50.01;388.0;0.273;397.6;0.264;0.0;0.000;60;0;0;1.047;1.224;0.822;69;71;84;50.01;50.01;50.01;3934;1000;0.0;0;1.0000;0;0
600;2017-06-03 19:40:00;172602N232;222;14.235;39;223;223;225;222;1.054;49.99;389.9;0.269;397.6;0.258;0.0;0.000;60;0;0;0.986;1.335;0.842;61;67;92;49.99;49.99;49.99;3934;1000;0.0;0;1.0000;0;0
600;2017-06-03 19:50:00;172602N232;188;14.267;39;223;224;226;220;1.082;49.99;392.0;0.224;396.3;0.213;0.0;0.000;60;0;0;1.281;1.229;0.738;39;63;85;49.99;49.99;49.99;3934;1000;0.0;0;1.0000;0;0
600;2017-06-03 20:00:00;172602N232;141;14.290;39;222;226;226;214;1.084;50.00;381.5;0.172;391.0;0.156;0.0;0.000;60;0;0;1.659;0.821;0.772;0;79;77;50.00;50.00;50.00;3934;1000;0.0;0;1.0000;0;0
600;2017-06-03 20:10:00;172602N232;72;14.302;39;222;226;225;213;0.812;50.00;362.1;0.081;372.3;0.073;0.0;0.000;60;0;0;1.154;0.642;0.642;0;48;53;50.00;50.00;50.00;3934;1000;0.0;0;1.0000;0;0
600;2017-06-03 20:20:00;172602N232;48;14.311;38;221;226;224;214;0.671;49.99;346.4;0.048;354.8;0.046;0.0;0.000;60;0;0;1.000;0.510;0.503;0;37;40;49.99;49.99;49.99;3934;1000;0.0;0;1.0000;0;0
600;2017-06-03 20:30:00;172602N232;31;14.316;38;222;226;224;214;0.554;49.99;325.4;0.026;327.3;0.026;0.0;0.000;60;0;0;0.794;0.440;0.430;0;29;31;49.99;49.99;49.99;3934;1000;0.0;0;1.0000;0;0
600;2017-06-03 20:40:00;172602N232;17;14.319;38;221;225;225;214;0.386;50.00;287.5;0.011;275.1;0.014;0.0;0.000;60;0;0;0.608;0.305;0.246;0;15;17;50.00;50.00;50.00;3934;1000;0.0;0;1.0000;0;0
600;2017-06-03 20:50:00;172602N232;8;14.321;37;222;224;226;214;0.324;49.99;256.9;0.001;252.3;0.004;0.0;0.000;60;0;0;0.367;0.384;0.221;2;1;14;49.99;49.99;49.99;3934;1000;0.0;0;1.0000;0;0
600;2017-06-03 21:00:00;172602N232;2;14.321;37;222;222;223;221;0.108;49.99;251.4;0.000;252.2;0.000;0.0;0.000;60;0;0;0.136;0.107;0.081;2;2;2;49.99;49.99;49.99;3934;1000;0.0;0;1.0000;0;0
600;2017-06-03 21:10:00;172602N232;0;14.321;37;223;221;224;223;0.000;50.02;262.3;0.000;261.9;0.000;0.0;0.000;60;0;0;0.001;0.000;0.001;0;0;0;50.02;50.02;50.02;6472;1000;0.0;0;1.0000;0;0
600;2017-06-03 21:20:00;172602N232;0;14.320;36;223;221;226;222;0.008;49.99;264.6;0.000;264.0;0.000;0.0;0.000;50;0;0;0.001;0.024;0.000;0;0;0;49.99;49.99;49.99;6761;1000;0.0;0;1.0000;0;0
600;2017-06-03 21:30:00;172602N232;0;14.320;36;223;222;226;222;0.000;50.01;228.1;0.000;229.0;0.000;0.0;0.000;50;0;0;0.000;0.000;0.000;0;0;0;50.01;50.01;50.01;6656;1000;0.0;0;1.0000;0;0
[wr_ende]
