20170923;230003;172602N232;My Plant;+0100
[wr_def_start]
172602N232;Inverter Type;Inverter Group;72602N232      
[wr_def_end]
[wr]
INTERVAL;TIMESTAMP;SERIAL;P_AC;E_DAY;T_WR;U_AC;U_AC_1;U_AC_2;U_AC_3;I_AC;F_AC;U_DC_1;I_DC_1;U_DC_2;I_DC_2;U_DC_3;I_DC_3;S;E_WR;M_WR;I_AC_1;I_AC_2;I_AC_3;P_AC_1;P_AC_2;P_AC_3;F_AC_1;F_AC_2;F_AC_3;R_DC;PC;PCS;PCS_LL;COS_PHI;COS_PHI_LL;S_COS_PHI
600;2017-09-23 06:00:00;172602N232;0;0.000;0;3;3;3;3;0.000;0.73;3.2;0.000;3.2;0.000;0.0;0.000;50;0;0;0.000;0.000;0.000;0;0;0;0.73;0.73;0.73;66;1000;0.0;0;1.0000;0;0
600;2017-09-23 06:10:00;172602N232;0;0.000;24;224;225;227;221;0.000;50.00;229.3;0.000;230.2;0.000;0.0;0.000;50;0;0;0.000;0.000;0.000;0;0;0;50.00;50.00;50.00;0;1000;0.0;0;1.0000;0;0
600;2017-09-23 06:20:00;172602N232;0;0.000;26;224;223;228;220;0.000;50.01;242.9;0.000;243.6;0.000;0.0;0.000;50;0;0;0.000;0.000;0.000;0;0;0;50.01;50.01;50.01;0;1000;0.0;0;1.0000;0;0
600;2017-09-23 06:30:00;172602N232;1;0.000;26;224;224;227;223;0.067;50.00;279.1;0.000;278.0;0.000;0.0;0.000;60;0;0;0.056;0.099;0.047;1;0;2;50.00;50.00;50.00;3196;1000;0.0;0;1.0000;0;0
600;2017-09-23 06:40:00;172602N232;19;0.006;27;224;223;226;223;0.399;49.99;309.3;0.013;280.6;0.013;0.0;0.000;60;0;0;0.390;0.561;0.248;18;0;15;49.99;49.99;49.99;4004;1000;0.0;0;1.0000;0;0
600;2017-09-23 06:50:00;172602N232;59;0.017;27;224;222;226;224;0.701;49.99;375.0;0.063;368.3;0.052;0.0;0.000;60;0;0;0.537;1.048;0.519;32;0;38;49.99;49.99;49.99;4004;1000;0.0;0;1.0000;0;0
600;2017-09-23 07:00:00;172602N232;101;0.032;28;223;223;225;223;0.864;49.99;395.3;0.119;397.3;0.096;0.0;0.000;60;0;0;0.773;1.105;0.716;27;16;56;49.99;49.99;49.99;4004;1000;0.0;0;1.0000;0;0
600;2017-09-23 07:10:00;172602N232;129;0.051;28;223;223;225;222;0.891;49.99;401.1;0.153;404.5;0.128;0.0;0.000;60;0;0;0.819;1.147;0.708;31;32;64;49.99;49.99;49.99;4004;1000;0.0;0;1.0000;0;0
600;2017-09-23 07:20:00;172602N232;170;0.080;28;223;222;225;222;0.954;49.99;406.9;0.208;412.2;0.167;0.0;0.000;60;0;0;0.772;1.310;0.782;48;38;82;49.99;49.99;49.99;4004;1000;0.0;0;1.0000;0;0
600;2017-09-23 07:30:00;172602N232;258;0.123;29;223;222;225;222;1.126;49.99;416.3;0.322;420.5;0.257;0.0;0.000;60;0;0;1.007;1.422;0.950;78;74;104;49.99;49.99;49.99;4004;1000;0.0;0;1.0000;0;0
600;2017-09-23 07:40:00;172602N232;302;0.173;29;223;222;224;222;1.105;49.99;419.2;0.379;423.9;0.302;0.0;0.000;60;0;0;1.120;1.235;0.960;97;107;96;49.99;49.99;49.99;4004;1000;0.0;0;1.0000;0;0
600;2017-09-23 07:50:00;172602N232;379;0.237;29;223;223;224;222;1.128;49.99;422.3;0.483;426.8;0.377;0.0;0.000;60;0;0;1.156;1.187;1.041;112;146;119;49.99;49.99;49.99;4004;1000;0.0;0;1.0000;0;0
600;2017-09-23 08:00:00;172602N232;436;0.309;30;223;222;224;223;0.905;50.00;424.6;0.572;428.9;0.421;0.0;0.000;60;0;0;0.877;0.940;0.898;134;156;144;50.00;50.00;50.00;4004;1000;0.0;0;1.0000;0;0
600;2017-09-23 08:10:00;172602N232;474;0.389;30;223;223;223;221;0.784;50.01;427.8;0.622;429.4;0.457;0.0;0.000;60;0;0;0.742;0.822;0.789;146;167;159;50.01;50.01;50.01;4004;1000;0.0;0;1.0000;0;0
600;2017-09-23 08:20:00;172602N232;539;0.479;31;222;222;225;220;0.849;49.98;428.2;0.694;428.0;0.541;0.0;0.000;60;0;0;0.799;0.897;0.853;167;191;179;49.98;49.98;49.98;4004;1000;0.0;0;1.0000;0;0
600;2017-09-23 08:30:00;172602N232;545;0.569;31;222;223;223;221;0.856;49.98;427.6;0.697;424.6;0.559;0.0;0.000;60;0;0;0.808;0.897;0.865;170;191;182;49.98;49.98;49.98;4004;1000;0.0;0;1.0000;0;0
600;2017-09-23 08:40:00;172602N232;688;0.684;32;222;222;223;222;1.071;49.99;427.8;0.892;434.7;0.684;0.0;0.000;60;0;0;1.020;1.111;1.083;216;239;231;49.99;49.99;49.99;4004;1000;0.0;0;1.0000;0;0
600;2017-09-23 08:50:00;172602N232;802;0.818;32;223;223;223;222;1.237;49.99;425.7;1.052;436.1;0.794;0.0;0.000;60;0;0;1.193;1.269;1.251;256;275;268;49.99;49.99;49.99;4004;1000;0.0;0;1.0000;0;0
600;2017-09-23 09:00:00;172602N232;825;0.956;33;222;224;222;221;1.271;49.99;424.8;1.077;434.1;0.830;0.0;0.000;60;0;0;1.237;1.296;1.282;268;280;275;49.99;49.99;49.99;4004;1000;0.0;0;1.0000;0;0
600;2017-09-23 09:10:00;172602N232;1015;1.126;33;223;224;223;222;1.551;49.99;423.1;1.383;438.3;0.969;0.0;0.000;60;0;0;1.514;1.575;1.564;330;345;339;49.99;49.99;49.99;4004;1000;0.0;0;1.0000;0;0
600;2017-09-23 09:20:00;172602N232;1090;1.307;34;223;224;224;221;1.658;49.99;420.1;1.479;438.7;1.062;0.0;0.000;60;0;0;1.621;1.692;1.662;355;373;360;49.99;49.99;49.99;4004;1000;0.0;0;1.0000;0;0
600;2017-09-23 09:30:00;172602N232;1105;1.491;34;222;225;226;215;1.696;49.99;417.7;1.542;426.8;1.079;0.0;0.000;60;0;0;1.668;1.770;1.650;365;393;345;49.99;49.99;49.99;4004;1000;0.0;0;1.0000;0;0
600;2017-09-23 09:40:00;172602N232;1148;1.683;34;223;224;224;223;1.757;49.99;416.0;1.593;442.5;1.091;0.0;0.000;60;0;0;1.721;1.781;1.770;373;390;384;49.99;49.99;49.99;4004;1000;0.0;0;1.0000;0;0
600;2017-09-23 09:50:00;172602N232;1218;1.887;35;224;224;226;222;1.892;49.99;414.7;1.768;447.9;1.078;0.0;0.000;60;0;0;1.869;1.924;1.884;396;418;402;49.99;49.99;49.99;4004;1000;0.0;0;1.0000;0;0
600;2017-09-23 10:00:00;172602N232;1323;2.106;35;224;222;226;222;2.008;49.99;415.0;2.112;381.4;1.177;0.0;0.000;60;0;0;1.941;2.073;2.010;422;460;439;49.99;49.99;49.99;4004;1000;0.0;0;1.0000;0;0
600;2017-09-23 10:10:00;172602N232;1651;2.381;35;224;224;225;223;2.486;49.99;416.8;2.868;302.6;1.588;0.0;0.000;60;0;0;2.438;2.538;2.482;539;564;546;49.99;49.99;49.99;4004;1000;0.0;0;1.0000;0;0
600;2017-09-23 10:20:00;172602N232;2012;2.718;35;224;224;225;224;3.007;49.98;409.6;3.374;258.2;2.556;0.0;0.000;60;0;0;2.957;3.049;3.015;657;683;670;49.98;49.98;49.98;4004;1000;0.0;0;1.0000;0;0
600;2017-09-23 10:30:00;172602N232;2329;3.106;36;224;223;227;224;3.480;49.99;402.4;3.772;253.7;3.352;0.0;0.000;60;0;0;3.414;3.538;3.489;755;796;776;49.99;49.99;49.99;4004;1000;0.0;0;1.0000;0;0
600;2017-09-23 10:40:00;172602N232;2543;3.530;39;225;224;226;224;3.785;49.99;398.1;3.950;263.4;3.847;0.0;0.000;60;0;0;3.734;3.840;3.783;832;865;843;49.99;49.99;49.99;4004;1000;0.0;0;1.0000;0;0
600;2017-09-23 10:50:00;172602N232;2676;3.976;38;225;224;228;223;3.970;50.00;395.1;4.079;273.1;4.065;0.0;0.000;60;0;0;3.916;4.054;3.942;876;922;876;50.00;50.00;50.00;4004;1000;0.0;0;1.0000;0;0
600;2017-09-23 11:00:00;172602N232;2845;4.449;38;225;226;227;222;4.223;50.00;392.3;4.275;285.8;4.254;0.0;0.000;60;0;0;4.193;4.324;4.154;944;981;917;50.00;50.00;50.00;4004;1000;0.0;0;1.0000;0;0
600;2017-09-23 11:10:00;172602N232;1288;4.664;38;224;225;225;221;2.021;50.00;387.1;1.909;314.7;1.822;0.0;0.000;60;0;0;2.033;2.055;1.976;423;443;419;50.00;50.00;50.00;4004;1000;0.0;0;1.0000;0;0
600;2017-09-23 11:20:00;172602N232;1405;4.899;38;223;224;225;220;2.379;49.99;396.1;1.964;374.9;1.804;0.0;0.000;60;0;0;2.393;2.436;2.308;451;495;456;49.99;49.99;49.99;4004;1000;0.0;0;1.0000;0;0
600;2017-09-23 11:30:00;172602N232;3202;5.433;38;225;224;230;222;4.745;49.99;397.6;4.497;330.8;4.418;0.0;0.000;60;0;0;4.661;4.895;4.680;1043;1122;1036;49.99;49.99;49.99;4004;1000;0.0;0;1.0000;0;0
600;2017-09-23 11:40:00;172602N232;2191;5.799;38;225;224;227;224;3.256;49.99;394.1;3.037;345.8;2.868;0.0;0.000;60;0;0;3.184;3.339;3.246;708;759;723;49.99;49.99;49.99;4004;1000;0.0;0;1.0000;0;0
600;2017-09-23 11:50:00;172602N232;1570;6.060;38;224;222;227;223;2.361;49.99;391.7;2.169;378.7;1.981;0.0;0.000;60;0;0;2.292;2.437;2.355;504;546;518;49.99;49.99;49.99;4004;1000;0.0;0;1.0000;0;0
600;2017-09-23 12:00:00;172602N232;1997;6.393;39;224;222;229;223;2.985;49.99;402.8;2.679;393.9;2.403;0.0;0.000;60;0;0;2.884;3.093;2.978;634;702;659;49.99;49.99;49.99;4004;1000;0.0;0;1.0000;0;0
600;2017-09-23 12:10:00;172602N232;3868;7.039;40;226;223;231;223;5.707;49.98;392.2;5.206;373.8;5.049;0.0;0.000;60;0;0;5.567;5.898;5.657;1242;1361;1262;49.98;49.98;49.98;4004;1000;0.0;0;1.0000;0;0
600;2017-09-23 12:20:00;172602N232;2675;7.485;39;225;222;231;222;3.989;49.98;384.1;3.626;381.6;3.460;0.0;0.000;60;0;0;3.871;4.156;3.942;854;950;869;49.98;49.98;49.98;4004;1000;0.0;0;1.0000;0;0
600;2017-09-23 12:30:00;172602N232;1159;7.677;40;224;221;228;222;1.818;50.00;400.5;1.545;408.2;1.298;0.0;0.000;60;0;0;1.742;1.898;1.815;366;407;383;50.00;50.00;50.00;4004;1000;0.0;0;1.0000;0;0
600;2017-09-23 12:40:00;172602N232;3742;8.301;40;226;223;231;224;5.532;50.00;396.5;4.774;397.0;4.825;0.0;0.000;60;0;0;5.405;5.693;5.498;1203;1311;1226;50.00;50.00;50.00;4004;1000;0.0;0;1.0000;0;0
600;2017-09-23 12:50:00;172602N232;4159;8.995;41;226;224;231;224;6.135;50.00;378.3;5.604;379.3;5.555;0.0;0.000;60;0;0;6.005;6.294;6.107;1339;1453;1365;50.00;50.00;50.00;4004;1000;0.0;0;1.0000;0;0
600;2017-09-23 13:00:00;172602N232;1202;9.195;40;223;221;226;223;1.820;50.01;380.8;1.597;381.4;1.586;0.0;0.000;60;0;0;1.744;1.881;1.836;379;420;402;50.01;50.01;50.01;4004;1000;0.0;0;1.0000;0;0
600;2017-09-23 13:10:00;172602N232;574;9.292;40;223;222;225;222;0.897;50.00;392.0;0.764;399.4;0.668;0.0;0.000;60;0;0;0.837;0.943;0.912;176;202;193;50.00;50.00;50.00;4004;1000;0.0;0;1.0000;0;0
600;2017-09-23 13:20:00;172602N232;1592;9.556;40;224;223;227;222;2.390;49.98;407.9;1.985;413.4;1.906;0.0;0.000;60;0;0;2.327;2.464;2.379;512;553;524;49.98;49.98;49.98;4004;1000;0.0;0;1.0000;0;0
600;2017-09-23 13:30:00;172602N232;1459;9.799;40;224;224;226;223;2.191;49.99;397.2;1.852;399.3;1.813;0.0;0.000;60;0;0;2.145;2.245;2.185;473;505;481;49.99;49.99;49.99;4004;1000;0.0;0;1.0000;0;0
600;2017-09-23 13:40:00;172602N232;587;9.898;40;222;224;224;219;1.117;49.98;399.6;0.748;404.8;0.690;0.0;0.000;60;0;0;1.193;1.119;1.040;185;207;193;49.98;49.98;49.98;4004;1000;0.0;0;1.0000;0;0
600;2017-09-23 13:50:00;172602N232;602;9.999;39;222;226;225;214;1.239;49.99;407.3;0.748;411.3;0.696;0.0;0.000;60;0;0;1.375;1.180;1.162;200;203;196;49.99;49.99;49.99;4004;1000;0.0;0;1.0000;0;0
600;2017-09-23 14:00:00;172602N232;563;10.092;39;222;227;224;214;1.219;50.00;407.4;0.700;412.3;0.648;0.0;0.000;60;0;0;1.313;1.224;1.122;186;197;178;50.00;50.00;50.00;4004;1000;0.0;0;1.0000;0;0
600;2017-09-23 14:10:00;172602N232;567;10.186;39;222;227;226;213;1.159;50.00;408.1;0.711;408.7;0.653;0.0;0.000;60;0;0;1.276;1.164;1.037;184;203;178;50.00;50.00;50.00;4004;1000;0.0;0;1.0000;0;0
600;2017-09-23 14:20:00;172602N232;622;10.290;38;222;226;227;212;1.143;49.99;410.5;0.775;413.7;0.709;0.0;0.000;60;0;0;1.314;1.078;1.038;217;211;192;49.99;49.99;49.99;4004;1000;0.0;0;1.0000;0;0
600;2017-09-23 14:30:00;172602N232;712;10.409;38;222;227;226;213;1.128;49.99;411.4;0.893;413.5;0.814;0.0;0.000;60;0;0;1.114;1.183;1.088;235;254;221;49.99;49.99;49.99;4004;1000;0.0;0;1.0000;0;0
600;2017-09-23 14:40:00;172602N232;840;10.550;38;222;228;226;212;1.288;49.99;411.0;1.046;419.6;0.959;0.0;0.000;60;0;0;1.272;1.358;1.236;280;300;257;49.99;49.99;49.99;4004;1000;0.0;0;1.0000;0;0
600;2017-09-23 14:50:00;172602N232;695;10.666;38;222;227;227;213;1.078;49.99;408.8;0.870;415.1;0.798;0.0;0.000;60;0;0;1.047;1.148;1.041;227;251;215;49.99;49.99;49.99;4004;1000;0.0;0;1.0000;0;0
600;2017-09-23 15:00:00;172602N232;637;10.773;38;222;227;226;213;0.999;49.99;408.2;0.796;411.5;0.735;0.0;0.000;60;0;0;0.974;1.057;0.967;208;229;198;49.99;49.99;49.99;4004;1000;0.0;0;1.0000;0;0
600;2017-09-23 15:10:00;172602N232;710;10.890;38;222;225;227;213;1.101;50.00;411.1;0.880;417.1;0.814;0.0;0.000;60;0;0;1.068;1.173;1.064;230;257;221;50.00;50.00;50.00;4004;1000;0.0;0;1.0000;0;0
600;2017-09-23 15:20:00;172602N232;704;11.008;38;222;226;227;213;1.360;49.99;412.6;0.866;416.5;0.813;0.0;0.000;60;0;0;1.697;1.171;1.212;259;223;221;49.99;49.99;49.99;4004;1000;0.0;0;1.0000;0;0
600;2017-09-23 15:30:00;172602N232;656;11.118;38;223;224;226;219;1.169;49.99;411.9;0.804;415.1;0.760;0.0;0.000;60;0;0;1.363;1.057;1.088;228;213;212;49.99;49.99;49.99;4004;1000;0.0;0;1.0000;0;0
600;2017-09-23 15:40:00;172602N232;506;11.203;38;223;223;225;221;0.799;49.98;407.4;0.626;409.9;0.587;0.0;0.000;60;0;0;0.747;0.844;0.806;156;179;169;49.98;49.98;49.98;4004;1000;0.0;0;1.0000;0;0
600;2017-09-23 15:50:00;172602N232;492;11.284;38;223;223;225;221;0.779;49.98;409.7;0.603;412.2;0.567;0.0;0.000;60;0;0;0.729;0.821;0.787;151;174;165;49.98;49.98;49.98;4004;1000;0.0;0;1.0000;0;0
600;2017-09-23 16:00:00;172602N232;468;11.362;38;223;223;225;222;0.784;49.99;408.2;0.572;410.7;0.543;0.0;0.000;60;0;0;0.738;0.825;0.791;143;166;157;49.99;49.99;49.99;4004;1000;0.0;0;1.0000;0;0
600;2017-09-23 16:10:00;172602N232;418;11.433;38;222;222;224;221;0.813;50.01;405.6;0.514;410.6;0.479;0.0;0.000;60;0;0;0.770;0.859;0.811;126;150;139;50.01;50.01;50.01;4004;1000;0.0;0;1.0000;0;0
600;2017-09-23 16:20:00;172602N232;370;11.495;37;222;220;224;220;1.072;50.00;404.8;0.453;408.3;0.425;0.0;0.000;60;0;0;0.945;1.251;1.021;108;113;147;50.00;50.00;50.00;4004;1000;0.0;0;1.0000;0;0
600;2017-09-23 16:30:00;172602N232;383;11.558;37;221;220;223;220;1.199;49.99;406.4;0.465;408.7;0.441;0.0;0.000;60;0;0;1.139;1.348;1.112;113;124;144;49.99;49.99;49.99;4004;1000;0.0;0;1.0000;0;0
600;2017-09-23 16:40:00;172602N232;302;11.609;37;220;218;223;218;1.153;49.98;399.4;0.369;405.0;0.345;0.0;0.000;60;0;0;1.071;1.398;0.992;100;83;116;49.98;49.98;49.98;4004;1000;0.0;0;1.0000;0;0
600;2017-09-23 16:50:00;172602N232;210;11.644;37;220;220;221;218;0.974;49.97;393.6;0.255;399.1;0.235;0.0;0.000;60;0;0;1.097;0.982;0.844;45;71;92;49.97;49.97;49.97;4004;1000;0.0;0;1.0000;0;0
600;2017-09-23 17:00:00;172602N232;161;11.671;36;220;221;219;220;0.839;49.98;386.7;0.193;395.1;0.176;0.0;0.000;60;0;0;0.807;1.029;0.682;15;90;55;49.98;49.98;49.98;4004;1000;0.0;0;1.0000;0;0
600;2017-09-23 17:10:00;172602N232;126;11.692;36;220;219;220;221;0.983;50.01;382.9;0.150;389.9;0.139;0.0;0.000;60;0;0;1.022;1.026;0.903;35;60;29;50.01;50.01;50.01;4004;1000;0.0;0;1.0000;0;0
600;2017-09-23 17:20:00;172602N232;91;11.708;36;220;219;221;220;0.862;50.01;372.3;0.105;380.5;0.097;0.0;0.000;60;0;0;0.779;1.096;0.711;30;17;46;50.01;50.01;50.01;4004;1000;0.0;0;1.0000;0;0
600;2017-09-23 17:30:00;172602N232;58;11.717;36;219;219;222;215;0.720;49.99;355.2;0.061;364.8;0.057;0.0;0.000;60;0;0;0.605;1.028;0.529;22;4;42;49.99;49.99;49.99;4004;1000;0.0;0;1.0000;0;0
600;2017-09-23 17:40:00;172602N232;32;11.723;35;219;218;223;215;0.541;49.98;322.5;0.028;326.3;0.028;0.0;0.000;60;0;0;0.441;0.839;0.345;26;0;25;49.98;49.98;49.98;4004;1000;0.0;0;1.0000;0;0
600;2017-09-23 17:50:00;172602N232;27;11.728;35;220;220;221;218;0.508;49.97;318.6;0.023;312.3;0.023;0.0;0.000;60;0;0;0.529;0.643;0.352;11;7;24;49.97;49.97;49.97;4004;1000;0.0;0;1.0000;0;0
600;2017-09-23 18:00:00;172602N232;13;11.730;35;220;220;223;217;0.378;49.94;271.0;0.007;270.2;0.009;0.0;0.000;60;0;0;0.323;0.555;0.257;8;0;16;49.94;49.94;49.94;4004;1000;0.0;0;1.0000;0;0
600;2017-09-23 18:10:00;172602N232;5;11.731;34;220;220;224;218;0.236;50.01;252.7;0.000;252.2;0.000;0.0;0.000;60;0;0;0.179;0.366;0.163;5;0;9;50.01;50.01;50.01;4004;1000;0.0;0;1.0000;0;0
600;2017-09-23 18:20:00;172602N232;0;11.731;34;220;219;224;217;0.000;50.00;274.4;0.000;273.7;0.000;0.0;0.000;50;0;0;0.000;0.001;0.000;0;0;0;50.00;50.00;50.00;4004;1000;0.0;0;1.0000;0;0
600;2017-09-23 18:30:00;172602N232;0;11.731;33;221;220;225;218;0.000;49.99;233.4;0.000;234.4;0.000;0.0;0.000;50;0;0;0.000;0.000;0.000;0;0;0;49.99;49.99;49.99;4004;1000;0.0;0;1.0000;0;0
600;2017-09-23 18:40:00;172602N232;0;11.731;32;221;221;224;218;0.000;49.99;227.9;0.000;228.9;0.000;0.0;0.000;50;0;0;0.000;0.000;0.000;0;0;0;49.99;49.99;49.99;4004;1000;0.0;0;1.0000;0;0
[wr_ende]
