20171014;230000;172602N232;My Plant;+0100
[wr_def_start]
172602N232;Inverter Type;Inverter Group;72602N232      
[wr_def_end]
[wr]
INTERVAL;TIMESTAMP;SERIAL;P_AC;E_DAY;T_WR;U_AC;U_AC_1;U_AC_2;U_AC_3;I_AC;F_AC;U_DC_1;I_DC_1;U_DC_2;I_DC_2;U_DC_3;I_DC_3;S;E_WR;M_WR;I_AC_1;I_AC_2;I_AC_3;P_AC_1;P_AC_2;P_AC_3;F_AC_1;F_AC_2;F_AC_3;R_DC;PC;PCS;PCS_LL;COS_PHI;COS_PHI_LL;S_COS_PHI
600;2017-10-14 07:00:00;172602N232;0;0.000;0;3;4;4;3;0.000;0.91;4.1;0.000;4.1;0.000;0.0;0.000;50;0;0;0.000;0.000;0.000;0;0;0;0.91;0.91;0.91;34;1000;0.0;0;1.0000;0;0
600;2017-10-14 07:10:00;172602N232;0;0.000;23;224;225;226;220;0.000;49.99;227.2;0.000;228.2;0.000;0.0;0.000;50;0;0;0.000;0.000;0.000;0;0;0;49.99;49.99;49.99;0;1000;0.0;0;1.0000;0;0
600;2017-10-14 07:20:00;172602N232;0;0.000;25;224;224;227;221;0.000;50.00;229.7;0.000;230.6;0.000;0.0;0.000;50;0;0;0.000;0.000;0.000;0;0;0;50.00;50.00;50.00;0;1000;0.0;0;1.0000;0;0
600;2017-10-14 07:30:00;172602N232;0;0.000;25;223;224;226;220;0.000;49.99;235.8;0.000;236.8;0.000;0.0;0.000;50;0;0;0.000;0.000;0.000;0;0;0;49.99;49.99;49.99;0;1000;0.0;0;1.0000;0;0
600;2017-10-14 07:40:00;172602N232;0;0.000;25;223;224;226;219;0.000;49.99;250.0;0.000;250.8;0.000;0.0;0.000;50;0;0;0.000;0.000;0.000;0;0;0;49.99;49.99;49.99;0;1000;0.0;0;1.0000;0;0
600;2017-10-14 07:50:00;172602N232;0;0.000;26;223;224;226;219;0.001;50.00;313.7;0.000;311.2;0.000;0.0;0.000;60;0;0;0.001;0.001;0.001;0;0;0;50.00;50.00;50.00;1102;1000;0.0;0;1.0000;0;0
600;2017-10-14 08:00:00;172602N232;3;0.000;26;223;224;223;223;0.149;50.00;251.9;0.000;253.7;0.000;0.0;0.000;60;0;0;0.194;0.143;0.111;0;4;3;50.00;50.00;50.00;3238;1000;0.0;0;1.0000;0;0
600;2017-10-14 08:10:00;172602N232;15;0.004;26;223;223;224;221;0.346;49.99;277.1;0.009;283.1;0.010;0.0;0.000;60;0;0;0.400;0.397;0.243;3;4;15;49.99;49.99;49.99;3238;1000;0.0;0;1.0000;0;0
600;2017-10-14 08:20:00;172602N232;28;0.009;27;222;223;223;221;0.445;49.99;303.0;0.025;306.8;0.026;0.0;0.000;60;0;0;0.471;0.531;0.333;4;10;22;49.99;49.99;49.99;3238;1000;0.0;0;1.0000;0;0
600;2017-10-14 08:30:00;172602N232;95;0.023;27;222;223;224;221;0.844;50.00;369.8;0.111;374.9;0.106;0.0;0.000;60;0;0;0.854;1.003;0.677;16;25;56;50.00;50.00;50.00;3238;1000;0.0;0;1.0000;0;0
600;2017-10-14 08:40:00;172602N232;125;0.045;27;223;223;224;221;0.900;49.99;382.6;0.150;386.0;0.142;0.0;0.000;60;0;0;0.862;1.106;0.733;24;31;69;49.99;49.99;49.99;3238;1000;0.0;0;1.0000;0;0
600;2017-10-14 08:50:00;172602N232;201;0.077;28;222;223;224;221;0.995;50.00;392.7;0.244;397.5;0.229;0.0;0.000;60;0;0;1.082;1.141;0.762;46;72;81;50.00;50.00;50.00;3238;1000;0.0;0;1.0000;0;0
600;2017-10-14 09:00:00;172602N232;209;0.112;28;222;224;223;221;1.062;50.01;395.2;0.253;398.0;0.239;0.0;0.000;60;0;0;1.379;0.939;0.869;38;91;78;50.01;50.01;50.01;3238;1000;0.0;0;1.0000;0;0
600;2017-10-14 09:10:00;172602N232;195;0.146;29;222;223;223;221;0.979;50.00;394.0;0.236;396.5;0.222;0.0;0.000;60;0;0;1.202;0.952;0.784;43;79;72;50.00;50.00;50.00;3238;1000;0.0;0;1.0000;0;0
600;2017-10-14 09:20:00;172602N232;200;0.179;29;222;223;224;221;1.007;49.98;395.0;0.240;396.7;0.229;0.0;0.000;60;0;0;1.045;1.207;0.769;48;69;81;49.98;49.98;49.98;3238;1000;0.0;0;1.0000;0;0
600;2017-10-14 09:30:00;172602N232;162;0.206;29;223;223;224;221;0.970;50.00;388.3;0.194;389.9;0.185;0.0;0.000;60;0;0;1.127;1.057;0.728;39;51;71;50.00;50.00;50.00;3238;1000;0.0;0;1.0000;0;0
600;2017-10-14 09:40:00;172602N232;169;0.234;30;224;224;225;222;0.996;50.00;391.2;0.203;392.6;0.194;0.0;0.000;60;0;0;1.164;1.068;0.756;41;57;69;50.00;50.00;50.00;3238;1000;0.0;0;1.0000;0;0
600;2017-10-14 09:50:00;172602N232;90;0.250;30;224;225;225;222;0.929;50.00;368.0;0.105;373.6;0.101;0.0;0.000;60;0;0;1.169;0.908;0.712;5;35;52;50.00;50.00;50.00;3238;1000;0.0;0;1.0000;0;0
600;2017-10-14 10:00:00;172602N232;129;0.272;30;224;224;225;222;0.947;50.01;384.6;0.153;385.9;0.148;0.0;0.000;60;0;0;0.883;1.201;0.758;27;30;70;50.01;50.01;50.01;3238;1000;0.0;0;1.0000;0;0
600;2017-10-14 10:10:00;172602N232;230;0.310;30;223;223;223;223;1.036;49.99;399.8;0.275;399.9;0.264;0.0;0.000;60;0;0;1.086;1.193;0.829;68;91;69;49.99;49.99;49.99;3238;1000;0.0;0;1.0000;0;0
600;2017-10-14 10:20:00;172602N232;202;0.343;31;222;223;223;221;0.994;49.99;396.0;0.242;397.0;0.231;0.0;0.000;60;0;0;1.146;1.062;0.774;56;72;71;49.99;49.99;49.99;3238;1000;0.0;0;1.0000;0;0
600;2017-10-14 10:30:00;172602N232;206;0.378;31;222;222;223;221;1.024;49.99;396.7;0.246;396.8;0.237;0.0;0.000;60;0;0;1.209;1.042;0.821;53;77;75;49.99;49.99;49.99;3238;1000;0.0;0;1.0000;0;0
600;2017-10-14 10:40:00;172602N232;232;0.417;31;223;223;224;222;1.043;50.00;399.3;0.279;399.8;0.267;0.0;0.000;60;0;0;1.036;1.257;0.836;58;84;88;50.00;50.00;50.00;3238;1000;0.0;0;1.0000;0;0
600;2017-10-14 10:50:00;172602N232;234;0.455;31;222;223;223;221;1.050;50.01;400.2;0.280;400.3;0.269;0.0;0.000;60;0;0;1.146;1.181;0.823;62;94;76;50.01;50.01;50.01;3238;1000;0.0;0;1.0000;0;0
600;2017-10-14 11:00:00;172602N232;169;0.484;31;222;223;223;221;0.967;50.01;382.5;0.207;394.0;0.193;0.0;0.000;60;0;0;1.150;1.039;0.714;26;70;70;50.01;50.01;50.01;3238;1000;0.0;0;1.0000;0;0
600;2017-10-14 11:10:00;172602N232;218;0.521;32;223;223;224;220;1.060;49.99;397.4;0.259;398.8;0.249;0.0;0.000;60;0;0;1.217;1.124;0.841;52;78;86;49.99;49.99;49.99;3238;1000;0.0;0;1.0000;0;0
600;2017-10-14 11:20:00;172602N232;386;0.585;32;224;225;225;221;1.171;50.00;401.2;0.476;413.0;0.443;0.0;0.000;60;0;0;1.249;1.201;1.065;107;142;134;50.00;50.00;50.00;3238;1000;0.0;0;1.0000;0;0
600;2017-10-14 11:30:00;172602N232;378;0.648;32;224;226;226;221;0.991;50.00;400.5;0.468;411.6;0.437;0.0;0.000;60;0;0;1.067;1.024;0.882;108;138;130;50.00;50.00;50.00;3238;1000;0.0;0;1.0000;0;0
600;2017-10-14 11:40:00;172602N232;375;0.710;32;224;225;225;222;1.003;49.99;397.9;0.466;410.8;0.434;0.0;0.000;60;0;0;1.100;1.030;0.879;110;143;120;49.99;49.99;49.99;3238;1000;0.0;0;1.0000;0;0
600;2017-10-14 11:50:00;172602N232;352;0.770;32;224;225;225;223;0.947;49.99;403.9;0.428;409.7;0.406;0.0;0.000;60;0;0;1.040;0.996;0.807;103;132;114;49.99;49.99;49.99;3238;1000;0.0;0;1.0000;0;0
600;2017-10-14 12:00:00;172602N232;421;0.840;33;224;225;225;224;1.145;50.01;406.9;0.513;411.6;0.489;0.0;0.000;60;0;0;1.224;1.160;1.053;131;153;135;50.01;50.01;50.01;3238;1000;0.0;0;1.0000;0;0
600;2017-10-14 12:10:00;172602N232;385;0.904;33;224;225;225;223;1.099;50.00;407.4;0.466;409.0;0.447;0.0;0.000;60;0;0;1.144;1.149;1.005;114;143;126;50.00;50.00;50.00;3238;1000;0.0;0;1.0000;0;0
600;2017-10-14 12:20:00;172602N232;572;1.001;33;224;224;225;223;0.904;49.99;415.7;0.690;415.5;0.663;0.0;0.000;60;0;0;0.858;0.938;0.918;178;199;193;49.99;49.99;49.99;3238;1000;0.0;0;1.0000;0;0
600;2017-10-14 12:30:00;172602N232;687;1.115;33;225;225;226;223;1.058;50.01;419.2;0.826;418.0;0.796;0.0;0.000;60;0;0;1.004;1.096;1.074;216;239;231;50.01;50.01;50.01;3238;1000;0.0;0;1.0000;0;0
600;2017-10-14 12:40:00;172602N232;990;1.281;34;225;225;227;224;1.507;50.00;424.1;1.184;423.2;1.146;0.0;0.000;60;0;0;1.453;1.545;1.524;316;342;331;50.00;50.00;50.00;3238;1000;0.0;0;1.0000;0;0
600;2017-10-14 12:50:00;172602N232;610;1.382;34;224;224;226;223;0.949;49.99;411.6;0.745;414.5;0.713;0.0;0.000;60;0;0;0.890;0.992;0.965;189;214;205;49.99;49.99;49.99;3238;1000;0.0;0;1.0000;0;0
600;2017-10-14 13:00:00;172602N232;480;1.462;34;224;224;226;223;0.757;50.01;410.8;0.585;412.8;0.555;0.0;0.000;60;0;0;0.700;0.797;0.775;146;170;163;50.01;50.01;50.01;3238;1000;0.0;0;1.0000;0;0
600;2017-10-14 13:10:00;172602N232;310;1.514;35;224;225;225;223;1.106;49.99;401.7;0.380;405.7;0.355;0.0;0.000;60;0;0;1.197;1.152;0.969;84;116;107;49.99;49.99;49.99;3238;1000;0.0;0;1.0000;0;0
600;2017-10-14 13:20:00;172602N232;249;1.555;35;224;225;225;223;1.113;49.99;398.6;0.303;401.9;0.285;0.0;0.000;60;0;0;1.213;1.265;0.862;50;106;91;49.99;49.99;49.99;3238;1000;0.0;0;1.0000;0;0
600;2017-10-14 13:30:00;172602N232;272;1.601;35;224;225;225;223;1.121;50.01;397.9;0.331;403.3;0.314;0.0;0.000;60;0;0;1.315;1.161;0.888;70;109;90;50.01;50.01;50.01;3238;1000;0.0;0;1.0000;0;0
600;2017-10-14 13:40:00;172602N232;213;1.637;34;224;225;225;223;1.045;50.00;396.6;0.256;398.1;0.244;0.0;0.000;60;0;0;1.243;1.080;0.814;45;86;80;50.00;50.00;50.00;3238;1000;0.0;0;1.0000;0;0
600;2017-10-14 13:50:00;172602N232;305;1.688;34;224;225;225;223;1.120;50.00;403.2;0.369;405.7;0.350;0.0;0.000;60;0;0;1.256;1.162;0.944;85;111;107;50.00;50.00;50.00;3238;1000;0.0;0;1.0000;0;0
600;2017-10-14 14:00:00;172602N232;197;1.721;34;224;225;226;223;0.984;49.99;393.5;0.235;394.6;0.226;0.0;0.000;60;0;0;0.942;1.217;0.795;39;70;85;49.99;49.99;49.99;3238;1000;0.0;0;1.0000;0;0
600;2017-10-14 14:10:00;172602N232;127;1.742;34;224;225;225;223;0.891;50.00;382.4;0.150;385.1;0.146;0.0;0.000;60;0;0;0.947;0.972;0.756;17;38;70;50.00;50.00;50.00;3238;1000;0.0;0;1.0000;0;0
600;2017-10-14 14:20:00;172602N232;185;1.773;34;224;224;226;222;0.991;50.00;392.1;0.221;394.5;0.212;0.0;0.000;60;0;0;0.985;1.228;0.761;51;52;79;50.00;50.00;50.00;3238;1000;0.0;0;1.0000;0;0
600;2017-10-14 14:30:00;172602N232;269;1.818;34;224;223;226;223;1.116;50.00;403.3;0.323;403.3;0.309;0.0;0.000;60;0;0;1.087;1.379;0.883;85;84;98;50.00;50.00;50.00;3238;1000;0.0;0;1.0000;0;0
600;2017-10-14 14:40:00;172602N232;305;1.869;34;223;223;225;223;1.144;49.98;405.4;0.366;405.6;0.352;0.0;0.000;60;0;0;1.116;1.364;0.952;95;99;109;49.98;49.98;49.98;3238;1000;0.0;0;1.0000;0;0
600;2017-10-14 14:50:00;172602N232;330;1.924;34;224;223;225;223;1.157;49.99;407.1;0.397;407.2;0.382;0.0;0.000;60;0;0;1.132;1.315;1.024;101;109;118;49.99;49.99;49.99;3238;1000;0.0;0;1.0000;0;0
600;2017-10-14 15:00:00;172602N232;384;1.988;34;224;224;225;223;1.061;49.99;411.0;0.461;410.2;0.444;0.0;0.000;60;0;0;1.054;1.147;0.984;114;131;137;49.99;49.99;49.99;3238;1000;0.0;0;1.0000;0;0
600;2017-10-14 15:10:00;172602N232;268;2.033;34;225;225;226;224;1.085;50.01;401.3;0.323;402.9;0.308;0.0;0.000;60;0;0;1.157;1.198;0.902;74;95;97;50.01;50.01;50.01;3238;1000;0.0;0;1.0000;0;0
600;2017-10-14 15:20:00;172602N232;243;2.074;34;225;225;226;224;1.053;50.00;399.1;0.292;400.5;0.280;0.0;0.000;60;0;0;1.168;1.157;0.834;71;84;86;50.00;50.00;50.00;3238;1000;0.0;0;1.0000;0;0
600;2017-10-14 15:30:00;172602N232;347;2.132;34;225;225;226;223;1.134;49.99;399.8;0.425;408.1;0.404;0.0;0.000;60;0;0;1.159;1.250;0.994;100;122;123;49.99;49.99;49.99;3238;1000;0.0;0;1.0000;0;0
600;2017-10-14 15:40:00;172602N232;167;2.160;34;224;224;225;223;0.948;49.99;387.9;0.200;392.5;0.191;0.0;0.000;60;0;0;0.987;1.070;0.788;40;54;71;49.99;49.99;49.99;3238;1000;0.0;0;1.0000;0;0
600;2017-10-14 15:50:00;172602N232;212;2.195;34;223;224;223;223;0.981;49.99;395.0;0.255;399.2;0.243;0.0;0.000;60;0;0;1.023;1.045;0.875;45;95;70;49.99;49.99;49.99;3238;1000;0.0;0;1.0000;0;0
600;2017-10-14 16:00:00;172602N232;165;2.223;34;223;223;223;222;0.977;49.99;390.1;0.197;392.6;0.188;0.0;0.000;60;0;0;1.236;0.869;0.827;26;77;59;49.99;49.99;49.99;3238;1000;0.0;0;1.0000;0;0
600;2017-10-14 16:10:00;172602N232;181;2.253;34;223;223;223;224;0.906;50.00;391.1;0.216;395.6;0.205;0.0;0.000;60;0;0;0.834;1.053;0.831;37;88;53;50.00;50.00;50.00;3238;1000;0.0;0;1.0000;0;0
600;2017-10-14 16:20:00;172602N232;94;2.269;34;223;224;222;224;0.832;49.99;364.5;0.110;373.8;0.105;0.0;0.000;60;0;0;1.036;0.710;0.752;6;54;42;49.99;49.99;49.99;3238;1000;0.0;0;1.0000;0;0
600;2017-10-14 16:30:00;172602N232;30;2.275;34;222;223;221;224;0.443;50.00;305.7;0.027;308.9;0.028;0.0;0.000;60;0;0;0.439;0.404;0.486;5;27;4;50.00;50.00;50.00;3238;1000;0.0;0;1.0000;0;0
600;2017-10-14 16:40:00;172602N232;46;2.282;33;222;222;222;223;0.596;49.98;341.2;0.047;348.5;0.046;0.0;0.000;60;0;0;0.554;0.585;0.650;14;26;7;49.98;49.98;49.98;3238;1000;0.0;0;1.0000;0;0
600;2017-10-14 16:50:00;172602N232;37;2.289;33;222;222;221;223;0.532;49.96;324.8;0.036;330.9;0.036;0.0;0.000;60;0;0;0.437;0.521;0.638;17;26;3;49.96;49.96;49.96;3238;1000;0.0;0;1.0000;0;0
600;2017-10-14 17:00:00;172602N232;13;2.292;33;222;221;223;223;0.308;49.96;271.0;0.006;273.8;0.009;0.0;0.000;60;0;0;0.250;0.411;0.264;9;5;6;49.96;49.96;49.96;3238;1000;0.0;0;1.0000;0;0
600;2017-10-14 17:10:00;172602N232;0;2.291;33;222;221;225;222;0.048;50.01;251.8;0.000;251.9;0.000;0.0;0.000;80;0;0;0.033;0.089;0.022;1;0;1;50.01;50.01;50.01;3238;1000;0.0;0;1.0000;0;0
600;2017-10-14 17:20:00;172602N232;0;2.291;32;223;222;225;221;0.000;50.03;238.0;0.000;238.7;0.000;0.0;0.000;50;0;0;0.000;0.000;0.000;0;0;0;50.03;50.03;50.03;3238;1000;0.0;0;1.0000;0;0
600;2017-10-14 17:30:00;172602N232;0;2.291;32;222;221;225;220;0.000;50.01;227.4;0.000;228.3;0.000;0.0;0.000;50;0;0;0.000;0.000;0.000;0;0;0;50.01;50.01;50.01;3238;1000;0.0;0;1.0000;0;0
600;2017-10-14 17:40:00;172602N232;0;2.291;31;222;220;227;219;0.000;49.99;224.7;0.000;225.1;0.000;0.0;0.000;50;0;0;0.000;0.000;0.000;0;0;0;49.99;49.99;49.99;3238;1000;0.0;0;1.0000;0;0
[wr_ende]
