20141226;230003;172602N232;My Plant;+0100
[wr_def_start]
172602N232;Inverter Type;Inverter Group;72602N232      
[wr_def_end]
[wr]
INTERVAL;TIMESTAMP;SERIAL;P_AC;E_DAY;T_WR;U_AC;U_AC_1;U_AC_2;U_AC_3;I_AC;F_AC;U_DC_1;I_DC_1;U_DC_2;I_DC_2;U_DC_3;I_DC_3;S;E_WR;M_WR;I_AC_1;I_AC_2;I_AC_3;P_AC_1;P_AC_2;P_AC_3;F_AC_1;F_AC_2;F_AC_3;R_DC;PC;PCS;PCS_LL;COS_PHI;COS_PHI_LL;S_COS_PHI
600;2014-12-26 08:20:00;172602N232;0;0.000;0;2;2;2;2;0.000;0.46;2.0;0.000;2.0;0.000;0.0;0.000;50;0;0;0.000;0.000;0.000;0;0;0;0.46;0.46;0.46;6;1000;0.0;0;1.0000;0;0
600;2014-12-26 08:30:00;172602N232;0;0.000;11;223;223;225;221;0.000;49.99;227.9;0.000;228.9;0.000;0.0;0.000;50;0;0;0.000;0.000;0.000;0;0;0;49.99;49.99;49.99;0;1000;0.0;0;1.0000;0;0
600;2014-12-26 08:40:00;172602N232;0;0.000;13;223;224;225;220;0.000;50.01;228.2;0.000;229.2;0.000;0.0;0.000;50;0;0;0.000;0.000;0.000;0;0;0;50.01;50.01;50.01;0;1000;0.0;0;1.0000;0;0
600;2014-12-26 08:50:00;172602N232;0;0.000;13;223;224;225;221;0.000;50.00;232.4;0.000;233.3;0.000;0.0;0.000;50;0;0;0.000;0.000;0.000;0;0;0;50.00;50.00;50.00;0;1000;0.0;0;1.0000;0;0
600;2014-12-26 09:00:00;172602N232;0;0.000;13;223;224;225;220;0.000;49.99;229.3;0.000;230.2;0.000;0.0;0.000;50;0;0;0.000;0.000;0.000;0;0;0;49.99;49.99;49.99;0;1000;0.0;0;1.0000;0;0
600;2014-12-26 09:10:00;172602N232;0;0.000;14;222;223;225;219;0.000;49.99;249.7;0.000;250.4;0.000;0.0;0.000;50;0;0;0.000;0.000;0.000;0;0;0;49.99;49.99;49.99;0;1000;0.0;0;1.0000;0;0
600;2014-12-26 09:20:00;172602N232;0;0.000;14;222;222;225;219;0.001;50.00;302.7;0.000;301.9;0.000;0.0;0.000;51;0;0;0.002;0.002;0.001;0;0;0;50.00;50.00;50.00;5055;1000;0.0;0;1.0000;0;0
600;2014-12-26 09:30:00;172602N232;1;0.000;14;222;221;224;221;0.074;50.00;257.6;0.000;259.3;0.000;0.0;0.000;60;0;0;0.070;0.103;0.049;1;0;2;50.00;50.00;50.00;6491;1000;0.0;0;1.0000;0;0
600;2014-12-26 09:40:00;172602N232;0;0.000;14;222;222;224;220;0.004;50.01;274.9;0.000;274.5;0.000;0.0;0.000;50;0;0;0.000;0.013;0.000;0;0;0;50.01;50.01;50.01;6491;1000;0.0;0;1.0000;0;0
600;2014-12-26 09:50:00;172602N232;0;0.000;15;221;222;224;219;0.000;50.01;277.2;0.000;277.1;0.000;0.0;0.000;51;0;0;0.000;0.000;0.000;0;0;0;50.01;50.01;50.02;6463;1000;0.0;0;1.0000;0;0
600;2014-12-26 10:00:00;172602N232;0;0.000;15;221;221;223;219;0.004;50.01;277.2;0.000;276.9;0.000;0.0;0.000;60;0;0;0.005;0.004;0.003;0;0;0;50.01;50.01;50.01;5930;1000;0.0;0;1.0000;0;0
600;2014-12-26 10:10:00;172602N232;0;0.000;15;221;221;223;220;0.039;50.00;270.8;0.000;271.3;0.000;0.0;0.000;60;0;0;0.030;0.059;0.028;0;0;1;50.00;50.00;50.00;5607;1000;0.0;0;1.0000;0;0
600;2014-12-26 10:20:00;172602N232;0;0.000;15;221;220;222;220;0.053;50.01;269.5;0.000;269.9;0.000;0.0;0.000;51;0;0;0.051;0.077;0.033;0;0;0;50.01;50.01;50.01;5578;1000;0.0;0;1.0000;0;0
600;2014-12-26 10:30:00;172602N232;22;0.005;15;221;219;223;220;0.428;50.01;281.9;0.005;270.8;0.061;0.0;0.000;60;0;0;0.349;0.633;0.302;16;0;17;50.01;50.01;50.01;5606;1000;0.0;0;1.0000;0;0
600;2014-12-26 10:40:00;172602N232;15;0.009;16;221;221;223;220;0.328;50.01;302.2;0.007;301.3;0.011;0.0;0.000;60;0;0;0.325;0.425;0.235;7;1;14;50.01;50.01;50.01;5606;1000;0.0;0;1.0000;0;0
600;2014-12-26 10:50:00;172602N232;14;0.013;16;221;221;223;219;0.343;50.00;276.7;0.015;276.7;0.011;0.0;0.000;60;0;0;0.312;0.480;0.239;4;0;16;50.00;50.00;50.00;5606;1000;0.0;0;1.0000;0;0
600;2014-12-26 11:00:00;172602N232;26;0.015;16;221;221;222;220;0.448;49.99;276.8;0.080;252.0;0.000;0.0;0.000;60;0;0;0.529;0.475;0.340;2;11;21;49.99;49.99;49.99;5606;1000;0.0;0;1.0000;0;0
600;2014-12-26 11:10:00;172602N232;50;0.023;16;221;220;222;220;0.655;50.00;393.8;0.106;252.4;0.000;0.0;0.000;60;0;0;0.649;0.825;0.491;13;6;33;50.00;50.00;50.00;5606;1000;0.0;0;1.0000;0;0
600;2014-12-26 11:20:00;172602N232;59;0.031;16;221;221;223;221;0.656;50.01;427.3;0.113;253.1;0.000;0.0;0.000;60;0;0;0.671;0.788;0.511;13;11;32;50.01;50.01;50.01;5606;1000;0.0;0;1.0000;0;0
600;2014-12-26 11:30:00;172602N232;60;0.042;17;221;222;222;220;0.677;50.00;388.5;0.118;251.4;0.023;0.0;0.000;60;0;0;0.785;0.746;0.502;5;19;35;50.00;50.00;50.00;5606;1000;0.0;0;1.0000;0;0
600;2014-12-26 11:40:00;172602N232;65;0.053;17;222;222;223;220;0.724;49.98;307.8;0.109;267.5;0.103;0.0;0.000;60;0;0;0.831;0.789;0.554;5;21;42;49.98;49.98;49.98;5606;1000;0.0;0;1.0000;0;0
600;2014-12-26 11:50:00;172602N232;74;0.065;17;222;222;223;221;0.820;49.99;256.5;0.112;316.3;0.137;0.0;0.000;60;0;0;0.879;0.933;0.649;9;19;45;49.99;49.99;49.99;5606;1000;0.0;0;1.0000;0;0
600;2014-12-26 12:00:00;172602N232;66;0.077;18;222;222;223;221;0.716;50.00;251.3;0.038;354.7;0.146;0.0;0.000;60;0;0;0.790;0.826;0.534;9;19;38;50.00;50.00;50.00;5606;1000;0.0;0;1.0000;0;0
600;2014-12-26 12:10:00;172602N232;74;0.089;18;222;222;223;222;0.776;50.00;326.9;0.019;365.0;0.159;0.0;0.000;60;0;0;0.761;0.962;0.606;18;13;42;50.00;50.00;50.00;5606;1000;0.0;0;1.0000;0;0
600;2014-12-26 12:20:00;172602N232;54;0.098;18;222;223;222;222;0.662;50.01;254.0;0.001;364.8;0.130;0.0;0.000;60;0;0;0.800;0.649;0.537;5;26;25;50.01;50.01;50.01;5606;1000;0.0;0;1.0000;0;0
600;2014-12-26 12:30:00;172602N232;45;0.106;18;223;222;222;223;0.556;50.02;251.9;0.000;329.5;0.124;0.0;0.000;60;0;0;0.586;0.526;0.557;10;25;10;50.02;50.02;50.02;5606;1000;0.0;0;1.0000;0;0
600;2014-12-26 12:40:00;172602N232;40;0.113;18;222;223;222;222;0.508;50.01;345.7;0.012;299.7;0.084;0.0;0.000;60;0;0;0.615;0.464;0.447;2;26;15;50.01;50.01;50.01;5606;1000;0.0;0;1.0000;0;0
600;2014-12-26 12:50:00;172602N232;34;0.119;19;223;223;223;223;0.465;50.02;373.6;0.022;347.4;0.032;0.0;0.000;60;0;0;0.543;0.442;0.411;3;24;14;50.02;50.02;50.02;5606;1000;0.0;0;1.0000;0;0
600;2014-12-26 13:00:00;172602N232;43;0.127;19;223;224;223;223;0.527;50.01;399.9;0.032;374.2;0.035;0.0;0.000;60;0;0;0.622;0.495;0.466;4;27;17;50.01;50.01;50.01;5606;1000;0.0;0;1.0000;0;0
600;2014-12-26 13:10:00;172602N232;12;0.129;19;223;223;224;223;0.285;49.99;284.6;0.007;300.1;0.008;0.0;0.000;60;0;0;0.355;0.252;0.249;1;10;10;49.99;49.99;49.99;5606;1000;0.0;0;1.0000;0;0
600;2014-12-26 13:20:00;172602N232;5;0.130;19;223;223;225;222;0.230;50.01;253.3;0.000;263.5;0.000;0.0;0.000;60;0;0;0.272;0.259;0.159;3;0;7;50.01;50.01;50.01;5606;1000;0.0;0;1.0000;0;0
600;2014-12-26 13:30:00;172602N232;1;0.130;19;223;223;224;222;0.115;50.00;251.6;0.000;252.2;0.000;0.0;0.000;60;0;0;0.141;0.116;0.088;0;2;4;50.00;50.00;50.00;5606;1000;0.0;0;1.0000;0;0
600;2014-12-26 13:40:00;172602N232;16;0.133;19;223;221;225;223;0.377;49.98;281.3;0.021;300.4;0.009;0.0;0.000;60;0;0;0.322;0.540;0.269;12;0;16;49.98;49.98;49.98;5606;1000;0.0;0;1.0000;0;0
600;2014-12-26 13:50:00;172602N232;15;0.136;19;224;223;225;223;0.352;49.98;289.0;0.013;307.4;0.008;0.0;0.000;60;0;0;0.338;0.457;0.263;6;1;15;49.98;49.98;49.98;5606;1000;0.0;0;1.0000;0;0
600;2014-12-26 14:00:00;172602N232;4;0.137;19;224;223;225;224;0.168;49.99;255.0;0.007;252.9;0.000;0.0;0.000;60;0;0;0.160;0.205;0.141;3;1;3;49.99;49.99;49.99;5606;1000;0.0;0;1.0000;0;0
600;2014-12-26 14:10:00;172602N232;8;0.139;19;224;223;225;223;0.227;50.00;267.5;0.015;252.7;0.000;0.0;0.000;60;0;0;0.269;0.233;0.179;2;3;6;50.00;50.00;50.00;5606;1000;0.0;0;1.0000;0;0
600;2014-12-26 14:20:00;172602N232;9;0.141;19;224;223;224;224;0.291;50.00;273.5;0.026;251.5;0.000;0.0;0.000;60;0;0;0.289;0.327;0.258;2;8;3;50.00;50.00;50.00;5606;1000;0.0;0;1.0000;0;0
600;2014-12-26 14:30:00;172602N232;0;0.141;18;223;223;224;223;0.044;49.99;273.2;0.001;271.6;0.000;0.0;0.000;60;0;0;0.044;0.042;0.046;0;0;0;49.99;49.99;49.99;5446;1000;0.0;0;1.0000;0;0
600;2014-12-26 14:40:00;172602N232;0;0.141;18;223;223;224;223;0.001;50.00;286.8;0.000;285.5;0.000;0.0;0.000;51;0;0;0.002;0.001;0.001;0;0;0;50.00;50.00;50.00;5197;1000;0.0;0;1.0000;0;0
600;2014-12-26 14:50:00;172602N232;0;0.141;18;224;223;225;224;0.001;49.99;280.9;0.000;279.5;0.000;0.0;0.000;60;0;0;0.002;0.002;0.001;0;0;0;49.99;49.99;49.99;5155;1000;0.0;0;1.0000;0;0
600;2014-12-26 15:00:00;172602N232;0;0.140;18;224;223;224;224;0.003;49.99;273.1;0.000;272.9;0.000;0.0;0.000;80;0;0;0.001;0.000;0.010;0;0;0;49.99;49.99;49.99;5211;1000;0.0;0;1.0000;0;0
600;2014-12-26 15:10:00;172602N232;0;0.140;18;223;224;225;221;0.000;50.00;235.0;0.000;235.9;0.000;0.0;0.000;50;0;0;0.000;0.000;0.000;0;0;0;50.00;50.00;50.00;5390;1000;0.0;0;1.0000;0;0
600;2014-12-26 15:20:00;172602N232;0;0.140;17;223;224;225;220;0.000;49.99;230.4;0.000;231.3;0.000;0.0;0.000;50;0;0;0.000;0.000;0.000;0;0;0;49.99;49.99;49.99;5390;1000;0.0;0;1.0000;0;0
600;2014-12-26 15:30:00;172602N232;0;0.140;17;223;223;225;221;0.000;49.99;227.3;0.000;228.2;0.000;0.0;0.000;50;0;0;0.000;0.000;0.000;0;0;0;49.99;49.99;49.99;5390;1000;0.0;0;1.0000;0;0
[wr_ende]
