20130820;230003;172602N232;My Plant;+0100
[wr_def_start]
172602N232;Inverter Type;Inverter Group;72602N232      
[wr_def_end]
[wr]
INTERVAL;TIMESTAMP;SERIAL;P_AC;E_DAY;T_WR;U_AC;U_AC_1;U_AC_2;U_AC_3;I_AC;F_AC;U_DC_1;I_DC_1;U_DC_2;I_DC_2;U_DC_3;I_DC_3;S;E_WR;M_WR;I_AC_1;I_AC_2;I_AC_3;P_AC_1;P_AC_2;P_AC_3;F_AC_1;F_AC_2;F_AC_3;R_DC;PC;PCS;PCS_LL;COS_PHI;COS_PHI_LL;S_COS_PHI
600;2013-08-20 05:30:00;172602N232;0;0.000;0;4;4;4;4;0.000;0.94;4.1;0.000;4.1;0.000;0.0;0.000;50;0;0;0.000;0.000;0.000;0;0;0;0.94;0.94;0.94;60;1000;0.0;0;1.0000;0;0
600;2013-08-20 05:40:00;172602N232;0;0.000;26;224;224;226;221;0.000;50.00;228.6;0.000;229.5;0.000;0.0;0.000;50;0;0;0.000;0.000;0.000;0;0;0;50.00;50.00;50.00;0;1000;0.0;0;1.0000;0;0
600;2013-08-20 05:50:00;172602N232;0;0.000;28;223;224;226;220;0.000;49.99;238.9;0.000;239.8;0.000;0.0;0.000;50;0;0;0.000;0.000;0.000;0;0;0;49.99;49.99;49.99;0;1000;0.0;0;1.0000;0;0
600;2013-08-20 06:00:00;172602N232;0;0.000;29;223;224;226;220;0.023;49.99;293.1;0.000;291.7;0.000;0.0;0.000;51;0;0;0.028;0.022;0.021;0;0;1;49.99;49.99;49.99;3734;1000;0.0;0;1.0000;0;0
600;2013-08-20 06:10:00;172602N232;13;0.002;29;222;223;224;220;0.280;49.97;291.3;0.005;287.1;0.005;0.0;0.000;60;0;0;0.378;0.277;0.186;5;5;11;49.97;49.97;49.97;5366;1000;0.0;0;1.0000;0;0
600;2013-08-20 06:20:00;172602N232;35;0.013;30;223;224;223;222;0.564;49.99;354.9;0.028;361.1;0.027;0.0;0.000;60;0;0;0.780;0.440;0.473;0;31;28;49.99;49.99;49.99;5366;1000;0.0;0;1.0000;0;0
600;2013-08-20 06:30:00;172602N232;57;0.023;30;222;223;222;221;0.752;49.99;382.3;0.056;384.6;0.054;0.0;0.000;60;0;0;0.931;0.698;0.629;1;32;32;49.99;49.99;49.99;5366;1000;0.0;0;1.0000;0;0
600;2013-08-20 06:40:00;172602N232;76;0.036;30;222;222;223;221;0.863;49.98;392.6;0.081;392.3;0.077;0.0;0.000;60;0;0;1.106;0.785;0.698;6;36;38;49.98;49.98;49.98;5366;1000;0.0;0;1.0000;0;0
600;2013-08-20 06:50:00;172602N232;93;0.051;31;222;222;222;221;0.911;50.01;398.6;0.101;397.2;0.096;0.0;0.000;60;0;0;1.163;0.846;0.726;6;39;47;50.01;50.01;50.01;5366;1000;0.0;0;1.0000;0;0
600;2013-08-20 07:00:00;172602N232;108;0.065;31;225;225;225;225;0.840;49.99;403.9;0.119;401.2;0.112;0.0;0.000;60;0;0;0.882;0.925;0.713;19;44;44;49.99;49.99;49.99;5366;1000;0.0;0;1.0000;0;0
600;2013-08-20 07:10:00;172602N232;122;0.084;32;225;225;226;225;0.867;49.97;406.1;0.135;402.8;0.128;0.0;0.000;60;0;0;1.027;0.869;0.706;12;58;51;49.97;49.97;49.97;5366;1000;0.0;0;1.0000;0;0
600;2013-08-20 07:20:00;172602N232;134;0.107;32;225;225;226;225;0.957;49.98;409.6;0.150;405.2;0.144;0.0;0.000;60;0;0;1.098;1.010;0.764;23;50;59;49.98;49.98;49.98;5366;1000;0.0;0;1.0000;0;0
600;2013-08-20 07:30:00;172602N232;154;0.132;33;225;225;226;224;1.032;49.98;411.8;0.174;408.0;0.164;0.0;0.000;60;0;0;1.215;1.113;0.768;17;73;63;49.98;49.98;49.98;5366;1000;0.0;0;1.0000;0;0
600;2013-08-20 07:40:00;172602N232;158;0.160;33;225;225;226;224;1.081;49.97;411.4;0.180;406.3;0.169;0.0;0.000;60;0;0;1.427;1.020;0.796;24;80;51;49.97;49.97;49.97;5366;1000;0.0;0;1.0000;0;0
600;2013-08-20 07:50:00;172602N232;178;0.189;34;226;226;227;224;1.068;50.00;416.1;0.204;408.2;0.191;0.0;0.000;60;0;0;1.529;0.919;0.758;42;69;66;50.00;50.00;50.00;5366;1000;0.0;0;1.0000;0;0
600;2013-08-20 08:00:00;172602N232;225;0.227;34;226;227;228;224;1.075;50.00;426.0;0.270;416.5;0.228;0.0;0.000;60;0;0;1.216;1.121;0.888;40;84;100;50.00;50.00;50.00;5366;1000;0.0;0;1.0000;0;0
600;2013-08-20 08:10:00;172602N232;224;0.265;34;227;228;228;225;1.103;49.99;432.7;0.262;412.4;0.233;0.0;0.000;60;0;0;1.363;1.202;0.746;43;98;81;49.99;49.99;49.99;5366;1000;0.0;0;1.0000;0;0
600;2013-08-20 08:20:00;172602N232;232;0.302;35;227;227;228;225;0.999;49.98;440.8;0.267;413.0;0.239;0.0;0.000;60;0;0;1.132;1.005;0.861;49;80;100;49.98;49.98;49.98;5366;1000;0.0;0;1.0000;0;0
600;2013-08-20 08:30:00;172602N232;241;0.343;35;226;225;229;225;1.056;49.97;444.4;0.274;419.3;0.246;0.0;0.000;60;0;0;1.005;1.362;0.803;71;82;86;49.97;49.97;49.97;5366;1000;0.0;0;1.0000;0;0
600;2013-08-20 08:40:00;172602N232;396;0.409;35;227;225;228;227;1.120;49.96;457.0;0.447;436.3;0.399;0.0;0.000;60;0;0;1.056;1.268;1.037;124;132;137;49.96;49.96;49.96;5366;1000;0.0;0;1.0000;0;0
600;2013-08-20 08:50:00;172602N232;884;0.558;35;227;225;228;227;1.348;49.98;432.9;1.087;438.8;0.927;0.0;0.000;60;0;0;1.287;1.390;1.369;277;305;300;49.98;49.98;49.98;5366;1000;0.0;0;1.0000;0;0
600;2013-08-20 09:00:00;172602N232;634;0.664;36;228;227;230;227;1.079;49.97;427.0;0.777;428.7;0.671;0.0;0.000;60;0;0;1.050;1.107;1.080;199;221;212;49.97;49.97;49.97;5366;1000;0.0;0;1.0000;0;0
600;2013-08-20 09:10:00;172602N232;591;0.762;36;228;227;230;226;1.269;49.96;403.8;0.978;426.0;0.545;0.0;0.000;60;0;0;1.233;1.354;1.221;179;205;205;49.96;49.96;49.96;5366;1000;0.0;0;1.0000;0;0
600;2013-08-20 09:20:00;172602N232;362;0.822;36;227;227;230;226;1.215;49.98;452.3;0.421;446.1;0.356;0.0;0.000;60;0;0;1.214;1.351;1.082;109;117;134;49.98;49.98;49.98;5366;1000;0.0;0;1.0000;0;0
600;2013-08-20 09:30:00;172602N232;347;0.880;36;227;225;229;226;1.202;49.98;449.8;0.385;451.6;0.347;0.0;0.000;60;0;0;1.206;1.321;1.080;116;110;118;49.98;49.98;49.98;5366;1000;0.0;0;1.0000;0;0
600;2013-08-20 09:40:00;172602N232;329;0.935;37;227;226;230;226;1.165;49.98;434.6;0.378;445.4;0.335;0.0;0.000;60;0;0;1.208;1.292;0.997;109;107;112;49.98;49.98;49.98;5366;1000;0.0;0;1.0000;0;0
600;2013-08-20 09:50:00;172602N232;332;0.992;37;227;226;229;226;1.181;49.99;441.6;0.379;444.7;0.337;0.0;0.000;60;0;0;1.244;1.252;1.049;104;109;116;49.99;49.99;49.99;5366;1000;0.0;0;1.0000;0;0
600;2013-08-20 10:00:00;172602N232;356;1.050;37;227;225;230;226;1.206;49.98;461.4;0.386;441.9;0.366;0.0;0.000;60;0;0;1.196;1.377;1.046;118;111;125;49.98;49.98;49.98;5366;1000;0.0;0;1.0000;0;0
600;2013-08-20 10:10:00;172602N232;740;1.173;37;227;225;230;226;1.337;49.98;269.4;2.146;441.8;0.445;0.0;0.000;60;0;0;1.254;1.433;1.325;230;264;243;49.98;49.98;49.98;5366;1000;0.0;0;1.0000;0;0
600;2013-08-20 10:20:00;172602N232;1368;1.402;37;227;226;228;227;2.051;49.98;320.3;3.547;429.5;0.700;0.0;0.000;60;0;0;1.987;2.104;2.064;438;471;458;49.98;49.98;49.98;5366;1000;0.0;0;1.0000;0;0
600;2013-08-20 10:30:00;172602N232;1847;1.710;37;227;227;229;226;2.731;49.98;378.1;3.788;426.2;1.022;0.0;0.000;60;0;0;2.675;2.803;2.715;600;639;607;49.98;49.98;49.98;5366;1000;0.0;0;1.0000;0;0
600;2013-08-20 10:40:00;172602N232;2183;2.075;38;228;227;231;226;3.209;49.98;385.1;4.667;433.3;0.927;0.0;0.000;60;0;0;3.149;3.290;3.190;711;754;716;49.98;49.98;49.98;5366;1000;0.0;0;1.0000;0;0
600;2013-08-20 10:50:00;172602N232;1906;2.393;38;227;227;229;226;2.820;49.99;391.4;4.086;431.1;0.738;0.0;0.000;60;0;0;2.769;2.878;2.814;621;652;630;49.99;49.99;49.99;5366;1000;0.0;0;1.0000;0;0
600;2013-08-20 11:00:00;172602N232;2114;2.744;39;227;228;229;225;3.116;49.99;387.6;4.775;435.7;0.633;0.0;0.000;60;0;0;3.078;3.176;3.096;696;721;693;49.99;49.99;49.99;5366;1000;0.0;0;1.0000;0;0
600;2013-08-20 11:10:00;172602N232;2116;3.097;39;227;227;230;225;3.115;49.99;385.6;4.965;436.2;0.497;0.0;0.000;60;0;0;3.063;3.192;3.091;692;730;692;49.99;49.99;49.99;5366;1000;0.0;0;1.0000;0;0
600;2013-08-20 11:20:00;172602N232;2207;3.465;40;228;227;230;226;3.246;49.99;382.4;5.181;443.8;0.551;0.0;0.000;60;0;0;3.192;3.317;3.229;721;759;725;49.99;49.99;49.99;5366;1000;0.0;0;1.0000;0;0
600;2013-08-20 11:30:00;172602N232;2316;3.851;40;228;227;231;226;3.408;49.98;377.8;4.931;437.6;1.082;0.0;0.000;60;0;0;3.340;3.499;3.385;752;803;759;49.98;49.98;49.98;5366;1000;0.0;0;1.0000;0;0
600;2013-08-20 11:40:00;172602N232;1611;4.120;40;227;227;229;226;2.398;49.98;386.1;2.390;408.9;1.713;0.0;0.000;60;0;0;2.345;2.452;2.399;522;553;534;49.98;49.98;49.98;5366;1000;0.0;0;1.0000;0;0
600;2013-08-20 11:50:00;172602N232;1777;4.417;41;228;229;229;226;2.620;49.99;399.2;2.780;416.4;1.640;0.0;0.000;60;0;0;2.578;2.666;2.617;582;607;587;49.99;49.99;49.99;5366;1000;0.0;0;1.0000;0;0
600;2013-08-20 12:00:00;172602N232;936;4.573;41;227;228;228;226;1.410;49.99;400.2;1.193;396.1;1.154;0.0;0.000;60;0;0;1.363;1.448;1.421;300;321;312;49.99;49.99;49.99;5366;1000;0.0;0;1.0000;0;0
600;2013-08-20 12:10:00;172602N232;1577;4.836;41;228;228;230;227;2.330;50.01;408.8;2.007;410.2;1.862;0.0;0.000;60;0;0;2.271;2.380;2.340;509;542;524;50.01;50.01;50.01;5366;1000;0.0;0;1.0000;0;0
600;2013-08-20 12:20:00;172602N232;2372;5.231;41;228;229;231;225;3.478;50.01;400.9;3.196;416.3;2.668;0.0;0.000;60;0;0;3.420;3.563;3.451;776;819;774;50.01;50.01;50.01;5366;1000;0.0;0;1.0000;0;0
600;2013-08-20 12:30:00;172602N232;2132;5.586;41;228;228;231;225;3.139;50.01;398.3;2.854;407.7;2.487;0.0;0.000;60;0;0;3.078;3.218;3.121;696;737;697;50.01;50.01;50.01;5366;1000;0.0;0;1.0000;0;0
600;2013-08-20 12:40:00;172602N232;2195;5.952;41;227;228;230;224;3.229;50.02;401.2;2.892;410.6;2.559;0.0;0.000;60;0;0;3.177;3.307;3.203;721;758;714;50.02;50.02;50.02;5366;1000;0.0;0;1.0000;0;0
600;2013-08-20 12:50:00;172602N232;2147;6.311;42;227;228;231;224;3.157;50.00;401.4;2.793;404.9;2.579;0.0;0.000;60;0;0;3.105;3.240;3.127;704;745;697;50.00;50.00;50.00;5366;1000;0.0;0;1.0000;0;0
600;2013-08-20 13:00:00;172602N232;1664;6.589;42;227;228;229;223;2.466;50.00;400.2;2.167;403.4;1.999;0.0;0.000;60;0;0;2.425;2.531;2.442;547;575;541;50.00;50.00;50.00;5366;1000;0.0;0;1.0000;0;0
600;2013-08-20 13:10:00;172602N232;3395;7.154;42;228;228;231;225;4.964;49.99;392.5;4.432;398.9;4.276;0.0;0.000;60;0;0;4.890;5.111;4.892;1111;1180;1097;49.99;49.99;49.99;5366;1000;0.0;0;1.0000;0;0
600;2013-08-20 13:20:00;172602N232;4204;7.854;42;228;228;232;225;6.133;49.99;378.9;5.667;381.4;5.583;0.0;0.000;60;0;0;6.056;6.295;6.048;1381;1465;1359;49.99;49.99;49.99;5366;1000;0.0;0;1.0000;0;0
600;2013-08-20 13:30:00;172602N232;2765;8.315;43;227;227;230;225;4.064;49.98;386.0;3.726;389.3;3.499;0.0;0.000;60;0;0;4.014;4.157;4.023;909;953;901;49.98;49.98;49.98;5366;1000;0.0;0;1.0000;0;0
600;2013-08-20 13:40:00;172602N232;1804;8.616;43;226;226;228;224;2.668;50.00;392.0;2.397;394.3;2.238;0.0;0.000;60;0;0;2.605;2.740;2.661;586;623;593;50.00;50.00;50.00;5366;1000;0.0;0;1.0000;0;0
600;2013-08-20 13:50:00;172602N232;1754;8.908;43;227;226;229;225;2.592;49.99;404.1;2.227;400.6;2.157;0.0;0.000;60;0;0;2.528;2.660;2.588;568;606;577;49.99;49.99;49.99;5366;1000;0.0;0;1.0000;0;0
600;2013-08-20 14:00:00;172602N232;1273;9.120;43;227;227;229;225;1.901;49.98;407.4;1.595;399.7;1.567;0.0;0.000;60;0;0;1.849;1.953;1.903;410;440;420;49.98;49.98;49.98;5366;1000;0.0;0;1.0000;0;0
600;2013-08-20 14:10:00;172602N232;990;9.286;42;227;227;228;225;1.485;49.99;406.1;1.236;403.1;1.210;0.0;0.000;60;0;0;1.433;1.529;1.493;317;342;328;49.99;49.99;49.99;5366;1000;0.0;0;1.0000;0;0
600;2013-08-20 14:20:00;172602N232;594;9.384;42;226;227;228;223;0.985;49.97;404.6;0.741;399.7;0.720;0.0;0.000;60;0;0;1.023;1.018;0.914;187;213;192;49.97;49.97;49.97;5366;1000;0.0;0;1.0000;0;0
600;2013-08-20 14:30:00;172602N232;640;9.492;42;226;228;228;223;1.146;49.99;395.3;0.810;400.8;0.784;0.0;0.000;60;0;0;1.262;1.159;1.019;202;231;205;49.99;49.99;49.99;5366;1000;0.0;0;1.0000;0;0
600;2013-08-20 14:40:00;172602N232;1079;9.671;42;227;228;230;224;1.614;50.00;408.3;1.341;408.3;1.305;0.0;0.000;60;0;0;1.566;1.662;1.614;348;374;354;50.00;50.00;50.00;5366;1000;0.0;0;1.0000;0;0
600;2013-08-20 14:50:00;172602N232;1016;9.840;42;228;229;230;226;1.520;49.99;400.6;1.270;405.4;1.251;0.0;0.000;60;0;0;1.470;1.564;1.526;326;352;335;49.99;49.99;49.99;5366;1000;0.0;0;1.0000;0;0
600;2013-08-20 15:00:00;172602N232;1234;10.047;42;229;230;231;226;1.838;49.98;399.4;1.552;404.5;1.529;0.0;0.000;60;0;0;1.790;1.883;1.841;399;427;406;49.98;49.98;49.98;5366;1000;0.0;0;1.0000;0;0
600;2013-08-20 15:10:00;172602N232;1696;10.329;42;229;229;231;226;2.500;49.99;401.2;2.128;404.4;2.116;0.0;0.000;60;0;0;2.449;2.560;2.493;552;585;557;49.99;49.99;49.99;5366;1000;0.0;0;1.0000;0;0
600;2013-08-20 15:20:00;172602N232;2021;10.666;42;228;227;232;227;2.963;49.99;401.0;2.559;401.8;2.520;0.0;0.000;60;0;0;2.888;3.039;2.964;653;699;667;49.99;49.99;49.99;5366;1000;0.0;0;1.0000;0;0
600;2013-08-20 15:30:00;172602N232;2072;11.012;42;229;228;231;226;3.035;49.99;411.0;2.564;400.7;2.584;0.0;0.000;60;0;0;2.972;3.108;3.026;675;714;681;49.99;49.99;49.99;5366;1000;0.0;0;1.0000;0;0
600;2013-08-20 15:40:00;172602N232;2221;11.381;42;229;228;232;227;3.245;50.00;410.5;2.736;400.0;2.789;0.0;0.000;60;0;0;3.179;3.318;3.240;723;764;732;50.00;50.00;50.00;5366;1000;0.0;0;1.0000;0;0
600;2013-08-20 15:50:00;172602N232;1617;11.651;43;229;230;231;227;2.364;50.00;406.6;2.003;400.2;2.029;0.0;0.000;60;0;0;2.306;2.423;2.364;526;557;532;50.00;50.00;50.00;5366;1000;0.0;0;1.0000;0;0
600;2013-08-20 16:00:00;172602N232;1342;11.875;43;229;229;231;227;1.995;50.00;394.5;1.722;401.0;1.669;0.0;0.000;60;0;0;1.955;2.038;1.993;435;462;443;50.00;50.00;50.00;5366;1000;0.0;0;1.0000;0;0
600;2013-08-20 16:10:00;172602N232;1277;12.088;43;228;229;231;225;1.913;49.98;411.7;1.569;402.8;1.578;0.0;0.000;60;0;0;1.882;1.955;1.904;415;442;418;49.98;49.98;49.98;5366;1000;0.0;0;1.0000;0;0
600;2013-08-20 16:20:00;172602N232;1359;12.315;43;228;229;231;225;2.040;49.99;414.8;1.660;403.8;1.673;0.0;0.000;60;0;0;2.010;2.082;2.029;442;470;446;49.99;49.99;49.99;5366;1000;0.0;0;1.0000;0;0
600;2013-08-20 16:30:00;172602N232;1319;12.535;43;228;228;230;225;1.973;49.98;417.3;1.593;404.5;1.626;0.0;0.000;60;0;0;1.927;2.024;1.968;426;458;433;49.98;49.98;49.98;5366;1000;0.0;0;1.0000;0;0
600;2013-08-20 16:40:00;172602N232;1122;12.722;43;227;228;228;225;1.714;49.98;400.4;1.415;403.2;1.382;0.0;0.000;60;0;0;1.689;1.736;1.718;364;384;372;49.98;49.98;49.98;5366;1000;0.0;0;1.0000;0;0
600;2013-08-20 16:50:00;172602N232;524;12.810;42;226;227;228;224;1.071;50.01;399.8;0.662;396.9;0.632;0.0;0.000;60;0;0;1.086;1.088;1.041;154;188;180;50.01;50.01;50.01;5366;1000;0.0;0;1.0000;0;0
600;2013-08-20 17:00:00;172602N232;389;12.874;42;227;228;228;224;1.157;50.01;398.1;0.481;395.5;0.476;0.0;0.000;60;0;0;1.251;1.135;1.087;102;141;145;50.01;50.01;50.01;5366;1000;0.0;0;1.0000;0;0
600;2013-08-20 17:10:00;172602N232;711;12.993;42;226;227;228;224;1.164;50.00;397.4;0.888;403.9;0.873;0.0;0.000;60;0;0;1.171;1.181;1.140;228;246;235;50.00;50.00;50.00;5366;1000;0.0;0;1.0000;0;0
600;2013-08-20 17:20:00;172602N232;1385;13.225;42;226;227;227;224;2.071;49.99;404.1;1.714;407.6;1.715;0.0;0.000;60;0;0;2.031;2.114;2.068;452;473;456;49.99;49.99;49.99;5366;1000;0.0;0;1.0000;0;0
600;2013-08-20 17:30:00;172602N232;2262;13.601;42;227;228;228;226;3.334;49.99;395.7;2.863;404.6;2.846;0.0;0.000;60;0;0;3.294;3.386;3.324;746;769;745;49.99;49.99;49.99;5366;1000;0.0;0;1.0000;0;0
600;2013-08-20 17:40:00;172602N232;1440;13.842;42;227;226;230;224;2.250;49.99;386.3;1.857;393.4;1.834;0.0;0.000;60;0;0;2.209;2.328;2.214;466;506;467;49.99;49.99;49.99;5366;1000;0.0;0;1.0000;0;0
600;2013-08-20 17:50:00;172602N232;1615;14.111;42;226;226;227;225;2.524;50.01;390.8;2.062;395.7;2.050;0.0;0.000;60;0;0;2.498;2.557;2.518;528;548;537;50.01;50.01;50.01;5366;1000;0.0;0;1.0000;0;0
600;2013-08-20 18:00:00;172602N232;1641;14.385;42;226;225;229;225;2.447;50.02;396.8;2.073;395.1;2.100;0.0;0.000;60;0;0;2.381;2.511;2.450;527;569;544;50.02;50.02;50.02;5366;1000;0.0;0;1.0000;0;0
600;2013-08-20 18:10:00;172602N232;1119;14.571;42;227;227;228;225;1.718;49.99;396.3;1.397;391.7;1.437;0.0;0.000;60;0;0;1.677;1.752;1.725;360;385;372;49.99;49.99;49.99;5366;1000;0.0;0;1.0000;0;0
600;2013-08-20 18:20:00;172602N232;1466;14.816;43;228;228;229;226;2.163;49.99;385.5;1.886;396.3;1.886;0.0;0.000;60;0;0;2.106;2.210;2.175;475;503;487;49.99;49.99;49.99;5366;1000;0.0;0;1.0000;0;0
600;2013-08-20 18:30:00;172602N232;1175;15.013;43;227;226;229;224;1.855;49.99;380.9;1.522;392.4;1.523;0.0;0.000;60;0;0;1.807;1.919;1.840;377;410;387;49.99;49.99;49.99;5366;1000;0.0;0;1.0000;0;0
600;2013-08-20 18:40:00;172602N232;1039;15.186;43;223;223;226;221;1.642;49.98;384.1;1.332;393.8;1.343;0.0;0.000;60;0;0;1.623;1.676;1.628;335;360;342;49.98;49.98;49.98;5366;1000;0.0;0;1.0000;0;0
600;2013-08-20 18:50:00;172602N232;994;15.352;43;222;222;224;219;1.522;49.99;389.2;1.253;393.9;1.290;0.0;0.000;60;0;0;1.470;1.570;1.528;319;346;327;49.99;49.99;49.99;5366;1000;0.0;0;1.0000;0;0
600;2013-08-20 19:00:00;172602N232;601;15.452;43;221;222;222;220;1.117;50.00;378.6;0.743;390.6;0.802;0.0;0.000;60;0;0;1.124;1.138;1.091;189;211;198;50.00;50.00;50.00;5366;1000;0.0;0;1.0000;0;0
600;2013-08-20 19:10:00;172602N232;265;15.496;42;224;224;225;222;1.136;49.99;375.5;0.331;389.7;0.334;0.0;0.000;60;0;0;1.264;1.284;0.860;60;113;90;49.99;49.99;49.99;5366;1000;0.0;0;1.0000;0;0
600;2013-08-20 19:20:00;172602N232;396;15.562;42;224;225;225;223;1.154;49.98;386.1;0.393;394.4;0.596;0.0;0.000;60;0;0;1.213;1.179;1.072;116;147;130;49.98;49.98;49.98;5366;1000;0.0;0;1.0000;0;0
600;2013-08-20 19:30:00;172602N232;309;15.614;42;225;226;226;223;1.142;49.98;369.8;0.335;399.3;0.441;0.0;0.000;60;0;0;1.303;1.172;0.953;80;120;106;49.98;49.98;49.98;5366;1000;0.0;0;1.0000;0;0
600;2013-08-20 19:40:00;172602N232;208;15.649;41;225;225;227;223;1.048;49.98;363.8;0.257;389.3;0.266;0.0;0.000;60;0;0;1.233;1.193;0.720;43;81;82;49.98;49.98;49.98;5366;1000;0.0;0;1.0000;0;0
600;2013-08-20 19:50:00;172602N232;126;15.670;41;226;227;227;224;1.011;49.98;361.6;0.154;378.5;0.155;0.0;0.000;60;0;0;1.469;0.818;0.748;3;64;62;49.98;49.98;49.98;5366;1000;0.0;0;1.0000;0;0
600;2013-08-20 20:00:00;172602N232;84;15.684;41;226;226;227;224;0.921;49.97;350.8;0.100;370.5;0.100;0.0;0.000;60;0;0;1.259;0.791;0.714;1;41;48;49.97;49.97;49.97;5366;1000;0.0;0;1.0000;0;0
600;2013-08-20 20:10:00;172602N232;51;15.693;40;226;227;227;225;0.778;49.99;339.5;0.057;357.5;0.057;0.0;0.000;60;0;0;0.961;0.778;0.596;0;23;41;49.99;49.99;49.99;5366;1000;0.0;0;1.0000;0;0
600;2013-08-20 20:20:00;172602N232;19;15.697;40;226;228;227;225;0.379;49.99;286.6;0.014;292.7;0.016;0.0;0.000;60;0;0;0.516;0.325;0.297;0;19;19;49.99;49.99;49.99;5366;1000;0.0;0;1.0000;0;0
600;2013-08-20 20:30:00;172602N232;0;15.696;39;226;227;228;224;0.019;49.99;272.9;0.000;271.6;0.000;0.0;0.000;50;0;0;0.024;0.017;0.017;0;0;0;49.99;49.99;49.99;5366;1000;0.0;0;1.0000;0;0
600;2013-08-20 20:40:00;172602N232;0;15.696;37;226;227;228;224;0.000;50.01;234.9;0.000;235.9;0.000;0.0;0.000;50;0;0;0.000;0.000;0.000;0;0;0;50.01;50.01;50.01;5366;1000;0.0;0;1.0000;0;0
600;2013-08-20 20:50:00;172602N232;0;15.696;36;225;226;227;223;0.000;49.98;228.8;0.000;229.7;0.000;0.0;0.000;50;0;0;0.000;0.000;0.000;0;0;0;49.98;49.98;49.98;5366;1000;0.0;0;1.0000;0;0
600;2013-08-20 21:00:00;172602N232;0;15.696;36;224;225;225;223;0.000;49.99;225.6;0.000;226.5;0.000;0.0;0.000;80;0;0;0.000;0.000;0.000;0;0;0;49.99;49.99;49.99;5366;1000;0.0;0;1.0000;0;0
[wr_ende]
