20161211;230000;172602N232;My Plant;+0100
[wr_def_start]
172602N232;Inverter Type;Inverter Group;72602N232      
[wr_def_end]
[wr]
INTERVAL;TIMESTAMP;SERIAL;P_AC;E_DAY;T_WR;U_AC;U_AC_1;U_AC_2;U_AC_3;I_AC;F_AC;U_DC_1;I_DC_1;U_DC_2;I_DC_2;U_DC_3;I_DC_3;S;E_WR;M_WR;I_AC_1;I_AC_2;I_AC_3;P_AC_1;P_AC_2;P_AC_3;F_AC_1;F_AC_2;F_AC_3;R_DC;PC;PCS;PCS_LL;COS_PHI;COS_PHI_LL;S_COS_PHI
600;2016-12-11 07:40:00;172602N232;0;0.000;0;2;2;2;2;0.000;0.48;2.2;0.000;2.2;0.000;0.0;0.000;50;0;0;0.000;0.000;0.000;0;0;0;0.48;0.48;0.48;9;1000;0.0;0;1.0000;0;0
600;2016-12-11 07:50:00;172602N232;0;0.000;19;221;222;223;218;0.000;50.01;228.1;0.000;229.0;0.000;0.0;0.000;50;0;0;0.000;0.000;0.000;0;0;0;50.01;50.01;50.01;0;1000;0.0;0;1.0000;0;0
600;2016-12-11 08:00:00;172602N232;0;0.000;20;221;224;222;217;0.000;50.01;231.8;0.000;232.8;0.000;0.0;0.000;50;0;0;0.000;0.000;0.000;0;0;0;50.01;50.01;50.01;0;1000;0.0;0;1.0000;0;0
600;2016-12-11 08:10:00;172602N232;0;0.000;20;220;222;221;218;0.000;50.01;232.1;0.000;233.0;0.000;0.0;0.000;50;0;0;0.000;0.000;0.000;0;0;0;50.01;50.01;50.01;0;1000;0.0;0;1.0000;0;0
600;2016-12-11 08:20:00;172602N232;0;0.000;20;221;222;223;219;0.000;50.01;259.2;0.000;259.6;0.000;0.0;0.000;51;0;0;0.000;0.000;0.000;0;0;0;50.01;50.01;50.01;58;1000;0.0;0;1.0000;0;0
600;2016-12-11 08:30:00;172602N232;13;0.002;21;221;221;223;220;0.288;49.99;286.5;0.008;299.4;0.009;0.0;0.000;60;0;0;0.306;0.368;0.191;4;0;12;49.99;49.99;49.99;8387;1000;0.0;0;1.0000;0;0
600;2016-12-11 08:40:00;172602N232;76;0.014;21;221;221;221;219;0.783;50.00;377.0;0.080;385.9;0.078;0.0;0.000;60;0;0;0.971;0.778;0.600;6;29;44;50.00;50.00;50.00;8387;1000;0.0;0;1.0000;0;0
600;2016-12-11 08:50:00;172602N232;98;0.030;21;221;221;223;219;0.915;50.00;389.4;0.109;397.3;0.105;0.0;0.000;60;0;0;0.928;1.089;0.729;17;19;62;50.00;50.00;50.00;8387;1000;0.0;0;1.0000;0;0
600;2016-12-11 09:00:00;172602N232;107;0.049;22;221;221;222;220;0.913;50.00;390.1;0.120;399.2;0.116;0.0;0.000;60;0;0;1.078;0.921;0.740;8;37;62;50.00;50.00;50.00;8387;1000;0.0;0;1.0000;0;0
600;2016-12-11 09:10:00;172602N232;60;0.058;22;221;221;220;220;0.707;50.01;364.5;0.062;370.8;0.062;0.0;0.000;60;0;0;0.964;0.602;0.557;1;38;29;50.01;50.01;50.01;8387;1000;0.0;0;1.0000;0;0
600;2016-12-11 09:20:00;172602N232;82;0.072;23;221;222;219;221;0.804;50.01;379.4;0.088;388.0;0.087;0.0;0.000;60;0;0;1.110;0.650;0.654;2;53;30;50.01;50.01;50.01;8387;1000;0.0;0;1.0000;0;0
600;2016-12-11 09:30:00;172602N232;123;0.093;23;221;222;222;219;1.024;50.00;397.5;0.138;402.3;0.133;0.0;0.000;60;0;0;1.503;0.817;0.754;2;66;58;50.00;50.00;50.00;8387;1000;0.0;0;1.0000;0;0
600;2016-12-11 09:40:00;172602N232;84;0.108;24;220;221;219;219;0.913;50.00;382.4;0.090;388.5;0.090;0.0;0.000;60;0;0;1.394;0.677;0.670;0;56;45;50.00;50.00;50.00;8387;1000;0.0;0;1.0000;0;0
600;2016-12-11 09:50:00;172602N232;100;0.125;24;219;220;217;220;0.876;50.00;387.4;0.110;392.4;0.108;0.0;0.000;60;0;0;1.162;0.698;0.769;6;63;33;50.00;50.00;50.00;8387;1000;0.0;0;1.0000;0;0
600;2016-12-11 10:00:00;172602N232;255;0.167;24;220;221;219;221;1.045;49.99;410.2;0.309;421.9;0.270;0.0;0.000;60;0;0;1.213;0.980;0.943;66;106;81;49.99;49.99;49.99;8387;1000;0.0;0;1.0000;0;0
600;2016-12-11 10:10:00;172602N232;108;0.186;24;220;222;220;220;0.891;50.00;386.2;0.122;390.4;0.117;0.0;0.000;60;0;0;1.291;0.700;0.682;3;62;51;50.00;50.00;50.00;8387;1000;0.0;0;1.0000;0;0
600;2016-12-11 10:20:00;172602N232;239;0.226;25;221;222;221;220;1.065;49.99;410.8;0.274;411.5;0.268;0.0;0.000;60;0;0;1.359;0.944;0.894;51;101;86;49.99;49.99;49.99;8387;1000;0.0;0;1.0000;0;0
600;2016-12-11 10:30:00;172602N232;398;0.292;25;222;223;223;220;1.109;49.99;420.0;0.476;427.0;0.436;0.0;0.000;60;0;0;1.194;1.114;1.019;116;146;135;49.99;49.99;49.99;8387;1000;0.0;0;1.0000;0;0
600;2016-12-11 10:40:00;172602N232;179;0.323;25;222;222;223;220;0.974;50.01;401.9;0.207;405.6;0.199;0.0;0.000;60;0;0;1.131;1.008;0.785;28;69;82;50.01;50.01;50.01;8387;1000;0.0;0;1.0000;0;0
600;2016-12-11 10:50:00;172602N232;169;0.351;26;221;222;222;219;1.022;50.01;399.7;0.193;404.8;0.190;0.0;0.000;60;0;0;1.309;1.005;0.754;23;71;74;50.01;50.01;50.01;8387;1000;0.0;0;1.0000;0;0
600;2016-12-11 11:00:00;172602N232;192;0.382;26;221;222;223;218;1.083;50.00;402.7;0.221;412.0;0.212;0.0;0.000;60;0;0;1.403;1.036;0.812;29;74;88;50.00;50.00;50.00;8387;1000;0.0;0;1.0000;0;0
600;2016-12-11 11:10:00;172602N232;213;0.418;26;221;220;225;219;1.017;50.00;400.7;0.266;412.9;0.207;0.0;0.000;60;0;0;0.929;1.304;0.818;72;50;92;50.00;50.00;50.00;8387;1000;0.0;0;1.0000;0;0
600;2016-12-11 11:20:00;172602N232;208;0.453;26;221;219;223;220;0.912;49.99;401.9;0.255;412.9;0.214;0.0;0.000;60;0;0;0.810;1.175;0.753;69;53;85;49.99;49.99;49.99;8387;1000;0.0;0;1.0000;0;0
600;2016-12-11 11:30:00;172602N232;180;0.484;26;221;218;225;219;0.980;49.99;400.5;0.207;401.8;0.197;0.0;0.000;60;0;0;0.772;1.400;0.768;72;33;82;49.99;49.99;49.99;8387;1000;0.0;0;1.0000;0;0
600;2016-12-11 11:40:00;172602N232;569;0.580;27;221;219;224;220;0.994;50.00;437.3;0.676;449.5;0.583;0.0;0.000;60;0;0;0.934;1.053;0.997;175;201;191;50.00;50.00;50.00;8387;1000;0.0;0;1.0000;0;0
600;2016-12-11 11:50:00;172602N232;564;0.674;27;221;220;224;221;0.965;49.99;425.5;0.668;434.6;0.620;0.0;0.000;60;0;0;0.906;1.024;0.967;174;197;191;49.99;49.99;49.99;8387;1000;0.0;0;1.0000;0;0
600;2016-12-11 12:00:00;172602N232;410;0.741;27;221;220;223;220;1.133;50.00;424.3;0.475;428.8;0.456;0.0;0.000;60;0;0;1.079;1.246;1.074;123;139;147;50.00;50.00;50.00;8387;1000;0.0;0;1.0000;0;0
600;2016-12-11 12:10:00;172602N232;388;0.806;27;222;221;224;220;1.101;50.01;421.0;0.451;426.8;0.435;0.0;0.000;60;0;0;1.097;1.192;1.014;119;130;137;50.01;50.01;50.01;8387;1000;0.0;0;1.0000;0;0
600;2016-12-11 12:20:00;172602N232;447;0.880;28;221;219;225;221;1.186;49.97;421.7;0.527;426.9;0.498;0.0;0.000;60;0;0;1.077;1.315;1.168;138;151;156;49.97;49.97;49.97;8387;1000;0.0;0;1.0000;0;0
600;2016-12-11 12:30:00;172602N232;272;0.927;28;221;219;224;220;1.080;50.01;409.4;0.323;415.7;0.301;0.0;0.000;60;0;0;0.998;1.376;0.866;94;74;102;50.01;50.01;50.01;8387;1000;0.0;0;1.0000;0;0
600;2016-12-11 12:40:00;172602N232;261;0.970;28;222;220;225;220;1.094;50.00;408.3;0.306;414.9;0.289;0.0;0.000;60;0;0;0.946;1.431;0.905;86;66;110;50.00;50.00;50.00;8387;1000;0.0;0;1.0000;0;0
600;2016-12-11 12:50:00;172602N232;115;0.989;28;222;221;224;220;0.928;50.00;393.6;0.129;393.6;0.127;0.0;0.000;60;0;0;0.759;1.286;0.741;43;4;67;50.00;50.00;50.00;8387;1000;0.0;0;1.0000;0;0
600;2016-12-11 13:00:00;172602N232;79;1.003;28;221;221;222;221;0.843;50.00;379.6;0.085;382.1;0.087;0.0;0.000;60;0;0;0.875;0.964;0.692;12;22;44;50.00;50.00;50.00;8387;1000;0.0;0;1.0000;0;0
600;2016-12-11 13:10:00;172602N232;422;1.073;28;222;222;223;222;1.088;50.01;426.1;0.493;427.5;0.466;0.0;0.000;60;0;0;0.910;1.228;1.128;120;158;142;50.01;50.01;50.01;8387;1000;0.0;0;1.0000;0;0
600;2016-12-11 13:20:00;172602N232;367;1.135;28;222;222;224;222;1.154;50.00;421.1;0.429;424.4;0.409;0.0;0.000;60;0;0;1.122;1.247;1.094;101;127;136;50.00;50.00;50.00;8387;1000;0.0;0;1.0000;0;0
600;2016-12-11 13:30:00;172602N232;438;1.208;28;222;222;223;222;1.112;50.00;425.6;0.523;429.7;0.471;0.0;0.000;60;0;0;1.064;1.172;1.100;135;160;141;50.00;50.00;50.00;8387;1000;0.0;0;1.0000;0;0
600;2016-12-11 13:40:00;172602N232;389;1.273;28;223;223;224;221;0.903;50.00;442.3;0.471;426.4;0.393;0.0;0.000;60;0;0;0.910;0.925;0.875;110;138;139;50.00;50.00;50.00;8387;1000;0.0;0;1.0000;0;0
600;2016-12-11 13:50:00;172602N232;202;1.306;28;223;223;225;221;1.032;49.99;417.3;0.245;408.4;0.195;0.0;0.000;60;0;0;1.022;1.222;0.854;56;55;88;49.99;49.99;49.99;8387;1000;0.0;0;1.0000;0;0
600;2016-12-11 14:00:00;172602N232;122;1.327;28;222;223;225;218;0.970;49.99;411.0;0.145;400.1;0.114;0.0;0.000;60;0;0;0.917;1.214;0.780;20;22;78;49.99;49.99;49.99;8387;1000;0.0;0;1.0000;0;0
600;2016-12-11 14:10:00;172602N232;128;1.349;28;223;224;225;219;0.942;49.99;400.2;0.147;408.3;0.133;0.0;0.000;60;0;0;0.908;1.155;0.764;26;26;75;49.99;49.99;49.99;8387;1000;0.0;0;1.0000;0;0
600;2016-12-11 14:20:00;172602N232;123;1.369;28;222;223;224;220;0.923;49.99;399.3;0.137;407.4;0.132;0.0;0.000;60;0;0;1.054;0.966;0.750;8;43;71;49.99;49.99;49.99;8387;1000;0.0;0;1.0000;0;0
600;2016-12-11 14:30:00;172602N232;99;1.386;28;222;223;223;220;0.930;50.00;385.3;0.110;403.2;0.104;0.0;0.000;60;0;0;1.084;0.960;0.746;4;35;63;50.00;50.00;50.00;8387;1000;0.0;0;1.0000;0;0
600;2016-12-11 14:40:00;172602N232;70;1.398;28;223;223;225;221;0.954;50.00;376.9;0.076;388.9;0.072;0.0;0.000;60;0;0;0.814;1.322;0.728;23;0;56;50.00;50.00;50.00;8387;1000;0.0;0;1.0000;0;0
600;2016-12-11 14:50:00;172602N232;20;1.402;28;222;222;225;221;0.432;50.00;298.6;0.015;293.0;0.017;0.0;0.000;60;0;0;0.456;0.552;0.290;6;2;19;50.00;50.00;50.00;8387;1000;0.0;0;1.0000;0;0
600;2016-12-11 15:00:00;172602N232;0;1.401;28;222;222;225;220;0.043;49.99;251.4;0.000;251.5;0.000;0.0;0.000;60;0;0;0.032;0.068;0.030;0;0;1;49.99;49.99;49.99;8387;1000;0.0;0;1.0000;0;0
600;2016-12-11 15:10:00;172602N232;0;1.401;27;222;220;227;220;0.000;50.00;280.2;0.000;279.4;0.000;0.0;0.000;51;0;0;0.000;0.000;0.000;0;0;0;49.99;50.00;50.00;5114;1000;0.0;0;1.0000;0;0
600;2016-12-11 15:20:00;172602N232;0;1.401;26;221;222;223;220;0.000;50.01;228.7;0.000;229.7;0.000;0.0;0.000;51;0;0;0.000;0.000;0.000;0;0;0;50.01;50.01;50.01;4485;1000;0.0;0;1.0000;0;0
600;2016-12-11 15:30:00;172602N232;0;1.401;26;222;221;224;219;0.000;50.01;228.2;0.000;229.2;0.000;0.0;0.000;51;0;0;0.000;0.000;0.000;0;0;0;50.01;50.01;50.01;4485;1000;0.0;0;1.0000;0;0
[wr_ende]
