20140212;230004;172602N232;My Plant;+0100
[wr_def_start]
172602N232;Inverter Type;Inverter Group;72602N232      
[wr_def_end]
[wr]
INTERVAL;TIMESTAMP;SERIAL;P_AC;E_DAY;T_WR;U_AC;U_AC_1;U_AC_2;U_AC_3;I_AC;F_AC;U_DC_1;I_DC_1;U_DC_2;I_DC_2;U_DC_3;I_DC_3;S;E_WR;M_WR;I_AC_1;I_AC_2;I_AC_3;P_AC_1;P_AC_2;P_AC_3;F_AC_1;F_AC_2;F_AC_3;R_DC;PC;PCS;PCS_LL;COS_PHI;COS_PHI_LL;S_COS_PHI
600;2014-02-12 07:30:00;172602N232;0;0.000;0;4;4;4;4;0.000;0.94;4.2;0.000;4.2;0.000;0.0;0.000;50;0;0;0.000;0.000;0.000;0;0;0;0.94;0.94;0.94;43;1000;0.0;0;1.0000;0;0
600;2014-02-12 07:40:00;172602N232;0;0.000;14;224;225;226;222;0.000;49.99;232.9;0.000;233.8;0.000;0.0;0.000;50;0;0;0.000;0.000;0.000;0;0;0;49.99;49.99;49.99;0;1000;0.0;0;1.0000;0;0
600;2014-02-12 07:50:00;172602N232;0;0.000;15;224;224;226;221;0.000;50.02;253.4;0.000;254.2;0.000;0.0;0.000;50;0;0;0.000;0.000;0.000;0;0;0;50.02;50.02;50.02;0;1000;0.0;0;1.0000;0;0
600;2014-02-12 08:00:00;172602N232;9;0.001;16;223;223;224;223;0.232;50.00;296.2;0.002;300.1;0.005;0.0;0.000;60;0;0;0.222;0.270;0.205;2;6;4;50.00;50.00;50.00;7848;1000;0.0;0;1.0000;0;0
600;2014-02-12 08:10:00;172602N232;36;0.007;16;223;223;222;224;0.488;49.99;345.4;0.028;365.5;0.031;0.0;0.000;60;0;0;0.494;0.467;0.505;8;29;9;49.99;49.99;49.99;8789;1000;0.0;0;1.0000;0;0
600;2014-02-12 08:20:00;172602N232;76;0.020;17;222;224;220;223;0.790;49.99;390.0;0.076;395.8;0.079;0.0;0.000;60;0;0;1.101;0.612;0.659;1;51;29;49.99;49.99;49.99;8789;1000;0.0;0;1.0000;0;0
600;2014-02-12 08:30:00;172602N232;112;0.038;17;223;224;221;224;0.939;49.99;408.9;0.117;408.3;0.120;0.0;0.000;60;0;0;1.232;0.741;0.844;10;69;31;49.99;49.99;49.99;8789;1000;0.0;0;1.0000;0;0
600;2014-02-12 08:40:00;172602N232;114;0.057;18;223;224;222;224;0.869;49.99;396.9;0.121;403.1;0.123;0.0;0.000;60;0;0;1.037;0.743;0.829;16;73;25;49.99;49.99;49.99;8789;1000;0.0;0;1.0000;0;0
600;2014-02-12 08:50:00;172602N232;199;0.091;18;224;224;222;225;0.978;50.01;416.8;0.221;420.2;0.218;0.0;0.000;60;0;0;0.903;0.944;1.089;56;105;36;50.01;50.01;50.01;8789;1000;0.0;0;1.0000;0;0
600;2014-02-12 09:00:00;172602N232;264;0.135;19;224;225;223;226;1.105;50.01;426.5;0.293;426.3;0.290;0.0;0.000;60;0;0;1.211;1.068;1.036;82;126;53;50.01;50.01;50.01;8789;1000;0.0;0;1.0000;0;0
600;2014-02-12 09:10:00;172602N232;532;0.223;19;224;225;223;225;1.072;50.00;442.4;0.591;438.6;0.591;0.0;0.000;60;0;0;1.074;1.080;1.062;168;188;174;50.01;50.00;50.01;8789;1000;0.0;0;1.0000;0;0
600;2014-02-12 09:20:00;172602N232;643;0.331;20;223;224;222;224;1.074;50.00;444.3;0.722;441.7;0.708;0.0;0.000;60;0;0;1.061;1.081;1.081;205;218;218;50.00;50.00;50.00;8789;1000;0.0;0;1.0000;0;0
600;2014-02-12 09:30:00;172602N232;564;0.426;21;223;224;223;223;1.047;50.01;443.2;0.638;441.4;0.613;0.0;0.000;60;0;0;1.065;1.072;1.006;178;197;187;50.01;50.01;50.01;8789;1000;0.0;0;1.0000;0;0
600;2014-02-12 09:40:00;172602N232;534;0.515;22;224;225;224;223;0.869;50.02;442.1;0.610;441.2;0.578;0.0;0.000;60;0;0;0.835;0.893;0.880;168;184;180;50.02;50.02;50.02;8789;1000;0.0;0;1.0000;0;0
600;2014-02-12 09:50:00;172602N232;494;0.597;22;224;224;225;223;0.929;50.01;437.5;0.556;438.3;0.545;0.0;0.000;60;0;0;0.919;0.962;0.906;155;175;162;50.01;50.01;50.01;8789;1000;0.0;0;1.0000;0;0
600;2014-02-12 10:00:00;172602N232;378;0.660;23;224;224;225;223;1.020;50.01;432.8;0.423;433.9;0.418;0.0;0.000;60;0;0;1.029;1.043;0.989;114;138;124;50.01;50.01;50.01;8789;1000;0.0;0;1.0000;0;0
600;2014-02-12 10:10:00;172602N232;492;0.742;23;225;225;226;224;1.047;50.01;439.0;0.547;436.1;0.549;0.0;0.000;60;0;0;1.062;1.062;1.017;156;173;160;50.01;50.01;50.01;8789;1000;0.0;0;1.0000;0;0
600;2014-02-12 10:20:00;172602N232;802;0.876;24;225;224;226;225;1.321;50.01;439.4;0.909;444.7;0.880;0.0;0.000;60;0;0;1.306;1.337;1.320;256;274;269;50.01;50.01;50.01;8789;1000;0.0;0;1.0000;0;0
600;2014-02-12 10:30:00;172602N232;1001;1.044;24;225;224;225;225;1.521;50.02;440.9;1.137;444.4;1.109;0.0;0.000;60;0;0;1.465;1.557;1.542;319;344;337;50.02;50.02;50.02;8789;1000;0.0;0;1.0000;0;0
600;2014-02-12 10:40:00;172602N232;1243;1.251;24;226;225;226;225;1.886;50.03;440.6;1.415;440.4;1.395;0.0;0.000;60;0;0;1.844;1.916;1.899;402;423;416;50.03;50.03;50.03;8789;1000;0.0;0;1.0000;0;0
600;2014-02-12 10:50:00;172602N232;754;1.377;25;225;225;226;224;1.315;50.01;433.0;0.865;432.7;0.859;0.0;0.000;60;0;0;1.448;1.240;1.257;251;249;252;50.01;50.01;50.01;8789;1000;0.0;0;1.0000;0;0
600;2014-02-12 11:00:00;172602N232;828;1.514;25;225;224;227;223;1.272;50.00;438.2;0.941;435.3;0.938;0.0;0.000;60;0;0;1.217;1.319;1.281;261;289;277;50.00;50.01;50.00;8789;1000;0.0;0;1.0000;0;0
600;2014-02-12 11:10:00;172602N232;804;1.649;26;225;224;226;224;1.247;50.02;434.8;0.919;433.8;0.911;0.0;0.000;60;0;0;1.191;1.290;1.262;254;278;270;50.02;50.02;50.02;8789;1000;0.0;0;1.0000;0;0
600;2014-02-12 11:20:00;172602N232;1282;1.863;26;226;226;227;225;1.950;50.01;437.1;1.471;438.8;1.451;0.0;0.000;60;0;0;1.938;1.969;1.944;419;435;426;50.01;50.01;50.01;8789;1000;0.0;0;1.0000;0;0
600;2014-02-12 11:30:00;172602N232;2337;2.253;26;227;227;229;224;3.464;49.99;438.5;2.696;439.8;2.662;0.0;0.000;60;0;0;3.422;3.522;3.448;769;799;768;49.99;49.99;49.99;8789;1000;0.0;0;1.0000;0;0
600;2014-02-12 11:40:00;172602N232;1874;2.566;27;226;226;228;224;2.787;50.01;431.9;2.184;434.1;2.141;0.0;0.000;60;0;0;2.731;2.855;2.776;610;647;616;50.01;50.01;50.01;8789;1000;0.0;0;1.0000;0;0
600;2014-02-12 11:50:00;172602N232;2232;2.936;27;227;227;229;226;3.290;49.99;431.5;2.594;433.0;2.579;0.0;0.000;60;0;0;3.247;3.339;3.285;734;759;737;49.99;49.99;49.99;8789;1000;0.0;0;1.0000;0;0
600;2014-02-12 12:00:00;172602N232;768;3.066;28;226;227;228;224;1.205;50.00;429.7;0.879;424.6;0.899;0.0;0.000;60;0;0;1.186;1.230;1.201;246;265;255;50.00;50.00;50.00;8789;1000;0.0;0;1.0000;0;0
600;2014-02-12 12:10:00;172602N232;926;3.220;28;223;222;225;221;1.630;50.02;427.2;1.052;427.2;1.083;0.0;0.000;60;0;0;1.621;1.678;1.593;294;322;307;50.02;50.02;50.02;8789;1000;0.0;0;1.0000;0;0
600;2014-02-12 12:20:00;172602N232;1427;3.459;28;222;222;224;221;2.191;49.99;423.1;1.628;429.5;1.708;0.0;0.000;60;0;0;2.149;2.235;2.190;462;491;473;49.99;49.99;49.99;8789;1000;0.0;0;1.0000;0;0
600;2014-02-12 12:30:00;172602N232;1029;3.629;28;221;221;221;221;1.589;50.01;430.2;1.172;429.1;1.195;0.0;0.000;60;0;0;1.544;1.617;1.606;331;350;346;50.01;50.01;50.01;8789;1000;0.0;0;1.0000;0;0
600;2014-02-12 12:40:00;172602N232;1096;3.813;28;222;221;223;221;1.716;50.00;431.5;1.256;431.8;1.277;0.0;0.000;60;0;0;1.669;1.741;1.738;349;376;370;50.00;50.00;50.00;8789;1000;0.0;0;1.0000;0;0
600;2014-02-12 12:50:00;172602N232;1514;4.065;28;224;223;226;222;2.304;49.98;434.2;1.703;432.4;1.778;0.0;0.000;60;0;0;2.255;2.360;2.299;489;522;501;49.98;49.98;49.98;8789;1000;0.0;0;1.0000;0;0
600;2014-02-12 13:00:00;172602N232;1804;4.366;29;224;222;227;222;2.730;49.99;434.5;1.969;430.6;2.203;0.0;0.000;60;0;0;2.655;2.816;2.720;579;629;596;49.99;49.99;49.99;8789;1000;0.0;0;1.0000;0;0
600;2014-02-12 13:10:00;172602N232;1611;4.635;29;225;224;229;224;2.412;49.99;435.5;1.709;431.1;1.998;0.0;0.000;60;0;0;2.340;2.480;2.418;515;558;534;49.99;49.99;49.99;8789;1000;0.0;0;1.0000;0;0
600;2014-02-12 13:20:00;172602N232;1118;4.822;29;225;223;226;225;1.696;49.98;428.5;1.247;426.7;1.340;0.0;0.000;60;0;0;1.640;1.732;1.718;356;383;376;49.98;49.98;49.98;8789;1000;0.0;0;1.0000;0;0
600;2014-02-12 13:30:00;172602N232;838;4.962;29;225;223;226;225;1.283;50.00;429.8;0.946;427.1;0.987;0.0;0.000;60;0;0;1.222;1.327;1.301;262;291;283;50.00;50.00;50.00;8789;1000;0.0;0;1.0000;0;0
600;2014-02-12 13:40:00;172602N232;1018;5.131;30;226;226;228;224;1.584;50.02;431.8;1.170;431.9;1.172;0.0;0.000;60;0;0;1.568;1.607;1.579;329;350;338;50.02;50.02;50.02;8789;1000;0.0;0;1.0000;0;0
600;2014-02-12 13:50:00;172602N232;1083;5.312;30;226;226;228;224;1.694;50.00;430.2;1.292;430.7;1.177;0.0;0.000;60;0;0;1.658;1.745;1.679;350;375;356;50.00;50.00;50.00;8789;1000;0.0;0;1.0000;0;0
600;2014-02-12 14:00:00;172602N232;619;5.415;30;225;226;227;223;1.029;49.97;430.2;0.707;425.8;0.714;0.0;0.000;60;0;0;1.029;1.038;1.020;197;214;206;49.97;49.97;49.97;8789;1000;0.0;0;1.0000;0;0
600;2014-02-12 14:10:00;172602N232;562;5.509;30;225;225;226;225;1.074;49.99;423.6;0.646;426.8;0.654;0.0;0.000;60;0;0;1.149;1.005;1.070;186;186;189;49.99;49.99;49.99;8789;1000;0.0;0;1.0000;0;0
600;2014-02-12 14:20:00;172602N232;603;5.610;30;225;225;227;224;0.975;50.00;431.8;0.684;427.0;0.696;0.0;0.000;60;0;0;0.936;1.008;0.981;189;210;202;50.00;50.00;50.00;8789;1000;0.0;0;1.0000;0;0
600;2014-02-12 14:30:00;172602N232;2114;5.963;30;228;228;230;225;3.124;50.00;444.9;2.622;448.0;2.112;0.0;0.000;60;0;0;3.094;3.184;3.094;696;727;689;50.00;50.00;50.00;8789;1000;0.0;0;1.0000;0;0
600;2014-02-12 14:40:00;172602N232;1225;6.166;30;226;227;228;224;1.843;50.00;438.5;1.579;448.9;1.171;0.0;0.000;60;0;0;1.804;1.888;1.839;397;422;404;50.00;50.00;50.00;8789;1000;0.0;0;1.0000;0;0
600;2014-02-12 14:50:00;172602N232;551;6.258;30;225;226;224;225;1.133;50.01;424.2;0.636;428.7;0.620;0.0;0.000;60;0;0;1.156;1.094;1.149;171;198;180;50.01;50.01;50.01;8789;1000;0.0;0;1.0000;0;0
600;2014-02-12 15:00:00;172602N232;388;6.323;29;224;225;222;226;1.106;49.98;421.2;0.439;424.6;0.444;0.0;0.000;60;0;0;1.168;1.064;1.087;119;149;118;49.98;49.98;49.98;8789;1000;0.0;0;1.0000;0;0
600;2014-02-12 15:10:00;172602N232;529;6.412;29;224;226;222;225;1.202;50.01;431.5;0.577;426.7;0.612;0.0;0.000;60;0;0;1.318;1.186;1.102;166;196;165;50.01;50.01;50.01;8789;1000;0.0;0;1.0000;0;0
600;2014-02-12 15:20:00;172602N232;614;6.514;29;225;227;224;226;1.219;50.00;448.9;0.591;426.3;0.795;0.0;0.000;60;0;0;1.247;1.212;1.198;193;215;204;50.00;50.00;50.00;8789;1000;0.0;0;1.0000;0;0
600;2014-02-12 15:30:00;172602N232;429;6.586;29;225;227;223;226;0.879;49.98;429.9;0.467;427.9;0.499;0.0;0.000;60;0;0;0.898;0.886;0.855;131;153;142;49.98;49.98;49.98;8789;1000;0.0;0;1.0000;0;0
600;2014-02-12 15:40:00;172602N232;301;6.636;29;224;224;223;225;1.133;49.99;417.1;0.340;418.3;0.346;0.0;0.000;60;0;0;1.218;1.131;1.052;93;131;75;49.99;49.99;49.99;8789;1000;0.0;0;1.0000;0;0
600;2014-02-12 15:50:00;172602N232;216;6.672;28;225;225;223;226;1.055;50.02;408.1;0.241;406.6;0.248;0.0;0.000;60;0;0;1.037;0.955;1.174;70;103;44;50.02;50.02;50.02;8789;1000;0.0;0;1.0000;0;0
600;2014-02-12 16:00:00;172602N232;241;6.713;28;224;225;223;226;1.040;50.01;412.5;0.267;413.8;0.277;0.0;0.000;60;0;0;1.034;1.018;1.069;65;112;63;50.01;50.01;50.01;8789;1000;0.0;0;1.0000;0;0
600;2014-02-12 16:10:00;172602N232;156;6.739;28;224;225;223;225;0.910;49.99;403.7;0.171;406.8;0.175;0.0;0.000;60;0;0;0.995;0.897;0.840;24;79;52;49.99;49.99;49.99;8789;1000;0.0;0;1.0000;0;0
600;2014-02-12 16:20:00;172602N232;123;6.759;28;224;225;223;225;0.921;49.99;397.4;0.133;401.0;0.137;0.0;0.000;60;0;0;1.157;0.810;0.796;8;63;51;49.99;49.99;49.99;8789;1000;0.0;0;1.0000;0;0
600;2014-02-12 16:30:00;172602N232;70;6.771;27;224;225;221;225;0.661;49.97;366.8;0.068;378.7;0.074;0.0;0.000;60;0;0;0.760;0.627;0.596;5;55;15;49.97;49.97;49.97;8789;1000;0.0;0;1.0000;0;0
600;2014-02-12 16:40:00;172602N232;36;6.778;27;223;224;221;223;0.539;49.99;338.5;0.029;357.7;0.033;0.0;0.000;60;0;0;0.711;0.385;0.521;0;29;30;49.99;49.99;49.99;8789;1000;0.0;0;1.0000;0;0
600;2014-02-12 16:50:00;172602N232;23;6.782;27;223;224;222;222;0.412;50.04;304.5;0.015;325.0;0.018;0.0;0.000;60;0;0;0.577;0.318;0.341;0;21;18;50.04;50.04;50.04;8789;1000;0.0;0;1.0000;0;0
600;2014-02-12 17:00:00;172602N232;0;6.782;26;222;223;222;220;0.017;50.02;274.6;0.000;274.2;0.000;0.0;0.000;50;0;0;0.050;0.001;0.001;0;0;0;50.02;50.02;50.02;8789;1000;0.0;0;1.0000;0;0
600;2014-02-12 17:10:00;172602N232;0;6.782;24;221;224;223;218;0.000;49.98;239.8;0.000;240.8;0.000;0.0;0.000;50;0;0;0.000;0.000;0.000;0;0;0;49.98;49.98;49.98;8789;1000;0.0;0;1.0000;0;0
600;2014-02-12 17:20:00;172602N232;0;6.782;23;220;221;223;217;0.000;49.98;228.7;0.000;229.6;0.000;0.0;0.000;50;0;0;0.000;0.000;0.000;0;0;0;49.98;49.98;49.98;8789;1000;0.0;0;1.0000;0;0
[wr_ende]
