20160107;230004;172602N232;My Plant;+0100
[wr_def_start]
172602N232;Inverter Type;Inverter Group;72602N232      
[wr_def_end]
[wr]
INTERVAL;TIMESTAMP;SERIAL;P_AC;E_DAY;T_WR;U_AC;U_AC_1;U_AC_2;U_AC_3;I_AC;F_AC;U_DC_1;I_DC_1;U_DC_2;I_DC_2;U_DC_3;I_DC_3;S;E_WR;M_WR;I_AC_1;I_AC_2;I_AC_3;P_AC_1;P_AC_2;P_AC_3;F_AC_1;F_AC_2;F_AC_3;R_DC;PC;PCS;PCS_LL;COS_PHI;COS_PHI_LL;S_COS_PHI
600;2016-01-07 08:00:00;172602N232;0;0.000;0;3;3;3;3;0.000;0.73;3.3;0.000;3.3;0.000;0.0;0.000;50;0;0;0.000;0.000;0.000;0;0;0;0.73;0.73;0.73;35;1000;0.0;0;1.0000;0;0
600;2016-01-07 08:10:00;172602N232;0;0.000;18;223;224;226;220;0.000;50.00;228.0;0.000;229.0;0.000;0.0;0.000;50;0;0;0.000;0.000;0.000;0;0;0;50.00;50.00;50.00;0;1000;0.0;0;1.0000;0;0
600;2016-01-07 08:20:00;172602N232;0;0.000;19;223;224;226;220;0.000;50.01;230.1;0.000;231.0;0.000;0.0;0.000;50;0;0;0.000;0.000;0.000;0;0;0;50.01;50.01;50.01;0;1000;0.0;0;1.0000;0;0
600;2016-01-07 08:30:00;172602N232;0;0.000;20;225;226;226;222;0.000;50.00;232.9;0.000;233.8;0.000;0.0;0.000;50;0;0;0.000;0.000;0.000;0;0;0;50.00;50.00;50.00;0;1000;0.0;0;1.0000;0;0
600;2016-01-07 08:40:00;172602N232;0;0.000;20;225;225;227;222;0.000;49.99;265.1;0.000;266.0;0.000;0.0;0.000;51;0;0;0.001;0.000;0.000;0;0;0;49.99;49.99;49.99;1042;1000;0.0;0;1.0000;0;0
600;2016-01-07 08:50:00;172602N232;10;0.002;20;225;226;227;222;0.250;49.99;283.2;0.002;281.9;0.010;0.0;0.000;60;0;0;0.308;0.263;0.181;2;5;12;49.99;49.99;49.99;11889;1000;0.0;0;1.0000;0;0
600;2016-01-07 09:00:00;172602N232;4;0.004;21;224;225;225;221;0.177;50.02;257.2;0.000;261.2;0.003;0.0;0.000;60;0;0;0.244;0.163;0.126;0;4;7;50.02;50.02;50.02;11889;1000;0.0;0;1.0000;0;0
600;2016-01-07 09:10:00;172602N232;1;0.005;21;223;224;225;222;0.075;50.01;251.8;0.000;253.3;0.000;0.0;0.000;60;0;0;0.081;0.085;0.059;0;1;3;50.01;50.01;50.01;11889;1000;0.0;0;1.0000;0;0
600;2016-01-07 09:20:00;172602N232;7;0.007;22;223;222;224;222;0.214;50.02;273.4;0.002;271.9;0.007;0.0;0.000;60;0;0;0.220;0.255;0.168;1;5;6;50.02;50.02;50.02;11889;1000;0.0;0;1.0000;0;0
600;2016-01-07 09:30:00;172602N232;45;0.016;22;223;224;224;222;0.575;50.01;382.9;0.034;357.1;0.050;0.0;0.000;60;0;0;0.735;0.559;0.432;1;26;28;50.01;50.01;50.01;11889;1000;0.0;0;1.0000;0;0
600;2016-01-07 09:40:00;172602N232;49;0.024;22;224;224;225;221;0.638;50.02;391.7;0.038;353.6;0.055;0.0;0.000;60;0;0;0.748;0.718;0.449;4;16;33;50.03;50.03;50.03;11889;1000;0.0;0;1.0000;0;0
600;2016-01-07 09:50:00;172602N232;64;0.034;23;223;224;226;220;0.710;50.02;398.9;0.056;367.8;0.073;0.0;0.000;60;0;0;0.770;0.840;0.522;9;15;43;50.02;50.02;50.02;11889;1000;0.0;0;1.0000;0;0
600;2016-01-07 10:00:00;172602N232;118;0.051;23;224;224;225;222;0.977;50.01;427.0;0.115;404.3;0.133;0.0;0.000;60;0;0;1.037;1.115;0.779;15;33;67;50.01;50.01;50.01;11889;1000;0.0;0;1.0000;0;0
600;2016-01-07 10:10:00;172602N232;165;0.078;23;223;223;225;222;0.987;50.02;434.7;0.167;411.9;0.186;0.0;0.000;60;0;0;1.061;1.119;0.781;33;53;76;50.02;50.02;50.02;11889;1000;0.0;0;1.0000;0;0
600;2016-01-07 10:20:00;172602N232;184;0.108;23;223;223;225;221;1.024;50.01;435.6;0.188;411.4;0.209;0.0;0.000;60;0;0;1.013;1.287;0.774;42;56;84;50.01;50.01;50.01;11889;1000;0.0;0;1.0000;0;0
600;2016-01-07 10:30:00;172602N232;49;0.117;24;223;223;224;221;0.627;50.00;394.1;0.039;359.0;0.053;0.0;0.000;60;0;0;0.725;0.723;0.434;7;13;33;50.00;50.00;50.00;11889;1000;0.0;0;1.0000;0;0
600;2016-01-07 10:40:00;172602N232;96;0.134;24;223;224;225;221;0.857;50.01;417.3;0.092;388.9;0.106;0.0;0.000;60;0;0;1.012;0.922;0.637;13;32;52;50.01;50.01;50.01;11889;1000;0.0;0;1.0000;0;0
600;2016-01-07 10:50:00;172602N232;128;0.155;24;222;222;223;221;0.925;50.01;425.0;0.128;401.7;0.143;0.0;0.000;60;0;0;1.022;1.027;0.727;31;38;59;50.01;50.01;50.01;11889;1000;0.0;0;1.0000;0;0
600;2016-01-07 11:00:00;172602N232;217;0.192;25;223;223;225;220;1.074;50.00;440.6;0.226;416.5;0.245;0.0;0.000;60;0;0;1.265;1.165;0.792;52;73;90;50.00;50.00;50.00;11889;1000;0.0;0;1.0000;0;0
600;2016-01-07 11:10:00;172602N232;218;0.228;25;224;224;226;222;1.070;50.01;440.0;0.227;417.7;0.246;0.0;0.000;60;0;0;1.040;1.326;0.844;47;72;96;50.01;50.01;50.01;11889;1000;0.0;0;1.0000;0;0
600;2016-01-07 11:20:00;172602N232;259;0.272;25;224;224;226;222;1.116;50.01;443.1;0.273;425.4;0.289;0.0;0.000;60;0;0;1.201;1.280;0.869;69;90;99;50.01;50.01;50.01;11889;1000;0.0;0;1.0000;0;0
600;2016-01-07 11:30:00;172602N232;257;0.314;25;224;223;226;223;1.093;50.01;443.2;0.273;424.9;0.287;0.0;0.000;60;0;0;1.107;1.335;0.838;81;81;94;50.01;50.01;50.01;11889;1000;0.0;0;1.0000;0;0
600;2016-01-07 11:40:00;172602N232;355;0.373;26;224;223;227;223;1.159;50.02;450.5;0.378;433.8;0.392;0.0;0.000;60;0;0;1.129;1.319;1.030;110;117;126;50.02;50.02;50.02;11889;1000;0.0;0;1.0000;0;0
600;2016-01-07 11:50:00;172602N232;323;0.427;26;225;224;228;223;1.130;50.03;447.1;0.344;427.7;0.361;0.0;0.000;60;0;0;1.046;1.384;0.960;103;100;119;50.03;50.03;50.03;11889;1000;0.0;0;1.0000;0;0
600;2016-01-07 12:00:00;172602N232;187;0.458;26;225;222;228;224;1.074;50.03;436.4;0.187;412.0;0.223;0.0;0.000;60;0;0;0.767;1.630;0.827;72;21;94;50.03;50.03;50.03;11889;1000;0.0;0;1.0000;0;0
600;2016-01-07 12:10:00;172602N232;227;0.497;26;225;222;227;224;1.085;50.04;442.8;0.207;407.4;0.305;0.0;0.000;60;0;0;0.882;1.536;0.837;81;48;97;50.04;50.04;50.04;11889;1000;0.0;0;1.0000;0;0
600;2016-01-07 12:20:00;172602N232;140;0.520;26;225;223;227;224;0.973;50.02;433.8;0.138;413.6;0.158;0.0;0.000;60;0;0;0.772;1.390;0.759;57;9;76;50.02;50.02;50.02;11889;1000;0.0;0;1.0000;0;0
600;2016-01-07 12:30:00;172602N232;304;0.572;27;225;224;227;222;0.993;49.98;448.5;0.203;409.0;0.502;0.0;0.000;60;0;0;0.933;1.199;0.847;90;98;114;49.98;49.98;49.98;11889;1000;0.0;0;1.0000;0;0
600;2016-01-07 12:40:00;172602N232;199;0.605;27;225;225;227;223;1.017;49.99;440.9;0.207;427.0;0.215;0.0;0.000;60;0;0;0.999;1.240;0.813;55;54;89;49.99;49.99;49.99;11889;1000;0.0;0;1.0000;0;0
600;2016-01-07 12:50:00;172602N232;158;0.631;27;224;224;225;223;0.948;50.02;433.0;0.162;421.2;0.170;0.0;0.000;60;0;0;0.940;1.163;0.741;28;53;74;50.02;50.02;50.02;11889;1000;0.0;0;1.0000;0;0
600;2016-01-07 13:00:00;172602N232;86;0.645;27;225;223;227;224;0.830;50.00;414.2;0.082;392.8;0.093;0.0;0.000;60;0;0;0.703;1.158;0.630;30;8;54;50.00;50.00;50.00;11889;1000;0.0;0;1.0000;0;0
600;2016-01-07 13:10:00;172602N232;83;0.659;27;225;223;227;224;0.826;50.01;411.6;0.080;361.1;0.098;0.0;0.000;60;0;0;0.629;1.250;0.599;43;0;51;50.01;50.01;50.01;11889;1000;0.0;0;1.0000;0;0
600;2016-01-07 13:20:00;172602N232;120;0.680;27;225;223;227;224;0.981;50.03;425.4;0.124;368.7;0.147;0.0;0.000;60;0;0;0.757;1.439;0.748;50;2;69;50.03;50.03;50.03;11889;1000;0.0;0;1.0000;0;0
600;2016-01-07 13:30:00;172602N232;107;0.699;27;225;223;227;224;0.960;50.01;421.8;0.110;365.9;0.131;0.0;0.000;60;0;0;0.714;1.443;0.725;53;0;66;50.01;50.01;50.01;11889;1000;0.0;0;1.0000;0;0
600;2016-01-07 13:40:00;172602N232;70;0.710;27;224;221;227;224;0.829;50.00;408.9;0.066;368.9;0.080;0.0;0.000;60;0;0;0.600;1.281;0.606;40;0;48;50.00;50.00;50.00;11889;1000;0.0;0;1.0000;0;0
600;2016-01-07 13:50:00;172602N232;51;0.719;27;225;223;227;224;0.717;50.01;396.3;0.042;367.9;0.052;0.0;0.000;60;0;0;0.582;1.045;0.525;30;0;33;50.01;50.01;50.01;11889;1000;0.0;0;1.0000;0;0
600;2016-01-07 14:00:00;172602N232;37;0.725;27;224;222;227;224;0.596;50.01;379.2;0.026;334.6;0.038;0.0;0.000;60;0;0;0.480;0.932;0.378;29;0;28;50.01;50.01;50.01;11889;1000;0.0;0;1.0000;0;0
600;2016-01-07 14:10:00;172602N232;48;0.733;27;225;223;227;224;0.674;50.02;393.7;0.039;363.9;0.049;0.0;0.000;60;0;0;0.556;1.009;0.457;29;0;35;50.02;50.02;50.02;11889;1000;0.0;0;1.0000;0;0
600;2016-01-07 14:20:00;172602N232;44;0.741;27;224;224;227;222;0.670;50.02;388.9;0.035;362.3;0.043;0.0;0.000;60;0;0;0.652;0.921;0.437;21;0;33;50.02;50.02;50.02;11889;1000;0.0;0;1.0000;0;0
600;2016-01-07 14:30:00;172602N232;55;0.751;27;225;225;227;223;0.679;50.02;400.0;0.048;379.2;0.055;0.0;0.000;60;0;0;0.663;0.896;0.480;14;4;38;50.02;50.02;50.02;11889;1000;0.0;0;1.0000;0;0
600;2016-01-07 14:40:00;172602N232;25;0.754;27;225;225;225;223;0.433;50.02;339.3;0.015;302.1;0.026;0.0;0.000;60;0;0;0.552;0.438;0.310;2;14;21;50.02;50.02;50.02;11889;1000;0.0;0;1.0000;0;0
600;2016-01-07 14:50:00;172602N232;5;0.757;26;225;225;226;223;0.216;50.02;259.2;0.000;264.2;0.002;0.0;0.000;60;0;0;0.276;0.231;0.141;1;3;8;50.02;50.02;50.02;11889;1000;0.0;0;1.0000;0;0
600;2016-01-07 15:00:00;172602N232;0;0.756;26;225;226;224;224;0.048;50.00;251.8;0.000;252.4;0.000;0.0;0.000;60;0;0;0.064;0.053;0.028;0;2;1;50.00;50.00;50.00;11889;1000;0.0;0;1.0000;0;0
600;2016-01-07 15:10:00;172602N232;1;0.757;26;224;225;224;223;0.075;50.01;270.6;0.000;270.8;0.000;0.0;0.000;60;0;0;0.098;0.071;0.058;0;3;3;50.01;50.01;50.01;6251;1000;0.0;0;1.0000;0;0
600;2016-01-07 15:20:00;172602N232;0;0.757;25;225;224;227;223;0.000;50.00;288.6;0.000;288.2;0.000;0.0;0.000;51;0;0;0.000;0.000;0.000;0;0;0;50.00;50.00;50.00;5905;1000;0.0;0;1.0000;0;0
600;2016-01-07 15:30:00;172602N232;0;0.757;25;224;224;227;223;0.000;50.03;228.8;0.000;229.8;0.000;0.0;0.000;51;0;0;0.000;0.000;0.000;0;0;0;50.03;50.03;50.03;5924;1000;0.0;0;1.0000;0;0
600;2016-01-07 15:40:00;172602N232;0;0.757;25;224;224;227;222;0.000;50.02;227.3;0.000;228.3;0.000;0.0;0.000;51;0;0;0.000;0.000;0.000;0;0;0;50.02;50.02;50.02;5924;1000;0.0;0;1.0000;0;0
600;2016-01-07 15:50:00;172602N232;0;0.757;24;224;223;226;222;0.000;50.01;229.9;0.000;230.9;0.000;0.0;0.000;51;0;0;0.000;0.000;0.000;0;0;0;50.01;50.01;50.01;5924;1000;0.0;0;1.0000;0;0
[wr_ende]
