20121109;230001;172602N232;My Plant;+0100
[wr_def_start]
172602N232;Inverter Type;Inverter Group;72602N232      
[wr_def_end]
[wr]
INTERVAL;TIMESTAMP;SERIAL;P_AC;E_DAY;T_WR;U_AC;U_AC_1;U_AC_2;U_AC_3;I_AC;F_AC;U_DC_1;I_DC_1;U_DC_2;I_DC_2;U_DC_3;I_DC_3;S;E_WR;M_WR;I_AC_1;I_AC_2;I_AC_3;P_AC_1;P_AC_2;P_AC_3;F_AC_1;F_AC_2;F_AC_3;R_DC;PC;PCS;PCS_LL;COS_PHI;COS_PHI_LL;S_COS_PHI
600;2012-11-09 07:20:00;172602N232;0;0.000;0;1;1;1;1;0.000;0.36;1.5;0.000;1.5;0.000;0.0;0.000;50;0;0;0.000;0.000;0.000;0;0;0;0.36;0.36;0.36;21;1000;0.0;0;1.0000;0;0
600;2012-11-09 07:30:00;172602N232;0;0.000;18;224;225;226;221;0.000;50.01;228.4;0.000;229.3;0.000;0.0;0.000;50;0;0;0.000;0.000;0.000;0;0;0;50.01;50.01;50.01;0;1000;0.0;0;1.0000;0;0
600;2012-11-09 07:40:00;172602N232;0;0.000;20;224;225;226;222;0.000;50.00;233.8;0.000;234.7;0.000;0.0;0.000;50;0;0;0.000;0.000;0.000;0;0;0;50.00;50.00;50.00;0;1000;0.0;0;1.0000;0;0
600;2012-11-09 07:50:00;172602N232;0;0.000;21;224;225;226;222;0.001;49.99;285.8;0.000;284.7;0.000;0.0;0.000;60;0;0;0.002;0.002;0.001;0;0;0;49.99;49.99;50.00;2841;1000;0.0;0;1.0000;0;0
600;2012-11-09 08:00:00;172602N232;8;0.002;21;225;226;225;224;0.207;50.00;289.0;0.003;289.2;0.004;0.0;0.000;60;0;0;0.292;0.164;0.167;0;10;7;50.00;50.00;50.00;5667;1000;0.0;0;1.0000;0;0
600;2012-11-09 08:10:00;172602N232;22;0.010;22;224;226;224;223;0.418;50.01;313.7;0.016;314.2;0.018;0.0;0.000;60;0;0;0.589;0.329;0.337;0;23;21;50.01;50.01;50.01;5727;1000;0.0;0;1.0000;0;0
600;2012-11-09 08:20:00;172602N232;45;0.023;22;224;226;224;222;0.649;49.99;356.9;0.043;362.8;0.042;0.0;0.000;60;0;0;0.924;0.498;0.527;0;37;36;49.99;49.99;49.99;5727;1000;0.0;0;1.0000;0;0
600;2012-11-09 08:30:00;172602N232;64;0.036;23;224;225;224;223;0.835;49.99;375.4;0.069;378.9;0.067;0.0;0.000;60;0;0;1.125;0.756;0.626;0;35;41;49.99;49.99;49.99;5727;1000;0.0;0;1.0000;0;0
600;2012-11-09 08:40:00;172602N232;97;0.053;23;224;224;224;222;0.973;50.00;388.6;0.109;389.5;0.106;0.0;0.000;60;0;0;1.397;0.787;0.736;0;55;51;50.00;50.00;50.00;5727;1000;0.0;0;1.0000;0;0
600;2012-11-09 08:50:00;172602N232;228;0.084;24;224;225;225;223;1.120;49.99;408.8;0.271;412.8;0.252;0.0;0.000;60;0;0;1.478;1.084;0.799;46;108;73;49.99;49.99;49.99;5727;1000;0.0;0;1.0000;0;0
600;2012-11-09 09:00:00;172602N232;188;0.112;25;225;226;225;224;1.126;49.99;407.3;0.219;407.0;0.209;0.0;0.000;60;0;0;1.588;0.989;0.803;24;96;72;49.99;49.99;49.99;5727;1000;0.0;0;1.0000;0;0
600;2012-11-09 09:10:00;172602N232;104;0.132;26;226;227;226;224;0.938;49.98;388.5;0.117;386.8;0.116;0.0;0.000;60;0;0;1.301;0.813;0.701;0;56;61;49.98;49.98;49.98;5727;1000;0.0;0;1.0000;0;0
600;2012-11-09 09:20:00;172602N232;189;0.161;26;225;226;226;223;1.108;49.99;403.5;0.218;403.0;0.213;0.0;0.000;60;0;0;1.513;0.995;0.818;24;96;73;49.99;49.99;49.99;5727;1000;0.0;0;1.0000;0;0
600;2012-11-09 09:30:00;172602N232;309;0.211;27;224;225;225;223;1.118;49.99;420.6;0.357;416.3;0.350;0.0;0.000;60;0;0;1.327;1.093;0.935;83;123;101;49.99;49.99;49.99;5727;1000;0.0;0;1.0000;0;0
600;2012-11-09 09:40:00;172602N232;690;0.326;27;225;226;226;223;1.233;49.99;429.1;0.833;433.5;0.748;0.0;0.000;60;0;0;1.244;1.258;1.198;222;239;227;49.99;49.99;49.99;5727;1000;0.0;0;1.0000;0;0
600;2012-11-09 09:50:00;172602N232;858;0.469;28;224;225;226;221;1.322;49.99;431.7;1.011;443.6;0.933;0.0;0.000;60;0;0;1.283;1.369;1.316;275;299;282;49.99;49.99;49.99;5727;1000;0.0;0;1.0000;0;0
600;2012-11-09 10:00:00;172602N232;660;0.578;28;224;225;226;222;1.022;49.98;422.9;0.802;424.1;0.740;0.0;0.000;60;0;0;0.969;1.070;1.027;208;231;219;49.98;49.98;49.98;5727;1000;0.0;0;1.0000;0;0
600;2012-11-09 10:10:00;172602N232;750;0.704;29;224;225;224;223;1.218;49.98;434.6;0.875;439.4;0.826;0.0;0.000;60;0;0;1.221;1.220;1.213;242;254;252;49.98;49.98;49.98;5727;1000;0.0;0;1.0000;0;0
600;2012-11-09 10:20:00;172602N232;759;0.830;29;224;225;223;223;1.197;50.01;434.5;0.895;428.1;0.847;0.0;0.000;60;0;0;1.183;1.206;1.202;246;257;255;50.01;50.01;50.01;5727;1000;0.0;0;1.0000;0;0
600;2012-11-09 10:30:00;172602N232;397;0.897;30;223;224;223;222;0.979;50.00;417.4;0.472;412.4;0.458;0.0;0.000;60;0;0;1.024;0.970;0.945;115;146;134;50.00;50.00;50.00;5727;1000;0.0;0;1.0000;0;0
600;2012-11-09 10:40:00;172602N232;346;0.955;30;224;224;224;223;1.138;49.99;414.9;0.410;410.4;0.401;0.0;0.000;60;0;0;1.237;1.106;1.072;96;130;118;49.99;49.99;49.99;5727;1000;0.0;0;1.0000;0;0
600;2012-11-09 10:50:00;172602N232;494;1.037;30;224;224;226;223;1.125;50.00;416.2;0.611;419.8;0.546;0.0;0.000;60;0;0;1.176;1.159;1.040;141;180;171;50.00;50.00;50.00;5727;1000;0.0;0;1.0000;0;0
600;2012-11-09 11:00:00;172602N232;743;1.162;31;225;224;226;225;1.267;49.98;424.5;0.930;431.1;0.794;0.0;0.000;60;0;0;1.138;1.263;1.402;226;259;256;49.98;49.98;49.98;5727;1000;0.0;0;1.0000;0;0
600;2012-11-09 11:10:00;172602N232;676;1.274;31;225;226;226;224;1.087;49.98;420.6;0.832;423.0;0.757;0.0;0.000;60;0;0;1.071;1.101;1.089;216;231;227;49.98;49.98;49.98;5727;1000;0.0;0;1.0000;0;0
600;2012-11-09 11:20:00;172602N232;559;1.367;31;225;227;225;224;1.082;49.99;419.5;0.675;418.3;0.643;0.0;0.000;60;0;0;1.119;1.104;1.025;181;196;181;49.99;49.99;49.99;5727;1000;0.0;0;1.0000;0;0
600;2012-11-09 11:30:00;172602N232;381;1.431;31;225;226;224;225;1.044;50.00;415.8;0.450;409.4;0.447;0.0;0.000;60;0;0;1.140;1.066;0.927;117;150;112;50.00;50.00;50.00;5727;1000;0.0;0;1.0000;0;0
600;2012-11-09 11:40:00;172602N232;456;1.507;31;225;226;225;225;1.056;49.99;419.2;0.546;414.6;0.525;0.0;0.000;60;0;0;1.069;1.057;1.042;143;161;150;49.99;49.99;49.99;5727;1000;0.0;0;1.0000;0;0
600;2012-11-09 11:50:00;172602N232;436;1.581;32;226;226;226;226;0.925;50.00;416.8;0.517;412.7;0.511;0.0;0.000;60;0;0;0.914;0.941;0.921;131;158;145;50.00;50.00;50.00;5727;1000;0.0;0;1.0000;0;0
600;2012-11-09 12:00:00;172602N232;507;1.665;32;223;224;223;223;1.015;49.98;421.7;0.602;416.3;0.584;0.0;0.000;60;0;0;0.996;1.036;1.015;157;180;168;49.98;49.98;49.98;5727;1000;0.0;0;1.0000;0;0
600;2012-11-09 12:10:00;172602N232;669;1.776;32;223;223;224;223;1.043;49.99;424.1;0.802;421.6;0.764;0.0;0.000;60;0;0;0.987;1.083;1.061;210;232;226;49.99;49.99;49.99;5727;1000;0.0;0;1.0000;0;0
600;2012-11-09 12:20:00;172602N232;717;1.896;32;223;222;223;223;1.117;50.00;419.8;0.880;423.3;0.809;0.0;0.000;60;0;0;1.059;1.154;1.139;225;247;243;50.00;50.00;50.00;5727;1000;0.0;0;1.0000;0;0
600;2012-11-09 12:30:00;172602N232;698;2.013;32;222;223;222;222;1.104;49.99;420.5;0.854;423.5;0.785;0.0;0.000;60;0;0;1.066;1.128;1.120;221;239;236;49.99;49.99;49.99;5727;1000;0.0;0;1.0000;0;0
600;2012-11-09 12:40:00;172602N232;736;2.135;32;222;223;222;222;1.146;49.98;421.2;0.892;421.8;0.838;0.0;0.000;60;0;0;1.101;1.177;1.161;234;252;247;49.98;49.98;49.98;5727;1000;0.0;0;1.0000;0;0
600;2012-11-09 12:50:00;172602N232;717;2.255;32;222;223;222;222;1.201;50.00;425.7;0.864;424.6;0.802;0.0;0.000;60;0;0;1.185;1.201;1.217;230;244;241;50.00;50.00;50.00;5727;1000;0.0;0;1.0000;0;0
600;2012-11-09 13:00:00;172602N232;657;2.365;33;223;223;222;223;1.115;50.00;422.2;0.793;420.9;0.751;0.0;0.000;60;0;0;1.090;1.122;1.134;210;224;222;50.00;50.00;50.00;5727;1000;0.0;0;1.0000;0;0
600;2012-11-09 13:10:00;172602N232;430;2.436;33;222;222;221;222;0.909;50.00;411.7;0.514;410.8;0.509;0.0;0.000;60;0;0;0.903;0.912;0.912;134;153;142;50.00;50.00;50.00;5727;1000;0.0;0;1.0000;0;0
600;2012-11-09 13:20:00;172602N232;442;2.511;33;224;225;221;224;1.013;49.99;418.4;0.522;411.7;0.521;0.0;0.000;60;0;0;1.072;0.993;0.976;129;168;144;49.99;49.99;49.99;5727;1000;0.0;0;1.0000;0;0
600;2012-11-09 13:30:00;172602N232;440;2.584;33;224;226;223;224;1.075;49.97;417.9;0.520;413.6;0.507;0.0;0.000;60;0;0;1.156;1.034;1.035;126;165;147;49.97;49.97;49.97;5727;1000;0.0;0;1.0000;0;0
600;2012-11-09 13:40:00;172602N232;548;2.676;33;224;226;223;223;1.136;49.97;422.8;0.652;419.4;0.626;0.0;0.000;60;0;0;1.205;1.145;1.059;176;193;177;49.97;49.97;49.97;5727;1000;0.0;0;1.0000;0;0
600;2012-11-09 13:50:00;172602N232;368;2.737;33;224;226;224;223;1.155;49.98;416.7;0.435;411.7;0.426;0.0;0.000;60;0;0;1.250;1.145;1.071;92;144;129;49.98;49.98;49.98;5727;1000;0.0;0;1.0000;0;0
600;2012-11-09 14:00:00;172602N232;309;2.789;33;224;224;226;223;1.118;49.98;411.9;0.367;408.6;0.357;0.0;0.000;60;0;0;1.145;1.218;0.992;77;120;111;49.98;49.98;49.98;5727;1000;0.0;0;1.0000;0;0
600;2012-11-09 14:10:00;172602N232;434;2.862;33;225;225;225;223;1.184;49.99;420.1;0.515;417.4;0.493;0.0;0.000;60;0;0;1.245;1.214;1.095;130;159;143;49.99;49.99;49.99;5727;1000;0.0;0;1.0000;0;0
600;2012-11-09 14:20:00;172602N232;220;2.898;32;225;226;226;223;1.053;49.99;409.5;0.255;404.7;0.251;0.0;0.000;60;0;0;1.331;0.952;0.878;29;93;96;49.99;49.99;49.99;5727;1000;0.0;0;1.0000;0;0
600;2012-11-09 14:30:00;172602N232;263;2.942;32;225;227;222;225;1.131;49.98;409.4;0.308;409.5;0.301;0.0;0.000;60;0;0;1.349;1.060;0.986;52;124;85;49.98;49.98;49.98;5727;1000;0.0;0;1.0000;0;0
600;2012-11-09 14:40:00;172602N232;163;2.970;32;226;227;225;226;1.067;49.98;399.4;0.190;399.5;0.185;0.0;0.000;60;0;0;1.357;0.910;0.935;16;98;48;49.98;49.98;49.98;5727;1000;0.0;0;1.0000;0;0
600;2012-11-09 14:50:00;172602N232;48;2.977;32;226;226;226;225;0.612;50.00;350.2;0.049;349.7;0.050;0.0;0.000;60;0;0;0.802;0.533;0.503;0;33;28;50.00;50.00;50.00;5727;1000;0.0;0;1.0000;0;0
600;2012-11-09 15:00:00;172602N232;9;2.980;31;225;226;225;226;0.274;50.00;265.9;0.003;269.4;0.006;0.0;0.000;60;0;0;0.364;0.220;0.239;0;13;9;50.00;50.00;50.00;5727;1000;0.0;0;1.0000;0;0
600;2012-11-09 15:10:00;172602N232;9;2.981;31;225;226;223;226;0.267;49.98;269.6;0.004;271.3;0.006;0.0;0.000;60;0;0;0.328;0.221;0.254;0;14;3;49.98;49.98;49.98;5727;1000;0.0;0;1.0000;0;0
600;2012-11-09 15:20:00;172602N232;16;2.985;31;224;226;222;226;0.348;49.98;278.0;0.009;296.3;0.011;0.0;0.000;60;0;0;0.418;0.277;0.351;0;19;7;49.98;49.98;49.98;5727;1000;0.0;0;1.0000;0;0
600;2012-11-09 15:30:00;172602N232;20;2.988;31;225;226;224;224;0.434;49.98;301.8;0.014;300.4;0.018;0.0;0.000;60;0;0;0.611;0.325;0.366;0;22;21;49.98;49.98;49.98;5727;1000;0.0;0;1.0000;0;0
600;2012-11-09 15:40:00;172602N232;34;2.994;30;225;226;224;224;0.594;49.98;337.7;0.030;346.2;0.031;0.0;0.000;60;0;0;0.877;0.431;0.476;0;32;31;49.98;49.98;49.98;5727;1000;0.0;0;1.0000;0;0
600;2012-11-09 15:50:00;172602N232;13;2.997;30;225;226;225;224;0.349;49.98;275.6;0.007;276.1;0.009;0.0;0.000;60;0;0;0.505;0.274;0.270;0;17;15;49.98;49.98;49.98;5727;1000;0.0;0;1.0000;0;0
600;2012-11-09 16:00:00;172602N232;2;2.997;30;224;226;224;223;0.124;50.02;262.5;0.000;262.3;0.000;0.0;0.000;51;0;0;0.171;0.103;0.098;0;6;4;50.02;50.02;50.02;5692;1000;0.0;0;1.0000;0;0
600;2012-11-09 16:10:00;172602N232;0;2.997;28;223;225;225;220;0.000;50.01;276.6;0.000;275.7;0.000;0.0;0.000;51;0;0;0.000;0.000;0.000;0;0;0;50.01;50.01;50.01;4838;1000;0.0;0;1.0000;0;0
600;2012-11-09 16:20:00;172602N232;0;2.997;27;223;225;223;220;0.000;49.98;231.9;0.000;232.9;0.000;0.0;0.000;51;0;0;0.000;0.000;0.000;0;0;0;49.98;49.98;49.98;4838;1000;0.0;0;1.0000;0;0
600;2012-11-09 16:30:00;172602N232;0;2.997;27;222;225;222;220;0.000;49.97;226.2;0.000;227.2;0.000;0.0;0.000;51;0;0;0.000;0.000;0.000;0;0;0;49.97;49.97;49.97;4838;1000;0.0;0;1.0000;0;0
600;2012-11-09 16:40:00;172602N232;0;2.997;27;221;223;221;219;0.000;49.98;230.3;0.000;231.2;0.000;0.0;0.000;51;0;0;0.000;0.000;0.000;0;0;0;49.98;49.98;49.98;4838;1000;0.0;0;1.0000;0;0
[wr_ende]
