20170610;230001;172602N232;My Plant;+0100
[wr_def_start]
172602N232;Inverter Type;Inverter Group;72602N232      
[wr_def_end]
[wr]
INTERVAL;TIMESTAMP;SERIAL;P_AC;E_DAY;T_WR;U_AC;U_AC_1;U_AC_2;U_AC_3;I_AC;F_AC;U_DC_1;I_DC_1;U_DC_2;I_DC_2;U_DC_3;I_DC_3;S;E_WR;M_WR;I_AC_1;I_AC_2;I_AC_3;P_AC_1;P_AC_2;P_AC_3;F_AC_1;F_AC_2;F_AC_3;R_DC;PC;PCS;PCS_LL;COS_PHI;COS_PHI_LL;S_COS_PHI
600;2017-06-10 03:20:00;172602N232;0;0.000;0;5;5;5;5;0.000;1.32;6.1;0.000;6.1;0.000;0.0;0.000;50;0;0;0.000;0.000;0.000;0;0;0;1.31;1.31;1.31;58;1000;0.0;0;1.0000;0;0
600;2017-06-10 03:30:00;172602N232;0;0.000;25;226;226;229;223;0.000;50.01;227.1;0.000;228.0;0.000;0.0;0.000;50;0;0;0.000;0.000;0.000;0;0;0;50.01;50.01;50.01;0;1000;0.0;0;1.0000;0;0
600;2017-06-10 03:40:00;172602N232;0;0.000;27;226;226;229;223;0.000;50.02;227.9;0.000;228.8;0.000;0.0;0.000;50;0;0;0.000;0.000;0.000;0;0;0;50.02;50.02;50.02;0;1000;0.0;0;1.0000;0;0
600;2017-06-10 03:50:00;172602N232;0;0.000;27;226;226;229;223;0.000;50.02;230.1;0.000;231.0;0.000;0.0;0.000;50;0;0;0.000;0.000;0.000;0;0;0;50.02;50.02;50.02;0;1000;0.0;0;1.0000;0;0
600;2017-06-10 04:00:00;172602N232;0;0.000;28;226;227;229;223;0.000;50.03;237.8;0.000;238.5;0.000;0.0;0.000;50;0;0;0.000;0.000;0.000;0;0;0;50.03;50.03;50.03;0;1000;0.0;0;1.0000;0;0
600;2017-06-10 04:10:00;172602N232;1;0.000;28;226;227;228;224;0.068;50.02;276.8;0.000;277.0;0.000;0.0;0.000;60;0;0;0.062;0.090;0.054;0;0;3;50.02;50.02;50.02;2717;1000;0.0;0;1.0000;0;0
600;2017-06-10 04:20:00;172602N232;23;0.003;28;226;227;228;225;0.401;50.00;309.9;0.020;297.8;0.019;0.0;0.000;60;0;0;0.398;0.520;0.285;2;4;19;50.00;50.00;50.00;3671;1000;0.0;0;1.0000;0;0
600;2017-06-10 04:30:00;172602N232;32;0.008;29;227;227;227;226;0.510;50.02;332.2;0.030;319.6;0.028;0.0;0.000;60;0;0;0.525;0.638;0.367;4;4;23;50.02;50.02;50.02;3671;1000;0.0;0;1.0000;0;0
600;2017-06-10 04:40:00;172602N232;55;0.018;29;227;226;227;226;0.765;50.01;362.4;0.062;362.6;0.053;0.0;0.000;60;0;0;0.697;1.012;0.587;14;2;39;50.01;50.01;50.01;3671;1000;0.0;0;1.0000;0;0
600;2017-06-10 04:50:00;172602N232;120;0.039;29;227;226;228;226;0.911;50.01;394.6;0.145;390.6;0.125;0.0;0.000;60;0;0;0.780;1.239;0.716;27;28;64;50.01;50.01;50.01;3671;1000;0.0;0;1.0000;0;0
600;2017-06-10 05:00:00;172602N232;133;0.061;30;226;226;228;225;0.960;50.01;394.7;0.160;391.0;0.143;0.0;0.000;60;0;0;0.785;1.347;0.749;39;22;71;50.01;50.01;50.01;3671;1000;0.0;0;1.0000;0;0
600;2017-06-10 05:10:00;172602N232;165;0.089;30;226;225;228;225;0.935;50.02;398.4;0.201;392.1;0.179;0.0;0.000;60;0;0;0.861;1.257;0.687;57;42;64;50.02;50.02;50.02;3671;1000;0.0;0;1.0000;0;0
600;2017-06-10 05:20:00;172602N232;195;0.121;30;226;226;228;226;1.008;50.01;402.4;0.240;397.3;0.212;0.0;0.000;60;0;0;0.997;1.261;0.767;69;49;74;50.01;50.01;50.01;3671;1000;0.0;0;1.0000;0;0
600;2017-06-10 05:30:00;172602N232;242;0.162;31;225;225;227;225;1.066;49.99;408.3;0.298;402.0;0.265;0.0;0.000;60;0;0;1.052;1.297;0.849;78;74;88;49.99;49.99;49.99;3671;1000;0.0;0;1.0000;0;0
600;2017-06-10 05:40:00;172602N232;255;0.205;31;225;225;226;225;1.088;49.99;413.8;0.319;399.1;0.272;0.0;0.000;60;0;0;1.070;1.317;0.879;76;88;89;49.99;49.99;49.99;3671;1000;0.0;0;1.0000;0;0
600;2017-06-10 05:50:00;172602N232;354;0.264;31;225;225;227;224;1.141;49.99;417.0;0.435;406.4;0.394;0.0;0.000;60;0;0;1.171;1.240;1.014;114;121;118;49.99;49.99;49.99;3671;1000;0.0;0;1.0000;0;0
600;2017-06-10 06:00:00;172602N232;365;0.324;32;225;225;226;224;1.138;50.00;420.3;0.452;406.3;0.399;0.0;0.000;60;0;0;1.137;1.208;1.070;113;127;123;50.00;50.00;50.00;3671;1000;0.0;0;1.0000;0;0
600;2017-06-10 06:10:00;172602N232;468;0.402;32;225;225;227;224;1.037;50.01;423.1;0.588;410.9;0.506;0.0;0.000;60;0;0;1.006;1.101;1.004;143;162;161;50.01;50.01;50.01;3671;1000;0.0;0;1.0000;0;0
600;2017-06-10 06:20:00;172602N232;528;0.490;32;225;225;226;225;0.955;50.03;420.8;0.660;414.4;0.581;0.0;0.000;60;0;0;0.928;0.988;0.950;164;185;176;50.03;50.03;50.03;3671;1000;0.0;0;1.0000;0;0
600;2017-06-10 06:30:00;172602N232;489;0.572;33;225;224;226;224;0.954;49.99;420.3;0.626;408.7;0.527;0.0;0.000;60;0;0;0.938;1.003;0.923;150;172;165;49.99;49.99;49.99;3671;1000;0.0;0;1.0000;0;0
600;2017-06-10 06:40:00;172602N232;500;0.655;33;224;225;223;224;1.073;49.99;423.3;0.639;407.8;0.537;0.0;0.000;60;0;0;1.056;1.071;1.092;158;174;166;49.99;49.99;49.99;3671;1000;0.0;0;1.0000;0;0
600;2017-06-10 06:50:00;172602N232;609;0.758;34;224;224;225;224;0.947;49.99;426.1;0.773;411.0;0.659;0.0;0.000;60;0;0;0.891;0.984;0.966;189;212;206;49.99;49.99;49.99;3671;1000;0.0;0;1.0000;0;0
600;2017-06-10 07:00:00;172602N232;407;0.825;34;224;223;225;223;0.931;50.00;428.3;0.526;394.6;0.431;0.0;0.000;60;0;0;0.919;0.969;0.906;123;144;138;50.00;50.00;50.00;3671;1000;0.0;0;1.0000;0;0
600;2017-06-10 07:10:00;172602N232;433;0.897;34;224;223;225;223;1.008;50.00;432.9;0.559;408.9;0.434;0.0;0.000;60;0;0;0.995;1.064;0.965;132;154;145;50.00;50.00;50.00;3671;1000;0.0;0;1.0000;0;0
600;2017-06-10 07:20:00;172602N232;377;0.960;35;223;224;224;222;1.000;50.01;444.1;0.483;400.5;0.368;0.0;0.000;60;0;0;1.017;1.045;0.939;112;136;126;50.01;50.01;50.01;3671;1000;0.0;0;1.0000;0;0
600;2017-06-10 07:30:00;172602N232;364;1.022;35;223;224;223;223;1.017;50.00;454.4;0.444;398.4;0.367;0.0;0.000;60;0;0;1.066;1.066;0.921;109;139;114;50.00;50.00;50.00;3671;1000;0.0;0;1.0000;0;0
600;2017-06-10 07:50:00;172602N232;919;1.251;35;223;223;226;221;1.431;49.99;304.9;2.482;400.6;0.432;0.0;0.000;60;0;0;1.379;1.482;1.433;292;321;304;49.99;49.99;49.99;3671;1000;0.0;0;1.0000;0;0
600;2017-06-10 08:00:00;172602N232;1057;1.428;35;222;223;225;220;1.635;50.00;327.5;2.833;396.8;0.345;0.0;0.000;60;0;0;1.587;1.692;1.626;339;370;347;50.00;50.00;50.00;3671;1000;0.0;0;1.0000;0;0
600;2017-06-10 08:10:00;172602N232;1388;1.659;35;222;220;225;223;2.134;50.00;372.7;3.243;407.5;0.457;0.0;0.000;60;0;0;2.048;2.193;2.162;439;479;468;50.00;50.00;50.00;3671;1000;0.0;0;1.0000;0;0
600;2017-06-10 08:20:00;172602N232;1535;1.917;36;222;221;224;222;2.330;50.01;403.6;3.008;399.8;0.801;0.0;0.000;60;0;0;2.262;2.376;2.354;492;526;516;50.01;50.01;50.01;3671;1000;0.0;0;1.0000;0;0
600;2017-06-10 08:30:00;172602N232;1598;2.183;36;223;222;226;222;2.408;49.99;404.0;3.591;414.7;0.366;0.0;0.000;60;0;0;2.341;2.465;2.420;514;550;532;49.99;49.99;49.99;3671;1000;0.0;0;1.0000;0;0
600;2017-06-10 08:40:00;172602N232;1710;2.467;37;225;224;228;224;2.543;50.00;401.6;3.900;414.4;0.364;0.0;0.000;60;0;0;2.467;2.606;2.556;549;590;569;50.00;50.00;50.00;3671;1000;0.0;0;1.0000;0;0
600;2017-06-10 08:50:00;172602N232;2036;2.807;37;226;223;230;226;3.011;50.00;398.5;4.128;279.9;1.595;0.0;0.000;60;0;0;2.903;3.087;3.044;643;707;685;50.00;50.00;50.00;3671;1000;0.0;0;1.0000;0;0
600;2017-06-10 09:00:00;172602N232;2383;3.205;38;226;225;229;225;3.526;50.00;397.1;4.340;265.0;2.621;0.0;0.000;60;0;0;3.460;3.597;3.523;775;818;787;50.00;50.00;50.00;3671;1000;0.0;0;1.0000;0;0
600;2017-06-10 09:10:00;172602N232;2492;3.621;38;225;226;227;223;3.699;50.01;394.7;4.304;272.3;3.054;0.0;0.000;60;0;0;3.648;3.765;3.685;819;852;819;50.01;50.01;50.01;3671;1000;0.0;0;1.0000;0;0
600;2017-06-10 09:20:00;172602N232;2890;4.102;39;226;226;228;223;4.281;49.99;393.4;4.768;258.7;4.125;0.0;0.000;60;0;0;4.243;4.372;4.229;956;995;938;49.99;49.99;49.99;3671;1000;0.0;0;1.0000;0;0
600;2017-06-10 09:30:00;172602N232;2651;4.544;39;225;227;225;223;3.950;49.99;390.9;4.248;283.9;3.746;0.0;0.000;60;0;0;3.958;3.982;3.912;890;892;867;49.99;49.99;49.99;3671;1000;0.0;0;1.0000;0;0
600;2017-06-10 09:40:00;172602N232;3158;5.069;39;227;227;229;226;4.645;50.00;393.5;4.910;299.2;4.461;0.0;0.000;60;0;0;4.604;4.717;4.614;1042;1077;1037;50.00;50.00;50.00;3671;1000;0.0;0;1.0000;0;0
600;2017-06-10 09:50:00;172602N232;2984;5.567;40;227;227;229;225;4.384;49.99;387.6;4.527;307.7;4.259;0.0;0.000;60;0;0;4.359;4.453;4.342;989;1018;974;49.99;49.99;49.99;3671;1000;0.0;0;1.0000;0;0
600;2017-06-10 10:00:00;172602N232;2915;6.053;40;227;227;230;225;4.280;49.99;393.0;4.239;341.5;4.052;0.0;0.000;60;0;0;4.228;4.390;4.224;956;1014;946;49.99;49.99;49.99;3671;1000;0.0;0;1.0000;0;0
600;2017-06-10 10:10:00;172602N232;3686;6.666;41;227;227;229;226;5.404;50.00;387.8;5.244;347.8;5.041;0.0;0.000;60;0;0;5.347;5.503;5.362;1211;1260;1211;50.00;50.00;50.00;3671;1000;0.0;0;1.0000;0;0
600;2017-06-10 10:20:00;172602N232;2762;7.127;41;226;226;226;226;4.085;49.98;388.1;3.839;370.7;3.653;0.0;0.000;60;0;0;4.055;4.123;4.078;913;933;916;49.98;49.98;49.98;3671;1000;0.0;0;1.0000;0;0
600;2017-06-10 10:30:00;172602N232;3814;7.762;41;227;226;232;225;5.580;50.00;390.5;5.215;374.2;4.963;0.0;0.000;60;0;0;5.488;5.734;5.520;1240;1329;1242;50.00;50.00;50.00;3671;1000;0.0;0;1.0000;0;0
600;2017-06-10 10:40:00;172602N232;4095;8.447;42;228;226;232;226;5.981;50.00;381.2;5.644;368.8;5.494;0.0;0.000;60;0;0;5.877;6.129;5.937;1329;1426;1339;50.00;50.00;50.00;3671;1000;0.0;0;1.0000;0;0
600;2017-06-10 10:50:00;172602N232;4176;9.141;42;228;226;233;225;6.108;50.00;377.0;5.811;364.4;5.708;0.0;0.000;60;0;0;5.974;6.308;6.043;1346;1470;1358;50.00;50.00;50.00;3671;1000;0.0;0;1.0000;0;0
600;2017-06-10 11:00:00;172602N232;2559;9.569;42;226;224;229;225;3.785;50.00;380.4;3.547;384.4;3.360;0.0;0.000;60;0;0;3.681;3.897;3.777;819;893;845;50.00;50.00;50.00;3671;1000;0.0;0;1.0000;0;0
600;2017-06-10 11:10:00;172602N232;4541;10.323;42;228;225;233;226;6.618;50.00;385.0;6.036;390.5;5.922;0.0;0.000;60;0;0;6.456;6.825;6.573;1454;1592;1487;50.00;50.00;50.00;3671;1000;0.0;0;1.0000;0;0
600;2017-06-10 11:20:00;172602N232;2328;10.710;42;227;225;231;225;3.433;49.99;385.5;3.145;390.5;2.992;0.0;0.000;60;0;0;3.330;3.551;3.420;742;814;765;49.99;49.99;49.99;3671;1000;0.0;0;1.0000;0;0
600;2017-06-10 11:30:00;172602N232;3004;11.213;42;228;227;231;226;4.396;50.01;399.2;3.850;401.9;3.677;0.0;0.000;60;0;0;4.332;4.491;4.367;980;1040;982;50.01;50.01;50.01;3671;1000;0.0;0;1.0000;0;0
600;2017-06-10 11:40:00;172602N232;2668;11.656;42;227;226;230;226;3.906;50.01;394.3;3.459;397.2;3.257;0.0;0.000;60;0;0;3.834;3.992;3.894;865;922;877;50.01;50.01;50.01;3671;1000;0.0;0;1.0000;0;0
600;2017-06-10 11:50:00;172602N232;1936;11.980;42;226;226;229;225;2.864;49.99;407.4;2.407;411.8;2.307;0.0;0.000;60;0;0;2.803;2.940;2.850;627;671;635;49.99;49.99;49.99;3671;1000;0.0;0;1.0000;0;0
600;2017-06-10 12:00:00;172602N232;3031;12.484;42;227;226;230;225;4.449;50.01;394.9;3.907;405.3;3.702;0.0;0.000;60;0;0;4.370;4.564;4.415;986;1052;991;50.01;50.01;50.01;3671;1000;0.0;0;1.0000;0;0
600;2017-06-10 12:10:00;172602N232;2108;12.837;42;226;225;229;225;3.113;50.00;385.7;2.753;391.1;2.653;0.0;0.000;60;0;0;3.049;3.202;3.088;685;735;689;50.00;50.00;50.00;3671;1000;0.0;0;1.0000;0;0
600;2017-06-10 12:20:00;172602N232;5212;13.705;42;229;226;235;227;7.564;49.98;391.7;6.784;397.4;6.721;0.0;0.000;60;0;0;7.380;7.822;7.490;1670;1835;1703;49.98;49.98;49.98;3671;1000;0.0;0;1.0000;0;0
600;2017-06-10 12:30:00;172602N232;1689;13.987;43;225;224;227;224;2.514;50.00;376.8;2.273;381.1;2.235;0.0;0.000;60;0;0;2.439;2.585;2.519;542;589;559;50.00;50.00;50.00;3671;1000;0.0;0;1.0000;0;0
600;2017-06-10 12:40:00;172602N232;1278;14.200;42;225;223;227;224;1.927;50.00;395.3;1.621;408.7;1.549;0.0;0.000;60;0;0;1.853;1.981;1.947;405;443;428;50.00;50.00;50.00;3671;1000;0.0;0;1.0000;0;0
600;2017-06-10 12:50:00;172602N232;2742;14.658;42;227;225;230;225;4.035;50.00;403.6;3.458;409.7;3.345;0.0;0.000;60;0;0;3.947;4.133;4.027;887;951;904;50.00;50.00;50.00;3671;1000;0.0;0;1.0000;0;0
600;2017-06-10 13:00:00;172602N232;3512;15.243;42;228;226;231;226;5.133;50.01;395.4;4.511;403.4;4.352;0.0;0.000;60;0;0;5.038;5.252;5.111;1140;1214;1154;50.01;50.01;50.01;3671;1000;0.0;0;1.0000;0;0
600;2017-06-10 13:10:00;172602N232;3824;15.879;42;229;227;232;226;5.565;50.01;380.2;5.133;385.3;5.021;0.0;0.000;60;0;0;5.472;5.699;5.525;1245;1322;1250;50.01;50.01;50.01;3671;1000;0.0;0;1.0000;0;0
600;2017-06-10 13:20:00;172602N232;1652;16.154;42;226;226;228;226;2.453;49.98;388.5;2.187;391.7;2.077;0.0;0.000;60;0;0;2.394;2.498;2.468;535;565;551;49.98;49.98;49.98;3671;1000;0.0;0;1.0000;0;0
600;2017-06-10 13:30:00;172602N232;773;16.283;42;226;225;227;226;1.181;49.99;399.3;0.996;400.6;0.925;0.0;0.000;60;0;0;1.123;1.219;1.203;242;268;261;49.99;49.99;49.99;3671;1000;0.0;0;1.0000;0;0
600;2017-06-10 13:40:00;172602N232;1091;16.465;42;226;226;228;226;1.670;50.00;399.9;1.380;408.1;1.318;0.0;0.000;60;0;0;1.631;1.701;1.680;353;373;363;50.00;50.00;50.00;3671;1000;0.0;0;1.0000;0;0
600;2017-06-10 13:50:00;172602N232;1249;16.674;41;226;226;228;225;1.895;50.01;402.0;1.572;414.7;1.494;0.0;0.000;60;0;0;1.858;1.929;1.900;404;429;415;50.01;50.01;50.01;3671;1000;0.0;0;1.0000;0;0
600;2017-06-10 14:00:00;172602N232;958;16.834;41;226;225;228;225;1.445;50.00;406.2;1.214;397.8;1.162;0.0;0.000;60;0;0;1.391;1.488;1.456;305;332;319;50.00;50.00;50.00;3671;1000;0.0;0;1.0000;0;0
600;2017-06-10 14:10:00;172602N232;721;16.955;41;226;225;228;225;1.103;49.99;411.1;0.910;402.3;0.847;0.0;0.000;60;0;0;1.043;1.147;1.121;225;251;243;49.99;49.99;49.99;3671;1000;0.0;0;1.0000;0;0
600;2017-06-10 14:20:00;172602N232;576;17.051;41;226;225;228;225;0.893;50.01;405.5;0.739;400.3;0.668;0.0;0.000;60;0;0;0.834;0.935;0.911;177;202;195;50.01;50.01;50.01;3671;1000;0.0;0;1.0000;0;0
600;2017-06-10 14:30:00;172602N232;406;17.118;41;226;225;228;225;1.248;49.99;403.1;0.506;401.6;0.471;0.0;0.000;60;0;0;1.195;1.386;1.165;110;134;159;49.99;49.99;49.99;3671;1000;0.0;0;1.0000;0;0
600;2017-06-10 14:40:00;172602N232;512;17.204;40;226;226;227;226;1.021;49.99;399.8;0.636;411.0;0.604;0.0;0.000;60;0;0;0.993;1.067;1.005;154;180;176;49.99;49.99;49.99;3671;1000;0.0;0;1.0000;0;0
600;2017-06-10 14:50:00;172602N232;708;17.322;40;227;227;227;226;1.084;49.99;399.3;0.900;408.8;0.837;0.0;0.000;60;0;0;1.029;1.120;1.104;222;245;240;49.99;49.99;49.99;3671;1000;0.0;0;1.0000;0;0
600;2017-06-10 15:00:00;172602N232;394;17.388;40;227;227;227;226;0.953;50.00;400.3;0.498;400.0;0.460;0.0;0.000;60;0;0;0.970;0.998;0.891;118;142;133;50.00;50.00;50.00;3671;1000;0.0;0;1.0000;0;0
600;2017-06-10 15:10:00;172602N232;925;17.542;40;227;227;229;225;1.454;50.00;412.0;1.110;413.8;1.109;0.0;0.000;60;0;0;1.434;1.481;1.449;294;320;308;50.00;50.00;50.00;3671;1000;0.0;0;1.0000;0;0
600;2017-06-10 15:20:00;172602N232;706;17.660;40;227;226;229;226;1.099;50.01;404.9;0.917;402.5;0.811;0.0;0.000;60;0;0;1.045;1.138;1.115;221;247;237;50.01;50.01;50.01;3671;1000;0.0;0;1.0000;0;0
600;2017-06-10 15:30:00;172602N232;600;17.760;40;227;227;228;226;0.997;49.99;407.2;0.752;412.6;0.689;0.0;0.000;60;0;0;1.003;1.011;0.978;191;208;199;49.99;49.99;49.99;3671;1000;0.0;0;1.0000;0;0
600;2017-06-10 15:40:00;172602N232;786;17.891;40;227;227;227;227;1.194;49.99;415.5;0.973;413.7;0.908;0.0;0.000;60;0;0;1.144;1.229;1.210;249;270;265;49.99;49.99;49.99;3671;1000;0.0;0;1.0000;0;0
600;2017-06-10 15:50:00;172602N232;1052;18.067;40;227;228;228;226;1.592;49.98;410.6;1.300;414.2;1.252;0.0;0.000;60;0;0;1.553;1.622;1.603;339;360;351;49.98;49.98;49.98;3671;1000;0.0;0;1.0000;0;0
600;2017-06-10 16:00:00;172602N232;2196;18.433;40;228;227;230;227;3.227;49.99;392.8;2.792;407.6;2.736;0.0;0.000;60;0;0;3.170;3.292;3.220;713;755;725;49.99;49.99;49.99;3671;1000;0.0;0;1.0000;0;0
600;2017-06-10 16:10:00;172602N232;3066;18.943;40;229;228;232;227;4.465;49.99;390.3;3.968;401.6;3.912;0.0;0.000;60;0;0;4.388;4.561;4.447;997;1057;1008;49.99;49.99;49.99;3671;1000;0.0;0;1.0000;0;0
600;2017-06-10 16:20:00;172602N232;2769;19.404;40;227;229;233;220;4.078;50.02;384.5;3.612;394.5;3.591;0.0;0.000;60;0;0;4.039;4.250;3.946;921;987;859;50.02;50.02;50.02;3671;1000;0.0;0;1.0000;0;0
600;2017-06-10 16:30:00;172602N232;3140;19.929;41;227;231;233;216;4.622;50.01;378.7;4.159;388.1;4.156;0.0;0.000;60;0;0;4.616;4.827;4.423;1061;1126;953;50.01;50.01;50.01;3671;1000;0.0;0;1.0000;0;0
600;2017-06-10 16:40:00;172602N232;3501;20.513;42;226;229;234;215;5.163;49.99;382.1;4.601;392.4;4.592;0.0;0.000;60;0;0;5.133;5.439;4.917;1174;1269;1055;49.99;49.99;49.99;3671;1000;0.0;0;1.0000;0;0
600;2017-06-10 16:50:00;172602N232;1150;20.704;42;223;227;230;213;1.919;49.98;377.5;1.497;389.1;1.515;0.0;0.000;60;0;0;1.914;2.010;1.834;383;417;349;49.98;49.98;49.98;3671;1000;0.0;0;1.0000;0;0
600;2017-06-10 17:00:00;172602N232;2119;21.058;42;224;226;232;215;3.223;49.98;390.6;2.607;401.3;2.723;0.0;0.000;60;0;0;3.160;3.411;3.098;694;775;649;49.98;49.98;49.98;3671;1000;0.0;0;1.0000;0;0
600;2017-06-10 17:10:00;172602N232;398;21.124;41;222;226;228;213;1.082;49.99;382.7;0.513;393.2;0.486;0.0;0.000;60;0;0;1.106;1.145;0.996;122;141;132;49.99;49.99;49.99;3671;1000;0.0;0;1.0000;0;0
600;2017-06-10 17:20:00;172602N232;2681;21.572;41;225;226;232;218;3.988;50.03;383.6;3.420;406.0;3.440;0.0;0.000;60;0;0;3.927;4.174;3.865;879;962;837;50.03;50.03;50.03;3671;1000;0.0;0;1.0000;0;0
600;2017-06-10 17:30:00;172602N232;2489;21.986;41;226;224;229;224;3.696;50.00;374.9;3.270;401.3;3.200;0.0;0.000;60;0;0;3.609;3.782;3.697;803;861;823;50.00;50.00;50.00;3671;1000;0.0;0;1.0000;0;0
600;2017-06-10 17:40:00;172602N232;919;22.140;42;225;225;226;224;1.448;49.97;375.4;1.187;391.3;1.201;0.0;0.000;60;0;0;1.407;1.486;1.452;294;318;305;49.97;49.97;49.97;3671;1000;0.0;0;1.0000;0;0
600;2017-06-10 17:50:00;172602N232;715;22.259;41;225;225;226;224;1.116;49.99;376.2;0.926;398.2;0.908;0.0;0.000;60;0;0;1.068;1.152;1.130;225;248;240;49.99;49.99;49.99;3671;1000;0.0;0;1.0000;0;0
600;2017-06-10 18:00:00;172602N232;2182;22.622;41;227;227;229;226;3.223;49.99;377.0;2.845;399.8;2.846;0.0;0.000;60;0;0;3.167;3.285;3.218;712;748;720;49.99;49.99;49.99;3671;1000;0.0;0;1.0000;0;0
600;2017-06-10 18:10:00;172602N232;2293;23.005;41;227;227;229;226;3.380;49.98;374.5;2.978;390.0;3.087;0.0;0.000;60;0;0;3.333;3.434;3.374;753;781;757;49.99;49.98;49.98;3671;1000;0.0;0;1.0000;0;0
600;2017-06-10 18:20:00;172602N232;1844;23.312;42;227;227;229;225;2.723;50.01;358.5;2.479;389.3;2.502;0.0;0.000;60;0;0;2.662;2.788;2.721;599;635;609;50.01;50.01;50.01;3671;1000;0.0;0;1.0000;0;0
600;2017-06-10 18:30:00;172602N232;1622;23.583;42;226;228;230;222;2.402;49.99;356.0;2.164;390.6;2.217;0.0;0.000;60;0;0;2.365;2.477;2.366;533;565;522;49.99;49.99;49.99;3671;1000;0.0;0;1.0000;0;0
600;2017-06-10 18:40:00;172602N232;1320;23.803;42;226;227;228;223;1.973;49.99;350.7;1.755;390.7;1.827;0.0;0.000;60;0;0;1.938;2.026;1.956;431;456;429;49.99;49.99;49.99;3671;1000;0.0;0;1.0000;0;0
600;2017-06-10 18:50:00;172602N232;1137;23.993;42;226;227;228;224;1.743;49.99;339.3;1.538;391.3;1.587;0.0;0.000;60;0;0;1.707;1.783;1.740;367;393;375;49.99;49.99;49.99;3671;1000;0.0;0;1.0000;0;0
600;2017-06-10 19:00:00;172602N232;727;24.113;41;227;227;229;225;1.120;49.99;328.2;0.977;389.9;1.038;0.0;0.000;60;0;0;1.068;1.172;1.120;229;256;240;49.99;49.99;49.99;3671;1000;0.0;0;1.0000;0;0
600;2017-06-10 19:10:00;172602N232;588;24.212;41;227;227;229;226;0.914;50.01;333.8;0.780;390.5;0.844;0.0;0.000;60;0;0;0.864;0.954;0.925;181;206;198;50.01;50.01;50.01;3671;1000;0.0;0;1.0000;0;0
600;2017-06-10 19:20:00;172602N232;354;24.270;41;227;227;229;226;1.260;50.00;380.4;0.410;387.4;0.483;0.0;0.000;60;0;0;1.330;1.374;1.077;109;110;133;50.00;50.00;50.00;3671;1000;0.0;0;1.0000;0;0
600;2017-06-10 19:30:00;172602N232;517;24.357;41;227;227;231;222;0.986;50.00;401.9;0.535;394.5;0.744;0.0;0.000;60;0;0;0.946;1.050;0.964;160;187;167;50.00;50.00;50.00;3671;1000;0.0;0;1.0000;0;0
600;2017-06-10 19:40:00;172602N232;587;24.455;41;226;227;230;222;0.907;50.01;400.4;0.531;390.6;0.943;0.0;0.000;60;0;0;0.856;0.965;0.902;183;210;192;50.01;50.01;50.01;3671;1000;0.0;0;1.0000;0;0
600;2017-06-10 19:50:00;172602N232;244;24.496;40;224;224;226;221;0.997;50.00;367.2;0.284;384.1;0.330;0.0;0.000;60;0;0;1.015;1.067;0.909;59;76;107;50.00;50.00;50.00;3671;1000;0.0;0;1.0000;0;0
600;2017-06-10 20:00:00;172602N232;225;24.534;40;224;224;225;223;1.022;49.99;372.4;0.270;391.3;0.284;0.0;0.000;60;0;0;1.155;1.072;0.841;52;86;85;49.99;49.99;49.99;3671;1000;0.0;0;1.0000;0;0
600;2017-06-10 20:10:00;172602N232;293;24.583;40;224;225;225;222;1.111;50.00;389.6;0.332;406.6;0.365;0.0;0.000;60;0;0;1.197;1.165;0.973;79;104;108;50.00;50.00;50.00;3671;1000;0.0;0;1.0000;0;0
600;2017-06-10 20:20:00;172602N232;79;24.596;39;223;222;225;221;0.815;49.99;353.9;0.092;368.8;0.084;0.0;0.000;60;0;0;0.701;1.132;0.612;28;7;50;49.99;49.99;49.99;3671;1000;0.0;0;1.0000;0;0
600;2017-06-10 20:30:00;172602N232;56;24.606;39;223;222;225;222;0.689;49.99;344.3;0.056;361.0;0.062;0.0;0.000;60;0;0;0.557;1.014;0.497;23;0;38;49.99;49.99;49.99;3671;1000;0.0;0;1.0000;0;0
600;2017-06-10 20:40:00;172602N232;51;24.614;39;223;222;225;222;0.747;50.00;341.4;0.051;363.6;0.053;0.0;0.000;60;0;0;0.593;1.100;0.550;25;0;38;50.00;50.00;50.00;3671;1000;0.0;0;1.0000;0;0
600;2017-06-10 20:50:00;172602N232;55;24.623;38;223;223;225;221;0.696;50.00;342.6;0.057;363.0;0.058;0.0;0.000;60;0;0;0.595;0.980;0.513;18;0;39;50.00;50.00;50.00;3671;1000;0.0;0;1.0000;0;0
600;2017-06-10 21:00:00;172602N232;7;24.625;38;223;224;224;220;0.236;50.00;261.1;0.002;259.3;0.003;0.0;0.000;60;0;0;0.286;0.250;0.174;1;4;10;50.00;50.00;50.00;3671;1000;0.0;0;1.0000;0;0
600;2017-06-10 21:10:00;172602N232;0;24.625;37;223;223;223;222;0.005;50.01;291.3;0.000;289.3;0.000;0.0;0.000;51;0;0;0.007;0.006;0.002;0;0;0;50.01;50.01;50.01;5928;1000;0.0;0;1.0000;0;0
600;2017-06-10 21:20:00;172602N232;0;24.625;36;222;222;225;220;0.000;49.98;255.3;0.000;256.0;0.000;0.0;0.000;51;0;0;0.000;0.000;0.000;0;0;0;49.98;49.98;49.98;7932;1000;0.0;0;1.0000;0;0
600;2017-06-10 21:30:00;172602N232;0;24.625;36;223;222;225;220;0.000;50.00;233.6;0.000;234.6;0.000;0.0;0.000;51;0;0;0.000;0.000;0.000;0;0;0;50.00;50.00;50.00;7932;1000;0.0;0;1.0000;0;0
600;2017-06-10 21:40:00;172602N232;0;24.625;35;223;223;225;221;0.000;50.00;228.1;0.000;229.1;0.000;0.0;0.000;51;0;0;0.000;0.000;0.000;0;0;0;50.00;50.00;50.00;7932;1000;0.0;0;1.0000;0;0
600;2017-06-10 21:50:00;172602N232;0;24.625;35;223;223;225;221;0.000;50.00;229.5;0.000;230.4;0.000;0.0;0.000;51;0;0;0.000;0.000;0.000;0;0;0;50.00;50.00;50.00;7932;1000;0.0;0;1.0000;0;0
[wr_ende]
