20160914;230003;172602N232;My Plant;+0100
[wr_def_start]
172602N232;Inverter Type;Inverter Group;72602N232      
[wr_def_end]
[wr]
INTERVAL;TIMESTAMP;SERIAL;P_AC;E_DAY;T_WR;U_AC;U_AC_1;U_AC_2;U_AC_3;I_AC;F_AC;U_DC_1;I_DC_1;U_DC_2;I_DC_2;U_DC_3;I_DC_3;S;E_WR;M_WR;I_AC_1;I_AC_2;I_AC_3;P_AC_1;P_AC_2;P_AC_3;F_AC_1;F_AC_2;F_AC_3;R_DC;PC;PCS;PCS_LL;COS_PHI;COS_PHI_LL;S_COS_PHI
600;2016-09-14 05:50:00;172602N232;0;0.000;0;4;4;4;4;0.000;1.00;4.4;0.000;4.4;0.000;0.0;0.000;50;0;0;0.000;0.000;0.000;0;0;0;1.00;1.00;1.00;30;1000;0.0;0;1.0000;0;0
600;2016-09-14 06:00:00;172602N232;0;0.000;31;222;224;225;218;0.000;49.99;229.1;0.000;230.0;0.000;0.0;0.000;50;0;0;0.000;0.000;0.000;0;0;0;49.99;49.99;49.99;0;1000;0.0;0;1.0000;0;0
600;2016-09-14 06:10:00;172602N232;0;0.000;32;223;223;225;221;0.000;49.98;263.3;0.000;263.4;0.000;0.0;0.000;51;0;0;0.000;0.000;0.000;0;0;0;49.98;49.98;49.98;32;1000;0.0;0;1.0000;0;0
600;2016-09-14 06:20:00;172602N232;3;0.001;33;222;224;221;223;0.147;50.01;264.7;0.000;259.0;0.000;0.0;0.000;60;0;0;0.169;0.136;0.138;0;8;2;50.01;50.01;50.01;3113;1000;0.0;0;1.0000;0;0
600;2016-09-14 06:30:00;172602N232;27;0.006;33;224;224;225;224;0.427;50.01;329.7;0.024;311.1;0.020;0.0;0.000;60;0;0;0.467;0.432;0.384;5;12;17;50.01;50.01;50.01;3113;1000;0.0;0;1.0000;0;0
600;2016-09-14 06:40:00;172602N232;54;0.015;34;226;227;224;226;0.640;49.98;365.5;0.061;366.3;0.048;0.0;0.000;60;0;0;0.812;0.529;0.581;0;40;21;49.98;49.98;49.98;3113;1000;0.0;0;1.0000;0;0
600;2016-09-14 06:50:00;172602N232;80;0.031;34;226;227;226;225;0.920;49.99;379.1;0.100;386.2;0.077;0.0;0.000;60;0;0;1.304;0.714;0.742;1;49;38;49.99;49.99;49.99;3113;1000;0.0;0;1.0000;0;0
600;2016-09-14 07:00:00;172602N232;107;0.047;35;226;227;227;225;0.963;49.99;387.9;0.135;393.2;0.105;0.0;0.000;60;0;0;1.339;0.767;0.785;5;57;44;50.00;50.00;50.00;3113;1000;0.0;0;1.0000;0;0
600;2016-09-14 07:10:00;172602N232;130;0.068;35;226;227;227;225;0.991;49.99;392.9;0.165;398.1;0.129;0.0;0.000;60;0;0;1.355;0.811;0.808;11;67;50;49.99;49.99;49.99;3113;1000;0.0;0;1.0000;0;0
600;2016-09-14 07:20:00;172602N232;149;0.092;35;225;226;226;225;1.093;50.01;395.0;0.192;404.0;0.147;0.0;0.000;60;0;0;1.508;0.935;0.838;9;94;44;50.01;50.01;50.01;3113;1000;0.0;0;1.0000;0;0
600;2016-09-14 07:30:00;172602N232;167;0.120;36;225;225;225;225;0.967;49.99;396.4;0.217;406.2;0.164;0.0;0.000;60;0;0;1.281;0.889;0.731;41;78;46;49.99;49.99;49.99;3113;1000;0.0;0;1.0000;0;0
600;2016-09-14 07:40:00;172602N232;185;0.151;36;225;226;223;226;0.923;50.01;398.3;0.243;409.5;0.180;0.0;0.000;60;0;0;1.091;0.860;0.819;49;94;40;50.01;50.01;50.01;3113;1000;0.0;0;1.0000;0;0
600;2016-09-14 07:50:00;172602N232;201;0.185;36;225;226;224;226;0.945;50.00;399.5;0.267;410.1;0.198;0.0;0.000;60;0;0;1.038;0.755;1.044;44;70;85;50.00;50.00;50.00;3113;1000;0.0;0;1.0000;0;0
600;2016-09-14 08:00:00;172602N232;216;0.221;37;225;226;223;226;0.996;49.99;401.2;0.287;410.2;0.214;0.0;0.000;60;0;0;1.080;0.922;0.987;55;102;57;49.99;49.99;49.99;3113;1000;0.0;0;1.0000;0;0
600;2016-09-14 08:10:00;172602N232;230;0.259;37;225;226;225;225;1.060;49.99;413.9;0.297;407.4;0.229;0.0;0.000;60;0;0;1.204;1.146;0.832;63;114;52;49.99;49.99;49.99;3113;1000;0.0;0;1.0000;0;0
600;2016-09-14 08:20:00;172602N232;258;0.303;37;226;224;227;227;1.102;50.00;441.2;0.318;409.7;0.247;0.0;0.000;60;0;0;1.018;1.287;1.003;89;90;76;50.00;50.00;50.00;3113;1000;0.0;0;1.0000;0;0
600;2016-09-14 08:30:00;172602N232;301;0.353;37;226;224;227;227;1.119;50.02;440.8;0.403;421.3;0.257;0.0;0.000;60;0;0;1.110;1.253;0.996;108;108;84;50.02;50.02;50.02;3113;1000;0.0;0;1.0000;0;0
600;2016-09-14 08:40:00;172602N232;454;0.429;38;226;224;227;227;1.087;50.01;314.3;1.092;433.4;0.267;0.0;0.000;60;0;0;1.057;1.132;1.073;144;161;147;50.01;50.01;50.01;3113;1000;0.0;0;1.0000;0;0
600;2016-09-14 08:50:00;172602N232;656;0.538;38;226;225;226;227;1.114;50.03;368.6;1.435;434.3;0.283;0.0;0.000;60;0;0;1.075;1.109;1.159;205;225;223;50.03;50.03;50.03;3113;1000;0.0;0;1.0000;0;0
600;2016-09-14 09:00:00;172602N232;852;0.680;38;226;225;228;226;1.286;50.02;391.5;1.846;432.4;0.298;0.0;0.000;60;0;0;1.221;1.331;1.308;266;297;287;50.02;50.02;50.02;3113;1000;0.0;0;1.0000;0;0
600;2016-09-14 09:10:00;172602N232;1049;0.855;39;226;225;228;226;1.579;50.02;392.8;2.321;431.3;0.317;0.0;0.000;60;0;0;1.522;1.623;1.594;334;363;350;50.02;50.02;50.02;3113;1000;0.0;0;1.0000;0;0
600;2016-09-14 09:20:00;172602N232;1183;1.052;39;226;226;228;226;1.813;50.01;405.2;2.567;427.6;0.336;0.0;0.000;60;0;0;1.770;1.853;1.817;382;407;392;50.01;50.01;50.01;3113;1000;0.0;0;1.0000;0;0
600;2016-09-14 09:30:00;172602N232;1264;1.263;40;227;226;228;226;1.944;50.00;402.1;2.776;425.0;0.353;0.0;0.000;60;0;0;1.901;1.973;1.960;409;431;422;50.00;50.00;50.00;3113;1000;0.0;0;1.0000;0;0
600;2016-09-14 09:40:00;172602N232;1339;1.487;40;227;226;228;226;2.009;49.99;397.7;2.983;426.2;0.368;0.0;0.000;60;0;0;1.958;2.049;2.020;431;460;446;49.99;49.99;49.99;3113;1000;0.0;0;1.0000;0;0
600;2016-09-14 09:50:00;172602N232;1567;1.748;41;227;226;229;226;2.311;50.00;394.5;3.185;341.7;1.151;0.0;0.000;60;0;0;2.247;2.369;2.317;505;540;520;50.00;50.00;50.00;3113;1000;0.0;0;1.0000;0;0
600;2016-09-14 10:00:00;172602N232;1908;2.066;41;227;227;230;226;2.805;50.00;391.2;3.388;253.2;2.426;0.0;0.000;60;0;0;2.736;2.876;2.805;617;658;631;50.00;50.00;50.00;3113;1000;0.0;0;1.0000;0;0
600;2016-09-14 10:10:00;172602N232;2111;2.418;41;228;226;230;226;3.100;50.00;388.6;3.587;257.1;2.932;0.0;0.000;60;0;0;3.027;3.172;3.101;683;727;699;50.00;50.00;50.00;3113;1000;0.0;0;1.0000;0;0
600;2016-09-14 10:20:00;172602N232;2316;2.805;42;228;227;230;227;3.395;50.00;385.4;3.771;252.0;3.591;0.0;0.000;60;0;0;3.328;3.469;3.388;753;795;765;50.00;50.00;50.00;3113;1000;0.0;0;1.0000;0;0
600;2016-09-14 10:30:00;172602N232;2485;3.219;42;227;227;229;226;3.650;50.00;383.6;3.939;261.4;3.906;0.0;0.000;60;0;0;3.608;3.708;3.635;818;845;820;50.00;50.00;50.00;3113;1000;0.0;0;1.0000;0;0
600;2016-09-14 10:40:00;172602N232;2630;3.657;43;227;227;228;226;3.865;49.99;381.2;4.105;274.0;4.066;0.0;0.000;60;0;0;3.829;3.917;3.849;869;891;868;49.99;49.99;49.99;3113;1000;0.0;0;1.0000;0;0
600;2016-09-14 10:50:00;172602N232;2752;4.116;43;228;228;229;227;4.036;49.99;379.4;4.240;283.1;4.218;0.0;0.000;60;0;0;4.006;4.097;4.006;910;935;906;49.99;49.99;49.99;3113;1000;0.0;0;1.0000;0;0
600;2016-09-14 11:00:00;172602N232;2916;4.603;43;228;228;229;227;4.273;49.99;378.0;4.389;299.9;4.364;0.0;0.000;60;0;0;4.239;4.340;4.242;963;991;959;49.99;49.99;49.99;3113;1000;0.0;0;1.0000;0;0
600;2016-09-14 11:10:00;172602N232;3053;5.111;43;228;228;230;227;4.464;50.00;377.0;4.504;317.4;4.439;0.0;0.000;60;0;0;4.410;4.554;4.429;1002;1047;1002;50.00;50.00;50.00;3113;1000;0.0;0;1.0000;0;0
600;2016-09-14 11:20:00;172602N232;3165;5.639;43;228;228;229;227;4.640;50.00;374.7;4.620;324.5;4.591;0.0;0.000;60;0;0;4.611;4.694;4.617;1047;1071;1044;50.00;50.00;50.00;3113;1000;0.0;0;1.0000;0;0
600;2016-09-14 11:30:00;172602N232;3264;6.183;44;229;229;229;228;4.776;50.00;372.3;4.723;332.8;4.696;0.0;0.000;60;0;0;4.750;4.805;4.775;1082;1095;1085;50.00;50.00;50.00;3113;1000;0.0;0;1.0000;0;0
600;2016-09-14 11:40:00;172602N232;3379;6.746;44;229;229;230;228;4.924;50.00;370.8;4.833;342.8;4.801;0.0;0.000;60;0;0;4.882;4.990;4.901;1114;1147;1117;50.00;50.00;50.00;3113;1000;0.0;0;1.0000;0;0
600;2016-09-14 11:50:00;172602N232;3477;7.326;44;229;228;231;228;5.070;50.01;369.6;4.920;352.0;4.881;0.0;0.000;60;0;0;5.009;5.154;5.049;1141;1185;1148;50.01;50.01;50.01;3113;1000;0.0;0;1.0000;0;0
600;2016-09-14 12:00:00;172602N232;3569;7.921;44;228;229;231;226;5.214;50.01;368.5;5.005;358.3;4.984;0.0;0.000;60;0;0;5.175;5.316;5.151;1180;1224;1163;50.01;50.01;50.01;3113;1000;0.0;0;1.0000;0;0
600;2016-09-14 12:10:00;172602N232;3633;8.527;44;228;228;231;226;5.317;50.01;368.0;5.063;363.9;5.035;0.0;0.000;60;0;0;5.279;5.422;5.251;1202;1247;1182;50.01;50.01;50.01;3113;1000;0.0;0;1.0000;0;0
600;2016-09-14 12:20:00;172602N232;3680;9.140;44;228;227;229;227;5.393;50.00;367.1;5.118;365.0;5.107;0.0;0.000;60;0;0;5.345;5.475;5.360;1212;1254;1212;50.00;50.00;50.00;3113;1000;0.0;0;1.0000;0;0
600;2016-09-14 12:30:00;172602N232;3692;9.755;45;228;227;232;224;5.416;49.97;366.3;5.146;364.3;5.136;0.0;0.000;60;0;0;5.352;5.574;5.322;1213;1288;1189;49.97;49.97;49.97;3113;1000;0.0;0;1.0000;0;0
600;2016-09-14 12:40:00;172602N232;3692;10.371;45;228;227;231;226;5.407;50.01;364.6;5.168;363.0;5.159;0.0;0.000;60;0;0;5.337;5.529;5.356;1210;1274;1205;50.01;50.01;50.01;3113;1000;0.0;0;1.0000;0;0
600;2016-09-14 12:50:00;172602N232;3693;10.986;45;231;231;234;228;5.342;49.99;364.0;5.180;362.3;5.170;0.0;0.000;60;0;0;5.291;5.449;5.286;1217;1270;1204;49.99;49.99;49.99;3113;1000;0.0;0;1.0000;0;0
600;2016-09-14 13:00:00;172602N232;3696;11.604;45;231;230;234;229;5.343;49.98;363.4;5.192;361.8;5.179;0.0;0.000;60;0;0;5.285;5.456;5.289;1213;1273;1208;49.98;49.98;49.98;3113;1000;0.0;0;1.0000;0;0
600;2016-09-14 13:10:00;172602N232;3673;12.215;45;230;229;234;228;5.315;50.01;363.4;5.162;361.6;5.149;0.0;0.000;60;0;0;5.231;5.446;5.270;1196;1274;1201;50.01;50.01;50.01;3113;1000;0.0;0;1.0000;0;0
600;2016-09-14 13:20:00;172602N232;3667;12.827;46;231;231;235;228;5.296;50.03;363.7;5.151;361.6;5.138;0.0;0.000;60;0;0;5.245;5.411;5.233;1207;1267;1190;50.03;50.03;50.03;3113;1000;0.0;0;1.0000;0;0
600;2016-09-14 13:30:00;172602N232;3631;13.434;46;231;231;233;229;5.252;50.04;363.3;5.107;361.2;5.093;0.0;0.000;60;0;0;5.207;5.350;5.200;1199;1246;1185;50.04;50.04;50.04;3113;1000;0.0;0;1.0000;0;0
600;2016-09-14 13:40:00;172602N232;3590;14.031;46;231;230;232;229;5.206;49.99;362.9;5.053;361.3;5.035;0.0;0.000;60;0;0;5.157;5.276;5.185;1182;1221;1184;49.99;49.99;49.99;3113;1000;0.0;0;1.0000;0;0
600;2016-09-14 13:50:00;172602N232;3576;14.628;46;231;230;233;229;5.171;49.97;364.0;5.017;362.0;5.005;0.0;0.000;60;0;0;5.112;5.280;5.121;1175;1230;1169;49.97;49.97;49.97;3113;1000;0.0;0;1.0000;0;0
600;2016-09-14 14:00:00;172602N232;3524;15.214;46;231;230;232;229;5.099;49.99;364.8;4.933;362.4;4.925;0.0;0.000;60;0;0;5.052;5.185;5.062;1162;1203;1157;49.99;49.99;49.99;3113;1000;0.0;0;1.0000;0;0
600;2016-09-14 14:10:00;172602N232;3468;15.792;46;231;231;234;228;5.008;50.00;365.7;4.841;363.3;4.833;0.0;0.000;60;0;0;4.946;5.124;4.954;1138;1198;1129;50.00;50.00;50.00;3113;1000;0.0;0;1.0000;0;0
600;2016-09-14 14:20:00;172602N232;3431;16.365;47;228;228;231;226;5.018;50.00;366.3;4.782;363.5;4.776;0.0;0.000;60;0;0;4.949;5.138;4.969;1124;1185;1119;50.00;50.00;50.00;3113;1000;0.0;0;1.0000;0;0
600;2016-09-14 14:30:00;172602N232;3322;16.919;47;229;228;231;227;4.847;50.00;367.5;4.614;364.5;4.610;0.0;0.000;60;0;0;4.776;4.950;4.816;1087;1143;1090;50.00;50.00;50.00;3113;1000;0.0;0;1.0000;0;0
600;2016-09-14 14:40:00;172602N232;3260;17.462;47;229;228;232;227;4.751;50.00;368.9;4.510;365.8;4.507;0.0;0.000;60;0;0;4.670;4.862;4.723;1062;1126;1071;50.00;50.00;50.00;3113;1000;0.0;0;1.0000;0;0
600;2016-09-14 14:50:00;172602N232;3209;17.996;47;226;230;233;217;4.730;49.99;370.5;4.421;367.1;4.418;0.0;0.000;60;0;0;4.710;4.969;4.513;1079;1153;976;49.99;49.99;49.99;3113;1000;0.0;0;1.0000;0;0
600;2016-09-14 15:00:00;172602N232;3119;18.517;47;226;229;233;216;4.604;49.99;370.8;4.289;367.9;4.287;0.0;0.000;60;0;0;4.565;4.848;4.400;1042;1125;950;49.99;49.99;49.99;3113;1000;0.0;0;1.0000;0;0
600;2016-09-14 15:10:00;172602N232;3016;19.021;47;226;229;232;216;4.457;50.00;371.6;4.136;368.9;4.134;0.0;0.000;60;0;0;4.435;4.683;4.255;1014;1084;916;50.00;50.00;50.00;3113;1000;0.0;0;1.0000;0;0
600;2016-09-14 15:20:00;172602N232;2904;19.504;47;226;230;233;217;4.283;49.99;373.3;3.961;370.5;3.962;0.0;0.000;60;0;0;4.255;4.506;4.088;974;1044;883;49.99;49.99;49.99;3113;1000;0.0;0;1.0000;0;0
600;2016-09-14 15:30:00;172602N232;2744;19.961;47;227;231;233;217;4.038;50.01;383.5;3.605;372.0;3.764;0.0;0.000;60;0;0;4.028;4.222;3.866;925;980;837;50.01;50.01;50.01;3113;1000;0.0;0;1.0000;0;0
600;2016-09-14 15:40:00;172602N232;2619;20.398;47;226;230;232;217;3.863;49.98;370.9;3.512;373.3;3.625;0.0;0.000;60;0;0;3.834;4.062;3.694;878;940;799;49.98;49.98;49.98;3113;1000;0.0;0;1.0000;0;0
600;2016-09-14 15:50:00;172602N232;2470;20.811;47;226;230;232;217;3.646;49.98;364.1;3.337;375.2;3.436;0.0;0.000;60;0;0;3.627;3.826;3.486;831;884;753;49.98;49.98;49.98;3113;1000;0.0;0;1.0000;0;0
600;2016-09-14 16:00:00;172602N232;2327;21.199;47;226;230;232;216;3.440;49.98;359.3;3.113;376.9;3.292;0.0;0.000;60;0;0;3.423;3.618;3.279;783;837;705;49.98;49.98;49.98;3113;1000;0.0;0;1.0000;0;0
600;2016-09-14 16:10:00;172602N232;2125;21.552;46;226;227;230;221;3.140;49.98;342.8;2.884;379.0;3.077;0.0;0.000;60;0;0;3.096;3.249;3.075;701;745;678;49.98;49.98;49.98;3113;1000;0.0;0;1.0000;0;0
600;2016-09-14 16:20:00;172602N232;1963;21.880;46;227;226;229;225;2.899;50.00;347.4;2.734;380.6;2.729;0.0;0.000;60;0;0;2.839;2.974;2.886;638;678;645;50.00;50.00;50.00;3113;1000;0.0;0;1.0000;0;0
600;2016-09-14 16:30:00;172602N232;1690;22.162;46;226;224;229;225;2.502;50.01;380.3;2.362;340.3;2.390;0.0;0.000;60;0;0;2.421;2.576;2.509;540;587;561;50.01;50.01;50.01;3113;1000;0.0;0;1.0000;0;0
600;2016-09-14 16:40:00;172602N232;1364;22.390;45;225;225;225;224;2.071;50.00;358.1;2.166;299.1;2.051;0.0;0.000;60;0;0;2.036;2.101;2.078;443;465;454;50.00;50.00;50.00;3113;1000;0.0;0;1.0000;0;0
600;2016-09-14 16:50:00;172602N232;1070;22.567;45;224;224;225;222;1.662;50.00;339.2;2.029;268.9;1.490;0.0;0.000;60;0;0;1.627;1.691;1.669;343;368;357;50.00;50.00;50.00;3113;1000;0.0;0;1.0000;0;0
600;2016-09-14 17:00:00;172602N232;614;22.671;45;225;225;227;222;1.092;49.98;280.8;1.411;261.9;0.869;0.0;0.000;60;0;0;1.070;1.139;1.067;193;218;201;49.98;49.98;49.98;3113;1000;0.0;0;1.0000;0;0
600;2016-09-14 17:10:00;172602N232;349;22.728;44;225;226;226;222;1.180;49.99;380.4;0.418;423.3;0.433;0.0;0.000;60;0;0;1.281;1.184;1.076;93;129;125;49.99;49.99;49.99;3113;1000;0.0;0;1.0000;0;0
600;2016-09-14 17:20:00;172602N232;313;22.781;44;224;223;228;221;1.146;50.01;378.8;0.356;420.6;0.394;0.0;0.000;60;0;0;1.169;1.299;0.971;103;97;111;50.01;50.01;50.01;3113;1000;0.0;0;1.0000;0;0
600;2016-09-14 17:30:00;172602N232;264;22.825;44;224;225;228;221;1.125;50.00;374.6;0.299;406.2;0.348;0.0;0.000;60;0;0;1.154;1.319;0.903;66;90;106;50.00;50.00;50.00;3113;1000;0.0;0;1.0000;0;0
600;2016-09-14 17:40:00;172602N232;219;22.862;43;224;224;228;222;1.056;49.99;371.8;0.257;385.3;0.290;0.0;0.000;60;0;0;1.080;1.303;0.786;72;57;88;49.99;49.99;49.99;3113;1000;0.0;0;1.0000;0;0
600;2016-09-14 17:50:00;172602N232;186;22.893;43;225;224;227;224;0.959;49.99;367.1;0.224;373.9;0.246;0.0;0.000;60;0;0;0.928;1.214;0.735;60;47;77;49.99;49.99;49.99;3113;1000;0.0;0;1.0000;0;0
600;2016-09-14 18:00:00;172602N232;159;22.919;43;225;225;227;224;0.946;49.99;364.0;0.195;372.1;0.206;0.0;0.000;60;0;0;0.797;1.266;0.775;25;46;86;49.99;49.99;49.99;3113;1000;0.0;0;1.0000;0;0
600;2016-09-14 18:10:00;172602N232;126;22.940;43;225;225;227;224;0.929;49.99;360.6;0.155;369.0;0.160;0.0;0.000;60;0;0;0.822;1.201;0.765;32;22;70;49.99;49.99;49.99;3113;1000;0.0;0;1.0000;0;0
600;2016-09-14 18:20:00;172602N232;99;22.958;43;226;224;228;225;0.963;50.02;351.5;0.123;366.1;0.124;0.0;0.000;60;0;0;0.758;1.378;0.753;40;3;62;50.02;50.02;50.02;3113;1000;0.0;0;1.0000;0;0
600;2016-09-14 18:30:00;172602N232;70;22.970;42;225;223;228;225;0.964;50.03;338.7;0.085;360.9;0.086;0.0;0.000;60;0;0;0.726;1.445;0.723;40;0;52;50.03;50.03;50.03;3113;1000;0.0;0;1.0000;0;0
600;2016-09-14 18:40:00;172602N232;40;22.976;42;225;224;226;225;0.634;49.99;319.3;0.043;339.0;0.045;0.0;0.000;60;0;0;0.588;0.796;0.519;16;5;24;49.99;49.99;49.99;3113;1000;0.0;0;1.0000;0;0
600;2016-09-14 18:50:00;172602N232;11;22.978;42;225;224;226;224;0.344;49.98;267.7;0.007;270.4;0.010;0.0;0.000;60;0;0;0.295;0.446;0.291;6;4;10;49.98;49.98;49.98;3113;1000;0.0;0;1.0000;0;0
600;2016-09-14 19:00:00;172602N232;0;22.978;41;225;225;224;225;0.022;50.00;274.4;0.000;273.3;0.000;0.0;0.000;50;0;0;0.026;0.025;0.017;0;1;0;50.00;50.00;50.00;3113;1000;0.0;0;1.0000;0;0
600;2016-09-14 19:10:00;172602N232;0;22.978;40;224;224;226;223;0.000;49.99;239.4;0.000;240.2;0.000;0.0;0.000;50;0;0;0.000;0.000;0.000;0;0;0;49.99;49.99;49.99;3113;1000;0.0;0;1.0000;0;0
600;2016-09-14 19:20:00;172602N232;0;22.978;39;224;223;227;222;0.000;49.98;228.9;0.000;229.9;0.000;0.0;0.000;50;0;0;0.000;0.000;0.000;0;0;0;49.98;49.98;49.98;3113;1000;0.0;0;1.0000;0;0
[wr_ende]
