20160326;230000;172602N232;My Plant;+0100
[wr_def_start]
172602N232;Inverter Type;Inverter Group;72602N232      
[wr_def_end]
[wr]
INTERVAL;TIMESTAMP;SERIAL;P_AC;E_DAY;T_WR;U_AC;U_AC_1;U_AC_2;U_AC_3;I_AC;F_AC;U_DC_1;I_DC_1;U_DC_2;I_DC_2;U_DC_3;I_DC_3;S;E_WR;M_WR;I_AC_1;I_AC_2;I_AC_3;P_AC_1;P_AC_2;P_AC_3;F_AC_1;F_AC_2;F_AC_3;R_DC;PC;PCS;PCS_LL;COS_PHI;COS_PHI_LL;S_COS_PHI
600;2016-03-26 05:10:00;172602N232;0;0.000;0;2;2;2;2;0.000;0.64;2.8;0.000;2.8;0.000;0.0;0.000;50;0;0;0.000;0.000;0.000;0;0;0;0.64;0.64;0.64;70;1000;0.0;0;1.0000;0;0
600;2016-03-26 05:20:00;172602N232;0;0.000;17;227;227;230;225;0.000;50.00;228.9;0.000;229.9;0.000;0.0;0.000;50;0;0;0.000;0.000;0.000;0;0;0;50.00;50.00;50.00;0;1000;0.0;0;1.0000;0;0
600;2016-03-26 05:30:00;172602N232;0;0.000;18;227;227;230;224;0.000;50.00;233.9;0.000;234.8;0.000;0.0;0.000;50;0;0;0.000;0.000;0.000;0;0;0;50.00;50.00;50.00;0;1000;0.0;0;1.0000;0;0
600;2016-03-26 05:40:00;172602N232;0;0.000;19;227;226;230;224;0.000;49.99;283.7;0.000;283.5;0.000;0.0;0.000;60;0;0;0.001;0.001;0.000;0;0;0;49.99;49.99;49.99;1335;1000;0.0;0;1.0000;0;0
600;2016-03-26 05:50:00;172602N232;3;0.000;19;227;226;228;226;0.122;50.01;280.1;0.000;281.0;0.001;0.0;0.000;60;0;0;0.137;0.141;0.088;0;1;4;50.01;50.01;50.01;4704;1000;0.0;0;1.0000;0;0
600;2016-03-26 06:00:00;172602N232;27;0.004;19;227;227;228;226;0.460;50.01;329.5;0.017;346.7;0.021;0.0;0.000;60;0;0;0.545;0.513;0.324;3;4;21;50.01;50.01;50.01;4778;1000;0.0;0;1.0000;0;0
600;2016-03-26 06:10:00;172602N232;69;0.016;20;227;227;228;225;0.805;50.00;388.9;0.068;392.5;0.070;0.0;0.000;60;0;0;0.863;0.922;0.630;5;16;47;50.00;50.00;50.00;4778;1000;0.0;0;1.0000;0;0
600;2016-03-26 06:20:00;172602N232;100;0.032;20;226;226;227;225;0.942;50.00;404.0;0.105;402.7;0.108;0.0;0.000;60;0;0;1.012;1.045;0.769;9;29;62;50.00;50.00;50.00;4778;1000;0.0;0;1.0000;0;0
600;2016-03-26 06:30:00;172602N232;180;0.063;21;226;226;227;225;0.966;49.99;418.2;0.197;418.1;0.196;0.0;0.000;60;0;0;1.005;1.155;0.739;38;68;71;49.99;49.99;49.99;4778;1000;0.0;0;1.0000;0;0
600;2016-03-26 06:40:00;172602N232;234;0.102;21;226;225;227;225;1.022;49.99;424.6;0.260;423.4;0.257;0.0;0.000;60;0;0;1.156;1.209;0.702;66;92;73;49.99;49.99;49.99;4778;1000;0.0;0;1.0000;0;0
600;2016-03-26 06:50:00;172602N232;333;0.158;21;226;226;228;225;1.113;49.99;431.8;0.375;432.4;0.363;0.0;0.000;60;0;0;1.147;1.200;0.993;100;113;119;49.99;49.99;49.99;4778;1000;0.0;0;1.0000;0;0
600;2016-03-26 07:00:00;172602N232;362;0.218;22;226;225;228;224;1.136;50.00;434.1;0.410;435.8;0.389;0.0;0.000;60;0;0;1.159;1.228;1.022;102;123;135;50.00;50.00;50.00;4778;1000;0.0;0;1.0000;0;0
600;2016-03-26 07:10:00;172602N232;516;0.305;22;225;225;227;224;1.128;49.99;439.9;0.600;447.3;0.535;0.0;0.000;60;0;0;1.186;1.129;1.070;167;178;168;49.99;49.99;49.99;4778;1000;0.0;0;1.0000;0;0
600;2016-03-26 07:20:00;172602N232;505;0.388;23;225;225;227;224;0.818;49.99;449.7;0.590;453.9;0.500;0.0;0.000;60;0;0;0.776;0.850;0.829;155;177;170;49.99;49.99;49.99;4778;1000;0.0;0;1.0000;0;0
600;2016-03-26 07:30:00;172602N232;421;0.459;23;225;226;226;224;1.203;50.03;454.9;0.490;465.4;0.390;0.0;0.000;60;0;0;1.247;1.227;1.137;116;151;152;50.03;50.03;50.03;4778;1000;0.0;0;1.0000;0;0
600;2016-03-26 07:40:00;172602N232;484;0.539;24;225;225;227;224;0.964;50.00;394.5;0.781;440.0;0.386;0.0;0.000;60;0;0;0.934;1.014;0.945;148;172;163;50.00;50.00;50.00;4778;1000;0.0;0;1.0000;0;0
600;2016-03-26 07:50:00;172602N232;731;0.662;24;225;224;227;224;1.124;50.02;431.6;1.154;338.7;0.708;0.0;0.000;60;0;0;1.067;1.169;1.138;229;255;245;50.02;50.02;50.02;4778;1000;0.0;0;1.0000;0;0
600;2016-03-26 08:00:00;172602N232;1150;0.853;25;225;224;228;224;1.764;50.02;422.3;1.959;398.3;0.822;0.0;0.000;60;0;0;1.704;1.818;1.770;364;400;384;50.02;50.02;50.02;4778;1000;0.0;0;1.0000;0;0
600;2016-03-26 08:10:00;172602N232;1327;1.075;25;225;224;227;224;2.011;50.01;445.6;2.193;345.0;1.035;0.0;0.000;60;0;0;1.954;2.059;2.020;426;456;443;50.01;50.01;50.01;4778;1000;0.0;0;1.0000;0;0
600;2016-03-26 08:20:00;172602N232;1317;1.294;26;224;224;224;225;1.986;50.01;435.1;2.023;313.3;1.436;0.0;0.000;60;0;0;1.935;2.008;2.016;425;444;446;50.01;50.01;50.01;4778;1000;0.0;0;1.0000;0;0
600;2016-03-26 08:30:00;172602N232;1739;1.584;26;225;223;227;224;2.592;49.99;433.8;2.465;327.6;2.097;0.0;0.000;60;0;0;2.516;2.647;2.614;557;597;582;49.99;49.99;49.99;4778;1000;0.0;0;1.0000;0;0
600;2016-03-26 08:40:00;172602N232;2123;1.939;27;225;225;228;222;3.162;50.01;432.8;2.859;357.6;2.534;0.0;0.000;60;0;0;3.108;3.247;3.131;694;735;692;50.01;50.01;50.01;4778;1000;0.0;0;1.0000;0;0
600;2016-03-26 08:50:00;172602N232;2364;2.332;27;225;223;227;224;3.526;50.02;428.2;3.162;377.1;2.740;0.0;0.000;60;0;0;3.450;3.579;3.549;765;806;791;50.02;50.02;50.02;4778;1000;0.0;0;1.0000;0;0
600;2016-03-26 09:00:00;172602N232;2330;2.721;28;224;223;227;224;3.482;50.00;426.1;3.090;372.5;2.782;0.0;0.000;60;0;0;3.399;3.550;3.498;751;799;778;50.00;50.00;50.00;4778;1000;0.0;0;1.0000;0;0
600;2016-03-26 09:10:00;172602N232;2501;3.137;29;225;224;228;223;3.725;50.02;422.6;3.335;385.4;2.900;0.0;0.000;60;0;0;3.658;3.808;3.709;814;862;822;50.02;50.02;50.02;4778;1000;0.0;0;1.0000;0;0
600;2016-03-26 09:20:00;172602N232;2830;3.610;30;225;224;228;224;4.206;50.01;417.8;3.750;367.0;3.537;0.0;0.000;60;0;0;4.130;4.287;4.202;919;973;936;50.01;50.01;50.01;4778;1000;0.0;0;1.0000;0;0
600;2016-03-26 09:30:00;172602N232;2896;4.093;32;224;224;227;222;4.310;49.99;416.0;3.806;381.0;3.537;0.0;0.000;60;0;0;4.273;4.393;4.264;956;994;944;49.99;49.99;49.99;4778;1000;0.0;0;1.0000;0;0
600;2016-03-26 09:40:00;172602N232;2964;4.587;33;224;224;226;223;4.412;49.99;413.6;3.863;384.3;3.648;0.0;0.000;60;0;0;4.382;4.473;4.382;980;1008;974;49.99;49.99;49.99;4778;1000;0.0;0;1.0000;0;0
600;2016-03-26 09:50:00;172602N232;2797;5.053;33;225;224;227;223;4.157;50.01;413.9;3.571;404.3;3.340;0.0;0.000;60;0;0;4.104;4.221;4.146;917;956;922;50.01;50.01;50.01;4778;1000;0.0;0;1.0000;0;0
600;2016-03-26 10:00:00;172602N232;3188;5.584;33;225;224;228;222;4.733;50.02;414.7;4.034;404.4;3.844;0.0;0.000;60;0;0;4.662;4.831;4.708;1042;1099;1044;50.02;50.02;50.02;4778;1000;0.0;0;1.0000;0;0
600;2016-03-26 10:10:00;172602N232;3481;6.166;35;226;224;229;224;5.148;50.02;412.8;4.369;416.3;4.132;0.0;0.000;60;0;0;5.057;5.254;5.135;1133;1200;1146;50.02;50.02;50.02;4778;1000;0.0;0;1.0000;0;0
600;2016-03-26 10:20:00;172602N232;3709;6.783;37;226;225;229;224;5.469;50.01;409.9;4.627;414.4;4.490;0.0;0.000;60;0;0;5.402;5.574;5.433;1215;1277;1214;50.01;50.01;50.01;4778;1000;0.0;0;1.0000;0;0
600;2016-03-26 10:30:00;172602N232;3604;7.385;38;225;224;228;222;5.350;50.01;408.8;4.492;409.2;4.434;0.0;0.000;60;0;0;5.270;5.472;5.308;1176;1248;1178;50.01;50.01;50.01;4778;1000;0.0;0;1.0000;0;0
600;2016-03-26 10:40:00;172602N232;3088;7.898;37;224;223;228;221;4.606;50.00;410.3;3.827;411.5;3.773;0.0;0.000;60;0;0;4.538;4.708;4.573;1009;1069;1008;50.00;50.00;50.00;4778;1000;0.0;0;1.0000;0;0
600;2016-03-26 10:50:00;172602N232;3254;8.441;37;225;224;229;222;4.834;50.01;411.3;4.025;412.6;3.966;0.0;0.000;60;0;0;4.762;4.950;4.792;1063;1130;1059;50.01;50.01;50.01;4778;1000;0.0;0;1.0000;0;0
600;2016-03-26 11:00:00;172602N232;2983;8.939;36;224;223;228;222;4.446;49.99;412.7;3.679;413.2;3.622;0.0;0.000;60;0;0;4.360;4.576;4.402;968;1041;972;49.99;49.99;49.99;4778;1000;0.0;0;1.0000;0;0
600;2016-03-26 11:10:00;172602N232;2716;9.392;35;224;223;228;221;4.051;50.00;415.9;3.318;417.1;3.264;0.0;0.000;60;0;0;3.993;4.154;4.007;889;942;882;50.00;50.00;50.00;4778;1000;0.0;0;1.0000;0;0
600;2016-03-26 11:20:00;172602N232;3480;9.972;36;224;224;227;221;5.176;49.99;414.8;4.272;415.9;4.212;0.0;0.000;60;0;0;5.140;5.280;5.109;1151;1199;1128;49.99;49.99;49.99;4778;1000;0.0;0;1.0000;0;0
600;2016-03-26 11:30:00;172602N232;3972;10.632;38;224;224;228;221;5.900;50.00;409.2;4.947;409.9;4.888;0.0;0.000;60;0;0;5.819;6.067;5.814;1300;1384;1286;50.00;50.00;50.00;4778;1000;0.0;0;1.0000;0;0
600;2016-03-26 11:40:00;172602N232;3975;11.296;37;225;224;229;222;5.884;50.00;407.7;4.966;408.4;4.913;0.0;0.000;60;0;0;5.821;6.030;5.802;1305;1379;1289;50.00;50.00;50.00;4778;1000;0.0;0;1.0000;0;0
600;2016-03-26 11:50:00;172602N232;4140;11.986;37;228;227;231;225;6.056;50.02;404.8;5.213;405.0;5.163;0.0;0.000;60;0;0;5.992;6.183;5.995;1361;1430;1348;50.02;50.02;50.02;4778;1000;0.0;0;1.0000;0;0
600;2016-03-26 12:00:00;172602N232;4302;12.703;37;228;229;231;225;6.290;50.00;401.7;5.461;401.5;5.414;0.0;0.000;60;0;0;6.263;6.406;6.201;1431;1477;1392;50.00;50.00;50.00;4778;1000;0.0;0;1.0000;0;0
600;2016-03-26 12:10:00;172602N232;4292;13.419;38;230;231;234;227;6.215;50.02;398.2;5.497;398.1;5.449;0.0;0.000;60;0;0;6.180;6.348;6.118;1422;1483;1385;50.02;50.02;50.02;4778;1000;0.0;0;1.0000;0;0
600;2016-03-26 12:20:00;172602N232;4242;14.125;39;231;231;234;227;6.136;50.03;397.4;5.442;397.3;5.399;0.0;0.000;60;0;0;6.101;6.269;6.039;1405;1468;1367;50.03;50.03;50.03;4778;1000;0.0;0;1.0000;0;0
600;2016-03-26 12:30:00;172602N232;4204;14.827;40;229;229;233;226;6.118;50.00;400.2;5.355;400.0;5.312;0.0;0.000;60;0;0;6.080;6.262;6.012;1389;1460;1353;50.00;50.00;50.00;4778;1000;0.0;0;1.0000;0;0
600;2016-03-26 12:40:00;172602N232;4191;15.526;40;228;227;232;225;6.132;50.01;400.9;5.335;399.9;5.292;0.0;0.000;60;0;0;6.072;6.283;6.042;1377;1457;1354;50.01;50.01;50.01;4778;1000;0.0;0;1.0000;0;0
600;2016-03-26 12:50:00;172602N232;4095;16.209;40;227;227;231;224;6.015;50.01;398.9;5.236;398.6;5.191;0.0;0.000;60;0;0;5.958;6.164;5.925;1346;1424;1323;50.01;50.01;50.01;4778;1000;0.0;0;1.0000;0;0
600;2016-03-26 13:00:00;172602N232;4051;16.883;40;227;227;230;225;5.950;50.00;399.6;5.169;399.4;5.125;0.0;0.000;60;0;0;5.886;6.070;5.894;1331;1396;1322;50.00;50.00;50.00;4778;1000;0.0;0;1.0000;0;0
600;2016-03-26 13:10:00;172602N232;4073;17.561;40;227;227;231;223;5.988;50.01;398.9;5.205;399.2;5.159;0.0;0.000;60;0;0;5.945;6.141;5.879;1346;1417;1309;50.01;50.01;50.01;4778;1000;0.0;0;1.0000;0;0
600;2016-03-26 13:20:00;172602N232;4022;18.232;40;227;227;230;224;5.910;50.01;400.5;5.116;400.5;5.074;0.0;0.000;60;0;0;5.869;6.034;5.828;1329;1389;1301;50.01;50.01;50.01;4778;1000;0.0;0;1.0000;0;0
600;2016-03-26 13:30:00;172602N232;3922;18.887;40;226;226;229;223;5.791;50.00;402.4;4.960;402.9;4.917;0.0;0.000;60;0;0;5.755;5.896;5.724;1297;1347;1276;50.00;50.00;50.00;4778;1000;0.0;0;1.0000;0;0
600;2016-03-26 13:40:00;172602N232;3913;19.540;40;226;226;230;222;5.777;49.99;401.5;4.961;402.3;4.917;0.0;0.000;60;0;0;5.724;5.934;5.673;1290;1364;1258;49.99;49.99;49.99;4778;1000;0.0;0;1.0000;0;0
600;2016-03-26 13:50:00;172602N232;3764;20.167;40;226;225;230;224;5.555;50.01;403.3;4.748;403.5;4.708;0.0;0.000;60;0;0;5.466;5.691;5.508;1225;1307;1229;50.01;50.01;50.01;4778;1000;0.0;0;1.0000;0;0
600;2016-03-26 14:00:00;172602N232;3526;20.754;40;226;225;230;224;5.203;50.00;405.4;4.426;405.7;4.383;0.0;0.000;60;0;0;5.112;5.331;5.168;1145;1224;1154;50.00;50.00;50.00;4778;1000;0.0;0;1.0000;0;0
600;2016-03-26 14:10:00;172602N232;3464;21.331;41;226;223;230;224;5.122;50.00;408.0;4.318;407.9;4.281;0.0;0.000;60;0;0;5.006;5.250;5.111;1116;1203;1143;50.00;50.00;50.00;4778;1000;0.0;0;1.0000;0;0
600;2016-03-26 14:20:00;172602N232;3409;21.900;41;226;224;230;224;5.039;49.99;406.6;4.260;407.1;4.223;0.0;0.000;60;0;0;4.957;5.152;5.009;1109;1180;1118;49.99;49.99;49.99;4778;1000;0.0;0;1.0000;0;0
600;2016-03-26 14:30:00;172602N232;2847;22.375;40;226;225;231;223;4.211;49.98;411.3;3.511;412.1;3.475;0.0;0.000;60;0;0;4.139;4.334;4.161;926;995;923;49.98;49.98;49.98;4778;1000;0.0;0;1.0000;0;0
600;2016-03-26 14:40:00;172602N232;3395;22.941;40;227;225;231;224;5.002;50.00;411.2;4.193;412.3;4.153;0.0;0.000;60;0;0;4.914;5.135;4.958;1102;1184;1107;50.00;50.00;50.00;4778;1000;0.0;0;1.0000;0;0
600;2016-03-26 14:50:00;172602N232;2592;23.374;40;226;224;229;225;3.841;50.00;411.2;3.191;411.8;3.167;0.0;0.000;60;0;0;3.760;3.924;3.841;838;894;858;50.00;50.00;50.00;4778;1000;0.0;0;1.0000;0;0
600;2016-03-26 15:00:00;172602N232;2310;23.760;40;226;224;228;224;3.434;50.00;420.6;2.767;416.3;2.794;0.0;0.000;60;0;0;3.356;3.507;3.439;747;795;766;50.00;50.00;50.00;4778;1000;0.0;0;1.0000;0;0
600;2016-03-26 15:10:00;172602N232;1892;24.074;39;226;224;229;224;2.812;50.00;424.9;2.232;417.8;2.285;0.0;0.000;60;0;0;2.731;2.891;2.816;607;657;627;50.00;50.00;50.00;4778;1000;0.0;0;1.0000;0;0
600;2016-03-26 15:20:00;172602N232;1578;24.338;39;225;224;227;224;2.360;50.01;434.5;1.797;421.9;1.898;0.0;0.000;60;0;0;2.303;2.412;2.367;509;543;524;50.01;50.01;50.01;4778;1000;0.0;0;1.0000;0;0
600;2016-03-26 15:30:00;172602N232;1426;24.576;39;224;225;223;225;2.167;50.01;438.1;1.600;423.3;1.717;0.0;0.000;60;0;0;2.147;2.177;2.177;467;478;479;50.01;50.01;50.01;4778;1000;0.0;0;1.0000;0;0
600;2016-03-26 15:40:00;172602N232;1314;24.794;38;224;225;224;224;2.025;49.99;434.8;1.487;424.5;1.573;0.0;0.000;60;0;0;2.005;2.028;2.042;428;443;442;50.00;49.99;49.99;4778;1000;0.0;0;1.0000;0;0
600;2016-03-26 15:50:00;172602N232;1078;24.975;38;225;224;227;224;1.669;49.99;417.1;1.274;423.2;1.286;0.0;0.000;60;0;0;1.626;1.703;1.678;344;372;361;49.99;49.99;49.99;4778;1000;0.0;0;1.0000;0;0
600;2016-03-26 16:00:00;172602N232;970;25.137;38;225;224;226;224;1.481;49.99;418.9;1.156;430.1;1.118;0.0;0.000;60;0;0;1.432;1.520;1.491;310;334;324;49.99;49.99;49.99;4778;1000;0.0;0;1.0000;0;0
600;2016-03-26 16:10:00;172602N232;803;25.270;37;224;224;225;224;1.230;49.99;418.4;0.942;423.6;0.949;0.0;0.000;60;0;0;1.179;1.268;1.244;254;277;270;49.99;49.99;49.99;4778;1000;0.0;0;1.0000;0;0
600;2016-03-26 16:20:00;172602N232;632;25.376;37;225;225;225;224;1.017;49.99;415.4;0.741;421.2;0.748;0.0;0.000;60;0;0;0.996;1.044;1.011;197;219;213;49.99;49.99;49.99;4778;1000;0.0;0;1.0000;0;0
600;2016-03-26 16:30:00;172602N232;510;25.460;37;224;226;223;224;1.011;50.01;413.9;0.596;422.4;0.600;0.0;0.000;60;0;0;1.078;1.033;0.924;162;183;164;50.01;50.01;50.01;4778;1000;0.0;0;1.0000;0;0
600;2016-03-26 16:40:00;172602N232;531;25.549;36;224;226;223;223;0.949;49.99;420.3;0.601;432.0;0.620;0.0;0.000;60;0;0;1.018;0.967;0.863;167;189;174;49.99;49.99;49.99;4778;1000;0.0;0;1.0000;0;0
600;2016-03-26 16:50:00;172602N232;465;25.627;36;224;224;225;223;0.979;49.99;414.1;0.530;425.4;0.549;0.0;0.000;60;0;0;0.973;1.015;0.949;146;167;150;49.99;49.99;49.99;4778;1000;0.0;0;1.0000;0;0
600;2016-03-26 17:00:00;172602N232;383;25.691;36;224;223;226;223;1.221;49.99;410.9;0.438;418.8;0.456;0.0;0.000;60;0;0;1.194;1.349;1.120;112;123;146;49.99;49.99;49.99;4778;1000;0.0;0;1.0000;0;0
600;2016-03-26 17:10:00;172602N232;285;25.739;35;224;224;226;223;1.117;49.98;405.7;0.327;414.9;0.333;0.0;0.000;60;0;0;1.147;1.264;0.942;81;101;101;49.98;49.98;49.98;4778;1000;0.0;0;1.0000;0;0
600;2016-03-26 17:20:00;172602N232;189;25.771;35;224;224;226;223;1.034;50.00;396.0;0.216;408.9;0.215;0.0;0.000;60;0;0;1.195;1.194;0.713;52;60;75;50.00;50.00;50.00;4778;1000;0.0;0;1.0000;0;0
600;2016-03-26 17:30:00;172602N232;124;25.791;34;224;224;225;222;0.986;50.04;386.0;0.140;400.6;0.139;0.0;0.000;60;0;0;1.370;0.864;0.724;8;56;64;50.04;50.04;50.04;4778;1000;0.0;0;1.0000;0;0
600;2016-03-26 17:40:00;172602N232;75;25.803;34;223;225;225;221;0.921;50.01;370.8;0.080;388.0;0.081;0.0;0.000;60;0;0;1.340;0.755;0.670;0;41;54;50.01;50.01;50.01;4778;1000;0.0;0;1.0000;0;0
600;2016-03-26 17:50:00;172602N232;34;25.809;33;223;224;224;222;0.605;49.98;332.6;0.028;346.7;0.032;0.0;0.000;60;0;0;0.797;0.562;0.457;0;21;29;49.98;49.98;49.98;4778;1000;0.0;0;1.0000;0;0
600;2016-03-26 18:00:00;172602N232;3;25.810;33;223;223;224;222;0.147;49.98;253.7;0.000;254.5;0.001;0.0;0.000;60;0;0;0.206;0.139;0.096;1;2;5;49.98;49.98;49.98;4778;1000;0.0;0;1.0000;0;0
600;2016-03-26 18:10:00;172602N232;0;25.810;32;222;222;225;220;0.000;49.97;271.5;0.000;271.2;0.000;0.0;0.000;50;0;0;0.000;0.000;0.000;0;0;0;49.97;49.97;49.97;4778;1000;0.0;0;1.0000;0;0
600;2016-03-26 18:20:00;172602N232;0;25.810;30;222;221;225;220;0.000;49.96;228.9;0.000;229.9;0.000;0.0;0.000;50;0;0;0.000;0.000;0.000;0;0;0;49.96;49.96;49.96;4778;1000;0.0;0;1.0000;0;0
600;2016-03-26 18:30:00;172602N232;0;25.810;30;222;222;225;221;0.000;50.02;229.0;0.000;230.0;0.000;0.0;0.000;50;0;0;0.000;0.000;0.000;0;0;0;50.02;50.02;50.02;4778;1000;0.0;0;1.0000;0;0
[wr_ende]
