20150204;230001;172602N232;My Plant;+0100
[wr_def_start]
172602N232;Inverter Type;Inverter Group;72602N232      
[wr_def_end]
[wr]
INTERVAL;TIMESTAMP;SERIAL;P_AC;E_DAY;T_WR;U_AC;U_AC_1;U_AC_2;U_AC_3;I_AC;F_AC;U_DC_1;I_DC_1;U_DC_2;I_DC_2;U_DC_3;I_DC_3;S;E_WR;M_WR;I_AC_1;I_AC_2;I_AC_3;P_AC_1;P_AC_2;P_AC_3;F_AC_1;F_AC_2;F_AC_3;R_DC;PC;PCS;PCS_LL;COS_PHI;COS_PHI_LL;S_COS_PHI
600;2015-02-04 07:30:00;172602N232;0;0.000;0;1;1;1;1;0.000;0.42;1.9;0.000;1.9;0.000;0.0;0.000;50;0;0;0.000;0.000;0.000;0;0;0;0.42;0.42;0.42;37;1000;0.0;0;1.0000;0;0
600;2015-02-04 07:40:00;172602N232;0;0.000;12;225;227;225;221;0.000;50.02;226.5;0.000;227.4;0.000;0.0;0.000;50;0;0;0.000;0.000;0.000;0;0;0;50.02;50.02;50.02;0;1000;0.0;0;1.0000;0;0
600;2015-02-04 07:50:00;172602N232;0;0.000;14;224;228;225;220;0.000;49.99;227.1;0.000;228.1;0.000;0.0;0.000;50;0;0;0.000;0.000;0.000;0;0;0;49.99;49.99;49.99;0;1000;0.0;0;1.0000;0;0
600;2015-02-04 08:00:00;172602N232;0;0.000;15;225;227;226;222;0.000;50.00;230.9;0.000;231.9;0.000;0.0;0.000;50;0;0;0.000;0.000;0.000;0;0;0;50.00;50.00;50.00;0;1000;0.0;0;1.0000;0;0
600;2015-02-04 08:10:00;172602N232;0;0.000;15;224;226;225;221;0.000;50.00;230.3;0.000;231.2;0.000;0.0;0.000;50;0;0;0.000;0.000;0.000;0;0;0;50.00;50.00;50.00;0;1000;0.0;0;1.0000;0;0
600;2015-02-04 08:20:00;172602N232;0;0.000;16;225;227;226;221;0.000;49.99;252.7;0.000;253.4;0.000;0.0;0.000;50;0;0;0.000;0.000;0.000;0;0;0;49.99;49.99;49.99;0;1000;0.0;0;1.0000;0;0
600;2015-02-04 08:30:00;172602N232;0;0.000;16;225;227;226;223;0.001;50.00;284.5;0.000;284.2;0.000;0.0;0.000;60;0;0;0.002;0.001;0.002;0;0;0;50.00;50.00;50.00;2843;1000;0.0;0;1.0000;0;0
600;2015-02-04 08:40:00;172602N232;0;0.000;16;223;223;223;221;0.000;49.99;284.6;0.000;284.2;0.000;0.0;0.000;51;0;0;0.001;0.000;0.000;0;0;0;49.99;49.99;49.99;7240;1000;0.0;0;1.0000;0;0
600;2015-02-04 08:50:00;172602N232;0;0.000;16;222;221;222;222;0.069;50.00;263.5;0.000;265.9;0.000;0.0;0.000;60;0;0;0.081;0.063;0.063;0;1;1;50.00;50.00;50.00;7074;1000;0.0;0;1.0000;0;0
600;2015-02-04 09:00:00;172602N232;4;0.001;17;222;221;221;223;0.167;50.00;253.2;0.000;287.2;0.000;0.0;0.000;60;0;0;0.166;0.168;0.168;1;8;0;50.00;50.00;50.00;7073;1000;0.0;0;1.0000;0;0
600;2015-02-04 09:10:00;172602N232;18;0.003;17;222;221;222;222;0.341;50.00;335.1;0.003;353.9;0.010;0.0;0.000;60;0;0;0.311;0.387;0.327;4;12;4;50.00;50.00;50.00;7073;1000;0.0;0;1.0000;0;0
600;2015-02-04 09:20:00;172602N232;30;0.008;17;221;220;222;221;0.463;50.01;386.9;0.013;392.4;0.021;0.0;0.000;60;0;0;0.412;0.544;0.434;11;9;13;50.01;50.01;50.01;7073;1000;0.0;0;1.0000;0;0
600;2015-02-04 09:30:00;172602N232;38;0.014;18;221;220;222;222;0.496;50.02;405.9;0.021;402.2;0.027;0.0;0.000;60;0;0;0.442;0.580;0.467;16;9;13;50.02;50.02;50.02;7073;1000;0.0;0;1.0000;0;0
600;2015-02-04 09:40:00;172602N232;47;0.022;18;221;221;221;221;0.559;50.00;410.6;0.031;415.4;0.039;0.0;0.000;60;0;0;0.606;0.601;0.470;7;20;19;50.00;50.00;50.00;7073;1000;0.0;0;1.0000;0;0
600;2015-02-04 09:50:00;172602N232;47;0.030;18;221;221;222;221;0.605;50.01;407.5;0.032;415.6;0.039;0.0;0.000;60;0;0;0.601;0.752;0.463;12;8;26;50.01;50.01;50.01;7073;1000;0.0;0;1.0000;0;0
600;2015-02-04 10:00:00;172602N232;47;0.039;18;221;221;224;219;0.655;50.01;408.5;0.033;412.3;0.041;0.0;0.000;60;0;0;0.559;0.949;0.459;21;0;35;50.01;50.01;50.01;7073;1000;0.0;0;1.0000;0;0
600;2015-02-04 10:10:00;172602N232;53;0.048;19;220;220;223;219;0.709;50.01;415.0;0.040;414.1;0.048;0.0;0.000;60;0;0;0.645;0.983;0.501;21;0;38;50.01;50.01;50.01;7073;1000;0.0;0;1.0000;0;0
600;2015-02-04 10:20:00;172602N232;57;0.057;19;220;219;223;219;0.752;50.03;413.3;0.045;415.1;0.053;0.0;0.000;60;0;0;0.641;1.047;0.570;20;1;41;50.03;50.03;50.03;7073;1000;0.0;0;1.0000;0;0
600;2015-02-04 10:30:00;172602N232;61;0.069;19;221;220;223;220;0.742;50.02;417.2;0.050;416.6;0.058;0.0;0.000;60;0;0;0.657;0.972;0.598;20;5;37;50.02;50.02;50.02;7073;1000;0.0;0;1.0000;0;0
600;2015-02-04 10:40:00;172602N232;62;0.079;20;221;220;223;220;0.753;49.98;416.3;0.052;416.4;0.060;0.0;0.000;60;0;0;0.631;1.060;0.569;23;1;41;49.98;49.98;49.98;7073;1000;0.0;0;1.0000;0;0
600;2015-02-04 10:50:00;172602N232;67;0.090;20;221;221;222;220;0.879;50.00;418.5;0.058;418.3;0.066;0.0;0.000;60;0;0;0.919;1.030;0.690;8;12;48;50.00;50.00;50.00;7073;1000;0.0;0;1.0000;0;0
600;2015-02-04 11:00:00;172602N232;72;0.103;20;221;220;223;220;0.800;50.00;419.0;0.064;421.4;0.071;0.0;0.000;60;0;0;0.642;1.155;0.605;28;0;47;50.00;50.00;50.00;7073;1000;0.0;0;1.0000;0;0
600;2015-02-04 11:10:00;172602N232;85;0.117;20;220;219;222;220;0.903;49.99;424.9;0.079;424.5;0.086;0.0;0.000;60;0;0;0.792;1.194;0.724;27;8;51;49.99;49.99;49.99;7073;1000;0.0;0;1.0000;0;0
600;2015-02-04 11:20:00;172602N232;94;0.132;21;220;220;222;219;0.893;50.00;425.7;0.088;425.6;0.095;0.0;0.000;60;0;0;0.774;1.211;0.695;29;8;55;50.00;50.00;50.00;7073;1000;0.0;0;1.0000;0;0
600;2015-02-04 11:30:00;172602N232;105;0.150;21;221;220;223;220;0.896;50.00;429.5;0.100;428.9;0.107;0.0;0.000;60;0;0;0.763;1.232;0.693;34;11;58;50.00;50.00;50.00;7073;1000;0.0;0;1.0000;0;0
600;2015-02-04 11:40:00;172602N232;114;0.169;21;222;221;223;222;0.924;49.98;432.2;0.111;430.7;0.119;0.0;0.000;60;0;0;0.799;1.230;0.745;36;17;60;49.98;49.98;49.98;7073;1000;0.0;0;1.0000;0;0
600;2015-02-04 11:50:00;172602N232;123;0.190;21;222;221;223;223;0.914;50.01;433.3;0.121;432.7;0.129;0.0;0.000;60;0;0;0.798;1.156;0.788;41;23;57;50.01;50.01;50.01;7073;1000;0.0;0;1.0000;0;0
600;2015-02-04 12:00:00;172602N232;123;0.211;21;222;221;223;222;0.940;50.02;431.8;0.122;431.5;0.130;0.0;0.000;60;0;0;0.853;1.188;0.780;38;22;61;50.02;50.02;50.02;7073;1000;0.0;0;1.0000;0;0
600;2015-02-04 12:10:00;172602N232;107;0.229;21;222;221;223;222;0.912;49.99;427.1;0.103;426.5;0.112;0.0;0.000;60;0;0;0.813;1.124;0.800;36;20;50;49.99;49.99;49.99;7073;1000;0.0;0;1.0000;0;0
600;2015-02-04 12:20:00;172602N232;111;0.248;22;222;221;222;222;0.891;50.01;428.6;0.108;427.9;0.116;0.0;0.000;60;0;0;0.876;0.975;0.824;28;34;47;50.01;50.01;50.01;7073;1000;0.0;0;1.0000;0;0
600;2015-02-04 12:30:00;172602N232;80;0.260;22;222;222;222;222;0.871;50.01;417.6;0.074;418.5;0.081;0.0;0.000;60;0;0;0.896;0.902;0.816;15;29;34;50.01;50.01;50.01;7073;1000;0.0;0;1.0000;0;0
600;2015-02-04 12:40:00;172602N232;65;0.272;22;222;222;222;222;0.874;49.98;413.7;0.058;412.9;0.065;0.0;0.000;60;0;0;1.051;0.842;0.729;3;28;37;49.98;49.98;49.98;7073;1000;0.0;0;1.0000;0;0
600;2015-02-04 12:50:00;172602N232;63;0.282;22;221;222;222;220;0.775;50.00;410.7;0.054;410.1;0.062;0.0;0.000;60;0;0;0.914;0.823;0.588;3;22;40;50.00;50.00;50.00;7073;1000;0.0;0;1.0000;0;0
600;2015-02-04 13:00:00;172602N232;61;0.293;22;222;222;223;220;0.748;50.01;409.7;0.051;409.4;0.059;0.0;0.000;60;0;0;0.755;0.924;0.567;13;9;41;50.01;50.01;50.01;7073;1000;0.0;0;1.0000;0;0
600;2015-02-04 13:10:00;172602N232;45;0.301;22;221;221;222;221;0.674;50.00;397.1;0.033;399.8;0.040;0.0;0.000;60;0;0;0.718;0.810;0.495;6;7;32;50.00;50.00;50.00;7073;1000;0.0;0;1.0000;0;0
600;2015-02-04 13:20:00;172602N232;52;0.309;22;222;221;224;221;0.660;50.00;402.7;0.041;405.1;0.048;0.0;0.000;60;0;0;0.598;0.906;0.476;16;2;36;50.00;50.00;50.00;7073;1000;0.0;0;1.0000;0;0
600;2015-02-04 13:30:00;172602N232;70;0.322;22;222;220;224;221;0.901;50.03;413.6;0.063;415.6;0.070;0.0;0.000;60;0;0;0.735;1.299;0.669;32;0;50;50.03;50.03;50.03;7073;1000;0.0;0;1.0000;0;0
600;2015-02-04 13:40:00;172602N232;82;0.336;22;222;221;225;221;0.850;49.99;418.0;0.077;417.9;0.084;0.0;0.000;60;0;0;0.665;1.254;0.631;34;0;53;49.99;49.99;49.99;7073;1000;0.0;0;1.0000;0;0
600;2015-02-04 13:50:00;172602N232;90;0.352;22;222;221;224;220;0.929;49.98;420.2;0.085;420.1;0.093;0.0;0.000;60;0;0;0.753;1.345;0.689;35;1;59;49.98;49.98;49.98;7073;1000;0.0;0;1.0000;0;0
600;2015-02-04 14:00:00;172602N232;52;0.360;22;222;221;223;221;0.674;49.99;402.1;0.041;403.8;0.048;0.0;0.000;60;0;0;0.634;0.895;0.493;20;1;34;49.99;49.99;49.99;7073;1000;0.0;0;1.0000;0;0
600;2015-02-04 14:10:00;172602N232;49;0.368;22;223;222;224;222;0.677;49.98;399.3;0.037;401.4;0.045;0.0;0.000;60;0;0;0.621;0.919;0.491;19;0;34;49.98;49.98;49.98;7073;1000;0.0;0;1.0000;0;0
600;2015-02-04 14:20:00;172602N232;52;0.378;22;222;221;223;222;0.761;50.00;403.8;0.042;404.3;0.049;0.0;0.000;60;0;0;0.641;1.041;0.601;24;3;33;50.00;50.00;50.00;7073;1000;0.0;0;1.0000;0;0
600;2015-02-04 14:30:00;172602N232;48;0.386;22;223;221;224;223;0.625;50.01;398.4;0.037;398.9;0.045;0.0;0.000;60;0;0;0.525;0.858;0.493;24;4;26;50.01;50.01;50.01;7073;1000;0.0;0;1.0000;0;0
600;2015-02-04 14:40:00;172602N232;22;0.389;22;223;222;225;222;0.457;50.00;343.8;0.009;356.8;0.016;0.0;0.000;60;0;0;0.446;0.604;0.322;12;1;21;50.00;50.00;50.00;7073;1000;0.0;0;1.0000;0;0
600;2015-02-04 14:50:00;172602N232;2;0.390;22;223;223;224;222;0.174;50.00;254.2;0.000;265.6;0.000;0.0;0.000;60;0;0;0.190;0.208;0.124;1;1;6;50.00;50.00;50.00;7073;1000;0.0;0;1.0000;0;0
600;2015-02-04 15:00:00;172602N232;5;0.392;22;224;223;225;223;0.199;49.99;256.4;0.000;287.7;0.001;0.0;0.000;60;0;0;0.203;0.258;0.137;3;0;7;49.99;49.99;49.99;7073;1000;0.0;0;1.0000;0;0
600;2015-02-04 15:10:00;172602N232;10;0.394;22;222;222;223;222;0.266;49.99;276.1;0.001;314.0;0.005;0.0;0.000;60;0;0;0.273;0.329;0.198;4;3;11;49.99;49.99;49.99;7073;1000;0.0;0;1.0000;0;0
600;2015-02-04 15:20:00;172602N232;20;0.397;22;222;221;223;221;0.396;49.98;346.2;0.006;342.3;0.014;0.0;0.000;60;0;0;0.424;0.449;0.317;4;7;18;49.98;49.98;49.98;7073;1000;0.0;0;1.0000;0;0
600;2015-02-04 15:30:00;172602N232;16;0.401;22;222;221;223;222;0.363;50.00;312.3;0.003;344.8;0.011;0.0;0.000;60;0;0;0.343;0.485;0.262;8;1;15;50.00;50.00;50.00;7073;1000;0.0;0;1.0000;0;0
600;2015-02-04 15:40:00;172602N232;3;0.401;22;222;221;222;221;0.152;50.01;254.7;0.000;275.3;0.000;0.0;0.000;60;0;0;0.164;0.209;0.084;0;5;3;50.01;50.01;50.01;7073;1000;0.0;0;1.0000;0;0
600;2015-02-04 15:50:00;172602N232;0;0.401;21;222;222;223;221;0.033;50.00;273.0;0.000;273.2;0.000;0.0;0.000;60;0;0;0.046;0.037;0.018;0;0;0;50.00;50.00;50.00;6927;1000;0.0;0;1.0000;0;0
600;2015-02-04 16:00:00;172602N232;0;0.401;21;222;222;224;219;0.000;49.98;321.9;0.000;320.3;0.000;0.0;0.000;51;0;0;0.000;0.000;0.000;0;0;0;49.98;49.98;49.98;8877;1000;0.0;0;1.0000;0;0
600;2015-02-04 16:10:00;172602N232;0;0.401;20;221;222;223;219;0.000;49.97;240.2;0.000;241.2;0.000;0.0;0.000;51;0;0;0.000;0.000;0.000;0;0;0;49.97;49.97;49.97;10034;1000;0.0;0;1.0000;0;0
600;2015-02-04 16:20:00;172602N232;0;0.401;20;221;222;224;217;0.000;49.97;230.4;0.000;231.3;0.000;0.0;0.000;51;0;0;0.000;0.000;0.000;0;0;0;49.97;49.97;49.97;10034;1000;0.0;0;1.0000;0;0
600;2015-02-04 16:30:00;172602N232;0;0.401;20;220;220;223;217;0.000;49.97;231.5;0.000;232.4;0.000;0.0;0.000;51;0;0;0.000;0.000;0.000;0;0;0;49.97;49.97;49.97;10034;1000;0.0;0;1.0000;0;0
600;2015-02-04 16:40:00;172602N232;0;0.401;20;220;221;223;215;0.000;50.01;227.8;0.000;228.7;0.000;0.0;0.000;51;0;0;0.000;0.000;0.000;0;0;0;50.01;50.01;50.01;10034;1000;0.0;0;1.0000;0;0
[wr_ende]
