20170803;230002;172602N232;My Plant;+0100
[wr_def_start]
172602N232;Inverter Type;Inverter Group;72602N232      
[wr_def_end]
[wr]
INTERVAL;TIMESTAMP;SERIAL;P_AC;E_DAY;T_WR;U_AC;U_AC_1;U_AC_2;U_AC_3;I_AC;F_AC;U_DC_1;I_DC_1;U_DC_2;I_DC_2;U_DC_3;I_DC_3;S;E_WR;M_WR;I_AC_1;I_AC_2;I_AC_3;P_AC_1;P_AC_2;P_AC_3;F_AC_1;F_AC_2;F_AC_3;R_DC;PC;PCS;PCS_LL;COS_PHI;COS_PHI_LL;S_COS_PHI
600;2017-08-03 04:20:00;172602N232;0;0.000;0;4;4;4;4;0.000;0.99;4.4;0.000;4.4;0.000;0.0;0.000;50;0;0;0.000;0.000;0.000;0;0;0;0.99;0.99;0.99;64;1000;0.0;0;1.0000;0;0
600;2017-08-03 04:30:00;172602N232;0;0.000;27;224;224;227;221;0.000;50.00;228.7;0.000;229.6;0.000;0.0;0.000;50;0;0;0.000;0.000;0.000;0;0;0;50.00;50.00;50.00;0;1000;0.0;0;1.0000;0;0
600;2017-08-03 04:40:00;172602N232;0;0.000;29;224;224;227;221;0.000;50.01;249.0;0.000;249.7;0.000;0.0;0.000;50;0;0;0.000;0.000;0.000;0;0;0;50.01;50.01;50.01;0;1000;0.0;0;1.0000;0;0
600;2017-08-03 04:50:00;172602N232;2;0.001;30;224;224;225;222;0.126;50.00;268.6;0.000;268.8;0.000;0.0;0.000;60;0;0;0.113;0.159;0.106;0;0;5;50.00;50.00;50.00;4501;1000;0.0;0;1.0000;0;0
600;2017-08-03 05:00:00;172602N232;27;0.006;31;224;224;225;223;0.444;50.00;319.5;0.022;307.0;0.023;0.0;0.000;60;0;0;0.480;0.571;0.283;13;0;19;50.00;50.00;50.00;5101;1000;0.0;0;1.0000;0;0
600;2017-08-03 05:10:00;172602N232;36;0.011;31;223;223;224;222;0.613;50.01;330.8;0.036;326.1;0.035;0.0;0.000;60;0;0;0.626;0.759;0.454;7;5;30;50.01;50.01;50.01;5101;1000;0.0;0;1.0000;0;0
600;2017-08-03 05:20:00;172602N232;0;0.011;32;224;225;226;222;0.003;50.02;250.0;0.000;250.0;0.000;0.0;0.000;50;0;0;0.000;0.010;0.000;0;0;0;50.02;50.02;50.02;5101;1000;0.0;0;1.0000;0;0
600;2017-08-03 05:30:00;172602N232;0;0.011;32;225;225;229;221;0.000;50.01;307.3;0.000;305.0;0.000;0.0;0.000;51;0;0;0.001;0.000;0.000;0;0;0;50.01;50.01;50.01;5989;1000;0.0;0;1.0000;0;0
600;2017-08-03 05:40:00;172602N232;0;0.011;32;224;224;228;220;0.000;49.99;302.1;0.000;300.1;0.000;0.0;0.000;51;0;0;0.000;0.000;0.000;0;0;0;49.99;49.99;49.99;6409;1000;0.0;0;1.0000;0;0
600;2017-08-03 05:50:00;172602N232;0;0.011;32;223;223;227;220;0.000;49.98;249.6;0.000;250.5;0.000;0.0;0.000;51;0;0;0.000;0.000;0.000;0;0;0;49.98;49.98;49.98;6409;1000;0.0;0;1.0000;0;0
600;2017-08-03 06:00:00;172602N232;0;0.011;32;223;224;226;220;0.000;49.98;275.7;0.000;275.0;0.000;0.0;0.000;51;0;0;0.000;0.000;0.000;0;0;0;49.98;49.98;49.98;6409;1000;0.0;0;1.0000;0;0
600;2017-08-03 06:10:00;172602N232;2;0.011;32;223;223;223;223;0.102;50.01;255.9;0.000;256.4;0.000;0.0;0.000;60;0;0;0.141;0.107;0.060;1;3;2;50.01;50.01;50.01;6409;1000;0.0;0;1.0000;0;0
600;2017-08-03 06:20:00;172602N232;7;0.014;33;222;222;223;221;0.244;50.03;262.9;0.003;262.3;0.004;0.0;0.000;60;0;0;0.238;0.321;0.174;5;0;10;50.03;50.03;50.03;6409;1000;0.0;0;1.0000;0;0
600;2017-08-03 06:30:00;172602N232;8;0.016;33;223;223;224;222;0.217;49.99;264.8;0.004;266.6;0.004;0.0;0.000;60;0;0;0.210;0.280;0.161;2;2;9;49.99;49.99;49.99;6409;1000;0.0;0;1.0000;0;0
600;2017-08-03 06:40:00;172602N232;68;0.025;33;225;225;226;224;0.742;49.99;362.5;0.075;368.7;0.070;0.0;0.000;60;0;0;0.708;0.960;0.559;16;11;41;49.99;49.99;49.99;6409;1000;0.0;0;1.0000;0;0
600;2017-08-03 06:50:00;172602N232;79;0.038;33;225;226;226;224;0.899;50.00;369.7;0.093;372.7;0.085;0.0;0.000;60;0;0;0.988;1.034;0.676;7;20;52;50.00;50.00;50.00;6409;1000;0.0;0;1.0000;0;0
600;2017-08-03 07:00:00;172602N232;123;0.059;33;226;226;227;226;0.938;49.98;380.7;0.147;386.1;0.135;0.0;0.000;60;0;0;0.968;1.137;0.711;24;39;58;49.98;49.98;49.98;6409;1000;0.0;0;1.0000;0;0
600;2017-08-03 07:10:00;172602N232;114;0.078;34;226;226;227;226;0.891;49.99;380.1;0.136;382.4;0.126;0.0;0.000;60;0;0;0.951;0.982;0.741;15;36;61;49.99;49.99;49.99;6409;1000;0.0;0;1.0000;0;0
600;2017-08-03 07:20:00;172602N232;116;0.098;34;226;227;227;225;0.915;50.02;380.4;0.138;384.6;0.129;0.0;0.000;60;0;0;1.095;0.910;0.740;5;44;67;50.02;50.02;50.02;6409;1000;0.0;0;1.0000;0;0
600;2017-08-03 07:30:00;172602N232;163;0.126;34;224;224;225;222;0.951;50.00;389.6;0.199;389.4;0.183;0.0;0.000;60;0;0;0.997;1.116;0.742;19;64;78;50.00;50.00;50.00;6409;1000;0.0;0;1.0000;0;0
600;2017-08-03 07:40:00;172602N232;248;0.167;34;224;223;225;222;1.085;50.00;400.0;0.304;398.8;0.283;0.0;0.000;60;0;0;1.143;1.266;0.848;66;89;91;50.00;50.00;50.00;6409;1000;0.0;0;1.0000;0;0
600;2017-08-03 07:50:00;172602N232;464;0.244;35;224;223;226;223;0.951;50.01;415.9;0.565;411.0;0.531;0.0;0.000;60;0;0;0.916;1.009;0.928;144;162;155;50.01;50.01;50.01;6409;1000;0.0;0;1.0000;0;0
600;2017-08-03 08:00:00;172602N232;335;0.301;35;224;224;225;224;1.009;49.99;407.1;0.415;402.5;0.383;0.0;0.000;60;0;0;1.054;1.056;0.917;97;125;111;49.99;49.99;49.99;6409;1000;0.0;0;1.0000;0;0
600;2017-08-03 08:10:00;172602N232;262;0.343;35;224;224;225;223;1.119;50.00;401.0;0.323;398.8;0.298;0.0;0.000;60;0;0;1.214;1.211;0.934;62;104;94;50.00;50.00;50.00;6409;1000;0.0;0;1.0000;0;0
600;2017-08-03 08:20:00;172602N232;232;0.382;36;225;225;225;224;1.095;50.03;397.4;0.284;394.9;0.264;0.0;0.000;60;0;0;1.241;1.153;0.893;53;95;82;50.03;50.03;50.03;6409;1000;0.0;0;1.0000;0;0
600;2017-08-03 08:30:00;172602N232;456;0.458;36;224;224;226;223;0.852;49.99;412.8;0.561;406.1;0.527;0.0;0.000;60;0;0;0.809;0.904;0.844;137;162;155;49.99;49.99;49.99;6409;1000;0.0;0;1.0000;0;0
600;2017-08-03 08:40:00;172602N232;305;0.510;36;223;223;224;223;1.145;50.00;405.0;0.374;398.6;0.352;0.0;0.000;60;0;0;1.146;1.254;1.036;92;107;104;50.00;50.00;50.00;6409;1000;0.0;0;1.0000;0;0
600;2017-08-03 08:50:00;172602N232;254;0.552;36;223;223;225;221;1.087;50.00;400.9;0.310;400.0;0.289;0.0;0.000;60;0;0;1.171;1.251;0.841;75;87;90;50.00;50.00;50.00;6409;1000;0.0;0;1.0000;0;0
600;2017-08-03 09:00:00;172602N232;614;0.655;36;225;226;227;223;1.127;50.00;416.8;0.752;412.3;0.704;0.0;0.000;60;0;0;1.125;1.157;1.099;196;213;202;50.00;50.00;50.00;6409;1000;0.0;0;1.0000;0;0
600;2017-08-03 09:10:00;172602N232;419;0.724;37;224;223;226;223;1.059;50.01;412.8;0.508;406.9;0.483;0.0;0.000;60;0;0;1.064;1.126;0.987;131;142;144;50.01;50.01;50.01;6409;1000;0.0;0;1.0000;0;0
600;2017-08-03 09:20:00;172602N232;558;0.818;37;224;222;226;223;0.880;50.00;418.0;0.681;410.9;0.640;0.0;0.000;60;0;0;0.816;0.927;0.897;170;197;189;50.00;50.00;50.00;6409;1000;0.0;0;1.0000;0;0
600;2017-08-03 09:30:00;172602N232;381;0.882;37;223;222;224;222;1.088;50.00;408.5;0.472;404.2;0.435;0.0;0.000;60;0;0;1.054;1.195;1.017;114;135;130;50.00;50.00;50.00;6409;1000;0.0;0;1.0000;0;0
600;2017-08-03 09:40:00;172602N232;351;0.940;37;223;222;224;222;1.143;50.00;408.7;0.430;402.6;0.405;0.0;0.000;60;0;0;1.145;1.236;1.049;108;117;124;50.00;50.00;50.00;6409;1000;0.0;0;1.0000;0;0
600;2017-08-03 09:50:00;172602N232;554;1.032;38;223;223;225;222;0.953;50.00;418.3;0.673;411.2;0.638;0.0;0.000;60;0;0;0.885;1.003;0.973;171;195;186;50.00;50.00;50.00;6409;1000;0.0;0;1.0000;0;0
600;2017-08-03 10:00:00;172602N232;429;1.104;38;225;224;227;224;1.178;50.00;412.7;0.524;407.1;0.493;0.0;0.000;60;0;0;1.137;1.302;1.096;131;148;148;50.00;50.00;50.00;6409;1000;0.0;0;1.0000;0;0
600;2017-08-03 10:10:00;172602N232;581;1.202;38;225;224;227;223;1.232;50.00;419.7;0.706;412.0;0.670;0.0;0.000;60;0;0;1.162;1.330;1.206;184;210;185;50.00;50.00;50.00;6409;1000;0.0;0;1.0000;0;0
600;2017-08-03 10:20:00;172602N232;529;1.290;38;224;224;225;222;0.837;50.01;416.3;0.652;410.6;0.606;0.0;0.000;60;0;0;0.783;0.881;0.849;162;186;178;50.01;50.01;50.01;6409;1000;0.0;0;1.0000;0;0
600;2017-08-03 10:30:00;172602N232;478;1.370;38;224;223;225;222;1.050;50.01;413.3;0.591;406.3;0.548;0.0;0.000;60;0;0;1.006;1.134;1.012;143;163;170;50.01;50.01;50.01;6409;1000;0.0;0;1.0000;0;0
600;2017-08-03 10:40:00;172602N232;374;1.433;38;224;223;226;224;1.166;50.00;409.2;0.460;403.8;0.430;0.0;0.000;60;0;0;1.146;1.284;1.068;117;125;130;50.00;50.00;50.00;6409;1000;0.0;0;1.0000;0;0
600;2017-08-03 10:50:00;172602N232;282;1.480;38;224;223;225;223;1.120;50.00;401.0;0.351;398.1;0.320;0.0;0.000;60;0;0;1.143;1.236;0.982;83;102;95;50.00;50.00;50.00;6409;1000;0.0;0;1.0000;0;0
600;2017-08-03 11:00:00;172602N232;436;1.552;38;224;224;225;223;1.017;50.00;408.9;0.548;405.7;0.496;0.0;0.000;60;0;0;1.016;1.049;0.988;133;155;146;50.00;50.00;50.00;6409;1000;0.0;0;1.0000;0;0
600;2017-08-03 11:10:00;172602N232;1151;1.744;38;226;226;228;223;1.749;50.00;425.2;1.411;419.2;1.307;0.0;0.000;60;0;0;1.700;1.801;1.748;370;400;379;50.00;50.00;50.00;6409;1000;0.0;0;1.0000;0;0
600;2017-08-03 11:20:00;172602N232;913;1.896;39;225;226;228;221;1.419;49.99;421.5;1.124;411.7;1.054;0.0;0.000;60;0;0;1.384;1.459;1.416;293;319;299;49.99;49.99;49.99;6409;1000;0.0;0;1.0000;0;0
600;2017-08-03 11:30:00;172602N232;743;2.020;39;223;228;228;213;1.351;50.01;419.4;0.904;409.9;0.867;0.0;0.000;60;0;0;1.511;1.285;1.259;259;252;230;50.01;50.01;50.01;6409;1000;0.0;0;1.0000;0;0
600;2017-08-03 11:40:00;172602N232;810;2.156;39;223;228;228;214;1.284;49.99;419.1;0.993;412.3;0.938;0.0;0.000;60;0;0;1.288;1.332;1.232;268;288;252;49.99;49.99;49.99;6409;1000;0.0;0;1.0000;0;0
600;2017-08-03 11:50:00;172602N232;729;2.277;39;222;226;228;213;1.270;49.99;417.5;0.901;408.7;0.842;0.0;0.000;60;0;0;1.291;1.326;1.193;241;263;224;49.99;49.99;49.99;6409;1000;0.0;0;1.0000;0;0
600;2017-08-03 12:00:00;172602N232;752;2.403;39;223;226;227;214;1.175;50.00;417.7;0.928;409.9;0.869;0.0;0.000;60;0;0;1.139;1.243;1.144;245;271;235;50.00;50.00;50.00;6409;1000;0.0;0;1.0000;0;0
600;2017-08-03 12:10:00;172602N232;559;2.496;40;222;226;226;214;1.037;50.01;413.1;0.689;407.2;0.647;0.0;0.000;60;0;0;1.051;1.078;0.983;176;203;177;50.01;50.01;50.01;6409;1000;0.0;0;1.0000;0;0
600;2017-08-03 12:20:00;172602N232;923;2.650;40;221;226;226;213;1.427;49.97;420.6;1.131;417.2;1.058;0.0;0.000;60;0;0;1.402;1.500;1.379;305;330;285;49.97;49.97;49.97;6409;1000;0.0;0;1.0000;0;0
600;2017-08-03 12:30:00;172602N232;1167;2.845;40;222;227;227;213;1.785;49.99;420.6;1.426;416.2;1.348;0.0;0.000;60;0;0;1.766;1.877;1.714;389;418;358;49.99;49.99;49.99;6409;1000;0.0;0;1.0000;0;0
600;2017-08-03 12:40:00;172602N232;1172;3.040;40;223;227;228;213;1.791;50.01;422.1;1.446;407.3;1.369;0.0;0.000;60;0;0;1.773;1.881;1.720;391;420;359;50.01;50.01;50.01;6409;1000;0.0;0;1.0000;0;0
600;2017-08-03 12:50:00;172602N232;795;3.173;40;222;226;227;214;1.235;49.99;415.6;0.985;410.3;0.925;0.0;0.000;60;0;0;1.201;1.309;1.197;259;286;248;49.99;49.99;49.99;6409;1000;0.0;0;1.0000;0;0
600;2017-08-03 13:00:00;172602N232;619;3.276;40;223;224;226;219;0.988;50.02;409.5;0.774;408.9;0.717;0.0;0.000;60;0;0;0.941;1.039;0.985;195;219;203;50.02;50.02;50.02;6409;1000;0.0;0;1.0000;0;0
600;2017-08-03 13:10:00;172602N232;920;3.429;40;223;223;225;221;1.420;50.01;413.3;1.162;410.4;1.060;0.0;0.000;60;0;0;1.371;1.464;1.427;293;320;305;50.01;50.01;50.01;6409;1000;0.0;0;1.0000;0;0
600;2017-08-03 13:20:00;172602N232;2045;3.771;41;225;224;228;223;3.051;49.99;413.9;2.563;413.3;2.399;0.0;0.000;60;0;0;2.988;3.140;3.027;662;713;668;49.99;49.99;49.99;6409;1000;0.0;0;1.0000;0;0
600;2017-08-03 13:30:00;172602N232;1434;4.010;41;224;224;226;222;2.158;50.01;407.6;1.820;410.5;1.680;0.0;0.000;60;0;0;2.107;2.214;2.154;464;496;472;50.01;50.01;50.01;6409;1000;0.0;0;1.0000;0;0
600;2017-08-03 13:40:00;172602N232;1254;4.219;41;224;224;226;222;1.902;50.01;408.3;1.597;408.3;1.469;0.0;0.000;60;0;0;1.856;1.948;1.904;405;432;414;50.01;50.01;50.01;6409;1000;0.0;0;1.0000;0;0
600;2017-08-03 13:50:00;172602N232;2071;4.564;41;225;225;227;223;3.088;50.00;410.9;2.578;413.6;2.468;0.0;0.000;60;0;0;3.042;3.156;3.067;677;715;678;50.00;50.00;50.00;6409;1000;0.0;0;1.0000;0;0
600;2017-08-03 14:00:00;172602N232;2406;4.966;42;225;225;228;223;3.582;50.01;407.3;3.010;409.3;2.943;0.0;0.000;60;0;0;3.534;3.653;3.559;790;825;789;50.01;50.01;50.01;6409;1000;0.0;0;1.0000;0;0
600;2017-08-03 14:10:00;172602N232;4393;5.700;42;227;227;231;224;6.439;50.01;392.4;5.734;393.4;5.682;0.0;0.000;60;0;0;6.390;6.587;6.341;1449;1523;1421;50.01;50.01;50.01;6409;1000;0.0;0;1.0000;0;0
600;2017-08-03 14:20:00;172602N232;4061;6.375;43;227;226;231;224;5.945;50.01;378.5;5.503;378.0;5.436;0.0;0.000;60;0;0;5.880;6.118;5.839;1330;1422;1306;50.01;50.01;50.01;6409;1000;0.0;0;1.0000;0;0
600;2017-08-03 14:30:00;172602N232;1394;6.608;43;224;224;227;222;2.112;49.99;382.3;1.890;384.5;1.773;0.0;0.000;60;0;0;2.057;2.179;2.102;449;487;457;49.99;49.99;49.99;6409;1000;0.0;0;1.0000;0;0
600;2017-08-03 14:40:00;172602N232;477;6.687;43;223;223;226;222;1.020;49.98;390.6;0.636;391.7;0.557;0.0;0.000;60;0;0;0.992;1.098;0.972;145;163;167;49.98;49.98;49.98;6409;1000;0.0;0;1.0000;0;0
600;2017-08-03 14:50:00;172602N232;1385;6.919;42;225;223;228;223;2.206;49.99;408.2;1.741;412.0;1.631;0.0;0.000;60;0;0;2.127;2.302;2.190;442;477;463;49.99;49.99;49.99;6409;1000;0.0;0;1.0000;0;0
600;2017-08-03 15:00:00;172602N232;651;7.028;42;224;222;226;223;1.031;49.99;394.9;0.883;403.9;0.727;0.0;0.000;60;0;0;0.973;1.080;1.042;202;229;218;49.99;49.99;49.99;6409;1000;0.0;0;1.0000;0;0
600;2017-08-03 15:10:00;172602N232;301;7.077;42;224;223;226;222;0.778;50.00;382.8;0.406;389.6;0.337;0.0;0.000;60;0;0;0.710;0.913;0.711;88;100;112;50.00;50.00;50.00;6409;1000;0.0;0;1.0000;0;0
600;2017-08-03 15:20:00;172602N232;187;7.109;42;224;223;226;222;1.045;50.00;382.0;0.230;388.1;0.219;0.0;0.000;60;0;0;1.058;1.338;0.740;51;54;80;50.00;50.00;50.00;6409;1000;0.0;0;1.0000;0;0
600;2017-08-03 15:30:00;172602N232;1299;7.326;42;225;225;227;222;2.045;49.99;409.8;1.581;419.4;1.534;0.0;0.000;60;0;0;2.001;2.118;2.016;420;449;427;49.99;49.99;49.99;6409;1000;0.0;0;1.0000;0;0
600;2017-08-03 15:40:00;172602N232;3293;7.874;42;227;226;230;223;4.840;49.99;404.3;4.115;410.9;4.087;0.0;0.000;60;0;0;4.771;4.985;4.765;1077;1150;1063;49.99;49.99;49.99;6409;1000;0.0;0;1.0000;0;0
600;2017-08-03 15:50:00;172602N232;4012;8.543;42;227;225;230;224;5.906;49.98;390.1;5.217;391.0;5.212;0.0;0.000;60;0;0;5.833;6.044;5.842;1313;1387;1307;49.98;49.98;49.98;6409;1000;0.0;0;1.0000;0;0
600;2017-08-03 16:00:00;172602N232;3751;9.168;43;227;225;230;225;5.526;50.00;394.9;4.750;385.6;5.011;0.0;0.000;60;0;0;5.437;5.634;5.508;1221;1291;1237;50.00;50.00;50.00;6409;1000;0.0;0;1.0000;0;0
600;2017-08-03 16:10:00;172602N232;3478;9.748;43;226;225;231;224;5.135;50.01;372.5;4.652;383.5;4.690;0.0;0.000;60;0;0;5.050;5.275;5.080;1132;1212;1133;50.01;50.01;50.01;6409;1000;0.0;0;1.0000;0;0
600;2017-08-03 16:20:00;172602N232;3219;10.284;43;225;226;231;220;4.778;49.98;376.2;4.271;387.5;4.283;0.0;0.000;60;0;0;4.707;4.973;4.654;1056;1141;1018;49.98;49.98;49.98;6409;1000;0.0;0;1.0000;0;0
600;2017-08-03 16:30:00;172602N232;2540;10.708;43;224;227;231;213;3.827;49.98;379.7;3.321;388.9;3.353;0.0;0.000;60;0;0;3.837;4.016;3.630;855;918;765;49.98;49.98;49.98;6409;1000;0.0;0;1.0000;0;0
600;2017-08-03 16:40:00;172602N232;2751;11.166;43;224;227;232;213;4.103;49.99;388.3;3.536;399.4;3.536;0.0;0.000;60;0;0;4.078;4.333;3.900;921;1002;825;49.99;49.99;49.99;6409;1000;0.0;0;1.0000;0;0
600;2017-08-03 16:50:00;172602N232;3056;11.677;43;224;228;232;214;4.555;49.99;382.4;3.996;393.3;3.991;0.0;0.000;60;0;0;4.534;4.798;4.334;1026;1110;919;49.99;49.99;49.99;6409;1000;0.0;0;1.0000;0;0
600;2017-08-03 17:00:00;172602N232;855;11.818;43;223;227;229;213;1.356;49.98;381.8;1.108;392.0;1.096;0.0;0.000;60;0;0;1.370;1.411;1.288;283;308;262;49.98;49.98;49.98;6409;1000;0.0;0;1.0000;0;0
600;2017-08-03 17:10:00;172602N232;1813;12.121;43;224;229;231;212;2.709;50.03;394.6;2.284;408.6;2.234;0.0;0.000;60;0;0;2.694;2.869;2.566;610;659;541;50.03;50.03;50.03;6409;1000;0.0;0;1.0000;0;0
600;2017-08-03 17:20:00;172602N232;2412;12.523;43;225;227;230;219;3.586;50.03;392.5;3.026;408.1;3.022;0.0;0.000;60;0;0;3.550;3.714;3.495;801;850;759;50.03;50.03;50.03;6409;1000;0.0;0;1.0000;0;0
600;2017-08-03 17:30:00;172602N232;1072;12.702;44;226;226;229;223;1.617;50.01;381.4;1.383;396.0;1.373;0.0;0.000;60;0;0;1.561;1.679;1.613;342;376;351;50.01;50.01;50.01;6409;1000;0.0;0;1.0000;0;0
600;2017-08-03 17:40:00;172602N232;372;12.763;43;225;226;227;223;1.132;49.99;386.9;0.487;396.5;0.434;0.0;0.000;60;0;0;1.217;1.166;1.013;114;127;129;49.99;49.99;49.99;6409;1000;0.0;0;1.0000;0;0
600;2017-08-03 17:50:00;172602N232;247;12.805;43;226;226;227;224;1.084;49.99;389.1;0.316;398.9;0.275;0.0;0.000;60;0;0;1.130;1.314;0.810;65;87;94;49.99;49.99;49.99;6409;1000;0.0;0;1.0000;0;0
600;2017-08-03 18:00:00;172602N232;996;12.970;43;227;227;229;224;1.683;49.99;400.5;1.197;408.9;1.240;0.0;0.000;60;0;0;1.667;1.776;1.608;323;346;325;49.99;49.99;49.99;6409;1000;0.0;0;1.0000;0;0
600;2017-08-03 18:10:00;172602N232;762;13.098;43;227;227;229;225;1.164;49.99;383.5;0.972;406.1;0.952;0.0;0.000;60;0;0;1.110;1.207;1.177;240;265;255;49.99;49.99;49.99;6409;1000;0.0;0;1.0000;0;0
600;2017-08-03 18:20:00;172602N232;539;13.188;42;227;225;230;226;0.990;50.01;393.5;0.676;408.9;0.646;0.0;0.000;60;0;0;0.909;1.079;0.984;165;194;178;50.01;50.01;50.01;6409;1000;0.0;0;1.0000;0;0
600;2017-08-03 18:30:00;172602N232;657;13.298;42;227;225;229;226;1.160;50.01;384.1;0.831;404.5;0.823;0.0;0.000;60;0;0;1.098;1.234;1.148;204;235;216;50.01;50.01;50.01;6409;1000;0.0;0;1.0000;0;0
600;2017-08-03 18:40:00;172602N232;998;13.465;42;227;225;231;226;1.499;50.00;374.8;1.285;402.7;1.288;0.0;0.000;60;0;0;1.418;1.565;1.514;310;353;333;50.00;50.00;50.00;6409;1000;0.0;0;1.0000;0;0
600;2017-08-03 18:50:00;172602N232;358;13.524;42;225;222;229;224;1.082;50.00;390.9;0.444;405.1;0.425;0.0;0.000;60;0;0;0.994;1.279;0.973;117;109;130;50.00;50.00;50.00;6409;1000;0.0;0;1.0000;0;0
600;2017-08-03 19:00:00;172602N232;242;13.565;42;223;220;226;222;1.081;50.00;376.2;0.300;399.8;0.287;0.0;0.000;60;0;0;0.981;1.382;0.880;89;56;95;50.00;50.00;50.00;6409;1000;0.0;0;1.0000;0;0
600;2017-08-03 19:10:00;172602N232;516;13.651;42;224;223;227;222;1.141;49.99;381.3;0.547;403.3;0.738;0.0;0.000;60;0;0;1.081;1.270;1.074;163;177;174;49.99;49.99;49.99;6409;1000;0.0;0;1.0000;0;0
600;2017-08-03 19:20:00;172602N232;757;13.777;42;225;224;227;223;1.177;49.99;349.0;0.997;414.1;0.987;0.0;0.000;60;0;0;1.123;1.223;1.185;238;265;252;49.99;49.99;49.99;6409;1000;0.0;0;1.0000;0;0
600;2017-08-03 19:30:00;172602N232;585;13.875;42;225;224;226;223;1.016;49.99;321.0;0.782;397.4;0.832;0.0;0.000;60;0;0;0.970;1.073;1.007;183;207;193;49.99;49.99;49.99;6409;1000;0.0;0;1.0000;0;0
600;2017-08-03 19:40:00;172602N232;480;13.955;42;225;224;225;224;1.014;49.99;404.8;0.572;408.1;0.582;0.0;0.000;60;0;0;1.037;1.026;0.981;151;169;158;49.99;49.99;49.99;6409;1000;0.0;0;1.0000;0;0
600;2017-08-03 19:50:00;172602N232;126;13.976;42;224;224;225;224;0.949;49.99;370.0;0.167;379.3;0.123;0.0;0.000;60;0;0;0.982;1.099;0.767;29;40;60;49.99;49.99;49.99;6409;1000;0.0;0;1.0000;0;0
600;2017-08-03 20:00:00;172602N232;16;13.979;41;225;225;225;223;0.360;49.98;284.8;0.012;269.4;0.012;0.0;0.000;60;0;0;0.450;0.349;0.281;2;11;17;49.98;49.98;49.98;6409;1000;0.0;0;1.0000;0;0
600;2017-08-03 20:10:00;172602N232;3;13.981;41;224;225;226;223;0.234;49.99;251.4;0.000;251.8;0.000;0.0;0.000;60;0;0;0.285;0.287;0.131;5;0;7;49.99;49.99;49.99;6409;1000;0.0;0;1.0000;0;0
600;2017-08-03 20:20:00;172602N232;0;13.980;40;223;223;226;221;0.001;50.00;276.9;0.000;275.7;0.000;0.0;0.000;50;0;0;0.001;0.002;0.001;0;0;0;50.00;50.00;50.00;6409;1000;0.0;0;1.0000;0;0
600;2017-08-03 20:30:00;172602N232;0;13.980;39;222;220;227;220;0.000;49.99;236.5;0.000;237.5;0.000;0.0;0.000;50;0;0;0.000;0.000;0.000;0;0;0;49.99;49.99;49.99;6409;1000;0.0;0;1.0000;0;0
600;2017-08-03 20:40:00;172602N232;0;13.980;38;221;220;225;219;0.000;50.00;228.4;0.000;229.3;0.000;0.0;0.000;50;0;0;0.000;0.000;0.000;0;0;0;50.00;50.00;50.00;6409;1000;0.0;0;1.0000;0;0
[wr_ende]
