20161212;230009;172602N232;My Plant;+0100
[wr_def_start]
172602N232;Inverter Type;Inverter Group;72602N232      
[wr_def_end]
[wr]
INTERVAL;TIMESTAMP;SERIAL;P_AC;E_DAY;T_WR;U_AC;U_AC_1;U_AC_2;U_AC_3;I_AC;F_AC;U_DC_1;I_DC_1;U_DC_2;I_DC_2;U_DC_3;I_DC_3;S;E_WR;M_WR;I_AC_1;I_AC_2;I_AC_3;P_AC_1;P_AC_2;P_AC_3;F_AC_1;F_AC_2;F_AC_3;R_DC;PC;PCS;PCS_LL;COS_PHI;COS_PHI_LL;S_COS_PHI
600;2016-12-12 07:30:00;172602N232;0;0.000;0;1;1;1;1;0.000;0.28;1.2;0.000;1.2;0.000;0.0;0.000;50;0;0;0.000;0.000;0.000;0;0;0;0.28;0.28;0.28;8;1000;0.0;0;1.0000;0;0
600;2016-12-12 07:40:00;172602N232;0;0.000;17;216;216;219;213;0.000;50.01;229.1;0.000;230.1;0.000;0.0;0.000;50;0;0;0.000;0.000;0.000;0;0;0;50.01;50.01;50.01;0;1000;0.0;0;1.0000;0;0
600;2016-12-12 07:50:00;172602N232;0;0.000;18;216;216;218;213;0.000;49.99;232.3;0.000;233.2;0.000;0.0;0.000;50;0;0;0.000;0.000;0.000;0;0;0;49.99;49.99;49.99;0;1000;0.0;0;1.0000;0;0
600;2016-12-12 08:00:00;172602N232;0;0.000;19;215;215;218;213;0.001;49.99;283.0;0.000;282.6;0.000;0.0;0.000;60;0;0;0.002;0.002;0.001;0;0;0;49.99;49.99;49.99;1419;1000;0.0;0;1.0000;0;0
600;2016-12-12 08:10:00;172602N232;3;0.000;19;215;214;217;215;0.102;50.00;276.2;0.000;278.2;0.001;0.0;0.000;60;0;0;0.088;0.151;0.069;2;0;3;50.00;50.00;50.00;5224;1000;0.0;0;1.0000;0;0
600;2016-12-12 08:20:00;172602N232;27;0.004;19;216;216;217;216;0.427;50.01;340.5;0.017;338.4;0.020;0.0;0.000;60;0;0;0.435;0.502;0.346;6;12;14;50.01;50.01;50.01;5544;1000;0.0;0;1.0000;0;0
600;2016-12-12 08:30:00;172602N232;26;0.008;20;217;217;217;217;0.408;50.01;326.8;0.018;318.1;0.020;0.0;0.000;60;0;0;0.406;0.508;0.311;5;8;14;50.01;50.01;50.01;5544;1000;0.0;0;1.0000;0;0
600;2016-12-12 08:40:00;172602N232;56;0.018;20;217;216;217;216;0.637;50.01;379.3;0.052;385.7;0.052;0.0;0.000;60;0;0;0.670;0.745;0.498;11;17;28;50.01;50.01;50.01;5544;1000;0.0;0;1.0000;0;0
600;2016-12-12 08:50:00;172602N232;92;0.033;21;216;215;217;216;0.765;50.01;391.8;0.095;402.0;0.089;0.0;0.000;60;0;0;0.674;0.967;0.656;35;22;38;50.01;50.01;50.01;5544;1000;0.0;0;1.0000;0;0
600;2016-12-12 09:00:00;172602N232;103;0.051;21;216;216;216;216;0.847;50.01;403.2;0.108;412.7;0.103;0.0;0.000;60;0;0;0.982;0.819;0.740;8;47;47;50.01;50.01;50.01;5544;1000;0.0;0;1.0000;0;0
600;2016-12-12 09:10:00;172602N232;208;0.086;21;216;216;217;216;0.991;50.00;443.6;0.226;449.6;0.196;0.0;0.000;60;0;0;0.988;1.126;0.860;62;77;67;50.00;50.00;50.00;5544;1000;0.0;0;1.0000;0;0
600;2016-12-12 09:20:00;172602N232;166;0.113;22;216;216;219;215;1.002;50.01;431.9;0.186;440.1;0.149;0.0;0.000;60;0;0;0.960;1.287;0.759;48;31;85;50.01;50.01;50.01;5544;1000;0.0;0;1.0000;0;0
600;2016-12-12 09:30:00;172602N232;191;0.145;22;216;215;218;215;0.986;50.02;430.0;0.216;436.0;0.185;0.0;0.000;60;0;0;0.841;1.407;0.710;57;53;79;50.02;50.02;50.02;5544;1000;0.0;0;1.0000;0;0
600;2016-12-12 09:40:00;172602N232;356;0.205;22;217;215;218;217;0.989;50.01;456.1;0.411;458.0;0.325;0.0;0.000;60;0;0;0.909;1.125;0.935;113;116;125;50.01;50.01;50.01;5544;1000;0.0;0;1.0000;0;0
600;2016-12-12 09:50:00;172602N232;470;0.284;23;217;215;219;216;0.795;50.01;468.5;0.547;469.5;0.421;0.0;0.000;60;0;0;0.732;0.846;0.808;141;167;159;50.01;50.01;50.01;5544;1000;0.0;0;1.0000;0;0
600;2016-12-12 10:00:00;172602N232;330;0.340;23;217;216;219;216;1.121;50.01;467.5;0.381;467.6;0.282;0.0;0.000;60;0;0;1.109;1.249;1.007;107;105;116;50.01;50.01;50.01;5544;1000;0.0;0;1.0000;0;0
600;2016-12-12 10:10:00;172602N232;328;0.394;24;217;216;219;216;1.105;50.01;449.6;0.382;424.6;0.331;0.0;0.000;60;0;0;1.108;1.221;0.986;107;108;111;50.01;50.01;50.01;5544;1000;0.0;0;1.0000;0;0
600;2016-12-12 10:20:00;172602N232;337;0.450;24;217;216;219;217;1.147;50.01;464.7;0.372;439.7;0.333;0.0;0.000;60;0;0;1.107;1.277;1.057;105;107;123;50.01;50.01;50.01;5544;1000;0.0;0;1.0000;0;0
600;2016-12-12 10:30:00;172602N232;357;0.510;24;217;216;220;215;1.210;50.01;433.6;0.420;427.3;0.374;0.0;0.000;60;0;0;1.142;1.407;1.082;108;106;141;50.01;50.01;50.01;5544;1000;0.0;0;1.0000;0;0
600;2016-12-12 10:40:00;172602N232;408;0.578;25;217;215;219;216;0.905;50.01;430.4;0.467;434.4;0.445;0.0;0.000;60;0;0;0.851;1.008;0.856;129;139;137;50.01;50.01;50.01;5544;1000;0.0;0;1.0000;0;0
600;2016-12-12 10:50:00;172602N232;495;0.660;25;217;216;219;217;0.803;50.00;434.4;0.566;437.3;0.544;0.0;0.000;60;0;0;0.744;0.848;0.819;151;175;167;50.00;50.00;50.00;5544;1000;0.0;0;1.0000;0;0
600;2016-12-12 11:00:00;172602N232;416;0.730;25;218;216;219;218;0.686;49.99;429.2;0.479;433.8;0.458;0.0;0.000;60;0;0;0.629;0.725;0.706;124;147;142;49.99;49.99;49.99;5544;1000;0.0;0;1.0000;0;0
600;2016-12-12 11:10:00;172602N232;329;0.785;26;218;217;219;217;0.970;50.02;426.1;0.374;429.5;0.362;0.0;0.000;60;0;0;0.959;1.040;0.912;99;115;113;50.02;50.02;50.02;5544;1000;0.0;0;1.0000;0;0
600;2016-12-12 11:20:00;172602N232;394;0.851;26;218;217;219;218;1.088;50.00;429.8;0.456;438.0;0.420;0.0;0.000;60;0;0;1.084;1.164;1.018;125;141;127;50.00;50.00;50.00;5544;1000;0.0;0;1.0000;0;0
600;2016-12-12 11:30:00;172602N232;536;0.940;26;218;218;219;216;0.874;50.01;433.0;0.630;444.4;0.567;0.0;0.000;60;0;0;0.827;0.917;0.879;167;188;178;50.01;50.01;50.01;5544;1000;0.0;0;1.0000;0;0
600;2016-12-12 11:40:00;172602N232;492;1.023;26;218;218;220;217;0.972;50.02;428.6;0.579;442.1;0.523;0.0;0.000;60;0;0;0.950;1.021;0.945;155;174;160;50.02;50.02;50.02;5544;1000;0.0;0;1.0000;0;0
600;2016-12-12 11:50:00;172602N232;308;1.074;27;218;216;219;217;1.115;50.00;424.2;0.351;427.2;0.338;0.0;0.000;60;0;0;1.079;1.301;0.967;95;102;109;50.00;50.00;50.00;5544;1000;0.0;0;1.0000;0;0
600;2016-12-12 12:00:00;172602N232;232;1.113;27;217;216;219;216;1.026;50.01;419.7;0.259;421.3;0.254;0.0;0.000;60;0;0;1.007;1.179;0.892;66;65;99;50.01;50.01;50.01;5544;1000;0.0;0;1.0000;0;0
600;2016-12-12 12:10:00;172602N232;382;1.176;27;218;217;219;217;0.987;50.02;429.4;0.431;431.3;0.424;0.0;0.000;60;0;0;0.966;1.069;0.928;118;129;133;50.02;50.02;50.02;5544;1000;0.0;0;1.0000;0;0
600;2016-12-12 12:20:00;172602N232;414;1.245;27;217;217;219;216;1.072;50.02;430.6;0.469;433.4;0.458;0.0;0.000;60;0;0;1.070;1.128;1.018;125;148;138;50.02;50.02;50.02;5544;1000;0.0;0;1.0000;0;0
600;2016-12-12 12:30:00;172602N232;403;1.313;27;218;217;219;217;0.708;50.00;426.9;0.463;432.0;0.447;0.0;0.000;60;0;0;0.657;0.750;0.718;121;143;137;50.00;50.00;50.00;5544;1000;0.0;0;1.0000;0;0
600;2016-12-12 12:40:00;172602N232;378;1.377;27;218;217;219;217;0.752;50.00;425.7;0.435;429.9;0.419;0.0;0.000;60;0;0;0.714;0.792;0.750;114;134;128;50.00;50.00;50.00;5544;1000;0.0;0;1.0000;0;0
600;2016-12-12 12:50:00;172602N232;238;1.416;27;218;217;219;217;1.009;50.00;419.7;0.265;418.9;0.263;0.0;0.000;60;0;0;1.027;1.173;0.828;85;68;83;50.00;50.00;50.00;5544;1000;0.0;0;1.0000;0;0
600;2016-12-12 13:00:00;172602N232;191;1.448;27;217;216;218;218;0.939;50.01;409.9;0.213;415.8;0.209;0.0;0.000;60;0;0;0.973;1.132;0.712;69;57;63;50.01;50.01;50.01;5544;1000;0.0;0;1.0000;0;0
600;2016-12-12 13:10:00;172602N232;171;1.477;27;218;217;219;218;0.912;50.02;411.1;0.189;414.3;0.185;0.0;0.000;60;0;0;0.704;1.320;0.712;42;60;67;50.02;50.02;50.02;5544;1000;0.0;0;1.0000;0;0
600;2016-12-12 13:20:00;172602N232;156;1.504;27;218;217;220;217;0.983;50.00;408.0;0.173;413.4;0.167;0.0;0.000;60;0;0;0.793;1.382;0.776;38;34;83;50.00;50.00;50.00;5544;1000;0.0;0;1.0000;0;0
600;2016-12-12 13:30:00;172602N232;177;1.533;27;218;217;219;217;0.950;50.01;412.5;0.196;415.4;0.193;0.0;0.000;60;0;0;0.934;1.218;0.699;37;67;71;50.01;50.01;50.01;5544;1000;0.0;0;1.0000;0;0
600;2016-12-12 13:40:00;172602N232;133;1.555;26;219;218;220;218;0.936;50.01;407.1;0.144;409.4;0.144;0.0;0.000;60;0;0;0.815;1.226;0.767;41;22;67;50.01;50.01;50.01;5544;1000;0.0;0;1.0000;0;0
600;2016-12-12 13:50:00;172602N232;95;1.571;26;217;220;220;211;0.878;50.00;392.9;0.101;399.1;0.099;0.0;0.000;60;0;0;1.083;0.871;0.680;8;34;59;50.00;50.00;50.00;5544;1000;0.0;0;1.0000;0;0
600;2016-12-12 14:00:00;172602N232;81;1.585;26;217;220;221;209;0.811;50.00;389.2;0.084;397.7;0.082;0.0;0.000;60;0;0;1.065;0.769;0.601;1;37;53;50.00;50.00;50.00;5544;1000;0.0;0;1.0000;0;0
600;2016-12-12 14:10:00;172602N232;144;1.608;26;217;220;222;209;0.978;49.99;405.8;0.159;414.5;0.153;0.0;0.000;60;0;0;1.262;0.945;0.728;20;49;73;49.99;49.99;49.99;5544;1000;0.0;0;1.0000;0;0
600;2016-12-12 14:20:00;172602N232;91;1.624;26;217;221;222;209;0.882;50.01;390.9;0.096;401.3;0.094;0.0;0.000;60;0;0;1.172;0.818;0.657;2;33;59;50.01;50.01;50.01;5544;1000;0.0;0;1.0000;0;0
600;2016-12-12 14:30:00;172602N232;56;1.634;26;217;221;223;208;0.712;50.00;371.6;0.054;384.9;0.054;0.0;0.000;60;0;0;0.821;0.788;0.527;2;15;47;50.00;50.00;50.00;5544;1000;0.0;0;1.0000;0;0
600;2016-12-12 14:40:00;172602N232;25;1.638;26;217;221;222;209;0.473;50.00;318.2;0.019;310.7;0.022;0.0;0.000;60;0;0;0.616;0.486;0.318;0;8;25;50.00;50.00;50.00;5544;1000;0.0;0;1.0000;0;0
600;2016-12-12 14:50:00;172602N232;3;1.639;25;217;221;222;209;0.161;49.99;253.2;0.000;257.8;0.000;0.0;0.000;60;0;0;0.289;0.106;0.089;0;3;5;49.99;49.99;49.99;5544;1000;0.0;0;1.0000;0;0
600;2016-12-12 15:00:00;172602N232;0;1.639;25;217;220;221;210;0.014;50.00;288.8;0.000;287.5;0.000;0.0;0.000;50;0;0;0.034;0.005;0.003;0;0;0;50.00;50.00;50.00;5544;1000;0.0;0;1.0000;0;0
600;2016-12-12 15:10:00;172602N232;0;1.639;24;217;219;221;211;0.000;49.97;253.6;0.000;253.9;0.000;0.0;0.000;50;0;0;0.000;0.000;0.000;0;0;0;49.97;49.97;49.97;5544;1000;0.0;0;1.0000;0;0
600;2016-12-12 15:20:00;172602N232;0;1.639;24;217;220;219;211;0.000;50.02;229.6;0.000;230.5;0.000;0.0;0.000;50;0;0;0.000;0.000;0.000;0;0;0;50.02;50.02;50.02;5544;1000;0.0;0;1.0000;0;0
600;2016-12-12 15:30:00;172602N232;0;1.639;23;218;219;220;215;0.000;50.01;228.1;0.000;229.0;0.000;0.0;0.000;50;0;0;0.000;0.000;0.000;0;0;0;50.01;50.01;50.01;5544;1000;0.0;0;1.0000;0;0
[wr_ende]
