20140224;230001;172602N232;My Plant;+0100
[wr_def_start]
172602N232;Inverter Type;Inverter Group;72602N232      
[wr_def_end]
[wr]
INTERVAL;TIMESTAMP;SERIAL;P_AC;E_DAY;T_WR;U_AC;U_AC_1;U_AC_2;U_AC_3;I_AC;F_AC;U_DC_1;I_DC_1;U_DC_2;I_DC_2;U_DC_3;I_DC_3;S;E_WR;M_WR;I_AC_1;I_AC_2;I_AC_3;P_AC_1;P_AC_2;P_AC_3;F_AC_1;F_AC_2;F_AC_3;R_DC;PC;PCS;PCS_LL;COS_PHI;COS_PHI_LL;S_COS_PHI
600;2014-02-24 06:50:00;172602N232;0;0.000;0;1;1;1;1;0.000;0.40;1.7;0.000;1.7;0.000;0.0;0.000;50;0;0;0.000;0.000;0.000;0;0;0;0.40;0.40;0.40;15;1000;0.0;0;1.0000;0;0
600;2014-02-24 07:00:00;172602N232;0;0.000;17;222;223;225;219;0.000;49.97;230.0;0.000;230.9;0.000;0.0;0.000;50;0;0;0.000;0.000;0.000;0;0;0;49.97;49.97;49.97;0;1000;0.0;0;1.0000;0;0
600;2014-02-24 07:10:00;172602N232;0;0.000;18;222;223;224;220;0.000;49.99;231.2;0.000;232.1;0.000;0.0;0.000;50;0;0;0.000;0.000;0.000;0;0;0;49.99;49.99;49.99;0;1000;0.0;0;1.0000;0;0
600;2014-02-24 07:20:00;172602N232;0;0.000;19;222;222;223;221;0.031;50.00;271.6;0.000;271.7;0.000;0.0;0.000;60;0;0;0.041;0.029;0.024;0;1;0;50.00;50.00;50.00;3480;1000;0.0;0;1.0000;0;0
600;2014-02-24 07:30:00;172602N232;29;0.007;20;222;223;222;222;0.451;50.01;332.2;0.020;339.5;0.023;0.0;0.000;60;0;0;0.600;0.365;0.388;0;25;21;50.01;50.01;50.01;7529;1000;0.0;0;1.0000;0;0
600;2014-02-24 07:40:00;172602N232;70;0.020;20;222;223;222;222;0.806;50.00;387.8;0.070;392.6;0.070;0.0;0.000;60;0;0;1.063;0.654;0.702;2;44;26;50.00;50.00;50.00;7529;1000;0.0;0;1.0000;0;0
600;2014-02-24 07:50:00;172602N232;124;0.039;21;223;223;222;222;1.012;50.02;407.4;0.134;410.2;0.132;0.0;0.000;60;0;0;1.311;0.826;0.900;14;72;41;50.02;50.02;50.02;7529;1000;0.0;0;1.0000;0;0
600;2014-02-24 08:00:00;172602N232;214;0.073;21;222;223;222;221;1.063;50.01;421.4;0.240;422.3;0.231;0.0;0.000;60;0;0;1.450;0.947;0.792;42;101;70;50.01;50.01;50.01;7529;1000;0.0;0;1.0000;0;0
600;2014-02-24 08:10:00;172602N232;323;0.127;22;221;223;221;220;1.199;50.00;427.3;0.367;428.5;0.355;0.0;0.000;60;0;0;1.423;1.117;1.059;81;140;100;50.00;50.00;50.00;7529;1000;0.0;0;1.0000;0;0
600;2014-02-24 08:20:00;172602N232;384;0.191;22;221;222;220;220;1.156;49.99;432.6;0.436;431.7;0.422;0.0;0.000;60;0;0;1.275;1.155;1.039;103;158;120;49.99;49.99;49.99;7529;1000;0.0;0;1.0000;0;0
600;2014-02-24 08:30:00;172602N232;393;0.256;23;222;221;222;222;1.068;49.99;435.8;0.448;432.8;0.425;0.0;0.000;60;0;0;1.093;1.096;1.016;121;143;127;49.99;49.99;49.99;7529;1000;0.0;0;1.0000;0;0
600;2014-02-24 08:40:00;172602N232;448;0.332;24;223;223;224;223;0.950;50.00;444.6;0.525;442.9;0.454;0.0;0.000;60;0;0;0.930;0.990;0.932;139;161;147;50.00;50.00;50.00;7529;1000;0.0;0;1.0000;0;0
600;2014-02-24 08:50:00;172602N232;499;0.415;24;224;224;225;223;0.868;49.97;429.4;0.611;447.0;0.504;0.0;0.000;60;0;0;0.830;0.904;0.870;156;175;166;49.97;49.97;49.97;7529;1000;0.0;0;1.0000;0;0
600;2014-02-24 09:00:00;172602N232;531;0.503;25;224;225;225;222;0.912;50.01;429.5;0.627;440.0;0.573;0.0;0.000;60;0;0;0.888;0.943;0.907;168;185;176;50.01;50.01;50.01;7529;1000;0.0;0;1.0000;0;0
600;2014-02-24 09:10:00;172602N232;632;0.609;25;223;223;223;221;1.032;50.00;429.8;0.742;437.8;0.692;0.0;0.000;60;0;0;1.003;1.060;1.034;200;218;212;50.00;50.00;50.00;7529;1000;0.0;0;1.0000;0;0
600;2014-02-24 09:20:00;172602N232;715;0.728;26;222;221;223;222;1.114;49.99;436.5;0.834;441.8;0.773;0.0;0.000;60;0;0;1.060;1.151;1.133;224;247;241;49.99;49.99;49.99;7529;1000;0.0;0;1.0000;0;0
600;2014-02-24 09:30:00;172602N232;731;0.849;27;222;221;223;221;1.140;50.00;435.2;0.854;437.4;0.801;0.0;0.000;60;0;0;1.088;1.179;1.155;229;253;246;50.00;50.00;50.00;7529;1000;0.0;0;1.0000;0;0
600;2014-02-24 09:40:00;172602N232;792;0.982;27;222;221;223;222;1.227;50.00;430.2;0.924;435.9;0.889;0.0;0.000;60;0;0;1.175;1.263;1.245;250;273;267;50.00;50.00;50.00;7529;1000;0.0;0;1.0000;0;0
600;2014-02-24 09:50:00;172602N232;1025;1.154;28;224;223;224;224;1.569;49.97;431.5;1.201;441.4;1.140;0.0;0.000;60;0;0;1.513;1.602;1.592;327;351;345;49.97;49.97;49.97;7529;1000;0.0;0;1.0000;0;0
600;2014-02-24 10:00:00;172602N232;1309;1.372;28;225;224;226;225;1.993;50.00;433.1;1.528;437.7;1.480;0.0;0.000;60;0;0;1.932;2.026;2.023;421;446;439;50.00;50.00;50.00;7529;1000;0.0;0;1.0000;0;0
600;2014-02-24 10:10:00;172602N232;1510;1.623;28;226;224;227;226;2.247;50.01;430.9;1.769;432.3;1.738;0.0;0.000;60;0;0;2.183;2.292;2.268;486;516;507;50.01;50.01;50.01;7529;1000;0.0;0;1.0000;0;0
600;2014-02-24 10:20:00;172602N232;1198;1.823;29;225;225;226;224;1.825;49.99;428.0;1.405;428.1;1.389;0.0;0.000;60;0;0;1.797;1.851;1.829;390;408;398;49.99;49.99;49.99;7529;1000;0.0;0;1.0000;0;0
600;2014-02-24 10:30:00;172602N232;1233;2.029;29;225;225;226;224;1.909;49.99;431.5;1.438;429.6;1.427;0.0;0.000;60;0;0;1.893;1.918;1.918;402;418;411;49.99;49.99;49.99;7529;1000;0.0;0;1.0000;0;0
600;2014-02-24 10:40:00;172602N232;1739;2.318;30;225;224;226;224;2.600;50.01;430.7;2.039;431.5;2.012;0.0;0.000;60;0;0;2.546;2.646;2.608;565;593;579;50.01;50.01;50.01;7529;1000;0.0;0;1.0000;0;0
600;2014-02-24 10:50:00;172602N232;1829;2.624;30;226;226;226;225;2.718;49.99;426.8;2.161;429.0;2.134;0.0;0.000;60;0;0;2.677;2.752;2.727;599;618;609;49.99;49.99;49.99;7529;1000;0.0;0;1.0000;0;0
600;2014-02-24 11:00:00;172602N232;2116;2.976;30;227;227;228;226;3.125;49.99;426.8;2.505;428.1;2.478;0.0;0.000;60;0;0;3.080;3.172;3.123;694;718;701;49.99;49.99;49.99;7529;1000;0.0;0;1.0000;0;0
600;2014-02-24 11:10:00;172602N232;2269;3.354;31;228;227;231;226;3.335;49.99;421.9;2.720;423.2;2.690;0.0;0.000;60;0;0;3.274;3.405;3.328;737;780;749;49.99;49.99;49.99;7529;1000;0.0;0;1.0000;0;0
600;2014-02-24 11:20:00;172602N232;2426;3.759;31;228;226;231;227;3.559;49.98;421.7;2.911;422.9;2.881;0.0;0.000;60;0;0;3.485;3.640;3.554;785;836;803;49.98;49.98;49.98;7529;1000;0.0;0;1.0000;0;0
600;2014-02-24 11:30:00;172602N232;2531;4.181;31;228;226;231;227;3.718;49.99;422.5;3.031;423.2;3.004;0.0;0.000;60;0;0;3.624;3.815;3.715;814;876;839;49.99;49.99;49.99;7529;1000;0.0;0;1.0000;0;0
600;2014-02-24 11:40:00;172602N232;2113;4.535;32;226;224;230;225;3.125;50.00;422.2;2.527;423.4;2.506;0.0;0.000;60;0;0;3.035;3.215;3.127;676;735;701;50.00;50.00;50.00;7529;1000;0.0;0;1.0000;0;0
600;2014-02-24 11:50:00;172602N232;1723;4.822;32;225;223;228;224;2.583;49.98;423.1;2.048;424.2;2.037;0.0;0.000;60;0;0;2.502;2.667;2.582;550;599;572;49.98;49.98;49.98;7529;1000;0.0;0;1.0000;0;0
600;2014-02-24 12:00:00;172602N232;1596;5.088;33;225;223;228;224;2.375;49.99;428.7;1.871;425.8;1.878;0.0;0.000;60;0;0;2.300;2.447;2.380;511;554;530;49.99;49.99;49.99;7529;1000;0.0;0;1.0000;0;0
600;2014-02-24 12:10:00;172602N232;1890;5.404;33;225;224;227;224;2.813;49.99;427.6;2.228;427.1;2.219;0.0;0.000;60;0;0;2.754;2.876;2.811;614;649;625;49.99;49.99;49.99;7529;1000;0.0;0;1.0000;0;0
600;2014-02-24 12:20:00;172602N232;2173;5.765;33;226;225;228;224;3.221;49.99;425.1;2.577;427.0;2.552;0.0;0.000;60;0;0;3.159;3.284;3.220;707;745;718;49.99;49.99;49.99;7529;1000;0.0;0;1.0000;0;0
600;2014-02-24 12:30:00;172602N232;2363;6.160;33;226;225;228;224;3.506;50.00;423.4;2.822;424.6;2.794;0.0;0.000;60;0;0;3.447;3.567;3.504;771;807;783;50.00;50.00;50.00;7529;1000;0.0;0;1.0000;0;0
600;2014-02-24 12:40:00;172602N232;2297;6.543;33;225;225;227;224;3.412;50.00;422.1;2.752;423.4;2.725;0.0;0.000;60;0;0;3.357;3.469;3.410;751;782;762;50.00;50.00;50.00;7529;1000;0.0;0;1.0000;0;0
600;2014-02-24 12:50:00;172602N232;2213;6.912;34;225;224;227;223;3.296;49.99;423.0;2.640;425.1;2.617;0.0;0.000;60;0;0;3.245;3.362;3.282;724;759;728;49.99;49.99;49.99;7529;1000;0.0;0;1.0000;0;0
600;2014-02-24 13:00:00;172602N232;2121;7.265;34;223;223;226;221;3.176;50.00;424.0;2.526;425.1;2.503;0.0;0.000;60;0;0;3.116;3.253;3.160;691;732;696;50.00;50.00;50.00;7529;1000;0.0;0;1.0000;0;0
600;2014-02-24 13:10:00;172602N232;1935;7.589;34;223;222;226;221;2.908;50.01;424.9;2.301;425.8;2.278;0.0;0.000;60;0;0;2.838;2.986;2.902;625;670;638;50.01;50.01;50.01;7529;1000;0.0;0;1.0000;0;0
600;2014-02-24 13:20:00;172602N232;1851;7.897;34;224;223;228;222;2.773;49.99;424.7;2.198;426.8;2.173;0.0;0.000;60;0;0;2.713;2.851;2.757;600;644;606;49.99;49.99;49.99;7529;1000;0.0;0;1.0000;0;0
600;2014-02-24 13:30:00;172602N232;1828;8.203;34;225;224;228;223;2.738;50.00;426.3;2.164;427.1;2.141;0.0;0.000;60;0;0;2.667;2.814;2.734;589;633;604;50.00;50.00;50.00;7529;1000;0.0;0;1.0000;0;0
600;2014-02-24 13:40:00;172602N232;1696;8.485;35;225;224;228;223;2.525;50.02;425.2;2.015;426.7;1.984;0.0;0.000;60;0;0;2.449;2.591;2.537;544;586;563;50.02;50.02;50.02;7529;1000;0.0;0;1.0000;0;0
600;2014-02-24 13:50:00;172602N232;1711;8.770;35;227;226;229;225;2.525;49.99;424.8;2.040;429.6;1.982;0.0;0.000;60;0;0;2.464;2.589;2.524;554;589;566;49.99;49.99;49.99;7529;1000;0.0;0;1.0000;0;0
600;2014-02-24 14:00:00;172602N232;1670;9.049;35;227;226;230;226;2.463;49.98;427.2;1.993;433.5;1.902;0.0;0.000;60;0;0;2.395;2.524;2.472;537;575;555;49.98;49.98;49.98;7529;1000;0.0;0;1.0000;0;0
600;2014-02-24 14:10:00;172602N232;1776;9.345;35;228;226;231;226;2.616;50.00;426.3;2.142;437.5;1.988;0.0;0.000;60;0;0;2.540;2.688;2.621;570;616;589;50.00;50.00;50.00;7529;1000;0.0;0;1.0000;0;0
600;2014-02-24 14:20:00;172602N232;1735;9.635;35;227;226;230;225;2.568;50.02;425.5;2.101;437.4;1.937;0.0;0.000;60;0;0;2.496;2.642;2.566;558;603;573;50.02;50.02;50.02;7529;1000;0.0;0;1.0000;0;0
600;2014-02-24 14:30:00;172602N232;1743;9.926;35;227;226;229;226;2.580;50.00;427.3;2.119;441.6;1.909;0.0;0.000;60;0;0;2.510;2.640;2.592;561;599;581;50.00;50.00;50.00;7529;1000;0.0;0;1.0000;0;0
600;2014-02-24 14:40:00;172602N232;1502;10.176;35;228;226;230;226;2.219;50.01;428.8;1.809;438.9;1.660;0.0;0.000;60;0;0;2.147;2.276;2.235;481;517;502;50.01;50.01;50.01;7529;1000;0.0;0;1.0000;0;0
600;2014-02-24 14:50:00;172602N232;1281;10.390;35;225;225;227;224;1.964;50.01;432.7;1.517;437.7;1.425;0.0;0.000;60;0;0;1.917;1.992;1.983;410;439;430;50.01;50.01;50.01;7529;1000;0.0;0;1.0000;0;0
600;2014-02-24 15:00:00;172602N232;1071;10.568;35;223;223;224;223;1.626;49.98;437.1;1.234;436.1;1.211;0.0;0.000;60;0;0;1.583;1.654;1.642;346;364;359;49.98;49.98;49.98;7529;1000;0.0;0;1.0000;0;0
600;2014-02-24 15:10:00;172602N232;1002;10.736;35;223;223;223;224;1.515;49.99;436.9;1.143;435.0;1.144;0.0;0.000;60;0;0;1.466;1.539;1.542;321;338;341;49.99;49.99;49.99;7529;1000;0.0;0;1.0000;0;0
600;2014-02-24 15:20:00;172602N232;838;10.876;34;222;222;223;222;1.286;49.99;432.1;0.957;426.8;0.977;0.0;0.000;60;0;0;1.232;1.322;1.304;266;288;282;49.99;49.99;49.99;7529;1000;0.0;0;1.0000;0;0
600;2014-02-24 15:30:00;172602N232;703;10.993;34;223;222;224;222;1.107;49.98;433.0;0.795;424.2;0.826;0.0;0.000;60;0;0;1.058;1.144;1.120;221;244;237;49.98;49.98;49.98;7529;1000;0.0;0;1.0000;0;0
600;2014-02-24 15:40:00;172602N232;646;11.101;34;223;223;224;221;1.074;49.99;430.4;0.732;423.8;0.762;0.0;0.000;60;0;0;1.055;1.087;1.081;204;222;219;49.99;49.99;49.99;7529;1000;0.0;0;1.0000;0;0
600;2014-02-24 15:50:00;172602N232;577;11.197;34;224;224;225;223;1.051;50.00;427.7;0.652;423.1;0.679;0.0;0.000;60;0;0;1.042;1.078;1.033;183;201;191;50.00;50.00;50.00;7529;1000;0.0;0;1.0000;0;0
600;2014-02-24 16:00:00;172602N232;491;11.279;34;223;223;224;222;0.987;49.99;412.4;0.576;421.3;0.579;0.0;0.000;60;0;0;1.004;0.970;0.989;158;170;161;49.99;49.99;49.99;7529;1000;0.0;0;1.0000;0;0
600;2014-02-24 16:10:00;172602N232;410;11.349;34;221;221;221;220;0.705;49.98;407.9;0.484;419.1;0.484;0.0;0.000;60;0;0;0.657;0.742;0.716;124;146;139;49.98;49.98;49.98;7529;1000;0.0;0;1.0000;0;0
600;2014-02-24 16:20:00;172602N232;359;11.408;33;222;222;222;221;0.824;49.99;405.8;0.422;417.7;0.421;0.0;0.000;60;0;0;0.826;0.847;0.799;104;132;121;49.99;49.99;49.99;7529;1000;0.0;0;1.0000;0;0
600;2014-02-24 16:30:00;172602N232;287;11.456;33;221;221;221;221;1.101;49.99;403.3;0.335;414.3;0.335;0.0;0.000;60;0;0;1.193;1.107;1.004;79;112;95;49.99;49.99;49.99;7529;1000;0.0;0;1.0000;0;0
600;2014-02-24 16:40:00;172602N232;191;11.489;33;221;221;222;220;0.950;49.99;395.1;0.219;406.9;0.220;0.0;0.000;60;0;0;1.041;1.115;0.694;31;89;70;49.99;49.99;49.99;7529;1000;0.0;0;1.0000;0;0
600;2014-02-24 16:50:00;172602N232;114;11.507;32;220;221;221;220;0.884;50.03;388.6;0.125;395.7;0.128;0.0;0.000;60;0;0;1.007;0.878;0.768;13;45;53;50.03;50.03;50.03;7529;1000;0.0;0;1.0000;0;0
600;2014-02-24 17:00:00;172602N232;60;11.518;32;221;222;221;220;0.841;50.01;363.1;0.061;379.6;0.064;0.0;0.000;60;0;0;1.078;0.775;0.672;0;32;43;50.01;50.01;50.01;7529;1000;0.0;0;1.0000;0;0
600;2014-02-24 17:10:00;172602N232;21;11.521;31;223;224;222;222;0.428;50.00;298.0;0.013;314.1;0.017;0.0;0.000;60;0;0;0.580;0.339;0.366;0;22;19;50.00;50.00;50.00;7529;1000;0.0;0;1.0000;0;0
600;2014-02-24 17:20:00;172602N232;1;11.523;31;222;221;223;221;0.086;49.99;250.8;0.000;251.8;0.000;0.0;0.000;60;0;0;0.089;0.114;0.056;1;1;2;49.99;49.99;49.99;7529;1000;0.0;0;1.0000;0;0
600;2014-02-24 17:30:00;172602N232;0;11.522;30;221;220;224;219;0.000;49.98;289.9;0.000;289.2;0.000;0.0;0.000;51;0;0;0.000;0.000;0.000;0;0;0;49.98;49.98;49.98;10834;1000;0.0;0;1.0000;0;0
600;2014-02-24 17:40:00;172602N232;0;11.522;28;220;219;223;218;0.000;49.99;238.7;0.000;239.5;0.000;0.0;0.000;51;0;0;0.000;0.000;0.000;0;0;0;49.99;49.99;49.99;11744;1000;0.0;0;1.0000;0;0
600;2014-02-24 17:50:00;172602N232;0;11.522;27;221;221;223;218;0.000;50.07;223.1;0.000;224.0;0.000;0.0;0.000;51;0;0;0.000;0.000;0.000;0;0;0;50.07;50.07;50.07;11744;1000;0.0;0;1.0000;0;0
[wr_ende]
