20140912;230000;172602N232;My Plant;+0100
[wr_def_start]
172602N232;Inverter Type;Inverter Group;72602N232      
[wr_def_end]
[wr]
INTERVAL;TIMESTAMP;SERIAL;P_AC;E_DAY;T_WR;U_AC;U_AC_1;U_AC_2;U_AC_3;I_AC;F_AC;U_DC_1;I_DC_1;U_DC_2;I_DC_2;U_DC_3;I_DC_3;S;E_WR;M_WR;I_AC_1;I_AC_2;I_AC_3;P_AC_1;P_AC_2;P_AC_3;F_AC_1;F_AC_2;F_AC_3;R_DC;PC;PCS;PCS_LL;COS_PHI;COS_PHI_LL;S_COS_PHI
600;2014-09-12 06:00:00;172602N232;0;0.000;0;2;2;2;2;0.000;0.53;2.3;0.000;2.3;0.000;0.0;0.000;50;0;0;0.000;0.000;0.000;0;0;0;0.53;0.53;0.53;41;1000;0.0;0;1.0000;0;0
600;2014-09-12 06:10:00;172602N232;0;0.000;25;223;224;225;220;0.000;49.99;227.9;0.000;228.9;0.000;0.0;0.000;50;0;0;0.000;0.000;0.000;0;0;0;49.99;49.99;49.99;0;1000;0.0;0;1.0000;0;0
600;2014-09-12 06:20:00;172602N232;0;0.000;27;223;224;225;221;0.000;49.98;233.7;0.000;234.7;0.000;0.0;0.000;50;0;0;0.000;0.000;0.000;0;0;0;49.98;49.98;49.98;0;1000;0.0;0;1.0000;0;0
600;2014-09-12 06:30:00;172602N232;0;0.000;28;222;223;224;220;0.001;49.98;282.6;0.000;282.3;0.000;0.0;0.000;60;0;0;0.001;0.002;0.001;0;0;0;49.98;49.98;49.98;1513;1000;0.0;0;1.0000;0;0
600;2014-09-12 06:40:00;172602N232;5;0.002;28;226;226;227;225;0.162;50.02;281.4;0.001;290.0;0.002;0.0;0.000;60;0;0;0.186;0.190;0.110;0;7;6;50.02;50.02;50.02;4302;1000;0.0;0;1.0000;0;0
600;2014-09-12 06:50:00;172602N232;33;0.009;29;224;225;225;223;0.491;49.99;334.5;0.027;348.4;0.030;0.0;0.000;60;0;0;0.598;0.472;0.405;1;21;24;49.99;49.99;49.99;4459;1000;0.0;0;1.0000;0;0
600;2014-09-12 07:00:00;172602N232;69;0.018;29;223;223;224;223;0.801;49.98;378.8;0.073;382.9;0.072;0.0;0.000;60;0;0;0.787;0.984;0.634;15;11;42;49.98;49.98;49.98;4459;1000;0.0;0;1.0000;0;0
600;2014-09-12 07:10:00;172602N232;110;0.035;30;223;223;223;223;0.892;49.98;393.6;0.124;395.9;0.121;0.0;0.000;60;0;0;0.953;0.919;0.805;16;42;49;49.98;49.98;49.98;4459;1000;0.0;0;1.0000;0;0
600;2014-09-12 07:20:00;172602N232;172;0.064;30;223;222;224;223;0.940;49.98;404.2;0.201;409.4;0.187;0.0;0.000;60;0;0;0.886;1.183;0.752;56;47;67;49.98;49.98;49.98;4459;1000;0.0;0;1.0000;0;0
600;2014-09-12 07:30:00;172602N232;207;0.098;30;222;221;223;222;0.946;49.97;409.2;0.244;413.6;0.226;0.0;0.000;60;0;0;0.929;1.013;0.898;63;61;81;49.97;49.97;49.97;4459;1000;0.0;0;1.0000;0;0
600;2014-09-12 07:40:00;172602N232;269;0.144;31;222;222;223;222;1.131;49.99;413.3;0.320;420.3;0.295;0.0;0.000;60;0;0;1.213;1.249;0.931;76;104;87;49.99;49.99;49.99;4459;1000;0.0;0;1.0000;0;0
600;2014-09-12 07:50:00;172602N232;307;0.196;31;221;221;222;221;1.129;49.99;415.7;0.365;422.1;0.338;0.0;0.000;60;0;0;1.155;1.174;1.059;99;106;99;49.99;49.99;49.99;4459;1000;0.0;0;1.0000;0;0
600;2014-09-12 08:00:00;172602N232;370;0.257;32;221;221;221;221;1.081;49.99;418.7;0.438;421.3;0.417;0.0;0.000;60;0;0;1.095;1.093;1.055;113;137;117;49.99;49.99;49.99;4459;1000;0.0;0;1.0000;0;0
600;2014-09-12 08:10:00;172602N232;420;0.327;32;221;222;221;220;1.010;50.00;419.7;0.499;423.1;0.473;0.0;0.000;60;0;0;1.011;1.046;0.975;129;154;134;50.00;50.00;50.00;4459;1000;0.0;0;1.0000;0;0
600;2014-09-12 08:20:00;172602N232;497;0.410;33;221;222;222;220;0.791;49.99;422.5;0.594;422.2;0.566;0.0;0.000;60;0;0;0.738;0.832;0.803;153;175;168;49.99;49.99;49.99;4459;1000;0.0;0;1.0000;0;0
600;2014-09-12 08:30:00;172602N232;538;0.499;33;222;220;224;222;1.022;49.99;424.2;0.641;420.4;0.616;0.0;0.000;60;0;0;0.862;1.123;1.082;163;193;180;49.99;49.99;49.99;4459;1000;0.0;0;1.0000;0;0
600;2014-09-12 08:40:00;172602N232;647;0.607;34;224;222;227;224;1.143;50.01;425.7;0.770;419.0;0.747;0.0;0.000;60;0;0;1.057;1.256;1.117;202;233;210;50.01;50.01;50.01;4459;1000;0.0;0;1.0000;0;0
600;2014-09-12 08:50:00;172602N232;755;0.734;34;223;223;225;222;1.165;50.01;428.2;0.905;431.8;0.837;0.0;0.000;60;0;0;1.106;1.213;1.178;237;264;252;50.01;50.01;50.01;4459;1000;0.0;0;1.0000;0;0
600;2014-09-12 09:00:00;172602N232;803;0.868;35;223;223;225;221;1.235;49.99;427.0;0.974;435.7;0.876;0.0;0.000;60;0;0;1.184;1.282;1.239;255;281;265;49.99;49.99;49.99;4459;1000;0.0;0;1.0000;0;0
600;2014-09-12 09:10:00;172602N232;930;1.023;35;223;222;225;220;1.422;49.99;426.2;1.122;435.6;1.029;0.0;0.000;60;0;0;1.369;1.472;1.425;296;325;306;49.99;49.99;49.99;4459;1000;0.0;0;1.0000;0;0
600;2014-09-12 09:20:00;172602N232;1031;1.195;36;222;221;225;221;1.598;49.99;421.9;1.277;435.6;1.125;0.0;0.000;60;0;0;1.542;1.655;1.597;327;360;341;49.99;49.99;49.99;4459;1000;0.0;0;1.0000;0;0
600;2014-09-12 09:30:00;172602N232;1053;1.371;36;223;222;226;222;1.607;50.00;420.9;1.283;430.8;1.190;0.0;0.000;60;0;0;1.554;1.656;1.611;336;367;349;50.00;50.00;50.00;4459;1000;0.0;0;1.0000;0;0
600;2014-09-12 09:40:00;172602N232;1254;1.580;36;223;223;225;222;1.953;50.00;418.5;1.573;435.5;1.373;0.0;0.000;60;0;0;1.904;2.001;1.956;401;434;417;50.00;50.00;50.00;4459;1000;0.0;0;1.0000;0;0
600;2014-09-12 09:50:00;172602N232;1131;1.768;37;224;223;226;222;1.757;50.00;416.9;1.398;427.8;1.284;0.0;0.000;60;0;0;1.713;1.799;1.760;361;392;376;50.00;50.00;50.00;4459;1000;0.0;0;1.0000;0;0
600;2014-09-12 10:00:00;172602N232;1442;2.010;37;224;223;226;222;2.189;49.99;415.2;1.853;422.0;1.612;0.0;0.000;60;0;0;2.134;2.248;2.185;465;499;476;49.99;49.99;49.99;4459;1000;0.0;0;1.0000;0;0
600;2014-09-12 10:10:00;172602N232;1662;2.286;37;225;223;228;223;2.480;49.99;413.8;2.144;414.4;1.910;0.0;0.000;60;0;0;2.407;2.554;2.480;534;577;549;49.99;49.99;49.99;4459;1000;0.0;0;1.0000;0;0
600;2014-09-12 10:20:00;172602N232;2093;2.635;38;225;223;229;224;3.109;50.00;412.0;2.726;386.2;2.568;0.0;0.000;60;0;0;3.009;3.210;3.110;667;731;693;50.00;50.00;50.00;4459;1000;0.0;0;1.0000;0;0
600;2014-09-12 10:30:00;172602N232;2764;3.096;38;226;223;230;224;4.094;49.99;404.1;3.623;390.9;3.416;0.0;0.000;60;0;0;3.990;4.217;4.075;886;966;910;49.99;49.99;49.99;4459;1000;0.0;0;1.0000;0;0
600;2014-09-12 10:40:00;172602N232;2933;3.585;39;226;223;230;224;4.336;50.00;397.9;3.855;378.4;3.803;0.0;0.000;60;0;0;4.224;4.458;4.327;940;1023;968;50.00;50.00;50.00;4459;1000;0.0;0;1.0000;0;0
600;2014-09-12 10:50:00;172602N232;3052;4.094;39;227;224;231;225;4.498;50.00;392.7;4.026;382.1;3.961;0.0;0.000;60;0;0;4.396;4.614;4.484;984;1061;1006;50.01;50.00;50.00;4459;1000;0.0;0;1.0000;0;0
600;2014-09-12 11:00:00;172602N232;3209;4.629;40;226;225;228;225;4.735;49.99;389.6;4.187;390.8;4.154;0.0;0.000;60;0;0;4.672;4.813;4.722;1050;1097;1060;49.99;49.99;49.99;4459;1000;0.0;0;1.0000;0;0
600;2014-09-12 11:10:00;172602N232;3304;5.179;40;227;225;230;225;4.868;49.99;386.3;4.349;387.1;4.320;0.0;0.000;60;0;0;4.779;4.987;4.838;1073;1143;1086;49.99;49.99;49.99;4459;1000;0.0;0;1.0000;0;0
600;2014-09-12 11:20:00;172602N232;3389;5.745;41;227;225;231;225;4.985;49.99;384.6;4.487;384.5;4.460;0.0;0.000;60;0;0;4.898;5.108;4.949;1101;1176;1110;49.99;49.99;49.99;4459;1000;0.0;0;1.0000;0;0
600;2014-09-12 11:30:00;172602N232;3460;6.322;41;227;226;231;225;5.082;50.00;382.9;4.601;382.8;4.573;0.0;0.000;60;0;0;5.001;5.204;5.041;1127;1199;1132;50.00;50.00;50.00;4459;1000;0.0;0;1.0000;0;0
600;2014-09-12 11:40:00;172602N232;3547;6.913;42;228;227;232;226;5.194;50.03;380.8;4.747;380.3;4.720;0.0;0.000;60;0;0;5.116;5.310;5.157;1157;1227;1161;50.03;50.03;50.03;4459;1000;0.0;0;1.0000;0;0
600;2014-09-12 11:50:00;172602N232;3608;7.514;42;228;228;231;226;5.275;50.04;379.1;4.849;378.7;4.823;0.0;0.000;60;0;0;5.217;5.374;5.235;1185;1240;1180;50.04;50.04;50.04;4459;1000;0.0;0;1.0000;0;0
600;2014-09-12 12:00:00;172602N232;3686;8.129;42;228;228;230;226;5.398;50.01;379.8;4.955;378.2;4.928;0.0;0.000;60;0;0;5.351;5.494;5.350;1216;1263;1205;50.01;50.01;50.01;4459;1000;0.0;0;1.0000;0;0
600;2014-09-12 12:10:00;172602N232;3736;8.752;43;228;227;231;226;5.465;50.01;379.0;5.034;377.5;5.005;0.0;0.000;60;0;0;5.408;5.572;5.417;1228;1286;1220;50.01;50.01;50.01;4459;1000;0.0;0;1.0000;0;0
600;2014-09-12 12:20:00;172602N232;3770;9.381;43;228;227;232;225;5.516;50.00;379.7;5.078;377.0;5.050;0.0;0.000;60;0;0;5.446;5.647;5.457;1234;1307;1226;50.00;50.00;50.00;4459;1000;0.0;0;1.0000;0;0
600;2014-09-12 12:30:00;172602N232;3809;10.015;43;228;226;232;225;5.583;50.02;376.4;5.168;375.0;5.140;0.0;0.000;60;0;0;5.488;5.723;5.540;1238;1327;1243;50.02;50.02;50.02;4459;1000;0.0;0;1.0000;0;0
600;2014-09-12 12:40:00;172602N232;3842;10.656;43;228;226;233;224;5.626;50.00;374.6;5.239;373.2;5.211;0.0;0.000;60;0;0;5.521;5.795;5.563;1244;1349;1246;50.00;50.00;50.00;4459;1000;0.0;0;1.0000;0;0
600;2014-09-12 12:50:00;172602N232;3844;11.296;43;227;226;232;224;5.639;49.99;373.4;5.262;371.5;5.236;0.0;0.000;60;0;0;5.554;5.788;5.577;1253;1341;1248;49.99;49.99;49.99;4459;1000;0.0;0;1.0000;0;0
600;2014-09-12 13:00:00;172602N232;3885;11.944;43;227;226;232;224;5.697;49.99;373.4;5.324;371.1;5.293;0.0;0.000;60;0;0;5.607;5.856;5.628;1265;1358;1260;49.99;49.99;49.99;4459;1000;0.0;0;1.0000;0;0
600;2014-09-12 13:10:00;172602N232;3880;12.590;43;228;227;233;225;5.665;50.00;371.4;5.336;370.1;5.309;0.0;0.000;60;0;0;5.573;5.819;5.603;1261;1355;1261;50.00;50.00;50.00;4459;1000;0.0;0;1.0000;0;0
600;2014-09-12 13:20:00;172602N232;3855;13.233;43;228;228;232;225;5.628;49.99;369.7;5.320;369.2;5.295;0.0;0.000;60;0;0;5.580;5.748;5.556;1268;1334;1250;49.99;49.99;49.99;4459;1000;0.0;0;1.0000;0;0
600;2014-09-12 13:30:00;172602N232;3885;13.881;43;229;228;232;226;5.668;49.99;368.3;5.382;368.3;5.352;0.0;0.000;60;0;0;5.614;5.788;5.603;1278;1343;1262;49.99;49.99;49.99;4459;1000;0.0;0;1.0000;0;0
600;2014-09-12 13:40:00;172602N232;3828;14.519;43;228;228;233;225;5.592;49.98;367.3;5.313;367.6;5.287;0.0;0.000;60;0;0;5.539;5.724;5.514;1259;1330;1237;49.98;49.98;49.98;4459;1000;0.0;0;1.0000;0;0
600;2014-09-12 13:50:00;172602N232;3757;15.145;43;229;228;232;226;5.480;49.99;369.6;5.162;368.9;5.190;0.0;0.000;60;0;0;5.432;5.597;5.413;1238;1298;1220;49.99;49.99;49.99;4459;1000;0.0;0;1.0000;0;0
600;2014-09-12 14:00:00;172602N232;3825;15.783;43;229;227;234;226;5.576;49.99;371.3;5.280;368.2;5.245;0.0;0.000;60;0;0;5.495;5.730;5.504;1246;1336;1240;49.99;49.99;49.99;4459;1000;0.0;0;1.0000;0;0
600;2014-09-12 14:10:00;172602N232;3794;16.415;43;227;226;231;224;5.574;50.00;371.7;5.231;368.4;5.198;0.0;0.000;60;0;0;5.484;5.711;5.528;1236;1318;1238;50.00;50.00;50.00;4459;1000;0.0;0;1.0000;0;0
600;2014-09-12 14:20:00;172602N232;3709;17.034;44;227;226;231;224;5.452;50.00;370.2;5.120;368.9;5.088;0.0;0.000;60;0;0;5.374;5.586;5.397;1211;1290;1206;50.00;50.00;50.00;4459;1000;0.0;0;1.0000;0;0
600;2014-09-12 14:30:00;172602N232;3687;17.648;44;227;226;231;225;5.416;49.99;371.0;5.080;369.7;5.044;0.0;0.000;60;0;0;5.327;5.551;5.371;1199;1282;1204;49.99;49.99;49.99;4459;1000;0.0;0;1.0000;0;0
600;2014-09-12 14:40:00;172602N232;3615;18.251;44;227;226;231;224;5.318;50.01;369.8;4.988;369.6;4.953;0.0;0.000;60;0;0;5.230;5.448;5.278;1178;1256;1179;50.01;50.01;50.01;4459;1000;0.0;0;1.0000;0;0
600;2014-09-12 14:50:00;172602N232;3494;18.834;44;227;226;231;224;5.142;50.00;372.3;4.795;371.0;4.759;0.0;0.000;60;0;0;5.055;5.275;5.098;1138;1216;1138;50.00;50.00;50.00;4459;1000;0.0;0;1.0000;0;0
600;2014-09-12 15:00:00;172602N232;3499;19.417;44;227;226;230;224;5.155;49.99;374.9;4.775;372.1;4.745;0.0;0.000;60;0;0;5.084;5.266;5.115;1144;1209;1143;49.99;49.99;49.99;4459;1000;0.0;0;1.0000;0;0
600;2014-09-12 15:10:00;172602N232;3435;19.990;44;226;225;231;224;5.062;49.99;375.1;4.685;372.2;4.654;0.0;0.000;60;0;0;4.974;5.189;5.025;1117;1194;1122;49.99;49.99;49.99;4459;1000;0.0;0;1.0000;0;0
600;2014-09-12 15:20:00;172602N232;3351;20.547;44;227;225;230;224;4.940;49.99;375.1;4.567;372.8;4.534;0.0;0.000;60;0;0;4.864;5.040;4.917;1094;1157;1099;49.99;49.99;49.99;4459;1000;0.0;0;1.0000;0;0
600;2014-09-12 15:30:00;172602N232;3188;21.080;44;226;225;230;224;4.706;49.99;378.2;4.312;374.6;4.285;0.0;0.000;60;0;0;4.632;4.813;4.674;1039;1104;1043;49.99;49.99;49.99;4459;1000;0.0;0;1.0000;0;0
600;2014-09-12 15:40:00;172602N232;3146;21.604;44;227;226;229;225;4.636;49.99;379.5;4.236;376.5;4.209;0.0;0.000;60;0;0;4.572;4.715;4.622;1029;1079;1036;49.99;49.99;49.99;4459;1000;0.0;0;1.0000;0;0
600;2014-09-12 15:50:00;172602N232;3063;22.115;44;226;224;230;225;4.521;50.00;377.6;4.133;376.6;4.108;0.0;0.000;60;0;0;4.434;4.611;4.520;992;1056;1013;50.00;50.00;50.00;4459;1000;0.0;0;1.0000;0;0
600;2014-09-12 16:00:00;172602N232;2894;22.598;44;225;225;230;221;4.292;49.99;378.7;3.890;378.0;3.865;0.0;0.000;60;0;0;4.241;4.409;4.226;951;1009;931;49.99;49.99;49.99;4459;1000;0.0;0;1.0000;0;0
600;2014-09-12 16:10:00;172602N232;2793;23.064;44;225;225;227;222;4.156;49.98;380.1;3.739;379.2;3.716;0.0;0.000;60;0;0;4.121;4.236;4.111;923;961;908;49.98;49.98;49.98;4459;1000;0.0;0;1.0000;0;0
600;2014-09-12 16:20:00;172602N232;2619;23.501;44;224;224;225;223;3.916;49.97;381.8;3.490;381.1;3.463;0.0;0.000;60;0;0;3.873;3.960;3.917;863;886;868;49.97;49.97;49.97;4459;1000;0.0;0;1.0000;0;0
600;2014-09-12 16:30:00;172602N232;1466;23.745;44;222;223;223;221;2.422;49.97;382.9;1.912;377.8;1.917;0.0;0.000;60;0;0;2.407;2.464;2.397;479;505;480;49.97;49.97;49.97;4459;1000;0.0;0;1.0000;0;0
600;2014-09-12 16:40:00;172602N232;2306;24.129;44;223;223;225;221;3.466;49.99;393.0;2.976;390.8;2.973;0.0;0.000;60;0;0;3.418;3.529;3.451;757;789;759;49.99;49.99;49.99;4459;1000;0.0;0;1.0000;0;0
600;2014-09-12 16:50:00;172602N232;1683;24.410;44;223;224;225;222;2.578;50.01;390.0;2.142;387.0;2.199;0.0;0.000;60;0;0;2.543;2.627;2.566;552;576;553;50.01;50.01;50.01;4459;1000;0.0;0;1.0000;0;0
600;2014-09-12 17:00:00;172602N232;2009;24.746;43;224;225;227;220;3.007;50.00;385.5;2.695;392.5;2.522;0.0;0.000;60;0;0;2.962;3.095;2.966;662;698;648;50.00;50.00;50.00;4459;1000;0.0;0;1.0000;0;0
600;2014-09-12 17:10:00;172602N232;1726;25.034;43;223;225;226;219;2.592;49.99;384.4;2.406;374.7;2.182;0.0;0.000;60;0;0;2.546;2.669;2.561;568;599;557;49.99;49.99;49.99;4459;1000;0.0;0;1.0000;0;0
600;2014-09-12 17:20:00;172602N232;1205;25.234;43;222;224;225;218;1.844;49.99;361.5;1.759;368.1;1.582;0.0;0.000;60;0;0;1.811;1.902;1.819;394;421;388;49.99;49.99;49.99;4459;1000;0.0;0;1.0000;0;0
600;2014-09-12 17:30:00;172602N232;1075;25.413;43;223;224;226;218;1.647;49.99;343.5;1.362;357.6;1.750;0.0;0.000;60;0;0;1.611;1.702;1.630;350;377;347;49.99;49.99;49.99;4459;1000;0.0;0;1.0000;0;0
600;2014-09-12 17:40:00;172602N232;1113;25.599;43;223;223;226;221;1.718;50.02;409.6;1.156;370.9;1.742;0.0;0.000;60;0;0;1.671;1.766;1.717;357;387;367;50.02;50.02;50.02;4459;1000;0.0;0;1.0000;0;0
600;2014-09-12 17:50:00;172602N232;674;25.712;43;223;223;225;222;1.063;50.01;389.6;0.742;380.2;1.019;0.0;0.000;60;0;0;1.021;1.100;1.070;211;235;225;50.01;50.01;50.01;4459;1000;0.0;0;1.0000;0;0
600;2014-09-12 18:00:00;172602N232;634;25.818;42;223;222;225;222;1.038;49.99;385.1;0.769;413.4;0.803;0.0;0.000;60;0;0;1.024;1.070;1.020;198;223;211;49.99;49.99;49.99;4459;1000;0.0;0;1.0000;0;0
600;2014-09-12 18:10:00;172602N232;244;25.858;42;223;222;225;221;1.036;49.98;367.4;0.302;379.3;0.320;0.0;0.000;60;0;0;0.944;1.343;0.821;66;77;99;49.98;49.98;49.98;4459;1000;0.0;0;1.0000;0;0
600;2014-09-12 18:20:00;172602N232;130;25.880;42;223;222;225;221;0.929;49.98;361.2;0.162;366.0;0.168;0.0;0.000;60;0;0;0.779;1.278;0.731;33;21;74;49.98;49.98;49.98;4459;1000;0.0;0;1.0000;0;0
600;2014-09-12 18:30:00;172602N232;106;25.898;41;223;222;224;222;0.898;49.97;364.3;0.126;363.6;0.135;0.0;0.000;60;0;0;0.791;1.190;0.715;29;13;62;49.97;49.97;49.97;4459;1000;0.0;0;1.0000;0;0
600;2014-09-12 18:40:00;172602N232;114;25.917;41;223;222;226;223;0.939;49.98;361.2;0.138;370.3;0.145;0.0;0.000;60;0;0;0.737;1.344;0.737;45;6;63;49.98;49.98;49.98;4459;1000;0.0;0;1.0000;0;0
600;2014-09-12 18:50:00;172602N232;90;25.932;40;223;222;226;223;0.940;49.99;353.2;0.108;365.7;0.113;0.0;0.000;60;0;0;0.731;1.366;0.723;38;3;58;49.99;49.99;49.99;4459;1000;0.0;0;1.0000;0;0
600;2014-09-12 19:00:00;172602N232;45;25.940;40;224;222;226;223;0.667;49.98;335.9;0.047;348.2;0.052;0.0;0.000;60;0;0;0.549;0.979;0.474;29;0;32;49.98;49.98;49.98;4459;1000;0.0;0;1.0000;0;0
600;2014-09-12 19:10:00;172602N232;29;25.945;39;223;222;225;223;0.503;49.97;308.5;0.026;329.9;0.030;0.0;0.000;60;0;0;0.451;0.679;0.380;17;0;22;49.97;49.97;49.97;4459;1000;0.0;0;1.0000;0;0
600;2014-09-12 19:20:00;172602N232;4;25.946;39;223;220;227;221;0.200;49.97;253.9;0.000;259.1;0.002;0.0;0.000;60;0;0;0.146;0.319;0.137;4;0;8;49.97;49.97;49.97;4459;1000;0.0;0;1.0000;0;0
600;2014-09-12 19:30:00;172602N232;0;25.946;38;223;220;226;222;0.001;49.96;258.4;0.000;258.4;0.000;0.0;0.000;50;0;0;0.000;0.005;0.000;0;0;0;49.96;49.96;49.96;4459;1000;0.0;0;1.0000;0;0
600;2014-09-12 19:40:00;172602N232;0;25.946;36;223;221;227;221;0.000;49.99;229.4;0.000;230.4;0.000;0.0;0.000;50;0;0;0.000;0.000;0.000;0;0;0;49.99;49.99;49.99;4459;1000;0.0;0;1.0000;0;0
600;2014-09-12 19:50:00;172602N232;0;25.946;36;222;221;225;220;0.000;50.01;227.8;0.000;228.7;0.000;0.0;0.000;50;0;0;0.000;0.000;0.000;0;0;0;50.01;50.01;50.01;4459;1000;0.0;0;1.0000;0;0
[wr_ende]
