20160723;230001;172602N232;My Plant;+0100
[wr_def_start]
172602N232;Inverter Type;Inverter Group;72602N232      
[wr_def_end]
[wr]
INTERVAL;TIMESTAMP;SERIAL;P_AC;E_DAY;T_WR;U_AC;U_AC_1;U_AC_2;U_AC_3;I_AC;F_AC;U_DC_1;I_DC_1;U_DC_2;I_DC_2;U_DC_3;I_DC_3;S;E_WR;M_WR;I_AC_1;I_AC_2;I_AC_3;P_AC_1;P_AC_2;P_AC_3;F_AC_1;F_AC_2;F_AC_3;R_DC;PC;PCS;PCS_LL;COS_PHI;COS_PHI_LL;S_COS_PHI
600;2016-07-23 04:20:00;172602N232;0;0.000;1;7;7;7;7;0.000;1.62;7.3;0.000;7.4;0.000;0.0;0.000;50;0;0;0.000;0.000;0.000;0;0;0;1.61;1.61;1.61;123;1000;0.0;0;1.0000;0;0
600;2016-07-23 04:30:00;172602N232;0;0.000;30;225;225;228;222;0.000;49.99;227.7;0.000;228.6;0.000;0.0;0.000;50;0;0;0.000;0.000;0.000;0;0;0;49.99;49.99;49.99;0;1000;0.0;0;1.0000;0;0
600;2016-07-23 04:40:00;172602N232;0;0.000;31;225;226;228;222;0.000;49.99;228.3;0.000;229.2;0.000;0.0;0.000;50;0;0;0.000;0.000;0.000;0;0;0;49.99;49.99;49.99;0;1000;0.0;0;1.0000;0;0
600;2016-07-23 04:50:00;172602N232;0;0.000;31;225;225;228;223;0.000;49.99;229.6;0.000;230.5;0.000;0.0;0.000;50;0;0;0.000;0.000;0.000;0;0;0;49.99;49.99;49.99;0;1000;0.0;0;1.0000;0;0
600;2016-07-23 05:00:00;172602N232;0;0.000;32;225;225;228;223;0.000;50.01;242.8;0.000;243.7;0.000;0.0;0.000;50;0;0;0.000;0.000;0.000;0;0;0;50.01;50.01;50.01;0;1000;0.0;0;1.0000;0;0
600;2016-07-23 05:10:00;172602N232;0;0.000;32;226;225;228;223;0.031;50.02;273.0;0.000;272.6;0.000;0.0;0.000;60;0;0;0.032;0.037;0.026;0;0;1;50.02;50.02;50.02;1386;1000;0.0;0;1.0000;0;0
600;2016-07-23 05:20:00;172602N232;16;0.002;32;226;226;227;225;0.391;50.01;285.2;0.009;296.3;0.012;0.0;0.000;60;0;0;0.448;0.453;0.273;4;2;15;50.01;50.01;50.01;3213;1000;0.0;0;1.0000;0;0
600;2016-07-23 05:30:00;172602N232;32;0.008;32;225;225;226;225;0.596;50.00;325.8;0.028;341.4;0.029;0.0;0.000;60;0;0;0.613;0.751;0.426;6;0;26;50.00;50.00;50.00;3213;1000;0.0;0;1.0000;0;0
600;2016-07-23 05:40:00;172602N232;41;0.014;33;225;225;226;224;0.589;49.99;342.7;0.039;354.9;0.039;0.0;0.000;60;0;0;0.580;0.763;0.425;7;4;29;49.99;49.99;49.99;3213;1000;0.0;0;1.0000;0;0
600;2016-07-23 05:50:00;172602N232;37;0.021;33;225;224;226;224;0.607;50.00;334.8;0.034;350.3;0.035;0.0;0.000;60;0;0;0.572;0.793;0.456;13;0;30;50.00;50.00;50.00;3213;1000;0.0;0;1.0000;0;0
600;2016-07-23 06:00:00;172602N232;37;0.027;33;225;224;226;224;0.548;49.99;335.2;0.035;348.8;0.035;0.0;0.000;60;0;0;0.554;0.695;0.397;9;2;26;49.99;49.99;49.99;3213;1000;0.0;0;1.0000;0;0
600;2016-07-23 06:10:00;172602N232;54;0.037;34;224;224;226;224;0.697;49.99;351.1;0.058;358.5;0.056;0.0;0.000;60;0;0;0.665;0.887;0.540;9;6;39;49.99;49.99;49.99;3213;1000;0.0;0;1.0000;0;0
600;2016-07-23 06:20:00;172602N232;171;0.065;34;224;224;225;223;0.958;50.01;386.4;0.205;392.2;0.199;0.0;0.000;60;0;0;0.947;1.176;0.753;44;55;70;50.01;50.01;50.01;3213;1000;0.0;0;1.0000;0;0
600;2016-07-23 06:30:00;172602N232;337;0.121;34;224;224;226;223;1.107;50.01;399.9;0.410;407.6;0.397;0.0;0.000;60;0;0;1.185;1.154;0.983;102;118;116;50.01;50.01;50.01;3213;1000;0.0;0;1.0000;0;0
600;2016-07-23 06:40:00;172602N232;235;0.161;35;223;223;225;222;1.059;49.99;391.2;0.294;395.3;0.272;0.0;0.000;60;0;0;1.019;1.293;0.865;58;83;92;49.99;49.99;49.99;3213;1000;0.0;0;1.0000;0;0
600;2016-07-23 06:50:00;172602N232;157;0.187;35;223;223;224;222;0.967;50.00;389.2;0.187;389.2;0.182;0.0;0.000;60;0;0;0.890;1.219;0.793;23;49;84;50.00;50.00;50.00;3213;1000;0.0;0;1.0000;0;0
600;2016-07-23 07:00:00;172602N232;157;0.214;35;223;223;224;222;0.950;49.99;375.3;0.193;388.4;0.186;0.0;0.000;60;0;0;0.903;1.156;0.792;21;51;83;49.99;49.99;49.99;3213;1000;0.0;0;1.0000;0;0
600;2016-07-23 07:10:00;172602N232;176;0.243;35;223;223;224;222;0.964;49.98;381.7;0.215;390.3;0.209;0.0;0.000;60;0;0;0.960;1.191;0.741;32;65;78;49.98;49.98;49.98;3213;1000;0.0;0;1.0000;0;0
600;2016-07-23 07:20:00;172602N232;254;0.285;36;222;222;223;221;1.087;49.99;389.7;0.312;399.4;0.300;0.0;0.000;60;0;0;1.192;1.251;0.820;66;99;87;49.99;49.99;49.99;3213;1000;0.0;0;1.0000;0;0
600;2016-07-23 07:30:00;172602N232;285;0.333;36;222;222;223;221;1.102;50.00;397.5;0.347;400.4;0.337;0.0;0.000;60;0;0;1.174;1.224;0.908;78;110;95;50.00;50.00;50.00;3213;1000;0.0;0;1.0000;0;0
600;2016-07-23 07:40:00;172602N232;466;0.411;36;222;222;223;221;1.011;50.00;393.9;0.579;403.9;0.569;0.0;0.000;60;0;0;0.967;1.077;0.990;141;163;161;50.00;50.00;50.00;3213;1000;0.0;0;1.0000;0;0
600;2016-07-23 07:50:00;172602N232;560;0.504;36;222;223;223;220;0.918;49.99;398.4;0.699;413.5;0.664;0.0;0.000;60;0;0;0.873;0.957;0.925;173;196;189;49.99;49.99;49.99;3213;1000;0.0;0;1.0000;0;0
600;2016-07-23 08:00:00;172602N232;307;0.557;37;225;225;226;224;1.162;50.00;393.4;0.381;404.2;0.361;0.0;0.000;60;0;0;1.235;1.250;1.001;86;110;108;50.00;50.00;50.00;3213;1000;0.0;0;1.0000;0;0
600;2016-07-23 08:10:00;172602N232;227;0.594;37;225;224;227;224;0.998;49.99;398.1;0.274;397.6;0.263;0.0;0.000;60;0;0;1.034;1.195;0.766;90;58;77;49.99;49.99;49.99;3213;1000;0.0;0;1.0000;0;0
600;2016-07-23 08:20:00;172602N232;391;0.659;37;225;224;228;223;1.125;49.99;393.5;0.490;407.6;0.462;0.0;0.000;60;0;0;1.082;1.263;1.031;121;131;137;49.99;49.99;49.99;3213;1000;0.0;0;1.0000;0;0
600;2016-07-23 08:30:00;172602N232;667;0.771;38;225;225;228;223;1.025;50.00;414.5;0.815;418.3;0.770;0.0;0.000;60;0;0;0.966;1.074;1.035;207;235;223;50.00;50.00;50.00;3213;1000;0.0;0;1.0000;0;0
600;2016-07-23 08:40:00;172602N232;1191;0.969;38;226;225;229;224;1.811;50.00;416.1;1.518;412.4;1.362;0.0;0.000;60;0;0;1.750;1.883;1.801;379;417;393;50.00;50.00;50.00;3213;1000;0.0;0;1.0000;0;0
600;2016-07-23 08:50:00;172602N232;1436;1.208;38;226;224;230;224;2.158;49.99;414.6;1.852;410.1;1.646;0.0;0.000;60;0;0;2.076;2.249;2.150;456;503;475;49.99;49.99;49.99;3213;1000;0.0;0;1.0000;0;0
600;2016-07-23 09:00:00;172602N232;2141;1.565;39;226;225;230;224;3.176;50.00;400.8;3.382;416.9;1.927;0.0;0.000;60;0;0;3.111;3.258;3.159;695;743;702;50.00;50.00;50.00;3213;1000;0.0;0;1.0000;0;0
600;2016-07-23 09:10:00;172602N232;2416;1.968;39;227;226;230;225;3.574;50.00;389.5;4.318;414.7;1.829;0.0;0.000;60;0;0;3.507;3.663;3.552;784;838;791;50.00;50.00;50.00;3213;1000;0.0;0;1.0000;0;0
600;2016-07-23 09:20:00;172602N232;2401;2.370;40;227;226;230;224;3.556;50.00;382.0;4.413;426.6;1.726;0.0;0.000;60;0;0;3.495;3.636;3.538;782;830;788;50.00;50.00;50.00;3213;1000;0.0;0;1.0000;0;0
600;2016-07-23 09:30:00;172602N232;1839;2.676;41;224;222;228;223;2.745;50.00;385.9;2.864;399.0;1.888;0.0;0.000;60;0;0;2.653;2.826;2.756;585;641;611;50.00;50.00;50.00;3213;1000;0.0;0;1.0000;0;0
600;2016-07-23 09:40:00;172602N232;1819;2.979;41;224;223;226;223;2.720;49.99;396.4;2.476;406.3;2.093;0.0;0.000;60;0;0;2.658;2.780;2.724;589;624;604;49.99;49.99;49.99;3213;1000;0.0;0;1.0000;0;0
600;2016-07-23 09:50:00;172602N232;2202;3.346;41;225;224;226;224;3.286;50.00;390.1;3.270;385.8;2.482;0.0;0.000;60;0;0;3.221;3.343;3.294;715;752;733;50.00;50.00;50.00;3213;1000;0.0;0;1.0000;0;0
600;2016-07-23 10:00:00;172602N232;1212;3.547;42;224;223;225;223;1.851;49.99;396.6;1.661;398.5;1.397;0.0;0.000;60;0;0;1.808;1.882;1.865;391;414;405;49.99;49.99;49.99;3213;1000;0.0;0;1.0000;0;0
600;2016-07-23 10:10:00;172602N232;1010;3.716;42;223;223;224;223;1.531;49.99;400.5;1.350;405.5;1.154;0.0;0.000;60;0;0;1.477;1.565;1.553;322;346;340;49.99;49.99;49.99;3213;1000;0.0;0;1.0000;0;0
600;2016-07-23 10:20:00;172602N232;901;3.868;42;223;222;225;222;1.381;50.00;398.9;1.197;406.6;1.033;0.0;0.000;60;0;0;1.322;1.422;1.401;283;313;303;50.00;50.00;50.00;3213;1000;0.0;0;1.0000;0;0
600;2016-07-23 10:30:00;172602N232;755;3.993;42;223;223;225;222;1.308;50.00;401.5;0.983;404.8;0.876;0.0;0.000;60;0;0;1.383;1.261;1.280;242;255;256;50.00;50.00;50.00;3213;1000;0.0;0;1.0000;0;0
600;2016-07-23 10:40:00;172602N232;743;4.117;42;223;223;225;222;1.165;50.00;402.3;0.961;406.5;0.864;0.0;0.000;60;0;0;1.122;1.196;1.177;234;258;250;50.00;49.99;50.00;3213;1000;0.0;0;1.0000;0;0
600;2016-07-23 10:50:00;172602N232;967;4.278;42;223;223;225;222;1.471;50.00;407.6;1.220;411.1;1.135;0.0;0.000;60;0;0;1.416;1.511;1.486;308;334;322;50.00;50.00;50.00;3213;1000;0.0;0;1.0000;0;0
600;2016-07-23 11:00:00;172602N232;1650;4.553;42;224;222;226;223;2.497;50.00;406.8;2.088;410.4;1.974;0.0;0.000;60;0;0;2.432;2.547;2.512;529;568;551;50.00;50.00;50.00;3213;1000;0.0;0;1.0000;0;0
600;2016-07-23 11:10:00;172602N232;2854;5.028;42;225;223;228;224;4.250;49.99;394.8;3.731;402.8;3.545;0.0;0.000;60;0;0;4.155;4.340;4.255;918;987;947;49.99;49.99;49.99;3213;1000;0.0;0;1.0000;0;0
600;2016-07-23 11:20:00;172602N232;2025;5.367;43;225;223;228;223;3.027;49.99;389.8;2.708;397.2;2.487;0.0;0.000;60;0;0;2.952;3.105;3.025;652;702;670;49.99;49.99;49.99;3213;1000;0.0;0;1.0000;0;0
600;2016-07-23 11:30:00;172602N232;1681;5.647;43;224;223;227;223;2.514;50.00;399.0;2.177;403.6;2.036;0.0;0.000;60;0;0;2.434;2.586;2.524;537;583;558;50.00;50.00;50.00;3213;1000;0.0;0;1.0000;0;0
600;2016-07-23 11:40:00;172602N232;1844;5.955;43;224;223;228;223;2.761;49.99;401.3;2.356;401.4;2.269;0.0;0.000;60;0;0;2.687;2.841;2.757;592;641;608;49.99;49.99;49.99;3213;1000;0.0;0;1.0000;0;0
600;2016-07-23 11:50:00;172602N232;1915;6.273;43;225;224;228;223;2.863;50.00;397.4;2.502;403.2;2.316;0.0;0.000;60;0;0;2.793;2.941;2.855;617;664;632;50.00;50.00;50.00;3213;1000;0.0;0;1.0000;0;0
600;2016-07-23 12:00:00;172602N232;2187;6.639;43;225;224;229;223;3.268;49.99;391.3;2.926;403.0;2.636;0.0;0.000;60;0;0;3.204;3.356;3.245;708;761;716;49.99;49.99;49.99;3213;1000;0.0;0;1.0000;0;0
600;2016-07-23 12:10:00;172602N232;2338;7.028;43;226;224;229;224;3.482;50.00;390.4;3.125;400.5;2.852;0.0;0.000;60;0;0;3.400;3.566;3.481;752;811;773;50.00;50.00;50.00;3213;1000;0.0;0;1.0000;0;0
600;2016-07-23 12:20:00;172602N232;2375;7.424;43;225;223;229;224;3.542;49.99;385.0;3.205;395.9;2.943;0.0;0.000;60;0;0;3.454;3.632;3.541;761;827;786;49.99;49.99;49.99;3213;1000;0.0;0;1.0000;0;0
600;2016-07-23 12:30:00;172602N232;2039;7.765;43;225;223;228;224;3.052;49.98;389.8;2.723;399.6;2.487;0.0;0.000;60;0;0;2.971;3.131;3.055;653;707;676;49.98;49.98;49.98;3213;1000;0.0;0;1.0000;0;0
600;2016-07-23 12:40:00;172602N232;2489;8.181;44;226;224;229;224;3.706;50.01;388.0;3.305;394.2;3.129;0.0;0.000;60;0;0;3.626;3.783;3.711;803;859;824;50.01;50.01;50.01;3213;1000;0.0;0;1.0000;0;0
600;2016-07-23 12:50:00;172602N232;2221;8.550;44;225;224;228;224;3.315;50.00;387.7;2.957;394.6;2.779;0.0;0.000;60;0;0;3.242;3.380;3.324;717;764;738;50.00;50.00;50.00;3213;1000;0.0;0;1.0000;0;0
600;2016-07-23 13:00:00;172602N232;2215;8.920;44;225;224;228;224;3.308;50.00;386.2;2.969;395.6;2.760;0.0;0.000;60;0;0;3.240;3.376;3.308;716;763;734;50.00;50.00;50.00;3213;1000;0.0;0;1.0000;0;0
600;2016-07-23 13:10:00;172602N232;2783;9.384;44;226;224;229;225;4.136;50.00;382.3;3.747;389.4;3.565;0.0;0.000;60;0;0;4.057;4.220;4.132;900;960;921;50.00;50.00;50.00;3213;1000;0.0;0;1.0000;0;0
600;2016-07-23 13:20:00;172602N232;3032;9.889;44;226;224;230;225;4.491;50.01;376.8;4.143;381.2;3.973;0.0;0.000;60;0;0;4.395;4.608;4.470;977;1056;997;50.01;50.01;50.01;3213;1000;0.0;0;1.0000;0;0
600;2016-07-23 13:30:00;172602N232;2443;10.296;44;226;224;229;224;3.638;49.98;381.4;3.289;383.0;3.182;0.0;0.000;60;0;0;3.564;3.726;3.626;788;846;806;49.98;49.98;49.98;3213;1000;0.0;0;1.0000;0;0
600;2016-07-23 13:40:00;172602N232;4181;10.994;44;227;226;231;224;6.137;49.99;377.5;5.680;377.3;5.618;0.0;0.000;60;0;0;6.053;6.315;6.045;1365;1461;1353;49.99;49.99;49.99;3213;1000;0.0;0;1.0000;0;0
600;2016-07-23 13:50:00;172602N232;4459;11.736;45;227;226;231;225;6.540;50.00;358.4;6.403;358.0;6.297;0.0;0.000;60;0;0;6.457;6.709;6.456;1458;1551;1448;50.00;50.00;50.00;3213;1000;0.0;0;1.0000;0;0
600;2016-07-23 14:00:00;172602N232;3894;12.385;45;226;225;229;225;5.746;50.00;358.7;5.528;356.8;5.558;0.0;0.000;60;0;0;5.667;5.865;5.706;1272;1343;1277;50.00;50.00;50.00;3213;1000;0.0;0;1.0000;0;0
600;2016-07-23 14:10:00;172602N232;3975;13.048;45;226;225;230;224;5.867;50.02;361.3;5.646;359.6;5.590;0.0;0.000;60;0;0;5.761;6.015;5.825;1288;1381;1303;50.02;50.02;50.02;3213;1000;0.0;0;1.0000;0;0
600;2016-07-23 14:20:00;172602N232;2696;13.497;45;225;222;229;224;4.015;50.01;368.7;3.723;365.0;3.748;0.0;0.000;60;0;0;3.903;4.121;4.022;860;938;895;50.01;50.01;50.01;3213;1000;0.0;0;1.0000;0;0
600;2016-07-23 14:30:00;172602N232;2059;13.841;45;225;222;229;224;3.079;49.99;387.2;2.707;376.9;2.741;0.0;0.000;60;0;0;2.983;3.163;3.092;653;718;685;49.99;49.99;49.99;3213;1000;0.0;0;1.0000;0;0
600;2016-07-23 14:40:00;172602N232;2326;14.229;45;225;223;228;225;3.463;50.00;391.7;2.972;380.7;3.133;0.0;0.000;60;0;0;3.368;3.544;3.477;744;806;775;50.00;50.00;50.00;3213;1000;0.0;0;1.0000;0;0
600;2016-07-23 14:50:00;172602N232;2738;14.685;45;224;226;231;216;4.069;50.00;380.5;3.697;370.7;3.729;0.0;0.000;60;0;0;4.006;4.281;3.921;899;991;846;50.00;50.00;50.00;3213;1000;0.0;0;1.0000;0;0
600;2016-07-23 15:00:00;172602N232;1433;14.924;45;222;226;228;213;2.166;49.99;393.8;1.822;379.4;1.910;0.0;0.000;60;0;0;2.137;2.286;2.077;477;516;438;49.99;49.99;49.99;3213;1000;0.0;0;1.0000;0;0
600;2016-07-23 15:10:00;172602N232;1679;15.203;44;223;227;228;214;2.522;49.98;399.2;2.107;385.0;2.206;0.0;0.000;60;0;0;2.502;2.653;2.412;563;600;514;49.98;49.98;49.98;3213;1000;0.0;0;1.0000;0;0
600;2016-07-23 15:20:00;172602N232;3963;15.865;44;226;228;234;215;5.845;50.01;377.8;5.404;376.2;5.311;0.0;0.000;60;0;0;5.811;6.180;5.544;1325;1445;1191;50.01;50.01;50.01;3213;1000;0.0;0;1.0000;0;0
600;2016-07-23 15:30:00;172602N232;4066;16.543;44;226;228;234;215;5.994;50.00;367.1;5.697;365.4;5.619;0.0;0.000;60;0;0;5.953;6.338;5.691;1357;1484;1223;50.00;50.00;50.00;3213;1000;0.0;0;1.0000;0;0
600;2016-07-23 15:40:00;172602N232;4499;17.294;45;226;228;235;215;6.629;49.99;356.0;6.482;353.7;6.457;0.0;0.000;60;0;0;6.582;7.016;6.290;1500;1646;1351;49.99;49.99;49.99;3213;1000;0.0;0;1.0000;0;0
600;2016-07-23 15:50:00;172602N232;4353;18.017;45;226;229;234;215;6.420;50.00;351.9;6.347;349.5;6.311;0.0;0.000;60;0;0;6.408;6.777;6.075;1467;1583;1301;50.00;50.00;50.00;3213;1000;0.0;0;1.0000;0;0
600;2016-07-23 16:00:00;172602N232;3997;18.685;46;225;230;233;212;5.918;49.99;360.9;5.644;351.0;5.802;0.0;0.000;60;0;0;5.933;6.256;5.566;1359;1457;1180;49.99;49.99;49.99;3213;1000;0.0;0;1.0000;0;0
600;2016-07-23 16:10:00;172602N232;3598;19.285;46;226;227;230;221;5.320;49.99;359.6;5.031;356.9;5.189;0.0;0.000;60;0;0;5.269;5.493;5.200;1189;1263;1144;49.99;49.99;49.99;3213;1000;0.0;0;1.0000;0;0
600;2016-07-23 16:20:00;172602N232;3401;19.853;46;226;226;230;223;5.025;50.01;353.5;4.842;360.2;4.847;0.0;0.000;60;0;0;4.948;5.154;4.973;1110;1183;1105;50.01;50.01;50.01;3213;1000;0.0;0;1.0000;0;0
600;2016-07-23 16:30:00;172602N232;3306;20.403;46;227;226;231;224;4.877;50.01;355.5;4.676;362.4;4.685;0.0;0.000;60;0;0;4.793;4.993;4.845;1076;1147;1081;50.01;50.01;50.01;3213;1000;0.0;0;1.0000;0;0
600;2016-07-23 16:40:00;172602N232;3223;20.940;46;226;225;230;223;4.772;50.00;357.6;4.532;364.5;4.536;0.0;0.000;60;0;0;4.691;4.881;4.746;1049;1118;1055;50.00;50.00;50.00;3213;1000;0.0;0;1.0000;0;0
600;2016-07-23 16:50:00;172602N232;1738;21.230;46;224;223;227;223;2.607;49.99;363.0;2.396;363.1;2.435;0.0;0.000;60;0;0;2.531;2.677;2.615;557;603;576;49.99;49.99;49.99;3213;1000;0.0;0;1.0000;0;0
600;2016-07-23 17:00:00;172602N232;708;21.348;46;223;222;225;222;1.125;49.99;365.5;0.947;372.6;0.966;0.0;0.000;60;0;0;1.067;1.158;1.150;220;246;239;49.99;49.99;49.99;3213;1000;0.0;0;1.0000;0;0
600;2016-07-23 17:10:00;172602N232;1719;21.634;45;223;223;226;221;2.589;49.99;383.4;2.194;387.5;2.281;0.0;0.000;60;0;0;2.540;2.651;2.578;560;593;564;49.99;49.99;49.99;3213;1000;0.0;0;1.0000;0;0
600;2016-07-23 17:20:00;172602N232;550;21.726;45;223;224;224;221;1.146;49.99;379.3;0.703;375.5;0.740;0.0;0.000;60;0;0;1.191;1.167;1.081;178;192;177;49.99;49.99;49.99;3213;1000;0.0;0;1.0000;0;0
600;2016-07-23 17:30:00;172602N232;1489;21.975;44;225;224;226;223;2.251;50.00;374.1;1.947;392.6;1.934;0.0;0.000;60;0;0;2.207;2.294;2.254;482;511;493;50.00;50.00;50.00;3213;1000;0.0;0;1.0000;0;0
600;2016-07-23 17:40:00;172602N232;2201;22.342;44;225;225;229;223;3.273;49.99;369.4;2.959;399.2;2.830;0.0;0.000;60;0;0;3.212;3.353;3.254;716;762;720;49.99;49.99;49.99;3213;1000;0.0;0;1.0000;0;0
600;2016-07-23 17:50:00;172602N232;2164;22.703;44;225;224;229;222;3.222;49.99;366.3;2.958;391.5;2.818;0.0;0.000;60;0;0;3.163;3.308;3.195;705;752;706;49.99;49.99;49.99;3213;1000;0.0;0;1.0000;0;0
600;2016-07-23 18:00:00;172602N232;1126;22.891;45;224;224;227;222;1.704;49.99;365.5;1.523;377.7;1.530;0.0;0.000;60;0;0;1.651;1.757;1.706;361;392;372;49.99;49.99;49.99;3213;1000;0.0;0;1.0000;0;0
600;2016-07-23 18:10:00;172602N232;1047;23.065;44;225;224;227;223;1.587;49.99;372.0;1.370;380.2;1.421;0.0;0.000;60;0;0;1.527;1.646;1.588;333;366;346;49.99;49.99;49.99;3213;1000;0.0;0;1.0000;0;0
600;2016-07-23 18:20:00;172602N232;529;23.153;44;224;224;226;223;0.849;50.00;374.4;0.696;382.1;0.692;0.0;0.000;60;0;0;0.799;0.890;0.859;162;187;179;50.00;50.00;50.00;3213;1000;0.0;0;1.0000;0;0
600;2016-07-23 18:30:00;172602N232;802;23.288;44;224;224;226;223;1.336;50.01;384.0;1.034;387.3;1.052;0.0;0.000;60;0;0;1.324;1.371;1.314;255;279;266;50.01;50.01;50.01;3213;1000;0.0;0;1.0000;0;0
600;2016-07-23 18:40:00;172602N232;1250;23.496;44;225;225;227;223;1.873;50.00;369.1;1.649;385.3;1.690;0.0;0.000;60;0;0;1.825;1.928;1.868;404;434;411;50.00;50.00;50.00;3213;1000;0.0;0;1.0000;0;0
600;2016-07-23 18:50:00;172602N232;678;23.609;44;225;225;227;222;1.099;49.99;394.3;0.803;383.5;0.938;0.0;0.000;60;0;0;1.132;1.101;1.064;220;235;221;49.99;49.99;49.99;3213;1000;0.0;0;1.0000;0;0
600;2016-07-23 19:00:00;172602N232;924;23.764;44;225;225;228;223;1.396;50.00;343.5;1.273;380.6;1.293;0.0;0.000;60;0;0;1.337;1.448;1.403;292;324;306;50.00;50.00;50.00;3213;1000;0.0;0;1.0000;0;0
600;2016-07-23 19:10:00;172602N232;586;23.861;44;225;225;227;223;0.918;50.01;352.6;0.772;377.9;0.824;0.0;0.000;60;0;0;0.863;0.966;0.927;180;208;196;50.01;50.01;50.01;3213;1000;0.0;0;1.0000;0;0
600;2016-07-23 19:20:00;172602N232;508;23.947;44;225;225;227;223;1.073;49.98;337.4;0.694;380.9;0.718;0.0;0.000;60;0;0;1.017;1.165;1.038;151;174;180;49.98;49.98;49.98;3213;1000;0.0;0;1.0000;0;0
600;2016-07-23 19:30:00;172602N232;539;24.035;44;225;225;226;223;0.837;49.99;315.7;0.747;382.1;0.792;0.0;0.000;60;0;0;0.785;0.880;0.848;166;190;180;49.99;49.99;49.99;3213;1000;0.0;0;1.0000;0;0
600;2016-07-23 19:40:00;172602N232;413;24.104;44;224;224;226;222;0.677;50.00;289.6;0.595;374.8;0.642;0.0;0.000;60;0;0;0.627;0.716;0.688;125;148;139;50.00;50.00;50.00;3213;1000;0.0;0;1.0000;0;0
600;2016-07-23 19:50:00;172602N232;305;24.156;44;225;225;226;223;1.142;49.99;263.8;0.420;371.9;0.519;0.0;0.000;60;0;0;1.215;1.200;1.011;85;110;108;49.99;49.99;49.99;3213;1000;0.0;0;1.0000;0;0
600;2016-07-23 20:00:00;172602N232;251;24.198;44;227;227;229;226;1.103;49.99;375.9;0.260;359.4;0.399;0.0;0.000;60;0;0;1.185;1.295;0.829;68;90;92;49.99;49.99;49.99;3213;1000;0.0;0;1.0000;0;0
600;2016-07-23 20:10:00;172602N232;164;24.226;43;227;227;230;226;1.001;49.99;368.2;0.193;359.2;0.228;0.0;0.000;60;0;0;1.026;1.238;0.741;48;36;77;49.99;49.99;49.99;3213;1000;0.0;0;1.0000;0;0
600;2016-07-23 20:20:00;172602N232;126;24.246;43;227;227;229;226;0.951;49.98;369.7;0.143;377.5;0.159;0.0;0.000;60;0;0;1.057;1.082;0.716;30;24;69;49.98;49.98;49.98;3213;1000;0.0;0;1.0000;0;0
600;2016-07-23 20:30:00;172602N232;67;24.259;43;228;228;229;226;0.944;49.99;347.0;0.073;360.0;0.085;0.0;0.000;60;0;0;1.064;1.042;0.726;1;13;54;49.99;49.99;49.99;3213;1000;0.0;0;1.0000;0;0
600;2016-07-23 20:40:00;172602N232;37;24.265;42;228;228;228;227;0.782;50.00;321.0;0.035;342.9;0.042;0.0;0.000;60;0;0;0.952;0.776;0.620;0;18;36;50.00;50.00;50.00;3213;1000;0.0;0;1.0000;0;0
600;2016-07-23 20:50:00;172602N232;18;24.268;42;227;228;228;226;0.396;50.00;279.8;0.011;292.5;0.015;0.0;0.000;60;0;0;0.456;0.432;0.302;1;12;17;50.00;50.00;50.00;3213;1000;0.0;0;1.0000;0;0
600;2016-07-23 21:00:00;172602N232;2;24.269;41;227;227;230;226;0.117;50.00;251.4;0.000;252.6;0.000;0.0;0.000;60;0;0;0.107;0.169;0.077;2;0;4;50.00;50.00;50.00;3213;1000;0.0;0;1.0000;0;0
600;2016-07-23 21:10:00;172602N232;0;24.269;40;228;226;231;226;0.000;50.00;261.0;0.000;260.9;0.000;0.0;0.000;50;0;0;0.000;0.002;0.000;0;0;0;50.00;50.00;50.00;3213;1000;0.0;0;1.0000;0;0
600;2016-07-23 21:20:00;172602N232;0;24.269;39;227;226;229;226;0.000;50.00;229.5;0.000;230.4;0.000;0.0;0.000;50;0;0;0.000;0.000;0.000;0;0;0;50.00;50.00;50.00;3213;1000;0.0;0;1.0000;0;0
600;2016-07-23 21:30:00;172602N232;0;24.269;38;227;227;230;225;0.000;49.98;227.8;0.000;228.8;0.000;0.0;0.000;50;0;0;0.000;0.000;0.000;0;0;0;49.98;49.98;49.98;3213;1000;0.0;0;1.0000;0;0
[wr_ende]
